0 1 0.46207
0 0.875 0.370714
0.125 0.875 0.27717
0.125 1 0.376779
0 1 0.46207
0 0.875 0.370714
0 0.75 0.284984
0.125 0.75 0.182558
0.125 0.875 0.27717
0 0.875 0.370714
0.125 1 0.376779
0.125 0.875 0.27717
0.25 0.875 0.200831
0.25 1 0.304701
0.125 1 0.376779
0.125 0.875 0.27717
0.125 0.8125 0.228946
0.1875 0.8125 0.187755
0.1875 0.875 0.237908
0.125 0.875 0.27717
0.125 0.8125 0.228946
0.125 0.75 0.182558
0.1875 0.75 0.138301
0.1875 0.8125 0.187755
0.125 0.8125 0.228946
0.1875 0.875 0.237908
0.1875 0.8125 0.187755
0.25 0.8125 0.149899
0.25 0.875 0.200831
0.1875 0.875 0.237908
0.1875 0.8125 0.187755
0.1875 0.75 0.138301
0.25 0.75 0.0993857
0.25 0.8125 0.149899
0.1875 0.8125 0.187755
0 0.75 0.284984
0 0.6875 0.250258
0.0625 0.6875 0.193083
0.0625 0.75 0.231344
0 0.75 0.284984
0 0.6875 0.250258
0 0.625 0.221909
0.0625 0.625 0.161215
0.0625 0.6875 0.193083
0 0.6875 0.250258
0.0625 0.75 0.231344
0.0625 0.6875 0.193083
0.125 0.6875 0.139307
0.125 0.75 0.182558
0.0625 0.75 0.231344
0.0625 0.6875 0.193083
0.0625 0.625 0.161215
0.125 0.625 0.103415
0.125 0.6875 0.139307
0.0625 0.6875 0.193083
0 0.625 0.221909
0 0.5625 0.202636
0.0625 0.5625 0.14017
0.0625 0.625 0.161215
0 0.625 0.221909
0 0.5625 0.202636
0 0.5 0.199428
0.0625 0.5 0.137188
0.0625 0.5625 0.14017
0 0.5625 0.202636
0.0625 0.625 0.161215
0.0625 0.59375 0.149235
0.09375 0.59375 0.119077
0.09375 0.625 0.132111
0.0625 0.625 0.161215
0.0625 0.59375 0.149235
0.0625 0.5625 0.14017
0.09375 0.5625 0.109194
0.09375 0.59375 0.119077
0.0625 0.59375 0.149235
0.09375 0.625 0.132111
0.09375 0.59375 0.119077
0.125 0.59375 0.0890999
0.125 0.625 0.103415
0.09375 0.625 0.132111
0.09375 0.59375 0.119077
0.09375 0.5625 0.109194
0.125 0.5625 0.0782141
0.125 0.59375 0.0890999
0.09375 0.59375 0.119077
0.0625 0.5625 0.14017
0.0625 0.53125 0.134618
0.09375 0.53125 0.103373
0.09375 0.5625 0.109194
0.0625 0.5625 0.14017
0.0625 0.53125 0.134618
0.0625 0.5 0.137188
0.09375 0.5 0.106418
0.09375 0.53125 0.103373
0.0625 0.53125 0.134618
0.09375 0.5625 0.109194
0.09375 0.53125 0.103373
0.125 0.53125 0.0721434
0.125 0.5625 0.0782141
0.09375 0.5625 0.109194
0.09375 0.53125 0.103373
0.09375 0.5 0.106418
0.125 0.5 0.0757512
0.125 0.53125 0.0721434
0.09375 0.53125 0.103373
0.125 0.75 0.182558
0.125 0.6875 0.139307
0.1875 0.6875 0.091031
0.1875 0.75 0.138301
0.125 0.75 0.182558
0.125 0.6875 0.139307
0.125 0.65625 0.120335
0.15625 0.65625 0.0939916
0.15625 0.6875 0.114517
0.125 0.6875 0.139307
0.125 0.65625 0.120335
0.125 0.625 0.103415
0.15625 0.625 0.0753725
0.15625 0.65625 0.0939916
0.125 0.65625 0.120335
0.15625 0.6875 0.114517
0.15625 0.65625 0.0939916
0.1875 0.65625 0.0687993
0.1875 0.6875 0.091031
0.15625 0.6875 0.114517
0.15625 0.65625 0.0939916
0.15625 0.625 0.0753725
0.1875 0.625 0.0482145
0.1875 0.65625 0.0687993
0.15625 0.65625 0.0939916
0.1875 0.75 0.138301
0.1875 0.71875 0.114316
0.21875 0.71875 0.0937029
0.21875 0.75 0.118407
0.1875 0.75 0.138301
0.1875 0.71875 0.114316
0.1875 0.6875 0.091031
0.21875 0.6875 0.0693465
0.21875 0.71875 0.0937029
0.1875 0.71875 0.114316
0.21875 0.75 0.118407
0.21875 0.71875 0.0937029
0.25 0.71875 0.0742657
0.25 0.75 0.0993857
0.21875 0.75 0.118407
0.21875 0.71875 0.0937029
0.21875 0.6875 0.0693465
0.25 0.6875 0.0492885
0.25 0.71875 0.0742657
0.21875 0.71875 0.0937029
0.1875 0.6875 0.091031
0.1875 0.65625 0.0687993
0.21875 0.65625 0.0455637
0.21875 0.6875 0.0693465
0.1875 0.6875 0.091031
0.1875 0.65625 0.0687993
0.1875 0.625 0.0482145
0.21875 0.625 0.0227178
0.21875 0.65625 0.0455637
0.1875 0.65625 0.0687993
0.21875 0.6875 0.0693465
0.21875 0.65625 0.0455637
0.25 0.65625 0.0245454
0.25 0.6875 0.0492885
0.21875 0.6875 0.0693465
0.21875 0.65625 0.0455637
0.21875 0.625 0.0227178
0.25 0.625 0.000206855
0.25 0.65625 0.0245454
0.21875 0.65625 0.0455637
0.125 0.625 0.103415
0.125 0.59375 0.0890999
0.15625 0.59375 0.0594008
0.15625 0.625 0.0753725
0.125 0.625 0.103415
0.125 0.59375 0.0890999
0.125 0.5625 0.0782141
0.15625 0.5625 0.0471885
0.15625 0.59375 0.0594008
0.125 0.59375 0.0890999
0.15625 0.625 0.0753725
0.15625 0.59375 0.0594008
0.1875 0.59375 0.0301197
0.1875 0.625 0.0482145
0.15625 0.625 0.0753725
0.15625 0.59375 0.0594008
0.15625 0.5625 0.0471885
0.1875 0.5625 0.0161241
0.1875 0.59375 0.0301197
0.15625 0.59375 0.0594008
0.125 0.5625 0.0782141
0.125 0.53125 0.0721434
0.15625 0.53125 0.0409085
0.15625 0.5625 0.0471885
0.125 0.5625 0.0782141
0.125 0.53125 0.0721434
0.125 0.5 0.0757512
0.15625 0.5 0.0452434
0.15625 0.53125 0.0409085
0.125 0.53125 0.0721434
0.15625 0.5625 0.0471885
0.15625 0.53125 0.0409085
0.1875 0.53125 0.0096662
0.1875 0.5625 0.0161241
0.15625 0.5625 0.0471885
0.15625 0.53125 0.0409085
0.15625 0.5 0.0452434
0.1875 0.5 0.0149686
0.1875 0.53125 0.0096662
0.15625 0.53125 0.0409085
0.1875 0.625 0.0482145
0.1875 0.59375 0.0301197
0.21875 0.59375 0.00163726
0.21875 0.625 0.0227178
0.1875 0.625 0.0482145
0.1875 0.59375 0.0301197
0.1875 0.5625 0.0161241
0.21875 0.5625 -0.0137824
0.21875 0.59375 0.00163726
0.1875 0.59375 0.0301197
0.21875 0.625 0.0227178
0.21875 0.59375 0.00163726
0.25 0.59375 -0.0222896
0.25 0.625 0.000206855
0.21875 0.625 0.0227178
0.21875 0.59375 0.00163726
0.21875 0.5625 -0.0137824
0.25 0.5625 -0.0411886
0.25 0.59375 -0.0222896
0.21875 0.59375 0.00163726
0.1875 0.5625 0.0161241
0.1875 0.53125 0.0096662
0.21875 0.53125 -0.0206411
0.21875 0.5625 -0.0137824
0.1875 0.5625 0.0161241
0.1875 0.53125 0.0096662
0.1875 0.5 0.0149686
0.21875 0.5 -0.0138089
0.21875 0.53125 -0.0206411
0.1875 0.53125 0.0096662
0.21875 0.5625 -0.0137824
0.21875 0.53125 -0.0206411
0.25 0.53125 -0.0499799
0.25 0.5625 -0.0411886
0.21875 0.5625 -0.0137824
0.21875 0.53125 -0.0206411
0.21875 0.5 -0.0138089
0.25 0.5 -0.0411431
0.25 0.53125 -0.0499799
0.21875 0.53125 -0.0206411
0.25 1 0.304701
0.25 0.9375 0.252488
0.3125 0.9375 0.217674
0.3125 1 0.271231
0.25 1 0.304701
0.25 0.9375 0.252488
0.25 0.875 0.200831
0.3125 0.875 0.164819
0.3125 0.9375 0.217674
0.25 0.9375 0.252488
0.3125 1 0.271231
0.3125 0.9375 0.217674
0.375 0.9375 0.184721
0.375 1 0.240348
0.3125 1 0.271231
0.3125 0.9375 0.217674
0.3125 0.875 0.164819
0.375 0.875 0.130033
0.375 0.9375 0.184721
0.3125 0.9375 0.217674
0.25 0.875 0.200831
0.25 0.8125 0.149899
0.3125 0.8125 0.113379
0.3125 0.875 0.164819
0.25 0.875 0.200831
0.25 0.8125 0.149899
0.25 0.78125 0.124603
0.28125 0.78125 0.10617
0.28125 0.8125 0.131569
0.25 0.8125 0.149899
0.25 0.78125 0.124603
0.25 0.75 0.0993857
0.28125 0.75 0.0808362
0.28125 0.78125 0.10617
0.25 0.78125 0.124603
0.28125 0.8125 0.131569
0.28125 0.78125 0.10617
0.3125 0.78125 0.0878873
0.3125 0.8125 0.113379
0.28125 0.8125 0.131569
0.28125 0.78125 0.10617
0.28125 0.75 0.0808362
0.3125 0.75 0.0624864
0.3125 0.78125 0.0878873
0.28125 0.78125 0.10617
0.3125 0.875 0.164819
0.3125 0.84375 0.139012
0.34375 0.84375 0.121129
0.34375 0.875 0.147208
0.3125 0.875 0.164819
0.3125 0.84375 0.139012
0.3125 0.8125 0.113379
0.34375 0.8125 0.0953016
0.34375 0.84375 0.121129
0.3125 0.84375 0.139012
0.34375 0.875 0.147208
0.34375 0.84375 0.121129
0.375 0.84375 0.103544
0.375 0.875 0.130033
0.34375 0.875 0.147208
0.34375 0.84375 0.121129
0.34375 0.8125 0.0953016
0.375 0.8125 0.0773949
0.375 0.84375 0.103544
0.34375 0.84375 0.121129
0.3125 0.8125 0.113379
0.3125 0.78125 0.0878873
0.34375 0.78125 0.0696906
0.34375 0.8125 0.0953016
0.3125 0.8125 0.113379
0.3125 0.78125 0.0878873
0.3125 0.75 0.0624864
0.34375 0.75 0.0442109
0.34375 0.78125 0.0696906
0.3125 0.78125 0.0878873
0.34375 0.8125 0.0953016
0.34375 0.78125 0.0696906
0.375 0.78125 0.0515775
0.375 0.8125 0.0773949
0.34375 0.8125 0.0953016
0.34375 0.78125 0.0696906
0.34375 0.75 0.0442109
0.375 0.75 0.0259791
0.375 0.78125 0.0515775
0.34375 0.78125 0.0696906
0.375 1 0.240348
0.375 0.9375 0.184721
0.4375 0.9375 0.155596
0.4375 1 0.214418
0.375 1 0.240348
0.375 0.9375 0.184721
0.375 0.875 0.130033
0.4375 0.875 0.0982484
0.4375 0.9375 0.155596
0.375 0.9375 0.184721
0.4375 1 0.214418
0.4375 0.9375 0.155596
0.5 0.9375 0.13656
0.5 1 0.198449
0.4375 1 0.214418
0.4375 0.9375 0.155596
0.4375 0.90625 0.126735
0.46875 0.90625 0.114592
0.46875 0.9375 0.144422
0.4375 0.9375 0.155596
0.4375 0.90625 0.126735
0.4375 0.875 0.0982484
0.46875 0.875 0.0850407
0.46875 0.90625 0.114592
0.4375 0.90625 0.126735
0.46875 0.9375 0.144422
0.46875 0.90625 0.114592
0.5 0.90625 0.105838
0.5 0.9375 0.13656
0.46875 0.9375 0.144422
0.46875 0.90625 0.114592
0.46875 0.875 0.0850407
0.5 0.875 0.0752351
0.5 0.90625 0.105838
0.46875 0.90625 0.114592
0.375 0.875 0.130033
0.375 0.84375 0.103544
0.40625 0.84375 0.0864459
0.40625 0.875 0.113563
0.375 0.875 0.130033
0.375 0.84375 0.103544
0.375 0.8125 0.0773949
0.40625 0.8125 0.0597871
0.40625 0.84375 0.0864459
0.375 0.84375 0.103544
0.40625 0.875 0.113563
0.40625 0.84375 0.0864459
0.4375 0.84375 0.0702326
0.4375 0.875 0.0982484
0.40625 0.875 0.113563
0.40625 0.84375 0.0864459
0.40625 0.8125 0.0597871
0.4375 0.8125 0.0427391
0.4375 0.84375 0.0702326
0.40625 0.84375 0.0864459
0.375 0.8125 0.0773949
0.375 0.78125 0.0515775
0.40625 0.78125 0.0336009
0.40625 0.8125 0.0597871
0.375 0.8125 0.0773949
0.375 0.78125 0.0515775
0.375 0.75 0.0259791
0.40625 0.75 0.00778702
0.40625 0.78125 0.0336009
0.375 0.78125 0.0515775
0.40625 0.8125 0.0597871
0.40625 0.78125 0.0336009
0.4375 0.78125 0.015824
0.4375 0.8125 0.0427391
0.40625 0.8125 0.0597871
0.40625 0.78125 0.0336009
0.40625 0.75 0.00778702
0.4375 0.75 -0.0101465
0.4375 0.78125 0.015824
0.40625 0.78125 0.0336009
0.4375 0.875 0.0982484
0.4375 0.84375 0.0702326
0.46875 0.84375 0.0558369
0.46875 0.875 0.0850407
0.4375 0.875 0.0982484
0.4375 0.84375 0.0702326
0.4375 0.8125 0.0427391
0.46875 0.8125 0.0270828
0.46875 0.84375 0.0558369
0.4375 0.84375 0.0702326
0.46875 0.875 0.0850407
0.46875 0.84375 0.0558369
0.5 0.84375 0.0447875
0.5 0.875 0.0752351
0.46875 0.875 0.0850407
0.46875 0.84375 0.0558369
0.46875 0.8125 0.0270828
0.5 0.8125 0.014557
0.5 0.84375 0.0447875
0.46875 0.84375 0.0558369
0.4375 0.8125 0.0427391
0.4375 0.78125 0.015824
0.46875 0.78125 -0.00105249
0.46875 0.8125 0.0270828
0.4375 0.8125 0.0427391
0.4375 0.78125 0.015824
0.4375 0.75 -0.0101465
0.46875 0.75 -0.0274732
0.46875 0.78125 -0.00105249
0.4375 0.78125 0.015824
0.46875 0.8125 0.0270828
0.46875 0.78125 -0.00105249
0.5 0.78125 -0.0148726
0.5 0.8125 0.014557
0.46875 0.8125 0.0270828
0.46875 0.78125 -0.00105249
0.46875 0.75 -0.0274732
0.5 0.75 -0.0429851
0.5 0.78125 -0.0148726
0.46875 0.78125 -0.00105249
0.25 0.75 0.0993857
0.25 0.71875 0.0742657
0.28125 0.71875 0.0555461
0.28125 0.75 0.0808362
0.25 0.75 0.0993857
0.25 0.71875 0.0742657
0.25 0.6875 0.0492885
0.28125 0.6875 0.0303035
0.28125 0.71875 0.0555461
0.25 0.71875 0.0742657
0.28125 0.75 0.0808362
0.28125 0.71875 0.0555461
0.3125 0.71875 0.0371395
0.3125 0.75 0.0624864
0.28125 0.75 0.0808362
0.28125 0.71875 0.0555461
0.28125 0.6875 0.0303035
0.3125 0.6875 0.0118215
0.3125 0.71875 0.0371395
0.28125 0.71875 0.0555461
0.25 0.6875 0.0492885
0.25 0.65625 0.0245454
0.28125 0.65625 0.00512422
0.28125 0.6875 0.0303035
0.25 0.6875 0.0492885
0.25 0.65625 0.0245454
0.25 0.625 0.000206855
0.28125 0.625 -0.0196384
0.28125 0.65625 0.00512422
0.25 0.65625 0.0245454
0.28125 0.6875 0.0303035
0.28125 0.65625 0.00512422
0.3125 0.65625 -0.0134411
0.3125 0.6875 0.0118215
0.28125 0.6875 0.0303035
0.28125 0.65625 0.00512422
0.28125 0.625 -0.0196384
0.3125 0.625 -0.0385442
0.3125 0.65625 -0.0134411
0.28125 0.65625 0.00512422
0.3125 0.75 0.0624864
0.3125 0.71875 0.0371395
0.34375 0.71875 0.0188247
0.34375 0.75 0.0442109
0.3125 0.75 0.0624864
0.3125 0.71875 0.0371395
0.3125 0.6875 0.0118215
0.34375 0.6875 -0.00652049
0.34375 0.71875 0.0188247
0.3125 0.71875 0.0371395
0.34375 0.75 0.0442109
0.34375 0.71875 0.0188247
0.375 0.71875 0.000556174
0.375 0.75 0.0259791
0.34375 0.75 0.0442109
0.34375 0.71875 0.0188247
0.34375 0.6875 -0.00652049
0.375 0.6875 -0.0248099
0.375 0.71875 0.000556174
0.34375 0.71875 0.0188247
0.3125 0.6875 0.0118215
0.3125 0.65625 -0.0134411
0.34375 0.65625 -0.0318296
0.34375 0.6875 -0.00652049
0.3125 0.6875 0.0118215
0.3125 0.65625 -0.0134411
0.3125 0.625 -0.0385442
0.34375 0.625 -0.0570766
0.34375 0.65625 -0.0318296
0.3125 0.65625 -0.0134411
0.34375 0.6875 -0.00652049
0.34375 0.65625 -0.0318296
0.375 0.65625 -0.0501525
0.375 0.6875 -0.0248099
0.34375 0.6875 -0.00652049
0.34375 0.65625 -0.0318296
0.34375 0.625 -0.0570766
0.375 0.625 -0.0754625
0.375 0.65625 -0.0501525
0.34375 0.65625 -0.0318296
0.25 0.625 0.000206855
0.25 0.59375 -0.0222896
0.28125 0.59375 -0.0436125
0.28125 0.625 -0.0196384
0.25 0.625 0.000206855
0.25 0.59375 -0.0222896
0.25 0.5625 -0.0411886
0.28125 0.5625 -0.0656824
0.28125 0.59375 -0.0436125
0.25 0.59375 -0.0222896
0.28125 0.625 -0.0196384
0.28125 0.59375 -0.0436125
0.3125 0.59375 -0.0633054
0.3125 0.625 -0.0385442
0.28125 0.625 -0.0196384
0.28125 0.59375 -0.0436125
0.28125 0.5625 -0.0656824
0.3125 0.5625 -0.087211
0.3125 0.59375 -0.0633054
0.28125 0.59375 -0.0436125
0.25 0.5625 -0.0411886
0.25 0.53125 -0.0499799
0.28125 0.53125 -0.0787224
0.28125 0.5625 -0.0656824
0.25 0.5625 -0.0411886
0.25 0.53125 -0.0499799
0.25 0.5 -0.0411431
0.28125 0.5 -0.0680408
0.28125 0.53125 -0.0787224
0.25 0.53125 -0.0499799
0.28125 0.5625 -0.0656824
0.28125 0.53125 -0.0787224
0.3125 0.53125 -0.106056
0.3125 0.5625 -0.087211
0.28125 0.5625 -0.0656824
0.28125 0.53125 -0.0787224
0.28125 0.5 -0.0680408
0.3125 0.5 -0.0946065
0.3125 0.53125 -0.106056
0.28125 0.53125 -0.0787224
0.3125 0.625 -0.0385442
0.3125 0.59375 -0.0633054
0.34375 0.59375 -0.0821833
0.34375 0.625 -0.0570766
0.3125 0.625 -0.0385442
0.3125 0.59375 -0.0633054
0.3125 0.5625 -0.087211
0.34375 0.5625 -0.106938
0.34375 0.59375 -0.0821833
0.3125 0.59375 -0.0633054
0.34375 0.625 -0.0570766
0.34375 0.59375 -0.0821833
0.375 0.59375 -0.100712
0.375 0.625 -0.0754625
0.34375 0.625 -0.0570766
0.34375 0.59375 -0.0821833
0.34375 0.5625 -0.106938
0.375 0.5625 -0.12582
0.375 0.59375 -0.100712
0.34375 0.59375 -0.0821833
0.3125 0.5625 -0.087211
0.3125 0.53125 -0.106056
0.34375 0.53125 -0.116072
0.34375 0.5625 -0.106938
0.3125 0.5625 -0.087211
0.3125 0.53125 -0.106056
0.3125 0.5 -0.0946065
0.34375 0.5 -0.120846
0.34375 0.53125 -0.116072
0.3125 0.53125 -0.106056
0.34375 0.5625 -0.106938
0.34375 0.53125 -0.116072
0.375 0.53125 -0.138627
0.375 0.5625 -0.12582
0.34375 0.5625 -0.106938
0.34375 0.53125 -0.116072
0.34375 0.5 -0.120846
0.375 0.5 -0.146824
0.375 0.53125 -0.138627
0.34375 0.53125 -0.116072
0.375 0.75 0.0259791
0.375 0.71875 0.000556174
0.40625 0.71875 -0.0176591
0.40625 0.75 0.00778702
0.375 0.75 0.0259791
0.375 0.71875 0.000556174
0.375 0.6875 -0.0248099
0.40625 0.6875 -0.043056
0.40625 0.71875 -0.0176591
0.375 0.71875 0.000556174
0.40625 0.75 0.00778702
0.40625 0.71875 -0.0176591
0.4375 0.71875 -0.035738
0.4375 0.75 -0.0101465
0.40625 0.75 0.00778702
0.40625 0.71875 -0.0176591
0.40625 0.6875 -0.043056
0.4375 0.6875 -0.0612224
0.4375 0.71875 -0.035738
0.40625 0.71875 -0.0176591
0.375 0.6875 -0.0248099
0.375 0.65625 -0.0501525
0.40625 0.65625 -0.0684304
0.40625 0.6875 -0.043056
0.375 0.6875 -0.0248099
0.375 0.65625 -0.0501525
0.375 0.625 -0.0754625
0.40625 0.625 -0.0937806
0.40625 0.65625 -0.0684304
0.375 0.65625 -0.0501525
0.40625 0.6875 -0.043056
0.40625 0.65625 -0.0684304
0.4375 0.65625 -0.08665
0.4375 0.6875 -0.0612224
0.40625 0.6875 -0.043056
0.40625 0.65625 -0.0684304
0.40625 0.625 -0.0937806
0.4375 0.625 -0.112043
0.4375 0.65625 -0.08665
0.40625 0.65625 -0.0684304
0.4375 0.75 -0.0101465
0.4375 0.71875 -0.035738
0.46875 0.71875 -0.0534656
0.46875 0.75 -0.0274732
0.4375 0.75 -0.0101465
0.4375 0.71875 -0.035738
0.4375 0.6875 -0.0612224
0.46875 0.6875 -0.0791862
0.46875 0.71875 -0.0534656
0.4375 0.71875 -0.035738
0.46875 0.75 -0.0274732
0.46875 0.71875 -0.0534656
0.5 0.71875 -0.070119
0.5 0.75 -0.0429851
0.46875 0.75 -0.0274732
0.46875 0.71875 -0.0534656
0.46875 0.6875 -0.0791862
0.5 0.6875 -0.0965391
0.5 0.71875 -0.070119
0.46875 0.71875 -0.0534656
0.4375 0.6875 -0.0612224
0.4375 0.65625 -0.08665
0.46875 0.65625 -0.104753
0.46875 0.6875 -0.0791862
0.4375 0.6875 -0.0612224
0.4375 0.65625 -0.08665
0.4375 0.625 -0.112043
0.46875 0.625 -0.130218
0.46875 0.65625 -0.104753
0.4375 0.65625 -0.08665
0.46875 0.6875 -0.0791862
0.46875 0.65625 -0.104753
0.5 0.65625 -0.122518
0.5 0.6875 -0.0965391
0.46875 0.6875 -0.0791862
0.46875 0.65625 -0.104753
0.46875 0.625 -0.130218
0.5 0.625 -0.148192
0.5 0.65625 -0.122518
0.46875 0.65625 -0.104753
0.375 0.625 -0.0754625
0.375 0.59375 -0.100712
0.40625 0.59375 -0.119095
0.40625 0.625 -0.0937806
0.375 0.625 -0.0754625
0.375 0.59375 -0.100712
0.375 0.5625 -0.12582
0.40625 0.5625 -0.144346
0.40625 0.59375 -0.119095
0.375 0.59375 -0.100712
0.40625 0.625 -0.0937806
0.40625 0.59375 -0.119095
0.4375 0.59375 -0.137407
0.4375 0.625 -0.112043
0.40625 0.625 -0.0937806
0.40625 0.59375 -0.119095
0.40625 0.5625 -0.144346
0.4375 0.5625 -0.162731
0.4375 0.59375 -0.137407
0.40625 0.59375 -0.119095
0.375 0.5625 -0.12582
0.375 0.5 -0.146824
0.4375 0.5 -0.197871
0.4375 0.5625 -0.162731
0.375 0.5625 -0.12582
0.4375 0.625 -0.112043
0.4375 0.5625 -0.162731
0.5 0.5625 -0.199234
0.5 0.625 -0.148192
0.4375 0.625 -0.112043
0.4375 0.5625 -0.162731
0.4375 0.5 -0.197871
0.5 0.5 -0.237311
0.5 0.5625 -0.199234
0.4375 0.5625 -0.162731
0 0.5 0.199428
0 0.4375 0.213561
0.0625 0.4375 0.154222
0.0625 0.5 0.137188
0 0.5 0.199428
0 0.4375 0.213561
0 0.375 0.238209
0.0625 0.375 0.182264
0.0625 0.4375 0.154222
0 0.4375 0.213561
0.0625 0.5 0.137188
0.0625 0.46875 0.143967
0.09375 0.46875 0.11413
0.09375 0.5 0.106418
0.0625 0.5 0.137188
0.0625 0.46875 0.143967
0.0625 0.4375 0.154222
0.09375 0.4375 0.125447
0.09375 0.46875 0.11413
0.0625 0.46875 0.143967
0.09375 0.5 0.106418
0.09375 0.46875 0.11413
0.125 0.46875 0.0845715
0.125 0.5 0.0757512
0.09375 0.5 0.106418
0.09375 0.46875 0.11413
0.09375 0.4375 0.125447
0.125 0.4375 0.0970729
0.125 0.46875 0.0845715
0.09375 0.46875 0.11413
0.0625 0.4375 0.154222
0.0625 0.375 0.182264
0.125 0.375 0.128807
0.125 0.4375 0.0970729
0.0625 0.4375 0.154222
0 0.375 0.238209
0 0.3125 0.269138
0.0625 0.3125 0.215786
0.0625 0.375 0.182264
0 0.375 0.238209
0 0.3125 0.269138
0 0.25 0.303292
0.0625 0.25 0.251355
0.0625 0.3125 0.215786
0 0.3125 0.269138
0.0625 0.375 0.182264
0.0625 0.3125 0.215786
0.125 0.3125 0.164121
0.125 0.375 0.128807
0.0625 0.375 0.182264
0.0625 0.3125 0.215786
0.0625 0.25 0.251355
0.125 0.25 0.200384
0.125 0.3125 0.164121
0.0625 0.3125 0.215786
0.125 0.5 0.0757512
0.125 0.46875 0.0845715
0.15625 0.46875 0.0554382
0.15625 0.5 0.0452434
0.125 0.5 0.0757512
0.125 0.46875 0.0845715
0.125 0.4375 0.0970729
0.15625 0.4375 0.0693721
0.15625 0.46875 0.0554382
0.125 0.46875 0.0845715
0.15625 0.5 0.0452434
0.15625 0.46875 0.0554382
0.1875 0.46875 0.0269329
0.1875 0.5 0.0149686
0.15625 0.5 0.0452434
0.15625 0.46875 0.0554382
0.15625 0.4375 0.0693721
0.1875 0.4375 0.0422919
0.1875 0.46875 0.0269329
0.15625 0.46875 0.0554382
0.125 0.4375 0.0970729
0.125 0.40625 0.112186
0.15625 0.40625 0.0855072
0.15625 0.4375 0.0693721
0.125 0.4375 0.0970729
0.125 0.40625 0.112186
0.125 0.375 0.128807
0.15625 0.375 0.102756
0.15625 0.40625 0.0855072
0.125 0.40625 0.112186
0.15625 0.4375 0.0693721
0.15625 0.40625 0.0855072
0.1875 0.40625 0.0592786
0.1875 0.4375 0.0422919
0.15625 0.4375 0.0693721
0.15625 0.40625 0.0855072
0.15625 0.375 0.102756
0.1875 0.375 0.0769823
0.1875 0.40625 0.0592786
0.15625 0.40625 0.0855072
0.1875 0.5 0.0149686
0.1875 0.46875 0.0269329
0.21875 0.46875 -0.00077216
0.21875 0.5 -0.0138089
0.1875 0.5 0.0149686
0.1875 0.46875 0.0269329
0.1875 0.4375 0.0422919
0.21875 0.4375 0.0158292
0.21875 0.46875 -0.00077216
0.1875 0.46875 0.0269329
0.21875 0.5 -0.0138089
0.21875 0.46875 -0.00077216
0.25 0.46875 -0.026861
0.25 0.5 -0.0411431
0.21875 0.5 -0.0138089
0.21875 0.46875 -0.00077216
0.21875 0.4375 0.0158292
0.25 0.4375 -0.0100791
0.25 0.46875 -0.026861
0.21875 0.46875 -0.00077216
0.1875 0.4375 0.0422919
0.1875 0.40625 0.0592786
0.21875 0.40625 0.0334143
0.21875 0.4375 0.0158292
0.1875 0.4375 0.0422919
0.1875 0.40625 0.0592786
0.1875 0.375 0.0769823
0.21875 0.375 0.0514009
0.21875 0.40625 0.0334143
0.1875 0.40625 0.0592786
0.21875 0.4375 0.0158292
0.21875 0.40625 0.0334143
0.25 0.40625 0.00780636
0.25 0.4375 -0.0100791
0.21875 0.4375 0.0158292
0.21875 0.40625 0.0334143
0.21875 0.375 0.0514009
0.25 0.375 0.0259394
0.25 0.40625 0.00780636
0.21875 0.40625 0.0334143
0.125 0.375 0.128807
0.125 0.34375 0.146245
0.15625 0.34375 0.120546
0.15625 0.375 0.102756
0.125 0.375 0.128807
0.125 0.34375 0.146245
0.125 0.3125 0.164121
0.15625 0.3125 0.138596
0.15625 0.34375 0.120546
0.125 0.34375 0.146245
0.15625 0.375 0.102756
0.15625 0.34375 0.120546
0.1875 0.34375 0.094998
0.1875 0.375 0.0769823
0.15625 0.375 0.102756
0.15625 0.34375 0.120546
0.15625 0.3125 0.138596
0.1875 0.3125 0.113159
0.1875 0.34375 0.094998
0.15625 0.34375 0.120546
0.125 0.3125 0.164121
0.125 0.25 0.200384
0.1875 0.25 0.149762
0.1875 0.3125 0.113159
0.125 0.3125 0.164121
0.1875 0.375 0.0769823
0.1875 0.34375 0.094998
0.21875 0.34375 0.0695483
0.21875 0.375 0.0514009
0.1875 0.375 0.0769823
0.1875 0.34375 0.094998
0.1875 0.3125 0.113159
0.21875 0.3125 0.0877852
0.21875 0.34375 0.0695483
0.1875 0.34375 0.094998
0.21875 0.375 0.0514009
0.21875 0.34375 0.0695483
0.25 0.34375 0.0441621
0.25 0.375 0.0259394
0.21875 0.375 0.0514009
0.21875 0.34375 0.0695483
0.21875 0.3125 0.0877852
0.25 0.3125 0.0624574
0.25 0.34375 0.0441621
0.21875 0.34375 0.0695483
0.1875 0.3125 0.113159
0.1875 0.28125 0.131413
0.21875 0.28125 0.106105
0.21875 0.3125 0.0877852
0.1875 0.3125 0.113159
0.1875 0.28125 0.131413
0.1875 0.25 0.149762
0.21875 0.25 0.124528
0.21875 0.28125 0.106105
0.1875 0.28125 0.131413
0.21875 0.3125 0.0877852
0.21875 0.28125 0.106105
0.25 0.28125 0.0808396
0.25 0.3125 0.0624574
0.21875 0.3125 0.0877852
0.21875 0.28125 0.106105
0.21875 0.25 0.124528
0.25 0.25 0.0993595
0.25 0.28125 0.0808396
0.21875 0.28125 0.106105
0 0.25 0.303292
0 0.125 0.375279
0.125 0.125 0.27486
0.125 0.25 0.200384
0 0.25 0.303292
0 0.125 0.375279
0 0 0.454102
0.125 0 0.357072
0.125 0.125 0.27486
0 0.125 0.375279
0.125 0.25 0.200384
0.125 0.1875 0.237147
0.1875 0.1875 0.18702
0.1875 0.25 0.149762
0.125 0.25 0.200384
0.125 0.1875 0.237147
0.125 0.125 0.27486
0.1875 0.125 0.225752
0.1875 0.1875 0.18702
0.125 0.1875 0.237147
0.1875 0.25 0.149762
0.1875 0.1875 0.18702
0.25 0.1875 0.137357
0.25 0.25 0.0993595
0.1875 0.25 0.149762
0.1875 0.1875 0.18702
0.1875 0.125 0.225752
0.25 0.125 0.177962
0.25 0.1875 0.137357
0.1875 0.1875 0.18702
0.125 0.125 0.27486
0.125 0 0.357072
0.25 0 0.272835
0.25 0.125 0.177962
0.125 0.125 0.27486
0.25 0.5 -0.0411431
0.25 0.46875 -0.026861
0.28125 0.46875 -0.0527761
0.28125 0.5 -0.0680408
0.25 0.5 -0.0411431
0.25 0.46875 -0.026861
0.25 0.4375 -0.0100791
0.28125 0.4375 -0.035597
0.28125 0.46875 -0.0527761
0.25 0.46875 -0.026861
0.28125 0.5 -0.0680408
0.28125 0.46875 -0.0527761
0.3125 0.46875 -0.0785475
0.3125 0.5 -0.0946065
0.28125 0.5 -0.0680408
0.28125 0.46875 -0.0527761
0.28125 0.4375 -0.035597
0.3125 0.4375 -0.0610669
0.3125 0.46875 -0.0785475
0.28125 0.46875 -0.0527761
0.25 0.4375 -0.0100791
0.25 0.40625 0.00780636
0.28125 0.40625 -0.0176289
0.28125 0.4375 -0.035597
0.25 0.4375 -0.0100791
0.25 0.40625 0.00780636
0.25 0.375 0.0259394
0.28125 0.375 0.000549431
0.28125 0.40625 -0.0176289
0.25 0.40625 0.00780636
0.28125 0.4375 -0.035597
0.28125 0.40625 -0.0176289
0.3125 0.40625 -0.0430092
0.3125 0.4375 -0.0610669
0.28125 0.4375 -0.035597
0.28125 0.40625 -0.0176289
0.28125 0.375 0.000549431
0.3125 0.375 -0.0247825
0.3125 0.40625 -0.0430092
0.28125 0.40625 -0.0176289
0.3125 0.5 -0.0946065
0.3125 0.46875 -0.0785475
0.34375 0.46875 -0.104201
0.34375 0.5 -0.120846
0.3125 0.5 -0.0946065
0.3125 0.46875 -0.0785475
0.3125 0.4375 -0.0610669
0.34375 0.4375 -0.0864873
0.34375 0.46875 -0.104201
0.3125 0.46875 -0.0785475
0.34375 0.5 -0.120846
0.34375 0.46875 -0.104201
0.375 0.46875 -0.129754
0.375 0.5 -0.146824
0.34375 0.5 -0.120846
0.34375 0.46875 -0.104201
0.34375 0.4375 -0.0864873
0.375 0.4375 -0.111848
0.375 0.46875 -0.129754
0.34375 0.46875 -0.104201
0.3125 0.4375 -0.0610669
0.3125 0.40625 -0.0430092
0.34375 0.40625 -0.0683441
0.34375 0.4375 -0.0864873
0.3125 0.4375 -0.0610669
0.3125 0.40625 -0.0430092
0.3125 0.375 -0.0247825
0.34375 0.375 -0.0500597
0.34375 0.40625 -0.0683441
0.3125 0.40625 -0.0430092
0.34375 0.4375 -0.0864873
0.34375 0.40625 -0.0683441
0.375 0.40625 -0.093609
0.375 0.4375 -0.111848
0.34375 0.4375 -0.0864873
0.34375 0.40625 -0.0683441
0.34375 0.375 -0.0500597
0.375 0.375 -0.0752343
0.375 0.40625 -0.093609
0.34375 0.40625 -0.0683441
0.25 0.375 0.0259394
0.25 0.34375 0.0441621
0.28125 0.34375 0.0188206
0.28125 0.375 0.000549431
0.25 0.375 0.0259394
0.25 0.34375 0.0441621
0.25 0.3125 0.0624574
0.28125 0.3125 0.0371683
0.28125 0.34375 0.0188206
0.25 0.34375 0.0441621
0.28125 0.375 0.000549431
0.28125 0.34375 0.0188206
0.3125 0.34375 -0.00648205
0.3125 0.375 -0.0247825
0.28125 0.375 0.000549431
0.28125 0.34375 0.0188206
0.28125 0.3125 0.0371683
0.3125 0.3125 0.0119197
0.3125 0.34375 -0.00648205
0.28125 0.34375 0.0188206
0.25 0.3125 0.0624574
0.25 0.28125 0.0808396
0.28125 0.28125 0.0556256
0.28125 0.3125 0.0371683
0.25 0.3125 0.0624574
0.25 0.28125 0.0808396
0.25 0.25 0.0993595
0.28125 0.25 0.0742932
0.28125 0.28125 0.0556256
0.25 0.28125 0.0808396
0.28125 0.3125 0.0371683
0.28125 0.28125 0.0556256
0.3125 0.28125 0.0304874
0.3125 0.3125 0.0119197
0.28125 0.3125 0.0371683
0.28125 0.28125 0.0556256
0.28125 0.25 0.0742932
0.3125 0.25 0.0493984
0.3125 0.28125 0.0304874
0.28125 0.28125 0.0556256
0.3125 0.375 -0.0247825
0.3125 0.34375 -0.00648205
0.34375 0.34375 -0.0316899
0.34375 0.375 -0.0500597
0.3125 0.375 -0.0247825
0.3125 0.34375 -0.00648205
0.3125 0.3125 0.0119197
0.34375 0.3125 -0.0132104
0.34375 0.34375 -0.0316899
0.3125 0.34375 -0.00648205
0.34375 0.375 -0.0500597
0.34375 0.34375 -0.0316899
0.375 0.34375 -0.0567202
0.375 0.375 -0.0752343
0.34375 0.375 -0.0500597
0.34375 0.34375 -0.0316899
0.34375 0.3125 -0.0132104
0.375 0.3125 -0.0379956
0.375 0.34375 -0.0567202
0.34375 0.34375 -0.0316899
0.3125 0.3125 0.0119197
0.3125 0.28125 0.0304874
0.34375 0.28125 0.00547805
0.34375 0.3125 -0.0132104
0.3125 0.3125 0.0119197
0.3125 0.28125 0.0304874
0.3125 0.25 0.0493984
0.34375 0.25 0.0248013
0.34375 0.28125 0.00547805
0.3125 0.28125 0.0304874
0.34375 0.3125 -0.0132104
0.34375 0.28125 0.00547805
0.375 0.28125 -0.0189173
0.375 0.3125 -0.0379956
0.34375 0.3125 -0.0132104
0.34375 0.28125 0.00547805
0.34375 0.25 0.0248013
0.375 0.25 0.000786018
0.375 0.28125 -0.0189173
0.34375 0.28125 0.00547805
0.375 0.5 -0.146824
0.375 0.4375 -0.111848
0.4375 0.4375 -0.162191
0.4375 0.5 -0.197871
0.375 0.5 -0.146824
0.375 0.4375 -0.111848
0.375 0.40625 -0.093609
0.40625 0.40625 -0.118744
0.40625 0.4375 -0.137112
0.375 0.4375 -0.111848
0.375 0.40625 -0.093609
0.375 0.375 -0.0752343
0.40625 0.375 -0.100189
0.40625 0.40625 -0.118744
0.375 0.40625 -0.093609
0.40625 0.4375 -0.137112
0.40625 0.40625 -0.118744
0.4375 0.40625 -0.143605
0.4375 0.4375 -0.162191
0.40625 0.4375 -0.137112
0.40625 0.40625 -0.118744
0.40625 0.375 -0.100189
0.4375 0.375 -0.124612
0.4375 0.40625 -0.143605
0.40625 0.40625 -0.118744
0.4375 0.5 -0.197871
0.4375 0.4375 -0.162191
0.5 0.4375 -0.198545
0.5 0.5 -0.237311
0.4375 0.5 -0.197871
0.4375 0.4375 -0.162191
0.4375 0.375 -0.124612
0.5 0.375 -0.147688
0.5 0.4375 -0.198545
0.4375 0.4375 -0.162191
0.375 0.375 -0.0752343
0.375 0.34375 -0.0567202
0.40625 0.34375 -0.0813554
0.40625 0.375 -0.100189
0.375 0.375 -0.0752343
0.375 0.34375 -0.0567202
0.375 0.3125 -0.0379956
0.40625 0.3125 -0.0621002
0.40625 0.34375 -0.0813554
0.375 0.34375 -0.0567202
0.40625 0.375 -0.100189
0.40625 0.34375 -0.0813554
0.4375 0.34375 -0.105135
0.4375 0.375 -0.124612
0.40625 0.375 -0.100189
0.40625 0.34375 -0.0813554
0.40625 0.3125 -0.0621002
0.4375 0.3125 -0.0847285
0.4375 0.34375 -0.105135
0.40625 0.34375 -0.0813554
0.375 0.3125 -0.0379956
0.375 0.28125 -0.0189173
0.40625 0.28125 -0.0421467
0.40625 0.3125 -0.0621002
0.375 0.3125 -0.0379956
0.375 0.28125 -0.0189173
0.375 0.25 0.000786018
0.40625 0.25 -0.021142
0.40625 0.28125 -0.0421467
0.375 0.28125 -0.0189173
0.40625 0.3125 -0.0621002
0.40625 0.28125 -0.0421467
0.4375 0.28125 -0.063106
0.4375 0.3125 -0.0847285
0.40625 0.3125 -0.0621002
0.40625 0.28125 -0.0421467
0.40625 0.25 -0.021142
0.4375 0.25 -0.0397647
0.4375 0.28125 -0.063106
0.40625 0.28125 -0.0421467
0.4375 0.375 -0.124612
0.4375 0.34375 -0.105135
0.46875 0.34375 -0.12669
0.46875 0.375 -0.148032
0.4375 0.375 -0.124612
0.4375 0.34375 -0.105135
0.4375 0.3125 -0.0847285
0.46875 0.3125 -0.10396
0.46875 0.34375 -0.12669
0.4375 0.34375 -0.105135
0.46875 0.375 -0.148032
0.46875 0.34375 -0.12669
0.5 0.34375 -0.121884
0.5 0.375 -0.147688
0.46875 0.375 -0.148032
0.46875 0.34375 -0.12669
0.46875 0.3125 -0.10396
0.5 0.3125 -0.0958149
0.5 0.34375 -0.121884
0.46875 0.34375 -0.12669
0.4375 0.3125 -0.0847285
0.4375 0.28125 -0.063106
0.46875 0.28125 -0.0790649
0.46875 0.3125 -0.10396
0.4375 0.3125 -0.0847285
0.4375 0.28125 -0.063106
0.4375 0.25 -0.0397647
0.46875 0.25 -0.0518172
0.46875 0.28125 -0.0790649
0.4375 0.28125 -0.063106
0.46875 0.3125 -0.10396
0.46875 0.28125 -0.0790649
0.5 0.28125 -0.0693843
0.5 0.3125 -0.0958149
0.46875 0.3125 -0.10396
0.46875 0.28125 -0.0790649
0.46875 0.25 -0.0518172
0.5 0.25 -0.0424728
0.5 0.28125 -0.0693843
0.46875 0.28125 -0.0790649
0.25 0.25 0.0993595
0.25 0.21875 0.118146
0.28125 0.21875 0.0933556
0.28125 0.25 0.0742932
0.25 0.25 0.0993595
0.25 0.21875 0.118146
0.25 0.1875 0.137357
0.28125 0.1875 0.113072
0.28125 0.21875 0.0933556
0.25 0.21875 0.118146
0.28125 0.25 0.0742932
0.28125 0.21875 0.0933556
0.3125 0.21875 0.0689404
0.3125 0.25 0.0493984
0.28125 0.25 0.0742932
0.28125 0.21875 0.0933556
0.28125 0.1875 0.113072
0.3125 0.1875 0.0894366
0.3125 0.21875 0.0689404
0.28125 0.21875 0.0933556
0.25 0.1875 0.137357
0.25 0.125 0.177962
0.3125 0.125 0.134245
0.3125 0.1875 0.0894366
0.25 0.1875 0.137357
0.3125 0.25 0.0493984
0.3125 0.21875 0.0689404
0.34375 0.21875 0.0451006
0.34375 0.25 0.0248013
0.3125 0.25 0.0493984
0.3125 0.21875 0.0689404
0.3125 0.1875 0.0894366
0.34375 0.1875 0.0667478
0.34375 0.21875 0.0451006
0.3125 0.21875 0.0689404
0.34375 0.25 0.0248013
0.34375 0.21875 0.0451006
0.375 0.21875 0.0222747
0.375 0.25 0.000786018
0.34375 0.25 0.0248013
0.34375 0.21875 0.0451006
0.34375 0.1875 0.0667478
0.375 0.1875 0.0457024
0.375 0.21875 0.0222747
0.34375 0.21875 0.0451006
0.3125 0.1875 0.0894366
0.3125 0.15625 0.111148
0.34375 0.15625 0.0899692
0.34375 0.1875 0.0667478
0.3125 0.1875 0.0894366
0.3125 0.15625 0.111148
0.3125 0.125 0.134245
0.34375 0.125 0.114712
0.34375 0.15625 0.0899692
0.3125 0.15625 0.111148
0.34375 0.1875 0.0667478
0.34375 0.15625 0.0899692
0.375 0.15625 0.0711241
0.375 0.1875 0.0457024
0.34375 0.1875 0.0667478
0.34375 0.15625 0.0899692
0.34375 0.125 0.114712
0.375 0.125 0.0977258
0.375 0.15625 0.0711241
0.34375 0.15625 0.0899692
0.25 0.125 0.177962
0.25 0.0625 0.22258
0.3125 0.0625 0.184017
0.3125 0.125 0.134245
0.25 0.125 0.177962
0.25 0.0625 0.22258
0.25 0 0.272835
0.3125 0 0.238781
0.3125 0.0625 0.184017
0.25 0.0625 0.22258
0.3125 0.125 0.134245
0.3125 0.0625 0.184017
0.375 0.0625 0.153798
0.375 0.125 0.0977258
0.3125 0.125 0.134245
0.3125 0.0625 0.184017
0.3125 0 0.238781
0.375 0 0.212792
0.375 0.0625 0.153798
0.3125 0.0625 0.184017
0.375 0.25 0.000786018
0.375 0.21875 0.0222747
0.40625 0.21875 0.00148257
0.40625 0.25 -0.021142
0.375 0.25 0.000786018
0.375 0.21875 0.0222747
0.375 0.1875 0.0457024
0.40625 0.1875 0.0276918
0.40625 0.21875 0.00148257
0.375 0.21875 0.0222747
0.40625 0.25 -0.021142
0.40625 0.21875 0.00148257
0.4375 0.21875 -0.0144985
0.4375 0.25 -0.0397647
0.40625 0.25 -0.021142
0.40625 0.21875 0.00148257
0.40625 0.1875 0.0276918
0.4375 0.1875 0.0140273
0.4375 0.21875 -0.0144985
0.40625 0.21875 0.00148257
0.375 0.1875 0.0457024
0.375 0.15625 0.0711241
0.40625 0.15625 0.0553811
0.40625 0.1875 0.0276918
0.375 0.1875 0.0457024
0.375 0.15625 0.0711241
0.375 0.125 0.0977258
0.40625 0.125 0.0840001
0.40625 0.15625 0.0553811
0.375 0.15625 0.0711241
0.40625 0.1875 0.0276918
0.40625 0.15625 0.0553811
0.4375 0.15625 0.044067
0.4375 0.1875 0.0140273
0.40625 0.1875 0.0276918
0.40625 0.15625 0.0553811
0.40625 0.125 0.0840001
0.4375 0.125 0.0744626
0.4375 0.15625 0.044067
0.40625 0.15625 0.0553811
0.4375 0.25 -0.0397647
0.4375 0.21875 -0.0144985
0.46875 0.21875 -0.0226927
0.46875 0.25 -0.0518172
0.4375 0.25 -0.0397647
0.4375 0.21875 -0.0144985
0.4375 0.1875 0.0140273
0.46875 0.1875 0.00817193
0.46875 0.21875 -0.0226927
0.4375 0.21875 -0.0144985
0.46875 0.25 -0.0518172
0.46875 0.21875 -0.0226927
0.5 0.21875 -0.0149317
0.5 0.25 -0.0424728
0.46875 0.25 -0.0518172
0.46875 0.21875 -0.0226927
0.46875 0.1875 0.00817193
0.5 0.1875 0.0140379
0.5 0.21875 -0.0149317
0.46875 0.21875 -0.0226927
0.4375 0.1875 0.0140273
0.4375 0.15625 0.044067
0.46875 0.15625 0.0394152
0.46875 0.1875 0.00817193
0.4375 0.1875 0.0140273
0.4375 0.15625 0.044067
0.4375 0.125 0.0744626
0.46875 0.125 0.0706526
0.46875 0.15625 0.0394152
0.4375 0.15625 0.044067
0.46875 0.1875 0.00817193
0.46875 0.15625 0.0394152
0.5 0.15625 0.0442005
0.5 0.1875 0.0140379
0.46875 0.1875 0.00817193
0.46875 0.15625 0.0394152
0.46875 0.125 0.0706526
0.5 0.125 0.0746317
0.5 0.15625 0.0442005
0.46875 0.15625 0.0394152
0.375 0.125 0.0977258
0.375 0.09375 0.125442
0.40625 0.09375 0.113288
0.40625 0.125 0.0840001
0.375 0.125 0.0977258
0.375 0.09375 0.125442
0.375 0.0625 0.153798
0.40625 0.0625 0.142954
0.40625 0.09375 0.113288
0.375 0.09375 0.125442
0.40625 0.125 0.0840001
0.40625 0.09375 0.113288
0.4375 0.09375 0.105072
0.4375 0.125 0.0744626
0.40625 0.125 0.0840001
0.40625 0.09375 0.113288
0.40625 0.0625 0.142954
0.4375 0.0625 0.135801
0.4375 0.09375 0.105072
0.40625 0.09375 0.113288
0.375 0.0625 0.153798
0.375 0 0.212792
0.4375 0 0.197816
0.4375 0.0625 0.135801
0.375 0.0625 0.153798
0.4375 0.125 0.0744626
0.4375 0.09375 0.105072
0.46875 0.09375 0.101878
0.46875 0.125 0.0706526
0.4375 0.125 0.0744626
0.4375 0.09375 0.105072
0.4375 0.0625 0.135801
0.46875 0.0625 0.133089
0.46875 0.09375 0.101878
0.4375 0.09375 0.105072
0.46875 0.125 0.0706526
0.46875 0.09375 0.101878
0.5 0.09375 0.105254
0.5 0.125 0.0746317
0.46875 0.125 0.0706526
0.46875 0.09375 0.101878
0.46875 0.0625 0.133089
0.5 0.0625 0.135978
0.5 0.09375 0.105254
0.46875 0.09375 0.101878
0.4375 0.0625 0.135801
0.4375 0 0.197816
0.5 0 0.197944
0.5 0.0625 0.135978
0.4375 0.0625 0.135801
0.5 1 0.198449
0.5 0.9375 0.13656
0.5625 0.9375 0.136077
0.5625 1 0.198078
0.5 1 0.198449
0.5 0.9375 0.13656
0.5 0.90625 0.105838
0.53125 0.90625 0.101741
0.53125 0.9375 0.132961
0.5 0.9375 0.13656
0.5 0.90625 0.105838
0.5 0.875 0.0752351
0.53125 0.875 0.0705121
0.53125 0.90625 0.101741
0.5 0.90625 0.105838
0.53125 0.9375 0.132961
0.53125 0.90625 0.101741
0.5625 0.90625 0.105293
0.5625 0.9375 0.136077
0.53125 0.9375 0.132961
0.53125 0.90625 0.101741
0.53125 0.875 0.0705121
0.5625 0.875 0.0746437
0.5625 0.90625 0.105293
0.53125 0.90625 0.101741
0.5625 1 0.198078
0.5625 0.9375 0.136077
0.625 0.9375 0.156147
0.625 1 0.214455
0.5625 1 0.198078
0.5625 0.9375 0.136077
0.5625 0.90625 0.105293
0.59375 0.90625 0.114313
0.59375 0.9375 0.144002
0.5625 0.9375 0.136077
0.5625 0.90625 0.105293
0.5625 0.875 0.0746437
0.59375 0.875 0.0849991
0.59375 0.90625 0.114313
0.5625 0.90625 0.105293
0.59375 0.9375 0.144002
0.59375 0.90625 0.114313
0.625 0.90625 0.127794
0.625 0.9375 0.156147
0.59375 0.9375 0.144002
0.59375 0.90625 0.114313
0.59375 0.875 0.0849991
0.625 0.875 0.100056
0.625 0.90625 0.127794
0.59375 0.90625 0.114313
0.5 0.875 0.0752351
0.5 0.84375 0.0447875
0.53125 0.84375 0.0392761
0.53125 0.875 0.0705121
0.5 0.875 0.0752351
0.5 0.84375 0.0447875
0.5 0.8125 0.014557
0.53125 0.8125 0.00803009
0.53125 0.84375 0.0392761
0.5 0.84375 0.0447875
0.53125 0.875 0.0705121
0.53125 0.84375 0.0392761
0.5625 0.84375 0.0441762
0.5625 0.875 0.0746437
0.53125 0.875 0.0705121
0.53125 0.84375 0.0392761
0.53125 0.8125 0.00803009
0.5625 0.8125 0.0139726
0.5625 0.84375 0.0441762
0.53125 0.84375 0.0392761
0.5 0.8125 0.014557
0.5 0.78125 -0.0148726
0.53125 0.78125 -0.022967
0.53125 0.8125 0.00803009
0.5 0.8125 0.014557
0.5 0.78125 -0.0148726
0.5 0.75 -0.0429851
0.53125 0.75 -0.0534464
0.53125 0.78125 -0.022967
0.5 0.78125 -0.0148726
0.53125 0.8125 0.00803009
0.53125 0.78125 -0.022967
0.5625 0.78125 -0.0151172
0.5625 0.8125 0.0139726
0.53125 0.8125 0.00803009
0.53125 0.78125 -0.022967
0.53125 0.75 -0.0534464
0.5625 0.75 -0.0418883
0.5625 0.78125 -0.0151172
0.53125 0.78125 -0.022967
0.5625 0.875 0.0746437
0.5625 0.84375 0.0441762
0.59375 0.84375 0.056207
0.59375 0.875 0.0849991
0.5625 0.875 0.0746437
0.5625 0.84375 0.0441762
0.5625 0.8125 0.0139726
0.59375 0.8125 0.0281608
0.59375 0.84375 0.056207
0.5625 0.84375 0.0441762
0.59375 0.875 0.0849991
0.59375 0.84375 0.056207
0.625 0.84375 0.0731676
0.625 0.875 0.100056
0.59375 0.875 0.0849991
0.59375 0.84375 0.056207
0.59375 0.8125 0.0281608
0.625 0.8125 0.0473546
0.625 0.84375 0.0731676
0.59375 0.84375 0.056207
0.5625 0.8125 0.0139726
0.5625 0.78125 -0.0151172
0.59375 0.78125 0.00120212
0.59375 0.8125 0.0281608
0.5625 0.8125 0.0139726
0.5625 0.78125 -0.0151172
0.5625 0.75 -0.0418883
0.59375 0.75 -0.0223796
0.59375 0.78125 0.00120212
0.5625 0.78125 -0.0151172
0.59375 0.8125 0.0281608
0.59375 0.78125 0.00120212
0.625 0.78125 0.0229467
0.625 0.8125 0.0473546
0.59375 0.8125 0.0281608
0.59375 0.78125 0.00120212
0.59375 0.75 -0.0223796
0.625 0.75 0.000340422
0.625 0.78125 0.0229467
0.59375 0.78125 0.00120212
0.625 1 0.214455
0.625 0.9375 0.156147
0.6875 0.9375 0.189592
0.6875 1 0.242987
0.625 1 0.214455
0.625 0.9375 0.156147
0.625 0.875 0.100056
0.6875 0.875 0.138233
0.6875 0.9375 0.189592
0.625 0.9375 0.156147
0.6875 1 0.242987
0.6875 0.9375 0.189592
0.75 0.9375 0.230214
0.75 1 0.279463
0.6875 1 0.242987
0.6875 0.9375 0.189592
0.6875 0.875 0.138233
0.75 0.875 0.183032
0.75 0.9375 0.230214
0.6875 0.9375 0.189592
0.625 0.875 0.100056
0.625 0.84375 0.0731676
0.65625 0.84375 0.0929596
0.65625 0.875 0.11822
0.625 0.875 0.100056
0.625 0.84375 0.0731676
0.625 0.8125 0.0473546
0.65625 0.8125 0.0688878
0.65625 0.84375 0.0929596
0.625 0.84375 0.0731676
0.65625 0.875 0.11822
0.65625 0.84375 0.0929596
0.6875 0.84375 0.114388
0.6875 0.875 0.138233
0.65625 0.875 0.11822
0.65625 0.84375 0.0929596
0.65625 0.8125 0.0688878
0.6875 0.8125 0.0916414
0.6875 0.84375 0.114388
0.65625 0.84375 0.0929596
0.625 0.8125 0.0473546
0.625 0.78125 0.0229467
0.65625 0.78125 0.0461687
0.65625 0.8125 0.0688878
0.625 0.8125 0.0473546
0.625 0.78125 0.0229467
0.625 0.75 0.000340422
0.65625 0.75 0.0249119
0.65625 0.78125 0.0461687
0.625 0.78125 0.0229467
0.65625 0.8125 0.0688878
0.65625 0.78125 0.0461687
0.6875 0.78125 0.0700682
0.6875 0.8125 0.0916414
0.65625 0.8125 0.0688878
0.65625 0.78125 0.0461687
0.65625 0.75 0.0249119
0.6875 0.75 0.0496861
0.6875 0.78125 0.0700682
0.65625 0.78125 0.0461687
0.6875 0.875 0.138233
0.6875 0.8125 0.0916414
0.75 0.8125 0.139159
0.75 0.875 0.183032
0.6875 0.875 0.138233
0.6875 0.8125 0.0916414
0.6875 0.78125 0.0700682
0.71875 0.78125 0.0944149
0.71875 0.8125 0.115177
0.6875 0.8125 0.0916414
0.6875 0.78125 0.0700682
0.6875 0.75 0.0496861
0.71875 0.75 0.0746215
0.71875 0.78125 0.0944149
0.6875 0.78125 0.0700682
0.71875 0.8125 0.115177
0.71875 0.78125 0.0944149
0.75 0.78125 0.119025
0.75 0.8125 0.139159
0.71875 0.8125 0.115177
0.71875 0.78125 0.0944149
0.71875 0.75 0.0746215
0.75 0.75 0.0996827
0.75 0.78125 0.119025
0.71875 0.78125 0.0944149
0.5 0.75 -0.0429851
0.5 0.71875 -0.070119
0.53125 0.71875 -0.0823808
0.53125 0.75 -0.0534464
0.5 0.75 -0.0429851
0.5 0.71875 -0.070119
0.5 0.6875 -0.0965391
0.53125 0.6875 -0.108033
0.53125 0.71875 -0.0823808
0.5 0.71875 -0.070119
0.53125 0.75 -0.0534464
0.53125 0.71875 -0.0823808
0.5625 0.71875 -0.0659209
0.5625 0.75 -0.0418883
0.53125 0.75 -0.0534464
0.53125 0.71875 -0.0823808
0.53125 0.6875 -0.108033
0.5625 0.6875 -0.0872614
0.5625 0.71875 -0.0659209
0.53125 0.71875 -0.0823808
0.5 0.6875 -0.0965391
0.5 0.65625 -0.122518
0.53125 0.65625 -0.116104
0.53125 0.6875 -0.108033
0.5 0.6875 -0.0965391
0.5 0.65625 -0.122518
0.5 0.625 -0.148192
0.53125 0.625 -0.138607
0.53125 0.65625 -0.116104
0.5 0.65625 -0.122518
0.53125 0.6875 -0.108033
0.53125 0.65625 -0.116104
0.5625 0.65625 -0.106947
0.5625 0.6875 -0.0872614
0.53125 0.6875 -0.108033
0.53125 0.65625 -0.116104
0.53125 0.625 -0.138607
0.5625 0.625 -0.125824
0.5625 0.65625 -0.106947
0.53125 0.65625 -0.116104
0.5625 0.75 -0.0418883
0.5625 0.71875 -0.0659209
0.59375 0.71875 -0.0435956
0.59375 0.75 -0.0223796
0.5625 0.75 -0.0418883
0.5625 0.71875 -0.0659209
0.5625 0.6875 -0.0872614
0.59375 0.6875 -0.0632914
0.59375 0.71875 -0.0435956
0.5625 0.71875 -0.0659209
0.59375 0.75 -0.0223796
0.59375 0.71875 -0.0435956
0.625 0.71875 -0.0196019
0.625 0.75 0.000340422
0.59375 0.75 -0.0223796
0.59375 0.71875 -0.0435956
0.59375 0.6875 -0.0632914
0.625 0.6875 -0.0385377
0.625 0.71875 -0.0196019
0.59375 0.71875 -0.0435956
0.5625 0.6875 -0.0872614
0.5625 0.65625 -0.106947
0.59375 0.65625 -0.0821816
0.59375 0.6875 -0.0632914
0.5625 0.6875 -0.0872614
0.5625 0.65625 -0.106947
0.5625 0.625 -0.125824
0.59375 0.625 -0.100716
0.59375 0.65625 -0.0821816
0.5625 0.65625 -0.106947
0.59375 0.6875 -0.0632914
0.59375 0.65625 -0.0821816
0.625 0.65625 -0.0570796
0.625 0.6875 -0.0385377
0.59375 0.6875 -0.0632914
0.59375 0.65625 -0.0821816
0.59375 0.625 -0.100716
0.625 0.625 -0.0754666
0.625 0.65625 -0.0570796
0.59375 0.65625 -0.0821816
0.5 0.625 -0.148192
0.5 0.5625 -0.199234
0.5625 0.5625 -0.162741
0.5625 0.625 -0.125824
0.5 0.625 -0.148192
0.5 0.5625 -0.199234
0.5 0.5 -0.237311
0.5625 0.5 -0.193256
0.5625 0.5625 -0.162741
0.5 0.5625 -0.199234
0.5625 0.625 -0.125824
0.5625 0.59375 -0.144354
0.59375 0.59375 -0.119101
0.59375 0.625 -0.100716
0.5625 0.625 -0.125824
0.5625 0.59375 -0.144354
0.5625 0.5625 -0.162741
0.59375 0.5625 -0.137398
0.59375 0.59375 -0.119101
0.5625 0.59375 -0.144354
0.59375 0.625 -0.100716
0.59375 0.59375 -0.119101
0.625 0.59375 -0.0937778
0.625 0.625 -0.0754666
0.59375 0.625 -0.100716
0.59375 0.59375 -0.119101
0.59375 0.5625 -0.137398
0.625 0.5625 -0.112013
0.625 0.59375 -0.0937778
0.59375 0.59375 -0.119101
0.5625 0.5625 -0.162741
0.5625 0.5 -0.193256
0.625 0.5 -0.148003
0.625 0.5625 -0.112013
0.5625 0.5625 -0.162741
0.625 0.75 0.000340422
0.625 0.71875 -0.0196019
0.65625 0.71875 0.00513088
0.65625 0.75 0.0249119
0.625 0.75 0.000340422
0.625 0.71875 -0.0196019
0.625 0.6875 -0.0385377
0.65625 0.6875 -0.0134454
0.65625 0.71875 0.00513088
0.625 0.71875 -0.0196019
0.65625 0.75 0.0249119
0.65625 0.71875 0.00513088
0.6875 0.71875 0.0303465
0.6875 0.75 0.0496861
0.65625 0.75 0.0249119
0.65625 0.71875 0.00513088
0.65625 0.6875 -0.0134454
0.6875 0.6875 0.0118144
0.6875 0.71875 0.0303465
0.65625 0.71875 0.00513088
0.625 0.6875 -0.0385377
0.625 0.65625 -0.0570796
0.65625 0.65625 -0.0318336
0.65625 0.6875 -0.0134454
0.625 0.6875 -0.0385377
0.625 0.65625 -0.0570796
0.625 0.625 -0.0754666
0.65625 0.625 -0.0501519
0.65625 0.65625 -0.0318336
0.625 0.65625 -0.0570796
0.65625 0.6875 -0.0134454
0.65625 0.65625 -0.0318336
0.6875 0.65625 -0.00651978
0.6875 0.6875 0.0118144
0.65625 0.6875 -0.0134454
0.65625 0.65625 -0.0318336
0.65625 0.625 -0.0501519
0.6875 0.625 -0.0247998
0.6875 0.65625 -0.00651978
0.65625 0.65625 -0.0318336
0.6875 0.75 0.0496861
0.6875 0.71875 0.0303465
0.71875 0.71875 0.0555992
0.71875 0.75 0.0746215
0.6875 0.75 0.0496861
0.6875 0.71875 0.0303465
0.6875 0.6875 0.0118144
0.71875 0.6875 0.0371402
0.71875 0.71875 0.0555992
0.6875 0.71875 0.0303465
0.71875 0.75 0.0746215
0.71875 0.71875 0.0555992
0.75 0.71875 0.0808915
0.75 0.75 0.0996827
0.71875 0.75 0.0746215
0.71875 0.71875 0.0555992
0.71875 0.6875 0.0371402
0.75 0.6875 0.0625044
0.75 0.71875 0.0808915
0.71875 0.71875 0.0555992
0.6875 0.6875 0.0118144
0.6875 0.65625 -0.00651978
0.71875 0.65625 0.0188362
0.71875 0.6875 0.0371402
0.6875 0.6875 0.0118144
0.6875 0.65625 -0.00651978
0.6875 0.625 -0.0247998
0.71875 0.625 0.000578493
0.71875 0.65625 0.0188362
0.6875 0.65625 -0.00651978
0.71875 0.6875 0.0371402
0.71875 0.65625 0.0188362
0.75 0.65625 0.0442429
0.75 0.6875 0.0625044
0.71875 0.6875 0.0371402
0.71875 0.65625 0.0188362
0.71875 0.625 0.000578493
0.75 0.625 0.0260493
0.75 0.65625 0.0442429
0.71875 0.65625 0.0188362
0.625 0.625 -0.0754666
0.625 0.59375 -0.0937778
0.65625 0.59375 -0.068412
0.65625 0.625 -0.0501519
0.625 0.625 -0.0754666
0.625 0.59375 -0.0937778
0.625 0.5625 -0.112013
0.65625 0.5625 -0.0865871
0.65625 0.59375 -0.068412
0.625 0.59375 -0.0937778
0.65625 0.625 -0.0501519
0.65625 0.59375 -0.068412
0.6875 0.59375 -0.0430159
0.6875 0.625 -0.0247998
0.65625 0.625 -0.0501519
0.65625 0.59375 -0.068412
0.65625 0.5625 -0.0865871
0.6875 0.5625 -0.0611088
0.6875 0.59375 -0.0430159
0.65625 0.59375 -0.068412
0.625 0.5625 -0.112013
0.625 0.53125 -0.13014
0.65625 0.53125 -0.104586
0.65625 0.5625 -0.0865871
0.625 0.5625 -0.112013
0.625 0.53125 -0.13014
0.625 0.5 -0.148003
0.65625 0.5 -0.122118
0.65625 0.53125 -0.104586
0.625 0.53125 -0.13014
0.65625 0.5625 -0.0865871
0.65625 0.53125 -0.104586
0.6875 0.53125 -0.0789156
0.6875 0.5625 -0.0611088
0.65625 0.5625 -0.0865871
0.65625 0.53125 -0.104586
0.65625 0.5 -0.122118
0.6875 0.5 -0.095938
0.6875 0.53125 -0.0789156
0.65625 0.53125 -0.104586
0.6875 0.625 -0.0247998
0.6875 0.59375 -0.0430159
0.71875 0.59375 -0.0175828
0.71875 0.625 0.000578493
0.6875 0.625 -0.0247998
0.6875 0.59375 -0.0430159
0.6875 0.5625 -0.0611088
0.71875 0.5625 -0.0355395
0.71875 0.59375 -0.0175828
0.6875 0.59375 -0.0430159
0.71875 0.625 0.000578493
0.71875 0.59375 -0.0175828
0.75 0.59375 0.00795809
0.75 0.625 0.0260493
0.71875 0.625 0.000578493
0.71875 0.59375 -0.0175828
0.71875 0.5625 -0.0355395
0.75 0.5625 -0.00981339
0.75 0.59375 0.00795809
0.71875 0.59375 -0.0175828
0.6875 0.5625 -0.0611088
0.6875 0.53125 -0.0789156
0.71875 0.53125 -0.0530204
0.71875 0.5625 -0.0355395
0.6875 0.5625 -0.0611088
0.6875 0.53125 -0.0789156
0.6875 0.5 -0.095938
0.71875 0.5 -0.0691866
0.71875 0.53125 -0.0530204
0.6875 0.53125 -0.0789156
0.71875 0.5625 -0.0355395
0.71875 0.53125 -0.0530204
0.75 0.53125 -0.0267882
0.75 0.5625 -0.00981339
0.71875 0.5625 -0.0355395
0.71875 0.53125 -0.0530204
0.71875 0.5 -0.0691866
0.75 0.5 -0.041665
0.75 0.53125 -0.0267882
0.71875 0.53125 -0.0530204
0.75 1 0.279463
0.75 0.875 0.183032
0.875 0.875 0.278815
0.875 1 0.364686
0.75 1 0.279463
0.75 0.875 0.183032
0.75 0.8125 0.139159
0.8125 0.8125 0.188907
0.8125 0.875 0.230378
0.75 0.875 0.183032
0.75 0.8125 0.139159
0.75 0.75 0.0996827
0.8125 0.75 0.150105
0.8125 0.8125 0.188907
0.75 0.8125 0.139159
0.8125 0.875 0.230378
0.8125 0.8125 0.188907
0.875 0.8125 0.239087
0.875 0.875 0.278815
0.8125 0.875 0.230378
0.8125 0.8125 0.188907
0.8125 0.75 0.150105
0.875 0.75 0.201287
0.875 0.8125 0.239087
0.8125 0.8125 0.188907
0.875 1 0.364686
0.875 0.875 0.278815
1 0.875 0.381516
1 1 0.461055
0.875 1 0.364686
0.875 0.875 0.278815
0.875 0.75 0.201287
1 0.75 0.307544
1 0.875 0.381516
0.875 0.875 0.278815
0.75 0.75 0.0996827
0.75 0.71875 0.0808915
0.78125 0.71875 0.106236
0.78125 0.75 0.124843
0.75 0.75 0.0996827
0.75 0.71875 0.0808915
0.75 0.6875 0.0625044
0.78125 0.6875 0.0879324
0.78125 0.71875 0.106236
0.75 0.71875 0.0808915
0.78125 0.75 0.124843
0.78125 0.71875 0.106236
0.8125 0.71875 0.131665
0.8125 0.75 0.150105
0.78125 0.75 0.124843
0.78125 0.71875 0.106236
0.78125 0.6875 0.0879324
0.8125 0.6875 0.113474
0.8125 0.71875 0.131665
0.78125 0.71875 0.106236
0.75 0.6875 0.0625044
0.75 0.65625 0.0442429
0.78125 0.65625 0.0697524
0.78125 0.6875 0.0879324
0.75 0.6875 0.0625044
0.75 0.65625 0.0442429
0.75 0.625 0.0260493
0.78125 0.625 0.0517068
0.78125 0.65625 0.0697524
0.75 0.65625 0.0442429
0.78125 0.6875 0.0879324
0.78125 0.65625 0.0697524
0.8125 0.65625 0.0954596
0.8125 0.6875 0.113474
0.78125 0.6875 0.0879324
0.78125 0.65625 0.0697524
0.78125 0.625 0.0517068
0.8125 0.625 0.0777128
0.8125 0.65625 0.0954596
0.78125 0.65625 0.0697524
0.8125 0.75 0.150105
0.8125 0.6875 0.113474
0.875 0.6875 0.165222
0.875 0.75 0.201287
0.8125 0.75 0.150105
0.8125 0.6875 0.113474
0.8125 0.65625 0.0954596
0.84375 0.65625 0.121484
0.84375 0.6875 0.139205
0.8125 0.6875 0.113474
0.8125 0.65625 0.0954596
0.8125 0.625 0.0777128
0.84375 0.625 0.104196
0.84375 0.65625 0.121484
0.8125 0.65625 0.0954596
0.84375 0.6875 0.139205
0.84375 0.65625 0.121484
0.875 0.65625 0.147876
0.875 0.6875 0.165222
0.84375 0.6875 0.139205
0.84375 0.65625 0.121484
0.84375 0.625 0.104196
0.875 0.625 0.131198
0.875 0.65625 0.147876
0.84375 0.65625 0.121484
0.75 0.625 0.0260493
0.75 0.59375 0.00795809
0.78125 0.59375 0.03389
0.78125 0.625 0.0517068
0.75 0.625 0.0260493
0.75 0.59375 0.00795809
0.75 0.5625 -0.00981339
0.78125 0.5625 0.0165217
0.78125 0.59375 0.03389
0.75 0.59375 0.00795809
0.78125 0.625 0.0517068
0.78125 0.59375 0.03389
0.8125 0.59375 0.0604183
0.8125 0.625 0.0777128
0.78125 0.625 0.0517068
0.78125 0.59375 0.03389
0.78125 0.5625 0.0165217
0.8125 0.5625 0.0439689
0.8125 0.59375 0.0604183
0.78125 0.59375 0.03389
0.75 0.5625 -0.00981339
0.75 0.53125 -0.0267882
0.78125 0.53125 -3.7913e-005
0.78125 0.5625 0.0165217
0.75 0.5625 -0.00981339
0.75 0.53125 -0.0267882
0.75 0.5 -0.041665
0.78125 0.5 -0.0131397
0.78125 0.53125 -3.7913e-005
0.75 0.53125 -0.0267882
0.78125 0.5625 0.0165217
0.78125 0.53125 -3.7913e-005
0.8125 0.53125 0.029061
0.8125 0.5625 0.0439689
0.78125 0.5625 0.0165217
0.78125 0.53125 -3.7913e-005
0.78125 0.5 -0.0131397
0.8125 0.5 0.0169921
0.8125 0.53125 0.029061
0.78125 0.53125 -3.7913e-005
0.8125 0.625 0.0777128
0.8125 0.59375 0.0604183
0.84375 0.59375 0.0876527
0.84375 0.625 0.104196
0.8125 0.625 0.0777128
0.8125 0.59375 0.0604183
0.8125 0.5625 0.0439689
0.84375 0.5625 0.0722758
0.84375 0.59375 0.0876527
0.8125 0.59375 0.0604183
0.84375 0.625 0.104196
0.84375 0.59375 0.0876527
0.875 0.59375 0.115457
0.875 0.625 0.131198
0.84375 0.625 0.104196
0.84375 0.59375 0.0876527
0.84375 0.5625 0.0722758
0.875 0.5625 0.101128
0.875 0.59375 0.115457
0.84375 0.59375 0.0876527
0.8125 0.5625 0.0439689
0.8125 0.53125 0.029061
0.84375 0.53125 0.058727
0.84375 0.5625 0.0722758
0.8125 0.5625 0.0439689
0.8125 0.53125 0.029061
0.8125 0.5 0.0169921
0.84375 0.5 0.047993
0.84375 0.53125 0.058727
0.8125 0.53125 0.029061
0.84375 0.5625 0.0722758
0.84375 0.53125 0.058727
0.875 0.53125 0.0887078
0.875 0.5625 0.101128
0.84375 0.5625 0.0722758
0.84375 0.53125 0.058727
0.84375 0.5 0.047993
0.875 0.5 0.0789717
0.875 0.53125 0.0887078
0.84375 0.53125 0.058727
0.875 0.75 0.201287
0.875 0.6875 0.165222
0.9375 0.6875 0.218836
0.9375 0.75 0.253494
0.875 0.75 0.201287
0.875 0.6875 0.165222
0.875 0.625 0.131198
0.9375 0.625 0.187198
0.9375 0.6875 0.218836
0.875 0.6875 0.165222
0.9375 0.75 0.253494
0.9375 0.6875 0.218836
1 0.6875 0.274827
1 0.75 0.307544
0.9375 0.75 0.253494
0.9375 0.6875 0.218836
0.9375 0.625 0.187198
1 0.625 0.245444
1 0.6875 0.274827
0.9375 0.6875 0.218836
0.875 0.625 0.131198
0.875 0.5625 0.101128
0.9375 0.5625 0.15984
0.9375 0.625 0.187198
0.875 0.625 0.131198
0.875 0.5625 0.101128
0.875 0.53125 0.0887078
0.90625 0.53125 0.118875
0.90625 0.5625 0.130358
0.875 0.5625 0.101128
0.875 0.53125 0.0887078
0.875 0.5 0.0789717
0.90625 0.5 0.10992
0.90625 0.53125 0.118875
0.875 0.53125 0.0887078
0.90625 0.5625 0.130358
0.90625 0.53125 0.118875
0.9375 0.53125 0.149146
0.9375 0.5625 0.15984
0.90625 0.5625 0.130358
0.90625 0.53125 0.118875
0.90625 0.5 0.10992
0.9375 0.5 0.140834
0.9375 0.53125 0.149146
0.90625 0.53125 0.118875
0.9375 0.625 0.187198
0.9375 0.5625 0.15984
1 0.5625 0.22068
1 0.625 0.245444
0.9375 0.625 0.187198
0.9375 0.5625 0.15984
0.9375 0.5 0.140834
1 0.5 0.20321
1 0.5625 0.22068
0.9375 0.5625 0.15984
0.5 0.5 -0.237311
0.5 0.4375 -0.198545
0.5625 0.4375 -0.162169
0.5625 0.5 -0.193256
0.5 0.5 -0.237311
0.5 0.4375 -0.198545
0.5 0.375 -0.147688
0.5625 0.375 -0.111931
0.5625 0.4375 -0.162169
0.5 0.4375 -0.198545
0.5625 0.5 -0.193256
0.5625 0.4375 -0.162169
0.625 0.4375 -0.124327
0.625 0.5 -0.148003
0.5625 0.5 -0.193256
0.5625 0.4375 -0.162169
0.5625 0.40625 -0.13718
0.59375 0.40625 -0.11876
0.59375 0.4375 -0.143412
0.5625 0.4375 -0.162169
0.5625 0.40625 -0.13718
0.5625 0.375 -0.111931
0.59375 0.375 -0.0936657
0.59375 0.40625 -0.11876
0.5625 0.40625 -0.13718
0.59375 0.4375 -0.143412
0.59375 0.40625 -0.11876
0.625 0.40625 -0.100179
0.625 0.4375 -0.124327
0.59375 0.4375 -0.143412
0.59375 0.40625 -0.11876
0.59375 0.375 -0.0936657
0.625 0.375 -0.0753031
0.625 0.40625 -0.100179
0.59375 0.40625 -0.11876
0.5 0.375 -0.147688
0.5 0.34375 -0.121884
0.53125 0.34375 -0.104541
0.53125 0.375 -0.130028
0.5 0.375 -0.147688
0.5 0.34375 -0.121884
0.5 0.3125 -0.0958149
0.53125 0.3125 -0.0789481
0.53125 0.34375 -0.104541
0.5 0.34375 -0.121884
0.53125 0.375 -0.130028
0.53125 0.34375 -0.104541
0.5625 0.34375 -0.0865679
0.5625 0.375 -0.111931
0.53125 0.375 -0.130028
0.53125 0.34375 -0.104541
0.53125 0.3125 -0.0789481
0.5625 0.3125 -0.0611488
0.5625 0.34375 -0.0865679
0.53125 0.34375 -0.104541
0.5 0.3125 -0.0958149
0.5 0.28125 -0.0693843
0.53125 0.28125 -0.0532235
0.53125 0.3125 -0.0789481
0.5 0.3125 -0.0958149
0.5 0.28125 -0.0693843
0.5 0.25 -0.0424728
0.53125 0.25 -0.0272996
0.53125 0.28125 -0.0532235
0.5 0.28125 -0.0693843
0.53125 0.3125 -0.0789481
0.53125 0.28125 -0.0532235
0.5625 0.28125 -0.0356747
0.5625 0.3125 -0.0611488
0.53125 0.3125 -0.0789481
0.53125 0.28125 -0.0532235
0.53125 0.25 -0.0272996
0.5625 0.25 -0.0101255
0.5625 0.28125 -0.0356747
0.53125 0.28125 -0.0532235
0.5625 0.375 -0.111931
0.5625 0.34375 -0.0865679
0.59375 0.34375 -0.0683826
0.59375 0.375 -0.0936657
0.5625 0.375 -0.111931
0.5625 0.34375 -0.0865679
0.5625 0.3125 -0.0611488
0.59375 0.3125 -0.0430286
0.59375 0.34375 -0.0683826
0.5625 0.34375 -0.0865679
0.59375 0.375 -0.0936657
0.59375 0.34375 -0.0683826
0.625 0.34375 -0.0501083
0.625 0.375 -0.0753031
0.59375 0.375 -0.0936657
0.59375 0.34375 -0.0683826
0.59375 0.3125 -0.0430286
0.625 0.3125 -0.024795
0.625 0.34375 -0.0501083
0.59375 0.34375 -0.0683826
0.5625 0.3125 -0.0611488
0.5625 0.28125 -0.0356747
0.59375 0.28125 -0.0176474
0.59375 0.3125 -0.0430286
0.5625 0.3125 -0.0611488
0.5625 0.28125 -0.0356747
0.5625 0.25 -0.0101255
0.59375 0.25 0.00778353
0.59375 0.28125 -0.0176474
0.5625 0.28125 -0.0356747
0.59375 0.3125 -0.0430286
0.59375 0.28125 -0.0176474
0.625 0.28125 0.000552526
0.625 0.3125 -0.024795
0.59375 0.3125 -0.0430286
0.59375 0.28125 -0.0176474
0.59375 0.25 0.00778353
0.625 0.25 0.0259406
0.625 0.28125 0.000552526
0.59375 0.28125 -0.0176474
0.625 0.5 -0.148003
0.625 0.46875 -0.14589
0.65625 0.46875 -0.124527
0.65625 0.5 -0.122118
0.625 0.5 -0.148003
0.625 0.46875 -0.14589
0.625 0.4375 -0.124327
0.65625 0.4375 -0.104636
0.65625 0.46875 -0.124527
0.625 0.46875 -0.14589
0.65625 0.5 -0.122118
0.65625 0.46875 -0.124527
0.6875 0.46875 -0.10101
0.6875 0.5 -0.095938
0.65625 0.5 -0.122118
0.65625 0.46875 -0.124527
0.65625 0.4375 -0.104636
0.6875 0.4375 -0.0840255
0.6875 0.46875 -0.10101
0.65625 0.46875 -0.124527
0.625 0.4375 -0.124327
0.625 0.40625 -0.100179
0.65625 0.40625 -0.0813447
0.65625 0.4375 -0.104636
0.625 0.4375 -0.124327
0.625 0.40625 -0.100179
0.625 0.375 -0.0753031
0.65625 0.375 -0.0568518
0.65625 0.40625 -0.0813447
0.625 0.40625 -0.100179
0.65625 0.4375 -0.104636
0.65625 0.40625 -0.0813447
0.6875 0.40625 -0.0620799
0.6875 0.4375 -0.0840255
0.65625 0.4375 -0.104636
0.65625 0.40625 -0.0813447
0.65625 0.375 -0.0568518
0.6875 0.375 -0.0382506
0.6875 0.40625 -0.0620799
0.65625 0.40625 -0.0813447
0.6875 0.5 -0.095938
0.6875 0.46875 -0.10101
0.71875 0.46875 -0.0756473
0.71875 0.5 -0.0691866
0.6875 0.5 -0.095938
0.6875 0.46875 -0.10101
0.6875 0.4375 -0.0840255
0.71875 0.4375 -0.0620535
0.71875 0.46875 -0.0756473
0.6875 0.46875 -0.10101
0.71875 0.5 -0.0691866
0.71875 0.46875 -0.0756473
0.75 0.46875 -0.0484624
0.75 0.5 -0.041665
0.71875 0.5 -0.0691866
0.71875 0.46875 -0.0756473
0.71875 0.4375 -0.0620535
0.75 0.4375 -0.038264
0.75 0.46875 -0.0484624
0.71875 0.46875 -0.0756473
0.6875 0.4375 -0.0840255
0.6875 0.40625 -0.0620799
0.71875 0.40625 -0.0421
0.71875 0.4375 -0.0620535
0.6875 0.4375 -0.0840255
0.6875 0.40625 -0.0620799
0.6875 0.375 -0.0382506
0.71875 0.375 -0.0194455
0.71875 0.40625 -0.0421
0.6875 0.40625 -0.0620799
0.71875 0.4375 -0.0620535
0.71875 0.40625 -0.0421
0.75 0.40625 -0.0211521
0.75 0.4375 -0.038264
0.71875 0.4375 -0.0620535
0.71875 0.40625 -0.0421
0.71875 0.375 -0.0194455
0.75 0.375 -3.31954e-007
0.75 0.40625 -0.0211521
0.71875 0.40625 -0.0421
0.625 0.375 -0.0753031
0.625 0.34375 -0.0501083
0.65625 0.34375 -0.0317858
0.65625 0.375 -0.0568518
0.625 0.375 -0.0753031
0.625 0.34375 -0.0501083
0.625 0.3125 -0.024795
0.65625 0.3125 -0.00651836
0.65625 0.34375 -0.0317858
0.625 0.34375 -0.0501083
0.65625 0.375 -0.0568518
0.65625 0.34375 -0.0317858
0.6875 0.34375 -0.0134212
0.6875 0.375 -0.0382506
0.65625 0.375 -0.0568518
0.65625 0.34375 -0.0317858
0.65625 0.3125 -0.00651836
0.6875 0.3125 0.0118191
0.6875 0.34375 -0.0134212
0.65625 0.34375 -0.0317858
0.625 0.3125 -0.024795
0.625 0.28125 0.000552526
0.65625 0.28125 0.0188138
0.65625 0.3125 -0.00651836
0.625 0.3125 -0.024795
0.625 0.28125 0.000552526
0.625 0.25 0.0259406
0.65625 0.25 0.0441691
0.65625 0.28125 0.0188138
0.625 0.28125 0.000552526
0.65625 0.3125 -0.00651836
0.65625 0.28125 0.0188138
0.6875 0.28125 0.0371191
0.6875 0.3125 0.0118191
0.65625 0.3125 -0.00651836
0.65625 0.28125 0.0188138
0.65625 0.25 0.0441691
0.6875 0.25 0.0624422
0.6875 0.28125 0.0371191
0.65625 0.28125 0.0188138
0.6875 0.375 -0.0382506
0.6875 0.34375 -0.0134212
0.71875 0.34375 0.00514702
0.71875 0.375 -0.0194455
0.6875 0.375 -0.0382506
0.6875 0.34375 -0.0134212
0.6875 0.3125 0.0118191
0.71875 0.3125 0.0302743
0.71875 0.34375 0.00514702
0.6875 0.34375 -0.0134212
0.71875 0.375 -0.0194455
0.71875 0.34375 0.00514702
0.75 0.34375 0.0242595
0.75 0.375 -3.31954e-007
0.71875 0.375 -0.0194455
0.71875 0.34375 0.00514702
0.71875 0.3125 0.0302743
0.75 0.3125 0.0490216
0.75 0.34375 0.0242595
0.71875 0.34375 0.00514702
0.6875 0.3125 0.0118191
0.6875 0.28125 0.0371191
0.71875 0.28125 0.0554968
0.71875 0.3125 0.0302743
0.6875 0.3125 0.0118191
0.6875 0.28125 0.0371191
0.6875 0.25 0.0624422
0.71875 0.25 0.0807708
0.71875 0.28125 0.0554968
0.6875 0.28125 0.0371191
0.71875 0.3125 0.0302743
0.71875 0.28125 0.0554968
0.75 0.28125 0.0740412
0.75 0.3125 0.0490216
0.71875 0.3125 0.0302743
0.71875 0.28125 0.0554968
0.71875 0.25 0.0807708
0.75 0.25 0.0992005
0.75 0.28125 0.0740412
0.71875 0.28125 0.0554968
0.5 0.25 -0.0424728
0.5 0.21875 -0.0149317
0.53125 0.21875 -0.00109519
0.53125 0.25 -0.0272996
0.5 0.25 -0.0424728
0.5 0.21875 -0.0149317
0.5 0.1875 0.0140379
0.53125 0.1875 0.0264112
0.53125 0.21875 -0.00109519
0.5 0.21875 -0.0149317
0.53125 0.25 -0.0272996
0.53125 0.21875 -0.00109519
0.5625 0.21875 0.015721
0.5625 0.25 -0.0101255
0.53125 0.25 -0.0272996
0.53125 0.21875 -0.00109519
0.53125 0.1875 0.0264112
0.5625 0.1875 0.042076
0.5625 0.21875 0.015721
0.53125 0.21875 -0.00109519
0.5 0.1875 0.0140379
0.5 0.15625 0.0442005
0.53125 0.15625 0.0547475
0.53125 0.1875 0.0264112
0.5 0.1875 0.0140379
0.5 0.15625 0.0442005
0.5 0.125 0.0746317
0.53125 0.125 0.0837728
0.53125 0.15625 0.0547475
0.5 0.15625 0.0442005
0.53125 0.1875 0.0264112
0.53125 0.15625 0.0547475
0.5625 0.15625 0.0690252
0.5625 0.1875 0.042076
0.53125 0.1875 0.0264112
0.53125 0.15625 0.0547475
0.53125 0.125 0.0837728
0.5625 0.125 0.0965964
0.5625 0.15625 0.0690252
0.53125 0.15625 0.0547475
0.5625 0.25 -0.0101255
0.5625 0.21875 0.015721
0.59375 0.21875 0.033368
0.59375 0.25 0.00778353
0.5625 0.25 -0.0101255
0.5625 0.21875 0.015721
0.5625 0.1875 0.042076
0.59375 0.1875 0.0591848
0.59375 0.21875 0.033368
0.5625 0.21875 0.015721
0.59375 0.25 0.00778353
0.59375 0.21875 0.033368
0.625 0.21875 0.0513888
0.625 0.25 0.0259406
0.59375 0.25 0.00778353
0.59375 0.21875 0.033368
0.59375 0.1875 0.0591848
0.625 0.1875 0.0769451
0.625 0.21875 0.0513888
0.59375 0.21875 0.033368
0.5625 0.1875 0.042076
0.5625 0.15625 0.0690252
0.59375 0.15625 0.0853418
0.59375 0.1875 0.0591848
0.5625 0.1875 0.042076
0.5625 0.15625 0.0690252
0.5625 0.125 0.0965964
0.59375 0.125 0.111931
0.59375 0.15625 0.0853418
0.5625 0.15625 0.0690252
0.59375 0.1875 0.0591848
0.59375 0.15625 0.0853418
0.625 0.15625 0.10268
0.625 0.1875 0.0769451
0.59375 0.1875 0.0591848
0.59375 0.15625 0.0853418
0.59375 0.125 0.111931
0.625 0.125 0.128677
0.625 0.15625 0.10268
0.59375 0.15625 0.0853418
0.5 0.125 0.0746317
0.5 0.09375 0.105254
0.53125 0.09375 0.113229
0.53125 0.125 0.0837728
0.5 0.125 0.0746317
0.5 0.09375 0.105254
0.5 0.0625 0.135978
0.53125 0.0625 0.142988
0.53125 0.09375 0.113229
0.5 0.09375 0.105254
0.53125 0.125 0.0837728
0.53125 0.09375 0.113229
0.5625 0.09375 0.124848
0.5625 0.125 0.0965964
0.53125 0.125 0.0837728
0.53125 0.09375 0.113229
0.53125 0.0625 0.142988
0.5625 0.0625 0.153521
0.5625 0.09375 0.124848
0.53125 0.09375 0.113229
0.5 0.0625 0.135978
0.5 0 0.197944
0.5625 0 0.212695
0.5625 0.0625 0.153521
0.5 0.0625 0.135978
0.5625 0.125 0.0965964
0.5625 0.0625 0.153521
0.625 0.0625 0.181989
0.625 0.125 0.128677
0.5625 0.125 0.0965964
0.5625 0.0625 0.153521
0.5625 0 0.212695
0.625 0 0.237772
0.625 0.0625 0.181989
0.5625 0.0625 0.153521
0.625 0.25 0.0259406
0.625 0.21875 0.0513888
0.65625 0.21875 0.0695559
0.65625 0.25 0.0441691
0.625 0.25 0.0259406
0.625 0.21875 0.0513888
0.625 0.1875 0.0769451
0.65625 0.1875 0.0949945
0.65625 0.21875 0.0695559
0.625 0.21875 0.0513888
0.65625 0.25 0.0441691
0.65625 0.21875 0.0695559
0.6875 0.21875 0.0877897
0.6875 0.25 0.0624422
0.65625 0.25 0.0441691
0.65625 0.21875 0.0695559
0.65625 0.1875 0.0949945
0.6875 0.1875 0.11317
0.6875 0.21875 0.0877897
0.65625 0.21875 0.0695559
0.625 0.1875 0.0769451
0.625 0.15625 0.10268
0.65625 0.15625 0.12052
0.65625 0.1875 0.0949945
0.625 0.1875 0.0769451
0.625 0.15625 0.10268
0.625 0.125 0.128677
0.65625 0.125 0.146187
0.65625 0.15625 0.12052
0.625 0.15625 0.10268
0.65625 0.1875 0.0949945
0.65625 0.15625 0.12052
0.6875 0.15625 0.138601
0.6875 0.1875 0.11317
0.65625 0.1875 0.0949945
0.65625 0.15625 0.12052
0.65625 0.125 0.146187
0.6875 0.125 0.164108
0.6875 0.15625 0.138601
0.65625 0.15625 0.12052
0.6875 0.25 0.0624422
0.6875 0.21875 0.0877897
0.71875 0.21875 0.106077
0.71875 0.25 0.0807708
0.6875 0.25 0.0624422
0.6875 0.21875 0.0877897
0.6875 0.1875 0.11317
0.71875 0.1875 0.131412
0.71875 0.21875 0.106077
0.6875 0.21875 0.0877897
0.71875 0.25 0.0807708
0.71875 0.21875 0.106077
0.75 0.21875 0.124438
0.75 0.25 0.0992005
0.71875 0.25 0.0807708
0.71875 0.21875 0.106077
0.71875 0.1875 0.131412
0.75 0.1875 0.14972
0.75 0.21875 0.124438
0.71875 0.21875 0.106077
0.6875 0.1875 0.11317
0.6875 0.125 0.164108
0.75 0.125 0.200394
0.75 0.1875 0.14972
0.6875 0.1875 0.11317
0.625 0.125 0.128677
0.625 0.0625 0.181989
0.6875 0.0625 0.215704
0.6875 0.125 0.164108
0.625 0.125 0.128677
0.625 0.0625 0.181989
0.625 0 0.237772
0.6875 0 0.268941
0.6875 0.0625 0.215704
0.625 0.0625 0.181989
0.6875 0.125 0.164108
0.6875 0.0625 0.215704
0.75 0.0625 0.251365
0.75 0.125 0.200394
0.6875 0.125 0.164108
0.6875 0.0625 0.215704
0.6875 0 0.268941
0.75 0 0.30324
0.75 0.0625 0.251365
0.6875 0.0625 0.215704
0.75 0.5 -0.041665
0.75 0.46875 -0.0484624
0.78125 0.46875 -0.0196421
0.78125 0.5 -0.0131397
0.75 0.5 -0.041665
0.75 0.46875 -0.0484624
0.75 0.4375 -0.038264
0.78125 0.4375 -0.0126159
0.78125 0.46875 -0.0196421
0.75 0.46875 -0.0484624
0.78125 0.5 -0.0131397
0.78125 0.46875 -0.0196421
0.8125 0.46875 0.0106048
0.8125 0.5 0.0169921
0.78125 0.5 -0.0131397
0.78125 0.46875 -0.0196421
0.78125 0.4375 -0.0126159
0.8125 0.4375 0.0157189
0.8125 0.46875 0.0106048
0.78125 0.46875 -0.0196421
0.75 0.4375 -0.038264
0.75 0.40625 -0.0211521
0.78125 0.40625 0.00102868
0.78125 0.4375 -0.0126159
0.75 0.4375 -0.038264
0.75 0.40625 -0.0211521
0.75 0.375 -3.31954e-007
0.78125 0.375 0.0214826
0.78125 0.40625 0.00102868
0.75 0.40625 -0.0211521
0.78125 0.4375 -0.0126159
0.78125 0.40625 0.00102868
0.8125 0.40625 0.027949
0.8125 0.4375 0.0157189
0.78125 0.4375 -0.0126159
0.78125 0.40625 0.00102868
0.78125 0.375 0.0214826
0.8125 0.375 0.0452043
0.8125 0.40625 0.027949
0.78125 0.40625 0.00102868
0.8125 0.5 0.0169921
0.8125 0.46875 0.0106048
0.84375 0.46875 0.0418462
0.84375 0.5 0.047993
0.8125 0.5 0.0169921
0.8125 0.46875 0.0106048
0.8125 0.4375 0.0157189
0.84375 0.4375 0.0460096
0.84375 0.46875 0.0418462
0.8125 0.46875 0.0106048
0.84375 0.5 0.047993
0.84375 0.46875 0.0418462
0.875 0.46875 0.073079
0.875 0.5 0.0789717
0.84375 0.5 0.047993
0.84375 0.46875 0.0418462
0.84375 0.4375 0.0460096
0.875 0.4375 0.0765682
0.875 0.46875 0.073079
0.84375 0.46875 0.0418462
0.8125 0.4375 0.0157189
0.8125 0.40625 0.027949
0.84375 0.40625 0.0561885
0.84375 0.4375 0.0460096
0.8125 0.4375 0.0157189
0.8125 0.40625 0.027949
0.8125 0.375 0.0452043
0.84375 0.375 0.0710705
0.84375 0.40625 0.0561885
0.8125 0.40625 0.027949
0.84375 0.4375 0.0460096
0.84375 0.40625 0.0561885
0.875 0.40625 0.0851751
0.875 0.4375 0.0765682
0.84375 0.4375 0.0460096
0.84375 0.40625 0.0561885
0.84375 0.375 0.0710705
0.875 0.375 0.0980447
0.875 0.40625 0.0851751
0.84375 0.40625 0.0561885
0.75 0.375 -3.31954e-007
0.75 0.34375 0.0242595
0.78125 0.34375 0.0443979
0.78125 0.375 0.0214826
0.75 0.375 -3.31954e-007
0.75 0.34375 0.0242595
0.75 0.3125 0.0490216
0.78125 0.3125 0.0683884
0.78125 0.34375 0.0443979
0.75 0.34375 0.0242595
0.78125 0.375 0.0214826
0.78125 0.34375 0.0443979
0.8125 0.34375 0.0660452
0.8125 0.375 0.0452043
0.78125 0.375 0.0214826
0.78125 0.34375 0.0443979
0.78125 0.3125 0.0683884
0.8125 0.3125 0.08877
0.8125 0.34375 0.0660452
0.78125 0.34375 0.0443979
0.75 0.3125 0.0490216
0.75 0.28125 0.0740412
0.78125 0.28125 0.0929485
0.78125 0.3125 0.0683884
0.75 0.3125 0.0490216
0.75 0.28125 0.0740412
0.75 0.25 0.0992005
0.78125 0.25 0.117862
0.78125 0.28125 0.0929485
0.75 0.28125 0.0740412
0.78125 0.3125 0.0683884
0.78125 0.28125 0.0929485
0.8125 0.28125 0.112518
0.8125 0.3125 0.08877
0.78125 0.3125 0.0683884
0.78125 0.28125 0.0929485
0.78125 0.25 0.117862
0.8125 0.25 0.136931
0.8125 0.28125 0.112518
0.78125 0.28125 0.0929485
0.8125 0.375 0.0452043
0.8125 0.34375 0.0660452
0.84375 0.34375 0.089439
0.84375 0.375 0.0710705
0.8125 0.375 0.0452043
0.8125 0.34375 0.0660452
0.8125 0.3125 0.08877
0.84375 0.3125 0.110474
0.84375 0.34375 0.089439
0.8125 0.34375 0.0660452
0.84375 0.375 0.0710705
0.84375 0.34375 0.089439
0.875 0.34375 0.114463
0.875 0.375 0.0980447
0.84375 0.375 0.0710705
0.84375 0.34375 0.089439
0.84375 0.3125 0.110474
0.875 0.3125 0.13371
0.875 0.34375 0.114463
0.84375 0.34375 0.089439
0.8125 0.3125 0.08877
0.8125 0.25 0.136931
0.875 0.25 0.177329
0.875 0.3125 0.13371
0.8125 0.3125 0.08877
0.875 0.5 0.0789717
0.875 0.46875 0.073079
0.90625 0.46875 0.104293
0.90625 0.5 0.10992
0.875 0.5 0.0789717
0.875 0.46875 0.073079
0.875 0.4375 0.0765682
0.90625 0.4375 0.107249
0.90625 0.46875 0.104293
0.875 0.46875 0.073079
0.90625 0.5 0.10992
0.90625 0.46875 0.104293
0.9375 0.46875 0.135487
0.9375 0.5 0.140834
0.90625 0.5 0.10992
0.90625 0.46875 0.104293
0.90625 0.4375 0.107249
0.9375 0.4375 0.138012
0.9375 0.46875 0.135487
0.90625 0.46875 0.104293
0.875 0.4375 0.0765682
0.875 0.40625 0.0851751
0.90625 0.40625 0.114687
0.90625 0.4375 0.107249
0.875 0.4375 0.0765682
0.875 0.40625 0.0851751
0.875 0.375 0.0980447
0.90625 0.375 0.126049
0.90625 0.40625 0.114687
0.875 0.40625 0.0851751
0.90625 0.4375 0.107249
0.90625 0.40625 0.114687
0.9375 0.40625 0.144518
0.9375 0.4375 0.138012
0.90625 0.4375 0.107249
0.90625 0.40625 0.114687
0.90625 0.375 0.126049
0.9375 0.375 0.154649
0.9375 0.40625 0.144518
0.90625 0.40625 0.114687
0.9375 0.5 0.140834
0.9375 0.4375 0.138012
1 0.4375 0.200251
1 0.5 0.20321
0.9375 0.5 0.140834
0.9375 0.4375 0.138012
0.9375 0.375 0.154649
1 0.375 0.213984
1 0.4375 0.200251
0.9375 0.4375 0.138012
0.875 0.375 0.0980447
0.875 0.3125 0.13371
0.9375 0.3125 0.183863
0.9375 0.375 0.154649
0.875 0.375 0.0980447
0.875 0.3125 0.13371
0.875 0.25 0.177329
0.9375 0.25 0.221987
0.9375 0.3125 0.183863
0.875 0.3125 0.13371
0.9375 0.375 0.154649
0.9375 0.3125 0.183863
1 0.3125 0.239016
1 0.375 0.213984
0.9375 0.375 0.154649
0.9375 0.3125 0.183863
0.9375 0.25 0.221987
1 0.25 0.272503
1 0.3125 0.239016
0.9375 0.3125 0.183863
0.75 0.25 0.0992005
0.75 0.1875 0.14972
0.8125 0.1875 0.186806
0.8125 0.25 0.136931
0.75 0.25 0.0992005
0.75 0.1875 0.14972
0.75 0.125 0.200394
0.8125 0.125 0.237073
0.8125 0.1875 0.186806
0.75 0.1875 0.14972
0.8125 0.25 0.136931
0.8125 0.1875 0.186806
0.875 0.1875 0.225318
0.875 0.25 0.177329
0.8125 0.25 0.136931
0.8125 0.1875 0.186806
0.8125 0.125 0.237073
0.875 0.125 0.274621
0.875 0.1875 0.225318
0.8125 0.1875 0.186806
0.75 0.125 0.200394
0.75 0 0.30324
0.875 0 0.375207
0.875 0.125 0.274621
0.75 0.125 0.200394
0.875 0.25 0.177329
0.875 0.125 0.274621
1 0.125 0.356595
1 0.25 0.272503
0.875 0.25 0.177329
0.875 0.125 0.274621
0.875 0 0.375207
1 0 0.453805
1 0.125 0.356595
0.875 0.125 0.274621
