0 1 0.396756
0 0.875 0.311404
0.125 0.875 0.207322
0.125 1 0.307077
0 1 0.396756
0 0.875 0.311404
0 0.8125 0.279082
0.0625 0.8125 0.220579
0.0625 0.875 0.25707
0 0.875 0.311404
0 0.8125 0.279082
0 0.75 0.255162
0.0625 0.75 0.19337
0.0625 0.8125 0.220579
0 0.8125 0.279082
0.0625 0.875 0.25707
0.0625 0.8125 0.220579
0.125 0.8125 0.163801
0.125 0.875 0.207322
0.0625 0.875 0.25707
0.0625 0.8125 0.220579
0.0625 0.75 0.19337
0.125 0.75 0.131466
0.125 0.8125 0.163801
0.0625 0.8125 0.220579
0.125 1 0.307077
0.125 0.9375 0.25587
0.1875 0.9375 0.220667
0.1875 1 0.27819
0.125 1 0.307077
0.125 0.9375 0.25587
0.125 0.875 0.207322
0.1875 0.875 0.164845
0.1875 0.9375 0.220667
0.125 0.9375 0.25587
0.1875 1 0.27819
0.1875 0.9375 0.220667
0.25 0.9375 0.19933
0.25 1 0.261151
0.1875 1 0.27819
0.1875 0.9375 0.220667
0.1875 0.875 0.164845
0.25 0.875 0.137574
0.25 0.9375 0.19933
0.1875 0.9375 0.220667
0.125 0.875 0.207322
0.125 0.8125 0.163801
0.1875 0.8125 0.114904
0.1875 0.875 0.164845
0.125 0.875 0.207322
0.125 0.8125 0.163801
0.125 0.78125 0.14617
0.15625 0.78125 0.118914
0.15625 0.8125 0.138628
0.125 0.8125 0.163801
0.125 0.78125 0.14617
0.125 0.75 0.131466
0.15625 0.75 0.102117
0.15625 0.78125 0.118914
0.125 0.78125 0.14617
0.15625 0.8125 0.138628
0.15625 0.78125 0.118914
0.1875 0.78125 0.0926676
0.1875 0.8125 0.114904
0.15625 0.8125 0.138628
0.15625 0.78125 0.118914
0.15625 0.75 0.102117
0.1875 0.75 0.073241
0.1875 0.78125 0.0926676
0.15625 0.78125 0.118914
0.1875 0.875 0.164845
0.1875 0.84375 0.139148
0.21875 0.84375 0.12104
0.21875 0.875 0.149108
0.1875 0.875 0.164845
0.1875 0.84375 0.139148
0.1875 0.8125 0.114904
0.21875 0.8125 0.0940511
0.21875 0.84375 0.12104
0.1875 0.84375 0.139148
0.21875 0.875 0.149108
0.21875 0.84375 0.12104
0.25 0.84375 0.107381
0.25 0.875 0.137574
0.21875 0.875 0.149108
0.21875 0.84375 0.12104
0.21875 0.8125 0.0940511
0.25 0.8125 0.0774829
0.25 0.84375 0.107381
0.21875 0.84375 0.12104
0.1875 0.8125 0.114904
0.1875 0.78125 0.0926676
0.21875 0.78125 0.0685178
0.21875 0.8125 0.0940511
0.1875 0.8125 0.114904
0.1875 0.78125 0.0926676
0.1875 0.75 0.073241
0.21875 0.75 0.0454697
0.21875 0.78125 0.0685178
0.1875 0.78125 0.0926676
0.21875 0.8125 0.0940511
0.21875 0.78125 0.0685178
0.25 0.78125 0.0482719
0.25 0.8125 0.0774829
0.21875 0.8125 0.0940511
0.21875 0.78125 0.0685178
0.21875 0.75 0.0454697
0.25 0.75 0.0199724
0.25 0.78125 0.0482719
0.21875 0.78125 0.0685178
0 0.75 0.255162
0 0.6875 0.244065
0.0625 0.6875 0.181574
0.0625 0.75 0.19337
0 0.75 0.255162
0 0.6875 0.244065
0 0.625 0.245854
0.0625 0.625 0.183382
0.0625 0.6875 0.181574
0 0.6875 0.244065
0.0625 0.75 0.19337
0.0625 0.6875 0.181574
0.125 0.6875 0.119103
0.125 0.75 0.131466
0.0625 0.75 0.19337
0.0625 0.6875 0.181574
0.0625 0.625 0.183382
0.125 0.625 0.120911
0.125 0.6875 0.119103
0.0625 0.6875 0.181574
0 0.625 0.245854
0 0.5625 0.247803
0.0625 0.5625 0.185333
0.0625 0.625 0.183382
0 0.625 0.245854
0 0.5625 0.247803
0 0.5 0.249756
0.0625 0.5 0.187286
0.0625 0.5625 0.185333
0 0.5625 0.247803
0.0625 0.625 0.183382
0.0625 0.5625 0.185333
0.125 0.5625 0.122864
0.125 0.625 0.120911
0.0625 0.625 0.183382
0.0625 0.5625 0.185333
0.0625 0.5 0.187286
0.125 0.5 0.124817
0.125 0.5625 0.122864
0.0625 0.5625 0.185333
0.125 0.75 0.131466
0.125 0.71875 0.120512
0.15625 0.71875 0.0893622
0.15625 0.75 0.102117
0.125 0.75 0.131466
0.125 0.71875 0.120512
0.125 0.6875 0.119103
0.15625 0.6875 0.08787
0.15625 0.71875 0.0893622
0.125 0.71875 0.120512
0.15625 0.75 0.102117
0.15625 0.71875 0.0893622
0.1875 0.71875 0.0581552
0.1875 0.75 0.073241
0.15625 0.75 0.102117
0.15625 0.71875 0.0893622
0.15625 0.6875 0.08787
0.1875 0.6875 0.0566278
0.1875 0.71875 0.0581552
0.15625 0.71875 0.0893622
0.125 0.6875 0.119103
0.125 0.65625 0.119942
0.15625 0.65625 0.0887064
0.15625 0.6875 0.08787
0.125 0.6875 0.119103
0.125 0.65625 0.119942
0.125 0.625 0.120911
0.15625 0.625 0.0896765
0.15625 0.65625 0.0887064
0.125 0.65625 0.119942
0.15625 0.6875 0.08787
0.15625 0.65625 0.0887064
0.1875 0.65625 0.0574701
0.1875 0.6875 0.0566278
0.15625 0.6875 0.08787
0.15625 0.65625 0.0887064
0.15625 0.625 0.0896765
0.1875 0.625 0.0584416
0.1875 0.65625 0.0574701
0.15625 0.65625 0.0887064
0.1875 0.75 0.073241
0.1875 0.71875 0.0581552
0.21875 0.71875 0.0269201
0.21875 0.75 0.0454697
0.1875 0.75 0.073241
0.1875 0.71875 0.0581552
0.1875 0.6875 0.0566278
0.21875 0.6875 0.0253816
0.21875 0.71875 0.0269201
0.1875 0.71875 0.0581552
0.21875 0.75 0.0454697
0.21875 0.71875 0.0269201
0.25 0.71875 -0.00367842
0.25 0.75 0.0199724
0.21875 0.75 0.0454697
0.21875 0.71875 0.0269201
0.21875 0.6875 0.0253816
0.25 0.6875 -0.00586443
0.25 0.71875 -0.00367842
0.21875 0.71875 0.0269201
0.1875 0.6875 0.0566278
0.1875 0.65625 0.0574701
0.21875 0.65625 0.0262335
0.21875 0.6875 0.0253816
0.1875 0.6875 0.0566278
0.1875 0.65625 0.0574701
0.1875 0.625 0.0584416
0.21875 0.625 0.0272068
0.21875 0.65625 0.0262335
0.1875 0.65625 0.0574701
0.21875 0.6875 0.0253816
0.21875 0.65625 0.0262335
0.25 0.65625 -0.00500271
0.25 0.6875 -0.00586443
0.21875 0.6875 0.0253816
0.21875 0.65625 0.0262335
0.21875 0.625 0.0272068
0.25 0.625 -0.00402794
0.25 0.65625 -0.00500271
0.21875 0.65625 0.0262335
0.125 0.625 0.120911
0.125 0.59375 0.121887
0.15625 0.59375 0.0906527
0.15625 0.625 0.0896765
0.125 0.625 0.120911
0.125 0.59375 0.121887
0.125 0.5625 0.122864
0.15625 0.5625 0.0916292
0.15625 0.59375 0.0906527
0.125 0.59375 0.121887
0.15625 0.625 0.0896765
0.15625 0.59375 0.0906527
0.1875 0.59375 0.059418
0.1875 0.625 0.0584416
0.15625 0.625 0.0896765
0.15625 0.59375 0.0906527
0.15625 0.5625 0.0916292
0.1875 0.5625 0.0603944
0.1875 0.59375 0.059418
0.15625 0.59375 0.0906527
0.125 0.5625 0.122864
0.125 0.53125 0.12384
0.15625 0.53125 0.0926056
0.15625 0.5625 0.0916292
0.125 0.5625 0.122864
0.125 0.53125 0.12384
0.125 0.5 0.124817
0.15625 0.5 0.0935821
0.15625 0.53125 0.0926056
0.125 0.53125 0.12384
0.15625 0.5625 0.0916292
0.15625 0.53125 0.0926056
0.1875 0.53125 0.0613709
0.1875 0.5625 0.0603944
0.15625 0.5625 0.0916292
0.15625 0.53125 0.0926056
0.15625 0.5 0.0935821
0.1875 0.5 0.0623473
0.1875 0.53125 0.0613709
0.15625 0.53125 0.0926056
0.1875 0.625 0.0584416
0.1875 0.59375 0.059418
0.21875 0.59375 0.0281832
0.21875 0.625 0.0272068
0.1875 0.625 0.0584416
0.1875 0.59375 0.059418
0.1875 0.5625 0.0603944
0.21875 0.5625 0.0291597
0.21875 0.59375 0.0281832
0.1875 0.59375 0.059418
0.21875 0.625 0.0272068
0.21875 0.59375 0.0281832
0.25 0.59375 -0.0030515
0.25 0.625 -0.00402794
0.21875 0.625 0.0272068
0.21875 0.59375 0.0281832
0.21875 0.5625 0.0291597
0.25 0.5625 -0.00207505
0.25 0.59375 -0.0030515
0.21875 0.59375 0.0281832
0.1875 0.5625 0.0603944
0.1875 0.53125 0.0613709
0.21875 0.53125 0.0301361
0.21875 0.5625 0.0291597
0.1875 0.5625 0.0603944
0.1875 0.53125 0.0613709
0.1875 0.5 0.0623473
0.21875 0.5 0.0311126
0.21875 0.53125 0.0301361
0.1875 0.53125 0.0613709
0.21875 0.5625 0.0291597
0.21875 0.53125 0.0301361
0.25 0.53125 -0.00109861
0.25 0.5625 -0.00207505
0.21875 0.5625 0.0291597
0.21875 0.53125 0.0301361
0.21875 0.5 0.0311126
0.25 0.5 -0.000122167
0.25 0.53125 -0.00109861
0.21875 0.53125 0.0301361
0.25 1 0.261151
0.25 0.9375 0.19933
0.3125 0.9375 0.193147
0.3125 1 0.255616
0.25 1 0.261151
0.25 0.9375 0.19933
0.25 0.875 0.137574
0.3125 0.875 0.130678
0.3125 0.9375 0.193147
0.25 0.9375 0.19933
0.3125 1 0.255616
0.3125 0.9375 0.193147
0.375 0.9375 0.191192
0.375 1 0.253662
0.3125 1 0.255616
0.3125 0.9375 0.193147
0.3125 0.875 0.130678
0.375 0.875 0.128723
0.375 0.9375 0.191192
0.3125 0.9375 0.193147
0.25 0.875 0.137574
0.25 0.84375 0.107381
0.28125 0.84375 0.100684
0.28125 0.875 0.131874
0.25 0.875 0.137574
0.25 0.84375 0.107381
0.25 0.8125 0.0774829
0.28125 0.8125 0.0694986
0.28125 0.84375 0.100684
0.25 0.84375 0.107381
0.28125 0.875 0.131874
0.28125 0.84375 0.100684
0.3125 0.84375 0.0994438
0.3125 0.875 0.130678
0.28125 0.875 0.131874
0.28125 0.84375 0.100684
0.28125 0.8125 0.0694986
0.3125 0.8125 0.0682096
0.3125 0.84375 0.0994438
0.28125 0.84375 0.100684
0.25 0.8125 0.0774829
0.25 0.78125 0.0482719
0.28125 0.78125 0.0383078
0.28125 0.8125 0.0694986
0.25 0.8125 0.0774829
0.25 0.78125 0.0482719
0.25 0.75 0.0199724
0.28125 0.75 0.00710497
0.28125 0.78125 0.0383078
0.25 0.78125 0.0482719
0.28125 0.8125 0.0694986
0.28125 0.78125 0.0383078
0.3125 0.78125 0.0369753
0.3125 0.8125 0.0682096
0.28125 0.8125 0.0694986
0.28125 0.78125 0.0383078
0.28125 0.75 0.00710497
0.3125 0.75 0.00574084
0.3125 0.78125 0.0369753
0.28125 0.78125 0.0383078
0.3125 0.875 0.130678
0.3125 0.84375 0.0994438
0.34375 0.84375 0.0984645
0.34375 0.875 0.129699
0.3125 0.875 0.130678
0.3125 0.84375 0.0994438
0.3125 0.8125 0.0682096
0.34375 0.8125 0.0672297
0.34375 0.84375 0.0984645
0.3125 0.84375 0.0994438
0.34375 0.875 0.129699
0.34375 0.84375 0.0984645
0.375 0.84375 0.097488
0.375 0.875 0.128723
0.34375 0.875 0.129699
0.34375 0.84375 0.0984645
0.34375 0.8125 0.0672297
0.375 0.8125 0.0662533
0.375 0.84375 0.097488
0.34375 0.84375 0.0984645
0.3125 0.8125 0.0682096
0.3125 0.78125 0.0369753
0.34375 0.78125 0.035995
0.34375 0.8125 0.0672297
0.3125 0.8125 0.0682096
0.3125 0.78125 0.0369753
0.3125 0.75 0.00574084
0.34375 0.75 0.00476027
0.34375 0.78125 0.035995
0.3125 0.78125 0.0369753
0.34375 0.8125 0.0672297
0.34375 0.78125 0.035995
0.375 0.78125 0.0350185
0.375 0.8125 0.0662533
0.34375 0.8125 0.0672297
0.34375 0.78125 0.035995
0.34375 0.75 0.00476027
0.375 0.75 0.00378381
0.375 0.78125 0.0350185
0.34375 0.78125 0.035995
0.375 1 0.253662
0.375 0.9375 0.191192
0.4375 0.9375 0.189239
0.4375 1 0.251709
0.375 1 0.253662
0.375 0.9375 0.191192
0.375 0.875 0.128723
0.4375 0.875 0.12677
0.4375 0.9375 0.189239
0.375 0.9375 0.191192
0.4375 1 0.251709
0.4375 0.9375 0.189239
0.5 0.9375 0.187286
0.5 1 0.249756
0.4375 1 0.251709
0.4375 0.9375 0.189239
0.4375 0.875 0.12677
0.5 0.875 0.124817
0.5 0.9375 0.187286
0.4375 0.9375 0.189239
0.375 0.875 0.128723
0.375 0.84375 0.097488
0.40625 0.84375 0.0965116
0.40625 0.875 0.127746
0.375 0.875 0.128723
0.375 0.84375 0.097488
0.375 0.8125 0.0662533
0.40625 0.8125 0.0652768
0.40625 0.84375 0.0965116
0.375 0.84375 0.097488
0.40625 0.875 0.127746
0.40625 0.84375 0.0965116
0.4375 0.84375 0.0955351
0.4375 0.875 0.12677
0.40625 0.875 0.127746
0.40625 0.84375 0.0965116
0.40625 0.8125 0.0652768
0.4375 0.8125 0.0643004
0.4375 0.84375 0.0955351
0.40625 0.84375 0.0965116
0.375 0.8125 0.0662533
0.375 0.78125 0.0350185
0.40625 0.78125 0.0340421
0.40625 0.8125 0.0652768
0.375 0.8125 0.0662533
0.375 0.78125 0.0350185
0.375 0.75 0.00378381
0.40625 0.75 0.00280736
0.40625 0.78125 0.0340421
0.375 0.78125 0.0350185
0.40625 0.8125 0.0652768
0.40625 0.78125 0.0340421
0.4375 0.78125 0.0330657
0.4375 0.8125 0.0643004
0.40625 0.8125 0.0652768
0.40625 0.78125 0.0340421
0.40625 0.75 0.00280736
0.4375 0.75 0.00183092
0.4375 0.78125 0.0330657
0.40625 0.78125 0.0340421
0.4375 0.875 0.12677
0.4375 0.84375 0.0955351
0.46875 0.84375 0.0945587
0.46875 0.875 0.125793
0.4375 0.875 0.12677
0.4375 0.84375 0.0955351
0.4375 0.8125 0.0643004
0.46875 0.8125 0.063324
0.46875 0.84375 0.0945587
0.4375 0.84375 0.0955351
0.46875 0.875 0.125793
0.46875 0.84375 0.0945587
0.5 0.84375 0.0935823
0.5 0.875 0.124817
0.46875 0.875 0.125793
0.46875 0.84375 0.0945587
0.46875 0.8125 0.063324
0.5 0.8125 0.0623475
0.5 0.84375 0.0935823
0.46875 0.84375 0.0945587
0.4375 0.8125 0.0643004
0.4375 0.78125 0.0330657
0.46875 0.78125 0.0320892
0.46875 0.8125 0.063324
0.4375 0.8125 0.0643004
0.4375 0.78125 0.0330657
0.4375 0.75 0.00183092
0.46875 0.75 0.000854477
0.46875 0.78125 0.0320892
0.4375 0.78125 0.0330657
0.46875 0.8125 0.063324
0.46875 0.78125 0.0320892
0.5 0.78125 0.0311128
0.5 0.8125 0.0623475
0.46875 0.8125 0.063324
0.46875 0.78125 0.0320892
0.46875 0.75 0.000854477
0.5 0.75 -0.000121967
0.5 0.78125 0.0311128
0.46875 0.78125 0.0320892
0.25 0.75 0.0199724
0.25 0.71875 -0.00367842
0.28125 0.71875 -0.0224915
0.28125 0.75 0.00710497
0.25 0.75 0.0199724
0.25 0.71875 -0.00367842
0.25 0.6875 -0.00586443
0.28125 0.6875 -0.036599
0.28125 0.71875 -0.0224915
0.25 0.71875 -0.00367842
0.28125 0.75 0.00710497
0.28125 0.71875 -0.0224915
0.3125 0.71875 -0.0254646
0.3125 0.75 0.00574084
0.28125 0.75 0.00710497
0.28125 0.71875 -0.0224915
0.28125 0.6875 -0.036599
0.3125 0.6875 -0.0550228
0.3125 0.71875 -0.0254646
0.28125 0.71875 -0.0224915
0.25 0.6875 -0.00586443
0.25 0.65625 -0.00500271
0.28125 0.65625 -0.0362378
0.28125 0.6875 -0.036599
0.25 0.6875 -0.00586443
0.25 0.65625 -0.00500271
0.25 0.625 -0.00402794
0.28125 0.625 -0.0352627
0.28125 0.65625 -0.0362378
0.25 0.65625 -0.00500271
0.28125 0.6875 -0.036599
0.28125 0.65625 -0.0362378
0.3125 0.65625 -0.067125
0.3125 0.6875 -0.0550228
0.28125 0.6875 -0.036599
0.28125 0.65625 -0.0362378
0.28125 0.625 -0.0352627
0.3125 0.625 -0.0664973
0.3125 0.65625 -0.067125
0.28125 0.65625 -0.0362378
0.3125 0.75 0.00574084
0.3125 0.71875 -0.0254646
0.34375 0.71875 -0.0264741
0.34375 0.75 0.00476027
0.3125 0.75 0.00574084
0.3125 0.71875 -0.0254646
0.3125 0.6875 -0.0550228
0.34375 0.6875 -0.0576829
0.34375 0.71875 -0.0264741
0.3125 0.71875 -0.0254646
0.34375 0.75 0.00476027
0.34375 0.71875 -0.0264741
0.375 0.71875 -0.0274509
0.375 0.75 0.00378381
0.34375 0.75 0.00476027
0.34375 0.71875 -0.0264741
0.34375 0.6875 -0.0576829
0.375 0.6875 -0.0586854
0.375 0.71875 -0.0274509
0.34375 0.71875 -0.0264741
0.3125 0.6875 -0.0550228
0.3125 0.65625 -0.067125
0.34375 0.65625 -0.0867224
0.34375 0.6875 -0.0576829
0.3125 0.6875 -0.0550228
0.3125 0.65625 -0.067125
0.3125 0.625 -0.0664973
0.34375 0.625 -0.0974692
0.34375 0.65625 -0.0867224
0.3125 0.65625 -0.067125
0.34375 0.6875 -0.0576829
0.34375 0.65625 -0.0867224
0.375 0.65625 -0.0898834
0.375 0.6875 -0.0586854
0.34375 0.6875 -0.0576829
0.34375 0.65625 -0.0867224
0.34375 0.625 -0.0974692
0.375 0.625 -0.11828
0.375 0.65625 -0.0898834
0.34375 0.65625 -0.0867224
0.25 0.625 -0.00402794
0.25 0.59375 -0.0030515
0.28125 0.59375 -0.0342862
0.28125 0.625 -0.0352627
0.25 0.625 -0.00402794
0.25 0.59375 -0.0030515
0.25 0.5625 -0.00207505
0.28125 0.5625 -0.0333098
0.28125 0.59375 -0.0342862
0.25 0.59375 -0.0030515
0.28125 0.625 -0.0352627
0.28125 0.59375 -0.0342862
0.3125 0.59375 -0.065521
0.3125 0.625 -0.0664973
0.28125 0.625 -0.0352627
0.28125 0.59375 -0.0342862
0.28125 0.5625 -0.0333098
0.3125 0.5625 -0.0645445
0.3125 0.59375 -0.065521
0.28125 0.59375 -0.0342862
0.25 0.5625 -0.00207505
0.25 0.53125 -0.00109861
0.28125 0.53125 -0.0323334
0.28125 0.5625 -0.0333098
0.25 0.5625 -0.00207505
0.25 0.53125 -0.00109861
0.25 0.5 -0.000122167
0.28125 0.5 -0.0313569
0.28125 0.53125 -0.0323334
0.25 0.53125 -0.00109861
0.28125 0.5625 -0.0333098
0.28125 0.53125 -0.0323334
0.3125 0.53125 -0.0635681
0.3125 0.5625 -0.0645445
0.28125 0.5625 -0.0333098
0.28125 0.53125 -0.0323334
0.28125 0.5 -0.0313569
0.3125 0.5 -0.0625916
0.3125 0.53125 -0.0635681
0.28125 0.53125 -0.0323334
0.3125 0.625 -0.0664973
0.3125 0.59375 -0.065521
0.34375 0.59375 -0.0967556
0.34375 0.625 -0.0974692
0.3125 0.625 -0.0664973
0.3125 0.59375 -0.065521
0.3125 0.5625 -0.0645445
0.34375 0.5625 -0.0957793
0.34375 0.59375 -0.0967556
0.3125 0.59375 -0.065521
0.34375 0.625 -0.0974692
0.34375 0.59375 -0.0967556
0.375 0.59375 -0.127786
0.375 0.625 -0.11828
0.34375 0.625 -0.0974692
0.34375 0.59375 -0.0967556
0.34375 0.5625 -0.0957793
0.375 0.5625 -0.127013
0.375 0.59375 -0.127786
0.34375 0.59375 -0.0967556
0.3125 0.5625 -0.0645445
0.3125 0.53125 -0.0635681
0.34375 0.53125 -0.0948028
0.34375 0.5625 -0.0957793
0.3125 0.5625 -0.0645445
0.3125 0.53125 -0.0635681
0.3125 0.5 -0.0625916
0.34375 0.5 -0.0938264
0.34375 0.53125 -0.0948028
0.3125 0.53125 -0.0635681
0.34375 0.5625 -0.0957793
0.34375 0.53125 -0.0948028
0.375 0.53125 -0.126037
0.375 0.5625 -0.127013
0.34375 0.5625 -0.0957793
0.34375 0.53125 -0.0948028
0.34375 0.5 -0.0938264
0.375 0.5 -0.125061
0.375 0.53125 -0.126037
0.34375 0.53125 -0.0948028
0.375 0.75 0.00378381
0.375 0.71875 -0.0274509
0.40625 0.71875 -0.0284274
0.40625 0.75 0.00280736
0.375 0.75 0.00378381
0.375 0.71875 -0.0274509
0.375 0.6875 -0.0586854
0.40625 0.6875 -0.0596621
0.40625 0.71875 -0.0284274
0.375 0.71875 -0.0274509
0.40625 0.75 0.00280736
0.40625 0.71875 -0.0284274
0.4375 0.71875 -0.0294038
0.4375 0.75 0.00183092
0.40625 0.75 0.00280736
0.40625 0.71875 -0.0284274
0.40625 0.6875 -0.0596621
0.4375 0.6875 -0.0606386
0.4375 0.71875 -0.0294038
0.40625 0.71875 -0.0284274
0.375 0.6875 -0.0586854
0.375 0.65625 -0.0898834
0.40625 0.65625 -0.0908965
0.40625 0.6875 -0.0596621
0.375 0.6875 -0.0586854
0.375 0.65625 -0.0898834
0.375 0.625 -0.11828
0.40625 0.625 -0.122079
0.40625 0.65625 -0.0908965
0.375 0.65625 -0.0898834
0.40625 0.6875 -0.0596621
0.40625 0.65625 -0.0908965
0.4375 0.65625 -0.0918733
0.4375 0.6875 -0.0606386
0.40625 0.6875 -0.0596621
0.40625 0.65625 -0.0908965
0.40625 0.625 -0.122079
0.4375 0.625 -0.123107
0.4375 0.65625 -0.0918733
0.40625 0.65625 -0.0908965
0.4375 0.75 0.00183092
0.4375 0.71875 -0.0294038
0.46875 0.71875 -0.0303803
0.46875 0.75 0.000854477
0.4375 0.75 0.00183092
0.4375 0.71875 -0.0294038
0.4375 0.6875 -0.0606386
0.46875 0.6875 -0.061615
0.46875 0.71875 -0.0303803
0.4375 0.71875 -0.0294038
0.46875 0.75 0.000854477
0.46875 0.71875 -0.0303803
0.5 0.71875 -0.0313567
0.5 0.75 -0.000121967
0.46875 0.75 0.000854477
0.46875 0.71875 -0.0303803
0.46875 0.6875 -0.061615
0.5 0.6875 -0.0625914
0.5 0.71875 -0.0313567
0.46875 0.71875 -0.0303803
0.4375 0.6875 -0.0606386
0.4375 0.65625 -0.0918733
0.46875 0.65625 -0.0928497
0.46875 0.6875 -0.061615
0.4375 0.6875 -0.0606386
0.4375 0.65625 -0.0918733
0.4375 0.625 -0.123107
0.46875 0.625 -0.124084
0.46875 0.65625 -0.0928497
0.4375 0.65625 -0.0918733
0.46875 0.6875 -0.061615
0.46875 0.65625 -0.0928497
0.5 0.65625 -0.0938262
0.5 0.6875 -0.0625914
0.46875 0.6875 -0.061615
0.46875 0.65625 -0.0928497
0.46875 0.625 -0.124084
0.5 0.625 -0.125061
0.5 0.65625 -0.0938262
0.46875 0.65625 -0.0928497
0.375 0.625 -0.11828
0.375 0.5625 -0.127013
0.4375 0.5625 -0.176491
0.4375 0.625 -0.123107
0.375 0.625 -0.11828
0.375 0.5625 -0.127013
0.375 0.5 -0.125061
0.4375 0.5 -0.183694
0.4375 0.5625 -0.176491
0.375 0.5625 -0.127013
0.4375 0.625 -0.123107
0.4375 0.5625 -0.176491
0.5 0.5625 -0.18756
0.5 0.625 -0.125061
0.4375 0.625 -0.123107
0.4375 0.5625 -0.176491
0.4375 0.5 -0.183694
0.5 0.5 -0.226726
0.5 0.5625 -0.18756
0.4375 0.5625 -0.176491
0 0.5 0.249756
0 0.4375 0.251709
0.0625 0.4375 0.189239
0.0625 0.5 0.187286
0 0.5 0.249756
0 0.4375 0.251709
0 0.375 0.253662
0.0625 0.375 0.191192
0.0625 0.4375 0.189239
0 0.4375 0.251709
0.0625 0.5 0.187286
0.0625 0.4375 0.189239
0.125 0.4375 0.12677
0.125 0.5 0.124817
0.0625 0.5 0.187286
0.0625 0.4375 0.189239
0.0625 0.375 0.191192
0.125 0.375 0.128723
0.125 0.4375 0.12677
0.0625 0.4375 0.189239
0 0.375 0.253662
0 0.3125 0.255619
0.0625 0.3125 0.193157
0.0625 0.375 0.191192
0 0.375 0.253662
0 0.3125 0.255619
0 0.25 0.259973
0.0625 0.25 0.19797
0.0625 0.3125 0.193157
0 0.3125 0.255619
0.0625 0.375 0.191192
0.0625 0.3125 0.193157
0.125 0.3125 0.130702
0.125 0.375 0.128723
0.0625 0.375 0.191192
0.0625 0.3125 0.193157
0.0625 0.25 0.19797
0.125 0.25 0.136239
0.125 0.3125 0.130702
0.0625 0.3125 0.193157
0.125 0.5 0.124817
0.125 0.46875 0.125793
0.15625 0.46875 0.0945585
0.15625 0.5 0.0935821
0.125 0.5 0.124817
0.125 0.46875 0.125793
0.125 0.4375 0.12677
0.15625 0.4375 0.0955349
0.15625 0.46875 0.0945585
0.125 0.46875 0.125793
0.15625 0.5 0.0935821
0.15625 0.46875 0.0945585
0.1875 0.46875 0.0633238
0.1875 0.5 0.0623473
0.15625 0.5 0.0935821
0.15625 0.46875 0.0945585
0.15625 0.4375 0.0955349
0.1875 0.4375 0.0643002
0.1875 0.46875 0.0633238
0.15625 0.46875 0.0945585
0.125 0.4375 0.12677
0.125 0.40625 0.127746
0.15625 0.40625 0.0965114
0.15625 0.4375 0.0955349
0.125 0.4375 0.12677
0.125 0.40625 0.127746
0.125 0.375 0.128723
0.15625 0.375 0.0974878
0.15625 0.40625 0.0965114
0.125 0.40625 0.127746
0.15625 0.4375 0.0955349
0.15625 0.40625 0.0965114
0.1875 0.40625 0.0652766
0.1875 0.4375 0.0643002
0.15625 0.4375 0.0955349
0.15625 0.40625 0.0965114
0.15625 0.375 0.0974878
0.1875 0.375 0.0662531
0.1875 0.40625 0.0652766
0.15625 0.40625 0.0965114
0.1875 0.5 0.0623473
0.1875 0.46875 0.0633238
0.21875 0.46875 0.032089
0.21875 0.5 0.0311126
0.1875 0.5 0.0623473
0.1875 0.46875 0.0633238
0.1875 0.4375 0.0643002
0.21875 0.4375 0.0330655
0.21875 0.46875 0.032089
0.1875 0.46875 0.0633238
0.21875 0.5 0.0311126
0.21875 0.46875 0.032089
0.25 0.46875 0.000854277
0.25 0.5 -0.000122167
0.21875 0.5 0.0311126
0.21875 0.46875 0.032089
0.21875 0.4375 0.0330655
0.25 0.4375 0.00183072
0.25 0.46875 0.000854277
0.21875 0.46875 0.032089
0.1875 0.4375 0.0643002
0.1875 0.40625 0.0652766
0.21875 0.40625 0.0340419
0.21875 0.4375 0.0330655
0.1875 0.4375 0.0643002
0.1875 0.40625 0.0652766
0.1875 0.375 0.0662531
0.21875 0.375 0.0350184
0.21875 0.40625 0.0340419
0.1875 0.40625 0.0652766
0.21875 0.4375 0.0330655
0.21875 0.40625 0.0340419
0.25 0.40625 0.00280716
0.25 0.4375 0.00183072
0.21875 0.4375 0.0330655
0.21875 0.40625 0.0340419
0.21875 0.375 0.0350184
0.25 0.375 0.00378362
0.25 0.40625 0.00280716
0.21875 0.40625 0.0340419
0.125 0.375 0.128723
0.125 0.34375 0.1297
0.15625 0.34375 0.0984653
0.15625 0.375 0.0974878
0.125 0.375 0.128723
0.125 0.34375 0.1297
0.125 0.3125 0.130702
0.15625 0.3125 0.0994806
0.15625 0.34375 0.0984653
0.125 0.34375 0.1297
0.15625 0.375 0.0974878
0.15625 0.34375 0.0984653
0.1875 0.34375 0.0672308
0.1875 0.375 0.0662531
0.15625 0.375 0.0974878
0.15625 0.34375 0.0984653
0.15625 0.3125 0.0994806
0.1875 0.3125 0.0682567
0.1875 0.34375 0.0672308
0.15625 0.34375 0.0984653
0.125 0.3125 0.130702
0.125 0.28125 0.13193
0.15625 0.28125 0.100814
0.15625 0.3125 0.0994806
0.125 0.3125 0.130702
0.125 0.28125 0.13193
0.125 0.25 0.136239
0.15625 0.25 0.10604
0.15625 0.28125 0.100814
0.125 0.28125 0.13193
0.15625 0.3125 0.0994806
0.15625 0.28125 0.100814
0.1875 0.28125 0.0696907
0.1875 0.3125 0.0682567
0.15625 0.3125 0.0994806
0.15625 0.28125 0.100814
0.15625 0.25 0.10604
0.1875 0.25 0.0760449
0.1875 0.28125 0.0696907
0.15625 0.28125 0.100814
0.1875 0.375 0.0662531
0.1875 0.34375 0.0672308
0.21875 0.34375 0.0359963
0.21875 0.375 0.0350184
0.1875 0.375 0.0662531
0.1875 0.34375 0.0672308
0.1875 0.3125 0.0682567
0.21875 0.3125 0.037029
0.21875 0.34375 0.0359963
0.1875 0.34375 0.0672308
0.21875 0.375 0.0350184
0.21875 0.34375 0.0359963
0.25 0.34375 0.00476165
0.25 0.375 0.00378362
0.21875 0.375 0.0350184
0.21875 0.34375 0.0359963
0.21875 0.3125 0.037029
0.25 0.3125 0.00579951
0.25 0.34375 0.00476165
0.21875 0.34375 0.0359963
0.1875 0.3125 0.0682567
0.1875 0.28125 0.0696907
0.21875 0.28125 0.0385298
0.21875 0.3125 0.037029
0.1875 0.3125 0.0682567
0.1875 0.28125 0.0696907
0.1875 0.25 0.0760449
0.21875 0.25 0.0463962
0.21875 0.28125 0.0385298
0.1875 0.28125 0.0696907
0.21875 0.3125 0.037029
0.21875 0.28125 0.0385298
0.25 0.28125 0.00735214
0.25 0.3125 0.00579951
0.21875 0.3125 0.037029
0.21875 0.28125 0.0385298
0.21875 0.25 0.0463962
0.25 0.25 0.0176719
0.25 0.28125 0.00735214
0.21875 0.28125 0.0385298
0 0.25 0.259973
0 0.1875 0.273498
0.0625 0.1875 0.214108
0.0625 0.25 0.19797
0 0.25 0.259973
0 0.1875 0.273498
0 0.125 0.298118
0.0625 0.125 0.244293
0.0625 0.1875 0.214108
0 0.1875 0.273498
0.0625 0.25 0.19797
0.0625 0.1875 0.214108
0.125 0.1875 0.157319
0.125 0.25 0.136239
0.0625 0.25 0.19797
0.0625 0.1875 0.214108
0.0625 0.125 0.244293
0.125 0.125 0.195974
0.125 0.1875 0.157319
0.0625 0.1875 0.214108
0 0.125 0.298118
0 0 0.383027
0.125 0 0.292976
0.125 0.125 0.195974
0 0.125 0.298118
0.125 0.25 0.136239
0.125 0.21875 0.144688
0.15625 0.21875 0.116586
0.15625 0.25 0.10604
0.125 0.25 0.136239
0.125 0.21875 0.144688
0.125 0.1875 0.157319
0.15625 0.1875 0.13149
0.15625 0.21875 0.116586
0.125 0.21875 0.144688
0.15625 0.25 0.10604
0.15625 0.21875 0.116586
0.1875 0.21875 0.0895791
0.1875 0.25 0.0760449
0.15625 0.25 0.10604
0.15625 0.21875 0.116586
0.15625 0.1875 0.13149
0.1875 0.1875 0.107498
0.1875 0.21875 0.0895791
0.15625 0.21875 0.116586
0.125 0.1875 0.157319
0.125 0.125 0.195974
0.1875 0.125 0.15283
0.1875 0.1875 0.107498
0.125 0.1875 0.157319
0.1875 0.25 0.0760449
0.1875 0.21875 0.0895791
0.21875 0.21875 0.0637144
0.21875 0.25 0.0463962
0.1875 0.25 0.0760449
0.1875 0.21875 0.0895791
0.1875 0.1875 0.107498
0.21875 0.1875 0.0862504
0.21875 0.21875 0.0637144
0.1875 0.21875 0.0895791
0.21875 0.25 0.0463962
0.21875 0.21875 0.0637144
0.25 0.21875 0.0411869
0.25 0.25 0.0176719
0.21875 0.25 0.0463962
0.21875 0.21875 0.0637144
0.21875 0.1875 0.0862504
0.25 0.1875 0.0682847
0.25 0.21875 0.0411869
0.21875 0.21875 0.0637144
0.1875 0.1875 0.107498
0.1875 0.15625 0.128918
0.21875 0.15625 0.110884
0.21875 0.1875 0.0862504
0.1875 0.1875 0.107498
0.1875 0.15625 0.128918
0.1875 0.125 0.15283
0.21875 0.125 0.137286
0.21875 0.15625 0.110884
0.1875 0.15625 0.128918
0.21875 0.1875 0.0862504
0.21875 0.15625 0.110884
0.25 0.15625 0.0969518
0.25 0.1875 0.0682847
0.21875 0.1875 0.0862504
0.21875 0.15625 0.110884
0.21875 0.125 0.137286
0.25 0.125 0.12613
0.25 0.15625 0.0969518
0.21875 0.15625 0.110884
0.125 0.125 0.195974
0.125 0.0625 0.241109
0.1875 0.0625 0.206925
0.1875 0.125 0.15283
0.125 0.125 0.195974
0.125 0.0625 0.241109
0.125 0 0.292976
0.1875 0 0.265091
0.1875 0.0625 0.206925
0.125 0.0625 0.241109
0.1875 0.125 0.15283
0.1875 0.0625 0.206925
0.25 0.0625 0.187161
0.25 0.125 0.12613
0.1875 0.125 0.15283
0.1875 0.0625 0.206925
0.1875 0 0.265091
0.25 0 0.248778
0.25 0.0625 0.187161
0.1875 0.0625 0.206925
0.25 0.5 -0.000122167
0.25 0.46875 0.000854277
0.28125 0.46875 -0.0303805
0.28125 0.5 -0.0313569
0.25 0.5 -0.000122167
0.25 0.46875 0.000854277
0.25 0.4375 0.00183072
0.28125 0.4375 -0.029404
0.28125 0.46875 -0.0303805
0.25 0.46875 0.000854277
0.28125 0.5 -0.0313569
0.28125 0.46875 -0.0303805
0.3125 0.46875 -0.0616152
0.3125 0.5 -0.0625916
0.28125 0.5 -0.0313569
0.28125 0.46875 -0.0303805
0.28125 0.4375 -0.029404
0.3125 0.4375 -0.0606387
0.3125 0.46875 -0.0616152
0.28125 0.46875 -0.0303805
0.25 0.4375 0.00183072
0.25 0.40625 0.00280716
0.28125 0.40625 -0.0284276
0.28125 0.4375 -0.029404
0.25 0.4375 0.00183072
0.25 0.40625 0.00280716
0.25 0.375 0.00378362
0.28125 0.375 -0.0274503
0.28125 0.40625 -0.0284276
0.25 0.40625 0.00280716
0.28125 0.4375 -0.029404
0.28125 0.40625 -0.0284276
0.3125 0.40625 -0.059661
0.3125 0.4375 -0.0606387
0.28125 0.4375 -0.029404
0.28125 0.40625 -0.0284276
0.28125 0.375 -0.0274503
0.3125 0.375 -0.0586446
0.3125 0.40625 -0.059661
0.28125 0.40625 -0.0284276
0.3125 0.5 -0.0625916
0.3125 0.46875 -0.0616152
0.34375 0.46875 -0.0928499
0.34375 0.5 -0.0938264
0.3125 0.5 -0.0625916
0.3125 0.46875 -0.0616152
0.3125 0.4375 -0.0606387
0.34375 0.4375 -0.0918717
0.34375 0.46875 -0.0928499
0.3125 0.46875 -0.0616152
0.34375 0.5 -0.0938264
0.34375 0.46875 -0.0928499
0.375 0.46875 -0.124082
0.375 0.5 -0.125061
0.34375 0.5 -0.0938264
0.34375 0.46875 -0.0928499
0.34375 0.4375 -0.0918717
0.375 0.4375 -0.123037
0.375 0.46875 -0.124082
0.34375 0.46875 -0.0928499
0.3125 0.4375 -0.0606387
0.3125 0.40625 -0.059661
0.34375 0.40625 -0.0908417
0.34375 0.4375 -0.0918717
0.3125 0.4375 -0.0606387
0.3125 0.40625 -0.059661
0.3125 0.375 -0.0586446
0.34375 0.375 -0.0888757
0.34375 0.40625 -0.0908417
0.3125 0.40625 -0.059661
0.34375 0.4375 -0.0918717
0.34375 0.40625 -0.0908417
0.375 0.40625 -0.120885
0.375 0.4375 -0.123037
0.34375 0.4375 -0.0918717
0.34375 0.40625 -0.0908417
0.34375 0.375 -0.0888757
0.375 0.375 -0.113251
0.375 0.40625 -0.120885
0.34375 0.40625 -0.0908417
0.25 0.375 0.00378362
0.25 0.34375 0.00476165
0.28125 0.34375 -0.0264475
0.28125 0.375 -0.0274503
0.25 0.375 0.00378362
0.25 0.34375 0.00476165
0.25 0.3125 0.00579951
0.28125 0.3125 -0.0248692
0.28125 0.34375 -0.0264475
0.25 0.34375 0.00476165
0.28125 0.375 -0.0274503
0.28125 0.34375 -0.0264475
0.3125 0.34375 -0.0568614
0.3125 0.375 -0.0586446
0.28125 0.375 -0.0274503
0.28125 0.34375 -0.0264475
0.28125 0.3125 -0.0248692
0.3125 0.3125 -0.0504739
0.3125 0.34375 -0.0568614
0.28125 0.34375 -0.0264475
0.25 0.3125 0.00579951
0.25 0.28125 0.00735214
0.28125 0.28125 -0.0193137
0.28125 0.3125 -0.0248692
0.25 0.3125 0.00579951
0.25 0.28125 0.00735214
0.25 0.25 0.0176719
0.28125 0.25 -0.00388559
0.28125 0.28125 -0.0193137
0.25 0.28125 0.00735214
0.28125 0.3125 -0.0248692
0.28125 0.28125 -0.0193137
0.3125 0.28125 -0.0343027
0.3125 0.3125 -0.0504739
0.28125 0.3125 -0.0248692
0.28125 0.28125 -0.0193137
0.28125 0.25 -0.00388559
0.3125 0.25 -0.0058043
0.3125 0.28125 -0.0343027
0.28125 0.28125 -0.0193137
0.3125 0.375 -0.0586446
0.3125 0.34375 -0.0568614
0.34375 0.34375 -0.081846
0.34375 0.375 -0.0888757
0.3125 0.375 -0.0586446
0.3125 0.34375 -0.0568614
0.3125 0.3125 -0.0504739
0.34375 0.3125 -0.0649064
0.34375 0.34375 -0.081846
0.3125 0.34375 -0.0568614
0.34375 0.375 -0.0888757
0.34375 0.34375 -0.081846
0.375 0.34375 -0.0955795
0.375 0.375 -0.113251
0.34375 0.375 -0.0888757
0.34375 0.34375 -0.081846
0.34375 0.3125 -0.0649064
0.375 0.3125 -0.0664856
0.375 0.34375 -0.0955795
0.34375 0.34375 -0.081846
0.3125 0.3125 -0.0504739
0.3125 0.28125 -0.0343027
0.34375 0.28125 -0.036215
0.34375 0.3125 -0.0649064
0.3125 0.3125 -0.0504739
0.3125 0.28125 -0.0343027
0.3125 0.25 -0.0058043
0.34375 0.25 -0.00499548
0.34375 0.28125 -0.036215
0.3125 0.28125 -0.0343027
0.34375 0.3125 -0.0649064
0.34375 0.28125 -0.036215
0.375 0.28125 -0.035262
0.375 0.3125 -0.0664856
0.34375 0.3125 -0.0649064
0.34375 0.28125 -0.036215
0.34375 0.25 -0.00499548
0.375 0.25 -0.00402794
0.375 0.28125 -0.035262
0.34375 0.28125 -0.036215
0.375 0.5 -0.125061
0.375 0.4375 -0.123037
0.4375 0.4375 -0.167698
0.4375 0.5 -0.183694
0.375 0.5 -0.125061
0.375 0.4375 -0.123037
0.375 0.375 -0.113251
0.4375 0.375 -0.126953
0.4375 0.4375 -0.167698
0.375 0.4375 -0.123037
0.4375 0.5 -0.183694
0.4375 0.4375 -0.167698
0.5 0.4375 -0.185307
0.5 0.5 -0.226726
0.4375 0.5 -0.183694
0.4375 0.4375 -0.167698
0.4375 0.375 -0.126953
0.5 0.375 -0.125061
0.5 0.4375 -0.185307
0.4375 0.4375 -0.167698
0.375 0.375 -0.113251
0.375 0.34375 -0.0955795
0.40625 0.34375 -0.0967476
0.40625 0.375 -0.125976
0.375 0.375 -0.113251
0.375 0.34375 -0.0955795
0.375 0.3125 -0.0664856
0.40625 0.3125 -0.0655206
0.40625 0.34375 -0.0967476
0.375 0.34375 -0.0955795
0.40625 0.375 -0.125976
0.40625 0.34375 -0.0967476
0.4375 0.34375 -0.0957791
0.4375 0.375 -0.126953
0.40625 0.375 -0.125976
0.40625 0.34375 -0.0967476
0.40625 0.3125 -0.0655206
0.4375 0.3125 -0.0645445
0.4375 0.34375 -0.0957791
0.40625 0.34375 -0.0967476
0.375 0.3125 -0.0664856
0.375 0.28125 -0.035262
0.40625 0.28125 -0.0342862
0.40625 0.3125 -0.0655206
0.375 0.3125 -0.0664856
0.375 0.28125 -0.035262
0.375 0.25 -0.00402794
0.40625 0.25 -0.0030515
0.40625 0.28125 -0.0342862
0.375 0.28125 -0.035262
0.40625 0.3125 -0.0655206
0.40625 0.28125 -0.0342862
0.4375 0.28125 -0.0333098
0.4375 0.3125 -0.0645445
0.40625 0.3125 -0.0655206
0.40625 0.28125 -0.0342862
0.40625 0.25 -0.0030515
0.4375 0.25 -0.00207505
0.4375 0.28125 -0.0333098
0.40625 0.28125 -0.0342862
0.4375 0.375 -0.126953
0.4375 0.34375 -0.0957791
0.46875 0.34375 -0.0948028
0.46875 0.375 -0.126032
0.4375 0.375 -0.126953
0.4375 0.34375 -0.0957791
0.4375 0.3125 -0.0645445
0.46875 0.3125 -0.0635681
0.46875 0.34375 -0.0948028
0.4375 0.34375 -0.0957791
0.46875 0.375 -0.126032
0.46875 0.34375 -0.0948028
0.5 0.34375 -0.0938264
0.5 0.375 -0.125061
0.46875 0.375 -0.126032
0.46875 0.34375 -0.0948028
0.46875 0.3125 -0.0635681
0.5 0.3125 -0.0625916
0.5 0.34375 -0.0938264
0.46875 0.34375 -0.0948028
0.4375 0.3125 -0.0645445
0.4375 0.28125 -0.0333098
0.46875 0.28125 -0.0323334
0.46875 0.3125 -0.0635681
0.4375 0.3125 -0.0645445
0.4375 0.28125 -0.0333098
0.4375 0.25 -0.00207505
0.46875 0.25 -0.00109861
0.46875 0.28125 -0.0323334
0.4375 0.28125 -0.0333098
0.46875 0.3125 -0.0635681
0.46875 0.28125 -0.0323334
0.5 0.28125 -0.0313569
0.5 0.3125 -0.0625916
0.46875 0.3125 -0.0635681
0.46875 0.28125 -0.0323334
0.46875 0.25 -0.00109861
0.5 0.25 -0.000122167
0.5 0.28125 -0.0313569
0.46875 0.28125 -0.0323334
0.25 0.25 0.0176719
0.25 0.21875 0.0411869
0.28125 0.21875 0.026782
0.28125 0.25 -0.00388559
0.25 0.25 0.0176719
0.25 0.21875 0.0411869
0.25 0.1875 0.0682847
0.28125 0.1875 0.0579221
0.28125 0.21875 0.026782
0.25 0.21875 0.0411869
0.28125 0.25 -0.00388559
0.28125 0.21875 0.026782
0.3125 0.21875 0.0254417
0.3125 0.25 -0.0058043
0.28125 0.25 -0.00388559
0.28125 0.21875 0.026782
0.28125 0.1875 0.0579221
0.3125 0.1875 0.0566861
0.3125 0.21875 0.0254417
0.28125 0.21875 0.026782
0.25 0.1875 0.0682847
0.25 0.15625 0.0969518
0.28125 0.15625 0.089025
0.28125 0.1875 0.0579221
0.25 0.1875 0.0682847
0.25 0.15625 0.0969518
0.25 0.125 0.12613
0.28125 0.125 0.120056
0.28125 0.15625 0.089025
0.25 0.15625 0.0969518
0.28125 0.1875 0.0579221
0.28125 0.15625 0.089025
0.3125 0.15625 0.0879235
0.3125 0.1875 0.0566861
0.28125 0.1875 0.0579221
0.28125 0.15625 0.089025
0.28125 0.125 0.120056
0.3125 0.125 0.119144
0.3125 0.15625 0.0879235
0.28125 0.15625 0.089025
0.3125 0.25 -0.0058043
0.3125 0.21875 0.0254417
0.34375 0.21875 0.0262415
0.34375 0.25 -0.00499548
0.3125 0.25 -0.0058043
0.3125 0.21875 0.0254417
0.3125 0.1875 0.0566861
0.34375 0.1875 0.0574784
0.34375 0.21875 0.0262415
0.3125 0.21875 0.0254417
0.34375 0.25 -0.00499548
0.34375 0.21875 0.0262415
0.375 0.21875 0.0272069
0.375 0.25 -0.00402794
0.34375 0.25 -0.00499548
0.34375 0.21875 0.0262415
0.34375 0.1875 0.0574784
0.375 0.1875 0.0584419
0.375 0.21875 0.0272069
0.34375 0.21875 0.0262415
0.3125 0.1875 0.0566861
0.3125 0.15625 0.0879235
0.34375 0.15625 0.0887147
0.34375 0.1875 0.0574784
0.3125 0.1875 0.0566861
0.3125 0.15625 0.0879235
0.3125 0.125 0.119144
0.34375 0.125 0.119949
0.34375 0.15625 0.0887147
0.3125 0.15625 0.0879235
0.34375 0.1875 0.0574784
0.34375 0.15625 0.0887147
0.375 0.15625 0.0896767
0.375 0.1875 0.0584419
0.34375 0.1875 0.0574784
0.34375 0.15625 0.0887147
0.34375 0.125 0.119949
0.375 0.125 0.120912
0.375 0.15625 0.0896767
0.34375 0.15625 0.0887147
0.25 0.125 0.12613
0.25 0.0625 0.187161
0.3125 0.0625 0.181596
0.3125 0.125 0.119144
0.25 0.125 0.12613
0.25 0.0625 0.187161
0.25 0 0.248778
0.3125 0 0.244067
0.3125 0.0625 0.181596
0.25 0.0625 0.187161
0.3125 0.125 0.119144
0.3125 0.0625 0.181596
0.375 0.0625 0.183382
0.375 0.125 0.120912
0.3125 0.125 0.119144
0.3125 0.0625 0.181596
0.3125 0 0.244067
0.375 0 0.245854
0.375 0.0625 0.183382
0.3125 0.0625 0.181596
0.375 0.25 -0.00402794
0.375 0.21875 0.0272069
0.40625 0.21875 0.0281832
0.40625 0.25 -0.0030515
0.375 0.25 -0.00402794
0.375 0.21875 0.0272069
0.375 0.1875 0.0584419
0.40625 0.1875 0.059418
0.40625 0.21875 0.0281832
0.375 0.21875 0.0272069
0.40625 0.25 -0.0030515
0.40625 0.21875 0.0281832
0.4375 0.21875 0.0291597
0.4375 0.25 -0.00207505
0.40625 0.25 -0.0030515
0.40625 0.21875 0.0281832
0.40625 0.1875 0.059418
0.4375 0.1875 0.0603944
0.4375 0.21875 0.0291597
0.40625 0.21875 0.0281832
0.375 0.1875 0.0584419
0.375 0.15625 0.0896767
0.40625 0.15625 0.0906527
0.40625 0.1875 0.059418
0.375 0.1875 0.0584419
0.375 0.15625 0.0896767
0.375 0.125 0.120912
0.40625 0.125 0.121887
0.40625 0.15625 0.0906527
0.375 0.15625 0.0896767
0.40625 0.1875 0.059418
0.40625 0.15625 0.0906527
0.4375 0.15625 0.0916292
0.4375 0.1875 0.0603944
0.40625 0.1875 0.059418
0.40625 0.15625 0.0906527
0.40625 0.125 0.121887
0.4375 0.125 0.122864
0.4375 0.15625 0.0916292
0.40625 0.15625 0.0906527
0.4375 0.25 -0.00207505
0.4375 0.21875 0.0291597
0.46875 0.21875 0.0301361
0.46875 0.25 -0.00109861
0.4375 0.25 -0.00207505
0.4375 0.21875 0.0291597
0.4375 0.1875 0.0603944
0.46875 0.1875 0.0613709
0.46875 0.21875 0.0301361
0.4375 0.21875 0.0291597
0.46875 0.25 -0.00109861
0.46875 0.21875 0.0301361
0.5 0.21875 0.0311126
0.5 0.25 -0.000122167
0.46875 0.25 -0.00109861
0.46875 0.21875 0.0301361
0.46875 0.1875 0.0613709
0.5 0.1875 0.0623473
0.5 0.21875 0.0311126
0.46875 0.21875 0.0301361
0.4375 0.1875 0.0603944
0.4375 0.15625 0.0916292
0.46875 0.15625 0.0926056
0.46875 0.1875 0.0613709
0.4375 0.1875 0.0603944
0.4375 0.15625 0.0916292
0.4375 0.125 0.122864
0.46875 0.125 0.12384
0.46875 0.15625 0.0926056
0.4375 0.15625 0.0916292
0.46875 0.1875 0.0613709
0.46875 0.15625 0.0926056
0.5 0.15625 0.0935821
0.5 0.1875 0.0623473
0.46875 0.1875 0.0613709
0.46875 0.15625 0.0926056
0.46875 0.125 0.12384
0.5 0.125 0.124817
0.5 0.15625 0.0935821
0.46875 0.15625 0.0926056
0.375 0.125 0.120912
0.375 0.0625 0.183382
0.4375 0.0625 0.185333
0.4375 0.125 0.122864
0.375 0.125 0.120912
0.375 0.0625 0.183382
0.375 0 0.245854
0.4375 0 0.247803
0.4375 0.0625 0.185333
0.375 0.0625 0.183382
0.4375 0.125 0.122864
0.4375 0.0625 0.185333
0.5 0.0625 0.187286
0.5 0.125 0.124817
0.4375 0.125 0.122864
0.4375 0.0625 0.185333
0.4375 0 0.247803
0.5 0 0.249756
0.5 0.0625 0.187286
0.4375 0.0625 0.185333
0.5 1 0.249756
0.5 0.9375 0.187286
0.5625 0.9375 0.185334
0.5625 1 0.247803
0.5 1 0.249756
0.5 0.9375 0.187286
0.5 0.875 0.124817
0.5625 0.875 0.122864
0.5625 0.9375 0.185334
0.5 0.9375 0.187286
0.5625 1 0.247803
0.5625 0.9375 0.185334
0.625 0.9375 0.183384
0.625 1 0.245856
0.5625 1 0.247803
0.5625 0.9375 0.185334
0.5625 0.875 0.122864
0.625 0.875 0.120911
0.625 0.9375 0.183384
0.5625 0.9375 0.185334
0.5 0.875 0.124817
0.5 0.84375 0.0935823
0.53125 0.84375 0.0926058
0.53125 0.875 0.123841
0.5 0.875 0.124817
0.5 0.84375 0.0935823
0.5 0.8125 0.0623475
0.53125 0.8125 0.0613711
0.53125 0.84375 0.0926058
0.5 0.84375 0.0935823
0.53125 0.875 0.123841
0.53125 0.84375 0.0926058
0.5625 0.84375 0.0916294
0.5625 0.875 0.122864
0.53125 0.875 0.123841
0.53125 0.84375 0.0926058
0.53125 0.8125 0.0613711
0.5625 0.8125 0.0603946
0.5625 0.84375 0.0916294
0.53125 0.84375 0.0926058
0.5 0.8125 0.0623475
0.5 0.78125 0.0311128
0.53125 0.78125 0.0301363
0.53125 0.8125 0.0613711
0.5 0.8125 0.0623475
0.5 0.78125 0.0311128
0.5 0.75 -0.000121967
0.53125 0.75 -0.00109841
0.53125 0.78125 0.0301363
0.5 0.78125 0.0311128
0.53125 0.8125 0.0613711
0.53125 0.78125 0.0301363
0.5625 0.78125 0.0291599
0.5625 0.8125 0.0603946
0.53125 0.8125 0.0613711
0.53125 0.78125 0.0301363
0.53125 0.75 -0.00109841
0.5625 0.75 -0.00207485
0.5625 0.78125 0.0291599
0.53125 0.78125 0.0301363
0.5625 0.875 0.122864
0.5625 0.84375 0.0916294
0.59375 0.84375 0.0906529
0.59375 0.875 0.121888
0.5625 0.875 0.122864
0.5625 0.84375 0.0916294
0.5625 0.8125 0.0603946
0.59375 0.8125 0.0594182
0.59375 0.84375 0.0906529
0.5625 0.84375 0.0916294
0.59375 0.875 0.121888
0.59375 0.84375 0.0906529
0.625 0.84375 0.0896767
0.625 0.875 0.120911
0.59375 0.875 0.121888
0.59375 0.84375 0.0906529
0.59375 0.8125 0.0594182
0.625 0.8125 0.0584419
0.625 0.84375 0.0896767
0.59375 0.84375 0.0906529
0.5625 0.8125 0.0603946
0.5625 0.78125 0.0291599
0.59375 0.78125 0.0281834
0.59375 0.8125 0.0594182
0.5625 0.8125 0.0603946
0.5625 0.78125 0.0291599
0.5625 0.75 -0.00207485
0.59375 0.75 -0.0030513
0.59375 0.78125 0.0281834
0.5625 0.78125 0.0291599
0.59375 0.8125 0.0594182
0.59375 0.78125 0.0281834
0.625 0.78125 0.027207
0.625 0.8125 0.0584419
0.59375 0.8125 0.0594182
0.59375 0.78125 0.0281834
0.59375 0.75 -0.0030513
0.625 0.75 -0.00402774
0.625 0.78125 0.027207
0.59375 0.78125 0.0281834
0.625 1 0.245856
0.625 0.9375 0.183384
0.6875 0.9375 0.181595
0.6875 1 0.24409
0.625 1 0.245856
0.625 0.9375 0.183384
0.625 0.875 0.120911
0.6875 0.875 0.119104
0.6875 0.9375 0.181595
0.625 0.9375 0.183384
0.6875 1 0.24409
0.6875 0.9375 0.181595
0.75 0.9375 0.189538
0.75 1 0.250682
0.6875 1 0.24409
0.6875 0.9375 0.181595
0.6875 0.875 0.119104
0.75 0.875 0.128635
0.75 0.9375 0.189538
0.6875 0.9375 0.181595
0.625 0.875 0.120911
0.625 0.84375 0.0896767
0.65625 0.84375 0.0887063
0.65625 0.875 0.119942
0.625 0.875 0.120911
0.625 0.84375 0.0896767
0.625 0.8125 0.0584419
0.65625 0.8125 0.0574703
0.65625 0.84375 0.0887063
0.625 0.84375 0.0896767
0.65625 0.875 0.119942
0.65625 0.84375 0.0887063
0.6875 0.84375 0.0878669
0.6875 0.875 0.119104
0.65625 0.875 0.119942
0.65625 0.84375 0.0887063
0.65625 0.8125 0.0574703
0.6875 0.8125 0.0566269
0.6875 0.84375 0.0878669
0.65625 0.84375 0.0887063
0.625 0.8125 0.0584419
0.625 0.78125 0.027207
0.65625 0.78125 0.0262338
0.65625 0.8125 0.0574703
0.625 0.8125 0.0584419
0.625 0.78125 0.027207
0.625 0.75 -0.00402774
0.65625 0.75 -0.00500252
0.65625 0.78125 0.0262338
0.625 0.78125 0.027207
0.65625 0.8125 0.0574703
0.65625 0.78125 0.0262338
0.6875 0.78125 0.0253821
0.6875 0.8125 0.0566269
0.65625 0.8125 0.0574703
0.65625 0.78125 0.0262338
0.65625 0.75 -0.00500252
0.6875 0.75 -0.00586495
0.6875 0.78125 0.0253821
0.65625 0.78125 0.0262338
0.6875 0.875 0.119104
0.6875 0.84375 0.0878669
0.71875 0.84375 0.089111
0.71875 0.875 0.120151
0.6875 0.875 0.119104
0.6875 0.84375 0.0878669
0.6875 0.8125 0.0566269
0.71875 0.8125 0.0580409
0.71875 0.84375 0.089111
0.6875 0.84375 0.0878669
0.71875 0.875 0.120151
0.71875 0.84375 0.089111
0.75 0.84375 0.0995096
0.75 0.875 0.128635
0.71875 0.875 0.120151
0.71875 0.84375 0.089111
0.71875 0.8125 0.0580409
0.75 0.8125 0.0712595
0.75 0.84375 0.0995096
0.71875 0.84375 0.089111
0.6875 0.8125 0.0566269
0.6875 0.78125 0.0253821
0.71875 0.78125 0.0269313
0.71875 0.8125 0.0580409
0.6875 0.8125 0.0566269
0.6875 0.78125 0.0253821
0.6875 0.75 -0.00586495
0.71875 0.75 -0.00391889
0.71875 0.78125 0.0269313
0.6875 0.78125 0.0253821
0.71875 0.8125 0.0580409
0.71875 0.78125 0.0269313
0.75 0.78125 0.0443974
0.75 0.8125 0.0712595
0.71875 0.8125 0.0580409
0.71875 0.78125 0.0269313
0.71875 0.75 -0.00391889
0.75 0.75 0.0201156
0.75 0.78125 0.0443974
0.71875 0.78125 0.0269313
0.5 0.75 -0.000121967
0.5 0.71875 -0.0313567
0.53125 0.71875 -0.0323332
0.53125 0.75 -0.00109841
0.5 0.75 -0.000121967
0.5 0.71875 -0.0313567
0.5 0.6875 -0.0625914
0.53125 0.6875 -0.0635679
0.53125 0.71875 -0.0323332
0.5 0.71875 -0.0313567
0.53125 0.75 -0.00109841
0.53125 0.71875 -0.0323332
0.5625 0.71875 -0.0333096
0.5625 0.75 -0.00207485
0.53125 0.75 -0.00109841
0.53125 0.71875 -0.0323332
0.53125 0.6875 -0.0635679
0.5625 0.6875 -0.0645443
0.5625 0.71875 -0.0333096
0.53125 0.71875 -0.0323332
0.5 0.6875 -0.0625914
0.5 0.65625 -0.0938262
0.53125 0.65625 -0.0948026
0.53125 0.6875 -0.0635679
0.5 0.6875 -0.0625914
0.5 0.65625 -0.0938262
0.5 0.625 -0.125061
0.53125 0.625 -0.126037
0.53125 0.65625 -0.0948026
0.5 0.65625 -0.0938262
0.53125 0.6875 -0.0635679
0.53125 0.65625 -0.0948026
0.5625 0.65625 -0.0957791
0.5625 0.6875 -0.0645443
0.53125 0.6875 -0.0635679
0.53125 0.65625 -0.0948026
0.53125 0.625 -0.126037
0.5625 0.625 -0.127013
0.5625 0.65625 -0.0957791
0.53125 0.65625 -0.0948026
0.5625 0.75 -0.00207485
0.5625 0.71875 -0.0333096
0.59375 0.71875 -0.034286
0.59375 0.75 -0.0030513
0.5625 0.75 -0.00207485
0.5625 0.71875 -0.0333096
0.5625 0.6875 -0.0645443
0.59375 0.6875 -0.0655208
0.59375 0.71875 -0.034286
0.5625 0.71875 -0.0333096
0.59375 0.75 -0.0030513
0.59375 0.71875 -0.034286
0.625 0.71875 -0.0352625
0.625 0.75 -0.00402774
0.59375 0.75 -0.0030513
0.59375 0.71875 -0.034286
0.59375 0.6875 -0.0655208
0.625 0.6875 -0.0664971
0.625 0.71875 -0.0352625
0.59375 0.71875 -0.034286
0.5625 0.6875 -0.0645443
0.5625 0.65625 -0.0957791
0.59375 0.65625 -0.0967555
0.59375 0.6875 -0.0655208
0.5625 0.6875 -0.0645443
0.5625 0.65625 -0.0957791
0.5625 0.625 -0.127013
0.59375 0.625 -0.127786
0.59375 0.65625 -0.0967555
0.5625 0.65625 -0.0957791
0.59375 0.6875 -0.0655208
0.59375 0.65625 -0.0967555
0.625 0.65625 -0.0974691
0.625 0.6875 -0.0664971
0.59375 0.6875 -0.0655208
0.59375 0.65625 -0.0967555
0.59375 0.625 -0.127786
0.625 0.625 -0.11828
0.625 0.65625 -0.0974691
0.59375 0.65625 -0.0967555
0.5 0.625 -0.125061
0.5 0.5625 -0.18756
0.5625 0.5625 -0.176491
0.5625 0.625 -0.127013
0.5 0.625 -0.125061
0.5 0.5625 -0.18756
0.5 0.5 -0.226726
0.5625 0.5 -0.183128
0.5625 0.5625 -0.176491
0.5 0.5625 -0.18756
0.5625 0.625 -0.127013
0.5625 0.5625 -0.176491
0.625 0.5625 -0.123107
0.625 0.625 -0.11828
0.5625 0.625 -0.127013
0.5625 0.5625 -0.176491
0.5625 0.5 -0.183128
0.625 0.5 -0.125061
0.625 0.5625 -0.123107
0.5625 0.5625 -0.176491
0.625 0.75 -0.00402774
0.625 0.71875 -0.0352625
0.65625 0.71875 -0.0362376
0.65625 0.75 -0.00500252
0.625 0.75 -0.00402774
0.625 0.71875 -0.0352625
0.625 0.6875 -0.0664971
0.65625 0.6875 -0.0671253
0.65625 0.71875 -0.0362376
0.625 0.71875 -0.0352625
0.65625 0.75 -0.00500252
0.65625 0.71875 -0.0362376
0.6875 0.71875 -0.0366092
0.6875 0.75 -0.00586495
0.65625 0.75 -0.00500252
0.65625 0.71875 -0.0362376
0.65625 0.6875 -0.0671253
0.6875 0.6875 -0.0550291
0.6875 0.71875 -0.0366092
0.65625 0.71875 -0.0362376
0.625 0.6875 -0.0664971
0.625 0.65625 -0.0974691
0.65625 0.65625 -0.0867227
0.65625 0.6875 -0.0671253
0.625 0.6875 -0.0664971
0.625 0.65625 -0.0974691
0.625 0.625 -0.11828
0.65625 0.625 -0.0898834
0.65625 0.65625 -0.0867227
0.625 0.65625 -0.0974691
0.65625 0.6875 -0.0671253
0.65625 0.65625 -0.0867227
0.6875 0.65625 -0.0576831
0.6875 0.6875 -0.0550291
0.65625 0.6875 -0.0671253
0.65625 0.65625 -0.0867227
0.65625 0.625 -0.0898834
0.6875 0.625 -0.0586854
0.6875 0.65625 -0.0576831
0.65625 0.65625 -0.0867227
0.6875 0.75 -0.00586495
0.6875 0.71875 -0.0366092
0.71875 0.71875 -0.0226177
0.71875 0.75 -0.00391889
0.6875 0.75 -0.00586495
0.6875 0.71875 -0.0366092
0.6875 0.6875 -0.0550291
0.71875 0.6875 -0.0254674
0.71875 0.71875 -0.0226177
0.6875 0.71875 -0.0366092
0.71875 0.75 -0.00391889
0.71875 0.71875 -0.0226177
0.75 0.71875 0.00699722
0.75 0.75 0.0201156
0.71875 0.75 -0.00391889
0.71875 0.71875 -0.0226177
0.71875 0.6875 -0.0254674
0.75 0.6875 0.00573963
0.75 0.71875 0.00699722
0.71875 0.71875 -0.0226177
0.6875 0.6875 -0.0550291
0.6875 0.65625 -0.0576831
0.71875 0.65625 -0.0264742
0.71875 0.6875 -0.0254674
0.6875 0.6875 -0.0550291
0.6875 0.65625 -0.0576831
0.6875 0.625 -0.0586854
0.71875 0.625 -0.0274509
0.71875 0.65625 -0.0264742
0.6875 0.65625 -0.0576831
0.71875 0.6875 -0.0254674
0.71875 0.65625 -0.0264742
0.75 0.65625 0.00476026
0.75 0.6875 0.00573963
0.71875 0.6875 -0.0254674
0.71875 0.65625 -0.0264742
0.71875 0.625 -0.0274509
0.75 0.625 0.00378381
0.75 0.65625 0.00476026
0.71875 0.65625 -0.0264742
0.625 0.625 -0.11828
0.625 0.59375 -0.122079
0.65625 0.59375 -0.0908965
0.65625 0.625 -0.0898834
0.625 0.625 -0.11828
0.625 0.59375 -0.122079
0.625 0.5625 -0.123107
0.65625 0.5625 -0.0918733
0.65625 0.59375 -0.0908965
0.625 0.59375 -0.122079
0.65625 0.625 -0.0898834
0.65625 0.59375 -0.0908965
0.6875 0.59375 -0.0596621
0.6875 0.625 -0.0586854
0.65625 0.625 -0.0898834
0.65625 0.59375 -0.0908965
0.65625 0.5625 -0.0918733
0.6875 0.5625 -0.0606386
0.6875 0.59375 -0.0596621
0.65625 0.59375 -0.0908965
0.625 0.5625 -0.123107
0.625 0.53125 -0.124084
0.65625 0.53125 -0.0928497
0.65625 0.5625 -0.0918733
0.625 0.5625 -0.123107
0.625 0.53125 -0.124084
0.625 0.5 -0.125061
0.65625 0.5 -0.0938262
0.65625 0.53125 -0.0928497
0.625 0.53125 -0.124084
0.65625 0.5625 -0.0918733
0.65625 0.53125 -0.0928497
0.6875 0.53125 -0.061615
0.6875 0.5625 -0.0606386
0.65625 0.5625 -0.0918733
0.65625 0.53125 -0.0928497
0.65625 0.5 -0.0938262
0.6875 0.5 -0.0625914
0.6875 0.53125 -0.061615
0.65625 0.53125 -0.0928497
0.6875 0.625 -0.0586854
0.6875 0.59375 -0.0596621
0.71875 0.59375 -0.0284274
0.71875 0.625 -0.0274509
0.6875 0.625 -0.0586854
0.6875 0.59375 -0.0596621
0.6875 0.5625 -0.0606386
0.71875 0.5625 -0.0294038
0.71875 0.59375 -0.0284274
0.6875 0.59375 -0.0596621
0.71875 0.625 -0.0274509
0.71875 0.59375 -0.0284274
0.75 0.59375 0.00280736
0.75 0.625 0.00378381
0.71875 0.625 -0.0274509
0.71875 0.59375 -0.0284274
0.71875 0.5625 -0.0294038
0.75 0.5625 0.00183092
0.75 0.59375 0.00280736
0.71875 0.59375 -0.0284274
0.6875 0.5625 -0.0606386
0.6875 0.53125 -0.061615
0.71875 0.53125 -0.0303803
0.71875 0.5625 -0.0294038
0.6875 0.5625 -0.0606386
0.6875 0.53125 -0.061615
0.6875 0.5 -0.0625914
0.71875 0.5 -0.0313567
0.71875 0.53125 -0.0303803
0.6875 0.53125 -0.061615
0.71875 0.5625 -0.0294038
0.71875 0.53125 -0.0303803
0.75 0.53125 0.000854477
0.75 0.5625 0.00183092
0.71875 0.5625 -0.0294038
0.71875 0.53125 -0.0303803
0.71875 0.5 -0.0313567
0.75 0.5 -0.000121967
0.75 0.53125 0.000854477
0.71875 0.53125 -0.0303803
0.75 1 0.250682
0.75 0.9375 0.189538
0.8125 0.9375 0.214912
0.8125 1 0.270774
0.75 1 0.250682
0.75 0.9375 0.189538
0.75 0.875 0.128635
0.8125 0.875 0.161237
0.8125 0.9375 0.214912
0.75 0.9375 0.189538
0.8125 1 0.270774
0.8125 0.9375 0.214912
0.875 0.9375 0.253274
0.875 1 0.302559
0.8125 1 0.270774
0.8125 0.9375 0.214912
0.8125 0.875 0.161237
0.875 0.875 0.207147
0.875 0.9375 0.253274
0.8125 0.9375 0.214912
0.75 0.875 0.128635
0.75 0.84375 0.0995096
0.78125 0.84375 0.1168
0.78125 0.875 0.143294
0.75 0.875 0.128635
0.75 0.84375 0.0995096
0.75 0.8125 0.0712595
0.78125 0.8125 0.091878
0.78125 0.84375 0.1168
0.75 0.84375 0.0995096
0.78125 0.875 0.143294
0.78125 0.84375 0.1168
0.8125 0.84375 0.13732
0.8125 0.875 0.161237
0.78125 0.875 0.143294
0.78125 0.84375 0.1168
0.78125 0.8125 0.091878
0.8125 0.8125 0.115371
0.8125 0.84375 0.13732
0.78125 0.84375 0.1168
0.75 0.8125 0.0712595
0.75 0.78125 0.0443974
0.78125 0.78125 0.0691857
0.78125 0.8125 0.091878
0.75 0.8125 0.0712595
0.75 0.78125 0.0443974
0.75 0.75 0.0201156
0.78125 0.75 0.0501081
0.78125 0.78125 0.0691857
0.75 0.78125 0.0443974
0.78125 0.8125 0.091878
0.78125 0.78125 0.0691857
0.8125 0.78125 0.0959371
0.8125 0.8125 0.115371
0.78125 0.8125 0.091878
0.78125 0.78125 0.0691857
0.78125 0.75 0.0501081
0.8125 0.75 0.0800195
0.8125 0.78125 0.0959371
0.78125 0.78125 0.0691857
0.8125 0.875 0.161237
0.8125 0.8125 0.115371
0.875 0.8125 0.166985
0.875 0.875 0.207147
0.8125 0.875 0.161237
0.8125 0.8125 0.115371
0.8125 0.78125 0.0959371
0.84375 0.78125 0.123611
0.84375 0.8125 0.140679
0.8125 0.8125 0.115371
0.8125 0.78125 0.0959371
0.8125 0.75 0.0800195
0.84375 0.75 0.109931
0.84375 0.78125 0.123611
0.8125 0.78125 0.0959371
0.84375 0.8125 0.140679
0.84375 0.78125 0.123611
0.875 0.78125 0.151791
0.875 0.8125 0.166985
0.84375 0.8125 0.140679
0.84375 0.78125 0.123611
0.84375 0.75 0.109931
0.875 0.75 0.139885
0.875 0.78125 0.151791
0.84375 0.78125 0.123611
0.875 1 0.302559
0.875 0.875 0.207147
1 0.875 0.314098
1 1 0.395645
0.875 1 0.302559
0.875 0.875 0.207147
0.875 0.8125 0.166985
0.9375 0.8125 0.225007
0.9375 0.875 0.258729
0.875 0.875 0.207147
0.875 0.8125 0.166985
0.875 0.75 0.139885
0.9375 0.75 0.20134
0.9375 0.8125 0.225007
0.875 0.8125 0.166985
0.9375 0.875 0.258729
0.9375 0.8125 0.225007
1 0.8125 0.284118
1 0.875 0.314098
0.9375 0.875 0.258729
0.9375 0.8125 0.225007
0.9375 0.75 0.20134
1 0.75 0.262877
1 0.8125 0.284118
0.9375 0.8125 0.225007
0.75 0.75 0.0201156
0.75 0.71875 0.00699722
0.78125 0.71875 0.0382151
0.78125 0.75 0.0501081
0.75 0.75 0.0201156
0.75 0.71875 0.00699722
0.75 0.6875 0.00573963
0.78125 0.6875 0.0369742
0.78125 0.71875 0.0382151
0.75 0.71875 0.00699722
0.78125 0.75 0.0501081
0.78125 0.71875 0.0382151
0.8125 0.71875 0.0694226
0.8125 0.75 0.0800195
0.78125 0.75 0.0501081
0.78125 0.71875 0.0382151
0.78125 0.6875 0.0369742
0.8125 0.6875 0.0682087
0.8125 0.71875 0.0694226
0.78125 0.71875 0.0382151
0.75 0.6875 0.00573963
0.75 0.65625 0.00476026
0.78125 0.65625 0.035995
0.78125 0.6875 0.0369742
0.75 0.6875 0.00573963
0.75 0.65625 0.00476026
0.75 0.625 0.00378381
0.78125 0.625 0.0350185
0.78125 0.65625 0.035995
0.75 0.65625 0.00476026
0.78125 0.6875 0.0369742
0.78125 0.65625 0.035995
0.8125 0.65625 0.0672297
0.8125 0.6875 0.0682087
0.78125 0.6875 0.0369742
0.78125 0.65625 0.035995
0.78125 0.625 0.0350185
0.8125 0.625 0.0662533
0.8125 0.65625 0.0672297
0.78125 0.65625 0.035995
0.8125 0.75 0.0800195
0.8125 0.71875 0.0694226
0.84375 0.71875 0.100606
0.84375 0.75 0.109931
0.8125 0.75 0.0800195
0.8125 0.71875 0.0694226
0.8125 0.6875 0.0682087
0.84375 0.6875 0.0994429
0.84375 0.71875 0.100606
0.8125 0.71875 0.0694226
0.84375 0.75 0.109931
0.84375 0.71875 0.100606
0.875 0.71875 0.131795
0.875 0.75 0.139885
0.84375 0.75 0.109931
0.84375 0.71875 0.100606
0.84375 0.6875 0.0994429
0.875 0.6875 0.130677
0.875 0.71875 0.131795
0.84375 0.71875 0.100606
0.8125 0.6875 0.0682087
0.8125 0.65625 0.0672297
0.84375 0.65625 0.0984645
0.84375 0.6875 0.0994429
0.8125 0.6875 0.0682087
0.8125 0.65625 0.0672297
0.8125 0.625 0.0662533
0.84375 0.625 0.097488
0.84375 0.65625 0.0984645
0.8125 0.65625 0.0672297
0.84375 0.6875 0.0994429
0.84375 0.65625 0.0984645
0.875 0.65625 0.129699
0.875 0.6875 0.130677
0.84375 0.6875 0.0994429
0.84375 0.65625 0.0984645
0.84375 0.625 0.097488
0.875 0.625 0.128723
0.875 0.65625 0.129699
0.84375 0.65625 0.0984645
0.75 0.625 0.00378381
0.75 0.59375 0.00280736
0.78125 0.59375 0.0340421
0.78125 0.625 0.0350185
0.75 0.625 0.00378381
0.75 0.59375 0.00280736
0.75 0.5625 0.00183092
0.78125 0.5625 0.0330657
0.78125 0.59375 0.0340421
0.75 0.59375 0.00280736
0.78125 0.625 0.0350185
0.78125 0.59375 0.0340421
0.8125 0.59375 0.0652768
0.8125 0.625 0.0662533
0.78125 0.625 0.0350185
0.78125 0.59375 0.0340421
0.78125 0.5625 0.0330657
0.8125 0.5625 0.0643004
0.8125 0.59375 0.0652768
0.78125 0.59375 0.0340421
0.75 0.5625 0.00183092
0.75 0.53125 0.000854477
0.78125 0.53125 0.0320892
0.78125 0.5625 0.0330657
0.75 0.5625 0.00183092
0.75 0.53125 0.000854477
0.75 0.5 -0.000121967
0.78125 0.5 0.0311128
0.78125 0.53125 0.0320892
0.75 0.53125 0.000854477
0.78125 0.5625 0.0330657
0.78125 0.53125 0.0320892
0.8125 0.53125 0.063324
0.8125 0.5625 0.0643004
0.78125 0.5625 0.0330657
0.78125 0.53125 0.0320892
0.78125 0.5 0.0311128
0.8125 0.5 0.0623475
0.8125 0.53125 0.063324
0.78125 0.53125 0.0320892
0.8125 0.625 0.0662533
0.8125 0.59375 0.0652768
0.84375 0.59375 0.0965116
0.84375 0.625 0.097488
0.8125 0.625 0.0662533
0.8125 0.59375 0.0652768
0.8125 0.5625 0.0643004
0.84375 0.5625 0.0955351
0.84375 0.59375 0.0965116
0.8125 0.59375 0.0652768
0.84375 0.625 0.097488
0.84375 0.59375 0.0965116
0.875 0.59375 0.127746
0.875 0.625 0.128723
0.84375 0.625 0.097488
0.84375 0.59375 0.0965116
0.84375 0.5625 0.0955351
0.875 0.5625 0.12677
0.875 0.59375 0.127746
0.84375 0.59375 0.0965116
0.8125 0.5625 0.0643004
0.8125 0.53125 0.063324
0.84375 0.53125 0.0945587
0.84375 0.5625 0.0955351
0.8125 0.5625 0.0643004
0.8125 0.53125 0.063324
0.8125 0.5 0.0623475
0.84375 0.5 0.0935823
0.84375 0.53125 0.0945587
0.8125 0.53125 0.063324
0.84375 0.5625 0.0955351
0.84375 0.53125 0.0945587
0.875 0.53125 0.125793
0.875 0.5625 0.12677
0.84375 0.5625 0.0955351
0.84375 0.53125 0.0945587
0.84375 0.5 0.0935823
0.875 0.5 0.124817
0.875 0.53125 0.125793
0.84375 0.53125 0.0945587
0.875 0.75 0.139885
0.875 0.6875 0.130677
0.9375 0.6875 0.193146
0.9375 0.75 0.20134
0.875 0.75 0.139885
0.875 0.6875 0.130677
0.875 0.625 0.128723
0.9375 0.625 0.191192
0.9375 0.6875 0.193146
0.875 0.6875 0.130677
0.9375 0.75 0.20134
0.9375 0.6875 0.193146
1 0.6875 0.255615
1 0.75 0.262877
0.9375 0.75 0.20134
0.9375 0.6875 0.193146
0.9375 0.625 0.191192
1 0.625 0.253662
1 0.6875 0.255615
0.9375 0.6875 0.193146
0.875 0.625 0.128723
0.875 0.5625 0.12677
0.9375 0.5625 0.189239
0.9375 0.625 0.191192
0.875 0.625 0.128723
0.875 0.5625 0.12677
0.875 0.5 0.124817
0.9375 0.5 0.187286
0.9375 0.5625 0.189239
0.875 0.5625 0.12677
0.9375 0.625 0.191192
0.9375 0.5625 0.189239
1 0.5625 0.251709
1 0.625 0.253662
0.9375 0.625 0.191192
0.9375 0.5625 0.189239
0.9375 0.5 0.187286
1 0.5 0.249756
1 0.5625 0.251709
0.9375 0.5625 0.189239
0.5 0.5 -0.226726
0.5 0.4375 -0.185307
0.5625 0.4375 -0.16572
0.5625 0.5 -0.183128
0.5 0.5 -0.226726
0.5 0.4375 -0.185307
0.5 0.375 -0.125061
0.5625 0.375 -0.123084
0.5625 0.4375 -0.16572
0.5 0.4375 -0.185307
0.5625 0.5 -0.183128
0.5625 0.4375 -0.16572
0.625 0.4375 -0.126892
0.625 0.5 -0.125061
0.5625 0.5 -0.183128
0.5625 0.4375 -0.16572
0.5625 0.375 -0.123084
0.625 0.375 -0.113519
0.625 0.4375 -0.126892
0.5625 0.4375 -0.16572
0.5 0.375 -0.125061
0.5 0.34375 -0.0938264
0.53125 0.34375 -0.0928499
0.53125 0.375 -0.124084
0.5 0.375 -0.125061
0.5 0.34375 -0.0938264
0.5 0.3125 -0.0625916
0.53125 0.3125 -0.0616152
0.53125 0.34375 -0.0928499
0.5 0.34375 -0.0938264
0.53125 0.375 -0.124084
0.53125 0.34375 -0.0928499
0.5625 0.34375 -0.091873
0.5625 0.375 -0.123084
0.53125 0.375 -0.124084
0.53125 0.34375 -0.0928499
0.53125 0.3125 -0.0616152
0.5625 0.3125 -0.0606388
0.5625 0.34375 -0.091873
0.53125 0.34375 -0.0928499
0.5 0.3125 -0.0625916
0.5 0.28125 -0.0313569
0.53125 0.28125 -0.0303805
0.53125 0.3125 -0.0616152
0.5 0.3125 -0.0625916
0.5 0.28125 -0.0313569
0.5 0.25 -0.000122167
0.53125 0.25 0.000854277
0.53125 0.28125 -0.0303805
0.5 0.28125 -0.0313569
0.53125 0.3125 -0.0616152
0.53125 0.28125 -0.0303805
0.5625 0.28125 -0.029404
0.5625 0.3125 -0.0606388
0.53125 0.3125 -0.0616152
0.53125 0.28125 -0.0303805
0.53125 0.25 0.000854277
0.5625 0.25 0.00183072
0.5625 0.28125 -0.029404
0.53125 0.28125 -0.0303805
0.5625 0.375 -0.123084
0.5625 0.34375 -0.091873
0.59375 0.34375 -0.0908781
0.59375 0.375 -0.121427
0.5625 0.375 -0.123084
0.5625 0.34375 -0.091873
0.5625 0.3125 -0.0606388
0.59375 0.3125 -0.059662
0.59375 0.34375 -0.0908781
0.5625 0.34375 -0.091873
0.59375 0.375 -0.121427
0.59375 0.34375 -0.0908781
0.625 0.34375 -0.0893553
0.625 0.375 -0.113519
0.59375 0.375 -0.121427
0.59375 0.34375 -0.0908781
0.59375 0.3125 -0.059662
0.625 0.3125 -0.0586723
0.625 0.34375 -0.0893553
0.59375 0.34375 -0.0908781
0.5625 0.3125 -0.0606388
0.5625 0.28125 -0.029404
0.59375 0.28125 -0.0284276
0.59375 0.3125 -0.059662
0.5625 0.3125 -0.0606388
0.5625 0.28125 -0.029404
0.5625 0.25 0.00183072
0.59375 0.25 0.00280716
0.59375 0.28125 -0.0284276
0.5625 0.28125 -0.029404
0.59375 0.3125 -0.059662
0.59375 0.28125 -0.0284276
0.625 0.28125 -0.0274511
0.625 0.3125 -0.0586723
0.59375 0.3125 -0.059662
0.59375 0.28125 -0.0284276
0.59375 0.25 0.00280716
0.625 0.25 0.00378361
0.625 0.28125 -0.0274511
0.59375 0.28125 -0.0284276
0.625 0.5 -0.125061
0.625 0.46875 -0.126037
0.65625 0.46875 -0.0948026
0.65625 0.5 -0.0938262
0.625 0.5 -0.125061
0.625 0.46875 -0.126037
0.625 0.4375 -0.126892
0.65625 0.4375 -0.0957791
0.65625 0.46875 -0.0948026
0.625 0.46875 -0.126037
0.65625 0.5 -0.0938262
0.65625 0.46875 -0.0948026
0.6875 0.46875 -0.0635679
0.6875 0.5 -0.0625914
0.65625 0.5 -0.0938262
0.65625 0.46875 -0.0948026
0.65625 0.4375 -0.0957791
0.6875 0.4375 -0.0645443
0.6875 0.46875 -0.0635679
0.65625 0.46875 -0.0948026
0.625 0.4375 -0.126892
0.625 0.40625 -0.12485
0.65625 0.40625 -0.0965979
0.65625 0.4375 -0.0957791
0.625 0.4375 -0.126892
0.625 0.40625 -0.12485
0.625 0.375 -0.113519
0.65625 0.375 -0.094252
0.65625 0.40625 -0.0965979
0.625 0.40625 -0.12485
0.65625 0.4375 -0.0957791
0.65625 0.40625 -0.0965979
0.6875 0.40625 -0.0655208
0.6875 0.4375 -0.0645443
0.65625 0.4375 -0.0957791
0.65625 0.40625 -0.0965979
0.65625 0.375 -0.094252
0.6875 0.375 -0.0663138
0.6875 0.40625 -0.0655208
0.65625 0.40625 -0.0965979
0.6875 0.5 -0.0625914
0.6875 0.46875 -0.0635679
0.71875 0.46875 -0.0323332
0.71875 0.5 -0.0313567
0.6875 0.5 -0.0625914
0.6875 0.46875 -0.0635679
0.6875 0.4375 -0.0645443
0.71875 0.4375 -0.0333096
0.71875 0.46875 -0.0323332
0.6875 0.46875 -0.0635679
0.71875 0.5 -0.0313567
0.71875 0.46875 -0.0323332
0.75 0.46875 -0.00109841
0.75 0.5 -0.000121967
0.71875 0.5 -0.0313567
0.71875 0.46875 -0.0323332
0.71875 0.4375 -0.0333096
0.75 0.4375 -0.00207485
0.75 0.46875 -0.00109841
0.71875 0.46875 -0.0323332
0.6875 0.4375 -0.0645443
0.6875 0.40625 -0.0655208
0.71875 0.40625 -0.034286
0.71875 0.4375 -0.0333096
0.6875 0.4375 -0.0645443
0.6875 0.40625 -0.0655208
0.6875 0.375 -0.0663138
0.71875 0.375 -0.0352623
0.71875 0.40625 -0.034286
0.6875 0.40625 -0.0655208
0.71875 0.4375 -0.0333096
0.71875 0.40625 -0.034286
0.75 0.40625 -0.0030513
0.75 0.4375 -0.00207485
0.71875 0.4375 -0.0333096
0.71875 0.40625 -0.034286
0.71875 0.375 -0.0352623
0.75 0.375 -0.00402738
0.75 0.40625 -0.0030513
0.71875 0.40625 -0.034286
0.625 0.375 -0.113519
0.625 0.34375 -0.0893553
0.65625 0.34375 -0.0823139
0.65625 0.375 -0.094252
0.625 0.375 -0.113519
0.625 0.34375 -0.0893553
0.625 0.3125 -0.0586723
0.65625 0.3125 -0.0573022
0.65625 0.34375 -0.0823139
0.625 0.34375 -0.0893553
0.65625 0.375 -0.094252
0.65625 0.34375 -0.0823139
0.6875 0.34375 -0.0637642
0.6875 0.375 -0.0663138
0.65625 0.375 -0.094252
0.65625 0.34375 -0.0823139
0.65625 0.3125 -0.0573022
0.6875 0.3125 -0.0513837
0.6875 0.34375 -0.0637642
0.65625 0.34375 -0.0823139
0.625 0.3125 -0.0586723
0.625 0.28125 -0.0274511
0.65625 0.28125 -0.0264719
0.65625 0.3125 -0.0573022
0.625 0.3125 -0.0586723
0.625 0.28125 -0.0274511
0.625 0.25 0.00378361
0.65625 0.25 0.00476015
0.65625 0.28125 -0.0264719
0.625 0.28125 -0.0274511
0.65625 0.3125 -0.0573022
0.65625 0.28125 -0.0264719
0.6875 0.28125 -0.025379
0.6875 0.3125 -0.0513837
0.65625 0.3125 -0.0573022
0.65625 0.28125 -0.0264719
0.65625 0.25 0.00476015
0.6875 0.25 0.00575069
0.6875 0.28125 -0.025379
0.65625 0.28125 -0.0264719
0.6875 0.375 -0.0663138
0.6875 0.34375 -0.0637642
0.71875 0.34375 -0.0360624
0.71875 0.375 -0.0352623
0.6875 0.375 -0.0663138
0.6875 0.34375 -0.0637642
0.6875 0.3125 -0.0513837
0.71875 0.3125 -0.0336705
0.71875 0.34375 -0.0360624
0.6875 0.34375 -0.0637642
0.71875 0.375 -0.0352623
0.71875 0.34375 -0.0360624
0.75 0.34375 -0.00498758
0.75 0.375 -0.00402738
0.71875 0.375 -0.0352623
0.71875 0.34375 -0.0360624
0.71875 0.3125 -0.0336705
0.75 0.3125 -0.00575879
0.75 0.34375 -0.00498758
0.71875 0.34375 -0.0360624
0.6875 0.3125 -0.0513837
0.6875 0.28125 -0.025379
0.71875 0.28125 -0.0215904
0.71875 0.3125 -0.0336705
0.6875 0.3125 -0.0513837
0.6875 0.28125 -0.025379
0.6875 0.25 0.00575069
0.71875 0.25 0.00718854
0.71875 0.28125 -0.0215904
0.6875 0.28125 -0.025379
0.71875 0.3125 -0.0336705
0.71875 0.28125 -0.0215904
0.75 0.28125 -0.0037717
0.75 0.3125 -0.00575879
0.71875 0.3125 -0.0336705
0.71875 0.28125 -0.0215904
0.71875 0.25 0.00718854
0.75 0.25 0.0176026
0.75 0.28125 -0.0037717
0.71875 0.28125 -0.0215904
0.5 0.25 -0.000122167
0.5 0.21875 0.0311126
0.53125 0.21875 0.032089
0.53125 0.25 0.000854277
0.5 0.25 -0.000122167
0.5 0.21875 0.0311126
0.5 0.1875 0.0623473
0.53125 0.1875 0.0633238
0.53125 0.21875 0.032089
0.5 0.21875 0.0311126
0.53125 0.25 0.000854277
0.53125 0.21875 0.032089
0.5625 0.21875 0.0330655
0.5625 0.25 0.00183072
0.53125 0.25 0.000854277
0.53125 0.21875 0.032089
0.53125 0.1875 0.0633238
0.5625 0.1875 0.0643002
0.5625 0.21875 0.0330655
0.53125 0.21875 0.032089
0.5 0.1875 0.0623473
0.5 0.15625 0.0935821
0.53125 0.15625 0.0945585
0.53125 0.1875 0.0633238
0.5 0.1875 0.0623473
0.5 0.15625 0.0935821
0.5 0.125 0.124817
0.53125 0.125 0.125793
0.53125 0.15625 0.0945585
0.5 0.15625 0.0935821
0.53125 0.1875 0.0633238
0.53125 0.15625 0.0945585
0.5625 0.15625 0.0955349
0.5625 0.1875 0.0643002
0.53125 0.1875 0.0633238
0.53125 0.15625 0.0945585
0.53125 0.125 0.125793
0.5625 0.125 0.12677
0.5625 0.15625 0.0955349
0.53125 0.15625 0.0945585
0.5625 0.25 0.00183072
0.5625 0.21875 0.0330655
0.59375 0.21875 0.0340419
0.59375 0.25 0.00280716
0.5625 0.25 0.00183072
0.5625 0.21875 0.0330655
0.5625 0.1875 0.0643002
0.59375 0.1875 0.0652766
0.59375 0.21875 0.0340419
0.5625 0.21875 0.0330655
0.59375 0.25 0.00280716
0.59375 0.21875 0.0340419
0.625 0.21875 0.0350183
0.625 0.25 0.00378361
0.59375 0.25 0.00280716
0.59375 0.21875 0.0340419
0.59375 0.1875 0.0652766
0.625 0.1875 0.0662531
0.625 0.21875 0.0350183
0.59375 0.21875 0.0340419
0.5625 0.1875 0.0643002
0.5625 0.15625 0.0955349
0.59375 0.15625 0.0965114
0.59375 0.1875 0.0652766
0.5625 0.1875 0.0643002
0.5625 0.15625 0.0955349
0.5625 0.125 0.12677
0.59375 0.125 0.127746
0.59375 0.15625 0.0965114
0.5625 0.15625 0.0955349
0.59375 0.1875 0.0652766
0.59375 0.15625 0.0965114
0.625 0.15625 0.0974878
0.625 0.1875 0.0662531
0.59375 0.1875 0.0652766
0.59375 0.15625 0.0965114
0.59375 0.125 0.127746
0.625 0.125 0.128723
0.625 0.15625 0.0974878
0.59375 0.15625 0.0965114
0.5 0.125 0.124817
0.5 0.0625 0.187286
0.5625 0.0625 0.189239
0.5625 0.125 0.12677
0.5 0.125 0.124817
0.5 0.0625 0.187286
0.5 0 0.249756
0.5625 0 0.251709
0.5625 0.0625 0.189239
0.5 0.0625 0.187286
0.5625 0.125 0.12677
0.5625 0.0625 0.189239
0.625 0.0625 0.191192
0.625 0.125 0.128723
0.5625 0.125 0.12677
0.5625 0.0625 0.189239
0.5625 0 0.251709
0.625 0 0.253662
0.625 0.0625 0.191192
0.5625 0.0625 0.189239
0.625 0.25 0.00378361
0.625 0.21875 0.0350183
0.65625 0.21875 0.0359949
0.65625 0.25 0.00476015
0.625 0.25 0.00378361
0.625 0.21875 0.0350183
0.625 0.1875 0.0662531
0.65625 0.1875 0.0672296
0.65625 0.21875 0.0359949
0.625 0.21875 0.0350183
0.65625 0.25 0.00476015
0.65625 0.21875 0.0359949
0.6875 0.21875 0.0369842
0.6875 0.25 0.00575069
0.65625 0.25 0.00476015
0.65625 0.21875 0.0359949
0.65625 0.1875 0.0672296
0.6875 0.1875 0.0682173
0.6875 0.21875 0.0369842
0.65625 0.21875 0.0359949
0.625 0.1875 0.0662531
0.625 0.15625 0.0974878
0.65625 0.15625 0.0984643
0.65625 0.1875 0.0672296
0.625 0.1875 0.0662531
0.625 0.15625 0.0974878
0.625 0.125 0.128723
0.65625 0.125 0.129699
0.65625 0.15625 0.0984643
0.625 0.15625 0.0974878
0.65625 0.1875 0.0672296
0.65625 0.15625 0.0984643
0.6875 0.15625 0.0994495
0.6875 0.1875 0.0682173
0.65625 0.1875 0.0672296
0.65625 0.15625 0.0984643
0.65625 0.125 0.129699
0.6875 0.125 0.130681
0.6875 0.15625 0.0994495
0.65625 0.15625 0.0984643
0.6875 0.25 0.00575069
0.6875 0.21875 0.0369842
0.71875 0.21875 0.0383784
0.71875 0.25 0.00718854
0.6875 0.25 0.00575069
0.6875 0.21875 0.0369842
0.6875 0.1875 0.0682173
0.71875 0.1875 0.0695559
0.71875 0.21875 0.0383784
0.6875 0.21875 0.0369842
0.71875 0.25 0.00718854
0.71875 0.21875 0.0383784
0.75 0.21875 0.0462712
0.75 0.25 0.0176026
0.71875 0.25 0.00718854
0.71875 0.21875 0.0383784
0.71875 0.1875 0.0695559
0.75 0.1875 0.0759097
0.75 0.21875 0.0462712
0.71875 0.21875 0.0383784
0.6875 0.1875 0.0682173
0.6875 0.15625 0.0994495
0.71875 0.15625 0.100706
0.71875 0.1875 0.0695559
0.6875 0.1875 0.0682173
0.6875 0.15625 0.0994495
0.6875 0.125 0.130681
0.71875 0.125 0.131855
0.71875 0.15625 0.100706
0.6875 0.15625 0.0994495
0.71875 0.1875 0.0695559
0.71875 0.15625 0.100706
0.75 0.15625 0.105929
0.75 0.1875 0.0759097
0.71875 0.1875 0.0695559
0.71875 0.15625 0.100706
0.71875 0.125 0.131855
0.75 0.125 0.136163
0.75 0.15625 0.105929
0.71875 0.15625 0.100706
0.625 0.125 0.128723
0.625 0.0625 0.191192
0.6875 0.0625 0.193148
0.6875 0.125 0.130681
0.625 0.125 0.128723
0.625 0.0625 0.191192
0.625 0 0.253662
0.6875 0 0.255616
0.6875 0.0625 0.193148
0.625 0.0625 0.191192
0.6875 0.125 0.130681
0.6875 0.0625 0.193148
0.75 0.0625 0.197945
0.75 0.125 0.136163
0.6875 0.125 0.130681
0.6875 0.0625 0.193148
0.6875 0 0.255616
0.75 0 0.259967
0.75 0.0625 0.197945
0.6875 0.0625 0.193148
0.75 0.5 -0.000121967
0.75 0.46875 -0.00109841
0.78125 0.46875 0.0301363
0.78125 0.5 0.0311128
0.75 0.5 -0.000121967
0.75 0.46875 -0.00109841
0.75 0.4375 -0.00207485
0.78125 0.4375 0.0291599
0.78125 0.46875 0.0301363
0.75 0.46875 -0.00109841
0.78125 0.5 0.0311128
0.78125 0.46875 0.0301363
0.8125 0.46875 0.0613711
0.8125 0.5 0.0623475
0.78125 0.5 0.0311128
0.78125 0.46875 0.0301363
0.78125 0.4375 0.0291599
0.8125 0.4375 0.0603946
0.8125 0.46875 0.0613711
0.78125 0.46875 0.0301363
0.75 0.4375 -0.00207485
0.75 0.40625 -0.0030513
0.78125 0.40625 0.0281835
0.78125 0.4375 0.0291599
0.75 0.4375 -0.00207485
0.75 0.40625 -0.0030513
0.75 0.375 -0.00402738
0.78125 0.375 0.0272081
0.78125 0.40625 0.0281835
0.75 0.40625 -0.0030513
0.78125 0.4375 0.0291599
0.78125 0.40625 0.0281835
0.8125 0.40625 0.0594183
0.8125 0.4375 0.0603946
0.78125 0.4375 0.0291599
0.78125 0.40625 0.0281835
0.78125 0.375 0.0272081
0.8125 0.375 0.0584438
0.8125 0.40625 0.0594183
0.78125 0.40625 0.0281835
0.8125 0.5 0.0623475
0.8125 0.46875 0.0613711
0.84375 0.46875 0.0926058
0.84375 0.5 0.0935823
0.8125 0.5 0.0623475
0.8125 0.46875 0.0613711
0.8125 0.4375 0.0603946
0.84375 0.4375 0.0916294
0.84375 0.46875 0.0926058
0.8125 0.46875 0.0613711
0.84375 0.5 0.0935823
0.84375 0.46875 0.0926058
0.875 0.46875 0.123841
0.875 0.5 0.124817
0.84375 0.5 0.0935823
0.84375 0.46875 0.0926058
0.84375 0.4375 0.0916294
0.875 0.4375 0.122864
0.875 0.46875 0.123841
0.84375 0.46875 0.0926058
0.8125 0.4375 0.0603946
0.8125 0.40625 0.0594183
0.84375 0.40625 0.0906531
0.84375 0.4375 0.0916294
0.8125 0.4375 0.0603946
0.8125 0.40625 0.0594183
0.8125 0.375 0.0584438
0.84375 0.375 0.0896794
0.84375 0.40625 0.0906531
0.8125 0.40625 0.0594183
0.84375 0.4375 0.0916294
0.84375 0.40625 0.0906531
0.875 0.40625 0.121888
0.875 0.4375 0.122864
0.84375 0.4375 0.0916294
0.84375 0.40625 0.0906531
0.84375 0.375 0.0896794
0.875 0.375 0.120914
0.875 0.40625 0.121888
0.84375 0.40625 0.0906531
0.75 0.375 -0.00402738
0.75 0.34375 -0.00498758
0.78125 0.34375 0.0262525
0.78125 0.375 0.0272081
0.75 0.375 -0.00402738
0.75 0.34375 -0.00498758
0.75 0.3125 -0.00575879
0.78125 0.3125 0.0254456
0.78125 0.34375 0.0262525
0.75 0.34375 -0.00498758
0.78125 0.375 0.0272081
0.78125 0.34375 0.0262525
0.8125 0.34375 0.0574927
0.8125 0.375 0.0584438
0.78125 0.375 0.0272081
0.78125 0.34375 0.0262525
0.78125 0.3125 0.0254456
0.8125 0.3125 0.0566896
0.8125 0.34375 0.0574927
0.78125 0.34375 0.0262525
0.75 0.3125 -0.00575879
0.75 0.28125 -0.0037717
0.78125 0.28125 0.0267415
0.78125 0.3125 0.0254456
0.75 0.3125 -0.00575879
0.75 0.28125 -0.0037717
0.75 0.25 0.0176026
0.78125 0.25 0.041122
0.78125 0.28125 0.0267415
0.75 0.28125 -0.0037717
0.78125 0.3125 0.0254456
0.78125 0.28125 0.0267415
0.8125 0.28125 0.0578866
0.8125 0.3125 0.0566896
0.78125 0.3125 0.0254456
0.78125 0.28125 0.0267415
0.78125 0.25 0.041122
0.8125 0.25 0.0682181
0.8125 0.28125 0.0578866
0.78125 0.28125 0.0267415
0.8125 0.375 0.0584438
0.8125 0.34375 0.0574927
0.84375 0.34375 0.0887312
0.84375 0.375 0.0896794
0.8125 0.375 0.0584438
0.8125 0.34375 0.0574927
0.8125 0.3125 0.0566896
0.84375 0.3125 0.0879262
0.84375 0.34375 0.0887312
0.8125 0.34375 0.0574927
0.84375 0.375 0.0896794
0.84375 0.34375 0.0887312
0.875 0.34375 0.119966
0.875 0.375 0.120914
0.84375 0.375 0.0896794
0.84375 0.34375 0.0887312
0.84375 0.3125 0.0879262
0.875 0.3125 0.119146
0.875 0.34375 0.119966
0.84375 0.34375 0.0887312
0.8125 0.3125 0.0566896
0.8125 0.28125 0.0578866
0.84375 0.28125 0.0889923
0.84375 0.3125 0.0879262
0.8125 0.3125 0.0566896
0.8125 0.28125 0.0578866
0.8125 0.25 0.0682181
0.84375 0.25 0.0969036
0.84375 0.28125 0.0889923
0.8125 0.28125 0.0578866
0.84375 0.3125 0.0879262
0.84375 0.28125 0.0889923
0.875 0.28125 0.120022
0.875 0.3125 0.119146
0.84375 0.3125 0.0879262
0.84375 0.28125 0.0889923
0.84375 0.25 0.0969036
0.875 0.25 0.12609
0.875 0.28125 0.120022
0.84375 0.28125 0.0889923
0.875 0.5 0.124817
0.875 0.4375 0.122864
0.9375 0.4375 0.185334
0.9375 0.5 0.187286
0.875 0.5 0.124817
0.875 0.4375 0.122864
0.875 0.375 0.120914
0.9375 0.375 0.183387
0.9375 0.4375 0.185334
0.875 0.4375 0.122864
0.9375 0.5 0.187286
0.9375 0.4375 0.185334
1 0.4375 0.247804
1 0.5 0.249756
0.9375 0.5 0.187286
0.9375 0.4375 0.185334
0.9375 0.375 0.183387
1 0.375 0.245862
1 0.4375 0.247804
0.9375 0.4375 0.185334
0.875 0.375 0.120914
0.875 0.3125 0.119146
0.9375 0.3125 0.181597
0.9375 0.375 0.183387
0.875 0.375 0.120914
0.875 0.3125 0.119146
0.875 0.25 0.12609
0.9375 0.25 0.187122
0.9375 0.3125 0.181597
0.875 0.3125 0.119146
0.9375 0.375 0.183387
0.9375 0.3125 0.181597
1 0.3125 0.244068
1 0.375 0.245862
0.9375 0.375 0.183387
0.9375 0.3125 0.181597
0.9375 0.25 0.187122
1 0.25 0.248741
1 0.3125 0.244068
0.9375 0.3125 0.181597
0.75 0.25 0.0176026
0.75 0.21875 0.0462712
0.78125 0.21875 0.0636249
0.78125 0.25 0.041122
0.75 0.25 0.0176026
0.75 0.21875 0.0462712
0.75 0.1875 0.0759097
0.78125 0.1875 0.0895102
0.78125 0.21875 0.0636249
0.75 0.21875 0.0462712
0.78125 0.25 0.041122
0.78125 0.21875 0.0636249
0.8125 0.21875 0.0862264
0.8125 0.25 0.0682181
0.78125 0.25 0.041122
0.78125 0.21875 0.0636249
0.78125 0.1875 0.0895102
0.8125 0.1875 0.107511
0.8125 0.21875 0.0862264
0.78125 0.21875 0.0636249
0.75 0.1875 0.0759097
0.75 0.15625 0.105929
0.78125 0.15625 0.11654
0.78125 0.1875 0.0895102
0.75 0.1875 0.0759097
0.75 0.15625 0.105929
0.75 0.125 0.136163
0.78125 0.125 0.144655
0.78125 0.15625 0.11654
0.75 0.15625 0.105929
0.78125 0.1875 0.0895102
0.78125 0.15625 0.11654
0.8125 0.15625 0.131485
0.8125 0.1875 0.107511
0.78125 0.1875 0.0895102
0.78125 0.15625 0.11654
0.78125 0.125 0.144655
0.8125 0.125 0.157289
0.8125 0.15625 0.131485
0.78125 0.15625 0.11654
0.8125 0.25 0.0682181
0.8125 0.21875 0.0862264
0.84375 0.21875 0.110878
0.84375 0.25 0.0969036
0.8125 0.25 0.0682181
0.8125 0.21875 0.0862264
0.8125 0.1875 0.107511
0.84375 0.1875 0.128898
0.84375 0.21875 0.110878
0.8125 0.21875 0.0862264
0.84375 0.25 0.0969036
0.84375 0.21875 0.110878
0.875 0.21875 0.137257
0.875 0.25 0.12609
0.84375 0.25 0.0969036
0.84375 0.21875 0.110878
0.84375 0.1875 0.128898
0.875 0.1875 0.152801
0.875 0.21875 0.137257
0.84375 0.21875 0.110878
0.8125 0.1875 0.107511
0.8125 0.125 0.157289
0.875 0.125 0.195917
0.875 0.1875 0.152801
0.8125 0.1875 0.107511
0.75 0.125 0.136163
0.75 0.0625 0.197945
0.8125 0.0625 0.21407
0.8125 0.125 0.157289
0.75 0.125 0.136163
0.75 0.0625 0.197945
0.75 0 0.259967
0.8125 0 0.273469
0.8125 0.0625 0.21407
0.75 0.0625 0.197945
0.8125 0.125 0.157289
0.8125 0.0625 0.21407
0.875 0.0625 0.244266
0.875 0.125 0.195917
0.8125 0.125 0.157289
0.8125 0.0625 0.21407
0.8125 0 0.273469
0.875 0 0.298139
0.875 0.0625 0.244266
0.8125 0.0625 0.21407
0.875 0.25 0.12609
0.875 0.1875 0.152801
0.9375 0.1875 0.206773
0.9375 0.25 0.187122
0.875 0.25 0.12609
0.875 0.1875 0.152801
0.875 0.125 0.195917
0.9375 0.125 0.241043
0.9375 0.1875 0.206773
0.875 0.1875 0.152801
0.9375 0.25 0.187122
0.9375 0.1875 0.206773
1 0.1875 0.264874
1 0.25 0.248741
0.9375 0.25 0.187122
0.9375 0.1875 0.206773
0.9375 0.125 0.241043
1 0.125 0.292878
1 0.1875 0.264874
0.9375 0.1875 0.206773
0.875 0.125 0.195917
0.875 0 0.298139
1 0 0.383131
1 0.125 0.292878
0.875 0.125 0.195917
