0 1 0.416215
0 0.875 0.323663
0.125 0.875 0.22656
0.125 1 0.332428
0 1 0.416215
0 0.875 0.323663
0 0.8125 0.286107
0.0625 0.8125 0.230192
0.0625 0.875 0.271849
0 0.875 0.323663
0 0.8125 0.286107
0 0.75 0.255245
0.0625 0.75 0.195671
0.0625 0.8125 0.230192
0 0.8125 0.286107
0.0625 0.875 0.271849
0.0625 0.8125 0.230192
0.125 0.8125 0.178055
0.125 0.875 0.22656
0.0625 0.875 0.271849
0.0625 0.8125 0.230192
0.0625 0.75 0.195671
0.125 0.75 0.137748
0.125 0.8125 0.178055
0.0625 0.8125 0.230192
0.125 1 0.332428
0.125 0.9375 0.278435
0.1875 0.9375 0.24708
0.1875 1 0.305434
0.125 1 0.332428
0.125 0.9375 0.278435
0.125 0.875 0.22656
0.1875 0.875 0.189879
0.1875 0.9375 0.24708
0.125 0.9375 0.278435
0.1875 1 0.305434
0.1875 0.9375 0.24708
0.25 0.9375 0.225508
0.25 1 0.286697
0.1875 1 0.305434
0.1875 0.9375 0.24708
0.1875 0.875 0.189879
0.25 0.875 0.164406
0.25 0.9375 0.225508
0.1875 0.9375 0.24708
0.125 0.875 0.22656
0.125 0.8125 0.178055
0.1875 0.8125 0.134785
0.1875 0.875 0.189879
0.125 0.875 0.22656
0.125 0.8125 0.178055
0.125 0.78125 0.156821
0.15625 0.78125 0.132399
0.15625 0.8125 0.155519
0.125 0.8125 0.178055
0.125 0.78125 0.156821
0.125 0.75 0.137748
0.15625 0.75 0.111308
0.15625 0.78125 0.132399
0.125 0.78125 0.156821
0.15625 0.8125 0.155519
0.15625 0.78125 0.132399
0.1875 0.78125 0.109533
0.1875 0.8125 0.134785
0.15625 0.8125 0.155519
0.15625 0.78125 0.132399
0.15625 0.75 0.111308
0.1875 0.75 0.0860487
0.1875 0.78125 0.109533
0.15625 0.78125 0.132399
0.1875 0.875 0.189879
0.1875 0.8125 0.134785
0.25 0.8125 0.104154
0.25 0.875 0.164406
0.1875 0.875 0.189879
0.1875 0.8125 0.134785
0.1875 0.78125 0.109533
0.21875 0.78125 0.08964
0.21875 0.8125 0.117222
0.1875 0.8125 0.134785
0.1875 0.78125 0.109533
0.1875 0.75 0.0860487
0.21875 0.75 0.0632445
0.21875 0.78125 0.08964
0.1875 0.78125 0.109533
0.21875 0.8125 0.117222
0.21875 0.78125 0.08964
0.25 0.78125 0.0743605
0.25 0.8125 0.104154
0.21875 0.8125 0.117222
0.21875 0.78125 0.08964
0.21875 0.75 0.0632445
0.25 0.75 0.0450218
0.25 0.78125 0.0743605
0.21875 0.78125 0.08964
0 0.75 0.255245
0 0.6875 0.232741
0.0625 0.6875 0.170368
0.0625 0.75 0.195671
0 0.75 0.255245
0 0.6875 0.232741
0 0.625 0.224761
0.0625 0.625 0.16227
0.0625 0.6875 0.170368
0 0.6875 0.232741
0.0625 0.75 0.195671
0.0625 0.6875 0.170368
0.125 0.6875 0.108007
0.125 0.75 0.137748
0.0625 0.75 0.195671
0.0625 0.6875 0.170368
0.0625 0.625 0.16227
0.125 0.625 0.0998114
0.125 0.6875 0.108007
0.0625 0.6875 0.170368
0 0.625 0.224761
0 0.5625 0.232435
0.0625 0.5625 0.170577
0.0625 0.625 0.16227
0 0.625 0.224761
0 0.5625 0.232435
0 0.5 0.242688
0.0625 0.5 0.181066
0.0625 0.5625 0.170577
0 0.5625 0.232435
0.0625 0.625 0.16227
0.0625 0.5625 0.170577
0.125 0.5625 0.108851
0.125 0.625 0.0998114
0.0625 0.625 0.16227
0.0625 0.5625 0.170577
0.0625 0.5 0.181066
0.125 0.5 0.119475
0.125 0.5625 0.108851
0.0625 0.5625 0.170577
0.125 0.75 0.137748
0.125 0.71875 0.121263
0.15625 0.71875 0.0927929
0.15625 0.75 0.111308
0.125 0.75 0.137748
0.125 0.71875 0.121263
0.125 0.6875 0.108007
0.15625 0.6875 0.0777462
0.15625 0.71875 0.0927929
0.125 0.71875 0.121263
0.15625 0.75 0.111308
0.15625 0.71875 0.0927929
0.1875 0.71875 0.0649976
0.1875 0.75 0.0860487
0.15625 0.75 0.111308
0.15625 0.71875 0.0927929
0.15625 0.6875 0.0777462
0.1875 0.6875 0.0475874
0.1875 0.71875 0.0649976
0.15625 0.71875 0.0927929
0.125 0.6875 0.108007
0.125 0.65625 0.0987803
0.15625 0.65625 0.0675345
0.15625 0.6875 0.0777462
0.125 0.6875 0.108007
0.125 0.65625 0.0987803
0.125 0.625 0.0998114
0.15625 0.625 0.0686776
0.15625 0.65625 0.0675345
0.125 0.65625 0.0987803
0.15625 0.6875 0.0777462
0.15625 0.65625 0.0675345
0.1875 0.65625 0.0362964
0.1875 0.6875 0.0475874
0.15625 0.6875 0.0777462
0.15625 0.65625 0.0675345
0.15625 0.625 0.0686776
0.1875 0.625 0.0375528
0.1875 0.65625 0.0362964
0.15625 0.65625 0.0675345
0.1875 0.75 0.0860487
0.1875 0.71875 0.0649976
0.21875 0.71875 0.0387473
0.21875 0.75 0.0632445
0.1875 0.75 0.0860487
0.1875 0.71875 0.0649976
0.1875 0.6875 0.0475874
0.21875 0.6875 0.017508
0.21875 0.71875 0.0387473
0.1875 0.71875 0.0649976
0.21875 0.75 0.0632445
0.21875 0.71875 0.0387473
0.25 0.71875 0.0163378
0.25 0.75 0.0450218
0.21875 0.75 0.0632445
0.21875 0.71875 0.0387473
0.21875 0.6875 0.017508
0.25 0.6875 -0.00922022
0.25 0.71875 0.0163378
0.21875 0.71875 0.0387473
0.1875 0.6875 0.0475874
0.1875 0.65625 0.0362964
0.21875 0.65625 0.0050535
0.21875 0.6875 0.017508
0.1875 0.6875 0.0475874
0.1875 0.65625 0.0362964
0.1875 0.625 0.0375528
0.21875 0.625 0.00644302
0.21875 0.65625 0.0050535
0.1875 0.65625 0.0362964
0.21875 0.6875 0.017508
0.21875 0.65625 0.0050535
0.25 0.65625 -0.0249754
0.25 0.6875 -0.00922022
0.21875 0.6875 0.017508
0.21875 0.65625 0.0050535
0.21875 0.625 0.00644302
0.25 0.625 -0.0244654
0.25 0.65625 -0.0249754
0.21875 0.65625 0.0050535
0.125 0.625 0.0998114
0.125 0.59375 0.103823
0.15625 0.59375 0.0729153
0.15625 0.625 0.0686776
0.125 0.625 0.0998114
0.125 0.59375 0.103823
0.125 0.5625 0.108851
0.15625 0.5625 0.0780351
0.15625 0.59375 0.0729153
0.125 0.59375 0.103823
0.15625 0.625 0.0686776
0.15625 0.59375 0.0729153
0.1875 0.59375 0.0420291
0.1875 0.625 0.0375528
0.15625 0.625 0.0686776
0.15625 0.59375 0.0729153
0.15625 0.5625 0.0780351
0.1875 0.5625 0.0472272
0.1875 0.59375 0.0420291
0.15625 0.59375 0.0729153
0.125 0.5625 0.108851
0.125 0.53125 0.114139
0.15625 0.53125 0.0833449
0.15625 0.5625 0.0780351
0.125 0.5625 0.108851
0.125 0.53125 0.114139
0.125 0.5 0.119475
0.15625 0.5 0.0886852
0.15625 0.53125 0.0833449
0.125 0.53125 0.114139
0.15625 0.5625 0.0780351
0.15625 0.53125 0.0833449
0.1875 0.53125 0.0525526
0.1875 0.5625 0.0472272
0.15625 0.5625 0.0780351
0.15625 0.53125 0.0833449
0.15625 0.5 0.0886852
0.1875 0.5 0.0578953
0.1875 0.53125 0.0525526
0.15625 0.53125 0.0833449
0.1875 0.625 0.0375528
0.1875 0.59375 0.0420291
0.21875 0.59375 0.0111682
0.21875 0.625 0.00644302
0.1875 0.625 0.0375528
0.1875 0.59375 0.0420291
0.1875 0.5625 0.0472272
0.21875 0.5625 0.0164266
0.21875 0.59375 0.0111682
0.1875 0.59375 0.0420291
0.21875 0.625 0.00644302
0.21875 0.59375 0.0111682
0.25 0.59375 -0.0196493
0.25 0.625 -0.0244654
0.21875 0.625 0.00644302
0.21875 0.59375 0.0111682
0.21875 0.5625 0.0164266
0.25 0.5625 -0.0143674
0.25 0.59375 -0.0196493
0.21875 0.59375 0.0111682
0.1875 0.5625 0.0472272
0.1875 0.53125 0.0525526
0.21875 0.53125 0.0217617
0.21875 0.5625 0.0164266
0.1875 0.5625 0.0472272
0.1875 0.53125 0.0525526
0.1875 0.5 0.0578953
0.21875 0.5 0.0271057
0.21875 0.53125 0.0217617
0.1875 0.53125 0.0525526
0.21875 0.5625 0.0164266
0.21875 0.53125 0.0217617
0.25 0.53125 -0.00902839
0.25 0.5625 -0.0143674
0.21875 0.5625 0.0164266
0.21875 0.53125 0.0217617
0.21875 0.5 0.0271057
0.25 0.5 -0.0036839
0.25 0.53125 -0.00902839
0.21875 0.53125 0.0217617
0.25 1 0.286697
0.25 0.9375 0.225508
0.3125 0.9375 0.213135
0.3125 1 0.274711
0.25 1 0.286697
0.25 0.9375 0.225508
0.25 0.875 0.164406
0.3125 0.875 0.15156
0.3125 0.9375 0.213135
0.25 0.9375 0.225508
0.3125 1 0.274711
0.3125 0.9375 0.213135
0.375 0.9375 0.202432
0.375 1 0.264012
0.3125 1 0.274711
0.3125 0.9375 0.213135
0.3125 0.875 0.15156
0.375 0.875 0.140854
0.375 0.9375 0.202432
0.3125 0.9375 0.213135
0.25 0.875 0.164406
0.25 0.8125 0.104154
0.3125 0.8125 0.0899897
0.3125 0.875 0.15156
0.25 0.875 0.164406
0.25 0.8125 0.104154
0.25 0.78125 0.0743605
0.28125 0.78125 0.0649757
0.28125 0.8125 0.0956788
0.25 0.8125 0.104154
0.25 0.78125 0.0743605
0.25 0.75 0.0450218
0.28125 0.75 0.0342937
0.28125 0.78125 0.0649757
0.25 0.78125 0.0743605
0.28125 0.8125 0.0956788
0.28125 0.78125 0.0649757
0.3125 0.78125 0.0592059
0.3125 0.8125 0.0899897
0.28125 0.8125 0.0956788
0.28125 0.78125 0.0649757
0.28125 0.75 0.0342937
0.3125 0.75 0.0284232
0.3125 0.78125 0.0592059
0.28125 0.78125 0.0649757
0.3125 0.875 0.15156
0.3125 0.84375 0.120775
0.34375 0.84375 0.115411
0.34375 0.875 0.1462
0.3125 0.875 0.15156
0.3125 0.84375 0.120775
0.3125 0.8125 0.0899897
0.34375 0.8125 0.0846213
0.34375 0.84375 0.115411
0.3125 0.84375 0.120775
0.34375 0.875 0.1462
0.34375 0.84375 0.115411
0.375 0.84375 0.110064
0.375 0.875 0.140854
0.34375 0.875 0.1462
0.34375 0.84375 0.115411
0.34375 0.8125 0.0846213
0.375 0.8125 0.079275
0.375 0.84375 0.110064
0.34375 0.84375 0.115411
0.3125 0.8125 0.0899897
0.3125 0.78125 0.0592059
0.34375 0.78125 0.0538322
0.34375 0.8125 0.0846213
0.3125 0.8125 0.0899897
0.3125 0.78125 0.0592059
0.3125 0.75 0.0284232
0.34375 0.75 0.0230431
0.34375 0.78125 0.0538322
0.3125 0.78125 0.0592059
0.34375 0.8125 0.0846213
0.34375 0.78125 0.0538322
0.375 0.78125 0.0484855
0.375 0.8125 0.079275
0.34375 0.8125 0.0846213
0.34375 0.78125 0.0538322
0.34375 0.75 0.0230431
0.375 0.75 0.017696
0.375 0.78125 0.0484855
0.34375 0.78125 0.0538322
0.375 1 0.264012
0.375 0.9375 0.202432
0.4375 0.9375 0.191748
0.4375 1 0.253335
0.375 1 0.264012
0.375 0.9375 0.202432
0.375 0.875 0.140854
0.4375 0.875 0.130164
0.4375 0.9375 0.191748
0.375 0.9375 0.202432
0.4375 1 0.253335
0.4375 0.9375 0.191748
0.5 0.9375 0.181092
0.5 1 0.242719
0.4375 1 0.253335
0.4375 0.9375 0.191748
0.4375 0.875 0.130164
0.5 0.875 0.119478
0.5 0.9375 0.181092
0.4375 0.9375 0.191748
0.375 0.875 0.140854
0.375 0.84375 0.110064
0.40625 0.84375 0.10472
0.40625 0.875 0.135509
0.375 0.875 0.140854
0.375 0.84375 0.110064
0.375 0.8125 0.079275
0.40625 0.8125 0.07393
0.40625 0.84375 0.10472
0.375 0.84375 0.110064
0.40625 0.875 0.135509
0.40625 0.84375 0.10472
0.4375 0.84375 0.0993747
0.4375 0.875 0.130164
0.40625 0.875 0.135509
0.40625 0.84375 0.10472
0.40625 0.8125 0.07393
0.4375 0.8125 0.0685851
0.4375 0.84375 0.0993747
0.40625 0.84375 0.10472
0.375 0.8125 0.079275
0.375 0.78125 0.0484855
0.40625 0.78125 0.0431405
0.40625 0.8125 0.07393
0.375 0.8125 0.079275
0.375 0.78125 0.0484855
0.375 0.75 0.017696
0.40625 0.75 0.012351
0.40625 0.78125 0.0431405
0.375 0.78125 0.0484855
0.40625 0.8125 0.07393
0.40625 0.78125 0.0431405
0.4375 0.78125 0.0377956
0.4375 0.8125 0.0685851
0.40625 0.8125 0.07393
0.40625 0.78125 0.0431405
0.40625 0.75 0.012351
0.4375 0.75 0.00700608
0.4375 0.78125 0.0377956
0.40625 0.78125 0.0431405
0.4375 0.875 0.130164
0.4375 0.84375 0.0993747
0.46875 0.84375 0.0940301
0.46875 0.875 0.12482
0.4375 0.875 0.130164
0.4375 0.84375 0.0993747
0.4375 0.8125 0.0685851
0.46875 0.8125 0.0632404
0.46875 0.84375 0.0940301
0.4375 0.84375 0.0993747
0.46875 0.875 0.12482
0.46875 0.84375 0.0940301
0.5 0.84375 0.0886869
0.5 0.875 0.119478
0.46875 0.875 0.12482
0.46875 0.84375 0.0940301
0.46875 0.8125 0.0632404
0.5 0.8125 0.0578962
0.5 0.84375 0.0886869
0.46875 0.84375 0.0940301
0.4375 0.8125 0.0685851
0.4375 0.78125 0.0377956
0.46875 0.78125 0.0324507
0.46875 0.8125 0.0632404
0.4375 0.8125 0.0685851
0.4375 0.78125 0.0377956
0.4375 0.75 0.00700608
0.46875 0.75 0.00166118
0.46875 0.78125 0.0324507
0.4375 0.78125 0.0377956
0.46875 0.8125 0.0632404
0.46875 0.78125 0.0324507
0.5 0.78125 0.027106
0.5 0.8125 0.0578962
0.46875 0.8125 0.0632404
0.46875 0.78125 0.0324507
0.46875 0.75 0.00166118
0.5 0.75 -0.00368368
0.5 0.78125 0.027106
0.46875 0.78125 0.0324507
0.25 0.75 0.0450218
0.25 0.71875 0.0163378
0.28125 0.71875 0.00363665
0.28125 0.75 0.0342937
0.25 0.75 0.0450218
0.25 0.71875 0.0163378
0.25 0.6875 -0.00922022
0.28125 0.6875 -0.0259036
0.28125 0.71875 0.00363665
0.25 0.71875 0.0163378
0.28125 0.75 0.0342937
0.28125 0.71875 0.00363665
0.3125 0.71875 -0.00235558
0.3125 0.75 0.0284232
0.28125 0.75 0.0342937
0.28125 0.71875 0.00363665
0.28125 0.6875 -0.0259036
0.3125 0.6875 -0.0330196
0.3125 0.71875 -0.00235558
0.28125 0.71875 0.00363665
0.25 0.6875 -0.00922022
0.25 0.65625 -0.0249754
0.28125 0.65625 -0.0500947
0.28125 0.6875 -0.0259036
0.25 0.6875 -0.00922022
0.25 0.65625 -0.0249754
0.25 0.625 -0.0244654
0.28125 0.625 -0.0553251
0.28125 0.65625 -0.0500947
0.25 0.65625 -0.0249754
0.28125 0.6875 -0.0259036
0.28125 0.65625 -0.0500947
0.3125 0.65625 -0.0630719
0.3125 0.6875 -0.0330196
0.28125 0.6875 -0.0259036
0.28125 0.65625 -0.0500947
0.28125 0.625 -0.0553251
0.3125 0.625 -0.0835995
0.3125 0.65625 -0.0630719
0.28125 0.65625 -0.0500947
0.3125 0.75 0.0284232
0.3125 0.71875 -0.00235558
0.34375 0.71875 -0.00774522
0.34375 0.75 0.0230431
0.3125 0.75 0.0284232
0.3125 0.71875 -0.00235558
0.3125 0.6875 -0.0330196
0.34375 0.6875 -0.0385243
0.34375 0.71875 -0.00774522
0.3125 0.71875 -0.00235558
0.34375 0.75 0.0230431
0.34375 0.71875 -0.00774522
0.375 0.71875 -0.0130934
0.375 0.75 0.017696
0.34375 0.75 0.0230431
0.34375 0.71875 -0.00774522
0.34375 0.6875 -0.0385243
0.375 0.6875 -0.0438821
0.375 0.71875 -0.0130934
0.34375 0.71875 -0.00774522
0.3125 0.6875 -0.0330196
0.3125 0.65625 -0.0630719
0.34375 0.65625 -0.0692558
0.34375 0.6875 -0.0385243
0.3125 0.6875 -0.0330196
0.3125 0.65625 -0.0630719
0.3125 0.625 -0.0835995
0.34375 0.625 -0.0990254
0.34375 0.65625 -0.0692558
0.3125 0.65625 -0.0630719
0.34375 0.6875 -0.0385243
0.34375 0.65625 -0.0692558
0.375 0.65625 -0.0746672
0.375 0.6875 -0.0438821
0.34375 0.6875 -0.0385243
0.34375 0.65625 -0.0692558
0.34375 0.625 -0.0990254
0.375 0.625 -0.105389
0.375 0.65625 -0.0746672
0.34375 0.65625 -0.0692558
0.25 0.625 -0.0244654
0.25 0.59375 -0.0196493
0.28125 0.59375 -0.0504447
0.28125 0.625 -0.0553251
0.25 0.625 -0.0244654
0.25 0.59375 -0.0196493
0.25 0.5625 -0.0143674
0.28125 0.5625 -0.0451575
0.28125 0.59375 -0.0504447
0.25 0.59375 -0.0196493
0.28125 0.625 -0.0553251
0.28125 0.59375 -0.0504447
0.3125 0.59375 -0.0812404
0.3125 0.625 -0.0835995
0.28125 0.625 -0.0553251
0.28125 0.59375 -0.0504447
0.28125 0.5625 -0.0451575
0.3125 0.5625 -0.0759475
0.3125 0.59375 -0.0812404
0.28125 0.59375 -0.0504447
0.25 0.5625 -0.0143674
0.25 0.53125 -0.00902839
0.28125 0.53125 -0.039818
0.28125 0.5625 -0.0451575
0.25 0.5625 -0.0143674
0.25 0.53125 -0.00902839
0.25 0.5 -0.0036839
0.28125 0.5 -0.0344734
0.28125 0.53125 -0.039818
0.25 0.53125 -0.00902839
0.28125 0.5625 -0.0451575
0.28125 0.53125 -0.039818
0.3125 0.53125 -0.0706075
0.3125 0.5625 -0.0759475
0.28125 0.5625 -0.0451575
0.28125 0.53125 -0.039818
0.28125 0.5 -0.0344734
0.3125 0.5 -0.0652629
0.3125 0.53125 -0.0706075
0.28125 0.53125 -0.039818
0.3125 0.625 -0.0835995
0.3125 0.59375 -0.0812404
0.34375 0.59375 -0.112034
0.34375 0.625 -0.0990254
0.3125 0.625 -0.0835995
0.3125 0.59375 -0.0812404
0.3125 0.5625 -0.0759475
0.34375 0.5625 -0.106738
0.34375 0.59375 -0.112034
0.3125 0.59375 -0.0812404
0.34375 0.625 -0.0990254
0.34375 0.59375 -0.112034
0.375 0.59375 -0.132726
0.375 0.625 -0.105389
0.34375 0.625 -0.0990254
0.34375 0.59375 -0.112034
0.34375 0.5625 -0.106738
0.375 0.5625 -0.137525
0.375 0.59375 -0.132726
0.34375 0.59375 -0.112034
0.3125 0.5625 -0.0759475
0.3125 0.53125 -0.0706075
0.34375 0.53125 -0.101397
0.34375 0.5625 -0.106738
0.3125 0.5625 -0.0759475
0.3125 0.53125 -0.0706075
0.3125 0.5 -0.0652629
0.34375 0.5 -0.0960522
0.34375 0.53125 -0.101397
0.3125 0.53125 -0.0706075
0.34375 0.5625 -0.106738
0.34375 0.53125 -0.101397
0.375 0.53125 -0.132186
0.375 0.5625 -0.137525
0.34375 0.5625 -0.106738
0.34375 0.53125 -0.101397
0.34375 0.5 -0.0960522
0.375 0.5 -0.126841
0.375 0.53125 -0.132186
0.34375 0.53125 -0.101397
0.375 0.75 0.017696
0.375 0.71875 -0.0130934
0.40625 0.71875 -0.0184385
0.40625 0.75 0.012351
0.375 0.75 0.017696
0.375 0.71875 -0.0130934
0.375 0.6875 -0.0438821
0.40625 0.6875 -0.049228
0.40625 0.71875 -0.0184385
0.375 0.71875 -0.0130934
0.40625 0.75 0.012351
0.40625 0.71875 -0.0184385
0.4375 0.71875 -0.0237834
0.4375 0.75 0.00700608
0.40625 0.75 0.012351
0.40625 0.71875 -0.0184385
0.40625 0.6875 -0.049228
0.4375 0.6875 -0.054573
0.4375 0.71875 -0.0237834
0.40625 0.71875 -0.0184385
0.375 0.6875 -0.0438821
0.375 0.65625 -0.0746672
0.40625 0.65625 -0.0800172
0.40625 0.6875 -0.049228
0.375 0.6875 -0.0438821
0.375 0.65625 -0.0746672
0.375 0.625 -0.105389
0.40625 0.625 -0.110802
0.40625 0.65625 -0.0800172
0.375 0.65625 -0.0746672
0.40625 0.6875 -0.049228
0.40625 0.65625 -0.0800172
0.4375 0.65625 -0.0853624
0.4375 0.6875 -0.054573
0.40625 0.6875 -0.049228
0.40625 0.65625 -0.0800172
0.40625 0.625 -0.110802
0.4375 0.625 -0.116152
0.4375 0.65625 -0.0853624
0.40625 0.65625 -0.0800172
0.4375 0.75 0.00700608
0.4375 0.71875 -0.0237834
0.46875 0.71875 -0.0291283
0.46875 0.75 0.00166118
0.4375 0.75 0.00700608
0.4375 0.71875 -0.0237834
0.4375 0.6875 -0.054573
0.46875 0.6875 -0.0599179
0.46875 0.71875 -0.0291283
0.4375 0.71875 -0.0237834
0.46875 0.75 0.00166118
0.46875 0.71875 -0.0291283
0.5 0.71875 -0.0344732
0.5 0.75 -0.00368368
0.46875 0.75 0.00166118
0.46875 0.71875 -0.0291283
0.46875 0.6875 -0.0599179
0.5 0.6875 -0.0652627
0.5 0.71875 -0.0344732
0.46875 0.71875 -0.0291283
0.4375 0.6875 -0.054573
0.4375 0.65625 -0.0853624
0.46875 0.65625 -0.0907074
0.46875 0.6875 -0.0599179
0.4375 0.6875 -0.054573
0.4375 0.65625 -0.0853624
0.4375 0.625 -0.116152
0.46875 0.625 -0.121497
0.46875 0.65625 -0.0907074
0.4375 0.65625 -0.0853624
0.46875 0.6875 -0.0599179
0.46875 0.65625 -0.0907074
0.5 0.65625 -0.0960523
0.5 0.6875 -0.0652627
0.46875 0.6875 -0.0599179
0.46875 0.65625 -0.0907074
0.46875 0.625 -0.121497
0.5 0.625 -0.126842
0.5 0.65625 -0.0960523
0.46875 0.65625 -0.0907074
0.375 0.625 -0.105389
0.375 0.5625 -0.137525
0.4375 0.5625 -0.174918
0.4375 0.625 -0.116152
0.375 0.625 -0.105389
0.375 0.5625 -0.137525
0.375 0.5 -0.126841
0.4375 0.5 -0.18602
0.4375 0.5625 -0.174918
0.375 0.5625 -0.137525
0.4375 0.625 -0.116152
0.4375 0.5625 -0.174918
0.5 0.5625 -0.189275
0.5 0.625 -0.126842
0.4375 0.625 -0.116152
0.4375 0.5625 -0.174918
0.4375 0.5 -0.18602
0.5 0.5 -0.227341
0.5 0.5625 -0.189275
0.4375 0.5625 -0.174918
0 0.5 0.242688
0 0.4375 0.253328
0.0625 0.4375 0.191744
0.0625 0.5 0.181066
0 0.5 0.242688
0 0.4375 0.253328
0 0.375 0.26401
0.0625 0.375 0.202433
0.0625 0.4375 0.191744
0 0.4375 0.253328
0.0625 0.5 0.181066
0.0625 0.4375 0.191744
0.125 0.4375 0.130164
0.125 0.5 0.119475
0.0625 0.5 0.181066
0.0625 0.4375 0.191744
0.0625 0.375 0.202433
0.125 0.375 0.140855
0.125 0.4375 0.130164
0.0625 0.4375 0.191744
0 0.375 0.26401
0 0.3125 0.274755
0.0625 0.3125 0.213192
0.0625 0.375 0.202433
0 0.375 0.26401
0 0.3125 0.274755
0 0.25 0.286631
0.0625 0.25 0.225394
0.0625 0.3125 0.213192
0 0.3125 0.274755
0.0625 0.375 0.202433
0.0625 0.3125 0.213192
0.125 0.3125 0.151637
0.125 0.375 0.140855
0.0625 0.375 0.202433
0.0625 0.3125 0.213192
0.0625 0.25 0.225394
0.125 0.25 0.164385
0.125 0.3125 0.151637
0.0625 0.3125 0.213192
0.125 0.5 0.119475
0.125 0.46875 0.124819
0.15625 0.46875 0.0940296
0.15625 0.5 0.0886852
0.125 0.5 0.119475
0.125 0.46875 0.124819
0.125 0.4375 0.130164
0.15625 0.4375 0.0993744
0.15625 0.46875 0.0940296
0.125 0.46875 0.124819
0.15625 0.5 0.0886852
0.15625 0.46875 0.0940296
0.1875 0.46875 0.06324
0.1875 0.5 0.0578953
0.15625 0.5 0.0886852
0.15625 0.46875 0.0940296
0.15625 0.4375 0.0993744
0.1875 0.4375 0.0685849
0.1875 0.46875 0.06324
0.15625 0.46875 0.0940296
0.125 0.4375 0.130164
0.125 0.40625 0.135509
0.15625 0.40625 0.104719
0.15625 0.4375 0.0993744
0.125 0.4375 0.130164
0.125 0.40625 0.135509
0.125 0.375 0.140855
0.15625 0.375 0.110066
0.15625 0.40625 0.104719
0.125 0.40625 0.135509
0.15625 0.4375 0.0993744
0.15625 0.40625 0.104719
0.1875 0.40625 0.07393
0.1875 0.4375 0.0685849
0.15625 0.4375 0.0993744
0.15625 0.40625 0.104719
0.15625 0.375 0.110066
0.1875 0.375 0.0792767
0.1875 0.40625 0.07393
0.15625 0.40625 0.104719
0.1875 0.5 0.0578953
0.1875 0.46875 0.06324
0.21875 0.46875 0.0324505
0.21875 0.5 0.0271057
0.1875 0.5 0.0578953
0.1875 0.46875 0.06324
0.1875 0.4375 0.0685849
0.21875 0.4375 0.0377954
0.21875 0.46875 0.0324505
0.1875 0.46875 0.06324
0.21875 0.5 0.0271057
0.21875 0.46875 0.0324505
0.25 0.46875 0.00166098
0.25 0.5 -0.0036839
0.21875 0.5 0.0271057
0.21875 0.46875 0.0324505
0.21875 0.4375 0.0377954
0.25 0.4375 0.00700591
0.25 0.46875 0.00166098
0.21875 0.46875 0.0324505
0.1875 0.4375 0.0685849
0.1875 0.40625 0.07393
0.21875 0.40625 0.0431405
0.21875 0.4375 0.0377954
0.1875 0.4375 0.0685849
0.1875 0.40625 0.07393
0.1875 0.375 0.0792767
0.21875 0.375 0.0484877
0.21875 0.40625 0.0431405
0.1875 0.40625 0.07393
0.21875 0.4375 0.0377954
0.21875 0.40625 0.0431405
0.25 0.40625 0.0123511
0.25 0.4375 0.00700591
0.21875 0.4375 0.0377954
0.21875 0.40625 0.0431405
0.21875 0.375 0.0484877
0.25 0.375 0.0176988
0.25 0.40625 0.0123511
0.21875 0.40625 0.0431405
0.125 0.375 0.140855
0.125 0.34375 0.14621
0.15625 0.34375 0.115424
0.15625 0.375 0.110066
0.125 0.375 0.140855
0.125 0.34375 0.14621
0.125 0.3125 0.151637
0.15625 0.3125 0.120875
0.15625 0.34375 0.115424
0.125 0.34375 0.14621
0.15625 0.375 0.110066
0.15625 0.34375 0.115424
0.1875 0.34375 0.0846389
0.1875 0.375 0.0792767
0.15625 0.375 0.110066
0.15625 0.34375 0.115424
0.15625 0.3125 0.120875
0.1875 0.3125 0.0901181
0.1875 0.34375 0.0846389
0.15625 0.34375 0.115424
0.125 0.3125 0.151637
0.125 0.25 0.164385
0.1875 0.25 0.104162
0.1875 0.3125 0.0901181
0.125 0.3125 0.151637
0.1875 0.375 0.0792767
0.1875 0.34375 0.0846389
0.21875 0.34375 0.0538543
0.21875 0.375 0.0484877
0.1875 0.375 0.0792767
0.1875 0.34375 0.0846389
0.1875 0.3125 0.0901181
0.21875 0.3125 0.0593675
0.21875 0.34375 0.0538543
0.1875 0.34375 0.0846389
0.21875 0.375 0.0484877
0.21875 0.34375 0.0538543
0.25 0.34375 0.0230707
0.25 0.375 0.0176988
0.21875 0.375 0.0484877
0.21875 0.34375 0.0538543
0.21875 0.3125 0.0593675
0.25 0.3125 0.028625
0.25 0.34375 0.0230707
0.21875 0.34375 0.0538543
0.1875 0.3125 0.0901181
0.1875 0.28125 0.0961813
0.21875 0.28125 0.0656207
0.21875 0.3125 0.0593675
0.1875 0.3125 0.0901181
0.1875 0.28125 0.0961813
0.1875 0.25 0.104162
0.21875 0.25 0.0743977
0.21875 0.28125 0.0656207
0.1875 0.28125 0.0961813
0.21875 0.3125 0.0593675
0.21875 0.28125 0.0656207
0.25 0.28125 0.0351187
0.25 0.3125 0.028625
0.21875 0.3125 0.0593675
0.21875 0.28125 0.0656207
0.21875 0.25 0.0743977
0.25 0.25 0.0450409
0.25 0.28125 0.0351187
0.21875 0.28125 0.0656207
0 0.25 0.286631
0 0.1875 0.303059
0.0625 0.1875 0.243457
0.0625 0.25 0.225394
0 0.25 0.286631
0 0.1875 0.303059
0 0.125 0.326561
0.0625 0.125 0.270378
0.0625 0.1875 0.243457
0 0.1875 0.303059
0.0625 0.25 0.225394
0.0625 0.1875 0.243457
0.125 0.1875 0.185453
0.125 0.25 0.164385
0.0625 0.25 0.225394
0.0625 0.1875 0.243457
0.0625 0.125 0.270378
0.125 0.125 0.218065
0.125 0.1875 0.185453
0.0625 0.1875 0.243457
0 0.125 0.326561
0 0 0.403685
0.125 0 0.305547
0.125 0.125 0.218065
0 0.125 0.326561
0.125 0.25 0.164385
0.125 0.1875 0.185453
0.1875 0.1875 0.129932
0.1875 0.25 0.104162
0.125 0.25 0.164385
0.125 0.1875 0.185453
0.125 0.125 0.218065
0.1875 0.125 0.168835
0.1875 0.1875 0.129932
0.125 0.1875 0.185453
0.1875 0.25 0.104162
0.1875 0.21875 0.1153
0.21875 0.21875 0.0871318
0.21875 0.25 0.0743977
0.1875 0.25 0.104162
0.1875 0.21875 0.1153
0.1875 0.1875 0.129932
0.21875 0.1875 0.104202
0.21875 0.21875 0.0871318
0.1875 0.21875 0.1153
0.21875 0.25 0.0743977
0.21875 0.21875 0.0871318
0.25 0.21875 0.0603774
0.25 0.25 0.0450409
0.21875 0.25 0.0743977
0.21875 0.21875 0.0871318
0.21875 0.1875 0.104202
0.25 0.1875 0.0805759
0.25 0.21875 0.0603774
0.21875 0.21875 0.0871318
0.1875 0.1875 0.129932
0.1875 0.15625 0.148023
0.21875 0.15625 0.124801
0.21875 0.1875 0.104202
0.1875 0.1875 0.129932
0.1875 0.15625 0.148023
0.1875 0.125 0.168835
0.21875 0.125 0.147818
0.21875 0.15625 0.124801
0.1875 0.15625 0.148023
0.21875 0.1875 0.104202
0.21875 0.15625 0.124801
0.25 0.15625 0.103912
0.25 0.1875 0.0805759
0.21875 0.1875 0.104202
0.21875 0.15625 0.124801
0.21875 0.125 0.147818
0.25 0.125 0.129257
0.25 0.15625 0.103912
0.21875 0.15625 0.124801
0.125 0.125 0.218065
0.125 0.0625 0.257669
0.1875 0.0625 0.216052
0.1875 0.125 0.168835
0.125 0.125 0.218065
0.125 0.0625 0.257669
0.125 0 0.305547
0.1875 0 0.270028
0.1875 0.0625 0.216052
0.125 0.0625 0.257669
0.1875 0.125 0.168835
0.1875 0.0625 0.216052
0.25 0.0625 0.184518
0.25 0.125 0.129257
0.1875 0.125 0.168835
0.1875 0.0625 0.216052
0.1875 0 0.270028
0.25 0 0.243114
0.25 0.0625 0.184518
0.1875 0.0625 0.216052
0.25 0.5 -0.0036839
0.25 0.46875 0.00166098
0.28125 0.46875 -0.0291285
0.28125 0.5 -0.0344734
0.25 0.5 -0.0036839
0.25 0.46875 0.00166098
0.25 0.4375 0.00700591
0.28125 0.4375 -0.0237834
0.28125 0.46875 -0.0291285
0.25 0.46875 0.00166098
0.28125 0.5 -0.0344734
0.28125 0.46875 -0.0291285
0.3125 0.46875 -0.0599178
0.3125 0.5 -0.0652629
0.28125 0.5 -0.0344734
0.28125 0.46875 -0.0291285
0.28125 0.4375 -0.0237834
0.3125 0.4375 -0.0545719
0.3125 0.46875 -0.0599178
0.28125 0.46875 -0.0291285
0.25 0.4375 0.00700591
0.25 0.40625 0.0123511
0.28125 0.40625 -0.0184374
0.28125 0.4375 -0.0237834
0.25 0.4375 0.00700591
0.25 0.40625 0.0123511
0.25 0.375 0.0176988
0.28125 0.375 -0.0130849
0.28125 0.40625 -0.0184374
0.25 0.40625 0.0123511
0.28125 0.4375 -0.0237834
0.28125 0.40625 -0.0184374
0.3125 0.40625 -0.0492207
0.3125 0.4375 -0.0545719
0.28125 0.4375 -0.0237834
0.28125 0.40625 -0.0184374
0.28125 0.375 -0.0130849
0.3125 0.375 -0.04384
0.3125 0.40625 -0.0492207
0.28125 0.40625 -0.0184374
0.3125 0.5 -0.0652629
0.3125 0.46875 -0.0599178
0.34375 0.46875 -0.0907064
0.34375 0.5 -0.0960522
0.3125 0.5 -0.0652629
0.3125 0.46875 -0.0599178
0.3125 0.4375 -0.0545719
0.34375 0.4375 -0.0853558
0.34375 0.46875 -0.0907064
0.3125 0.46875 -0.0599178
0.34375 0.5 -0.0960522
0.34375 0.46875 -0.0907064
0.375 0.46875 -0.12149
0.375 0.5 -0.126841
0.34375 0.5 -0.0960522
0.34375 0.46875 -0.0907064
0.34375 0.4375 -0.0853558
0.375 0.4375 -0.11611
0.375 0.46875 -0.12149
0.34375 0.46875 -0.0907064
0.3125 0.4375 -0.0545719
0.3125 0.40625 -0.0492207
0.34375 0.40625 -0.0799789
0.34375 0.4375 -0.0853558
0.3125 0.4375 -0.0545719
0.3125 0.40625 -0.0492207
0.3125 0.375 -0.04384
0.34375 0.375 -0.0744576
0.34375 0.40625 -0.0799789
0.3125 0.40625 -0.0492207
0.34375 0.4375 -0.0853558
0.34375 0.40625 -0.0799789
0.375 0.40625 -0.110562
0.375 0.4375 -0.11611
0.34375 0.4375 -0.0853558
0.34375 0.40625 -0.0799789
0.34375 0.375 -0.0744576
0.375 0.375 -0.104164
0.375 0.40625 -0.110562
0.34375 0.40625 -0.0799789
0.25 0.375 0.0176988
0.25 0.34375 0.0230707
0.28125 0.34375 -0.00769225
0.28125 0.375 -0.0130849
0.25 0.375 0.0176988
0.25 0.34375 0.0230707
0.25 0.3125 0.028625
0.28125 0.3125 -0.00208778
0.28125 0.34375 -0.00769225
0.25 0.34375 0.0230707
0.28125 0.375 -0.0130849
0.28125 0.34375 -0.00769225
0.3125 0.34375 -0.0383004
0.3125 0.375 -0.04384
0.28125 0.375 -0.0130849
0.28125 0.34375 -0.00769225
0.28125 0.3125 -0.00208778
0.3125 0.3125 -0.0320086
0.3125 0.34375 -0.0383004
0.28125 0.34375 -0.00769225
0.25 0.3125 0.028625
0.25 0.28125 0.0351187
0.28125 0.28125 0.00469602
0.28125 0.3125 -0.00208778
0.25 0.3125 0.028625
0.25 0.28125 0.0351187
0.25 0.25 0.0450409
0.28125 0.25 0.0164034
0.28125 0.28125 0.00469602
0.25 0.28125 0.0351187
0.28125 0.3125 -0.00208778
0.28125 0.28125 0.00469602
0.3125 0.28125 -0.0230825
0.3125 0.3125 -0.0320086
0.28125 0.3125 -0.00208778
0.28125 0.28125 0.00469602
0.28125 0.25 0.0164034
0.3125 0.25 -0.00877787
0.3125 0.28125 -0.0230825
0.28125 0.28125 0.00469602
0.3125 0.375 -0.04384
0.3125 0.34375 -0.0383004
0.34375 0.34375 -0.0682265
0.34375 0.375 -0.0744576
0.3125 0.375 -0.04384
0.3125 0.34375 -0.0383004
0.3125 0.3125 -0.0320086
0.34375 0.3125 -0.0594344
0.34375 0.34375 -0.0682265
0.3125 0.34375 -0.0383004
0.34375 0.375 -0.0744576
0.34375 0.34375 -0.0682265
0.375 0.34375 -0.0946966
0.375 0.375 -0.104164
0.34375 0.375 -0.0744576
0.34375 0.34375 -0.0682265
0.34375 0.3125 -0.0594344
0.375 0.3125 -0.0788142
0.375 0.34375 -0.0946966
0.34375 0.34375 -0.0682265
0.3125 0.3125 -0.0320086
0.3125 0.28125 -0.0230825
0.34375 0.28125 -0.0451217
0.34375 0.3125 -0.0594344
0.3125 0.3125 -0.0320086
0.3125 0.28125 -0.0230825
0.3125 0.25 -0.00877787
0.34375 0.25 -0.0238913
0.34375 0.28125 -0.0451217
0.3125 0.28125 -0.0230825
0.34375 0.3125 -0.0594344
0.34375 0.28125 -0.0451217
0.375 0.28125 -0.0552343
0.375 0.3125 -0.0788142
0.34375 0.3125 -0.0594344
0.34375 0.28125 -0.0451217
0.34375 0.25 -0.0238913
0.375 0.25 -0.0243784
0.375 0.28125 -0.0552343
0.34375 0.28125 -0.0451217
0.375 0.5 -0.126841
0.375 0.4375 -0.11611
0.4375 0.4375 -0.169552
0.4375 0.5 -0.18602
0.375 0.5 -0.126841
0.375 0.4375 -0.11611
0.375 0.375 -0.104164
0.4375 0.375 -0.137459
0.4375 0.4375 -0.169552
0.375 0.4375 -0.11611
0.4375 0.5 -0.18602
0.4375 0.4375 -0.169552
0.5 0.4375 -0.185154
0.5 0.5 -0.227341
0.4375 0.5 -0.18602
0.4375 0.4375 -0.169552
0.4375 0.375 -0.137459
0.5 0.375 -0.126842
0.5 0.4375 -0.185154
0.4375 0.4375 -0.169552
0.375 0.375 -0.104164
0.375 0.34375 -0.0946966
0.40625 0.34375 -0.109905
0.40625 0.375 -0.128989
0.375 0.375 -0.104164
0.375 0.34375 -0.0946966
0.375 0.3125 -0.0788142
0.40625 0.3125 -0.0812283
0.40625 0.34375 -0.109905
0.375 0.34375 -0.0946966
0.40625 0.375 -0.128989
0.40625 0.34375 -0.109905
0.4375 0.34375 -0.106735
0.4375 0.375 -0.137459
0.40625 0.375 -0.128989
0.40625 0.34375 -0.109905
0.40625 0.3125 -0.0812283
0.4375 0.3125 -0.0759464
0.4375 0.34375 -0.106735
0.40625 0.34375 -0.109905
0.375 0.3125 -0.0788142
0.375 0.28125 -0.0552343
0.40625 0.28125 -0.0504333
0.40625 0.3125 -0.0812283
0.375 0.3125 -0.0788142
0.375 0.28125 -0.0552343
0.375 0.25 -0.0243784
0.40625 0.25 -0.019632
0.40625 0.28125 -0.0504333
0.375 0.28125 -0.0552343
0.40625 0.3125 -0.0812283
0.40625 0.28125 -0.0504333
0.4375 0.28125 -0.0451556
0.4375 0.3125 -0.0759464
0.40625 0.3125 -0.0812283
0.40625 0.28125 -0.0504333
0.40625 0.25 -0.019632
0.4375 0.25 -0.0143644
0.4375 0.28125 -0.0451556
0.40625 0.28125 -0.0504333
0.4375 0.375 -0.137459
0.4375 0.34375 -0.106735
0.46875 0.34375 -0.101397
0.46875 0.375 -0.132184
0.4375 0.375 -0.137459
0.4375 0.34375 -0.106735
0.4375 0.3125 -0.0759464
0.46875 0.3125 -0.0706074
0.46875 0.34375 -0.101397
0.4375 0.34375 -0.106735
0.46875 0.375 -0.132184
0.46875 0.34375 -0.101397
0.5 0.34375 -0.0960524
0.5 0.375 -0.126842
0.46875 0.375 -0.132184
0.46875 0.34375 -0.101397
0.46875 0.3125 -0.0706074
0.5 0.3125 -0.065263
0.5 0.34375 -0.0960524
0.46875 0.34375 -0.101397
0.4375 0.3125 -0.0759464
0.4375 0.28125 -0.0451556
0.46875 0.28125 -0.0398177
0.46875 0.3125 -0.0706074
0.4375 0.3125 -0.0759464
0.4375 0.28125 -0.0451556
0.4375 0.25 -0.0143644
0.46875 0.25 -0.00902808
0.46875 0.28125 -0.0398177
0.4375 0.28125 -0.0451556
0.46875 0.3125 -0.0706074
0.46875 0.28125 -0.0398177
0.5 0.28125 -0.0344734
0.5 0.3125 -0.065263
0.46875 0.3125 -0.0706074
0.46875 0.28125 -0.0398177
0.46875 0.25 -0.00902808
0.5 0.25 -0.00368388
0.5 0.28125 -0.0344734
0.46875 0.28125 -0.0398177
0.25 0.25 0.0450409
0.25 0.21875 0.0603774
0.28125 0.21875 0.0357695
0.28125 0.25 0.0164034
0.25 0.25 0.0450409
0.25 0.21875 0.0603774
0.25 0.1875 0.0805759
0.28125 0.1875 0.0598039
0.28125 0.21875 0.0357695
0.25 0.21875 0.0603774
0.28125 0.25 0.0164034
0.28125 0.21875 0.0357695
0.3125 0.21875 0.0152833
0.3125 0.25 -0.00877787
0.28125 0.25 0.0164034
0.28125 0.21875 0.0357695
0.28125 0.1875 0.0598039
0.3125 0.1875 0.0437204
0.3125 0.21875 0.0152833
0.28125 0.21875 0.0357695
0.25 0.1875 0.0805759
0.25 0.15625 0.103912
0.28125 0.15625 0.0862016
0.28125 0.1875 0.0598039
0.25 0.1875 0.0805759
0.25 0.15625 0.103912
0.25 0.125 0.129257
0.28125 0.125 0.114003
0.28125 0.15625 0.0862016
0.25 0.15625 0.103912
0.28125 0.1875 0.0598039
0.28125 0.15625 0.0862016
0.3125 0.15625 0.0733641
0.3125 0.1875 0.0437204
0.28125 0.1875 0.0598039
0.28125 0.15625 0.0862016
0.28125 0.125 0.114003
0.3125 0.125 0.103444
0.3125 0.15625 0.0733641
0.28125 0.15625 0.0862016
0.3125 0.25 -0.00877787
0.3125 0.21875 0.0152833
0.34375 0.21875 0.00519984
0.34375 0.25 -0.0238913
0.3125 0.25 -0.00877787
0.3125 0.21875 0.0152833
0.3125 0.1875 0.0437204
0.34375 0.1875 0.0364393
0.34375 0.21875 0.00519984
0.3125 0.21875 0.0152833
0.34375 0.25 -0.0238913
0.34375 0.21875 0.00519984
0.375 0.21875 0.00655442
0.375 0.25 -0.0243784
0.34375 0.25 -0.0238913
0.34375 0.21875 0.00519984
0.34375 0.1875 0.0364393
0.375 0.1875 0.0376706
0.375 0.21875 0.00655442
0.34375 0.21875 0.00519984
0.3125 0.1875 0.0437204
0.3125 0.15625 0.0733641
0.34375 0.15625 0.0676696
0.34375 0.1875 0.0364393
0.3125 0.1875 0.0437204
0.3125 0.15625 0.0733641
0.3125 0.125 0.103444
0.34375 0.125 0.0988822
0.34375 0.15625 0.0676696
0.3125 0.15625 0.0733641
0.34375 0.1875 0.0364393
0.34375 0.15625 0.0676696
0.375 0.15625 0.0688003
0.375 0.1875 0.0376706
0.34375 0.1875 0.0364393
0.34375 0.15625 0.0676696
0.34375 0.125 0.0988822
0.375 0.125 0.0999307
0.375 0.15625 0.0688003
0.34375 0.15625 0.0676696
0.25 0.125 0.129257
0.25 0.0625 0.184518
0.3125 0.0625 0.165148
0.3125 0.125 0.103444
0.25 0.125 0.129257
0.25 0.0625 0.184518
0.25 0 0.243114
0.3125 0 0.227113
0.3125 0.0625 0.165148
0.25 0.0625 0.184518
0.3125 0.125 0.103444
0.3125 0.0625 0.165148
0.375 0.0625 0.16233
0.375 0.125 0.0999307
0.3125 0.125 0.103444
0.3125 0.0625 0.165148
0.3125 0 0.227113
0.375 0 0.224739
0.375 0.0625 0.16233
0.3125 0.0625 0.165148
0.375 0.25 -0.0243784
0.375 0.21875 0.00655442
0.40625 0.21875 0.0111886
0.40625 0.25 -0.019632
0.375 0.25 -0.0243784
0.375 0.21875 0.00655442
0.375 0.1875 0.0376706
0.40625 0.1875 0.0420582
0.40625 0.21875 0.0111886
0.375 0.21875 0.00655442
0.40625 0.25 -0.019632
0.40625 0.21875 0.0111886
0.4375 0.21875 0.0164305
0.4375 0.25 -0.0143644
0.40625 0.25 -0.019632
0.40625 0.21875 0.0111886
0.40625 0.1875 0.0420582
0.4375 0.1875 0.0472329
0.4375 0.21875 0.0164305
0.40625 0.21875 0.0111886
0.375 0.1875 0.0376706
0.375 0.15625 0.0688003
0.40625 0.15625 0.0729532
0.40625 0.1875 0.0420582
0.375 0.1875 0.0376706
0.375 0.15625 0.0688003
0.375 0.125 0.0999307
0.40625 0.125 0.103867
0.40625 0.15625 0.0729532
0.375 0.15625 0.0688003
0.40625 0.1875 0.0420582
0.40625 0.15625 0.0729532
0.4375 0.15625 0.0780434
0.4375 0.1875 0.0472329
0.40625 0.1875 0.0420582
0.40625 0.15625 0.0729532
0.40625 0.125 0.103867
0.4375 0.125 0.108863
0.4375 0.15625 0.0780434
0.40625 0.15625 0.0729532
0.4375 0.25 -0.0143644
0.4375 0.21875 0.0164305
0.46875 0.21875 0.0217622
0.46875 0.25 -0.00902808
0.4375 0.25 -0.0143644
0.4375 0.21875 0.0164305
0.4375 0.1875 0.0472329
0.46875 0.1875 0.0525535
0.46875 0.21875 0.0217622
0.4375 0.21875 0.0164305
0.46875 0.25 -0.00902808
0.46875 0.21875 0.0217622
0.5 0.21875 0.0271057
0.5 0.25 -0.00368388
0.46875 0.25 -0.00902808
0.46875 0.21875 0.0217622
0.46875 0.1875 0.0525535
0.5 0.1875 0.0578955
0.5 0.21875 0.0271057
0.46875 0.21875 0.0217622
0.4375 0.1875 0.0472329
0.4375 0.15625 0.0780434
0.46875 0.15625 0.0833464
0.46875 0.1875 0.0525535
0.4375 0.1875 0.0472329
0.4375 0.15625 0.0780434
0.4375 0.125 0.108863
0.46875 0.125 0.114141
0.46875 0.15625 0.0833464
0.4375 0.15625 0.0780434
0.46875 0.1875 0.0525535
0.46875 0.15625 0.0833464
0.5 0.15625 0.0886854
0.5 0.1875 0.0578955
0.46875 0.1875 0.0525535
0.46875 0.15625 0.0833464
0.46875 0.125 0.114141
0.5 0.125 0.119476
0.5 0.15625 0.0886854
0.46875 0.15625 0.0833464
0.375 0.125 0.0999307
0.375 0.0625 0.16233
0.4375 0.0625 0.170593
0.4375 0.125 0.108863
0.375 0.125 0.0999307
0.375 0.0625 0.16233
0.375 0 0.224739
0.4375 0 0.232446
0.4375 0.0625 0.170593
0.375 0.0625 0.16233
0.4375 0.125 0.108863
0.4375 0.0625 0.170593
0.5 0.0625 0.181067
0.5 0.125 0.119476
0.4375 0.125 0.108863
0.4375 0.0625 0.170593
0.4375 0 0.232446
0.5 0 0.24269
0.5 0.0625 0.181067
0.4375 0.0625 0.170593
0.5 1 0.242719
0.5 0.9375 0.181092
0.5625 0.9375 0.170686
0.5625 1 0.232527
0.5 1 0.242719
0.5 0.9375 0.181092
0.5 0.875 0.119478
0.5625 0.875 0.108885
0.5625 0.9375 0.170686
0.5 0.9375 0.181092
0.5625 1 0.232527
0.5625 0.9375 0.170686
0.625 0.9375 0.16223
0.625 1 0.224668
0.5625 1 0.232527
0.5625 0.9375 0.170686
0.5625 0.875 0.108885
0.625 0.875 0.0997915
0.625 0.9375 0.16223
0.5625 0.9375 0.170686
0.5 0.875 0.119478
0.5 0.84375 0.0886869
0.53125 0.84375 0.0833514
0.53125 0.875 0.11415
0.5 0.875 0.119478
0.5 0.84375 0.0886869
0.5 0.8125 0.0578962
0.53125 0.8125 0.052556
0.53125 0.84375 0.0833514
0.5 0.84375 0.0886869
0.53125 0.875 0.11415
0.53125 0.84375 0.0833514
0.5625 0.84375 0.078057
0.5625 0.875 0.108885
0.53125 0.875 0.11415
0.53125 0.84375 0.0833514
0.53125 0.8125 0.052556
0.5625 0.8125 0.0472393
0.5625 0.84375 0.078057
0.53125 0.84375 0.0833514
0.5 0.8125 0.0578962
0.5 0.78125 0.027106
0.53125 0.78125 0.0217627
0.53125 0.8125 0.052556
0.5 0.8125 0.0578962
0.5 0.78125 0.027106
0.5 0.75 -0.00368368
0.53125 0.75 -0.00902803
0.53125 0.78125 0.0217627
0.5 0.78125 0.027106
0.53125 0.8125 0.052556
0.53125 0.78125 0.0217627
0.5625 0.78125 0.0164298
0.5625 0.8125 0.0472393
0.53125 0.8125 0.052556
0.53125 0.78125 0.0217627
0.53125 0.75 -0.00902803
0.5625 0.75 -0.0143665
0.5625 0.78125 0.0164298
0.53125 0.78125 0.0217627
0.5625 0.875 0.108885
0.5625 0.84375 0.078057
0.59375 0.84375 0.0729571
0.59375 0.875 0.103877
0.5625 0.875 0.108885
0.5625 0.84375 0.078057
0.5625 0.8125 0.0472393
0.59375 0.8125 0.0420559
0.59375 0.84375 0.0729571
0.5625 0.84375 0.078057
0.59375 0.875 0.103877
0.59375 0.84375 0.0729571
0.625 0.84375 0.0686671
0.625 0.875 0.0997915
0.59375 0.875 0.103877
0.59375 0.84375 0.0729571
0.59375 0.8125 0.0420559
0.625 0.8125 0.0375479
0.625 0.84375 0.0686671
0.59375 0.84375 0.0729571
0.5625 0.8125 0.0472393
0.5625 0.78125 0.0164298
0.59375 0.78125 0.0111752
0.59375 0.8125 0.0420559
0.5625 0.8125 0.0472393
0.5625 0.78125 0.0164298
0.5625 0.75 -0.0143665
0.59375 0.75 -0.0196509
0.59375 0.78125 0.0111752
0.5625 0.78125 0.0164298
0.59375 0.8125 0.0420559
0.59375 0.78125 0.0111752
0.625 0.78125 0.00643691
0.625 0.8125 0.0375479
0.59375 0.8125 0.0420559
0.59375 0.78125 0.0111752
0.59375 0.75 -0.0196509
0.625 0.75 -0.0245212
0.625 0.78125 0.00643691
0.59375 0.78125 0.0111752
0.625 1 0.224668
0.625 0.9375 0.16223
0.6875 0.9375 0.165967
0.6875 1 0.227819
0.625 1 0.224668
0.625 0.9375 0.16223
0.625 0.875 0.0997915
0.6875 0.875 0.104238
0.6875 0.9375 0.165967
0.625 0.9375 0.16223
0.6875 1 0.227819
0.6875 0.9375 0.165967
0.75 0.9375 0.189954
0.75 1 0.247142
0.6875 1 0.227819
0.6875 0.9375 0.165967
0.6875 0.875 0.104238
0.75 0.875 0.134457
0.75 0.9375 0.189954
0.6875 0.9375 0.165967
0.625 0.875 0.0997915
0.625 0.84375 0.0686671
0.65625 0.84375 0.0673726
0.65625 0.875 0.0985828
0.625 0.875 0.0997915
0.625 0.84375 0.0686671
0.625 0.8125 0.0375479
0.65625 0.8125 0.0361477
0.65625 0.84375 0.0673726
0.625 0.84375 0.0686671
0.65625 0.875 0.0985828
0.65625 0.84375 0.0673726
0.6875 0.84375 0.0741222
0.6875 0.875 0.104238
0.65625 0.875 0.0985828
0.65625 0.84375 0.0673726
0.65625 0.8125 0.0361477
0.6875 0.8125 0.0445474
0.6875 0.84375 0.0741222
0.65625 0.84375 0.0673726
0.625 0.8125 0.0375479
0.625 0.78125 0.00643691
0.65625 0.78125 0.00490433
0.65625 0.8125 0.0361477
0.625 0.8125 0.0375479
0.625 0.78125 0.00643691
0.625 0.75 -0.0245212
0.65625 0.75 -0.0252482
0.65625 0.78125 0.00490433
0.625 0.78125 0.00643691
0.65625 0.8125 0.0361477
0.65625 0.78125 0.00490433
0.6875 0.78125 0.0158394
0.6875 0.8125 0.0445474
0.65625 0.8125 0.0361477
0.65625 0.78125 0.00490433
0.65625 0.75 -0.0252482
0.6875 0.75 -0.0095424
0.6875 0.78125 0.0158394
0.65625 0.78125 0.00490433
0.6875 0.875 0.104238
0.6875 0.84375 0.0741222
0.71875 0.84375 0.0892302
0.71875 0.875 0.117008
0.6875 0.875 0.104238
0.6875 0.84375 0.0741222
0.6875 0.8125 0.0445474
0.71875 0.8125 0.0627348
0.71875 0.84375 0.0892302
0.6875 0.84375 0.0741222
0.71875 0.875 0.117008
0.71875 0.84375 0.0892302
0.75 0.84375 0.109061
0.75 0.875 0.134457
0.71875 0.875 0.117008
0.71875 0.84375 0.0892302
0.71875 0.8125 0.0627348
0.75 0.8125 0.0854464
0.75 0.84375 0.109061
0.71875 0.84375 0.0892302
0.6875 0.8125 0.0445474
0.6875 0.78125 0.0158394
0.71875 0.78125 0.0381737
0.71875 0.8125 0.0627348
0.6875 0.8125 0.0445474
0.6875 0.78125 0.0158394
0.6875 0.75 -0.0095424
0.71875 0.75 0.0168166
0.71875 0.78125 0.0381737
0.6875 0.78125 0.0158394
0.71875 0.8125 0.0627348
0.71875 0.78125 0.0381737
0.75 0.78125 0.0642383
0.75 0.8125 0.0854464
0.71875 0.8125 0.0627348
0.71875 0.78125 0.0381737
0.71875 0.75 0.0168166
0.75 0.75 0.0465248
0.75 0.78125 0.0642383
0.71875 0.78125 0.0381737
0.5 0.75 -0.00368368
0.5 0.71875 -0.0344732
0.53125 0.71875 -0.0398177
0.53125 0.75 -0.00902803
0.5 0.75 -0.00368368
0.5 0.71875 -0.0344732
0.5 0.6875 -0.0652627
0.53125 0.6875 -0.0706073
0.53125 0.71875 -0.0398177
0.5 0.71875 -0.0344732
0.53125 0.75 -0.00902803
0.53125 0.71875 -0.0398177
0.5625 0.71875 -0.0451575
0.5625 0.75 -0.0143665
0.53125 0.75 -0.00902803
0.53125 0.71875 -0.0398177
0.53125 0.6875 -0.0706073
0.5625 0.6875 -0.0759481
0.5625 0.71875 -0.0451575
0.53125 0.71875 -0.0398177
0.5 0.6875 -0.0652627
0.5 0.65625 -0.0960523
0.53125 0.65625 -0.101397
0.53125 0.6875 -0.0706073
0.5 0.6875 -0.0652627
0.5 0.65625 -0.0960523
0.5 0.625 -0.126842
0.53125 0.625 -0.132186
0.53125 0.65625 -0.101397
0.5 0.65625 -0.0960523
0.53125 0.6875 -0.0706073
0.53125 0.65625 -0.101397
0.5625 0.65625 -0.106739
0.5625 0.6875 -0.0759481
0.53125 0.6875 -0.0706073
0.53125 0.65625 -0.101397
0.53125 0.625 -0.132186
0.5625 0.625 -0.137527
0.5625 0.65625 -0.106739
0.53125 0.65625 -0.101397
0.5625 0.75 -0.0143665
0.5625 0.71875 -0.0451575
0.59375 0.71875 -0.0504538
0.59375 0.75 -0.0196509
0.5625 0.75 -0.0143665
0.5625 0.71875 -0.0451575
0.5625 0.6875 -0.0759481
0.59375 0.6875 -0.0812546
0.59375 0.71875 -0.0504538
0.5625 0.71875 -0.0451575
0.59375 0.75 -0.0196509
0.59375 0.71875 -0.0504538
0.625 0.71875 -0.0554261
0.625 0.75 -0.0245212
0.59375 0.75 -0.0196509
0.59375 0.71875 -0.0504538
0.59375 0.6875 -0.0812546
0.625 0.6875 -0.0836912
0.625 0.71875 -0.0554261
0.59375 0.71875 -0.0504538
0.5625 0.6875 -0.0759481
0.5625 0.65625 -0.106739
0.59375 0.65625 -0.112052
0.59375 0.6875 -0.0812546
0.5625 0.6875 -0.0759481
0.5625 0.65625 -0.106739
0.5625 0.625 -0.137527
0.59375 0.625 -0.132711
0.59375 0.65625 -0.112052
0.5625 0.65625 -0.106739
0.59375 0.6875 -0.0812546
0.59375 0.65625 -0.112052
0.625 0.65625 -0.0990431
0.625 0.6875 -0.0836912
0.59375 0.6875 -0.0812546
0.59375 0.65625 -0.112052
0.59375 0.625 -0.132711
0.625 0.625 -0.105391
0.625 0.65625 -0.0990431
0.59375 0.65625 -0.112052
0.5 0.625 -0.126842
0.5 0.5625 -0.189275
0.5625 0.5625 -0.175636
0.5625 0.625 -0.137527
0.5 0.625 -0.126842
0.5 0.5625 -0.189275
0.5 0.5 -0.227341
0.5625 0.5 -0.183656
0.5625 0.5625 -0.175636
0.5 0.5625 -0.189275
0.5625 0.625 -0.137527
0.5625 0.5625 -0.175636
0.625 0.5625 -0.116152
0.625 0.625 -0.105391
0.5625 0.625 -0.137527
0.5625 0.5625 -0.175636
0.5625 0.5 -0.183656
0.625 0.5 -0.126842
0.625 0.5625 -0.116152
0.5625 0.5625 -0.175636
0.625 0.75 -0.0245212
0.625 0.71875 -0.0554261
0.65625 0.71875 -0.0502977
0.65625 0.75 -0.0252482
0.625 0.75 -0.0245212
0.625 0.71875 -0.0554261
0.625 0.6875 -0.0836912
0.65625 0.6875 -0.0631157
0.65625 0.71875 -0.0502977
0.625 0.71875 -0.0554261
0.65625 0.75 -0.0252482
0.65625 0.71875 -0.0502977
0.6875 0.71875 -0.0259927
0.6875 0.75 -0.0095424
0.65625 0.75 -0.0252482
0.65625 0.71875 -0.0502977
0.65625 0.6875 -0.0631157
0.6875 0.6875 -0.0330403
0.6875 0.71875 -0.0259927
0.65625 0.71875 -0.0502977
0.625 0.6875 -0.0836912
0.625 0.65625 -0.0990431
0.65625 0.65625 -0.0692616
0.65625 0.6875 -0.0631157
0.625 0.6875 -0.0836912
0.625 0.65625 -0.0990431
0.625 0.625 -0.105391
0.65625 0.625 -0.0746679
0.65625 0.65625 -0.0692616
0.625 0.65625 -0.0990431
0.65625 0.6875 -0.0631157
0.65625 0.65625 -0.0692616
0.6875 0.65625 -0.038527
0.6875 0.6875 -0.0330403
0.65625 0.6875 -0.0631157
0.65625 0.65625 -0.0692616
0.65625 0.625 -0.0746679
0.6875 0.625 -0.0438824
0.6875 0.65625 -0.038527
0.65625 0.65625 -0.0692616
0.6875 0.75 -0.0095424
0.6875 0.71875 -0.0259927
0.71875 0.71875 0.00354203
0.71875 0.75 0.0168166
0.6875 0.75 -0.0095424
0.6875 0.71875 -0.0259927
0.6875 0.6875 -0.0330403
0.71875 0.6875 -0.00236944
0.71875 0.71875 0.00354203
0.6875 0.71875 -0.0259927
0.71875 0.75 0.0168166
0.71875 0.71875 0.00354203
0.75 0.71875 0.0342801
0.75 0.75 0.0465248
0.71875 0.75 0.0168166
0.71875 0.71875 0.00354203
0.71875 0.6875 -0.00236944
0.75 0.6875 0.0284123
0.75 0.71875 0.0342801
0.71875 0.71875 0.00354203
0.6875 0.6875 -0.0330403
0.6875 0.65625 -0.038527
0.71875 0.65625 -0.00774663
0.71875 0.6875 -0.00236944
0.6875 0.6875 -0.0330403
0.6875 0.65625 -0.038527
0.6875 0.625 -0.0438824
0.71875 0.625 -0.0130935
0.71875 0.65625 -0.00774663
0.6875 0.65625 -0.038527
0.71875 0.6875 -0.00236944
0.71875 0.65625 -0.00774663
0.75 0.65625 0.0230418
0.75 0.6875 0.0284123
0.71875 0.6875 -0.00236944
0.71875 0.65625 -0.00774663
0.71875 0.625 -0.0130935
0.75 0.625 0.0176959
0.75 0.65625 0.0230418
0.71875 0.65625 -0.00774663
0.625 0.625 -0.105391
0.625 0.59375 -0.110803
0.65625 0.59375 -0.0800172
0.65625 0.625 -0.0746679
0.625 0.625 -0.105391
0.625 0.59375 -0.110803
0.625 0.5625 -0.116152
0.65625 0.5625 -0.0853625
0.65625 0.59375 -0.0800172
0.625 0.59375 -0.110803
0.65625 0.625 -0.0746679
0.65625 0.59375 -0.0800172
0.6875 0.59375 -0.049228
0.6875 0.625 -0.0438824
0.65625 0.625 -0.0746679
0.65625 0.59375 -0.0800172
0.65625 0.5625 -0.0853625
0.6875 0.5625 -0.054573
0.6875 0.59375 -0.049228
0.65625 0.59375 -0.0800172
0.625 0.5625 -0.116152
0.625 0.53125 -0.121497
0.65625 0.53125 -0.0907074
0.65625 0.5625 -0.0853625
0.625 0.5625 -0.116152
0.625 0.53125 -0.121497
0.625 0.5 -0.126842
0.65625 0.5 -0.0960522
0.65625 0.53125 -0.0907074
0.625 0.53125 -0.121497
0.65625 0.5625 -0.0853625
0.65625 0.53125 -0.0907074
0.6875 0.53125 -0.0599179
0.6875 0.5625 -0.054573
0.65625 0.5625 -0.0853625
0.65625 0.53125 -0.0907074
0.65625 0.5 -0.0960522
0.6875 0.5 -0.0652626
0.6875 0.53125 -0.0599179
0.65625 0.53125 -0.0907074
0.6875 0.625 -0.0438824
0.6875 0.59375 -0.049228
0.71875 0.59375 -0.0184385
0.71875 0.625 -0.0130935
0.6875 0.625 -0.0438824
0.6875 0.59375 -0.049228
0.6875 0.5625 -0.054573
0.71875 0.5625 -0.0237834
0.71875 0.59375 -0.0184385
0.6875 0.59375 -0.049228
0.71875 0.625 -0.0130935
0.71875 0.59375 -0.0184385
0.75 0.59375 0.012351
0.75 0.625 0.0176959
0.71875 0.625 -0.0130935
0.71875 0.59375 -0.0184385
0.71875 0.5625 -0.0237834
0.75 0.5625 0.00700608
0.75 0.59375 0.012351
0.71875 0.59375 -0.0184385
0.6875 0.5625 -0.054573
0.6875 0.53125 -0.0599179
0.71875 0.53125 -0.0291283
0.71875 0.5625 -0.0237834
0.6875 0.5625 -0.054573
0.6875 0.53125 -0.0599179
0.6875 0.5 -0.0652626
0.71875 0.5 -0.0344731
0.71875 0.53125 -0.0291283
0.6875 0.53125 -0.0599179
0.71875 0.5625 -0.0237834
0.71875 0.53125 -0.0291283
0.75 0.53125 0.00166119
0.75 0.5625 0.00700608
0.71875 0.5625 -0.0237834
0.71875 0.53125 -0.0291283
0.71875 0.5 -0.0344731
0.75 0.5 -0.00368353
0.75 0.53125 0.00166119
0.71875 0.53125 -0.0291283
0.75 1 0.247142
0.75 0.9375 0.189954
0.8125 0.9375 0.226115
0.8125 1 0.277704
0.75 1 0.247142
0.75 0.9375 0.189954
0.75 0.875 0.134457
0.8125 0.875 0.177537
0.8125 0.9375 0.226115
0.75 0.9375 0.189954
0.8125 1 0.277704
0.8125 0.9375 0.226115
0.875 0.9375 0.271426
0.875 1 0.316862
0.8125 1 0.277704
0.8125 0.9375 0.226115
0.8125 0.875 0.177537
0.875 0.875 0.229587
0.875 0.9375 0.271426
0.8125 0.9375 0.226115
0.75 0.875 0.134457
0.75 0.84375 0.109061
0.78125 0.84375 0.131842
0.78125 0.875 0.155112
0.75 0.875 0.134457
0.75 0.84375 0.109061
0.75 0.8125 0.0854464
0.78125 0.8125 0.110574
0.78125 0.84375 0.131842
0.75 0.84375 0.109061
0.78125 0.875 0.155112
0.78125 0.84375 0.131842
0.8125 0.84375 0.156146
0.8125 0.875 0.177537
0.78125 0.875 0.155112
0.78125 0.84375 0.131842
0.78125 0.8125 0.110574
0.8125 0.8125 0.136847
0.8125 0.84375 0.156146
0.78125 0.84375 0.131842
0.75 0.8125 0.0854464
0.75 0.78125 0.0642383
0.78125 0.78125 0.0918075
0.78125 0.8125 0.110574
0.75 0.8125 0.0854464
0.75 0.78125 0.0642383
0.75 0.75 0.0465248
0.78125 0.75 0.0763084
0.78125 0.78125 0.0918075
0.75 0.78125 0.0642383
0.78125 0.8125 0.110574
0.78125 0.78125 0.0918075
0.8125 0.78125 0.120027
0.8125 0.8125 0.136847
0.78125 0.8125 0.110574
0.78125 0.78125 0.0918075
0.78125 0.75 0.0763084
0.8125 0.75 0.106189
0.8125 0.78125 0.120027
0.78125 0.78125 0.0918075
0.8125 0.875 0.177537
0.8125 0.8125 0.136847
0.875 0.8125 0.193998
0.875 0.875 0.229587
0.8125 0.875 0.177537
0.8125 0.8125 0.136847
0.8125 0.75 0.106189
0.875 0.75 0.166367
0.875 0.8125 0.193998
0.8125 0.8125 0.136847
0.875 1 0.316862
0.875 0.875 0.229587
1 0.875 0.340464
1 1 0.416175
0.875 1 0.316862
0.875 0.875 0.229587
0.875 0.8125 0.193998
0.9375 0.8125 0.252145
0.9375 0.875 0.283835
0.875 0.875 0.229587
0.875 0.8125 0.193998
0.875 0.75 0.166367
0.9375 0.75 0.227463
0.9375 0.8125 0.252145
0.875 0.8125 0.193998
0.9375 0.875 0.283835
0.9375 0.8125 0.252145
1 0.8125 0.311391
1 0.875 0.340464
0.9375 0.875 0.283835
0.9375 0.8125 0.252145
0.9375 0.75 0.227463
1 0.75 0.288666
1 0.8125 0.311391
0.9375 0.8125 0.252145
0.75 0.75 0.0465248
0.75 0.71875 0.0342801
0.78125 0.71875 0.0650202
0.78125 0.75 0.0763084
0.75 0.75 0.0465248
0.75 0.71875 0.0342801
0.75 0.6875 0.0284123
0.78125 0.6875 0.0591996
0.78125 0.71875 0.0650202
0.75 0.71875 0.0342801
0.78125 0.75 0.0763084
0.78125 0.71875 0.0650202
0.8125 0.71875 0.0957609
0.8125 0.75 0.106189
0.78125 0.75 0.0763084
0.78125 0.71875 0.0650202
0.78125 0.6875 0.0591996
0.8125 0.6875 0.0899869
0.8125 0.71875 0.0957609
0.78125 0.71875 0.0650202
0.75 0.6875 0.0284123
0.75 0.65625 0.0230418
0.78125 0.65625 0.0538313
0.78125 0.6875 0.0591996
0.75 0.6875 0.0284123
0.75 0.65625 0.0230418
0.75 0.625 0.0176959
0.78125 0.625 0.0484854
0.78125 0.65625 0.0538313
0.75 0.65625 0.0230418
0.78125 0.6875 0.0591996
0.78125 0.65625 0.0538313
0.8125 0.65625 0.0846207
0.8125 0.6875 0.0899869
0.78125 0.6875 0.0591996
0.78125 0.65625 0.0538313
0.78125 0.625 0.0484854
0.8125 0.625 0.079275
0.8125 0.65625 0.0846207
0.78125 0.65625 0.0538313
0.8125 0.75 0.106189
0.8125 0.6875 0.0899869
0.875 0.6875 0.151561
0.875 0.75 0.166367
0.8125 0.75 0.106189
0.8125 0.6875 0.0899869
0.8125 0.65625 0.0846207
0.84375 0.65625 0.11541
0.84375 0.6875 0.120774
0.8125 0.6875 0.0899869
0.8125 0.65625 0.0846207
0.8125 0.625 0.079275
0.84375 0.625 0.110065
0.84375 0.65625 0.11541
0.8125 0.65625 0.0846207
0.84375 0.6875 0.120774
0.84375 0.65625 0.11541
0.875 0.65625 0.1462
0.875 0.6875 0.151561
0.84375 0.6875 0.120774
0.84375 0.65625 0.11541
0.84375 0.625 0.110065
0.875 0.625 0.140854
0.875 0.65625 0.1462
0.84375 0.65625 0.11541
0.75 0.625 0.0176959
0.75 0.59375 0.012351
0.78125 0.59375 0.0431405
0.78125 0.625 0.0484854
0.75 0.625 0.0176959
0.75 0.59375 0.012351
0.75 0.5625 0.00700608
0.78125 0.5625 0.0377956
0.78125 0.59375 0.0431405
0.75 0.59375 0.012351
0.78125 0.625 0.0484854
0.78125 0.59375 0.0431405
0.8125 0.59375 0.0739301
0.8125 0.625 0.079275
0.78125 0.625 0.0484854
0.78125 0.59375 0.0431405
0.78125 0.5625 0.0377956
0.8125 0.5625 0.0685853
0.8125 0.59375 0.0739301
0.78125 0.59375 0.0431405
0.75 0.5625 0.00700608
0.75 0.53125 0.00166119
0.78125 0.53125 0.0324509
0.78125 0.5625 0.0377956
0.75 0.5625 0.00700608
0.75 0.53125 0.00166119
0.75 0.5 -0.00368353
0.78125 0.5 0.0271071
0.78125 0.53125 0.0324509
0.75 0.53125 0.00166119
0.78125 0.5625 0.0377956
0.78125 0.53125 0.0324509
0.8125 0.53125 0.0632411
0.8125 0.5625 0.0685853
0.78125 0.5625 0.0377956
0.78125 0.53125 0.0324509
0.78125 0.5 0.0271071
0.8125 0.5 0.0578999
0.8125 0.53125 0.0632411
0.78125 0.53125 0.0324509
0.8125 0.625 0.079275
0.8125 0.59375 0.0739301
0.84375 0.59375 0.10472
0.84375 0.625 0.110065
0.8125 0.625 0.079275
0.8125 0.59375 0.0739301
0.8125 0.5625 0.0685853
0.84375 0.5625 0.0993751
0.84375 0.59375 0.10472
0.8125 0.59375 0.0739301
0.84375 0.625 0.110065
0.84375 0.59375 0.10472
0.875 0.59375 0.135509
0.875 0.625 0.140854
0.84375 0.625 0.110065
0.84375 0.59375 0.10472
0.84375 0.5625 0.0993751
0.875 0.5625 0.130165
0.875 0.59375 0.135509
0.84375 0.59375 0.10472
0.8125 0.5625 0.0685853
0.8125 0.53125 0.0632411
0.84375 0.53125 0.0940323
0.84375 0.5625 0.0993751
0.8125 0.5625 0.0685853
0.8125 0.53125 0.0632411
0.8125 0.5 0.0578999
0.84375 0.5 0.0886968
0.84375 0.53125 0.0940323
0.8125 0.53125 0.0632411
0.84375 0.5625 0.0993751
0.84375 0.53125 0.0940323
0.875 0.53125 0.124825
0.875 0.5625 0.130165
0.84375 0.5625 0.0993751
0.84375 0.53125 0.0940323
0.84375 0.5 0.0886968
0.875 0.5 0.119499
0.875 0.53125 0.124825
0.84375 0.53125 0.0940323
0.875 0.75 0.166367
0.875 0.6875 0.151561
0.9375 0.6875 0.213137
0.9375 0.75 0.227463
0.875 0.75 0.166367
0.875 0.6875 0.151561
0.875 0.625 0.140854
0.9375 0.625 0.202436
0.9375 0.6875 0.213137
0.875 0.6875 0.151561
0.9375 0.75 0.227463
0.9375 0.6875 0.213137
1 0.6875 0.274721
1 0.75 0.288666
0.9375 0.75 0.227463
0.9375 0.6875 0.213137
0.9375 0.625 0.202436
1 0.625 0.264031
1 0.6875 0.274721
0.9375 0.6875 0.213137
0.875 0.625 0.140854
0.875 0.5625 0.130165
0.9375 0.5625 0.191761
0.9375 0.625 0.202436
0.875 0.625 0.140854
0.875 0.5625 0.130165
0.875 0.5 0.119499
0.9375 0.5 0.181182
0.9375 0.5625 0.191761
0.875 0.5625 0.130165
0.9375 0.625 0.202436
0.9375 0.5625 0.191761
1 0.5625 0.253402
1 0.625 0.264031
0.9375 0.625 0.202436
0.9375 0.5625 0.191761
0.9375 0.5 0.181182
1 0.5 0.242979
1 0.5625 0.253402
0.9375 0.5625 0.191761
0.5 0.5 -0.227341
0.5 0.4375 -0.185154
0.5625 0.4375 -0.164972
0.5625 0.5 -0.183656
0.5 0.5 -0.227341
0.5 0.4375 -0.185154
0.5 0.375 -0.126842
0.5625 0.375 -0.116113
0.5625 0.4375 -0.164972
0.5 0.4375 -0.185154
0.5625 0.5 -0.183656
0.5625 0.4375 -0.164972
0.625 0.4375 -0.135522
0.625 0.5 -0.126842
0.5625 0.5 -0.183656
0.5625 0.4375 -0.164972
0.5625 0.375 -0.116113
0.625 0.375 -0.10422
0.625 0.4375 -0.135522
0.5625 0.4375 -0.164972
0.5 0.375 -0.126842
0.5 0.34375 -0.0960524
0.53125 0.34375 -0.0907069
0.53125 0.375 -0.12149
0.5 0.375 -0.126842
0.5 0.34375 -0.0960524
0.5 0.3125 -0.065263
0.53125 0.3125 -0.059918
0.53125 0.34375 -0.0907069
0.5 0.34375 -0.0960524
0.53125 0.375 -0.12149
0.53125 0.34375 -0.0907069
0.5625 0.34375 -0.0853587
0.5625 0.375 -0.116113
0.53125 0.375 -0.12149
0.53125 0.34375 -0.0907069
0.53125 0.3125 -0.059918
0.5625 0.3125 -0.0545726
0.5625 0.34375 -0.0853587
0.53125 0.34375 -0.0907069
0.5 0.3125 -0.065263
0.5 0.28125 -0.0344734
0.53125 0.28125 -0.0291285
0.53125 0.3125 -0.059918
0.5 0.3125 -0.065263
0.5 0.28125 -0.0344734
0.5 0.25 -0.00368388
0.53125 0.25 0.00166098
0.53125 0.28125 -0.0291285
0.5 0.28125 -0.0344734
0.53125 0.3125 -0.059918
0.53125 0.28125 -0.0291285
0.5625 0.28125 -0.0237836
0.5625 0.3125 -0.0545726
0.53125 0.3125 -0.059918
0.53125 0.28125 -0.0291285
0.53125 0.25 0.00166098
0.5625 0.25 0.00700588
0.5625 0.28125 -0.0237836
0.53125 0.28125 -0.0291285
0.5625 0.375 -0.116113
0.5625 0.34375 -0.0853587
0.59375 0.34375 -0.0799934
0.59375 0.375 -0.110579
0.5625 0.375 -0.116113
0.5625 0.34375 -0.0853587
0.5625 0.3125 -0.0545726
0.59375 0.3125 -0.0492248
0.59375 0.34375 -0.0799934
0.5625 0.34375 -0.0853587
0.59375 0.375 -0.110579
0.59375 0.34375 -0.0799934
0.625 0.34375 -0.0745283
0.625 0.375 -0.10422
0.59375 0.375 -0.110579
0.59375 0.34375 -0.0799934
0.59375 0.3125 -0.0492248
0.625 0.3125 -0.043862
0.625 0.34375 -0.0745283
0.59375 0.34375 -0.0799934
0.5625 0.3125 -0.0545726
0.5625 0.28125 -0.0237836
0.59375 0.28125 -0.0184387
0.59375 0.3125 -0.0492248
0.5625 0.3125 -0.0545726
0.5625 0.28125 -0.0237836
0.5625 0.25 0.00700588
0.59375 0.25 0.0123508
0.59375 0.28125 -0.0184387
0.5625 0.28125 -0.0237836
0.59375 0.3125 -0.0492248
0.59375 0.28125 -0.0184387
0.625 0.28125 -0.0130935
0.625 0.3125 -0.043862
0.59375 0.3125 -0.0492248
0.59375 0.28125 -0.0184387
0.59375 0.25 0.0123508
0.625 0.25 0.0176958
0.625 0.28125 -0.0130935
0.59375 0.28125 -0.0184387
0.625 0.5 -0.126842
0.625 0.46875 -0.132185
0.65625 0.46875 -0.101396
0.65625 0.5 -0.0960522
0.625 0.5 -0.126842
0.625 0.46875 -0.132185
0.625 0.4375 -0.135522
0.65625 0.4375 -0.106732
0.65625 0.46875 -0.101396
0.625 0.46875 -0.132185
0.65625 0.5 -0.0960522
0.65625 0.46875 -0.101396
0.6875 0.46875 -0.0706062
0.6875 0.5 -0.0652626
0.65625 0.5 -0.0960522
0.65625 0.46875 -0.101396
0.65625 0.4375 -0.106732
0.6875 0.4375 -0.0759396
0.6875 0.46875 -0.0706062
0.65625 0.46875 -0.101396
0.625 0.4375 -0.135522
0.625 0.40625 -0.12716
0.65625 0.40625 -0.107297
0.65625 0.4375 -0.106732
0.625 0.4375 -0.135522
0.625 0.40625 -0.12716
0.625 0.375 -0.10422
0.65625 0.375 -0.0944191
0.65625 0.40625 -0.107297
0.625 0.40625 -0.12716
0.65625 0.4375 -0.106732
0.65625 0.40625 -0.107297
0.6875 0.40625 -0.0808266
0.6875 0.4375 -0.0759396
0.65625 0.4375 -0.106732
0.65625 0.40625 -0.107297
0.65625 0.375 -0.0944191
0.6875 0.375 -0.0771012
0.6875 0.40625 -0.0808266
0.65625 0.40625 -0.107297
0.6875 0.5 -0.0652626
0.6875 0.46875 -0.0706062
0.71875 0.46875 -0.0398163
0.71875 0.5 -0.0344731
0.6875 0.5 -0.0652626
0.6875 0.46875 -0.0706062
0.6875 0.4375 -0.0759396
0.71875 0.4375 -0.0451467
0.71875 0.46875 -0.0398163
0.6875 0.46875 -0.0706062
0.71875 0.5 -0.0344731
0.71875 0.46875 -0.0398163
0.75 0.46875 -0.00902631
0.75 0.5 -0.00368353
0.71875 0.5 -0.0344731
0.71875 0.46875 -0.0398163
0.71875 0.4375 -0.0451467
0.75 0.4375 -0.0143532
0.75 0.46875 -0.00902631
0.71875 0.46875 -0.0398163
0.6875 0.4375 -0.0759396
0.6875 0.40625 -0.0808266
0.71875 0.40625 -0.0504136
0.71875 0.4375 -0.0451467
0.6875 0.4375 -0.0759396
0.6875 0.40625 -0.0808266
0.6875 0.375 -0.0771012
0.71875 0.375 -0.0528852
0.71875 0.40625 -0.0504136
0.6875 0.40625 -0.0808266
0.71875 0.4375 -0.0451467
0.71875 0.40625 -0.0504136
0.75 0.40625 -0.0195785
0.75 0.4375 -0.0143532
0.71875 0.4375 -0.0451467
0.71875 0.40625 -0.0504136
0.71875 0.375 -0.0528852
0.75 0.375 -0.0240082
0.75 0.40625 -0.0195785
0.71875 0.40625 -0.0504136
0.625 0.375 -0.10422
0.625 0.34375 -0.0745283
0.65625 0.34375 -0.068508
0.65625 0.375 -0.0944191
0.625 0.375 -0.10422
0.625 0.34375 -0.0745283
0.625 0.3125 -0.043862
0.65625 0.3125 -0.038412
0.65625 0.34375 -0.068508
0.625 0.34375 -0.0745283
0.65625 0.375 -0.0944191
0.65625 0.34375 -0.068508
0.6875 0.34375 -0.0599154
0.6875 0.375 -0.0771012
0.65625 0.375 -0.0944191
0.65625 0.34375 -0.068508
0.65625 0.3125 -0.038412
0.6875 0.3125 -0.0324868
0.6875 0.34375 -0.0599154
0.65625 0.34375 -0.068508
0.625 0.3125 -0.043862
0.625 0.28125 -0.0130935
0.65625 0.28125 -0.00774455
0.65625 0.3125 -0.038412
0.625 0.3125 -0.043862
0.625 0.28125 -0.0130935
0.625 0.25 0.0176958
0.65625 0.25 0.0230429
0.65625 0.28125 -0.00774455
0.625 0.28125 -0.0130935
0.65625 0.3125 -0.038412
0.65625 0.28125 -0.00774455
0.6875 0.28125 -0.00234973
0.6875 0.3125 -0.0324868
0.65625 0.3125 -0.038412
0.65625 0.28125 -0.00774455
0.65625 0.25 0.0230429
0.6875 0.25 0.028424
0.6875 0.28125 -0.00234973
0.65625 0.28125 -0.00774455
0.6875 0.375 -0.0771012
0.6875 0.34375 -0.0599154
0.71875 0.34375 -0.0442596
0.71875 0.375 -0.0528852
0.6875 0.375 -0.0771012
0.6875 0.34375 -0.0599154
0.6875 0.3125 -0.0324868
0.71875 0.3125 -0.0244515
0.71875 0.34375 -0.0442596
0.6875 0.34375 -0.0599154
0.71875 0.375 -0.0528852
0.71875 0.34375 -0.0442596
0.75 0.34375 -0.0216467
0.75 0.375 -0.0240082
0.71875 0.375 -0.0528852
0.71875 0.34375 -0.0442596
0.71875 0.3125 -0.0244515
0.75 0.3125 -0.00905284
0.75 0.34375 -0.0216467
0.71875 0.34375 -0.0442596
0.6875 0.3125 -0.0324868
0.6875 0.28125 -0.00234973
0.71875 0.28125 0.00378179
0.71875 0.3125 -0.0244515
0.6875 0.3125 -0.0324868
0.6875 0.28125 -0.00234973
0.6875 0.25 0.028424
0.71875 0.25 0.0343782
0.71875 0.28125 0.00378179
0.6875 0.28125 -0.00234973
0.71875 0.3125 -0.0244515
0.71875 0.28125 0.00378179
0.75 0.28125 0.0155884
0.75 0.3125 -0.00905284
0.71875 0.3125 -0.0244515
0.71875 0.28125 0.00378179
0.71875 0.25 0.0343782
0.75 0.25 0.0441517
0.75 0.28125 0.0155884
0.71875 0.28125 0.00378179
0.5 0.25 -0.00368388
0.5 0.21875 0.0271057
0.53125 0.21875 0.0324505
0.53125 0.25 0.00166098
0.5 0.25 -0.00368388
0.5 0.21875 0.0271057
0.5 0.1875 0.0578955
0.53125 0.1875 0.06324
0.53125 0.21875 0.0324505
0.5 0.21875 0.0271057
0.53125 0.25 0.00166098
0.53125 0.21875 0.0324505
0.5625 0.21875 0.0377954
0.5625 0.25 0.00700588
0.53125 0.25 0.00166098
0.53125 0.21875 0.0324505
0.53125 0.1875 0.06324
0.5625 0.1875 0.0685849
0.5625 0.21875 0.0377954
0.53125 0.21875 0.0324505
0.5 0.1875 0.0578955
0.5 0.15625 0.0886854
0.53125 0.15625 0.0940296
0.53125 0.1875 0.06324
0.5 0.1875 0.0578955
0.5 0.15625 0.0886854
0.5 0.125 0.119476
0.53125 0.125 0.124819
0.53125 0.15625 0.0940296
0.5 0.15625 0.0886854
0.53125 0.1875 0.06324
0.53125 0.15625 0.0940296
0.5625 0.15625 0.0993744
0.5625 0.1875 0.0685849
0.53125 0.1875 0.06324
0.53125 0.15625 0.0940296
0.53125 0.125 0.124819
0.5625 0.125 0.130164
0.5625 0.15625 0.0993744
0.53125 0.15625 0.0940296
0.5625 0.25 0.00700588
0.5625 0.21875 0.0377954
0.59375 0.21875 0.0431403
0.59375 0.25 0.0123508
0.5625 0.25 0.00700588
0.5625 0.21875 0.0377954
0.5625 0.1875 0.0685849
0.59375 0.1875 0.0739298
0.59375 0.21875 0.0431403
0.5625 0.21875 0.0377954
0.59375 0.25 0.0123508
0.59375 0.21875 0.0431403
0.625 0.21875 0.0484853
0.625 0.25 0.0176958
0.59375 0.25 0.0123508
0.59375 0.21875 0.0431403
0.59375 0.1875 0.0739298
0.625 0.1875 0.0792748
0.625 0.21875 0.0484853
0.59375 0.21875 0.0431403
0.5625 0.1875 0.0685849
0.5625 0.15625 0.0993744
0.59375 0.15625 0.104719
0.59375 0.1875 0.0739298
0.5625 0.1875 0.0685849
0.5625 0.15625 0.0993744
0.5625 0.125 0.130164
0.59375 0.125 0.135509
0.59375 0.15625 0.104719
0.5625 0.15625 0.0993744
0.59375 0.1875 0.0739298
0.59375 0.15625 0.104719
0.625 0.15625 0.110064
0.625 0.1875 0.0792748
0.59375 0.1875 0.0739298
0.59375 0.15625 0.104719
0.59375 0.125 0.135509
0.625 0.125 0.140854
0.625 0.15625 0.110064
0.59375 0.15625 0.104719
0.5 0.125 0.119476
0.5 0.0625 0.181067
0.5625 0.0625 0.191744
0.5625 0.125 0.130164
0.5 0.125 0.119476
0.5 0.0625 0.181067
0.5 0 0.24269
0.5625 0 0.253328
0.5625 0.0625 0.191744
0.5 0.0625 0.181067
0.5625 0.125 0.130164
0.5625 0.0625 0.191744
0.625 0.0625 0.202432
0.625 0.125 0.140854
0.5625 0.125 0.130164
0.5625 0.0625 0.191744
0.5625 0 0.253328
0.625 0 0.264011
0.625 0.0625 0.202432
0.5625 0.0625 0.191744
0.625 0.25 0.0176958
0.625 0.21875 0.0484853
0.65625 0.21875 0.0538319
0.65625 0.25 0.0230429
0.625 0.25 0.0176958
0.625 0.21875 0.0484853
0.625 0.1875 0.0792748
0.65625 0.1875 0.0846211
0.65625 0.21875 0.0538319
0.625 0.21875 0.0484853
0.65625 0.25 0.0230429
0.65625 0.21875 0.0538319
0.6875 0.21875 0.0592054
0.6875 0.25 0.028424
0.65625 0.25 0.0230429
0.65625 0.21875 0.0538319
0.65625 0.1875 0.0846211
0.6875 0.1875 0.0899884
0.6875 0.21875 0.0592054
0.65625 0.21875 0.0538319
0.625 0.1875 0.0792748
0.625 0.15625 0.110064
0.65625 0.15625 0.11541
0.65625 0.1875 0.0846211
0.625 0.1875 0.0792748
0.625 0.15625 0.110064
0.625 0.125 0.140854
0.65625 0.125 0.1462
0.65625 0.15625 0.11541
0.625 0.15625 0.110064
0.65625 0.1875 0.0846211
0.65625 0.15625 0.11541
0.6875 0.15625 0.120772
0.6875 0.1875 0.0899884
0.65625 0.1875 0.0846211
0.65625 0.15625 0.11541
0.65625 0.125 0.1462
0.6875 0.125 0.151558
0.6875 0.15625 0.120772
0.65625 0.15625 0.11541
0.6875 0.25 0.028424
0.6875 0.21875 0.0592054
0.71875 0.21875 0.0650166
0.71875 0.25 0.0343782
0.6875 0.25 0.028424
0.6875 0.21875 0.0592054
0.6875 0.1875 0.0899884
0.71875 0.1875 0.0956865
0.71875 0.21875 0.0650166
0.6875 0.21875 0.0592054
0.71875 0.25 0.0343782
0.71875 0.21875 0.0650166
0.75 0.21875 0.0735412
0.75 0.25 0.0441517
0.71875 0.25 0.0343782
0.71875 0.21875 0.0650166
0.71875 0.1875 0.0956865
0.75 0.1875 0.103376
0.75 0.21875 0.0735412
0.71875 0.21875 0.0650166
0.6875 0.1875 0.0899884
0.6875 0.125 0.151558
0.75 0.125 0.163758
0.75 0.1875 0.103376
0.6875 0.1875 0.0899884
0.625 0.125 0.140854
0.625 0.0625 0.202432
0.6875 0.0625 0.213133
0.6875 0.125 0.151558
0.625 0.125 0.140854
0.625 0.0625 0.202432
0.625 0 0.264011
0.6875 0 0.274709
0.6875 0.0625 0.213133
0.625 0.0625 0.202432
0.6875 0.125 0.151558
0.6875 0.0625 0.213133
0.75 0.0625 0.224917
0.75 0.125 0.163758
0.6875 0.125 0.151558
0.6875 0.0625 0.213133
0.6875 0 0.274709
0.75 0 0.28625
0.75 0.0625 0.224917
0.6875 0.0625 0.213133
0.75 0.5 -0.00368353
0.75 0.46875 -0.00902631
0.78125 0.46875 0.0217688
0.78125 0.5 0.0271071
0.75 0.5 -0.00368353
0.75 0.46875 -0.00902631
0.75 0.4375 -0.0143532
0.78125 0.4375 0.016462
0.78125 0.46875 0.0217688
0.75 0.46875 -0.00902631
0.78125 0.5 0.0271071
0.78125 0.46875 0.0217688
0.8125 0.46875 0.0525738
0.8125 0.5 0.0578999
0.78125 0.5 0.0271071
0.78125 0.46875 0.0217688
0.78125 0.4375 0.016462
0.8125 0.4375 0.0473147
0.8125 0.46875 0.0525738
0.78125 0.46875 0.0217688
0.75 0.4375 -0.0143532
0.75 0.40625 -0.0195785
0.78125 0.40625 0.01131
0.78125 0.4375 0.016462
0.75 0.4375 -0.0143532
0.75 0.40625 -0.0195785
0.75 0.375 -0.0240082
0.78125 0.375 0.00691482
0.78125 0.40625 0.01131
0.75 0.40625 -0.0195785
0.78125 0.4375 0.016462
0.78125 0.40625 0.01131
0.8125 0.40625 0.0423197
0.8125 0.4375 0.0473147
0.78125 0.4375 0.016462
0.78125 0.40625 0.01131
0.78125 0.375 0.00691482
0.8125 0.375 0.0381623
0.8125 0.40625 0.0423197
0.78125 0.40625 0.01131
0.8125 0.5 0.0578999
0.8125 0.46875 0.0525738
0.84375 0.46875 0.0833921
0.84375 0.5 0.0886968
0.8125 0.5 0.0578999
0.8125 0.46875 0.0525738
0.8125 0.4375 0.0473147
0.84375 0.4375 0.0782016
0.84375 0.46875 0.0833921
0.8125 0.46875 0.0525738
0.84375 0.5 0.0886968
0.84375 0.46875 0.0833921
0.875 0.46875 0.114225
0.875 0.5 0.119499
0.84375 0.5 0.0886968
0.84375 0.46875 0.0833921
0.84375 0.4375 0.0782016
0.875 0.4375 0.109112
0.875 0.46875 0.114225
0.84375 0.46875 0.0833921
0.8125 0.4375 0.0473147
0.8125 0.40625 0.0423197
0.84375 0.40625 0.0733611
0.84375 0.4375 0.0782016
0.8125 0.4375 0.0473147
0.8125 0.40625 0.0423197
0.8125 0.375 0.0381623
0.84375 0.375 0.0694071
0.84375 0.40625 0.0733611
0.8125 0.40625 0.0423197
0.84375 0.4375 0.0782016
0.84375 0.40625 0.0733611
0.875 0.40625 0.104418
0.875 0.4375 0.109112
0.84375 0.4375 0.0782016
0.84375 0.40625 0.0733611
0.84375 0.375 0.0694071
0.875 0.375 0.100643
0.875 0.40625 0.104418
0.84375 0.40625 0.0733611
0.75 0.375 -0.0240082
0.75 0.34375 -0.0216467
0.78125 0.34375 0.00620673
0.78125 0.375 0.00691482
0.75 0.375 -0.0240082
0.75 0.34375 -0.0216467
0.75 0.3125 -0.00905284
0.78125 0.3125 0.0156457
0.78125 0.34375 0.00620673
0.75 0.34375 -0.0216467
0.78125 0.375 0.00691482
0.78125 0.34375 0.00620673
0.8125 0.34375 0.0374283
0.8125 0.375 0.0381623
0.78125 0.375 0.00691482
0.78125 0.34375 0.00620673
0.78125 0.3125 0.0156457
0.8125 0.3125 0.0444407
0.8125 0.34375 0.0374283
0.78125 0.34375 0.00620673
0.75 0.3125 -0.00905284
0.75 0.28125 0.0155884
0.78125 0.28125 0.0354681
0.78125 0.3125 0.0156457
0.75 0.3125 -0.00905284
0.75 0.28125 0.0155884
0.75 0.25 0.0441517
0.78125 0.25 0.0598364
0.78125 0.28125 0.0354681
0.75 0.28125 0.0155884
0.78125 0.3125 0.0156457
0.78125 0.28125 0.0354681
0.8125 0.28125 0.0599154
0.8125 0.3125 0.0444407
0.78125 0.3125 0.0156457
0.78125 0.28125 0.0354681
0.78125 0.25 0.0598364
0.8125 0.25 0.0803675
0.8125 0.28125 0.0599154
0.78125 0.28125 0.0354681
0.8125 0.375 0.0381623
0.8125 0.34375 0.0374283
0.84375 0.34375 0.0686398
0.84375 0.375 0.0694071
0.8125 0.375 0.0381623
0.8125 0.34375 0.0374283
0.8125 0.3125 0.0444407
0.84375 0.3125 0.0742135
0.84375 0.34375 0.0686398
0.8125 0.34375 0.0374283
0.84375 0.375 0.0694071
0.84375 0.34375 0.0686398
0.875 0.34375 0.0998302
0.875 0.375 0.100643
0.84375 0.375 0.0694071
0.84375 0.34375 0.0686398
0.84375 0.3125 0.0742135
0.875 0.3125 0.104346
0.875 0.34375 0.0998302
0.84375 0.34375 0.0686398
0.8125 0.3125 0.0444407
0.8125 0.28125 0.0599154
0.84375 0.28125 0.0865708
0.84375 0.3125 0.0742135
0.8125 0.3125 0.0444407
0.8125 0.28125 0.0599154
0.8125 0.25 0.0803675
0.84375 0.25 0.103947
0.84375 0.28125 0.0865708
0.8125 0.28125 0.0599154
0.84375 0.3125 0.0742135
0.84375 0.28125 0.0865708
0.875 0.28125 0.114535
0.875 0.3125 0.104346
0.84375 0.3125 0.0742135
0.84375 0.28125 0.0865708
0.84375 0.25 0.103947
0.875 0.25 0.129475
0.875 0.28125 0.114535
0.84375 0.28125 0.0865708
0.875 0.5 0.119499
0.875 0.4375 0.109112
0.9375 0.4375 0.171163
0.9375 0.5 0.181182
0.875 0.5 0.119499
0.875 0.4375 0.109112
0.875 0.375 0.100643
0.9375 0.375 0.163117
0.9375 0.4375 0.171163
0.875 0.4375 0.109112
0.9375 0.5 0.181182
0.9375 0.4375 0.171163
1 0.4375 0.23329
1 0.5 0.242979
0.9375 0.5 0.181182
0.9375 0.4375 0.171163
0.9375 0.375 0.163117
1 0.375 0.22559
1 0.4375 0.23329
0.9375 0.4375 0.171163
0.875 0.375 0.100643
0.875 0.3125 0.104346
0.9375 0.3125 0.166011
0.9375 0.375 0.163117
0.875 0.375 0.100643
0.875 0.3125 0.104346
0.875 0.25 0.129475
0.9375 0.25 0.184968
0.9375 0.3125 0.166011
0.875 0.3125 0.104346
0.9375 0.375 0.163117
0.9375 0.3125 0.166011
1 0.3125 0.227953
1 0.375 0.22559
0.9375 0.375 0.163117
0.9375 0.3125 0.166011
0.9375 0.25 0.184968
1 0.25 0.243655
1 0.3125 0.227953
0.9375 0.3125 0.166011
0.75 0.25 0.0441517
0.75 0.21875 0.0735412
0.78125 0.21875 0.0863664
0.78125 0.25 0.0598364
0.75 0.25 0.0441517
0.75 0.21875 0.0735412
0.75 0.1875 0.103376
0.78125 0.1875 0.114472
0.78125 0.21875 0.0863664
0.75 0.21875 0.0735412
0.78125 0.25 0.0598364
0.78125 0.21875 0.0863664
0.8125 0.21875 0.103715
0.8125 0.25 0.0803675
0.78125 0.25 0.0598364
0.78125 0.21875 0.0863664
0.78125 0.1875 0.114472
0.8125 0.1875 0.129278
0.8125 0.21875 0.103715
0.78125 0.21875 0.0863664
0.75 0.1875 0.103376
0.75 0.125 0.163758
0.8125 0.125 0.18464
0.8125 0.1875 0.129278
0.75 0.1875 0.103376
0.8125 0.25 0.0803675
0.8125 0.21875 0.103715
0.84375 0.21875 0.124574
0.84375 0.25 0.103947
0.8125 0.25 0.0803675
0.8125 0.21875 0.103715
0.8125 0.1875 0.129278
0.84375 0.1875 0.147588
0.84375 0.21875 0.124574
0.8125 0.21875 0.103715
0.84375 0.25 0.103947
0.84375 0.21875 0.124574
0.875 0.21875 0.147802
0.875 0.25 0.129475
0.84375 0.25 0.103947
0.84375 0.21875 0.124574
0.84375 0.1875 0.147588
0.875 0.1875 0.168597
0.875 0.21875 0.147802
0.84375 0.21875 0.124574
0.8125 0.1875 0.129278
0.8125 0.125 0.18464
0.875 0.125 0.217567
0.875 0.1875 0.168597
0.8125 0.1875 0.129278
0.75 0.125 0.163758
0.75 0.0625 0.224917
0.8125 0.0625 0.2427
0.8125 0.125 0.18464
0.75 0.125 0.163758
0.75 0.0625 0.224917
0.75 0 0.28625
0.8125 0 0.302384
0.8125 0.0625 0.2427
0.75 0.0625 0.224917
0.8125 0.125 0.18464
0.8125 0.0625 0.2427
0.875 0.0625 0.269685
0.875 0.125 0.217567
0.8125 0.125 0.18464
0.8125 0.0625 0.2427
0.8125 0 0.302384
0.875 0 0.325825
0.875 0.0625 0.269685
0.8125 0.0625 0.2427
0.875 0.25 0.129475
0.875 0.1875 0.168597
0.9375 0.1875 0.216122
0.9375 0.25 0.184968
0.875 0.25 0.129475
0.875 0.1875 0.168597
0.875 0.125 0.217567
0.9375 0.125 0.257424
0.9375 0.1875 0.216122
0.875 0.1875 0.168597
0.9375 0.25 0.184968
0.9375 0.1875 0.216122
1 0.1875 0.270243
1 0.25 0.243655
0.9375 0.25 0.184968
0.9375 0.1875 0.216122
0.9375 0.125 0.257424
1 0.125 0.305477
1 0.1875 0.270243
0.9375 0.1875 0.216122
0.875 0.125 0.217567
0.875 0 0.325825
1 0 0.4033
1 0.125 0.305477
0.875 0.125 0.217567
