0 1 0.464196
0 0.875 0.37485
0.125 0.875 0.280366
0.125 1 0.376743
0 1 0.464196
0 0.875 0.37485
0 0.75 0.290567
0.125 0.75 0.18826
0.125 0.875 0.280366
0 0.875 0.37485
0.125 1 0.376743
0.125 0.875 0.280366
0.25 0.875 0.199684
0.25 1 0.301009
0.125 1 0.376743
0.125 0.875 0.280366
0.125 0.8125 0.233488
0.1875 0.8125 0.190858
0.1875 0.875 0.239216
0.125 0.875 0.280366
0.125 0.8125 0.233488
0.125 0.75 0.18826
0.1875 0.75 0.143235
0.1875 0.8125 0.190858
0.125 0.8125 0.233488
0.1875 0.875 0.239216
0.1875 0.8125 0.190858
0.25 0.8125 0.150446
0.25 0.875 0.199684
0.1875 0.875 0.239216
0.1875 0.8125 0.190858
0.1875 0.75 0.143235
0.25 0.75 0.102124
0.25 0.8125 0.150446
0.1875 0.8125 0.190858
0 0.75 0.290567
0 0.6875 0.255703
0.0625 0.6875 0.198928
0.0625 0.75 0.237131
0 0.75 0.290567
0 0.6875 0.255703
0 0.625 0.226711
0.0625 0.625 0.166475
0.0625 0.6875 0.198928
0 0.6875 0.255703
0.0625 0.75 0.237131
0.0625 0.6875 0.198928
0.125 0.6875 0.145682
0.125 0.75 0.18826
0.0625 0.75 0.237131
0.0625 0.6875 0.198928
0.0625 0.625 0.166475
0.125 0.625 0.109443
0.125 0.6875 0.145682
0.0625 0.6875 0.198928
0 0.625 0.226711
0 0.5625 0.206011
0.0625 0.5625 0.143537
0.0625 0.625 0.166475
0 0.625 0.226711
0 0.5625 0.206011
0 0.5 0.198538
0.0625 0.5 0.136123
0.0625 0.5625 0.143537
0 0.5625 0.206011
0.0625 0.625 0.166475
0.0625 0.59375 0.153737
0.09375 0.59375 0.123966
0.09375 0.625 0.137733
0.0625 0.625 0.166475
0.0625 0.59375 0.153737
0.0625 0.5625 0.143537
0.09375 0.5625 0.112889
0.09375 0.59375 0.123966
0.0625 0.59375 0.153737
0.09375 0.625 0.137733
0.09375 0.59375 0.123966
0.125 0.59375 0.0944503
0.125 0.625 0.109443
0.09375 0.625 0.137733
0.09375 0.59375 0.123966
0.09375 0.5625 0.112889
0.125 0.5625 0.0823289
0.125 0.59375 0.0944503
0.09375 0.59375 0.123966
0.0625 0.5625 0.143537
0.0625 0.53125 0.136329
0.09375 0.53125 0.105089
0.09375 0.5625 0.112889
0.0625 0.5625 0.143537
0.0625 0.53125 0.136329
0.0625 0.5 0.136123
0.09375 0.5 0.105047
0.09375 0.53125 0.105089
0.0625 0.53125 0.136329
0.09375 0.5625 0.112889
0.09375 0.53125 0.105089
0.125 0.53125 0.0738513
0.125 0.5625 0.0823289
0.09375 0.5625 0.112889
0.09375 0.53125 0.105089
0.09375 0.5 0.105047
0.125 0.5 0.0739838
0.125 0.53125 0.0738513
0.09375 0.53125 0.105089
0.125 0.75 0.18826
0.125 0.6875 0.145682
0.1875 0.6875 0.0973851
0.1875 0.75 0.143235
0.125 0.75 0.18826
0.125 0.6875 0.145682
0.125 0.65625 0.126679
0.15625 0.65625 0.100605
0.15625 0.6875 0.120981
0.125 0.6875 0.145682
0.125 0.65625 0.126679
0.125 0.625 0.109443
0.15625 0.625 0.0818457
0.15625 0.65625 0.100605
0.125 0.65625 0.126679
0.15625 0.6875 0.120981
0.15625 0.65625 0.100605
0.1875 0.65625 0.0755974
0.1875 0.6875 0.0973851
0.15625 0.6875 0.120981
0.15625 0.65625 0.100605
0.15625 0.625 0.0818457
0.1875 0.625 0.05512
0.1875 0.65625 0.0755974
0.15625 0.65625 0.100605
0.1875 0.75 0.143235
0.1875 0.71875 0.120121
0.21875 0.71875 0.0986765
0.21875 0.75 0.122423
0.1875 0.75 0.143235
0.1875 0.71875 0.120121
0.1875 0.6875 0.0973851
0.21875 0.6875 0.0752548
0.21875 0.71875 0.0986765
0.1875 0.71875 0.120121
0.21875 0.75 0.122423
0.21875 0.71875 0.0986765
0.25 0.71875 0.0781214
0.25 0.75 0.102124
0.21875 0.75 0.122423
0.21875 0.71875 0.0986765
0.21875 0.6875 0.0752548
0.25 0.6875 0.0542287
0.25 0.71875 0.0781214
0.21875 0.71875 0.0986765
0.1875 0.6875 0.0973851
0.1875 0.65625 0.0755974
0.21875 0.65625 0.0522198
0.21875 0.6875 0.0752548
0.1875 0.6875 0.0973851
0.1875 0.65625 0.0755974
0.1875 0.625 0.05512
0.21875 0.625 0.0299388
0.21875 0.65625 0.0522198
0.1875 0.65625 0.0755974
0.21875 0.6875 0.0752548
0.21875 0.65625 0.0522198
0.25 0.65625 0.0305196
0.25 0.6875 0.0542287
0.21875 0.6875 0.0752548
0.21875 0.65625 0.0522198
0.21875 0.625 0.0299388
0.25 0.625 0.00709691
0.25 0.65625 0.0305196
0.21875 0.65625 0.0522198
0.125 0.625 0.109443
0.125 0.59375 0.0944503
0.15625 0.59375 0.0653149
0.15625 0.625 0.0818457
0.125 0.625 0.109443
0.125 0.59375 0.0944503
0.125 0.5625 0.0823289
0.15625 0.5625 0.051864
0.15625 0.59375 0.0653149
0.125 0.59375 0.0944503
0.15625 0.625 0.0818457
0.15625 0.59375 0.0653149
0.1875 0.59375 0.0366906
0.1875 0.625 0.05512
0.15625 0.625 0.0818457
0.15625 0.59375 0.0653149
0.15625 0.5625 0.051864
0.1875 0.5625 0.0215007
0.1875 0.59375 0.0366906
0.15625 0.59375 0.0653149
0.125 0.5625 0.0823289
0.125 0.53125 0.0738513
0.15625 0.53125 0.0426087
0.15625 0.5625 0.051864
0.125 0.5625 0.0823289
0.125 0.53125 0.0738513
0.125 0.5 0.0739838
0.15625 0.5 0.0429492
0.15625 0.53125 0.0426087
0.125 0.53125 0.0738513
0.15625 0.5625 0.051864
0.15625 0.53125 0.0426087
0.1875 0.53125 0.0113623
0.1875 0.5625 0.0215007
0.15625 0.5625 0.051864
0.15625 0.53125 0.0426087
0.15625 0.5 0.0429492
0.1875 0.5 0.0119976
0.1875 0.53125 0.0113623
0.15625 0.53125 0.0426087
0.1875 0.625 0.05512
0.1875 0.59375 0.0366906
0.21875 0.59375 0.00900554
0.21875 0.625 0.0299388
0.1875 0.625 0.05512
0.1875 0.59375 0.0366906
0.1875 0.5625 0.0215007
0.21875 0.5625 -0.00788803
0.21875 0.59375 0.00900554
0.1875 0.59375 0.0366906
0.21875 0.625 0.0299388
0.21875 0.59375 0.00900554
0.25 0.59375 -0.0151266
0.25 0.625 0.00709691
0.21875 0.625 0.0299388
0.21875 0.59375 0.00900554
0.21875 0.5625 -0.00788803
0.25 0.5625 -0.0346408
0.25 0.59375 -0.0151266
0.21875 0.59375 0.00900554
0.1875 0.5625 0.0215007
0.1875 0.53125 0.0113623
0.21875 0.53125 -0.0192203
0.21875 0.5625 -0.00788803
0.1875 0.5625 0.0215007
0.1875 0.53125 0.0113623
0.1875 0.5 0.0119976
0.21875 0.5 -0.0173842
0.21875 0.53125 -0.0192203
0.1875 0.53125 0.0113623
0.21875 0.5625 -0.00788803
0.21875 0.53125 -0.0192203
0.25 0.53125 -0.0487951
0.25 0.5625 -0.0346408
0.21875 0.5625 -0.00788803
0.21875 0.53125 -0.0192203
0.21875 0.5 -0.0173842
0.25 0.5 -0.0452489
0.25 0.53125 -0.0487951
0.21875 0.53125 -0.0192203
0.25 1 0.301009
0.25 0.9375 0.24994
0.3125 0.9375 0.212968
0.3125 1 0.26597
0.25 1 0.301009
0.25 0.9375 0.24994
0.25 0.875 0.199684
0.3125 0.875 0.160986
0.3125 0.9375 0.212968
0.25 0.9375 0.24994
0.3125 1 0.26597
0.3125 0.9375 0.212968
0.375 0.9375 0.179107
0.375 1 0.23488
0.3125 1 0.26597
0.3125 0.9375 0.212968
0.3125 0.875 0.160986
0.375 0.875 0.124483
0.375 0.9375 0.179107
0.3125 0.9375 0.212968
0.25 0.875 0.199684
0.25 0.8125 0.150446
0.3125 0.8125 0.11113
0.3125 0.875 0.160986
0.25 0.875 0.199684
0.25 0.8125 0.150446
0.25 0.78125 0.126232
0.28125 0.78125 0.106359
0.28125 0.8125 0.130709
0.25 0.8125 0.150446
0.25 0.78125 0.126232
0.25 0.75 0.102124
0.28125 0.75 0.0821344
0.28125 0.78125 0.106359
0.25 0.78125 0.126232
0.28125 0.8125 0.130709
0.28125 0.78125 0.106359
0.3125 0.78125 0.0866203
0.3125 0.8125 0.11113
0.28125 0.8125 0.130709
0.28125 0.78125 0.106359
0.28125 0.75 0.0821344
0.3125 0.75 0.0622855
0.3125 0.78125 0.0866203
0.28125 0.78125 0.106359
0.3125 0.875 0.160986
0.3125 0.84375 0.13591
0.34375 0.84375 0.11687
0.34375 0.875 0.142421
0.3125 0.875 0.160986
0.3125 0.84375 0.13591
0.3125 0.8125 0.11113
0.34375 0.8125 0.0917373
0.34375 0.84375 0.11687
0.3125 0.84375 0.13591
0.34375 0.875 0.142421
0.34375 0.84375 0.11687
0.375 0.84375 0.0983013
0.375 0.875 0.124483
0.34375 0.875 0.142421
0.34375 0.84375 0.11687
0.34375 0.8125 0.0917373
0.375 0.8125 0.0726455
0.375 0.84375 0.0983013
0.34375 0.84375 0.11687
0.3125 0.8125 0.11113
0.3125 0.78125 0.0866203
0.34375 0.78125 0.0669952
0.34375 0.8125 0.0917373
0.3125 0.8125 0.11113
0.3125 0.78125 0.0866203
0.3125 0.75 0.0622855
0.34375 0.75 0.0425154
0.34375 0.78125 0.0669952
0.3125 0.78125 0.0866203
0.34375 0.8125 0.0917373
0.34375 0.78125 0.0669952
0.375 0.78125 0.047527
0.375 0.8125 0.0726455
0.34375 0.8125 0.0917373
0.34375 0.78125 0.0669952
0.34375 0.75 0.0425154
0.375 0.75 0.0228065
0.375 0.78125 0.047527
0.34375 0.78125 0.0669952
0.375 1 0.23488
0.375 0.9375 0.179107
0.4375 0.9375 0.150361
0.4375 1 0.209801
0.375 1 0.23488
0.375 0.9375 0.179107
0.375 0.875 0.124483
0.4375 0.875 0.0923482
0.4375 0.9375 0.150361
0.375 0.9375 0.179107
0.4375 1 0.209801
0.4375 0.9375 0.150361
0.5 0.9375 0.134321
0.5 1 0.196665
0.4375 1 0.209801
0.4375 0.9375 0.150361
0.4375 0.90625 0.121166
0.46875 0.90625 0.110145
0.46875 0.9375 0.140372
0.4375 0.9375 0.150361
0.4375 0.90625 0.121166
0.4375 0.875 0.0923482
0.46875 0.875 0.0801344
0.46875 0.90625 0.110145
0.4375 0.90625 0.121166
0.46875 0.9375 0.140372
0.46875 0.90625 0.110145
0.5 0.90625 0.10327
0.5 0.9375 0.134321
0.46875 0.9375 0.140372
0.46875 0.90625 0.110145
0.46875 0.875 0.0801344
0.5 0.875 0.0722568
0.5 0.90625 0.10327
0.46875 0.90625 0.110145
0.375 0.875 0.124483
0.375 0.84375 0.0983013
0.40625 0.84375 0.0805027
0.40625 0.875 0.107599
0.375 0.875 0.124483
0.375 0.84375 0.0983013
0.375 0.8125 0.0726455
0.40625 0.8125 0.0540585
0.40625 0.84375 0.0805027
0.375 0.84375 0.0983013
0.40625 0.875 0.107599
0.40625 0.84375 0.0805027
0.4375 0.84375 0.0640474
0.4375 0.875 0.0923482
0.40625 0.875 0.107599
0.40625 0.84375 0.0805027
0.40625 0.8125 0.0540585
0.4375 0.8125 0.0363634
0.4375 0.84375 0.0640474
0.40625 0.84375 0.0805027
0.375 0.8125 0.0726455
0.375 0.78125 0.047527
0.40625 0.78125 0.0282918
0.40625 0.8125 0.0540585
0.375 0.8125 0.0726455
0.375 0.78125 0.047527
0.375 0.75 0.0228065
0.40625 0.75 0.00318835
0.40625 0.78125 0.0282918
0.375 0.78125 0.047527
0.40625 0.8125 0.0540585
0.40625 0.78125 0.0282918
0.4375 0.78125 0.00943355
0.4375 0.8125 0.0363634
0.40625 0.8125 0.0540585
0.40625 0.78125 0.0282918
0.40625 0.75 0.00318835
0.4375 0.75 -0.0159066
0.4375 0.78125 0.00943355
0.40625 0.78125 0.0282918
0.4375 0.875 0.0923482
0.4375 0.84375 0.0640474
0.46875 0.84375 0.0504196
0.46875 0.875 0.0801344
0.4375 0.875 0.0923482
0.4375 0.84375 0.0640474
0.4375 0.8125 0.0363634
0.46875 0.8125 0.0211199
0.46875 0.84375 0.0504196
0.4375 0.84375 0.0640474
0.46875 0.875 0.0801344
0.46875 0.84375 0.0504196
0.5 0.84375 0.0412964
0.5 0.875 0.0722568
0.46875 0.875 0.0801344
0.46875 0.84375 0.0504196
0.46875 0.8125 0.0211199
0.5 0.8125 0.0104163
0.5 0.84375 0.0412964
0.46875 0.84375 0.0504196
0.4375 0.8125 0.0363634
0.4375 0.78125 0.00943355
0.46875 0.78125 -0.00726067
0.46875 0.8125 0.0211199
0.4375 0.8125 0.0363634
0.4375 0.78125 0.00943355
0.4375 0.75 -0.0159066
0.46875 0.75 -0.0337838
0.46875 0.78125 -0.00726067
0.4375 0.78125 0.00943355
0.46875 0.8125 0.0211199
0.46875 0.78125 -0.00726067
0.5 0.78125 -0.0196967
0.5 0.8125 0.0104163
0.46875 0.8125 0.0211199
0.46875 0.78125 -0.00726067
0.46875 0.75 -0.0337838
0.5 0.75 -0.0485944
0.5 0.78125 -0.0196967
0.46875 0.78125 -0.00726067
0.25 0.75 0.102124
0.25 0.71875 0.0781214
0.28125 0.71875 0.0580018
0.28125 0.75 0.0821344
0.25 0.75 0.102124
0.25 0.71875 0.0781214
0.25 0.6875 0.0542287
0.28125 0.6875 0.0339282
0.28125 0.71875 0.0580018
0.25 0.71875 0.0781214
0.28125 0.75 0.0821344
0.28125 0.71875 0.0580018
0.3125 0.71875 0.0380818
0.3125 0.75 0.0622855
0.28125 0.75 0.0821344
0.28125 0.71875 0.0580018
0.28125 0.6875 0.0339282
0.3125 0.6875 0.0139346
0.3125 0.71875 0.0380818
0.28125 0.71875 0.0580018
0.25 0.6875 0.0542287
0.25 0.65625 0.0305196
0.28125 0.65625 0.00992661
0.28125 0.6875 0.0339282
0.25 0.6875 0.0542287
0.25 0.65625 0.0305196
0.25 0.625 0.00709691
0.28125 0.625 -0.0138292
0.28125 0.65625 0.00992661
0.25 0.65625 0.0305196
0.28125 0.6875 0.0339282
0.28125 0.65625 0.00992661
0.3125 0.65625 -0.0101515
0.3125 0.6875 0.0139346
0.28125 0.6875 0.0339282
0.28125 0.65625 0.00992661
0.28125 0.625 -0.0138292
0.3125 0.625 -0.0341033
0.3125 0.65625 -0.0101515
0.28125 0.65625 0.00992661
0.3125 0.75 0.0622855
0.3125 0.71875 0.0380818
0.34375 0.71875 0.018242
0.34375 0.75 0.0425154
0.3125 0.75 0.0622855
0.3125 0.71875 0.0380818
0.3125 0.6875 0.0139346
0.34375 0.6875 -0.00593583
0.34375 0.71875 0.018242
0.3125 0.71875 0.0380818
0.34375 0.75 0.0425154
0.34375 0.71875 0.018242
0.375 0.71875 -0.00153683
0.375 0.75 0.0228065
0.34375 0.75 0.0425154
0.34375 0.71875 0.018242
0.34375 0.6875 -0.00593583
0.375 0.6875 -0.0257468
0.375 0.71875 -0.00153683
0.34375 0.71875 0.018242
0.3125 0.6875 0.0139346
0.3125 0.65625 -0.0101515
0.34375 0.65625 -0.0300665
0.34375 0.6875 -0.00593583
0.3125 0.6875 0.0139346
0.3125 0.65625 -0.0101515
0.3125 0.625 -0.0341033
0.34375 0.625 -0.0541325
0.34375 0.65625 -0.0300665
0.3125 0.65625 -0.0101515
0.34375 0.6875 -0.00593583
0.34375 0.65625 -0.0300665
0.375 0.65625 -0.0499213
0.375 0.6875 -0.0257468
0.34375 0.6875 -0.00593583
0.34375 0.65625 -0.0300665
0.34375 0.625 -0.0541325
0.375 0.625 -0.0740514
0.375 0.65625 -0.0499213
0.34375 0.65625 -0.0300665
0.25 0.625 0.00709691
0.25 0.59375 -0.0151266
0.28125 0.59375 -0.0369744
0.28125 0.625 -0.0138292
0.25 0.625 0.00709691
0.25 0.59375 -0.0151266
0.25 0.5625 -0.0346408
0.28125 0.5625 -0.0587353
0.28125 0.59375 -0.0369744
0.25 0.59375 -0.0151266
0.28125 0.625 -0.0138292
0.28125 0.59375 -0.0369744
0.3125 0.59375 -0.0577841
0.3125 0.625 -0.0341033
0.28125 0.625 -0.0138292
0.28125 0.59375 -0.0369744
0.28125 0.5625 -0.0587353
0.3125 0.5625 -0.0808077
0.3125 0.59375 -0.0577841
0.28125 0.59375 -0.0369744
0.25 0.5625 -0.0346408
0.25 0.53125 -0.0487951
0.28125 0.53125 -0.0765921
0.28125 0.5625 -0.0587353
0.25 0.5625 -0.0346408
0.25 0.53125 -0.0487951
0.25 0.5 -0.0452489
0.28125 0.5 -0.0723956
0.28125 0.53125 -0.0765921
0.25 0.53125 -0.0487951
0.28125 0.5625 -0.0587353
0.28125 0.53125 -0.0765921
0.3125 0.53125 -0.101847
0.3125 0.5625 -0.0808077
0.28125 0.5625 -0.0587353
0.28125 0.53125 -0.0765921
0.28125 0.5 -0.0723956
0.3125 0.5 -0.098869
0.3125 0.53125 -0.101847
0.28125 0.53125 -0.0765921
0.3125 0.625 -0.0341033
0.3125 0.59375 -0.0577841
0.34375 0.59375 -0.0780714
0.34375 0.625 -0.0541325
0.3125 0.625 -0.0341033
0.3125 0.59375 -0.0577841
0.3125 0.5625 -0.0808077
0.34375 0.5625 -0.101712
0.34375 0.59375 -0.0780714
0.3125 0.59375 -0.0577841
0.34375 0.625 -0.0541325
0.34375 0.59375 -0.0780714
0.375 0.59375 -0.0981132
0.375 0.625 -0.0740514
0.34375 0.625 -0.0541325
0.34375 0.59375 -0.0780714
0.34375 0.5625 -0.101712
0.375 0.5625 -0.122038
0.375 0.59375 -0.0981132
0.34375 0.59375 -0.0780714
0.3125 0.5625 -0.0808077
0.3125 0.53125 -0.101847
0.34375 0.53125 -0.12453
0.34375 0.5625 -0.101712
0.3125 0.5625 -0.0808077
0.3125 0.53125 -0.101847
0.3125 0.5 -0.098869
0.34375 0.5 -0.124782
0.34375 0.53125 -0.12453
0.3125 0.53125 -0.101847
0.34375 0.5625 -0.101712
0.34375 0.53125 -0.12453
0.375 0.53125 -0.145473
0.375 0.5625 -0.122038
0.34375 0.5625 -0.101712
0.34375 0.53125 -0.12453
0.34375 0.5 -0.124782
0.375 0.5 -0.150249
0.375 0.53125 -0.145473
0.34375 0.53125 -0.12453
0.375 0.75 0.0228065
0.375 0.71875 -0.00153683
0.40625 0.71875 -0.0212051
0.40625 0.75 0.00318835
0.375 0.75 0.0228065
0.375 0.71875 -0.00153683
0.375 0.6875 -0.0257468
0.40625 0.6875 -0.0454867
0.40625 0.71875 -0.0212051
0.375 0.71875 -0.00153683
0.40625 0.75 0.00318835
0.40625 0.71875 -0.0212051
0.4375 0.71875 -0.0406187
0.4375 0.75 -0.0159066
0.40625 0.75 0.00318835
0.40625 0.71875 -0.0212051
0.40625 0.6875 -0.0454867
0.4375 0.6875 -0.0650842
0.4375 0.71875 -0.0406187
0.40625 0.71875 -0.0212051
0.375 0.6875 -0.0257468
0.375 0.65625 -0.0499213
0.40625 0.65625 -0.069715
0.40625 0.6875 -0.0454867
0.375 0.6875 -0.0257468
0.375 0.65625 -0.0499213
0.375 0.625 -0.0740514
0.40625 0.625 -0.093901
0.40625 0.65625 -0.069715
0.375 0.65625 -0.0499213
0.40625 0.6875 -0.0454867
0.40625 0.65625 -0.069715
0.4375 0.65625 -0.0894168
0.4375 0.6875 -0.0650842
0.40625 0.6875 -0.0454867
0.40625 0.65625 -0.069715
0.40625 0.625 -0.093901
0.4375 0.625 -0.113674
0.4375 0.65625 -0.0894168
0.40625 0.65625 -0.069715
0.4375 0.75 -0.0159066
0.4375 0.71875 -0.0406187
0.46875 0.71875 -0.0593541
0.46875 0.75 -0.0337838
0.4375 0.75 -0.0159066
0.4375 0.71875 -0.0406187
0.4375 0.6875 -0.0650842
0.46875 0.6875 -0.0843106
0.46875 0.71875 -0.0593541
0.4375 0.71875 -0.0406187
0.46875 0.75 -0.0337838
0.46875 0.71875 -0.0593541
0.5 0.71875 -0.0761769
0.5 0.75 -0.0485944
0.46875 0.75 -0.0337838
0.46875 0.71875 -0.0593541
0.46875 0.6875 -0.0843106
0.5 0.6875 -0.102445
0.5 0.71875 -0.0761769
0.46875 0.71875 -0.0593541
0.4375 0.6875 -0.0650842
0.4375 0.65625 -0.0894168
0.46875 0.65625 -0.10892
0.46875 0.6875 -0.0843106
0.4375 0.6875 -0.0650842
0.4375 0.65625 -0.0894168
0.4375 0.625 -0.113674
0.46875 0.625 -0.133311
0.46875 0.65625 -0.10892
0.4375 0.65625 -0.0894168
0.46875 0.6875 -0.0843106
0.46875 0.65625 -0.10892
0.5 0.65625 -0.127843
0.5 0.6875 -0.102445
0.46875 0.6875 -0.0843106
0.46875 0.65625 -0.10892
0.46875 0.625 -0.133311
0.5 0.625 -0.152631
0.5 0.65625 -0.127843
0.46875 0.65625 -0.10892
0.375 0.625 -0.0740514
0.375 0.59375 -0.0981132
0.40625 0.59375 -0.118036
0.40625 0.625 -0.093901
0.375 0.625 -0.0740514
0.375 0.59375 -0.0981132
0.375 0.5625 -0.122038
0.40625 0.5625 -0.142095
0.40625 0.59375 -0.118036
0.375 0.59375 -0.0981132
0.40625 0.625 -0.093901
0.40625 0.59375 -0.118036
0.4375 0.59375 -0.137878
0.4375 0.625 -0.113674
0.40625 0.625 -0.093901
0.40625 0.59375 -0.118036
0.40625 0.5625 -0.142095
0.4375 0.5625 -0.162023
0.4375 0.59375 -0.137878
0.40625 0.59375 -0.118036
0.375 0.5625 -0.122038
0.375 0.5 -0.150249
0.4375 0.5 -0.19967
0.4375 0.5625 -0.162023
0.375 0.5625 -0.122038
0.4375 0.625 -0.113674
0.4375 0.5625 -0.162023
0.5 0.5625 -0.201585
0.5 0.625 -0.152631
0.4375 0.625 -0.113674
0.4375 0.5625 -0.162023
0.4375 0.5 -0.19967
0.5 0.5 -0.241365
0.5 0.5625 -0.201585
0.4375 0.5625 -0.162023
0 0.5 0.198538
0 0.4375 0.209644
0.0625 0.4375 0.149576
0.0625 0.5 0.136123
0 0.5 0.198538
0 0.4375 0.209644
0 0.375 0.232483
0.0625 0.375 0.17605
0.0625 0.4375 0.149576
0 0.4375 0.209644
0.0625 0.5 0.136123
0.0625 0.46875 0.140873
0.09375 0.46875 0.110513
0.09375 0.5 0.105047
0.0625 0.5 0.136123
0.0625 0.46875 0.140873
0.0625 0.4375 0.149576
0.09375 0.4375 0.120331
0.09375 0.46875 0.110513
0.0625 0.46875 0.140873
0.09375 0.5 0.105047
0.09375 0.46875 0.110513
0.125 0.46875 0.0804064
0.125 0.5 0.0739838
0.09375 0.5 0.105047
0.09375 0.46875 0.110513
0.09375 0.4375 0.120331
0.125 0.4375 0.0914897
0.125 0.46875 0.0804064
0.09375 0.46875 0.110513
0.0625 0.4375 0.149576
0.0625 0.375 0.17605
0.125 0.375 0.122749
0.125 0.4375 0.0914897
0.0625 0.4375 0.149576
0 0.375 0.232483
0 0.3125 0.263154
0.0625 0.3125 0.210149
0.0625 0.375 0.17605
0 0.375 0.232483
0 0.3125 0.263154
0 0.25 0.298661
0.0625 0.25 0.247831
0.0625 0.3125 0.210149
0 0.3125 0.263154
0.0625 0.375 0.17605
0.0625 0.3125 0.210149
0.125 0.3125 0.159755
0.125 0.375 0.122749
0.0625 0.375 0.17605
0.0625 0.3125 0.210149
0.0625 0.25 0.247831
0.125 0.25 0.19865
0.125 0.3125 0.159755
0.0625 0.3125 0.210149
0.125 0.5 0.0739838
0.125 0.46875 0.0804064
0.15625 0.46875 0.0505761
0.15625 0.5 0.0429492
0.125 0.5 0.0739838
0.125 0.46875 0.0804064
0.125 0.4375 0.0914897
0.15625 0.4375 0.0633789
0.15625 0.46875 0.0505761
0.125 0.46875 0.0804064
0.15625 0.5 0.0429492
0.15625 0.46875 0.0505761
0.1875 0.46875 0.021341
0.1875 0.5 0.0119976
0.15625 0.5 0.0429492
0.15625 0.46875 0.0505761
0.15625 0.4375 0.0633789
0.1875 0.4375 0.0360019
0.1875 0.46875 0.021341
0.15625 0.46875 0.0505761
0.125 0.4375 0.0914897
0.125 0.40625 0.105993
0.15625 0.40625 0.079316
0.15625 0.4375 0.0633789
0.125 0.4375 0.0914897
0.125 0.40625 0.105993
0.125 0.375 0.122749
0.15625 0.375 0.0970909
0.15625 0.40625 0.079316
0.125 0.40625 0.105993
0.15625 0.4375 0.0633789
0.15625 0.40625 0.079316
0.1875 0.40625 0.0533473
0.1875 0.4375 0.0360019
0.15625 0.4375 0.0633789
0.15625 0.40625 0.079316
0.15625 0.375 0.0970909
0.1875 0.375 0.0719475
0.1875 0.40625 0.0533473
0.15625 0.40625 0.079316
0.1875 0.5 0.0119976
0.1875 0.46875 0.021341
0.21875 0.46875 -0.00672512
0.21875 0.5 -0.0173842
0.1875 0.5 0.0119976
0.1875 0.46875 0.021341
0.1875 0.4375 0.0360019
0.21875 0.4375 0.00968013
0.21875 0.46875 -0.00672512
0.1875 0.46875 0.021341
0.21875 0.5 -0.0173842
0.21875 0.46875 -0.00672512
0.25 0.46875 -0.0325435
0.25 0.5 -0.0452489
0.21875 0.5 -0.0173842
0.21875 0.46875 -0.00672512
0.21875 0.4375 0.00968013
0.25 0.4375 -0.0155753
0.25 0.46875 -0.0325435
0.21875 0.46875 -0.00672512
0.1875 0.4375 0.0360019
0.1875 0.40625 0.0533473
0.21875 0.40625 0.0280459
0.21875 0.4375 0.00968013
0.1875 0.4375 0.0360019
0.1875 0.40625 0.0533473
0.1875 0.375 0.0719475
0.21875 0.375 0.0472097
0.21875 0.40625 0.0280459
0.1875 0.40625 0.0533473
0.21875 0.4375 0.00968013
0.21875 0.40625 0.0280459
0.25 0.40625 0.00326675
0.25 0.4375 -0.0155753
0.21875 0.4375 0.00968013
0.21875 0.40625 0.0280459
0.21875 0.375 0.0472097
0.25 0.375 0.0227479
0.25 0.40625 0.00326675
0.21875 0.40625 0.0280459
0.125 0.375 0.122749
0.125 0.34375 0.140842
0.15625 0.34375 0.115841
0.15625 0.375 0.0970909
0.125 0.375 0.122749
0.125 0.34375 0.140842
0.125 0.3125 0.159755
0.15625 0.3125 0.135124
0.15625 0.34375 0.115841
0.125 0.34375 0.140842
0.15625 0.375 0.0970909
0.15625 0.34375 0.115841
0.1875 0.34375 0.0911669
0.1875 0.375 0.0719475
0.15625 0.375 0.0970909
0.15625 0.34375 0.115841
0.15625 0.3125 0.135124
0.1875 0.3125 0.110691
0.1875 0.34375 0.0911669
0.15625 0.34375 0.115841
0.125 0.3125 0.159755
0.125 0.25 0.19865
0.1875 0.25 0.150167
0.1875 0.3125 0.110691
0.125 0.3125 0.159755
0.1875 0.375 0.0719475
0.1875 0.34375 0.0911669
0.21875 0.34375 0.0667225
0.21875 0.375 0.0472097
0.1875 0.375 0.0719475
0.1875 0.34375 0.0911669
0.1875 0.3125 0.110691
0.21875 0.3125 0.0864005
0.21875 0.34375 0.0667225
0.1875 0.34375 0.0911669
0.21875 0.375 0.0472097
0.21875 0.34375 0.0667225
0.25 0.34375 0.042426
0.25 0.375 0.0227479
0.21875 0.375 0.0472097
0.21875 0.34375 0.0667225
0.21875 0.3125 0.0864005
0.25 0.3125 0.0622002
0.25 0.34375 0.042426
0.21875 0.34375 0.0667225
0.1875 0.3125 0.110691
0.1875 0.28125 0.130372
0.21875 0.28125 0.106183
0.21875 0.3125 0.0864005
0.1875 0.3125 0.110691
0.1875 0.28125 0.130372
0.1875 0.25 0.150167
0.21875 0.25 0.12607
0.21875 0.28125 0.106183
0.1875 0.28125 0.130372
0.21875 0.3125 0.0864005
0.21875 0.28125 0.106183
0.25 0.28125 0.0820658
0.25 0.3125 0.0622002
0.21875 0.3125 0.0864005
0.21875 0.28125 0.106183
0.21875 0.25 0.12607
0.25 0.25 0.102045
0.25 0.28125 0.0820658
0.21875 0.28125 0.106183
0 0.25 0.298661
0 0.125 0.374806
0.125 0.125 0.278397
0.125 0.25 0.19865
0 0.25 0.298661
0 0.125 0.374806
0 0 0.458681
0.125 0 0.365963
0.125 0.125 0.278397
0 0.125 0.374806
0.125 0.25 0.19865
0.125 0.1875 0.238156
0.1875 0.1875 0.190183
0.1875 0.25 0.150167
0.125 0.25 0.19865
0.125 0.1875 0.238156
0.125 0.125 0.278397
0.1875 0.125 0.231235
0.1875 0.1875 0.190183
0.125 0.1875 0.238156
0.1875 0.25 0.150167
0.1875 0.1875 0.190183
0.25 0.1875 0.142622
0.25 0.25 0.102045
0.1875 0.25 0.150167
0.1875 0.1875 0.190183
0.1875 0.125 0.231235
0.25 0.125 0.185077
0.25 0.1875 0.142622
0.1875 0.1875 0.190183
0.125 0.125 0.278397
0.125 0 0.365963
0.25 0 0.280203
0.25 0.125 0.185077
0.125 0.125 0.278397
0.25 0.5 -0.0452489
0.25 0.46875 -0.0325435
0.28125 0.46875 -0.0579546
0.28125 0.5 -0.0723956
0.25 0.5 -0.0452489
0.25 0.46875 -0.0325435
0.25 0.4375 -0.0155753
0.28125 0.4375 -0.0402019
0.28125 0.46875 -0.0579546
0.25 0.46875 -0.0325435
0.28125 0.5 -0.0723956
0.28125 0.46875 -0.0579546
0.3125 0.46875 -0.0830388
0.3125 0.5 -0.098869
0.28125 0.5 -0.0723956
0.28125 0.46875 -0.0579546
0.28125 0.4375 -0.0402019
0.3125 0.4375 -0.0646881
0.3125 0.46875 -0.0830388
0.28125 0.46875 -0.0579546
0.25 0.4375 -0.0155753
0.25 0.40625 0.00326675
0.28125 0.40625 -0.0210944
0.28125 0.4375 -0.0402019
0.25 0.4375 -0.0155753
0.25 0.40625 0.00326675
0.25 0.375 0.0227479
0.28125 0.375 -0.00154406
0.28125 0.40625 -0.0210944
0.25 0.40625 0.00326675
0.28125 0.4375 -0.0402019
0.28125 0.40625 -0.0210944
0.3125 0.40625 -0.0453675
0.3125 0.4375 -0.0646881
0.28125 0.4375 -0.0402019
0.28125 0.40625 -0.0210944
0.28125 0.375 -0.00154406
0.3125 0.375 -0.0257083
0.3125 0.40625 -0.0453675
0.28125 0.40625 -0.0210944
0.3125 0.5 -0.098869
0.3125 0.46875 -0.0830388
0.34375 0.46875 -0.107858
0.34375 0.5 -0.124782
0.3125 0.5 -0.098869
0.3125 0.46875 -0.0830388
0.3125 0.4375 -0.0646881
0.34375 0.4375 -0.0890668
0.34375 0.46875 -0.107858
0.3125 0.46875 -0.0830388
0.34375 0.5 -0.124782
0.34375 0.46875 -0.107858
0.375 0.46875 -0.132465
0.375 0.5 -0.150249
0.34375 0.5 -0.124782
0.34375 0.46875 -0.107858
0.34375 0.4375 -0.0890668
0.375 0.4375 -0.113341
0.375 0.46875 -0.132465
0.34375 0.46875 -0.107858
0.3125 0.4375 -0.0646881
0.3125 0.40625 -0.0453675
0.34375 0.40625 -0.0695733
0.34375 0.4375 -0.0890668
0.3125 0.4375 -0.0646881
0.3125 0.40625 -0.0453675
0.3125 0.375 -0.0257083
0.34375 0.375 -0.0498188
0.34375 0.40625 -0.0695733
0.3125 0.40625 -0.0453675
0.34375 0.4375 -0.0890668
0.34375 0.40625 -0.0695733
0.375 0.40625 -0.0936934
0.375 0.4375 -0.113341
0.34375 0.4375 -0.0890668
0.34375 0.40625 -0.0695733
0.34375 0.375 -0.0498188
0.375 0.375 -0.0738342
0.375 0.40625 -0.0936934
0.34375 0.40625 -0.0695733
0.25 0.375 0.0227479
0.25 0.34375 0.042426
0.28125 0.34375 0.018221
0.28125 0.375 -0.00154406
0.25 0.375 0.0227479
0.25 0.34375 0.042426
0.25 0.3125 0.0622002
0.28125 0.3125 0.0380667
0.28125 0.34375 0.018221
0.25 0.34375 0.042426
0.28125 0.375 -0.00154406
0.28125 0.34375 0.018221
0.3125 0.34375 -0.00591949
0.3125 0.375 -0.0257083
0.28125 0.375 -0.00154406
0.28125 0.34375 0.018221
0.28125 0.3125 0.0380667
0.3125 0.3125 0.0139875
0.3125 0.34375 -0.00591949
0.28125 0.34375 0.018221
0.25 0.3125 0.0622002
0.25 0.28125 0.0820658
0.28125 0.28125 0.0580122
0.28125 0.3125 0.0380667
0.25 0.3125 0.0622002
0.25 0.28125 0.0820658
0.25 0.25 0.102045
0.28125 0.25 0.07811
0.28125 0.28125 0.0580122
0.25 0.28125 0.0820658
0.28125 0.3125 0.0380667
0.28125 0.28125 0.0580122
0.3125 0.28125 0.0340353
0.3125 0.3125 0.0139875
0.28125 0.3125 0.0380667
0.28125 0.28125 0.0580122
0.28125 0.25 0.07811
0.3125 0.25 0.0543171
0.3125 0.28125 0.0340353
0.28125 0.28125 0.0580122
0.3125 0.375 -0.0257083
0.3125 0.34375 -0.00591949
0.34375 0.34375 -0.0299582
0.34375 0.375 -0.0498188
0.3125 0.375 -0.0257083
0.3125 0.34375 -0.00591949
0.3125 0.3125 0.0139875
0.34375 0.3125 -0.00998547
0.34375 0.34375 -0.0299582
0.3125 0.34375 -0.00591949
0.34375 0.375 -0.0498188
0.34375 0.34375 -0.0299582
0.375 0.34375 -0.053846
0.375 0.375 -0.0738342
0.34375 0.375 -0.0498188
0.34375 0.34375 -0.0299582
0.34375 0.3125 -0.00998547
0.375 0.3125 -0.0336909
0.375 0.34375 -0.053846
0.34375 0.34375 -0.0299582
0.3125 0.3125 0.0139875
0.3125 0.28125 0.0340353
0.34375 0.28125 0.0101873
0.34375 0.3125 -0.00998547
0.3125 0.3125 0.0139875
0.3125 0.28125 0.0340353
0.3125 0.25 0.0543171
0.34375 0.25 0.0307648
0.34375 0.28125 0.0101873
0.3125 0.28125 0.0340353
0.34375 0.3125 -0.00998547
0.34375 0.28125 0.0101873
0.375 0.28125 -0.0132947
0.375 0.3125 -0.0336909
0.34375 0.3125 -0.00998547
0.34375 0.28125 0.0101873
0.34375 0.25 0.0307648
0.375 0.25 0.00763825
0.375 0.28125 -0.0132947
0.34375 0.28125 0.0101873
0.375 0.5 -0.150249
0.375 0.4375 -0.113341
0.4375 0.4375 -0.161448
0.4375 0.5 -0.19967
0.375 0.5 -0.150249
0.375 0.4375 -0.113341
0.375 0.40625 -0.0936934
0.40625 0.40625 -0.117675
0.40625 0.4375 -0.13749
0.375 0.4375 -0.113341
0.375 0.40625 -0.0936934
0.375 0.375 -0.0738342
0.40625 0.375 -0.097659
0.40625 0.40625 -0.117675
0.375 0.40625 -0.0936934
0.40625 0.4375 -0.13749
0.40625 0.40625 -0.117675
0.4375 0.40625 -0.141417
0.4375 0.4375 -0.161448
0.40625 0.4375 -0.13749
0.40625 0.40625 -0.117675
0.40625 0.375 -0.097659
0.4375 0.375 -0.121049
0.4375 0.40625 -0.141417
0.40625 0.40625 -0.117675
0.4375 0.5 -0.19967
0.4375 0.4375 -0.161448
0.5 0.4375 -0.200397
0.5 0.5 -0.241365
0.4375 0.5 -0.19967
0.4375 0.4375 -0.161448
0.4375 0.375 -0.121049
0.5 0.375 -0.15169
0.5 0.4375 -0.200397
0.4375 0.4375 -0.161448
0.375 0.375 -0.0738342
0.375 0.34375 -0.053846
0.40625 0.34375 -0.0774202
0.40625 0.375 -0.097659
0.375 0.375 -0.0738342
0.375 0.34375 -0.053846
0.375 0.3125 -0.0336909
0.40625 0.3125 -0.0568857
0.40625 0.34375 -0.0774202
0.375 0.34375 -0.053846
0.40625 0.375 -0.097659
0.40625 0.34375 -0.0774202
0.4375 0.34375 -0.100344
0.4375 0.375 -0.121049
0.40625 0.375 -0.097659
0.40625 0.34375 -0.0774202
0.40625 0.3125 -0.0568857
0.4375 0.3125 -0.0789883
0.4375 0.34375 -0.100344
0.40625 0.34375 -0.0774202
0.375 0.3125 -0.0336909
0.375 0.28125 -0.0132947
0.40625 0.28125 -0.0358869
0.40625 0.3125 -0.0568857
0.375 0.3125 -0.0336909
0.375 0.28125 -0.0132947
0.375 0.25 0.00763825
0.40625 0.25 -0.0141909
0.40625 0.28125 -0.0358869
0.375 0.28125 -0.0132947
0.40625 0.3125 -0.0568857
0.40625 0.28125 -0.0358869
0.4375 0.28125 -0.056827
0.4375 0.3125 -0.0789883
0.40625 0.3125 -0.0568857
0.40625 0.28125 -0.0358869
0.40625 0.25 -0.0141909
0.4375 0.25 -0.0334707
0.4375 0.28125 -0.056827
0.40625 0.28125 -0.0358869
0.4375 0.375 -0.121049
0.4375 0.34375 -0.100344
0.46875 0.34375 -0.121691
0.46875 0.375 -0.143706
0.4375 0.375 -0.121049
0.4375 0.34375 -0.100344
0.4375 0.3125 -0.0789883
0.46875 0.3125 -0.098792
0.46875 0.34375 -0.121691
0.4375 0.34375 -0.100344
0.46875 0.375 -0.143706
0.46875 0.34375 -0.121691
0.5 0.34375 -0.126592
0.5 0.375 -0.15169
0.46875 0.375 -0.143706
0.46875 0.34375 -0.121691
0.46875 0.3125 -0.098792
0.5 0.3125 -0.101077
0.5 0.34375 -0.126592
0.46875 0.34375 -0.121691
0.4375 0.3125 -0.0789883
0.4375 0.28125 -0.056827
0.46875 0.28125 -0.0743576
0.46875 0.3125 -0.098792
0.4375 0.3125 -0.0789883
0.4375 0.28125 -0.056827
0.4375 0.25 -0.0334707
0.46875 0.25 -0.04826
0.46875 0.28125 -0.0743576
0.4375 0.28125 -0.056827
0.46875 0.3125 -0.098792
0.46875 0.28125 -0.0743576
0.5 0.28125 -0.0747752
0.5 0.3125 -0.101077
0.46875 0.3125 -0.098792
0.46875 0.28125 -0.0743576
0.46875 0.25 -0.04826
0.5 0.25 -0.0476955
0.5 0.28125 -0.0747752
0.46875 0.28125 -0.0743576
0.25 0.25 0.102045
0.25 0.21875 0.122201
0.28125 0.21875 0.098461
0.28125 0.25 0.07811
0.25 0.25 0.102045
0.25 0.21875 0.122201
0.25 0.1875 0.142622
0.28125 0.1875 0.119222
0.28125 0.21875 0.098461
0.25 0.21875 0.122201
0.28125 0.25 0.07811
0.28125 0.21875 0.098461
0.3125 0.21875 0.0750033
0.3125 0.25 0.0543171
0.28125 0.25 0.07811
0.28125 0.21875 0.098461
0.28125 0.1875 0.119222
0.3125 0.1875 0.0963135
0.3125 0.21875 0.0750033
0.28125 0.21875 0.098461
0.25 0.1875 0.142622
0.25 0.125 0.185077
0.3125 0.125 0.141598
0.3125 0.1875 0.0963135
0.25 0.1875 0.142622
0.3125 0.25 0.0543171
0.3125 0.21875 0.0750033
0.34375 0.21875 0.0519861
0.34375 0.25 0.0307648
0.3125 0.25 0.0543171
0.3125 0.21875 0.0750033
0.3125 0.1875 0.0963135
0.34375 0.1875 0.0741304
0.34375 0.21875 0.0519861
0.3125 0.21875 0.0750033
0.34375 0.25 0.0307648
0.34375 0.21875 0.0519861
0.375 0.21875 0.0297353
0.375 0.25 0.00763825
0.34375 0.25 0.0307648
0.34375 0.21875 0.0519861
0.34375 0.1875 0.0741304
0.375 0.1875 0.053186
0.375 0.21875 0.0297353
0.34375 0.21875 0.0519861
0.3125 0.1875 0.0963135
0.3125 0.15625 0.118485
0.34375 0.15625 0.0973926
0.34375 0.1875 0.0741304
0.3125 0.1875 0.0963135
0.3125 0.15625 0.118485
0.3125 0.125 0.141598
0.34375 0.125 0.121808
0.34375 0.15625 0.0973926
0.3125 0.15625 0.118485
0.34375 0.1875 0.0741304
0.34375 0.15625 0.0973926
0.375 0.15625 0.078111
0.375 0.1875 0.053186
0.34375 0.1875 0.0741304
0.34375 0.15625 0.0973926
0.34375 0.125 0.121808
0.375 0.125 0.104189
0.375 0.15625 0.078111
0.34375 0.15625 0.0973926
0.25 0.125 0.185077
0.25 0.0625 0.230471
0.3125 0.0625 0.190869
0.3125 0.125 0.141598
0.25 0.125 0.185077
0.25 0.0625 0.230471
0.25 0 0.280203
0.3125 0 0.244878
0.3125 0.0625 0.190869
0.25 0.0625 0.230471
0.3125 0.125 0.141598
0.3125 0.0625 0.190869
0.375 0.0625 0.159257
0.375 0.125 0.104189
0.3125 0.125 0.141598
0.3125 0.0625 0.190869
0.3125 0 0.244878
0.375 0 0.217556
0.375 0.0625 0.159257
0.3125 0.0625 0.190869
0.375 0.25 0.00763825
0.375 0.21875 0.0297353
0.40625 0.21875 0.00899047
0.40625 0.25 -0.0141909
0.375 0.25 0.00763825
0.375 0.21875 0.0297353
0.375 0.1875 0.053186
0.40625 0.1875 0.0344193
0.40625 0.21875 0.00899047
0.375 0.21875 0.0297353
0.40625 0.25 -0.0141909
0.40625 0.21875 0.00899047
0.4375 0.21875 -0.00866337
0.4375 0.25 -0.0334707
0.40625 0.25 -0.0141909
0.40625 0.21875 0.00899047
0.40625 0.1875 0.0344193
0.4375 0.1875 0.0190393
0.4375 0.21875 -0.00866337
0.40625 0.21875 0.00899047
0.375 0.1875 0.053186
0.375 0.15625 0.078111
0.40625 0.15625 0.0613596
0.40625 0.1875 0.0344193
0.375 0.1875 0.053186
0.375 0.15625 0.078111
0.375 0.125 0.104189
0.40625 0.125 0.0892869
0.40625 0.15625 0.0613596
0.375 0.15625 0.078111
0.40625 0.1875 0.0344193
0.40625 0.15625 0.0613596
0.4375 0.15625 0.0482295
0.4375 0.1875 0.0190393
0.40625 0.1875 0.0344193
0.40625 0.15625 0.0613596
0.40625 0.125 0.0892869
0.4375 0.125 0.0780004
0.4375 0.15625 0.0482295
0.40625 0.15625 0.0613596
0.4375 0.25 -0.0334707
0.4375 0.21875 -0.00866337
0.46875 0.21875 -0.0204672
0.46875 0.25 -0.04826
0.4375 0.25 -0.0334707
0.4375 0.21875 -0.00866337
0.4375 0.1875 0.0190393
0.46875 0.1875 0.00950457
0.46875 0.21875 -0.0204672
0.4375 0.21875 -0.00866337
0.46875 0.25 -0.04826
0.46875 0.21875 -0.0204672
0.5 0.21875 -0.0195683
0.5 0.25 -0.0476955
0.46875 0.25 -0.04826
0.46875 0.21875 -0.0204672
0.46875 0.1875 0.00950457
0.5 0.1875 0.0101895
0.5 0.21875 -0.0195683
0.46875 0.21875 -0.0204672
0.4375 0.1875 0.0190393
0.4375 0.15625 0.0482295
0.46875 0.15625 0.0405565
0.46875 0.1875 0.00950457
0.4375 0.1875 0.0190393
0.4375 0.15625 0.0482295
0.4375 0.125 0.0780004
0.46875 0.125 0.0716547
0.46875 0.15625 0.0405565
0.4375 0.15625 0.0482295
0.46875 0.1875 0.00950457
0.46875 0.15625 0.0405565
0.5 0.15625 0.0410875
0.5 0.1875 0.0101895
0.46875 0.1875 0.00950457
0.46875 0.15625 0.0405565
0.46875 0.125 0.0716547
0.5 0.125 0.0720792
0.5 0.15625 0.0410875
0.46875 0.15625 0.0405565
0.375 0.125 0.104189
0.375 0.09375 0.131382
0.40625 0.09375 0.118
0.40625 0.125 0.0892869
0.375 0.125 0.104189
0.375 0.09375 0.131382
0.375 0.0625 0.159257
0.40625 0.0625 0.147187
0.40625 0.09375 0.118
0.375 0.09375 0.131382
0.40625 0.125 0.0892869
0.40625 0.09375 0.118
0.4375 0.09375 0.108149
0.4375 0.125 0.0780004
0.40625 0.125 0.0892869
0.40625 0.09375 0.118
0.40625 0.0625 0.147187
0.4375 0.0625 0.138512
0.4375 0.09375 0.108149
0.40625 0.09375 0.118
0.375 0.0625 0.159257
0.375 0 0.217556
0.4375 0 0.200062
0.4375 0.0625 0.138512
0.375 0.0625 0.159257
0.4375 0.125 0.0780004
0.4375 0.09375 0.108149
0.46875 0.09375 0.102766
0.46875 0.125 0.0716547
0.4375 0.125 0.0780004
0.4375 0.09375 0.108149
0.4375 0.0625 0.138512
0.46875 0.0625 0.133888
0.46875 0.09375 0.102766
0.4375 0.09375 0.108149
0.46875 0.125 0.0716547
0.46875 0.09375 0.102766
0.5 0.09375 0.103119
0.5 0.125 0.0720792
0.46875 0.125 0.0716547
0.46875 0.09375 0.102766
0.46875 0.0625 0.133888
0.5 0.0625 0.134179
0.5 0.09375 0.103119
0.46875 0.09375 0.102766
0.4375 0.0625 0.138512
0.4375 0 0.200062
0.5 0 0.196519
0.5 0.0625 0.134179
0.4375 0.0625 0.138512
0.5 1 0.196665
0.5 0.9375 0.134321
0.5625 0.9375 0.139197
0.5625 1 0.200599
0.5 1 0.196665
0.5 0.9375 0.134321
0.5 0.90625 0.10327
0.53125 0.90625 0.102666
0.53125 0.9375 0.133799
0.5 0.9375 0.134321
0.5 0.90625 0.10327
0.5 0.875 0.0722568
0.53125 0.875 0.0715402
0.53125 0.90625 0.102666
0.5 0.90625 0.10327
0.53125 0.9375 0.133799
0.53125 0.90625 0.102666
0.5625 0.90625 0.108795
0.5625 0.9375 0.139197
0.53125 0.9375 0.133799
0.53125 0.90625 0.102666
0.53125 0.875 0.0715402
0.5625 0.875 0.0786151
0.5625 0.90625 0.108795
0.53125 0.90625 0.102666
0.5625 1 0.200599
0.5625 0.9375 0.139197
0.625 0.9375 0.161793
0.625 1 0.219408
0.5625 1 0.200599
0.5625 0.9375 0.139197
0.5625 0.90625 0.108795
0.59375 0.90625 0.11946
0.59375 0.9375 0.148715
0.5625 0.9375 0.139197
0.5625 0.90625 0.108795
0.5625 0.875 0.0786151
0.59375 0.875 0.0906425
0.59375 0.90625 0.11946
0.5625 0.90625 0.108795
0.59375 0.9375 0.148715
0.59375 0.90625 0.11946
0.625 0.90625 0.133814
0.625 0.9375 0.161793
0.59375 0.9375 0.148715
0.59375 0.90625 0.11946
0.59375 0.875 0.0906425
0.625 0.875 0.106453
0.625 0.90625 0.133814
0.59375 0.90625 0.11946
0.5 0.875 0.0722568
0.5 0.84375 0.0412964
0.53125 0.84375 0.0404298
0.53125 0.875 0.0715402
0.5 0.875 0.0722568
0.5 0.84375 0.0412964
0.5 0.8125 0.0104163
0.53125 0.8125 0.00934491
0.53125 0.84375 0.0404298
0.5 0.84375 0.0412964
0.53125 0.875 0.0715402
0.53125 0.84375 0.0404298
0.5625 0.84375 0.0487345
0.5625 0.875 0.0786151
0.53125 0.875 0.0715402
0.53125 0.84375 0.0404298
0.53125 0.8125 0.00934491
0.5625 0.8125 0.0192784
0.5625 0.84375 0.0487345
0.53125 0.84375 0.0404298
0.5 0.8125 0.0104163
0.5 0.78125 -0.0196967
0.53125 0.78125 -0.0210678
0.53125 0.8125 0.00934491
0.5 0.8125 0.0104163
0.5 0.78125 -0.0196967
0.5 0.75 -0.0485944
0.53125 0.75 -0.0502475
0.53125 0.78125 -0.0210678
0.5 0.78125 -0.0196967
0.53125 0.8125 0.00934491
0.53125 0.78125 -0.0210678
0.5625 0.78125 -0.00907658
0.5625 0.8125 0.0192784
0.53125 0.8125 0.00934491
0.53125 0.78125 -0.0210678
0.53125 0.75 -0.0502475
0.5625 0.75 -0.0351243
0.5625 0.78125 -0.00907658
0.53125 0.78125 -0.0210678
0.5625 0.875 0.0786151
0.5625 0.84375 0.0487345
0.59375 0.84375 0.0624018
0.59375 0.875 0.0906425
0.5625 0.875 0.0786151
0.5625 0.84375 0.0487345
0.5625 0.8125 0.0192784
0.59375 0.8125 0.0349437
0.59375 0.84375 0.0624018
0.5625 0.84375 0.0487345
0.59375 0.875 0.0906425
0.59375 0.84375 0.0624018
0.625 0.84375 0.0799154
0.625 0.875 0.106453
0.59375 0.875 0.0906425
0.59375 0.84375 0.0624018
0.59375 0.8125 0.0349437
0.625 0.8125 0.0543669
0.625 0.84375 0.0799154
0.59375 0.84375 0.0624018
0.5625 0.8125 0.0192784
0.5625 0.78125 -0.00907658
0.59375 0.78125 0.00855482
0.59375 0.8125 0.0349437
0.5625 0.8125 0.0192784
0.5625 0.78125 -0.00907658
0.5625 0.75 -0.0351243
0.59375 0.75 -0.0151128
0.59375 0.78125 0.00855482
0.5625 0.78125 -0.00907658
0.59375 0.8125 0.0349437
0.59375 0.78125 0.00855482
0.625 0.78125 0.0300343
0.625 0.8125 0.0543669
0.59375 0.8125 0.0349437
0.59375 0.78125 0.00855482
0.59375 0.75 -0.0151128
0.625 0.75 0.00714119
0.625 0.78125 0.0300343
0.59375 0.78125 0.00855482
0.625 1 0.219408
0.625 0.9375 0.161793
0.6875 0.9375 0.195918
0.6875 1 0.248924
0.625 1 0.219408
0.625 0.9375 0.161793
0.625 0.875 0.106453
0.6875 0.875 0.144788
0.6875 0.9375 0.195918
0.625 0.9375 0.161793
0.6875 1 0.248924
0.6875 0.9375 0.195918
0.75 0.9375 0.23624
0.75 1 0.285593
0.6875 1 0.248924
0.6875 0.9375 0.195918
0.6875 0.875 0.144788
0.75 0.875 0.188667
0.75 0.9375 0.23624
0.6875 0.9375 0.195918
0.625 0.875 0.106453
0.625 0.84375 0.0799154
0.65625 0.84375 0.0997284
0.65625 0.875 0.124879
0.625 0.875 0.106453
0.625 0.84375 0.0799154
0.625 0.8125 0.0543669
0.65625 0.8125 0.07561
0.65625 0.84375 0.0997284
0.625 0.84375 0.0799154
0.65625 0.875 0.124879
0.65625 0.84375 0.0997284
0.6875 0.84375 0.120844
0.6875 0.875 0.144788
0.65625 0.875 0.124879
0.65625 0.84375 0.0997284
0.65625 0.8125 0.07561
0.6875 0.8125 0.0977938
0.6875 0.84375 0.120844
0.65625 0.84375 0.0997284
0.625 0.8125 0.0543669
0.625 0.78125 0.0300343
0.65625 0.78125 0.0525936
0.65625 0.8125 0.07561
0.625 0.8125 0.0543669
0.625 0.78125 0.0300343
0.625 0.75 0.00714119
0.65625 0.75 0.0307032
0.65625 0.78125 0.0525936
0.625 0.78125 0.0300343
0.65625 0.8125 0.07561
0.65625 0.78125 0.0525936
0.6875 0.78125 0.0756789
0.6875 0.8125 0.0977938
0.65625 0.8125 0.07561
0.65625 0.78125 0.0525936
0.65625 0.75 0.0307032
0.6875 0.75 0.0544352
0.6875 0.78125 0.0756789
0.65625 0.78125 0.0525936
0.6875 0.875 0.144788
0.6875 0.8125 0.0977938
0.75 0.8125 0.143782
0.75 0.875 0.188667
0.6875 0.875 0.144788
0.6875 0.8125 0.0977938
0.6875 0.78125 0.0756789
0.71875 0.78125 0.0991168
0.71875 0.8125 0.120607
0.6875 0.8125 0.0977938
0.6875 0.78125 0.0756789
0.6875 0.75 0.0544352
0.71875 0.75 0.0783019
0.71875 0.78125 0.0991168
0.6875 0.78125 0.0756789
0.71875 0.8125 0.120607
0.71875 0.78125 0.0991168
0.75 0.78125 0.122766
0.75 0.8125 0.143782
0.71875 0.8125 0.120607
0.71875 0.78125 0.0991168
0.71875 0.75 0.0783019
0.75 0.75 0.102276
0.75 0.78125 0.122766
0.71875 0.78125 0.0991168
0.5 0.75 -0.0485944
0.5 0.71875 -0.0761769
0.53125 0.71875 -0.0774756
0.53125 0.75 -0.0502475
0.5 0.75 -0.0485944
0.5 0.71875 -0.0761769
0.5 0.6875 -0.102445
0.53125 0.6875 -0.102191
0.53125 0.71875 -0.0774756
0.5 0.71875 -0.0761769
0.53125 0.75 -0.0502475
0.53125 0.71875 -0.0774756
0.5625 0.71875 -0.0588639
0.5625 0.75 -0.0351243
0.53125 0.75 -0.0502475
0.53125 0.71875 -0.0774756
0.53125 0.6875 -0.102191
0.5625 0.6875 -0.0808302
0.5625 0.71875 -0.0588639
0.53125 0.71875 -0.0774756
0.5 0.6875 -0.102445
0.5 0.65625 -0.127843
0.53125 0.65625 -0.12463
0.53125 0.6875 -0.102191
0.5 0.6875 -0.102445
0.5 0.65625 -0.127843
0.5 0.625 -0.152631
0.53125 0.625 -0.145512
0.53125 0.65625 -0.12463
0.5 0.65625 -0.127843
0.53125 0.6875 -0.102191
0.53125 0.65625 -0.12463
0.5625 0.65625 -0.101717
0.5625 0.6875 -0.0808302
0.53125 0.6875 -0.102191
0.53125 0.65625 -0.12463
0.53125 0.625 -0.145512
0.5625 0.625 -0.122042
0.5625 0.65625 -0.101717
0.53125 0.65625 -0.12463
0.5625 0.75 -0.0351243
0.5625 0.71875 -0.0588639
0.59375 0.71875 -0.0369423
0.59375 0.75 -0.0151128
0.5625 0.75 -0.0351243
0.5625 0.71875 -0.0588639
0.5625 0.6875 -0.0808302
0.59375 0.6875 -0.0577722
0.59375 0.71875 -0.0369423
0.5625 0.71875 -0.0588639
0.59375 0.75 -0.0151128
0.59375 0.71875 -0.0369423
0.625 0.71875 -0.0138102
0.625 0.75 0.00714119
0.59375 0.75 -0.0151128
0.59375 0.71875 -0.0369423
0.59375 0.6875 -0.0577722
0.625 0.6875 -0.0341026
0.625 0.71875 -0.0138102
0.59375 0.71875 -0.0369423
0.5625 0.6875 -0.0808302
0.5625 0.65625 -0.101717
0.59375 0.65625 -0.0780723
0.59375 0.6875 -0.0577722
0.5625 0.6875 -0.0808302
0.5625 0.65625 -0.101717
0.5625 0.625 -0.122042
0.59375 0.625 -0.0981164
0.59375 0.65625 -0.0780723
0.5625 0.65625 -0.101717
0.59375 0.6875 -0.0577722
0.59375 0.65625 -0.0780723
0.625 0.65625 -0.0541366
0.625 0.6875 -0.0341026
0.59375 0.6875 -0.0577722
0.59375 0.65625 -0.0780723
0.59375 0.625 -0.0981164
0.625 0.625 -0.0740502
0.625 0.65625 -0.0541366
0.59375 0.65625 -0.0780723
0.5 0.625 -0.152631
0.5 0.5625 -0.201585
0.5625 0.5625 -0.162022
0.5625 0.625 -0.122042
0.5 0.625 -0.152631
0.5 0.5625 -0.201585
0.5 0.5 -0.241365
0.5625 0.5 -0.197418
0.5625 0.5625 -0.162022
0.5 0.5625 -0.201585
0.5625 0.625 -0.122042
0.5625 0.59375 -0.1421
0.59375 0.59375 -0.118035
0.59375 0.625 -0.0981164
0.5625 0.625 -0.122042
0.5625 0.59375 -0.1421
0.5625 0.5625 -0.162022
0.59375 0.5625 -0.137853
0.59375 0.59375 -0.118035
0.5625 0.59375 -0.1421
0.59375 0.625 -0.0981164
0.59375 0.59375 -0.118035
0.625 0.59375 -0.0938834
0.625 0.625 -0.0740502
0.59375 0.625 -0.0981164
0.59375 0.59375 -0.118035
0.59375 0.5625 -0.137853
0.625 0.5625 -0.113615
0.625 0.59375 -0.0938834
0.59375 0.59375 -0.118035
0.5625 0.5625 -0.162022
0.5625 0.5 -0.197418
0.625 0.5 -0.152328
0.625 0.5625 -0.113615
0.5625 0.5625 -0.162022
0.625 0.75 0.00714119
0.625 0.71875 -0.0138102
0.65625 0.71875 0.00990823
0.65625 0.75 0.0307032
0.625 0.75 0.00714119
0.625 0.71875 -0.0138102
0.625 0.6875 -0.0341026
0.65625 0.6875 -0.0101554
0.65625 0.71875 0.00990823
0.625 0.71875 -0.0138102
0.65625 0.75 0.0307032
0.65625 0.71875 0.00990823
0.6875 0.71875 0.0339492
0.6875 0.75 0.0544352
0.65625 0.75 0.0307032
0.65625 0.71875 0.00990823
0.65625 0.6875 -0.0101554
0.6875 0.6875 0.0139362
0.6875 0.71875 0.0339492
0.65625 0.71875 0.00990823
0.625 0.6875 -0.0341026
0.625 0.65625 -0.0541366
0.65625 0.65625 -0.0300668
0.65625 0.6875 -0.0101554
0.625 0.6875 -0.0341026
0.625 0.65625 -0.0541366
0.625 0.625 -0.0740502
0.65625 0.625 -0.0499087
0.65625 0.65625 -0.0300668
0.625 0.65625 -0.0541366
0.65625 0.6875 -0.0101554
0.65625 0.65625 -0.0300668
0.6875 0.65625 -0.00592502
0.6875 0.6875 0.0139362
0.65625 0.6875 -0.0101554
0.65625 0.65625 -0.0300668
0.65625 0.625 -0.0499087
0.6875 0.625 -0.0257176
0.6875 0.65625 -0.00592502
0.65625 0.65625 -0.0300668
0.6875 0.75 0.0544352
0.6875 0.71875 0.0339492
0.71875 0.71875 0.0580354
0.71875 0.75 0.0783019
0.6875 0.75 0.0544352
0.6875 0.71875 0.0339492
0.6875 0.6875 0.0139362
0.71875 0.6875 0.0380908
0.71875 0.71875 0.0580354
0.6875 0.71875 0.0339492
0.71875 0.75 0.0783019
0.71875 0.71875 0.0580354
0.75 0.71875 0.0821802
0.75 0.75 0.102276
0.71875 0.75 0.0783019
0.71875 0.71875 0.0580354
0.71875 0.6875 0.0380908
0.75 0.6875 0.0623211
0.75 0.71875 0.0821802
0.71875 0.71875 0.0580354
0.6875 0.6875 0.0139362
0.6875 0.65625 -0.00592502
0.71875 0.65625 0.0182724
0.71875 0.6875 0.0380908
0.6875 0.6875 0.0139362
0.6875 0.65625 -0.00592502
0.6875 0.625 -0.0257176
0.71875 0.625 -0.00148669
0.71875 0.65625 0.0182724
0.6875 0.65625 -0.00592502
0.71875 0.6875 0.0380908
0.71875 0.65625 0.0182724
0.75 0.65625 0.0425775
0.75 0.6875 0.0623211
0.71875 0.6875 0.0380908
0.71875 0.65625 0.0182724
0.71875 0.625 -0.00148669
0.75 0.625 0.0229461
0.75 0.65625 0.0425775
0.71875 0.65625 0.0182724
0.625 0.625 -0.0740502
0.625 0.59375 -0.0938834
0.65625 0.59375 -0.069673
0.65625 0.625 -0.0499087
0.625 0.625 -0.0740502
0.625 0.59375 -0.0938834
0.625 0.5625 -0.113615
0.65625 0.5625 -0.0893035
0.65625 0.59375 -0.069673
0.625 0.59375 -0.0938834
0.65625 0.625 -0.0499087
0.65625 0.59375 -0.069673
0.6875 0.59375 -0.0454078
0.6875 0.625 -0.0257176
0.65625 0.625 -0.0499087
0.65625 0.59375 -0.069673
0.65625 0.5625 -0.0893035
0.6875 0.5625 -0.0648762
0.6875 0.59375 -0.0454078
0.65625 0.59375 -0.069673
0.625 0.5625 -0.113615
0.625 0.53125 -0.133187
0.65625 0.53125 -0.108632
0.65625 0.5625 -0.0893035
0.625 0.5625 -0.113615
0.625 0.53125 -0.133187
0.625 0.5 -0.152328
0.65625 0.5 -0.127168
0.65625 0.53125 -0.108632
0.625 0.53125 -0.133187
0.65625 0.5625 -0.0893035
0.65625 0.53125 -0.108632
0.6875 0.53125 -0.0838281
0.6875 0.5625 -0.0648762
0.65625 0.5625 -0.0893035
0.65625 0.53125 -0.108632
0.65625 0.5 -0.127168
0.6875 0.5 -0.101423
0.6875 0.53125 -0.0838281
0.65625 0.53125 -0.108632
0.6875 0.625 -0.0257176
0.6875 0.59375 -0.0454078
0.71875 0.59375 -0.021057
0.71875 0.625 -0.00148669
0.6875 0.625 -0.0257176
0.6875 0.59375 -0.0454078
0.6875 0.5625 -0.0648762
0.71875 0.5625 -0.0402368
0.71875 0.59375 -0.021057
0.6875 0.59375 -0.0454078
0.71875 0.625 -0.00148669
0.71875 0.59375 -0.021057
0.75 0.59375 0.00350161
0.75 0.625 0.0229461
0.71875 0.625 -0.00148669
0.71875 0.59375 -0.021057
0.71875 0.5625 -0.0402368
0.75 0.5625 -0.0152314
0.75 0.59375 0.00350161
0.71875 0.59375 -0.021057
0.6875 0.5625 -0.0648762
0.6875 0.53125 -0.0838281
0.71875 0.53125 -0.0585352
0.71875 0.5625 -0.0402368
0.6875 0.5625 -0.0648762
0.6875 0.53125 -0.0838281
0.6875 0.5 -0.101423
0.71875 0.5 -0.0745956
0.71875 0.53125 -0.0585352
0.6875 0.53125 -0.0838281
0.71875 0.5625 -0.0402368
0.71875 0.53125 -0.0585352
0.75 0.53125 -0.0325296
0.75 0.5625 -0.0152314
0.71875 0.5625 -0.0402368
0.71875 0.53125 -0.0585352
0.71875 0.5 -0.0745956
0.75 0.5 -0.0465278
0.75 0.53125 -0.0325296
0.71875 0.53125 -0.0585352
0.75 1 0.285593
0.75 0.875 0.188667
0.875 0.875 0.281344
0.875 1 0.369162
0.75 1 0.285593
0.75 0.875 0.188667
0.75 0.8125 0.143782
0.8125 0.8125 0.191455
0.8125 0.875 0.234456
0.75 0.875 0.188667
0.75 0.8125 0.143782
0.75 0.75 0.102276
0.8125 0.75 0.150585
0.8125 0.8125 0.191455
0.75 0.8125 0.143782
0.8125 0.875 0.234456
0.8125 0.8125 0.191455
0.875 0.8125 0.23985
0.875 0.875 0.281344
0.8125 0.875 0.234456
0.8125 0.8125 0.191455
0.8125 0.75 0.150585
0.875 0.75 0.199962
0.875 0.8125 0.23985
0.8125 0.8125 0.191455
0.875 1 0.369162
0.875 0.875 0.281344
1 0.875 0.381619
1 1 0.463577
0.875 1 0.369162
0.875 0.875 0.281344
0.875 0.75 0.199962
1 0.75 0.30455
1 0.875 0.381619
0.875 0.875 0.281344
0.75 0.75 0.102276
0.75 0.71875 0.0821802
0.78125 0.71875 0.106422
0.78125 0.75 0.12636
0.75 0.75 0.102276
0.75 0.71875 0.0821802
0.75 0.6875 0.0623211
0.78125 0.6875 0.0866811
0.78125 0.71875 0.106422
0.75 0.71875 0.0821802
0.78125 0.75 0.12636
0.78125 0.71875 0.106422
0.8125 0.71875 0.13082
0.8125 0.75 0.150585
0.78125 0.75 0.12636
0.78125 0.71875 0.106422
0.78125 0.6875 0.0866811
0.8125 0.6875 0.11128
0.8125 0.71875 0.13082
0.78125 0.71875 0.106422
0.75 0.6875 0.0623211
0.75 0.65625 0.0425775
0.78125 0.65625 0.0671056
0.78125 0.6875 0.0866811
0.75 0.6875 0.0623211
0.75 0.65625 0.0425775
0.75 0.625 0.0229461
0.78125 0.625 0.0477677
0.78125 0.65625 0.0671056
0.75 0.65625 0.0425775
0.78125 0.6875 0.0866811
0.78125 0.65625 0.0671056
0.8125 0.65625 0.092026
0.8125 0.6875 0.11128
0.78125 0.6875 0.0866811
0.78125 0.65625 0.0671056
0.78125 0.625 0.0477677
0.8125 0.625 0.0732107
0.8125 0.65625 0.092026
0.78125 0.65625 0.0671056
0.8125 0.75 0.150585
0.8125 0.6875 0.11128
0.875 0.6875 0.161667
0.875 0.75 0.199962
0.8125 0.75 0.150585
0.8125 0.6875 0.11128
0.8125 0.65625 0.092026
0.84375 0.65625 0.117487
0.84375 0.6875 0.136245
0.8125 0.6875 0.11128
0.8125 0.65625 0.092026
0.8125 0.625 0.0732107
0.84375 0.625 0.0994302
0.84375 0.65625 0.117487
0.8125 0.65625 0.092026
0.84375 0.6875 0.136245
0.84375 0.65625 0.117487
0.875 0.65625 0.143538
0.875 0.6875 0.161667
0.84375 0.6875 0.136245
0.84375 0.65625 0.117487
0.84375 0.625 0.0994302
0.875 0.625 0.126307
0.875 0.65625 0.143538
0.84375 0.65625 0.117487
0.75 0.625 0.0229461
0.75 0.59375 0.00350161
0.78125 0.59375 0.0288366
0.78125 0.625 0.0477677
0.75 0.625 0.0229461
0.75 0.59375 0.00350161
0.75 0.5625 -0.0152314
0.78125 0.5625 0.0106971
0.78125 0.59375 0.0288366
0.75 0.59375 0.00350161
0.78125 0.625 0.0477677
0.78125 0.59375 0.0288366
0.8125 0.59375 0.0551411
0.8125 0.625 0.0732107
0.78125 0.625 0.0477677
0.78125 0.59375 0.0288366
0.78125 0.5625 0.0106971
0.8125 0.5625 0.038384
0.8125 0.59375 0.0551411
0.78125 0.59375 0.0288366
0.75 0.5625 -0.0152314
0.75 0.53125 -0.0325296
0.78125 0.53125 -0.00555331
0.78125 0.5625 0.0106971
0.75 0.5625 -0.0152314
0.75 0.53125 -0.0325296
0.75 0.5 -0.0465278
0.78125 0.5 -0.0172296
0.78125 0.53125 -0.00555331
0.75 0.53125 -0.0325296
0.78125 0.5625 0.0106971
0.78125 0.53125 -0.00555331
0.8125 0.53125 0.0237593
0.8125 0.5625 0.038384
0.78125 0.5625 0.0106971
0.78125 0.53125 -0.00555331
0.78125 0.5 -0.0172296
0.8125 0.5 0.0132474
0.8125 0.53125 0.0237593
0.78125 0.53125 -0.00555331
0.8125 0.625 0.0732107
0.8125 0.59375 0.0551411
0.84375 0.59375 0.0824352
0.84375 0.625 0.0994302
0.8125 0.625 0.0732107
0.8125 0.59375 0.0551411
0.8125 0.5625 0.038384
0.84375 0.5625 0.0670244
0.84375 0.59375 0.0824352
0.8125 0.59375 0.0551411
0.84375 0.625 0.0994302
0.84375 0.59375 0.0824352
0.875 0.59375 0.110364
0.875 0.625 0.126307
0.84375 0.625 0.0994302
0.84375 0.59375 0.0824352
0.84375 0.5625 0.0670244
0.875 0.5625 0.0961837
0.875 0.59375 0.110364
0.84375 0.59375 0.0824352
0.8125 0.5625 0.038384
0.8125 0.53125 0.0237593
0.84375 0.53125 0.0539649
0.84375 0.5625 0.0670244
0.8125 0.5625 0.038384
0.8125 0.53125 0.0237593
0.8125 0.5 0.0132474
0.84375 0.5 0.0444898
0.84375 0.53125 0.0539649
0.8125 0.53125 0.0237593
0.84375 0.5625 0.0670244
0.84375 0.53125 0.0539649
0.875 0.53125 0.0843382
0.875 0.5625 0.0961837
0.84375 0.5625 0.0670244
0.84375 0.53125 0.0539649
0.84375 0.5 0.0444898
0.875 0.5 0.0757244
0.875 0.53125 0.0843382
0.84375 0.53125 0.0539649
0.875 0.75 0.199962
0.875 0.6875 0.161667
0.9375 0.6875 0.214867
0.9375 0.75 0.250957
0.875 0.75 0.199962
0.875 0.6875 0.161667
0.875 0.625 0.126307
0.9375 0.625 0.18259
0.9375 0.6875 0.214867
0.875 0.6875 0.161667
0.9375 0.75 0.250957
0.9375 0.6875 0.214867
1 0.6875 0.270833
1 0.75 0.30455
0.9375 0.75 0.250957
0.9375 0.6875 0.214867
0.9375 0.625 0.18259
1 0.625 0.241116
1 0.6875 0.270833
0.9375 0.6875 0.214867
0.875 0.625 0.126307
0.875 0.5625 0.0961837
0.9375 0.5625 0.155457
0.9375 0.625 0.18259
0.875 0.625 0.126307
0.875 0.5625 0.0961837
0.875 0.53125 0.0843382
0.90625 0.53125 0.114831
0.90625 0.5625 0.125699
0.875 0.5625 0.0961837
0.875 0.53125 0.0843382
0.875 0.5 0.0757244
0.90625 0.5 0.106943
0.90625 0.53125 0.114831
0.875 0.53125 0.0843382
0.90625 0.5625 0.125699
0.90625 0.53125 0.114831
0.9375 0.53125 0.145408
0.9375 0.5625 0.155457
0.90625 0.5625 0.125699
0.90625 0.53125 0.114831
0.90625 0.5 0.106943
0.9375 0.5 0.138143
0.9375 0.53125 0.145408
0.90625 0.53125 0.114831
0.9375 0.625 0.18259
0.9375 0.5625 0.155457
1 0.5625 0.216715
1 0.625 0.241116
0.9375 0.625 0.18259
0.9375 0.5625 0.155457
0.9375 0.5 0.138143
1 0.5 0.20059
1 0.5625 0.216715
0.9375 0.5625 0.155457
0.5 0.5 -0.241365
0.5 0.4375 -0.200397
0.5625 0.4375 -0.161469
0.5625 0.5 -0.197418
0.5 0.5 -0.241365
0.5 0.4375 -0.200397
0.5 0.375 -0.15169
0.5625 0.375 -0.113498
0.5625 0.4375 -0.161469
0.5 0.4375 -0.200397
0.5625 0.5 -0.197418
0.5625 0.4375 -0.161469
0.625 0.4375 -0.120863
0.625 0.5 -0.152328
0.5625 0.5 -0.197418
0.5625 0.4375 -0.161469
0.5625 0.40625 -0.137617
0.59375 0.40625 -0.117744
0.59375 0.4375 -0.1413
0.5625 0.4375 -0.161469
0.5625 0.40625 -0.137617
0.5625 0.375 -0.113498
0.59375 0.375 -0.0937792
0.59375 0.40625 -0.117744
0.5625 0.40625 -0.137617
0.59375 0.4375 -0.1413
0.59375 0.40625 -0.117744
0.625 0.40625 -0.0977098
0.625 0.4375 -0.120863
0.59375 0.4375 -0.1413
0.59375 0.40625 -0.117744
0.59375 0.375 -0.0937792
0.625 0.375 -0.0739253
0.625 0.40625 -0.0977098
0.59375 0.40625 -0.117744
0.5 0.375 -0.15169
0.5 0.34375 -0.126592
0.53125 0.34375 -0.108484
0.53125 0.375 -0.132948
0.5 0.375 -0.15169
0.5 0.34375 -0.126592
0.5 0.3125 -0.101077
0.53125 0.3125 -0.0837776
0.53125 0.34375 -0.108484
0.5 0.34375 -0.126592
0.53125 0.375 -0.132948
0.53125 0.34375 -0.108484
0.5625 0.34375 -0.0892472
0.5625 0.375 -0.113498
0.53125 0.375 -0.132948
0.53125 0.34375 -0.108484
0.53125 0.3125 -0.0837776
0.5625 0.3125 -0.0649027
0.5625 0.34375 -0.0892472
0.53125 0.34375 -0.108484
0.5 0.3125 -0.101077
0.5 0.28125 -0.0747752
0.53125 0.28125 -0.0588204
0.53125 0.3125 -0.0837776
0.5 0.3125 -0.101077
0.5 0.28125 -0.0747752
0.5 0.25 -0.0476955
0.53125 0.25 -0.0334326
0.53125 0.28125 -0.0588204
0.5 0.28125 -0.0747752
0.53125 0.3125 -0.0837776
0.53125 0.28125 -0.0588204
0.5625 0.28125 -0.0404262
0.5625 0.3125 -0.0649027
0.53125 0.3125 -0.0837776
0.53125 0.28125 -0.0588204
0.53125 0.25 -0.0334326
0.5625 0.25 -0.0157676
0.5625 0.28125 -0.0404262
0.53125 0.28125 -0.0588204
0.5625 0.375 -0.113498
0.5625 0.34375 -0.0892472
0.59375 0.34375 -0.0696384
0.59375 0.375 -0.0937792
0.5625 0.375 -0.113498
0.5625 0.34375 -0.0892472
0.5625 0.3125 -0.0649027
0.59375 0.3125 -0.0454343
0.59375 0.34375 -0.0696384
0.5625 0.34375 -0.0892472
0.59375 0.375 -0.0937792
0.59375 0.34375 -0.0696384
0.625 0.34375 -0.0498718
0.625 0.375 -0.0739253
0.59375 0.375 -0.0937792
0.59375 0.34375 -0.0696384
0.59375 0.3125 -0.0454343
0.625 0.3125 -0.0257345
0.625 0.34375 -0.0498718
0.59375 0.34375 -0.0696384
0.5625 0.3125 -0.0649027
0.5625 0.28125 -0.0404262
0.59375 0.28125 -0.0211685
0.59375 0.3125 -0.0454343
0.5625 0.3125 -0.0649027
0.5625 0.28125 -0.0404262
0.5625 0.25 -0.0157676
0.59375 0.25 0.00319469
0.59375 0.28125 -0.0211685
0.5625 0.28125 -0.0404262
0.59375 0.3125 -0.0454343
0.59375 0.28125 -0.0211685
0.625 0.28125 -0.00154849
0.625 0.3125 -0.0257345
0.59375 0.3125 -0.0454343
0.59375 0.28125 -0.0211685
0.59375 0.25 0.00319469
0.625 0.25 0.0227308
0.625 0.28125 -0.00154849
0.59375 0.28125 -0.0211685
0.625 0.5 -0.152328
0.625 0.46875 -0.142298
0.65625 0.46875 -0.120285
0.65625 0.5 -0.127168
0.625 0.5 -0.152328
0.625 0.46875 -0.142298
0.625 0.4375 -0.120863
0.65625 0.4375 -0.100013
0.65625 0.46875 -0.120285
0.625 0.46875 -0.142298
0.65625 0.5 -0.127168
0.65625 0.46875 -0.120285
0.6875 0.46875 -0.0968228
0.6875 0.5 -0.101423
0.65625 0.5 -0.127168
0.65625 0.46875 -0.120285
0.65625 0.4375 -0.100013
0.6875 0.4375 -0.0785578
0.6875 0.46875 -0.0968228
0.65625 0.46875 -0.120285
0.625 0.4375 -0.120863
0.625 0.40625 -0.0977098
0.65625 0.40625 -0.077514
0.65625 0.4375 -0.100013
0.625 0.4375 -0.120863
0.625 0.40625 -0.0977098
0.625 0.375 -0.0739253
0.65625 0.375 -0.0539776
0.65625 0.40625 -0.077514
0.625 0.40625 -0.0977098
0.65625 0.4375 -0.100013
0.65625 0.40625 -0.077514
0.6875 0.40625 -0.0570593
0.6875 0.4375 -0.0785578
0.65625 0.4375 -0.100013
0.65625 0.40625 -0.077514
0.65625 0.375 -0.0539776
0.6875 0.375 -0.0339369
0.6875 0.40625 -0.0570593
0.65625 0.40625 -0.077514
0.6875 0.5 -0.101423
0.6875 0.46875 -0.0968228
0.71875 0.46875 -0.0720383
0.71875 0.5 -0.0745956
0.6875 0.5 -0.101423
0.6875 0.46875 -0.0968228
0.6875 0.4375 -0.0785578
0.71875 0.4375 -0.0562073
0.71875 0.46875 -0.0720383
0.6875 0.46875 -0.0968228
0.71875 0.5 -0.0745956
0.71875 0.46875 -0.0720383
0.75 0.46875 -0.0456299
0.75 0.5 -0.0465278
0.71875 0.5 -0.0745956
0.71875 0.46875 -0.0720383
0.71875 0.4375 -0.0562073
0.75 0.4375 -0.0326502
0.75 0.46875 -0.0456299
0.71875 0.46875 -0.0720383
0.6875 0.4375 -0.0785578
0.6875 0.40625 -0.0570593
0.71875 0.40625 -0.0362099
0.71875 0.4375 -0.0562073
0.6875 0.4375 -0.0785578
0.6875 0.40625 -0.0570593
0.6875 0.375 -0.0339369
0.71875 0.375 -0.0137784
0.71875 0.40625 -0.0362099
0.6875 0.40625 -0.0570593
0.71875 0.4375 -0.0562073
0.71875 0.40625 -0.0362099
0.75 0.40625 -0.0148781
0.75 0.4375 -0.0326502
0.71875 0.4375 -0.0562073
0.71875 0.40625 -0.0362099
0.71875 0.375 -0.0137784
0.75 0.375 0.0070242
0.75 0.40625 -0.0148781
0.71875 0.40625 -0.0362099
0.625 0.375 -0.0739253
0.625 0.34375 -0.0498718
0.65625 0.34375 -0.0300303
0.65625 0.375 -0.0539776
0.625 0.375 -0.0739253
0.625 0.34375 -0.0498718
0.625 0.3125 -0.0257345
0.65625 0.3125 -0.00594099
0.65625 0.34375 -0.0300303
0.625 0.34375 -0.0498718
0.65625 0.375 -0.0539776
0.65625 0.34375 -0.0300303
0.6875 0.34375 -0.0101435
0.6875 0.375 -0.0339369
0.65625 0.375 -0.0539776
0.65625 0.34375 -0.0300303
0.65625 0.3125 -0.00594099
0.6875 0.3125 0.0139213
0.6875 0.34375 -0.0101435
0.65625 0.34375 -0.0300303
0.625 0.3125 -0.0257345
0.625 0.28125 -0.00154849
0.65625 0.28125 0.0182182
0.65625 0.3125 -0.00594099
0.625 0.3125 -0.0257345
0.625 0.28125 -0.00154849
0.625 0.25 0.0227308
0.65625 0.25 0.042426
0.65625 0.28125 0.0182182
0.625 0.28125 -0.00154849
0.65625 0.3125 -0.00594099
0.65625 0.28125 0.0182182
0.6875 0.28125 0.0380394
0.6875 0.3125 0.0139213
0.65625 0.3125 -0.00594099
0.65625 0.28125 0.0182182
0.65625 0.25 0.042426
0.6875 0.25 0.0621959
0.6875 0.28125 0.0380394
0.65625 0.28125 0.0182182
0.6875 0.375 -0.0339369
0.6875 0.34375 -0.0101435
0.71875 0.34375 0.00991189
0.71875 0.375 -0.0137784
0.6875 0.375 -0.0339369
0.6875 0.34375 -0.0101435
0.6875 0.3125 0.0139213
0.71875 0.3125 0.033878
0.71875 0.34375 0.00991189
0.6875 0.34375 -0.0101435
0.71875 0.375 -0.0137784
0.71875 0.34375 0.00991189
0.75 0.34375 0.0303276
0.75 0.375 0.0070242
0.71875 0.375 -0.0137784
0.71875 0.34375 0.00991189
0.71875 0.3125 0.033878
0.75 0.3125 0.0540285
0.75 0.34375 0.0303276
0.71875 0.34375 0.00991189
0.6875 0.3125 0.0139213
0.6875 0.28125 0.0380394
0.71875 0.28125 0.0579283
0.71875 0.3125 0.033878
0.6875 0.3125 0.0139213
0.6875 0.28125 0.0380394
0.6875 0.25 0.0621959
0.71875 0.25 0.0820294
0.71875 0.28125 0.0579283
0.6875 0.28125 0.0380394
0.71875 0.3125 0.033878
0.71875 0.28125 0.0579283
0.75 0.28125 0.0779326
0.75 0.3125 0.0540285
0.71875 0.3125 0.033878
0.71875 0.28125 0.0579283
0.71875 0.25 0.0820294
0.75 0.25 0.101946
0.75 0.28125 0.0779326
0.71875 0.28125 0.0579283
0.5 0.25 -0.0476955
0.5 0.21875 -0.0195683
0.53125 0.21875 -0.0075014
0.53125 0.25 -0.0334326
0.5 0.25 -0.0476955
0.5 0.21875 -0.0195683
0.5 0.1875 0.0101895
0.53125 0.1875 0.0202601
0.53125 0.21875 -0.0075014
0.5 0.21875 -0.0195683
0.53125 0.25 -0.0334326
0.53125 0.21875 -0.0075014
0.5625 0.21875 0.00937061
0.5625 0.25 -0.0157676
0.53125 0.25 -0.0334326
0.53125 0.21875 -0.0075014
0.53125 0.1875 0.0202601
0.5625 0.1875 0.0354763
0.5625 0.21875 0.00937061
0.53125 0.21875 -0.0075014
0.5 0.1875 0.0101895
0.5 0.15625 0.0410875
0.53125 0.15625 0.0492622
0.53125 0.1875 0.0202601
0.5 0.1875 0.0101895
0.5 0.15625 0.0410875
0.5 0.125 0.0720792
0.53125 0.125 0.0789444
0.53125 0.15625 0.0492622
0.5 0.15625 0.0410875
0.53125 0.1875 0.0202601
0.53125 0.15625 0.0492622
0.5625 0.15625 0.0625921
0.5625 0.1875 0.0354763
0.53125 0.1875 0.0202601
0.53125 0.15625 0.0492622
0.53125 0.125 0.0789444
0.5625 0.125 0.0904906
0.5625 0.15625 0.0625921
0.53125 0.15625 0.0492622
0.5625 0.25 -0.0157676
0.5625 0.21875 0.00937061
0.59375 0.21875 0.0279101
0.59375 0.25 0.00319469
0.5625 0.25 -0.0157676
0.5625 0.21875 0.00937061
0.5625 0.1875 0.0354763
0.59375 0.1875 0.0530935
0.59375 0.21875 0.0279101
0.5625 0.21875 0.00937061
0.59375 0.25 0.00319469
0.59375 0.21875 0.0279101
0.625 0.21875 0.0471564
0.625 0.25 0.0227308
0.59375 0.25 0.00319469
0.59375 0.21875 0.0279101
0.59375 0.1875 0.0530935
0.625 0.1875 0.0718297
0.625 0.21875 0.0471564
0.59375 0.21875 0.0279101
0.5625 0.1875 0.0354763
0.5625 0.15625 0.0625921
0.59375 0.15625 0.0789008
0.59375 0.1875 0.0530935
0.5625 0.1875 0.0354763
0.5625 0.15625 0.0625921
0.5625 0.125 0.0904906
0.59375 0.125 0.1054
0.59375 0.15625 0.0789008
0.5625 0.15625 0.0625921
0.59375 0.1875 0.0530935
0.59375 0.15625 0.0789008
0.625 0.15625 0.0968775
0.625 0.1875 0.0718297
0.59375 0.1875 0.0530935
0.59375 0.15625 0.0789008
0.59375 0.125 0.1054
0.625 0.125 0.122414
0.625 0.15625 0.0968775
0.59375 0.15625 0.0789008
0.5 0.125 0.0720792
0.5 0.09375 0.103119
0.53125 0.09375 0.108945
0.53125 0.125 0.0789444
0.5 0.125 0.0720792
0.5 0.09375 0.103119
0.5 0.0625 0.134179
0.53125 0.0625 0.139259
0.53125 0.09375 0.108945
0.5 0.09375 0.103119
0.53125 0.125 0.0789444
0.53125 0.09375 0.108945
0.5625 0.09375 0.119178
0.5625 0.125 0.0904906
0.53125 0.125 0.0789444
0.53125 0.09375 0.108945
0.53125 0.0625 0.139259
0.5625 0.0625 0.148304
0.5625 0.09375 0.119178
0.53125 0.09375 0.108945
0.5 0.0625 0.134179
0.5 0 0.196519
0.5625 0 0.208217
0.5625 0.0625 0.148304
0.5 0.0625 0.134179
0.5625 0.125 0.0904906
0.5625 0.0625 0.148304
0.625 0.0625 0.175448
0.625 0.125 0.122414
0.5625 0.125 0.0904906
0.5625 0.0625 0.148304
0.5625 0 0.208217
0.625 0 0.231651
0.625 0.0625 0.175448
0.5625 0.0625 0.148304
0.625 0.25 0.0227308
0.625 0.21875 0.0471564
0.65625 0.21875 0.0667087
0.65625 0.25 0.042426
0.625 0.25 0.0227308
0.625 0.21875 0.0471564
0.625 0.1875 0.0718297
0.65625 0.1875 0.0911201
0.65625 0.21875 0.0667087
0.625 0.21875 0.0471564
0.65625 0.25 0.042426
0.65625 0.21875 0.0667087
0.6875 0.21875 0.0864022
0.6875 0.25 0.0621959
0.65625 0.25 0.042426
0.65625 0.21875 0.0667087
0.65625 0.1875 0.0911201
0.6875 0.1875 0.110681
0.6875 0.21875 0.0864022
0.65625 0.21875 0.0667087
0.625 0.1875 0.0718297
0.625 0.15625 0.0968775
0.65625 0.15625 0.115739
0.65625 0.1875 0.0911201
0.625 0.1875 0.0718297
0.625 0.15625 0.0968775
0.625 0.125 0.122414
0.65625 0.125 0.140663
0.65625 0.15625 0.115739
0.625 0.15625 0.0968775
0.65625 0.1875 0.0911201
0.65625 0.15625 0.115739
0.6875 0.15625 0.135085
0.6875 0.1875 0.110681
0.65625 0.1875 0.0911201
0.65625 0.15625 0.115739
0.65625 0.125 0.140663
0.6875 0.125 0.159668
0.6875 0.15625 0.135085
0.65625 0.15625 0.115739
0.6875 0.25 0.0621959
0.6875 0.21875 0.0864022
0.71875 0.21875 0.106175
0.71875 0.25 0.0820294
0.6875 0.25 0.0621959
0.6875 0.21875 0.0864022
0.6875 0.1875 0.110681
0.71875 0.1875 0.130376
0.71875 0.21875 0.106175
0.6875 0.21875 0.0864022
0.71875 0.25 0.0820294
0.71875 0.21875 0.106175
0.75 0.21875 0.126024
0.75 0.25 0.101946
0.71875 0.25 0.0820294
0.71875 0.21875 0.106175
0.71875 0.1875 0.130376
0.75 0.1875 0.150156
0.75 0.21875 0.126024
0.71875 0.21875 0.106175
0.6875 0.1875 0.110681
0.6875 0.125 0.159668
0.75 0.125 0.198651
0.75 0.1875 0.150156
0.6875 0.1875 0.110681
0.625 0.125 0.122414
0.625 0.0625 0.175448
0.6875 0.0625 0.209911
0.6875 0.125 0.159668
0.625 0.125 0.122414
0.625 0.0625 0.175448
0.625 0 0.231651
0.6875 0 0.262719
0.6875 0.0625 0.209911
0.625 0.0625 0.175448
0.6875 0.125 0.159668
0.6875 0.0625 0.209911
0.75 0.0625 0.247774
0.75 0.125 0.198651
0.6875 0.125 0.159668
0.6875 0.0625 0.209911
0.6875 0 0.262719
0.75 0 0.298471
0.75 0.0625 0.247774
0.6875 0.0625 0.209911
0.75 0.5 -0.0465278
0.75 0.46875 -0.0456299
0.78125 0.46875 -0.0176268
0.78125 0.5 -0.0172296
0.75 0.5 -0.0465278
0.75 0.46875 -0.0456299
0.75 0.4375 -0.0326502
0.78125 0.4375 -0.00790128
0.78125 0.46875 -0.0176268
0.75 0.46875 -0.0456299
0.78125 0.5 -0.0172296
0.78125 0.46875 -0.0176268
0.8125 0.46875 0.0119696
0.8125 0.5 0.0132474
0.78125 0.5 -0.0172296
0.78125 0.46875 -0.0176268
0.78125 0.4375 -0.00790128
0.8125 0.4375 0.0202551
0.8125 0.46875 0.0119696
0.78125 0.46875 -0.0176268
0.75 0.4375 -0.0326502
0.75 0.40625 -0.0148781
0.78125 0.40625 0.00852089
0.78125 0.4375 -0.00790128
0.75 0.4375 -0.0326502
0.75 0.40625 -0.0148781
0.75 0.375 0.0070242
0.78125 0.375 0.0291065
0.78125 0.40625 0.00852089
0.75 0.40625 -0.0148781
0.78125 0.4375 -0.00790128
0.78125 0.40625 0.00852089
0.8125 0.40625 0.0345209
0.8125 0.4375 0.0202551
0.78125 0.4375 -0.00790128
0.78125 0.40625 0.00852089
0.78125 0.375 0.0291065
0.8125 0.375 0.0527356
0.8125 0.40625 0.0345209
0.78125 0.40625 0.00852089
0.8125 0.5 0.0132474
0.8125 0.46875 0.0119696
0.84375 0.46875 0.0430859
0.84375 0.5 0.0444898
0.8125 0.5 0.0132474
0.8125 0.46875 0.0119696
0.8125 0.4375 0.0202551
0.84375 0.4375 0.0498374
0.84375 0.46875 0.0430859
0.8125 0.46875 0.0119696
0.84375 0.5 0.0444898
0.84375 0.46875 0.0430859
0.875 0.46875 0.0742391
0.875 0.5 0.0757244
0.84375 0.5 0.0444898
0.84375 0.46875 0.0430859
0.84375 0.4375 0.0498374
0.875 0.4375 0.0798645
0.875 0.46875 0.0742391
0.84375 0.46875 0.0430859
0.8125 0.4375 0.0202551
0.8125 0.40625 0.0345209
0.84375 0.40625 0.0619564
0.84375 0.4375 0.0498374
0.8125 0.4375 0.0202551
0.8125 0.40625 0.0345209
0.8125 0.375 0.0527356
0.84375 0.375 0.0780157
0.84375 0.40625 0.0619564
0.8125 0.40625 0.0345209
0.84375 0.4375 0.0498374
0.84375 0.40625 0.0619564
0.875 0.40625 0.0902635
0.875 0.4375 0.0798645
0.84375 0.4375 0.0498374
0.84375 0.40625 0.0619564
0.84375 0.375 0.0780157
0.875 0.375 0.104448
0.875 0.40625 0.0902635
0.84375 0.40625 0.0619564
0.75 0.375 0.0070242
0.75 0.34375 0.0303276
0.78125 0.34375 0.0514248
0.78125 0.375 0.0291065
0.75 0.375 0.0070242
0.75 0.34375 0.0303276
0.75 0.3125 0.0540285
0.78125 0.3125 0.0745737
0.78125 0.34375 0.0514248
0.75 0.34375 0.0303276
0.78125 0.375 0.0291065
0.78125 0.34375 0.0514248
0.8125 0.34375 0.0735524
0.8125 0.375 0.0527356
0.78125 0.375 0.0291065
0.78125 0.34375 0.0514248
0.78125 0.3125 0.0745737
0.8125 0.3125 0.0957829
0.8125 0.34375 0.0735524
0.78125 0.34375 0.0514248
0.75 0.3125 0.0540285
0.75 0.28125 0.0779326
0.78125 0.28125 0.0981618
0.78125 0.3125 0.0745737
0.75 0.3125 0.0540285
0.75 0.28125 0.0779326
0.75 0.25 0.101946
0.78125 0.25 0.122009
0.78125 0.28125 0.0981618
0.75 0.28125 0.0779326
0.78125 0.3125 0.0745737
0.78125 0.28125 0.0981618
0.8125 0.28125 0.118801
0.8125 0.3125 0.0957829
0.78125 0.3125 0.0745737
0.78125 0.28125 0.0981618
0.78125 0.25 0.122009
0.8125 0.25 0.142317
0.8125 0.28125 0.118801
0.78125 0.28125 0.0981618
0.8125 0.375 0.0527356
0.8125 0.34375 0.0735524
0.84375 0.34375 0.0969305
0.84375 0.375 0.0780157
0.8125 0.375 0.0527356
0.8125 0.34375 0.0735524
0.8125 0.3125 0.0957829
0.84375 0.3125 0.117942
0.84375 0.34375 0.0969305
0.8125 0.34375 0.0735524
0.84375 0.375 0.0780157
0.84375 0.34375 0.0969305
0.875 0.34375 0.121606
0.875 0.375 0.104448
0.84375 0.375 0.0780157
0.84375 0.34375 0.0969305
0.84375 0.3125 0.117942
0.875 0.3125 0.141145
0.875 0.34375 0.121606
0.84375 0.34375 0.0969305
0.8125 0.3125 0.0957829
0.8125 0.25 0.142317
0.875 0.25 0.184631
0.875 0.3125 0.141145
0.8125 0.3125 0.0957829
0.875 0.5 0.0757244
0.875 0.46875 0.0742391
0.90625 0.46875 0.105394
0.90625 0.5 0.106943
0.875 0.5 0.0757244
0.875 0.46875 0.0742391
0.875 0.4375 0.0798645
0.90625 0.4375 0.110174
0.90625 0.46875 0.105394
0.875 0.46875 0.0742391
0.90625 0.5 0.106943
0.90625 0.46875 0.105394
0.9375 0.46875 0.136552
0.9375 0.5 0.138143
0.90625 0.5 0.106943
0.90625 0.46875 0.105394
0.90625 0.4375 0.110174
0.9375 0.4375 0.140657
0.9375 0.46875 0.136552
0.90625 0.46875 0.105394
0.875 0.4375 0.0798645
0.875 0.40625 0.0902635
0.90625 0.40625 0.119263
0.90625 0.4375 0.110174
0.875 0.4375 0.0798645
0.875 0.40625 0.0902635
0.875 0.375 0.104448
0.90625 0.375 0.131955
0.90625 0.40625 0.119263
0.875 0.40625 0.0902635
0.90625 0.4375 0.110174
0.90625 0.40625 0.119263
0.9375 0.40625 0.148682
0.9375 0.4375 0.140657
0.90625 0.4375 0.110174
0.90625 0.40625 0.119263
0.90625 0.375 0.131955
0.9375 0.375 0.160104
0.9375 0.40625 0.148682
0.90625 0.40625 0.119263
0.9375 0.5 0.138143
0.9375 0.4375 0.140657
1 0.4375 0.20242
1 0.5 0.20059
0.9375 0.5 0.138143
0.9375 0.4375 0.140657
0.9375 0.375 0.160104
1 0.375 0.218778
1 0.4375 0.20242
0.9375 0.4375 0.140657
0.875 0.375 0.104448
0.875 0.3125 0.141145
0.9375 0.3125 0.190739
0.9375 0.375 0.160104
0.875 0.375 0.104448
0.875 0.3125 0.141145
0.875 0.25 0.184631
0.9375 0.25 0.230068
0.9375 0.3125 0.190739
0.875 0.3125 0.141145
0.9375 0.375 0.160104
0.9375 0.3125 0.190739
1 0.3125 0.245139
1 0.375 0.218778
0.9375 0.375 0.160104
0.9375 0.3125 0.190739
0.9375 0.25 0.230068
1 0.25 0.280019
1 0.3125 0.245139
0.9375 0.3125 0.190739
0.75 0.25 0.101946
0.75 0.1875 0.150156
0.8125 0.1875 0.19006
0.8125 0.25 0.142317
0.75 0.25 0.101946
0.75 0.1875 0.150156
0.75 0.125 0.198651
0.8125 0.125 0.238136
0.8125 0.1875 0.19006
0.75 0.1875 0.150156
0.8125 0.25 0.142317
0.8125 0.1875 0.19006
0.875 0.1875 0.230954
0.875 0.25 0.184631
0.8125 0.25 0.142317
0.8125 0.1875 0.19006
0.8125 0.125 0.238136
0.875 0.125 0.278277
0.875 0.1875 0.230954
0.8125 0.1875 0.19006
0.75 0.125 0.198651
0.75 0 0.298471
0.875 0 0.37476
0.875 0.125 0.278277
0.75 0.125 0.198651
0.875 0.25 0.184631
0.875 0.125 0.278277
1 0.125 0.365804
1 0.25 0.280019
0.875 0.25 0.184631
0.875 0.125 0.278277
0.875 0 0.37476
1 0 0.458575
1 0.125 0.365804
0.875 0.125 0.278277
