0 1 0.458942
0 0.875 0.381829
0.125 0.875 0.274977
0.125 1 0.360636
0 1 0.458942
0 0.875 0.381829
0 0.75 0.312915
0.125 0.75 0.201824
0.125 0.875 0.274977
0 0.875 0.381829
0.125 1 0.360636
0.125 0.875 0.274977
0.25 0.875 0.176948
0.25 1 0.277068
0.125 1 0.360636
0.125 0.875 0.274977
0.125 0.8125 0.236848
0.1875 0.8125 0.184607
0.1875 0.875 0.225154
0.125 0.875 0.274977
0.125 0.8125 0.236848
0.125 0.75 0.201824
0.1875 0.75 0.147729
0.1875 0.8125 0.184607
0.125 0.8125 0.236848
0.1875 0.875 0.225154
0.1875 0.8125 0.184607
0.25 0.8125 0.133399
0.25 0.875 0.176948
0.1875 0.875 0.225154
0.1875 0.8125 0.184607
0.1875 0.75 0.147729
0.25 0.75 0.0948635
0.25 0.8125 0.133399
0.1875 0.8125 0.184607
0 0.75 0.312915
0 0.6875 0.283825
0.0625 0.6875 0.226146
0.0625 0.75 0.256756
0 0.75 0.312915
0 0.6875 0.283825
0 0.625 0.258078
0.0625 0.625 0.198782
0.0625 0.6875 0.226146
0 0.6875 0.283825
0.0625 0.75 0.256756
0.0625 0.6875 0.226146
0.125 0.6875 0.169941
0.125 0.75 0.201824
0.0625 0.75 0.256756
0.0625 0.6875 0.226146
0.0625 0.625 0.198782
0.125 0.625 0.140736
0.125 0.6875 0.169941
0.0625 0.6875 0.226146
0 0.625 0.258078
0 0.5625 0.236312
0.0625 0.5625 0.175315
0.0625 0.625 0.198782
0 0.625 0.258078
0 0.5625 0.236312
0 0.5 0.21993
0.0625 0.5 0.157417
0.0625 0.5625 0.175315
0 0.5625 0.236312
0.0625 0.625 0.198782
0.0625 0.5625 0.175315
0.125 0.5625 0.115028
0.125 0.625 0.140736
0.0625 0.625 0.198782
0.0625 0.5625 0.175315
0.0625 0.5 0.157417
0.125 0.5 0.0955427
0.125 0.5625 0.115028
0.0625 0.5625 0.175315
0.125 0.75 0.201824
0.125 0.6875 0.169941
0.1875 0.6875 0.11507
0.1875 0.75 0.147729
0.125 0.75 0.201824
0.125 0.6875 0.169941
0.125 0.65625 0.155007
0.15625 0.65625 0.127165
0.15625 0.6875 0.142413
0.125 0.6875 0.169941
0.125 0.65625 0.155007
0.125 0.625 0.140736
0.15625 0.625 0.112465
0.15625 0.65625 0.127165
0.125 0.65625 0.155007
0.15625 0.6875 0.142413
0.15625 0.65625 0.127165
0.1875 0.65625 0.0995517
0.1875 0.6875 0.11507
0.15625 0.6875 0.142413
0.15625 0.65625 0.127165
0.15625 0.625 0.112465
0.1875 0.625 0.0844751
0.1875 0.65625 0.0995517
0.15625 0.65625 0.127165
0.1875 0.75 0.147729
0.1875 0.71875 0.131039
0.21875 0.71875 0.104116
0.21875 0.75 0.121196
0.1875 0.75 0.147729
0.1875 0.71875 0.131039
0.1875 0.6875 0.11507
0.21875 0.6875 0.0878926
0.21875 0.71875 0.104116
0.1875 0.71875 0.131039
0.21875 0.75 0.121196
0.21875 0.71875 0.104116
0.25 0.71875 0.0773302
0.25 0.75 0.0948635
0.21875 0.75 0.121196
0.21875 0.71875 0.104116
0.21875 0.6875 0.0878926
0.25 0.6875 0.0608535
0.25 0.71875 0.0773302
0.21875 0.71875 0.104116
0.1875 0.6875 0.11507
0.1875 0.65625 0.0995517
0.21875 0.65625 0.0721488
0.21875 0.6875 0.0878926
0.1875 0.6875 0.11507
0.1875 0.65625 0.0995517
0.1875 0.625 0.0844751
0.21875 0.625 0.0567642
0.21875 0.65625 0.0721488
0.1875 0.65625 0.0995517
0.21875 0.6875 0.0878926
0.21875 0.65625 0.0721488
0.25 0.65625 0.0449213
0.25 0.6875 0.0608535
0.21875 0.6875 0.0878926
0.21875 0.65625 0.0721488
0.21875 0.625 0.0567642
0.25 0.625 0.0292962
0.25 0.65625 0.0449213
0.21875 0.65625 0.0721488
0.125 0.625 0.140736
0.125 0.59375 0.127313
0.15625 0.59375 0.0984997
0.15625 0.625 0.112465
0.125 0.625 0.140736
0.125 0.59375 0.127313
0.125 0.5625 0.115028
0.15625 0.5625 0.0855634
0.15625 0.59375 0.0984997
0.125 0.59375 0.127313
0.15625 0.625 0.112465
0.15625 0.59375 0.0984997
0.1875 0.59375 0.0699782
0.1875 0.625 0.0844751
0.15625 0.625 0.112465
0.15625 0.59375 0.0984997
0.15625 0.5625 0.0855634
0.1875 0.5625 0.0563626
0.1875 0.59375 0.0699782
0.15625 0.59375 0.0984997
0.125 0.5625 0.115028
0.125 0.53125 0.104267
0.15625 0.53125 0.0740811
0.15625 0.5625 0.0855634
0.125 0.5625 0.115028
0.125 0.53125 0.104267
0.125 0.5 0.0955427
0.15625 0.5 0.0646599
0.15625 0.53125 0.0740811
0.125 0.53125 0.104267
0.15625 0.5625 0.0855634
0.15625 0.53125 0.0740811
0.1875 0.53125 0.0440754
0.1875 0.5625 0.0563626
0.15625 0.5625 0.0855634
0.15625 0.53125 0.0740811
0.15625 0.5 0.0646599
0.1875 0.5 0.0338061
0.1875 0.53125 0.0440754
0.15625 0.53125 0.0740811
0.1875 0.625 0.0844751
0.1875 0.59375 0.0699782
0.21875 0.59375 0.0418244
0.21875 0.625 0.0567642
0.1875 0.625 0.0844751
0.1875 0.59375 0.0699782
0.1875 0.5625 0.0563626
0.21875 0.5625 0.0275513
0.21875 0.59375 0.0418244
0.1875 0.59375 0.0699782
0.21875 0.625 0.0567642
0.21875 0.59375 0.0418244
0.25 0.59375 0.0140324
0.25 0.625 0.0292962
0.21875 0.625 0.0567642
0.21875 0.59375 0.0418244
0.21875 0.5625 0.0275513
0.25 0.5625 -0.000808498
0.25 0.59375 0.0140324
0.21875 0.59375 0.0418244
0.1875 0.5625 0.0563626
0.1875 0.53125 0.0440754
0.21875 0.53125 0.0143927
0.21875 0.5625 0.0275513
0.1875 0.5625 0.0563626
0.1875 0.53125 0.0440754
0.1875 0.5 0.0338061
0.21875 0.5 0.00297746
0.21875 0.53125 0.0143927
0.1875 0.53125 0.0440754
0.21875 0.5625 0.0275513
0.21875 0.53125 0.0143927
0.25 0.53125 -0.0144966
0.25 0.5625 -0.000808498
0.21875 0.5625 0.0275513
0.21875 0.53125 0.0143927
0.21875 0.5 0.00297746
0.25 0.5 -0.0265074
0.25 0.53125 -0.0144966
0.21875 0.53125 0.0143927
0.25 1 0.277068
0.25 0.9375 0.225948
0.3125 0.9375 0.188645
0.3125 1 0.244213
0.25 1 0.277068
0.25 0.9375 0.225948
0.25 0.875 0.176948
0.3125 0.875 0.134784
0.3125 0.9375 0.188645
0.25 0.9375 0.225948
0.3125 1 0.244213
0.3125 0.9375 0.188645
0.375 0.9375 0.159974
0.375 1 0.220161
0.3125 1 0.244213
0.3125 0.9375 0.188645
0.3125 0.875 0.134784
0.375 0.875 0.101142
0.375 0.9375 0.159974
0.3125 0.9375 0.188645
0.25 0.875 0.176948
0.25 0.84375 0.154558
0.28125 0.84375 0.131602
0.28125 0.875 0.155237
0.25 0.875 0.176948
0.25 0.84375 0.154558
0.25 0.8125 0.133399
0.28125 0.8125 0.109255
0.28125 0.84375 0.131602
0.25 0.84375 0.154558
0.28125 0.875 0.155237
0.28125 0.84375 0.131602
0.3125 0.84375 0.109712
0.3125 0.875 0.134784
0.28125 0.875 0.155237
0.28125 0.84375 0.131602
0.28125 0.8125 0.109255
0.3125 0.8125 0.0859235
0.3125 0.84375 0.109712
0.28125 0.84375 0.131602
0.25 0.8125 0.133399
0.25 0.78125 0.113489
0.28125 0.78125 0.0882874
0.28125 0.8125 0.109255
0.25 0.8125 0.133399
0.25 0.78125 0.113489
0.25 0.75 0.0948635
0.28125 0.75 0.0687798
0.28125 0.78125 0.0882874
0.25 0.78125 0.113489
0.28125 0.8125 0.109255
0.28125 0.78125 0.0882874
0.3125 0.78125 0.0636137
0.3125 0.8125 0.0859235
0.28125 0.8125 0.109255
0.28125 0.78125 0.0882874
0.28125 0.75 0.0687798
0.3125 0.75 0.0429933
0.3125 0.78125 0.0636137
0.28125 0.78125 0.0882874
0.3125 0.875 0.134784
0.3125 0.84375 0.109712
0.34375 0.84375 0.0897298
0.34375 0.875 0.116488
0.3125 0.875 0.134784
0.3125 0.84375 0.109712
0.3125 0.8125 0.0859235
0.34375 0.8125 0.0640963
0.34375 0.84375 0.0897298
0.3125 0.84375 0.109712
0.34375 0.875 0.116488
0.34375 0.84375 0.0897298
0.375 0.84375 0.0724966
0.375 0.875 0.101142
0.34375 0.875 0.116488
0.34375 0.84375 0.0897298
0.34375 0.8125 0.0640963
0.375 0.8125 0.0446544
0.375 0.84375 0.0724966
0.34375 0.84375 0.0897298
0.3125 0.8125 0.0859235
0.3125 0.78125 0.0636137
0.34375 0.78125 0.0399203
0.34375 0.8125 0.0640963
0.3125 0.8125 0.0859235
0.3125 0.78125 0.0636137
0.3125 0.75 0.0429933
0.34375 0.75 0.0176332
0.34375 0.78125 0.0399203
0.3125 0.78125 0.0636137
0.34375 0.8125 0.0640963
0.34375 0.78125 0.0399203
0.375 0.78125 0.0179772
0.375 0.8125 0.0446544
0.34375 0.8125 0.0640963
0.34375 0.78125 0.0399203
0.34375 0.75 0.0176332
0.375 0.75 -0.00621156
0.375 0.78125 0.0179772
0.34375 0.78125 0.0399203
0.375 1 0.220161
0.375 0.9375 0.159974
0.4375 0.9375 0.148143
0.4375 1 0.210618
0.375 1 0.220161
0.375 0.9375 0.159974
0.375 0.90625 0.13036
0.40625 0.90625 0.120954
0.40625 0.9375 0.151665
0.375 0.9375 0.159974
0.375 0.90625 0.13036
0.375 0.875 0.101142
0.40625 0.875 0.0903397
0.40625 0.90625 0.120954
0.375 0.90625 0.13036
0.40625 0.9375 0.151665
0.40625 0.90625 0.120954
0.4375 0.90625 0.116932
0.4375 0.9375 0.148143
0.40625 0.9375 0.151665
0.40625 0.90625 0.120954
0.40625 0.875 0.0903397
0.4375 0.875 0.0857234
0.4375 0.90625 0.116932
0.40625 0.90625 0.120954
0.4375 1 0.210618
0.4375 0.9375 0.148143
0.5 0.9375 0.15364
0.5 1 0.215291
0.4375 1 0.210618
0.4375 0.9375 0.148143
0.4375 0.90625 0.116932
0.46875 0.90625 0.117771
0.46875 0.9375 0.148895
0.4375 0.9375 0.148143
0.4375 0.90625 0.116932
0.4375 0.875 0.0857234
0.46875 0.875 0.0866648
0.46875 0.90625 0.117771
0.4375 0.90625 0.116932
0.46875 0.9375 0.148895
0.46875 0.90625 0.117771
0.5 0.90625 0.12296
0.5 0.9375 0.15364
0.46875 0.9375 0.148895
0.46875 0.90625 0.117771
0.46875 0.875 0.0866648
0.5 0.875 0.09238
0.5 0.90625 0.12296
0.46875 0.90625 0.117771
0.375 0.875 0.101142
0.375 0.84375 0.0724966
0.40625 0.84375 0.0599042
0.40625 0.875 0.0903397
0.375 0.875 0.101142
0.375 0.84375 0.0724966
0.375 0.8125 0.0446544
0.40625 0.8125 0.0297345
0.40625 0.84375 0.0599042
0.375 0.84375 0.0724966
0.40625 0.875 0.0903397
0.40625 0.84375 0.0599042
0.4375 0.84375 0.0545147
0.4375 0.875 0.0857234
0.40625 0.875 0.0903397
0.40625 0.84375 0.0599042
0.40625 0.8125 0.0297345
0.4375 0.8125 0.0233075
0.4375 0.84375 0.0545147
0.40625 0.84375 0.0599042
0.375 0.8125 0.0446544
0.375 0.78125 0.0179772
0.40625 0.78125 1.07382e-006
0.40625 0.8125 0.0297345
0.375 0.8125 0.0446544
0.375 0.78125 0.0179772
0.375 0.75 -0.00621156
0.40625 0.75 -0.0265793
0.40625 0.78125 1.07382e-006
0.375 0.78125 0.0179772
0.40625 0.8125 0.0297345
0.40625 0.78125 1.07382e-006
0.4375 0.78125 -0.00787267
0.4375 0.8125 0.0233075
0.40625 0.8125 0.0297345
0.40625 0.78125 1.07382e-006
0.40625 0.75 -0.0265793
0.4375 0.75 -0.038466
0.4375 0.78125 -0.00787267
0.40625 0.78125 1.07382e-006
0.4375 0.875 0.0857234
0.4375 0.84375 0.0545147
0.46875 0.84375 0.0555846
0.46875 0.875 0.0866648
0.4375 0.875 0.0857234
0.4375 0.84375 0.0545147
0.4375 0.8125 0.0233075
0.46875 0.8125 0.024541
0.46875 0.84375 0.0555846
0.4375 0.84375 0.0545147
0.46875 0.875 0.0866648
0.46875 0.84375 0.0555846
0.5 0.84375 0.061949
0.5 0.875 0.09238
0.46875 0.875 0.0866648
0.46875 0.84375 0.0555846
0.46875 0.8125 0.024541
0.5 0.8125 0.0316895
0.5 0.84375 0.061949
0.46875 0.84375 0.0555846
0.4375 0.8125 0.0233075
0.4375 0.78125 -0.00787267
0.46875 0.78125 -0.00639331
0.46875 0.8125 0.024541
0.4375 0.8125 0.0233075
0.4375 0.78125 -0.00787267
0.4375 0.75 -0.038466
0.46875 0.75 -0.0368825
0.46875 0.78125 -0.00639331
0.4375 0.78125 -0.00787267
0.46875 0.8125 0.024541
0.46875 0.78125 -0.00639331
0.5 0.78125 0.00164533
0.5 0.8125 0.0316895
0.46875 0.8125 0.024541
0.46875 0.78125 -0.00639331
0.46875 0.75 -0.0368825
0.5 0.75 -0.0275507
0.5 0.78125 0.00164533
0.46875 0.78125 -0.00639331
0.25 0.75 0.0948635
0.25 0.71875 0.0773302
0.28125 0.71875 0.0506751
0.28125 0.75 0.0687798
0.25 0.75 0.0948635
0.25 0.71875 0.0773302
0.25 0.6875 0.0608535
0.28125 0.6875 0.0339308
0.28125 0.71875 0.0506751
0.25 0.71875 0.0773302
0.28125 0.75 0.0687798
0.28125 0.71875 0.0506751
0.3125 0.71875 0.0241492
0.3125 0.75 0.0429933
0.28125 0.75 0.0687798
0.28125 0.71875 0.0506751
0.28125 0.6875 0.0339308
0.3125 0.6875 0.00711011
0.3125 0.71875 0.0241492
0.28125 0.71875 0.0506751
0.25 0.6875 0.0608535
0.25 0.65625 0.0449213
0.28125 0.65625 0.0178408
0.28125 0.6875 0.0339308
0.25 0.6875 0.0608535
0.25 0.65625 0.0449213
0.25 0.625 0.0292962
0.28125 0.625 0.00202611
0.28125 0.65625 0.0178408
0.25 0.65625 0.0449213
0.28125 0.6875 0.0339308
0.28125 0.65625 0.0178408
0.3125 0.65625 -0.00909836
0.3125 0.6875 0.00711011
0.28125 0.6875 0.0339308
0.28125 0.65625 0.0178408
0.28125 0.625 0.00202611
0.3125 0.625 -0.0250089
0.3125 0.65625 -0.00909836
0.28125 0.65625 0.0178408
0.3125 0.75 0.0429933
0.3125 0.71875 0.0241492
0.34375 0.71875 -0.00213505
0.34375 0.75 0.0176332
0.3125 0.75 0.0429933
0.3125 0.71875 0.0241492
0.3125 0.6875 0.00711011
0.34375 0.6875 -0.0193781
0.34375 0.71875 -0.00213505
0.3125 0.71875 0.0241492
0.34375 0.75 0.0176332
0.34375 0.71875 -0.00213505
0.375 0.71875 -0.0271258
0.375 0.75 -0.00621156
0.34375 0.75 0.0176332
0.34375 0.71875 -0.00213505
0.34375 0.6875 -0.0193781
0.375 0.6875 -0.0454062
0.375 0.71875 -0.0271258
0.34375 0.71875 -0.00213505
0.3125 0.6875 0.00711011
0.3125 0.65625 -0.00909836
0.34375 0.65625 -0.0358603
0.34375 0.6875 -0.0193781
0.3125 0.6875 0.00711011
0.3125 0.65625 -0.00909836
0.3125 0.625 -0.0250089
0.34375 0.625 -0.051943
0.34375 0.65625 -0.0358603
0.3125 0.65625 -0.00909836
0.34375 0.6875 -0.0193781
0.34375 0.65625 -0.0358603
0.375 0.65625 -0.0624028
0.375 0.6875 -0.0454062
0.34375 0.6875 -0.0193781
0.34375 0.65625 -0.0358603
0.34375 0.625 -0.051943
0.375 0.625 -0.0787517
0.375 0.65625 -0.0624028
0.34375 0.65625 -0.0358603
0.25 0.625 0.0292962
0.25 0.59375 0.0140324
0.28125 0.59375 -0.0134064
0.28125 0.625 0.00202611
0.25 0.625 0.0292962
0.25 0.59375 0.0140324
0.25 0.5625 -0.000808498
0.28125 0.5625 -0.0284136
0.28125 0.59375 -0.0134064
0.25 0.59375 0.0140324
0.28125 0.625 0.00202611
0.28125 0.59375 -0.0134064
0.3125 0.59375 -0.0406168
0.3125 0.625 -0.0250089
0.28125 0.625 0.00202611
0.28125 0.59375 -0.0134064
0.28125 0.5625 -0.0284136
0.3125 0.5625 -0.0558607
0.3125 0.59375 -0.0406168
0.28125 0.59375 -0.0134064
0.25 0.5625 -0.000808498
0.25 0.53125 -0.0144966
0.28125 0.53125 -0.042652
0.28125 0.5625 -0.0284136
0.25 0.5625 -0.000808498
0.25 0.53125 -0.0144966
0.25 0.5 -0.0265074
0.28125 0.5 -0.0554964
0.28125 0.53125 -0.042652
0.25 0.53125 -0.0144966
0.28125 0.5625 -0.0284136
0.28125 0.53125 -0.042652
0.3125 0.53125 -0.0705208
0.3125 0.5625 -0.0558607
0.28125 0.5625 -0.0284136
0.28125 0.53125 -0.042652
0.28125 0.5 -0.0554964
0.3125 0.5 -0.0840955
0.3125 0.53125 -0.0705208
0.28125 0.53125 -0.042652
0.3125 0.625 -0.0250089
0.3125 0.59375 -0.0406168
0.34375 0.59375 -0.0677262
0.34375 0.625 -0.051943
0.3125 0.625 -0.0250089
0.3125 0.59375 -0.0406168
0.3125 0.5625 -0.0558607
0.34375 0.5625 -0.0831757
0.34375 0.59375 -0.0677262
0.3125 0.59375 -0.0406168
0.34375 0.625 -0.051943
0.34375 0.59375 -0.0677262
0.375 0.59375 -0.0947325
0.375 0.625 -0.0787517
0.34375 0.625 -0.051943
0.34375 0.59375 -0.0677262
0.34375 0.5625 -0.0831757
0.375 0.5625 -0.110379
0.375 0.59375 -0.0947325
0.34375 0.59375 -0.0677262
0.3125 0.5625 -0.0558607
0.3125 0.53125 -0.0705208
0.34375 0.53125 -0.0981578
0.34375 0.5625 -0.0831757
0.3125 0.5625 -0.0558607
0.3125 0.53125 -0.0705208
0.3125 0.5 -0.0840955
0.34375 0.5 -0.112312
0.34375 0.53125 -0.0981578
0.3125 0.53125 -0.0705208
0.34375 0.5625 -0.0831757
0.34375 0.53125 -0.0981578
0.375 0.53125 -0.12563
0.375 0.5625 -0.110379
0.34375 0.5625 -0.0831757
0.34375 0.53125 -0.0981578
0.34375 0.5 -0.112312
0.375 0.5 -0.140248
0.375 0.53125 -0.12563
0.34375 0.53125 -0.0981578
0.375 0.75 -0.00621156
0.375 0.71875 -0.0271258
0.40625 0.71875 -0.050181
0.40625 0.75 -0.0265793
0.375 0.75 -0.00621156
0.375 0.71875 -0.0271258
0.375 0.6875 -0.0454062
0.40625 0.6875 -0.070532
0.40625 0.71875 -0.050181
0.375 0.71875 -0.0271258
0.40625 0.75 -0.0265793
0.40625 0.71875 -0.050181
0.4375 0.71875 -0.0672603
0.4375 0.75 -0.038466
0.40625 0.75 -0.0265793
0.40625 0.71875 -0.050181
0.40625 0.6875 -0.070532
0.4375 0.6875 -0.0925822
0.4375 0.71875 -0.0672603
0.40625 0.71875 -0.050181
0.375 0.6875 -0.0454062
0.375 0.65625 -0.0624028
0.40625 0.65625 -0.0885509
0.40625 0.6875 -0.070532
0.375 0.6875 -0.0454062
0.375 0.65625 -0.0624028
0.375 0.625 -0.0787517
0.40625 0.625 -0.105371
0.40625 0.65625 -0.0885509
0.375 0.65625 -0.0624028
0.40625 0.6875 -0.070532
0.40625 0.65625 -0.0885509
0.4375 0.65625 -0.113557
0.4375 0.6875 -0.0925822
0.40625 0.6875 -0.070532
0.40625 0.65625 -0.0885509
0.40625 0.625 -0.105371
0.4375 0.625 -0.13157
0.4375 0.65625 -0.113557
0.40625 0.65625 -0.0885509
0.4375 0.75 -0.038466
0.4375 0.71875 -0.0672603
0.46875 0.71875 -0.0669369
0.46875 0.75 -0.0368825
0.4375 0.75 -0.038466
0.4375 0.71875 -0.0672603
0.4375 0.6875 -0.0925822
0.46875 0.6875 -0.0965118
0.46875 0.71875 -0.0669369
0.4375 0.71875 -0.0672603
0.46875 0.75 -0.0368825
0.46875 0.71875 -0.0669369
0.5 0.71875 -0.0563207
0.5 0.75 -0.0275507
0.46875 0.75 -0.0368825
0.46875 0.71875 -0.0669369
0.46875 0.6875 -0.0965118
0.5 0.6875 -0.0846958
0.5 0.71875 -0.0563207
0.46875 0.71875 -0.0669369
0.4375 0.6875 -0.0925822
0.4375 0.65625 -0.113557
0.46875 0.65625 -0.125596
0.46875 0.6875 -0.0965118
0.4375 0.6875 -0.0925822
0.4375 0.65625 -0.113557
0.4375 0.625 -0.13157
0.46875 0.625 -0.152316
0.46875 0.65625 -0.125596
0.4375 0.65625 -0.113557
0.46875 0.6875 -0.0965118
0.46875 0.65625 -0.125596
0.5 0.65625 -0.112764
0.5 0.6875 -0.0846958
0.46875 0.6875 -0.0965118
0.46875 0.65625 -0.125596
0.46875 0.625 -0.152316
0.5 0.625 -0.140546
0.5 0.65625 -0.112764
0.46875 0.65625 -0.125596
0.375 0.625 -0.0787517
0.375 0.59375 -0.0947325
0.40625 0.59375 -0.121612
0.40625 0.625 -0.105371
0.375 0.625 -0.0787517
0.375 0.59375 -0.0947325
0.375 0.5625 -0.110379
0.40625 0.5625 -0.137473
0.40625 0.59375 -0.121612
0.375 0.59375 -0.0947325
0.40625 0.625 -0.105371
0.40625 0.59375 -0.121612
0.4375 0.59375 -0.148292
0.4375 0.625 -0.13157
0.40625 0.625 -0.105371
0.40625 0.59375 -0.121612
0.40625 0.5625 -0.137473
0.4375 0.5625 -0.164451
0.4375 0.59375 -0.148292
0.40625 0.59375 -0.121612
0.375 0.5625 -0.110379
0.375 0.5 -0.140248
0.4375 0.5 -0.187243
0.4375 0.5625 -0.164451
0.375 0.5625 -0.110379
0.4375 0.625 -0.13157
0.4375 0.5625 -0.164451
0.5 0.5625 -0.195578
0.5 0.625 -0.140546
0.4375 0.625 -0.13157
0.4375 0.5625 -0.164451
0.4375 0.5 -0.187243
0.5 0.5 -0.231294
0.5 0.5625 -0.195578
0.4375 0.5625 -0.164451
0 0.5 0.21993
0 0.4375 0.213603
0.0625 0.4375 0.151133
0.0625 0.5 0.157417
0 0.5 0.21993
0 0.4375 0.213603
0 0.375 0.222815
0.0625 0.375 0.162233
0.0625 0.4375 0.151133
0 0.4375 0.213603
0.0625 0.5 0.157417
0.0625 0.4375 0.151133
0.125 0.4375 0.0887584
0.125 0.5 0.0955427
0.0625 0.5 0.157417
0.0625 0.4375 0.151133
0.0625 0.375 0.162233
0.125 0.375 0.103291
0.125 0.4375 0.0887584
0.0625 0.4375 0.151133
0 0.375 0.222815
0 0.3125 0.243656
0.0625 0.3125 0.18651
0.0625 0.375 0.162233
0 0.375 0.222815
0 0.3125 0.243656
0 0.25 0.273125
0.0625 0.25 0.220258
0.0625 0.3125 0.18651
0 0.3125 0.243656
0.0625 0.375 0.162233
0.0625 0.3125 0.18651
0.125 0.3125 0.133123
0.125 0.375 0.103291
0.0625 0.375 0.162233
0.0625 0.3125 0.18651
0.0625 0.25 0.220258
0.125 0.25 0.172847
0.125 0.3125 0.133123
0.0625 0.3125 0.18651
0.125 0.5 0.0955427
0.125 0.46875 0.089528
0.15625 0.46875 0.0582781
0.15625 0.5 0.0646599
0.125 0.5 0.0955427
0.125 0.46875 0.089528
0.125 0.4375 0.0887584
0.15625 0.4375 0.0575725
0.15625 0.46875 0.0582781
0.125 0.46875 0.089528
0.15625 0.5 0.0646599
0.15625 0.46875 0.0582781
0.1875 0.46875 0.0270298
0.1875 0.5 0.0338061
0.15625 0.5 0.0646599
0.15625 0.46875 0.0582781
0.15625 0.4375 0.0575725
0.1875 0.4375 0.0263978
0.1875 0.46875 0.0270298
0.15625 0.46875 0.0582781
0.125 0.4375 0.0887584
0.125 0.40625 0.0936701
0.15625 0.40625 0.0634233
0.15625 0.4375 0.0575725
0.125 0.4375 0.0887584
0.125 0.40625 0.0936701
0.125 0.375 0.103291
0.15625 0.375 0.0745865
0.15625 0.40625 0.0634233
0.125 0.40625 0.0936701
0.15625 0.4375 0.0575725
0.15625 0.40625 0.0634233
0.1875 0.40625 0.0335744
0.1875 0.4375 0.0263978
0.15625 0.4375 0.0575725
0.15625 0.40625 0.0634233
0.15625 0.375 0.0745865
0.1875 0.375 0.0466232
0.1875 0.40625 0.0335744
0.15625 0.40625 0.0634233
0.1875 0.5 0.0338061
0.1875 0.46875 0.0270298
0.21875 0.46875 -0.00414152
0.21875 0.5 0.00297746
0.1875 0.5 0.0338061
0.1875 0.46875 0.0270298
0.1875 0.4375 0.0263978
0.21875 0.4375 -0.00445061
0.21875 0.46875 -0.00414152
0.1875 0.46875 0.0270298
0.21875 0.5 0.00297746
0.21875 0.46875 -0.00414152
0.25 0.46875 -0.0348806
0.25 0.5 -0.0265074
0.21875 0.5 0.00297746
0.21875 0.46875 -0.00414152
0.21875 0.4375 -0.00445061
0.25 0.4375 -0.0331968
0.25 0.46875 -0.0348806
0.21875 0.46875 -0.00414152
0.1875 0.4375 0.0263978
0.1875 0.40625 0.0335744
0.21875 0.40625 0.00427545
0.21875 0.4375 -0.00445061
0.1875 0.4375 0.0263978
0.1875 0.40625 0.0335744
0.1875 0.375 0.0466232
0.21875 0.375 0.0199945
0.21875 0.40625 0.00427545
0.1875 0.40625 0.0335744
0.21875 0.4375 -0.00445061
0.21875 0.40625 0.00427545
0.25 0.40625 -0.021468
0.25 0.4375 -0.0331968
0.21875 0.4375 -0.00445061
0.21875 0.40625 0.00427545
0.21875 0.375 0.0199945
0.25 0.375 -0.00447544
0.25 0.40625 -0.021468
0.21875 0.40625 0.00427545
0.125 0.375 0.103291
0.125 0.34375 0.116685
0.15625 0.34375 0.0896555
0.15625 0.375 0.0745865
0.125 0.375 0.103291
0.125 0.34375 0.116685
0.125 0.3125 0.133123
0.15625 0.3125 0.107946
0.15625 0.34375 0.0896555
0.125 0.34375 0.116685
0.15625 0.375 0.0745865
0.15625 0.34375 0.0896555
0.1875 0.34375 0.0639358
0.1875 0.375 0.0466232
0.15625 0.375 0.0745865
0.15625 0.34375 0.0896555
0.15625 0.3125 0.107946
0.1875 0.3125 0.0843544
0.1875 0.34375 0.0639358
0.15625 0.34375 0.0896555
0.125 0.3125 0.133123
0.125 0.28125 0.151987
0.15625 0.28125 0.128534
0.15625 0.3125 0.107946
0.125 0.3125 0.133123
0.125 0.28125 0.151987
0.125 0.25 0.172847
0.15625 0.25 0.150983
0.15625 0.28125 0.128534
0.125 0.28125 0.151987
0.15625 0.3125 0.107946
0.15625 0.28125 0.128534
0.1875 0.28125 0.106745
0.1875 0.3125 0.0843544
0.15625 0.3125 0.107946
0.15625 0.28125 0.128534
0.15625 0.25 0.150983
0.1875 0.25 0.130616
0.1875 0.28125 0.106745
0.15625 0.28125 0.128534
0.1875 0.375 0.0466232
0.1875 0.34375 0.0639358
0.21875 0.34375 0.0398148
0.21875 0.375 0.0199945
0.1875 0.375 0.0466232
0.1875 0.34375 0.0639358
0.1875 0.3125 0.0843544
0.21875 0.3125 0.0624344
0.21875 0.34375 0.0398148
0.1875 0.34375 0.0639358
0.21875 0.375 0.0199945
0.21875 0.34375 0.0398148
0.25 0.34375 0.0180335
0.25 0.375 -0.00447544
0.21875 0.375 0.0199945
0.21875 0.34375 0.0398148
0.21875 0.3125 0.0624344
0.25 0.3125 0.0425151
0.25 0.34375 0.0180335
0.21875 0.34375 0.0398148
0.1875 0.3125 0.0843544
0.1875 0.28125 0.106745
0.21875 0.28125 0.0865398
0.21875 0.3125 0.0624344
0.1875 0.3125 0.0843544
0.1875 0.28125 0.106745
0.1875 0.25 0.130616
0.21875 0.25 0.111612
0.21875 0.28125 0.0865398
0.1875 0.28125 0.106745
0.21875 0.3125 0.0624344
0.21875 0.28125 0.0865398
0.25 0.28125 0.0678739
0.25 0.3125 0.0425151
0.21875 0.3125 0.0624344
0.21875 0.28125 0.0865398
0.21875 0.25 0.111612
0.25 0.25 0.0937719
0.25 0.28125 0.0678739
0.21875 0.28125 0.0865398
0 0.25 0.273125
0 0.1875 0.310205
0.0625 0.1875 0.261713
0.0625 0.25 0.220258
0 0.25 0.273125
0 0.1875 0.310205
0 0.125 0.351927
0.0625 0.125 0.30761
0.0625 0.1875 0.261713
0 0.1875 0.310205
0.0625 0.25 0.220258
0.0625 0.1875 0.261713
0.125 0.1875 0.219187
0.125 0.25 0.172847
0.0625 0.25 0.220258
0.0625 0.1875 0.261713
0.0625 0.125 0.30761
0.125 0.125 0.268668
0.125 0.1875 0.219187
0.0625 0.1875 0.261713
0 0.125 0.351927
0 0 0.450276
0.125 0 0.37315
0.125 0.125 0.268668
0 0.125 0.351927
0.125 0.25 0.172847
0.125 0.1875 0.219187
0.1875 0.1875 0.180969
0.1875 0.25 0.130616
0.125 0.25 0.172847
0.125 0.1875 0.219187
0.125 0.125 0.268668
0.1875 0.125 0.233032
0.1875 0.1875 0.180969
0.125 0.1875 0.219187
0.1875 0.25 0.130616
0.1875 0.1875 0.180969
0.25 0.1875 0.146508
0.25 0.25 0.0937719
0.1875 0.25 0.130616
0.1875 0.1875 0.180969
0.1875 0.125 0.233032
0.25 0.125 0.199995
0.25 0.1875 0.146508
0.1875 0.1875 0.180969
0.125 0.125 0.268668
0.125 0 0.37315
0.25 0 0.308647
0.25 0.125 0.199995
0.125 0.125 0.268668
0.25 0.5 -0.0265074
0.25 0.46875 -0.0348806
0.28125 0.46875 -0.0648746
0.28125 0.5 -0.0554964
0.25 0.5 -0.0265074
0.25 0.46875 -0.0348806
0.25 0.4375 -0.0331968
0.28125 0.4375 -0.0599601
0.28125 0.46875 -0.0648746
0.25 0.46875 -0.0348806
0.28125 0.5 -0.0554964
0.28125 0.46875 -0.0648746
0.3125 0.46875 -0.0936203
0.3125 0.5 -0.0840955
0.28125 0.5 -0.0554964
0.28125 0.46875 -0.0648746
0.28125 0.4375 -0.0599601
0.3125 0.4375 -0.0845853
0.3125 0.46875 -0.0936203
0.28125 0.46875 -0.0648746
0.25 0.4375 -0.0331968
0.25 0.40625 -0.021468
0.28125 0.40625 -0.044943
0.28125 0.4375 -0.0599601
0.25 0.4375 -0.0331968
0.25 0.40625 -0.021468
0.25 0.375 -0.00447544
0.28125 0.375 -0.0245958
0.28125 0.40625 -0.044943
0.25 0.40625 -0.021468
0.28125 0.4375 -0.0599601
0.28125 0.40625 -0.044943
0.3125 0.40625 -0.0663437
0.3125 0.4375 -0.0845853
0.28125 0.4375 -0.0599601
0.28125 0.40625 -0.044943
0.28125 0.375 -0.0245958
0.3125 0.375 -0.0434732
0.3125 0.40625 -0.0663437
0.28125 0.40625 -0.044943
0.3125 0.5 -0.0840955
0.3125 0.46875 -0.0936203
0.34375 0.46875 -0.120509
0.34375 0.5 -0.112312
0.3125 0.5 -0.0840955
0.3125 0.46875 -0.0936203
0.3125 0.4375 -0.0845853
0.34375 0.4375 -0.106963
0.34375 0.46875 -0.120509
0.3125 0.46875 -0.0936203
0.34375 0.5 -0.112312
0.34375 0.46875 -0.120509
0.375 0.46875 -0.145055
0.375 0.5 -0.140248
0.34375 0.5 -0.112312
0.34375 0.46875 -0.120509
0.34375 0.4375 -0.106963
0.375 0.4375 -0.127219
0.375 0.46875 -0.145055
0.34375 0.46875 -0.120509
0.3125 0.4375 -0.0845853
0.3125 0.40625 -0.0663437
0.34375 0.40625 -0.0857094
0.34375 0.4375 -0.106963
0.3125 0.4375 -0.0845853
0.3125 0.40625 -0.0663437
0.3125 0.375 -0.0434732
0.34375 0.375 -0.0612177
0.34375 0.40625 -0.0857094
0.3125 0.40625 -0.0663437
0.34375 0.4375 -0.106963
0.34375 0.40625 -0.0857094
0.375 0.40625 -0.103615
0.375 0.4375 -0.127219
0.34375 0.4375 -0.106963
0.34375 0.40625 -0.0857094
0.34375 0.375 -0.0612177
0.375 0.375 -0.0780163
0.375 0.40625 -0.103615
0.34375 0.40625 -0.0857094
0.25 0.375 -0.00447544
0.25 0.34375 0.0180335
0.28125 0.34375 -0.00142827
0.28125 0.375 -0.0245958
0.25 0.375 -0.00447544
0.25 0.34375 0.0180335
0.25 0.3125 0.0425151
0.28125 0.3125 0.0242586
0.28125 0.34375 -0.00142827
0.25 0.34375 0.0180335
0.28125 0.375 -0.0245958
0.28125 0.34375 -0.00142827
0.3125 0.34375 -0.0189305
0.3125 0.375 -0.0434732
0.28125 0.375 -0.0245958
0.28125 0.34375 -0.00142827
0.28125 0.3125 0.0242586
0.3125 0.3125 0.00719967
0.3125 0.34375 -0.0189305
0.28125 0.34375 -0.00142827
0.25 0.3125 0.0425151
0.25 0.28125 0.0678739
0.28125 0.28125 0.0504202
0.28125 0.3125 0.0242586
0.25 0.3125 0.0425151
0.25 0.28125 0.0678739
0.25 0.25 0.0937719
0.28125 0.25 0.0768637
0.28125 0.28125 0.0504202
0.25 0.28125 0.0678739
0.28125 0.3125 0.0242586
0.28125 0.28125 0.0504202
0.3125 0.28125 0.0338132
0.3125 0.3125 0.00719967
0.28125 0.3125 0.0242586
0.28125 0.28125 0.0504202
0.28125 0.25 0.0768637
0.3125 0.25 0.0605768
0.3125 0.28125 0.0338132
0.28125 0.28125 0.0504202
0.3125 0.375 -0.0434732
0.3125 0.34375 -0.0189305
0.34375 0.34375 -0.0355016
0.34375 0.375 -0.0612177
0.3125 0.375 -0.0434732
0.3125 0.34375 -0.0189305
0.3125 0.3125 0.00719967
0.34375 0.3125 -0.00911186
0.34375 0.34375 -0.0355016
0.3125 0.34375 -0.0189305
0.34375 0.375 -0.0612177
0.34375 0.34375 -0.0355016
0.375 0.34375 -0.0516749
0.375 0.375 -0.0780163
0.34375 0.375 -0.0612177
0.34375 0.34375 -0.0355016
0.34375 0.3125 -0.00911186
0.375 0.3125 -0.0249243
0.375 0.34375 -0.0516749
0.34375 0.34375 -0.0355016
0.3125 0.3125 0.00719967
0.3125 0.28125 0.0338132
0.34375 0.28125 0.0177381
0.34375 0.3125 -0.00911186
0.3125 0.3125 0.00719967
0.3125 0.28125 0.0338132
0.3125 0.25 0.0605768
0.34375 0.25 0.0447096
0.34375 0.28125 0.0177381
0.3125 0.28125 0.0338132
0.34375 0.3125 -0.00911186
0.34375 0.28125 0.0177381
0.375 0.28125 0.00202603
0.375 0.3125 -0.0249243
0.34375 0.3125 -0.00911186
0.34375 0.28125 0.0177381
0.34375 0.25 0.0447096
0.375 0.25 0.0291719
0.375 0.28125 0.00202603
0.34375 0.28125 0.0177381
0.375 0.5 -0.140248
0.375 0.4375 -0.127219
0.4375 0.4375 -0.162792
0.4375 0.5 -0.187243
0.375 0.5 -0.140248
0.375 0.4375 -0.127219
0.375 0.40625 -0.103615
0.40625 0.40625 -0.120507
0.40625 0.4375 -0.145624
0.375 0.4375 -0.127219
0.375 0.40625 -0.103615
0.375 0.375 -0.0780163
0.40625 0.375 -0.0942138
0.40625 0.40625 -0.120507
0.375 0.40625 -0.103615
0.40625 0.4375 -0.145624
0.40625 0.40625 -0.120507
0.4375 0.40625 -0.136727
0.4375 0.4375 -0.162792
0.40625 0.4375 -0.145624
0.40625 0.40625 -0.120507
0.40625 0.375 -0.0942138
0.4375 0.375 -0.109949
0.4375 0.40625 -0.136727
0.40625 0.40625 -0.120507
0.4375 0.5 -0.187243
0.4375 0.4375 -0.162792
0.5 0.4375 -0.194084
0.5 0.5 -0.231294
0.4375 0.5 -0.187243
0.4375 0.4375 -0.162792
0.4375 0.375 -0.109949
0.5 0.375 -0.139621
0.5 0.4375 -0.194084
0.4375 0.4375 -0.162792
0.375 0.375 -0.0780163
0.375 0.34375 -0.0516749
0.40625 0.34375 -0.0674852
0.40625 0.375 -0.0942138
0.375 0.375 -0.0780163
0.375 0.34375 -0.0516749
0.375 0.3125 -0.0249243
0.40625 0.3125 -0.0404796
0.40625 0.34375 -0.0674852
0.375 0.34375 -0.0516749
0.40625 0.375 -0.0942138
0.40625 0.34375 -0.0674852
0.4375 0.34375 -0.0829091
0.4375 0.375 -0.109949
0.40625 0.375 -0.0942138
0.40625 0.34375 -0.0674852
0.40625 0.3125 -0.0404796
0.4375 0.3125 -0.0556787
0.4375 0.34375 -0.0829091
0.40625 0.34375 -0.0674852
0.375 0.3125 -0.0249243
0.375 0.28125 0.00202603
0.40625 0.28125 -0.0133594
0.40625 0.3125 -0.0404796
0.375 0.3125 -0.0249243
0.375 0.28125 0.00202603
0.375 0.25 0.0291719
0.40625 0.25 0.0139477
0.40625 0.28125 -0.0133594
0.375 0.28125 0.00202603
0.40625 0.3125 -0.0404796
0.40625 0.28125 -0.0133594
0.4375 0.28125 -0.0283327
0.4375 0.3125 -0.0556787
0.40625 0.3125 -0.0404796
0.40625 0.28125 -0.0133594
0.40625 0.25 0.0139477
0.4375 0.25 -0.00085689
0.4375 0.28125 -0.0283327
0.40625 0.28125 -0.0133594
0.4375 0.375 -0.109949
0.4375 0.34375 -0.0829091
0.46875 0.34375 -0.0978044
0.46875 0.375 -0.125161
0.4375 0.375 -0.109949
0.4375 0.34375 -0.0829091
0.4375 0.3125 -0.0556787
0.46875 0.3125 -0.070277
0.46875 0.34375 -0.0978044
0.4375 0.34375 -0.0829091
0.46875 0.375 -0.125161
0.46875 0.34375 -0.0978044
0.5 0.34375 -0.111845
0.5 0.375 -0.139621
0.46875 0.375 -0.125161
0.46875 0.34375 -0.0978044
0.46875 0.3125 -0.070277
0.5 0.3125 -0.0838301
0.5 0.34375 -0.111845
0.46875 0.34375 -0.0978044
0.4375 0.3125 -0.0556787
0.4375 0.28125 -0.0283327
0.46875 0.28125 -0.0425755
0.46875 0.3125 -0.070277
0.4375 0.3125 -0.0556787
0.4375 0.28125 -0.0283327
0.4375 0.25 -0.00085689
0.46875 0.25 -0.0146754
0.46875 0.28125 -0.0425755
0.4375 0.28125 -0.0283327
0.46875 0.3125 -0.070277
0.46875 0.28125 -0.0425755
0.5 0.28125 -0.0555602
0.5 0.3125 -0.0838301
0.46875 0.3125 -0.070277
0.46875 0.28125 -0.0425755
0.46875 0.25 -0.0146754
0.5 0.25 -0.0269982
0.5 0.28125 -0.0555602
0.46875 0.28125 -0.0425755
0.25 0.25 0.0937719
0.25 0.21875 0.120014
0.28125 0.21875 0.103498
0.28125 0.25 0.0768637
0.25 0.25 0.0937719
0.25 0.21875 0.120014
0.25 0.1875 0.146508
0.28125 0.1875 0.130281
0.28125 0.21875 0.103498
0.25 0.21875 0.120014
0.28125 0.25 0.0768637
0.28125 0.21875 0.103498
0.3125 0.21875 0.0874609
0.3125 0.25 0.0605768
0.28125 0.25 0.0768637
0.28125 0.21875 0.103498
0.28125 0.1875 0.130281
0.3125 0.1875 0.114452
0.3125 0.21875 0.0874609
0.28125 0.21875 0.103498
0.25 0.1875 0.146508
0.25 0.125 0.199995
0.3125 0.125 0.168764
0.3125 0.1875 0.114452
0.25 0.1875 0.146508
0.3125 0.25 0.0605768
0.3125 0.21875 0.0874609
0.34375 0.21875 0.0717843
0.34375 0.25 0.0447096
0.3125 0.25 0.0605768
0.3125 0.21875 0.0874609
0.3125 0.1875 0.114452
0.34375 0.1875 0.0989675
0.34375 0.21875 0.0717843
0.3125 0.21875 0.0874609
0.34375 0.25 0.0447096
0.34375 0.21875 0.0717843
0.375 0.21875 0.0564315
0.375 0.25 0.0291719
0.34375 0.25 0.0447096
0.34375 0.21875 0.0717843
0.34375 0.1875 0.0989675
0.375 0.1875 0.0838177
0.375 0.21875 0.0564315
0.34375 0.21875 0.0717843
0.3125 0.1875 0.114452
0.3125 0.15625 0.141551
0.34375 0.15625 0.126266
0.34375 0.1875 0.0989675
0.3125 0.1875 0.114452
0.3125 0.15625 0.141551
0.3125 0.125 0.168764
0.34375 0.125 0.153691
0.34375 0.15625 0.126266
0.3125 0.15625 0.141551
0.34375 0.1875 0.0989675
0.34375 0.15625 0.126266
0.375 0.15625 0.111349
0.375 0.1875 0.0838177
0.34375 0.1875 0.0989675
0.34375 0.15625 0.126266
0.34375 0.125 0.153691
0.375 0.125 0.139047
0.375 0.15625 0.111349
0.34375 0.15625 0.126266
0.25 0.125 0.199995
0.25 0.0625 0.253924
0.3125 0.0625 0.223628
0.3125 0.125 0.168764
0.25 0.125 0.199995
0.25 0.0625 0.253924
0.25 0 0.308647
0.3125 0 0.27948
0.3125 0.0625 0.223628
0.25 0.0625 0.253924
0.3125 0.125 0.168764
0.3125 0.0625 0.223628
0.375 0.0625 0.195147
0.375 0.125 0.139047
0.3125 0.125 0.168764
0.3125 0.0625 0.223628
0.3125 0 0.27948
0.375 0 0.25256
0.375 0.0625 0.195147
0.3125 0.0625 0.223628
0.375 0.25 0.0291719
0.375 0.21875 0.0564315
0.40625 0.21875 0.0414289
0.40625 0.25 0.0139477
0.375 0.25 0.0291719
0.375 0.21875 0.0564315
0.375 0.1875 0.0838177
0.40625 0.1875 0.0690976
0.40625 0.21875 0.0414289
0.375 0.21875 0.0564315
0.40625 0.25 0.0139477
0.40625 0.21875 0.0414289
0.4375 0.21875 0.027
0.4375 0.25 -0.00085689
0.40625 0.25 0.0139477
0.40625 0.21875 0.0414289
0.40625 0.1875 0.0690976
0.4375 0.1875 0.0551281
0.4375 0.21875 0.027
0.40625 0.21875 0.0414289
0.375 0.1875 0.0838177
0.375 0.15625 0.111349
0.40625 0.15625 0.0969763
0.40625 0.1875 0.0690976
0.375 0.1875 0.0838177
0.375 0.15625 0.111349
0.375 0.125 0.139047
0.40625 0.125 0.125084
0.40625 0.15625 0.0969763
0.375 0.15625 0.111349
0.40625 0.1875 0.0690976
0.40625 0.15625 0.0969763
0.4375 0.15625 0.0835381
0.4375 0.1875 0.0551281
0.40625 0.1875 0.0690976
0.40625 0.15625 0.0969763
0.40625 0.125 0.125084
0.4375 0.125 0.112228
0.4375 0.15625 0.0835381
0.40625 0.15625 0.0969763
0.4375 0.25 -0.00085689
0.4375 0.21875 0.027
0.46875 0.21875 0.0136534
0.46875 0.25 -0.0146754
0.4375 0.25 -0.00085689
0.4375 0.21875 0.027
0.4375 0.1875 0.0551281
0.46875 0.1875 0.0424379
0.46875 0.21875 0.0136534
0.4375 0.21875 0.027
0.46875 0.25 -0.0146754
0.46875 0.21875 0.0136534
0.5 0.21875 0.00190958
0.5 0.25 -0.0269982
0.46875 0.25 -0.0146754
0.46875 0.21875 0.0136534
0.46875 0.1875 0.0424379
0.5 0.1875 0.0316739
0.5 0.21875 0.00190958
0.46875 0.21875 0.0136534
0.4375 0.1875 0.0551281
0.4375 0.15625 0.0835381
0.46875 0.15625 0.0715829
0.46875 0.1875 0.0424379
0.4375 0.1875 0.0551281
0.4375 0.15625 0.0835381
0.4375 0.125 0.112228
0.46875 0.125 0.101008
0.46875 0.15625 0.0715829
0.4375 0.15625 0.0835381
0.46875 0.1875 0.0424379
0.46875 0.15625 0.0715829
0.5 0.15625 0.0617596
0.5 0.1875 0.0316739
0.46875 0.1875 0.0424379
0.46875 0.15625 0.0715829
0.46875 0.125 0.101008
0.5 0.125 0.0920475
0.5 0.15625 0.0617596
0.46875 0.15625 0.0715829
0.375 0.125 0.139047
0.375 0.0625 0.195147
0.4375 0.0625 0.170496
0.4375 0.125 0.112228
0.375 0.125 0.139047
0.375 0.0625 0.195147
0.375 0 0.25256
0.4375 0 0.230083
0.4375 0.0625 0.170496
0.375 0.0625 0.195147
0.4375 0.125 0.112228
0.4375 0.0625 0.170496
0.5 0.0625 0.153175
0.5 0.125 0.0920475
0.4375 0.125 0.112228
0.4375 0.0625 0.170496
0.4375 0 0.230083
0.5 0 0.214891
0.5 0.0625 0.153175
0.4375 0.0625 0.170496
0.5 1 0.215291
0.5 0.9375 0.15364
0.5625 0.9375 0.171865
0.5625 1 0.231301
0.5 1 0.215291
0.5 0.9375 0.15364
0.5 0.875 0.09238
0.5625 0.875 0.112921
0.5625 0.9375 0.171865
0.5 0.9375 0.15364
0.5625 1 0.231301
0.5625 0.9375 0.171865
0.625 0.9375 0.196594
0.625 1 0.254014
0.5625 1 0.231301
0.5625 0.9375 0.171865
0.5625 0.875 0.112921
0.625 0.875 0.139703
0.625 0.9375 0.196594
0.5625 0.9375 0.171865
0.5 0.875 0.09238
0.5 0.84375 0.061949
0.53125 0.84375 0.0718446
0.53125 0.875 0.101493
0.5 0.875 0.09238
0.5 0.84375 0.061949
0.5 0.8125 0.0316895
0.53125 0.8125 0.0424681
0.53125 0.84375 0.0718446
0.5 0.84375 0.061949
0.53125 0.875 0.101493
0.53125 0.84375 0.0718446
0.5625 0.84375 0.083992
0.5625 0.875 0.112921
0.53125 0.875 0.101493
0.53125 0.84375 0.0718446
0.53125 0.8125 0.0424681
0.5625 0.8125 0.0553449
0.5625 0.84375 0.083992
0.53125 0.84375 0.0718446
0.5 0.8125 0.0316895
0.5 0.78125 0.00164533
0.53125 0.78125 0.0133931
0.53125 0.8125 0.0424681
0.5 0.8125 0.0316895
0.5 0.78125 0.00164533
0.5 0.75 -0.0275507
0.53125 0.75 -0.0150711
0.53125 0.78125 0.0133931
0.5 0.78125 0.00164533
0.53125 0.8125 0.0424681
0.53125 0.78125 0.0133931
0.5625 0.78125 0.0269863
0.5625 0.8125 0.0553449
0.53125 0.8125 0.0424681
0.53125 0.78125 0.0133931
0.53125 0.75 -0.0150711
0.5625 0.75 -0.00106479
0.5625 0.78125 0.0269863
0.53125 0.78125 0.0133931
0.5625 0.875 0.112921
0.5625 0.84375 0.083992
0.59375 0.84375 0.0974471
0.59375 0.875 0.125805
0.5625 0.875 0.112921
0.5625 0.84375 0.083992
0.5625 0.8125 0.0553449
0.59375 0.8125 0.0693344
0.59375 0.84375 0.0974471
0.5625 0.84375 0.083992
0.59375 0.875 0.125805
0.59375 0.84375 0.0974471
0.625 0.84375 0.111783
0.625 0.875 0.139703
0.59375 0.875 0.125805
0.59375 0.84375 0.0974471
0.59375 0.8125 0.0693344
0.625 0.8125 0.0840681
0.625 0.84375 0.111783
0.59375 0.84375 0.0974471
0.5625 0.8125 0.0553449
0.5625 0.78125 0.0269863
0.59375 0.78125 0.0414706
0.59375 0.8125 0.0693344
0.5625 0.8125 0.0553449
0.5625 0.78125 0.0269863
0.5625 0.75 -0.00106479
0.59375 0.75 0.0138271
0.59375 0.78125 0.0414706
0.5625 0.78125 0.0269863
0.59375 0.8125 0.0693344
0.59375 0.78125 0.0414706
0.625 0.78125 0.0565466
0.625 0.8125 0.0840681
0.59375 0.8125 0.0693344
0.59375 0.78125 0.0414706
0.59375 0.75 0.0138271
0.625 0.75 0.0292026
0.625 0.78125 0.0565466
0.59375 0.78125 0.0414706
0.625 1 0.254014
0.625 0.9375 0.196594
0.6875 0.9375 0.224799
0.6875 1 0.280722
0.625 1 0.254014
0.625 0.9375 0.196594
0.625 0.875 0.139703
0.6875 0.875 0.169353
0.6875 0.9375 0.224799
0.625 0.9375 0.196594
0.6875 1 0.280722
0.6875 0.9375 0.224799
0.75 0.9375 0.255222
0.75 1 0.309856
0.6875 1 0.280722
0.6875 0.9375 0.224799
0.6875 0.875 0.169353
0.75 0.875 0.201018
0.75 0.9375 0.255222
0.6875 0.9375 0.224799
0.625 0.875 0.139703
0.625 0.84375 0.111783
0.65625 0.84375 0.126692
0.65625 0.875 0.15429
0.625 0.875 0.139703
0.625 0.84375 0.111783
0.625 0.8125 0.0840681
0.65625 0.8125 0.0992673
0.65625 0.84375 0.126692
0.625 0.84375 0.111783
0.65625 0.875 0.15429
0.65625 0.84375 0.126692
0.6875 0.84375 0.142028
0.6875 0.875 0.169353
0.65625 0.875 0.15429
0.65625 0.84375 0.126692
0.65625 0.8125 0.0992673
0.6875 0.8125 0.114853
0.6875 0.84375 0.142028
0.65625 0.84375 0.126692
0.625 0.8125 0.0840681
0.625 0.78125 0.0565466
0.65625 0.78125 0.0719946
0.65625 0.8125 0.0992673
0.625 0.8125 0.0840681
0.625 0.78125 0.0565466
0.625 0.75 0.0292026
0.65625 0.75 0.0448788
0.65625 0.78125 0.0719946
0.625 0.78125 0.0565466
0.65625 0.8125 0.0992673
0.65625 0.78125 0.0719946
0.6875 0.78125 0.0878116
0.6875 0.8125 0.114853
0.65625 0.8125 0.0992673
0.65625 0.78125 0.0719946
0.65625 0.75 0.0448788
0.6875 0.75 0.0609075
0.6875 0.78125 0.0878116
0.65625 0.78125 0.0719946
0.6875 0.875 0.169353
0.6875 0.8125 0.114853
0.75 0.8125 0.147452
0.75 0.875 0.201018
0.6875 0.875 0.169353
0.6875 0.8125 0.114853
0.6875 0.78125 0.0878116
0.71875 0.78125 0.104072
0.71875 0.8125 0.13086
0.6875 0.8125 0.114853
0.6875 0.78125 0.0878116
0.6875 0.75 0.0609075
0.71875 0.75 0.0774399
0.71875 0.78125 0.104072
0.6875 0.78125 0.0878116
0.71875 0.8125 0.13086
0.71875 0.78125 0.104072
0.75 0.78125 0.121022
0.75 0.8125 0.147452
0.71875 0.8125 0.13086
0.71875 0.78125 0.104072
0.71875 0.75 0.0774399
0.75 0.75 0.0948834
0.75 0.78125 0.121022
0.71875 0.78125 0.104072
0.5 0.75 -0.0275507
0.5 0.71875 -0.0563207
0.53125 0.71875 -0.0430617
0.53125 0.75 -0.0150711
0.5 0.75 -0.0275507
0.5 0.71875 -0.0563207
0.5 0.6875 -0.0846958
0.53125 0.6875 -0.0708084
0.53125 0.71875 -0.0430617
0.5 0.71875 -0.0563207
0.53125 0.75 -0.0150711
0.53125 0.71875 -0.0430617
0.5625 0.71875 -0.0286005
0.5625 0.75 -0.00106479
0.53125 0.75 -0.0150711
0.53125 0.71875 -0.0430617
0.53125 0.6875 -0.0708084
0.5625 0.6875 -0.055998
0.5625 0.71875 -0.0286005
0.53125 0.71875 -0.0430617
0.5 0.6875 -0.0846958
0.5 0.65625 -0.112764
0.53125 0.65625 -0.098373
0.53125 0.6875 -0.0708084
0.5 0.6875 -0.0846958
0.5 0.65625 -0.112764
0.5 0.625 -0.140546
0.53125 0.625 -0.125773
0.53125 0.65625 -0.098373
0.5 0.65625 -0.112764
0.53125 0.6875 -0.0708084
0.53125 0.65625 -0.098373
0.5625 0.65625 -0.083275
0.5625 0.6875 -0.055998
0.53125 0.6875 -0.0708084
0.53125 0.65625 -0.098373
0.53125 0.625 -0.125773
0.5625 0.625 -0.110433
0.5625 0.65625 -0.083275
0.53125 0.65625 -0.098373
0.5625 0.75 -0.00106479
0.5625 0.71875 -0.0286005
0.59375 0.71875 -0.013496
0.59375 0.75 0.0138271
0.5625 0.75 -0.00106479
0.5625 0.71875 -0.0286005
0.5625 0.6875 -0.055998
0.59375 0.6875 -0.0406734
0.59375 0.71875 -0.013496
0.5625 0.71875 -0.0286005
0.59375 0.75 0.0138271
0.59375 0.71875 -0.013496
0.625 0.71875 0.00200777
0.625 0.75 0.0292026
0.59375 0.75 0.0138271
0.59375 0.71875 -0.013496
0.59375 0.6875 -0.0406734
0.625 0.6875 -0.0249819
0.625 0.71875 0.00200777
0.59375 0.71875 -0.013496
0.5625 0.6875 -0.055998
0.5625 0.65625 -0.083275
0.59375 0.65625 -0.0677394
0.59375 0.6875 -0.0406734
0.5625 0.6875 -0.055998
0.5625 0.65625 -0.083275
0.5625 0.625 -0.110433
0.59375 0.625 -0.0946782
0.59375 0.65625 -0.0677394
0.5625 0.65625 -0.083275
0.59375 0.6875 -0.0406734
0.59375 0.65625 -0.0677394
0.625 0.65625 -0.0518423
0.625 0.6875 -0.0249819
0.59375 0.6875 -0.0406734
0.59375 0.65625 -0.0677394
0.59375 0.625 -0.0946782
0.625 0.625 -0.0785399
0.625 0.65625 -0.0518423
0.59375 0.65625 -0.0677394
0.5 0.625 -0.140546
0.5 0.5625 -0.195578
0.5625 0.5625 -0.164329
0.5625 0.625 -0.110433
0.5 0.625 -0.140546
0.5 0.5625 -0.195578
0.5 0.5 -0.231294
0.5625 0.5 -0.193171
0.5625 0.5625 -0.164329
0.5 0.5625 -0.195578
0.5625 0.625 -0.110433
0.5625 0.59375 -0.137467
0.59375 0.59375 -0.121457
0.59375 0.625 -0.0946782
0.5625 0.625 -0.110433
0.5625 0.59375 -0.137467
0.5625 0.5625 -0.164329
0.59375 0.5625 -0.147977
0.59375 0.59375 -0.121457
0.5625 0.59375 -0.137467
0.59375 0.625 -0.0946782
0.59375 0.59375 -0.121457
0.625 0.59375 -0.104982
0.625 0.625 -0.0785399
0.59375 0.625 -0.0946782
0.59375 0.59375 -0.121457
0.59375 0.5625 -0.147977
0.625 0.5625 -0.130848
0.625 0.59375 -0.104982
0.59375 0.59375 -0.121457
0.5625 0.5625 -0.164329
0.5625 0.5 -0.193171
0.625 0.5 -0.138759
0.625 0.5625 -0.130848
0.5625 0.5625 -0.164329
0.625 0.75 0.0292026
0.625 0.71875 0.00200777
0.65625 0.71875 0.0178763
0.65625 0.75 0.0448788
0.625 0.75 0.0292026
0.625 0.71875 0.00200777
0.625 0.6875 -0.0249819
0.65625 0.6875 -0.00895359
0.65625 0.71875 0.0178763
0.625 0.71875 0.00200777
0.65625 0.75 0.0448788
0.65625 0.71875 0.0178763
0.6875 0.71875 0.0341262
0.6875 0.75 0.0609075
0.65625 0.75 0.0448788
0.65625 0.71875 0.0178763
0.65625 0.6875 -0.00895359
0.6875 0.6875 0.00748191
0.6875 0.71875 0.0341262
0.65625 0.71875 0.0178763
0.625 0.6875 -0.0249819
0.625 0.65625 -0.0518423
0.65625 0.65625 -0.0355803
0.65625 0.6875 -0.00895359
0.625 0.6875 -0.0249819
0.625 0.65625 -0.0518423
0.625 0.625 -0.0785399
0.65625 0.625 -0.0619246
0.65625 0.65625 -0.0355803
0.625 0.65625 -0.0518423
0.65625 0.6875 -0.00895359
0.65625 0.65625 -0.0355803
0.6875 0.65625 -0.0187966
0.6875 0.6875 0.00748191
0.65625 0.6875 -0.00895359
0.65625 0.65625 -0.0355803
0.65625 0.625 -0.0619246
0.6875 0.625 -0.0444776
0.6875 0.65625 -0.0187966
0.65625 0.65625 -0.0355803
0.6875 0.75 0.0609075
0.6875 0.71875 0.0341262
0.71875 0.71875 0.0509912
0.71875 0.75 0.0774399
0.6875 0.75 0.0609075
0.6875 0.71875 0.0341262
0.6875 0.6875 0.00748191
0.71875 0.6875 0.0247685
0.71875 0.71875 0.0509912
0.6875 0.71875 0.0341262
0.71875 0.75 0.0774399
0.71875 0.71875 0.0509912
0.75 0.71875 0.0690745
0.75 0.75 0.0948834
0.71875 0.75 0.0774399
0.71875 0.71875 0.0509912
0.71875 0.6875 0.0247685
0.75 0.6875 0.0437892
0.75 0.71875 0.0690745
0.71875 0.71875 0.0509912
0.6875 0.6875 0.00748191
0.6875 0.65625 -0.0187966
0.71875 0.65625 -0.00110785
0.71875 0.6875 0.0247685
0.6875 0.6875 0.00748191
0.6875 0.65625 -0.0187966
0.6875 0.625 -0.0444776
0.71875 0.625 -0.0254628
0.71875 0.65625 -0.00110785
0.6875 0.65625 -0.0187966
0.71875 0.6875 0.0247685
0.71875 0.65625 -0.00110785
0.75 0.65625 0.0192862
0.75 0.6875 0.0437892
0.71875 0.6875 0.0247685
0.71875 0.65625 -0.00110785
0.71875 0.625 -0.0254628
0.75 0.625 -0.00349327
0.75 0.65625 0.0192862
0.71875 0.65625 -0.00110785
0.625 0.625 -0.0785399
0.625 0.59375 -0.104982
0.65625 0.59375 -0.0877311
0.65625 0.625 -0.0619246
0.625 0.625 -0.0785399
0.625 0.59375 -0.104982
0.625 0.5625 -0.130848
0.65625 0.5625 -0.112051
0.65625 0.59375 -0.0877311
0.625 0.59375 -0.104982
0.65625 0.625 -0.0619246
0.65625 0.59375 -0.0877311
0.6875 0.59375 -0.0689442
0.6875 0.625 -0.0444776
0.65625 0.625 -0.0619246
0.65625 0.59375 -0.0877311
0.65625 0.5625 -0.112051
0.6875 0.5625 -0.0898091
0.6875 0.59375 -0.0689442
0.65625 0.59375 -0.0877311
0.625 0.5625 -0.130848
0.625 0.53125 -0.149637
0.65625 0.53125 -0.121806
0.65625 0.5625 -0.112051
0.625 0.5625 -0.130848
0.625 0.53125 -0.149637
0.625 0.5 -0.138759
0.65625 0.5 -0.110954
0.65625 0.53125 -0.121806
0.625 0.53125 -0.149637
0.65625 0.5625 -0.112051
0.65625 0.53125 -0.121806
0.6875 0.53125 -0.092877
0.6875 0.5625 -0.0898091
0.65625 0.5625 -0.112051
0.65625 0.53125 -0.121806
0.65625 0.5 -0.110954
0.6875 0.5 -0.0829498
0.6875 0.53125 -0.092877
0.65625 0.53125 -0.121806
0.6875 0.625 -0.0444776
0.6875 0.59375 -0.0689442
0.71875 0.59375 -0.0473561
0.71875 0.625 -0.0254628
0.6875 0.625 -0.0444776
0.6875 0.59375 -0.0689442
0.6875 0.5625 -0.0898091
0.71875 0.5625 -0.0636623
0.71875 0.59375 -0.0473561
0.6875 0.59375 -0.0689442
0.71875 0.625 -0.0254628
0.71875 0.59375 -0.0473561
0.75 0.59375 -0.0225097
0.75 0.625 -0.00349327
0.71875 0.625 -0.0254628
0.71875 0.59375 -0.0473561
0.71875 0.5625 -0.0636623
0.75 0.5625 -0.034754
0.75 0.59375 -0.0225097
0.71875 0.59375 -0.0473561
0.6875 0.5625 -0.0898091
0.6875 0.53125 -0.092877
0.71875 0.53125 -0.0636551
0.71875 0.5625 -0.0636623
0.6875 0.5625 -0.0898091
0.6875 0.53125 -0.092877
0.6875 0.5 -0.0829498
0.71875 0.5 -0.0547303
0.71875 0.53125 -0.0636551
0.6875 0.53125 -0.092877
0.71875 0.5625 -0.0636623
0.71875 0.53125 -0.0636551
0.75 0.53125 -0.0341367
0.75 0.5625 -0.034754
0.71875 0.5625 -0.0636623
0.71875 0.53125 -0.0636551
0.71875 0.5 -0.0547303
0.75 0.5 -0.0262785
0.75 0.53125 -0.0341367
0.71875 0.53125 -0.0636551
0.75 1 0.309856
0.75 0.875 0.201018
0.875 0.875 0.274255
0.875 1 0.376424
0.75 1 0.309856
0.75 0.875 0.201018
0.75 0.8125 0.147452
0.8125 0.8125 0.183966
0.8125 0.875 0.235537
0.75 0.875 0.201018
0.75 0.8125 0.147452
0.75 0.75 0.0948834
0.8125 0.75 0.134133
0.8125 0.8125 0.183966
0.75 0.8125 0.147452
0.8125 0.875 0.235537
0.8125 0.8125 0.183966
0.875 0.8125 0.226077
0.875 0.875 0.274255
0.8125 0.875 0.235537
0.8125 0.8125 0.183966
0.8125 0.75 0.134133
0.875 0.75 0.180964
0.875 0.8125 0.226077
0.8125 0.8125 0.183966
0.875 1 0.376424
0.875 0.875 0.274255
1 0.875 0.370976
1 1 0.462022
0.875 1 0.376424
0.875 0.875 0.274255
0.875 0.75 0.180964
1 0.75 0.287836
1 0.875 0.370976
0.875 0.875 0.274255
0.75 0.75 0.0948834
0.75 0.71875 0.0690745
0.78125 0.71875 0.0889402
0.78125 0.75 0.113659
0.75 0.75 0.0948834
0.75 0.71875 0.0690745
0.75 0.6875 0.0437892
0.78125 0.6875 0.0651052
0.78125 0.71875 0.0889402
0.75 0.71875 0.0690745
0.78125 0.75 0.113659
0.78125 0.71875 0.0889402
0.8125 0.71875 0.110735
0.8125 0.75 0.134133
0.78125 0.75 0.113659
0.78125 0.71875 0.0889402
0.78125 0.6875 0.0651052
0.8125 0.6875 0.0886568
0.8125 0.71875 0.110735
0.78125 0.71875 0.0889402
0.75 0.6875 0.0437892
0.75 0.65625 0.0192862
0.78125 0.65625 0.042667
0.78125 0.6875 0.0651052
0.75 0.6875 0.0437892
0.75 0.65625 0.0192862
0.75 0.625 -0.00349327
0.78125 0.625 0.0222629
0.78125 0.65625 0.042667
0.75 0.65625 0.0192862
0.78125 0.6875 0.0651052
0.78125 0.65625 0.042667
0.8125 0.65625 0.0682962
0.8125 0.6875 0.0886568
0.78125 0.6875 0.0651052
0.78125 0.65625 0.042667
0.78125 0.625 0.0222629
0.8125 0.625 0.0503094
0.8125 0.65625 0.0682962
0.78125 0.65625 0.042667
0.8125 0.75 0.134133
0.8125 0.6875 0.0886568
0.875 0.6875 0.140271
0.875 0.75 0.180964
0.8125 0.75 0.134133
0.8125 0.6875 0.0886568
0.8125 0.65625 0.0682962
0.84375 0.65625 0.0953803
0.84375 0.6875 0.113961
0.8125 0.6875 0.0886568
0.8125 0.65625 0.0682962
0.8125 0.625 0.0503094
0.84375 0.625 0.0792539
0.84375 0.65625 0.0953803
0.8125 0.65625 0.0682962
0.84375 0.6875 0.113961
0.84375 0.65625 0.0953803
0.875 0.65625 0.123208
0.875 0.6875 0.140271
0.84375 0.6875 0.113961
0.84375 0.65625 0.0953803
0.84375 0.625 0.0792539
0.875 0.625 0.108606
0.875 0.65625 0.123208
0.84375 0.65625 0.0953803
0.75 0.625 -0.00349327
0.75 0.59375 -0.0225097
0.78125 0.59375 0.00513502
0.78125 0.625 0.0222629
0.75 0.625 -0.00349327
0.75 0.59375 -0.0225097
0.75 0.5625 -0.034754
0.78125 0.5625 -0.00439253
0.78125 0.59375 0.00513502
0.75 0.59375 -0.0225097
0.78125 0.625 0.0222629
0.78125 0.59375 0.00513502
0.8125 0.59375 0.0357545
0.8125 0.625 0.0503094
0.78125 0.625 0.0222629
0.78125 0.59375 0.00513502
0.78125 0.5625 -0.00439253
0.8125 0.5625 0.0267519
0.8125 0.59375 0.0357545
0.78125 0.59375 0.00513502
0.75 0.5625 -0.034754
0.75 0.53125 -0.0341367
0.78125 0.53125 -0.00432117
0.78125 0.5625 -0.00439253
0.75 0.5625 -0.034754
0.75 0.53125 -0.0341367
0.75 0.5 -0.0262785
0.78125 0.5 0.00257729
0.78125 0.53125 -0.00432117
0.75 0.53125 -0.0341367
0.78125 0.5625 -0.00439253
0.78125 0.53125 -0.00432117
0.8125 0.53125 0.0266173
0.8125 0.5625 0.0267519
0.78125 0.5625 -0.00439253
0.78125 0.53125 -0.00432117
0.78125 0.5 0.00257729
0.8125 0.5 0.0326393
0.8125 0.53125 0.0266173
0.78125 0.53125 -0.00432117
0.8125 0.625 0.0503094
0.8125 0.59375 0.0357545
0.84375 0.59375 0.0663838
0.84375 0.625 0.0792539
0.8125 0.625 0.0503094
0.8125 0.59375 0.0357545
0.8125 0.5625 0.0267519
0.84375 0.5625 0.0580001
0.84375 0.59375 0.0663838
0.8125 0.59375 0.0357545
0.84375 0.625 0.0792539
0.84375 0.59375 0.0663838
0.875 0.59375 0.0970364
0.875 0.625 0.108606
0.84375 0.625 0.0792539
0.84375 0.59375 0.0663838
0.84375 0.5625 0.0580001
0.875 0.5625 0.0892383
0.875 0.59375 0.0970364
0.84375 0.59375 0.0663838
0.8125 0.5625 0.0267519
0.8125 0.53125 0.0266173
0.84375 0.53125 0.0577344
0.84375 0.5625 0.0580001
0.8125 0.5625 0.0267519
0.8125 0.53125 0.0266173
0.8125 0.5 0.0326393
0.84375 0.5 0.0629592
0.84375 0.53125 0.0577344
0.8125 0.53125 0.0266173
0.84375 0.5625 0.0580001
0.84375 0.53125 0.0577344
0.875 0.53125 0.0888988
0.875 0.5625 0.0892383
0.84375 0.5625 0.0580001
0.84375 0.53125 0.0577344
0.84375 0.5 0.0629592
0.875 0.5 0.09344
0.875 0.53125 0.0888988
0.84375 0.53125 0.0577344
0.875 0.75 0.180964
0.875 0.6875 0.140271
0.9375 0.6875 0.197182
0.9375 0.75 0.232482
0.875 0.75 0.180964
0.875 0.6875 0.140271
0.875 0.625 0.108606
0.9375 0.625 0.169581
0.9375 0.6875 0.197182
0.875 0.6875 0.140271
0.9375 0.75 0.232482
0.9375 0.6875 0.197182
1 0.6875 0.255789
1 0.75 0.287836
0.9375 0.75 0.232482
0.9375 0.6875 0.197182
0.9375 0.625 0.169581
1 0.625 0.230781
1 0.6875 0.255789
0.9375 0.6875 0.197182
0.875 0.625 0.108606
0.875 0.5625 0.0892383
0.9375 0.5625 0.151716
0.9375 0.625 0.169581
0.875 0.625 0.108606
0.875 0.5625 0.0892383
0.875 0.5 0.09344
0.9375 0.5 0.154976
0.9375 0.5625 0.151716
0.875 0.5625 0.0892383
0.9375 0.625 0.169581
0.9375 0.5625 0.151716
1 0.5625 0.214202
1 0.625 0.230781
0.9375 0.625 0.169581
0.9375 0.5625 0.151716
0.9375 0.5 0.154976
1 0.5 0.216904
1 0.5625 0.214202
0.9375 0.5625 0.151716
0.5 0.5 -0.231294
0.5 0.4375 -0.194084
0.5625 0.4375 -0.163056
0.5625 0.5 -0.193171
0.5 0.5 -0.231294
0.5 0.4375 -0.194084
0.5 0.375 -0.139621
0.5625 0.375 -0.128832
0.5625 0.4375 -0.163056
0.5 0.4375 -0.194084
0.5625 0.5 -0.193171
0.5625 0.4375 -0.163056
0.625 0.4375 -0.109846
0.625 0.5 -0.138759
0.5625 0.5 -0.193171
0.5625 0.4375 -0.163056
0.5625 0.40625 -0.146511
0.59375 0.40625 -0.12073
0.59375 0.4375 -0.136659
0.5625 0.4375 -0.163056
0.5625 0.40625 -0.146511
0.5625 0.375 -0.128832
0.59375 0.375 -0.1042
0.59375 0.40625 -0.12073
0.5625 0.40625 -0.146511
0.59375 0.4375 -0.136659
0.59375 0.40625 -0.12073
0.625 0.40625 -0.0942489
0.625 0.4375 -0.109846
0.59375 0.4375 -0.136659
0.59375 0.40625 -0.12073
0.59375 0.375 -0.1042
0.625 0.375 -0.0782335
0.625 0.40625 -0.0942489
0.59375 0.40625 -0.12073
0.5 0.375 -0.139621
0.5 0.34375 -0.111845
0.53125 0.34375 -0.124184
0.53125 0.375 -0.148971
0.5 0.375 -0.139621
0.5 0.34375 -0.111845
0.5 0.3125 -0.0838301
0.53125 0.3125 -0.0953269
0.53125 0.34375 -0.124184
0.5 0.34375 -0.111845
0.53125 0.375 -0.148971
0.53125 0.34375 -0.124184
0.5625 0.34375 -0.109627
0.5625 0.375 -0.128832
0.53125 0.375 -0.148971
0.53125 0.34375 -0.124184
0.53125 0.3125 -0.0953269
0.5625 0.3125 -0.088157
0.5625 0.34375 -0.109627
0.53125 0.34375 -0.124184
0.5 0.3125 -0.0838301
0.5 0.28125 -0.0555602
0.53125 0.28125 -0.0660758
0.53125 0.3125 -0.0953269
0.5 0.3125 -0.0838301
0.5 0.28125 -0.0555602
0.5 0.25 -0.0269982
0.53125 0.25 -0.036424
0.53125 0.28125 -0.0660758
0.5 0.28125 -0.0555602
0.53125 0.3125 -0.0953269
0.53125 0.28125 -0.0660758
0.5625 0.28125 -0.0640532
0.5625 0.3125 -0.088157
0.53125 0.3125 -0.0953269
0.53125 0.28125 -0.0660758
0.53125 0.25 -0.036424
0.5625 0.25 -0.0369734
0.5625 0.28125 -0.0640532
0.53125 0.28125 -0.0660758
0.5625 0.375 -0.128832
0.5625 0.34375 -0.109627
0.59375 0.34375 -0.086813
0.59375 0.375 -0.1042
0.5625 0.375 -0.128832
0.5625 0.34375 -0.109627
0.5625 0.3125 -0.088157
0.59375 0.3125 -0.0681815
0.59375 0.34375 -0.086813
0.5625 0.34375 -0.109627
0.59375 0.375 -0.1042
0.59375 0.34375 -0.086813
0.625 0.34375 -0.061721
0.625 0.375 -0.0782335
0.59375 0.375 -0.1042
0.59375 0.34375 -0.086813
0.59375 0.3125 -0.0681815
0.625 0.3125 -0.0445129
0.625 0.34375 -0.061721
0.59375 0.34375 -0.086813
0.5625 0.3125 -0.088157
0.5625 0.28125 -0.0640532
0.59375 0.28125 -0.047711
0.59375 0.3125 -0.0681815
0.5625 0.3125 -0.088157
0.5625 0.28125 -0.0640532
0.5625 0.25 -0.0369734
0.59375 0.25 -0.0249201
0.59375 0.28125 -0.047711
0.5625 0.28125 -0.0640532
0.59375 0.3125 -0.0681815
0.59375 0.28125 -0.047711
0.625 0.28125 -0.0262618
0.625 0.3125 -0.0445129
0.59375 0.3125 -0.0681815
0.59375 0.28125 -0.047711
0.59375 0.25 -0.0249201
0.625 0.25 -0.00632534
0.625 0.28125 -0.0262618
0.59375 0.28125 -0.047711
0.625 0.5 -0.138759
0.625 0.46875 -0.124775
0.65625 0.46875 -0.0974212
0.65625 0.5 -0.110954
0.625 0.5 -0.138759
0.625 0.46875 -0.124775
0.625 0.4375 -0.109846
0.65625 0.4375 -0.0828172
0.65625 0.46875 -0.0974212
0.625 0.46875 -0.124775
0.65625 0.5 -0.110954
0.65625 0.46875 -0.0974212
0.6875 0.46875 -0.0699178
0.6875 0.5 -0.0829498
0.65625 0.5 -0.110954
0.65625 0.46875 -0.0974212
0.65625 0.4375 -0.0828172
0.6875 0.4375 -0.0556529
0.6875 0.46875 -0.0699178
0.65625 0.46875 -0.0974212
0.625 0.4375 -0.109846
0.625 0.40625 -0.0942489
0.65625 0.40625 -0.067453
0.65625 0.4375 -0.0828172
0.625 0.4375 -0.109846
0.625 0.40625 -0.0942489
0.625 0.375 -0.0782335
0.65625 0.375 -0.0517286
0.65625 0.40625 -0.067453
0.625 0.40625 -0.0942489
0.65625 0.4375 -0.0828172
0.65625 0.40625 -0.067453
0.6875 0.40625 -0.040488
0.6875 0.4375 -0.0556529
0.65625 0.4375 -0.0828172
0.65625 0.40625 -0.067453
0.65625 0.375 -0.0517286
0.6875 0.375 -0.0249636
0.6875 0.40625 -0.040488
0.65625 0.40625 -0.067453
0.6875 0.5 -0.0829498
0.6875 0.46875 -0.0699178
0.71875 0.46875 -0.0422721
0.71875 0.5 -0.0547303
0.6875 0.5 -0.0829498
0.6875 0.46875 -0.0699178
0.6875 0.4375 -0.0556529
0.71875 0.4375 -0.0283815
0.71875 0.46875 -0.0422721
0.6875 0.46875 -0.0699178
0.71875 0.5 -0.0547303
0.71875 0.46875 -0.0422721
0.75 0.46875 -0.0144841
0.75 0.5 -0.0262785
0.71875 0.5 -0.0547303
0.71875 0.46875 -0.0422721
0.71875 0.4375 -0.0283815
0.75 0.4375 -0.00101436
0.75 0.46875 -0.0144841
0.71875 0.46875 -0.0422721
0.6875 0.4375 -0.0556529
0.6875 0.40625 -0.040488
0.71875 0.40625 -0.0133947
0.71875 0.4375 -0.0283815
0.6875 0.4375 -0.0556529
0.6875 0.40625 -0.040488
0.6875 0.375 -0.0249636
0.71875 0.375 0.00196472
0.71875 0.40625 -0.0133947
0.6875 0.40625 -0.040488
0.71875 0.4375 -0.0283815
0.71875 0.40625 -0.0133947
0.75 0.40625 0.0138654
0.75 0.4375 -0.00101436
0.71875 0.4375 -0.0283815
0.71875 0.40625 -0.0133947
0.71875 0.375 0.00196472
0.75 0.375 0.0291045
0.75 0.40625 0.0138654
0.71875 0.40625 -0.0133947
0.625 0.375 -0.0782335
0.625 0.34375 -0.061721
0.65625 0.34375 -0.0356429
0.65625 0.375 -0.0517286
0.625 0.375 -0.0782335
0.625 0.34375 -0.061721
0.625 0.3125 -0.0445129
0.65625 0.3125 -0.0191115
0.65625 0.34375 -0.0356429
0.625 0.34375 -0.061721
0.65625 0.375 -0.0517286
0.65625 0.34375 -0.0356429
0.6875 0.34375 -0.0091194
0.6875 0.375 -0.0249636
0.65625 0.375 -0.0517286
0.65625 0.34375 -0.0356429
0.65625 0.3125 -0.0191115
0.6875 0.3125 0.00712585
0.6875 0.34375 -0.0091194
0.65625 0.34375 -0.0356429
0.625 0.3125 -0.0445129
0.625 0.28125 -0.0262618
0.65625 0.28125 -0.00204294
0.65625 0.3125 -0.0191115
0.625 0.3125 -0.0445129
0.625 0.28125 -0.0262618
0.625 0.25 -0.00632534
0.65625 0.25 0.0168079
0.65625 0.28125 -0.00204294
0.625 0.28125 -0.0262618
0.65625 0.3125 -0.0191115
0.65625 0.28125 -0.00204294
0.6875 0.28125 0.0239307
0.6875 0.3125 0.00712585
0.65625 0.3125 -0.0191115
0.65625 0.28125 -0.00204294
0.65625 0.25 0.0168079
0.6875 0.25 0.0417543
0.6875 0.28125 0.0239307
0.65625 0.28125 -0.00204294
0.6875 0.375 -0.0249636
0.6875 0.34375 -0.0091194
0.71875 0.34375 0.0176923
0.71875 0.375 0.00196472
0.6875 0.375 -0.0249636
0.6875 0.34375 -0.0091194
0.6875 0.3125 0.00712585
0.71875 0.3125 0.0337597
0.71875 0.34375 0.0176923
0.6875 0.34375 -0.0091194
0.71875 0.375 0.00196472
0.71875 0.34375 0.0176923
0.75 0.34375 0.0446561
0.75 0.375 0.0291045
0.71875 0.375 0.00196472
0.71875 0.34375 0.0176923
0.71875 0.3125 0.0337597
0.75 0.3125 0.0605276
0.75 0.34375 0.0446561
0.71875 0.34375 0.0176923
0.6875 0.3125 0.00712585
0.6875 0.28125 0.0239307
0.71875 0.28125 0.0502468
0.71875 0.3125 0.0337597
0.6875 0.3125 0.00712585
0.6875 0.28125 0.0239307
0.6875 0.25 0.0417543
0.71875 0.25 0.0674224
0.71875 0.28125 0.0502468
0.6875 0.28125 0.0239307
0.71875 0.3125 0.0337597
0.71875 0.28125 0.0502468
0.75 0.28125 0.0767616
0.75 0.3125 0.0605276
0.71875 0.3125 0.0337597
0.71875 0.28125 0.0502468
0.71875 0.25 0.0674224
0.75 0.25 0.0935063
0.75 0.28125 0.0767616
0.71875 0.28125 0.0502468
0.5 0.25 -0.0269982
0.5 0.21875 0.00190958
0.53125 0.21875 -0.00639607
0.53125 0.25 -0.036424
0.5 0.25 -0.0269982
0.5 0.21875 0.00190958
0.5 0.1875 0.0316739
0.53125 0.1875 0.0244182
0.53125 0.21875 -0.00639607
0.5 0.21875 0.00190958
0.53125 0.25 -0.036424
0.53125 0.21875 -0.00639607
0.5625 0.21875 -0.00795423
0.5625 0.25 -0.0369734
0.53125 0.25 -0.036424
0.53125 0.21875 -0.00639607
0.53125 0.1875 0.0244182
0.5625 0.1875 0.0231537
0.5625 0.21875 -0.00795423
0.53125 0.21875 -0.00639607
0.5 0.1875 0.0316739
0.5 0.15625 0.0617596
0.53125 0.15625 0.0554214
0.53125 0.1875 0.0244182
0.5 0.1875 0.0316739
0.5 0.15625 0.0617596
0.5 0.125 0.0920475
0.53125 0.125 0.0864804
0.53125 0.15625 0.0554214
0.5 0.15625 0.0617596
0.53125 0.1875 0.0244182
0.53125 0.15625 0.0554214
0.5625 0.15625 0.0543608
0.5625 0.1875 0.0231537
0.53125 0.1875 0.0244182
0.53125 0.15625 0.0554214
0.53125 0.125 0.0864804
0.5625 0.125 0.0855683
0.5625 0.15625 0.0543608
0.53125 0.15625 0.0554214
0.5625 0.25 -0.0369734
0.5625 0.21875 -0.00795423
0.59375 0.21875 0.000493909
0.59375 0.25 -0.0249201
0.5625 0.25 -0.0369734
0.5625 0.21875 -0.00795423
0.5625 0.1875 0.0231537
0.59375 0.1875 0.0297693
0.59375 0.21875 0.000493909
0.5625 0.21875 -0.00795423
0.59375 0.25 -0.0249201
0.59375 0.21875 0.000493909
0.625 0.21875 0.0171581
0.625 0.25 -0.00632534
0.59375 0.25 -0.0249201
0.59375 0.21875 0.000493909
0.59375 0.1875 0.0297693
0.625 0.1875 0.0433062
0.625 0.21875 0.0171581
0.59375 0.21875 0.000493909
0.5625 0.1875 0.0231537
0.5625 0.15625 0.0543608
0.59375 0.15625 0.0596574
0.59375 0.1875 0.0297693
0.5625 0.1875 0.0231537
0.5625 0.15625 0.0543608
0.5625 0.125 0.0855683
0.59375 0.125 0.0899949
0.59375 0.15625 0.0596574
0.5625 0.15625 0.0543608
0.59375 0.1875 0.0297693
0.59375 0.15625 0.0596574
0.625 0.15625 0.0710464
0.625 0.1875 0.0433062
0.59375 0.1875 0.0297693
0.59375 0.15625 0.0596574
0.59375 0.125 0.0899949
0.625 0.125 0.0996756
0.625 0.15625 0.0710464
0.59375 0.15625 0.0596574
0.5 0.125 0.0920475
0.5 0.09375 0.122554
0.53125 0.09375 0.117565
0.53125 0.125 0.0864804
0.5 0.125 0.0920475
0.5 0.09375 0.122554
0.5 0.0625 0.153175
0.53125 0.0625 0.148688
0.53125 0.09375 0.117565
0.5 0.09375 0.122554
0.53125 0.125 0.0864804
0.53125 0.09375 0.117565
0.5625 0.09375 0.116771
0.5625 0.125 0.0855683
0.53125 0.125 0.0864804
0.53125 0.09375 0.117565
0.53125 0.0625 0.148688
0.5625 0.0625 0.147969
0.5625 0.09375 0.116771
0.53125 0.09375 0.117565
0.5 0.0625 0.153175
0.5 0 0.214891
0.5625 0 0.210431
0.5625 0.0625 0.147969
0.5 0.0625 0.153175
0.5625 0.125 0.0855683
0.5625 0.09375 0.116771
0.59375 0.09375 0.120539
0.59375 0.125 0.0899949
0.5625 0.125 0.0855683
0.5625 0.09375 0.116771
0.5625 0.0625 0.147969
0.59375 0.0625 0.151309
0.59375 0.09375 0.120539
0.5625 0.09375 0.116771
0.59375 0.125 0.0899949
0.59375 0.09375 0.120539
0.625 0.09375 0.12897
0.625 0.125 0.0996756
0.59375 0.125 0.0899949
0.59375 0.09375 0.120539
0.59375 0.0625 0.151309
0.625 0.0625 0.158639
0.625 0.09375 0.12897
0.59375 0.09375 0.120539
0.5625 0.0625 0.147969
0.5625 0 0.210431
0.625 0 0.219259
0.625 0.0625 0.158639
0.5625 0.0625 0.147969
0.625 0.25 -0.00632534
0.625 0.21875 0.0171581
0.65625 0.21875 0.037897
0.65625 0.25 0.0168079
0.625 0.25 -0.00632534
0.625 0.21875 0.0171581
0.625 0.1875 0.0433062
0.65625 0.1875 0.0613711
0.65625 0.21875 0.037897
0.625 0.21875 0.0171581
0.65625 0.25 0.0168079
0.65625 0.21875 0.037897
0.6875 0.21875 0.0611253
0.6875 0.25 0.0417543
0.65625 0.25 0.0168079
0.65625 0.21875 0.037897
0.65625 0.1875 0.0613711
0.6875 0.1875 0.0824157
0.6875 0.21875 0.0611253
0.65625 0.21875 0.037897
0.625 0.1875 0.0433062
0.625 0.15625 0.0710464
0.65625 0.15625 0.0866972
0.65625 0.1875 0.0613711
0.625 0.1875 0.0433062
0.625 0.15625 0.0710464
0.625 0.125 0.0996756
0.65625 0.125 0.113474
0.65625 0.15625 0.0866972
0.625 0.15625 0.0710464
0.65625 0.1875 0.0613711
0.65625 0.15625 0.0866972
0.6875 0.15625 0.10552
0.6875 0.1875 0.0824157
0.65625 0.1875 0.0613711
0.65625 0.15625 0.0866972
0.65625 0.125 0.113474
0.6875 0.125 0.130341
0.6875 0.15625 0.10552
0.65625 0.15625 0.0866972
0.6875 0.25 0.0417543
0.6875 0.21875 0.0611253
0.71875 0.21875 0.0856743
0.71875 0.25 0.0674224
0.6875 0.25 0.0417543
0.6875 0.21875 0.0611253
0.6875 0.1875 0.0824157
0.71875 0.1875 0.10538
0.71875 0.21875 0.0856743
0.6875 0.21875 0.0611253
0.71875 0.25 0.0674224
0.71875 0.21875 0.0856743
0.75 0.21875 0.111055
0.75 0.25 0.0935063
0.71875 0.25 0.0674224
0.71875 0.21875 0.0856743
0.71875 0.1875 0.10538
0.75 0.1875 0.129668
0.75 0.21875 0.111055
0.71875 0.21875 0.0856743
0.6875 0.1875 0.0824157
0.6875 0.15625 0.10552
0.71875 0.15625 0.126678
0.71875 0.1875 0.10538
0.6875 0.1875 0.0824157
0.6875 0.15625 0.10552
0.6875 0.125 0.130341
0.71875 0.125 0.149689
0.71875 0.15625 0.126678
0.6875 0.15625 0.10552
0.71875 0.1875 0.10538
0.71875 0.15625 0.126678
0.75 0.15625 0.149603
0.75 0.1875 0.129668
0.71875 0.1875 0.10538
0.71875 0.15625 0.126678
0.71875 0.125 0.149689
0.75 0.125 0.171016
0.75 0.15625 0.149603
0.71875 0.15625 0.126678
0.625 0.125 0.0996756
0.625 0.0625 0.158639
0.6875 0.0625 0.183325
0.6875 0.125 0.130341
0.625 0.125 0.0996756
0.625 0.0625 0.158639
0.625 0 0.219259
0.6875 0 0.240341
0.6875 0.0625 0.183325
0.625 0.0625 0.158639
0.6875 0.125 0.130341
0.6875 0.0625 0.183325
0.75 0.0625 0.217737
0.75 0.125 0.171016
0.6875 0.125 0.130341
0.6875 0.0625 0.183325
0.6875 0 0.240341
0.75 0 0.270272
0.75 0.0625 0.217737
0.6875 0.0625 0.183325
0.75 0.5 -0.0262785
0.75 0.46875 -0.0144841
0.78125 0.46875 0.0138276
0.78125 0.5 0.00257729
0.75 0.5 -0.0262785
0.75 0.46875 -0.0144841
0.75 0.4375 -0.00101436
0.78125 0.4375 0.0268864
0.78125 0.46875 0.0138276
0.75 0.46875 -0.0144841
0.78125 0.5 0.00257729
0.78125 0.46875 0.0138276
0.8125 0.46875 0.0428151
0.8125 0.5 0.0326393
0.78125 0.5 0.00257729
0.78125 0.46875 0.0138276
0.78125 0.4375 0.0268864
0.8125 0.4375 0.0551044
0.8125 0.46875 0.0428151
0.78125 0.46875 0.0138276
0.75 0.4375 -0.00101436
0.75 0.40625 0.0138654
0.78125 0.40625 0.0413245
0.78125 0.4375 0.0268864
0.75 0.4375 -0.00101436
0.75 0.40625 0.0138654
0.75 0.375 0.0291045
0.78125 0.375 0.0563538
0.78125 0.40625 0.0413245
0.75 0.40625 0.0138654
0.78125 0.4375 0.0268864
0.78125 0.40625 0.0413245
0.8125 0.40625 0.0689965
0.8125 0.4375 0.0551044
0.78125 0.4375 0.0268864
0.78125 0.40625 0.0413245
0.78125 0.375 0.0563538
0.8125 0.375 0.08373
0.8125 0.40625 0.0689965
0.78125 0.40625 0.0413245
0.8125 0.5 0.0326393
0.8125 0.46875 0.0428151
0.84375 0.46875 0.0721542
0.84375 0.5 0.0629592
0.8125 0.5 0.0326393
0.8125 0.46875 0.0428151
0.8125 0.4375 0.0551044
0.84375 0.4375 0.0836408
0.84375 0.46875 0.0721542
0.8125 0.46875 0.0428151
0.84375 0.5 0.0629592
0.84375 0.46875 0.0721542
0.875 0.46875 0.101754
0.875 0.5 0.09344
0.84375 0.5 0.0629592
0.84375 0.46875 0.0721542
0.84375 0.4375 0.0836408
0.875 0.4375 0.112464
0.875 0.46875 0.101754
0.84375 0.46875 0.0721542
0.8125 0.4375 0.0551044
0.8125 0.40625 0.0689965
0.84375 0.40625 0.0969056
0.84375 0.4375 0.0836408
0.8125 0.4375 0.0551044
0.8125 0.40625 0.0689965
0.8125 0.375 0.08373
0.84375 0.375 0.111258
0.84375 0.40625 0.0969056
0.8125 0.40625 0.0689965
0.84375 0.4375 0.0836408
0.84375 0.40625 0.0969056
0.875 0.40625 0.125068
0.875 0.4375 0.112464
0.84375 0.4375 0.0836408
0.84375 0.40625 0.0969056
0.84375 0.375 0.111258
0.875 0.375 0.138964
0.875 0.40625 0.125068
0.84375 0.40625 0.0969056
0.75 0.375 0.0291045
0.75 0.34375 0.0446561
0.78125 0.34375 0.0717232
0.78125 0.375 0.0563538
0.75 0.375 0.0291045
0.75 0.34375 0.0446561
0.75 0.3125 0.0605276
0.78125 0.3125 0.0874095
0.78125 0.34375 0.0717232
0.75 0.34375 0.0446561
0.78125 0.375 0.0563538
0.78125 0.34375 0.0717232
0.8125 0.34375 0.0988974
0.8125 0.375 0.08373
0.78125 0.375 0.0563538
0.78125 0.34375 0.0717232
0.78125 0.3125 0.0874095
0.8125 0.3125 0.114397
0.8125 0.34375 0.0988974
0.78125 0.34375 0.0717232
0.75 0.3125 0.0605276
0.75 0.28125 0.0767616
0.78125 0.28125 0.103428
0.78125 0.3125 0.0874095
0.75 0.3125 0.0605276
0.75 0.28125 0.0767616
0.75 0.25 0.0935063
0.78125 0.25 0.119855
0.78125 0.28125 0.103428
0.75 0.28125 0.0767616
0.78125 0.3125 0.0874095
0.78125 0.28125 0.103428
0.8125 0.28125 0.130221
0.8125 0.3125 0.114397
0.78125 0.3125 0.0874095
0.78125 0.28125 0.103428
0.78125 0.25 0.119855
0.8125 0.25 0.146403
0.8125 0.28125 0.130221
0.78125 0.28125 0.103428
0.8125 0.375 0.08373
0.8125 0.34375 0.0988974
0.84375 0.34375 0.126186
0.84375 0.375 0.111258
0.8125 0.375 0.08373
0.8125 0.34375 0.0988974
0.8125 0.3125 0.114397
0.84375 0.3125 0.141491
0.84375 0.34375 0.126186
0.8125 0.34375 0.0988974
0.84375 0.375 0.111258
0.84375 0.34375 0.126186
0.875 0.34375 0.153603
0.875 0.375 0.138964
0.84375 0.375 0.111258
0.84375 0.34375 0.126186
0.84375 0.3125 0.141491
0.875 0.3125 0.168696
0.875 0.34375 0.153603
0.84375 0.34375 0.126186
0.8125 0.3125 0.114397
0.8125 0.25 0.146403
0.875 0.25 0.199926
0.875 0.3125 0.168696
0.8125 0.3125 0.114397
0.875 0.5 0.09344
0.875 0.4375 0.112464
0.9375 0.4375 0.171014
0.9375 0.5 0.154976
0.875 0.5 0.09344
0.875 0.4375 0.112464
0.875 0.375 0.138964
0.9375 0.375 0.195145
0.9375 0.4375 0.171014
0.875 0.4375 0.112464
0.9375 0.5 0.154976
0.9375 0.4375 0.171014
1 0.4375 0.230868
1 0.5 0.216904
0.9375 0.5 0.154976
0.9375 0.4375 0.171014
0.9375 0.375 0.195145
1 0.375 0.252721
1 0.4375 0.230868
0.9375 0.4375 0.171014
0.875 0.375 0.138964
0.875 0.3125 0.168696
0.9375 0.3125 0.223563
0.9375 0.375 0.195145
0.875 0.375 0.138964
0.875 0.3125 0.168696
0.875 0.25 0.199926
0.9375 0.25 0.253858
0.9375 0.3125 0.223563
0.875 0.3125 0.168696
0.9375 0.375 0.195145
0.9375 0.3125 0.223563
1 0.3125 0.27946
1 0.375 0.252721
0.9375 0.375 0.195145
0.9375 0.3125 0.223563
0.9375 0.25 0.253858
1 0.25 0.308612
1 0.3125 0.27946
0.9375 0.3125 0.223563
0.75 0.25 0.0935063
0.75 0.1875 0.129668
0.8125 0.1875 0.180527
0.8125 0.25 0.146403
0.75 0.25 0.0935063
0.75 0.1875 0.129668
0.75 0.125 0.171016
0.8125 0.125 0.218145
0.8125 0.1875 0.180527
0.75 0.1875 0.129668
0.8125 0.25 0.146403
0.8125 0.1875 0.180527
0.875 0.1875 0.232796
0.875 0.25 0.199926
0.8125 0.25 0.146403
0.8125 0.1875 0.180527
0.8125 0.125 0.218145
0.875 0.125 0.268067
0.875 0.1875 0.232796
0.8125 0.1875 0.180527
0.75 0.125 0.171016
0.75 0.0625 0.217737
0.8125 0.0625 0.260011
0.8125 0.125 0.218145
0.75 0.125 0.171016
0.75 0.0625 0.217737
0.75 0 0.270272
0.8125 0 0.308016
0.8125 0.0625 0.260011
0.75 0.0625 0.217737
0.8125 0.125 0.218145
0.8125 0.0625 0.260011
0.875 0.0625 0.306518
0.875 0.125 0.268067
0.8125 0.125 0.218145
0.8125 0.0625 0.260011
0.8125 0 0.308016
0.875 0 0.350315
0.875 0.0625 0.306518
0.8125 0.0625 0.260011
0.875 0.25 0.199926
0.875 0.125 0.268067
1 0.125 0.37284
1 0.25 0.308612
0.875 0.25 0.199926
0.875 0.125 0.268067
0.875 0 0.350315
1 0 0.449241
1 0.125 0.37284
0.875 0.125 0.268067
