0 1 0.463763
0 0.875 0.373863
0.125 0.875 0.279687
0.125 1 0.376879
0 1 0.463763
0 0.875 0.373863
0 0.75 0.289157
0.125 0.75 0.18686
0.125 0.875 0.279687
0 0.875 0.373863
0.125 1 0.376879
0.125 0.875 0.279687
0.25 0.875 0.200106
0.25 1 0.302005
0.125 1 0.376879
0.125 0.875 0.279687
0.125 0.8125 0.232419
0.1875 0.8125 0.190209
0.1875 0.875 0.239027
0.125 0.875 0.279687
0.125 0.8125 0.232419
0.125 0.75 0.18686
0.1875 0.75 0.142079
0.1875 0.8125 0.190209
0.125 0.8125 0.232419
0.1875 0.875 0.239027
0.1875 0.8125 0.190209
0.25 0.8125 0.150438
0.25 0.875 0.200106
0.1875 0.875 0.239027
0.1875 0.8125 0.190209
0.1875 0.75 0.142079
0.25 0.75 0.101558
0.25 0.8125 0.150438
0.1875 0.8125 0.190209
0 0.75 0.289157
0 0.6875 0.254297
0.0625 0.6875 0.197426
0.0625 0.75 0.235671
0 0.75 0.289157
0 0.6875 0.254297
0 0.625 0.225442
0.0625 0.625 0.165095
0.0625 0.6875 0.197426
0 0.6875 0.254297
0.0625 0.75 0.235671
0.0625 0.6875 0.197426
0.125 0.6875 0.144057
0.125 0.75 0.18686
0.0625 0.75 0.235671
0.0625 0.6875 0.197426
0.0625 0.625 0.165095
0.125 0.625 0.107877
0.125 0.6875 0.144057
0.0625 0.6875 0.197426
0 0.625 0.225442
0 0.5625 0.205053
0.0625 0.5625 0.142573
0.0625 0.625 0.165095
0 0.625 0.225442
0 0.5625 0.205053
0 0.5 0.198667
0.0625 0.5 0.136266
0.0625 0.5625 0.142573
0 0.5625 0.205053
0.0625 0.625 0.165095
0.0625 0.59375 0.15253
0.09375 0.59375 0.12267
0.09375 0.625 0.136265
0.0625 0.625 0.165095
0.0625 0.59375 0.15253
0.0625 0.5625 0.142573
0.09375 0.5625 0.111861
0.09375 0.59375 0.12267
0.0625 0.59375 0.15253
0.09375 0.625 0.136265
0.09375 0.59375 0.12267
0.125 0.59375 0.093046
0.125 0.625 0.107877
0.09375 0.625 0.136265
0.09375 0.59375 0.12267
0.09375 0.5625 0.111861
0.125 0.5625 0.0812136
0.125 0.59375 0.093046
0.09375 0.59375 0.12267
0.0625 0.5625 0.142573
0.0625 0.53125 0.135642
0.09375 0.53125 0.104399
0.09375 0.5625 0.111861
0.0625 0.5625 0.142573
0.0625 0.53125 0.135642
0.0625 0.5 0.136266
0.09375 0.5 0.105261
0.09375 0.53125 0.104399
0.0625 0.53125 0.135642
0.09375 0.5625 0.111861
0.09375 0.53125 0.104399
0.125 0.53125 0.0731641
0.125 0.5625 0.0812136
0.09375 0.5625 0.111861
0.09375 0.53125 0.104399
0.09375 0.5 0.105261
0.125 0.5 0.0742836
0.125 0.53125 0.0731641
0.09375 0.53125 0.104399
0.125 0.75 0.18686
0.125 0.6875 0.144057
0.1875 0.6875 0.0958123
0.1875 0.75 0.142079
0.125 0.75 0.18686
0.125 0.6875 0.144057
0.125 0.65625 0.125046
0.15625 0.65625 0.0989137
0.15625 0.6875 0.119355
0.125 0.6875 0.144057
0.125 0.65625 0.125046
0.125 0.625 0.107877
0.15625 0.625 0.0801696
0.15625 0.65625 0.0989137
0.125 0.65625 0.125046
0.15625 0.6875 0.119355
0.15625 0.65625 0.0989137
0.1875 0.65625 0.0738755
0.1875 0.6875 0.0958123
0.15625 0.6875 0.119355
0.15625 0.65625 0.0989137
0.15625 0.625 0.0801696
0.1875 0.625 0.0533378
0.1875 0.65625 0.0738755
0.15625 0.65625 0.0989137
0.1875 0.75 0.142079
0.1875 0.71875 0.118734
0.21875 0.71875 0.0975172
0.21875 0.75 0.121529
0.1875 0.75 0.142079
0.1875 0.71875 0.118734
0.1875 0.6875 0.0958123
0.21875 0.6875 0.0738388
0.21875 0.71875 0.0975172
0.1875 0.71875 0.118734
0.21875 0.75 0.121529
0.21875 0.71875 0.0975172
0.25 0.71875 0.0772656
0.25 0.75 0.101558
0.21875 0.75 0.121529
0.21875 0.71875 0.0975172
0.21875 0.6875 0.0738388
0.25 0.6875 0.0530848
0.25 0.71875 0.0772656
0.21875 0.71875 0.0975172
0.1875 0.6875 0.0958123
0.1875 0.65625 0.0738755
0.21875 0.65625 0.0505747
0.21875 0.6875 0.0738388
0.1875 0.6875 0.0958123
0.1875 0.65625 0.0738755
0.1875 0.625 0.0533378
0.21875 0.625 0.0280999
0.21875 0.65625 0.0505747
0.1875 0.65625 0.0738755
0.21875 0.6875 0.0738388
0.21875 0.65625 0.0505747
0.25 0.65625 0.0290945
0.25 0.6875 0.0530848
0.21875 0.6875 0.0738388
0.21875 0.65625 0.0505747
0.21875 0.625 0.0280999
0.25 0.625 0.0054058
0.25 0.65625 0.0290945
0.21875 0.65625 0.0505747
0.125 0.625 0.107877
0.125 0.59375 0.093046
0.15625 0.59375 0.0637687
0.15625 0.625 0.0801696
0.125 0.625 0.107877
0.125 0.59375 0.093046
0.125 0.5625 0.0812136
0.15625 0.5625 0.050623
0.15625 0.59375 0.0637687
0.125 0.59375 0.093046
0.15625 0.625 0.0801696
0.15625 0.59375 0.0637687
0.1875 0.59375 0.0349667
0.1875 0.625 0.0533378
0.15625 0.625 0.0801696
0.15625 0.59375 0.0637687
0.15625 0.5625 0.050623
0.1875 0.5625 0.0200836
0.1875 0.59375 0.0349667
0.15625 0.59375 0.0637687
0.125 0.5625 0.0812136
0.125 0.53125 0.0731641
0.15625 0.53125 0.0419243
0.15625 0.5625 0.050623
0.125 0.5625 0.0812136
0.125 0.53125 0.0731641
0.125 0.5 0.0742836
0.15625 0.5 0.0433581
0.15625 0.53125 0.0419243
0.125 0.53125 0.0731641
0.15625 0.5625 0.050623
0.15625 0.53125 0.0419243
0.1875 0.53125 0.0106795
0.1875 0.5625 0.0200836
0.15625 0.5625 0.050623
0.15625 0.53125 0.0419243
0.15625 0.5 0.0433581
0.1875 0.5 0.0125477
0.1875 0.53125 0.0106795
0.15625 0.53125 0.0419243
0.1875 0.625 0.0533378
0.1875 0.59375 0.0349667
0.21875 0.59375 0.00705065
0.21875 0.625 0.0280999
0.1875 0.625 0.0533378
0.1875 0.59375 0.0349667
0.1875 0.5625 0.0200836
0.21875 0.5625 -0.00944577
0.21875 0.59375 0.00705065
0.1875 0.59375 0.0349667
0.21875 0.625 0.0280999
0.21875 0.59375 0.00705065
0.25 0.59375 -0.0169379
0.25 0.625 0.0054058
0.21875 0.625 0.0280999
0.21875 0.59375 0.00705065
0.21875 0.5625 -0.00944577
0.25 0.5625 -0.0363475
0.25 0.59375 -0.0169379
0.21875 0.59375 0.00705065
0.1875 0.5625 0.0200836
0.1875 0.53125 0.0106795
0.21875 0.53125 -0.0200319
0.21875 0.5625 -0.00944577
0.1875 0.5625 0.0200836
0.1875 0.53125 0.0106795
0.1875 0.5 0.0125477
0.21875 0.5 -0.0166699
0.21875 0.53125 -0.0200319
0.1875 0.53125 0.0106795
0.21875 0.5625 -0.00944577
0.21875 0.53125 -0.0200319
0.25 0.53125 -0.0498724
0.25 0.5625 -0.0363475
0.21875 0.5625 -0.00944577
0.21875 0.53125 -0.0200319
0.21875 0.5 -0.0166699
0.25 0.5 -0.0443615
0.25 0.53125 -0.0498724
0.21875 0.53125 -0.0200319
0.25 1 0.302005
0.25 0.9375 0.250685
0.3125 0.9375 0.214183
0.3125 1 0.267288
0.25 1 0.302005
0.25 0.9375 0.250685
0.25 0.875 0.200106
0.3125 0.875 0.162019
0.3125 0.9375 0.214183
0.25 0.9375 0.250685
0.3125 1 0.267288
0.3125 0.9375 0.214183
0.375 0.9375 0.18048
0.375 1 0.236184
0.3125 1 0.267288
0.3125 0.9375 0.214183
0.3125 0.875 0.162019
0.375 0.875 0.12588
0.375 0.9375 0.18048
0.3125 0.9375 0.214183
0.25 0.875 0.200106
0.25 0.8125 0.150438
0.3125 0.8125 0.111796
0.3125 0.875 0.162019
0.25 0.875 0.200106
0.25 0.8125 0.150438
0.25 0.78125 0.125952
0.28125 0.78125 0.106431
0.28125 0.8125 0.131041
0.25 0.8125 0.150438
0.25 0.78125 0.125952
0.25 0.75 0.101558
0.28125 0.75 0.0819271
0.28125 0.78125 0.106431
0.25 0.78125 0.125952
0.28125 0.8125 0.131041
0.28125 0.78125 0.106431
0.3125 0.78125 0.0870445
0.3125 0.8125 0.111796
0.28125 0.8125 0.131041
0.28125 0.78125 0.106431
0.28125 0.75 0.0819271
0.3125 0.75 0.0624442
0.3125 0.78125 0.0870445
0.28125 0.78125 0.106431
0.3125 0.875 0.162019
0.3125 0.84375 0.136776
0.34375 0.84375 0.117999
0.34375 0.875 0.143662
0.3125 0.875 0.162019
0.3125 0.84375 0.136776
0.3125 0.8125 0.111796
0.34375 0.8125 0.092711
0.34375 0.84375 0.117999
0.3125 0.84375 0.136776
0.34375 0.875 0.143662
0.34375 0.84375 0.117999
0.375 0.84375 0.0996473
0.375 0.875 0.12588
0.34375 0.875 0.143662
0.34375 0.84375 0.117999
0.34375 0.8125 0.092711
0.375 0.8125 0.0738903
0.375 0.84375 0.0996473
0.34375 0.84375 0.117999
0.3125 0.8125 0.111796
0.3125 0.78125 0.0870445
0.34375 0.78125 0.0677621
0.34375 0.8125 0.092711
0.3125 0.8125 0.111796
0.3125 0.78125 0.0870445
0.3125 0.75 0.0624442
0.34375 0.75 0.0430384
0.34375 0.78125 0.0677621
0.3125 0.78125 0.0870445
0.34375 0.8125 0.092711
0.34375 0.78125 0.0677621
0.375 0.78125 0.0486145
0.375 0.8125 0.0738903
0.34375 0.8125 0.092711
0.34375 0.78125 0.0677621
0.34375 0.75 0.0430384
0.375 0.75 0.0236894
0.375 0.78125 0.0486145
0.34375 0.78125 0.0677621
0.375 1 0.236184
0.375 0.9375 0.18048
0.4375 0.9375 0.151563
0.4375 1 0.210839
0.375 1 0.236184
0.375 0.9375 0.18048
0.375 0.875 0.12588
0.4375 0.875 0.093743
0.4375 0.9375 0.151563
0.375 0.9375 0.18048
0.4375 1 0.210839
0.4375 0.9375 0.151563
0.5 0.9375 0.134733
0.5 1 0.196975
0.4375 1 0.210839
0.4375 0.9375 0.151563
0.4375 0.90625 0.122462
0.46875 0.90625 0.111115
0.46875 0.9375 0.141244
0.4375 0.9375 0.151563
0.4375 0.90625 0.122462
0.4375 0.875 0.093743
0.46875 0.875 0.0812225
0.46875 0.90625 0.111115
0.4375 0.90625 0.122462
0.46875 0.9375 0.141244
0.46875 0.90625 0.111115
0.5 0.90625 0.103754
0.5 0.9375 0.134733
0.46875 0.9375 0.141244
0.46875 0.90625 0.111115
0.46875 0.875 0.0812225
0.5 0.875 0.0728286
0.5 0.90625 0.103754
0.46875 0.90625 0.111115
0.375 0.875 0.12588
0.375 0.84375 0.0996473
0.40625 0.84375 0.0819819
0.40625 0.875 0.109057
0.375 0.875 0.12588
0.375 0.84375 0.0996473
0.375 0.8125 0.0738903
0.40625 0.8125 0.0555123
0.40625 0.84375 0.0819819
0.375 0.84375 0.0996473
0.40625 0.875 0.109057
0.40625 0.84375 0.0819819
0.4375 0.84375 0.0655363
0.4375 0.875 0.093743
0.40625 0.875 0.109057
0.40625 0.84375 0.0819819
0.40625 0.8125 0.0555123
0.4375 0.8125 0.0379306
0.4375 0.84375 0.0655363
0.40625 0.84375 0.0819819
0.375 0.8125 0.0738903
0.375 0.78125 0.0486145
0.40625 0.78125 0.0296725
0.40625 0.8125 0.0555123
0.375 0.8125 0.0738903
0.375 0.78125 0.0486145
0.375 0.75 0.0236894
0.40625 0.75 0.00441212
0.40625 0.78125 0.0296725
0.375 0.78125 0.0486145
0.40625 0.8125 0.0555123
0.40625 0.78125 0.0296725
0.4375 0.78125 0.0110431
0.4375 0.8125 0.0379306
0.40625 0.8125 0.0555123
0.40625 0.78125 0.0296725
0.40625 0.75 0.00441212
0.4375 0.75 -0.0144228
0.4375 0.78125 0.0110431
0.40625 0.78125 0.0296725
0.4375 0.875 0.093743
0.4375 0.84375 0.0655363
0.46875 0.84375 0.0516427
0.46875 0.875 0.0812225
0.4375 0.875 0.093743
0.4375 0.84375 0.0655363
0.4375 0.8125 0.0379306
0.46875 0.8125 0.0224956
0.46875 0.84375 0.0516427
0.4375 0.84375 0.0655363
0.46875 0.875 0.0812225
0.46875 0.84375 0.0516427
0.5 0.84375 0.041978
0.5 0.875 0.0728286
0.46875 0.875 0.0812225
0.46875 0.84375 0.0516427
0.46875 0.8125 0.0224956
0.5 0.8125 0.0112397
0.5 0.84375 0.041978
0.46875 0.84375 0.0516427
0.4375 0.8125 0.0379306
0.4375 0.78125 0.0110431
0.46875 0.78125 -0.00578887
0.46875 0.8125 0.0224956
0.4375 0.8125 0.0379306
0.4375 0.78125 0.0110431
0.4375 0.75 -0.0144228
0.46875 0.75 -0.0322237
0.46875 0.78125 -0.00578887
0.4375 0.78125 0.0110431
0.46875 0.8125 0.0224956
0.46875 0.78125 -0.00578887
0.5 0.78125 -0.0186901
0.5 0.8125 0.0112397
0.46875 0.8125 0.0224956
0.46875 0.78125 -0.00578887
0.46875 0.75 -0.0322237
0.5 0.75 -0.0473586
0.5 0.78125 -0.0186901
0.46875 0.78125 -0.00578887
0.25 0.75 0.101558
0.25 0.71875 0.0772656
0.28125 0.71875 0.0574984
0.28125 0.75 0.0819271
0.25 0.75 0.101558
0.25 0.71875 0.0772656
0.25 0.6875 0.0530848
0.28125 0.6875 0.0331247
0.28125 0.71875 0.0574984
0.25 0.71875 0.0772656
0.28125 0.75 0.0819271
0.28125 0.71875 0.0574984
0.3125 0.71875 0.0379495
0.3125 0.75 0.0624442
0.28125 0.75 0.0819271
0.28125 0.71875 0.0574984
0.28125 0.6875 0.0331247
0.3125 0.6875 0.0135021
0.3125 0.71875 0.0379495
0.28125 0.71875 0.0574984
0.25 0.6875 0.0530848
0.25 0.65625 0.0290945
0.28125 0.65625 0.00882003
0.28125 0.6875 0.0331247
0.25 0.6875 0.0530848
0.25 0.65625 0.0290945
0.25 0.625 0.0054058
0.28125 0.625 -0.0152102
0.28125 0.65625 0.00882003
0.25 0.65625 0.0290945
0.28125 0.6875 0.0331247
0.28125 0.65625 0.00882003
0.3125 0.65625 -0.0108871
0.3125 0.6875 0.0135021
0.28125 0.6875 0.0331247
0.28125 0.65625 0.00882003
0.28125 0.625 -0.0152102
0.3125 0.625 -0.0351384
0.3125 0.65625 -0.0108871
0.28125 0.65625 0.00882003
0.3125 0.75 0.0624442
0.3125 0.71875 0.0379495
0.34375 0.71875 0.0184829
0.34375 0.75 0.0430384
0.3125 0.75 0.0624442
0.3125 0.71875 0.0379495
0.3125 0.6875 0.0135021
0.34375 0.6875 -0.005994
0.34375 0.71875 0.0184829
0.3125 0.71875 0.0379495
0.34375 0.75 0.0430384
0.34375 0.71875 0.0184829
0.375 0.71875 -0.000928252
0.375 0.75 0.0236894
0.34375 0.75 0.0430384
0.34375 0.71875 0.0184829
0.34375 0.6875 -0.005994
0.375 0.6875 -0.0254339
0.375 0.71875 -0.000928252
0.34375 0.71875 0.0184829
0.3125 0.6875 0.0135021
0.3125 0.65625 -0.0108871
0.34375 0.65625 -0.0304272
0.34375 0.6875 -0.005994
0.3125 0.6875 0.0135021
0.3125 0.65625 -0.0108871
0.3125 0.625 -0.0351384
0.34375 0.625 -0.0547975
0.34375 0.65625 -0.0304272
0.3125 0.65625 -0.0108871
0.34375 0.6875 -0.005994
0.34375 0.65625 -0.0304272
0.375 0.65625 -0.0499076
0.375 0.6875 -0.0254339
0.34375 0.6875 -0.005994
0.34375 0.65625 -0.0304272
0.34375 0.625 -0.0547975
0.375 0.625 -0.0743405
0.375 0.65625 -0.0499076
0.34375 0.65625 -0.0304272
0.25 0.625 0.0054058
0.25 0.59375 -0.0169379
0.28125 0.59375 -0.0385973
0.28125 0.625 -0.0152102
0.25 0.625 0.0054058
0.25 0.59375 -0.0169379
0.25 0.5625 -0.0363475
0.28125 0.5625 -0.0604877
0.28125 0.59375 -0.0385973
0.25 0.59375 -0.0169379
0.28125 0.625 -0.0152102
0.28125 0.59375 -0.0385973
0.3125 0.59375 -0.0591066
0.3125 0.625 -0.0351384
0.28125 0.625 -0.0152102
0.28125 0.59375 -0.0385973
0.28125 0.5625 -0.0604877
0.3125 0.5625 -0.0823787
0.3125 0.59375 -0.0591066
0.28125 0.59375 -0.0385973
0.25 0.5625 -0.0363475
0.25 0.53125 -0.0498724
0.28125 0.53125 -0.0779863
0.28125 0.5625 -0.0604877
0.25 0.5625 -0.0363475
0.25 0.53125 -0.0498724
0.25 0.5 -0.0443615
0.28125 0.5 -0.0714068
0.28125 0.53125 -0.0779863
0.25 0.53125 -0.0498724
0.28125 0.5625 -0.0604877
0.28125 0.53125 -0.0779863
0.3125 0.53125 -0.103416
0.3125 0.5625 -0.0823787
0.28125 0.5625 -0.0604877
0.28125 0.53125 -0.0779863
0.28125 0.5 -0.0714068
0.3125 0.5 -0.0978612
0.3125 0.53125 -0.103416
0.28125 0.53125 -0.0779863
0.3125 0.625 -0.0351384
0.3125 0.59375 -0.0591066
0.34375 0.59375 -0.0790395
0.34375 0.625 -0.0547975
0.3125 0.625 -0.0351384
0.3125 0.59375 -0.0591066
0.3125 0.5625 -0.0823787
0.34375 0.5625 -0.102974
0.34375 0.59375 -0.0790395
0.3125 0.59375 -0.0591066
0.34375 0.625 -0.0547975
0.34375 0.59375 -0.0790395
0.375 0.59375 -0.0987079
0.375 0.625 -0.0743405
0.34375 0.625 -0.0547975
0.34375 0.59375 -0.0790395
0.34375 0.5625 -0.102974
0.375 0.5625 -0.122939
0.375 0.59375 -0.0987079
0.34375 0.59375 -0.0790395
0.3125 0.5625 -0.0823787
0.3125 0.53125 -0.103416
0.34375 0.53125 -0.126013
0.34375 0.5625 -0.102974
0.3125 0.5625 -0.0823787
0.3125 0.53125 -0.103416
0.3125 0.5 -0.0978612
0.34375 0.5 -0.123837
0.34375 0.53125 -0.126013
0.3125 0.53125 -0.103416
0.34375 0.5625 -0.102974
0.34375 0.53125 -0.126013
0.375 0.53125 -0.146653
0.375 0.5625 -0.122939
0.34375 0.5625 -0.102974
0.34375 0.53125 -0.126013
0.34375 0.5 -0.123837
0.375 0.5 -0.149429
0.375 0.53125 -0.146653
0.34375 0.53125 -0.126013
0.375 0.75 0.0236894
0.375 0.71875 -0.000928252
0.40625 0.71875 -0.0202455
0.40625 0.75 0.00441212
0.375 0.75 0.0236894
0.375 0.71875 -0.000928252
0.375 0.6875 -0.0254339
0.40625 0.6875 -0.0448103
0.40625 0.71875 -0.0202455
0.375 0.71875 -0.000928252
0.40625 0.75 0.00441212
0.40625 0.71875 -0.0202455
0.4375 0.71875 -0.0393433
0.4375 0.75 -0.0144228
0.40625 0.75 0.00441212
0.40625 0.71875 -0.0202455
0.40625 0.6875 -0.0448103
0.4375 0.6875 -0.0640623
0.4375 0.71875 -0.0393433
0.40625 0.71875 -0.0202455
0.375 0.6875 -0.0254339
0.375 0.65625 -0.0499076
0.40625 0.65625 -0.0693313
0.40625 0.6875 -0.0448103
0.375 0.6875 -0.0254339
0.375 0.65625 -0.0499076
0.375 0.625 -0.0743405
0.40625 0.625 -0.0938158
0.40625 0.65625 -0.0693313
0.375 0.65625 -0.0499076
0.40625 0.6875 -0.0448103
0.40625 0.65625 -0.0693313
0.4375 0.65625 -0.0886723
0.4375 0.6875 -0.0640623
0.40625 0.6875 -0.0448103
0.40625 0.65625 -0.0693313
0.40625 0.625 -0.0938158
0.4375 0.625 -0.11322
0.4375 0.65625 -0.0886723
0.40625 0.65625 -0.0693313
0.4375 0.75 -0.0144228
0.4375 0.71875 -0.0393433
0.46875 0.71875 -0.0578616
0.46875 0.75 -0.0322237
0.4375 0.75 -0.0144228
0.4375 0.71875 -0.0393433
0.4375 0.6875 -0.0640623
0.46875 0.6875 -0.0829932
0.46875 0.71875 -0.0578616
0.4375 0.71875 -0.0393433
0.46875 0.75 -0.0322237
0.46875 0.71875 -0.0578616
0.5 0.71875 -0.0747417
0.5 0.75 -0.0473586
0.46875 0.75 -0.0322237
0.46875 0.71875 -0.0578616
0.46875 0.6875 -0.0829932
0.5 0.6875 -0.100986
0.5 0.71875 -0.0747417
0.46875 0.71875 -0.0578616
0.4375 0.6875 -0.0640623
0.4375 0.65625 -0.0886723
0.46875 0.65625 -0.107838
0.46875 0.6875 -0.0829932
0.4375 0.6875 -0.0640623
0.4375 0.65625 -0.0886723
0.4375 0.625 -0.11322
0.46875 0.625 -0.132501
0.46875 0.65625 -0.107838
0.4375 0.65625 -0.0886723
0.46875 0.6875 -0.0829932
0.46875 0.65625 -0.107838
0.5 0.65625 -0.1265
0.5 0.6875 -0.100986
0.46875 0.6875 -0.0829932
0.46875 0.65625 -0.107838
0.46875 0.625 -0.132501
0.5 0.625 -0.151504
0.5 0.65625 -0.1265
0.46875 0.65625 -0.107838
0.375 0.625 -0.0743405
0.375 0.59375 -0.0987079
0.40625 0.59375 -0.118254
0.40625 0.625 -0.0938158
0.375 0.625 -0.0743405
0.375 0.59375 -0.0987079
0.375 0.5625 -0.122939
0.40625 0.5625 -0.142619
0.40625 0.59375 -0.118254
0.375 0.59375 -0.0987079
0.40625 0.625 -0.0938158
0.40625 0.59375 -0.118254
0.4375 0.59375 -0.137721
0.4375 0.625 -0.11322
0.40625 0.625 -0.0938158
0.40625 0.59375 -0.118254
0.40625 0.5625 -0.142619
0.4375 0.5625 -0.162169
0.4375 0.59375 -0.137721
0.40625 0.59375 -0.118254
0.375 0.5625 -0.122939
0.375 0.5 -0.149429
0.4375 0.5 -0.199272
0.4375 0.5625 -0.162169
0.375 0.5625 -0.122939
0.4375 0.625 -0.11322
0.4375 0.5625 -0.162169
0.5 0.5625 -0.200984
0.5 0.625 -0.151504
0.4375 0.625 -0.11322
0.4375 0.5625 -0.162169
0.4375 0.5 -0.199272
0.5 0.5 -0.240323
0.5 0.5625 -0.200984
0.4375 0.5625 -0.162169
0 0.5 0.198667
0 0.4375 0.210496
0.0625 0.4375 0.150606
0.0625 0.5 0.136266
0 0.5 0.198667
0 0.4375 0.210496
0 0.375 0.233834
0.0625 0.375 0.177554
0.0625 0.4375 0.150606
0 0.4375 0.210496
0.0625 0.5 0.136266
0.0625 0.46875 0.141501
0.09375 0.46875 0.111287
0.09375 0.5 0.105261
0.0625 0.5 0.136266
0.0625 0.46875 0.141501
0.0625 0.4375 0.150606
0.09375 0.4375 0.121484
0.09375 0.46875 0.111287
0.0625 0.46875 0.141501
0.09375 0.5 0.105261
0.09375 0.46875 0.111287
0.125 0.46875 0.0813045
0.125 0.5 0.0742836
0.09375 0.5 0.105261
0.09375 0.46875 0.111287
0.09375 0.4375 0.121484
0.125 0.4375 0.0927651
0.125 0.46875 0.0813045
0.09375 0.46875 0.111287
0.0625 0.4375 0.150606
0.0625 0.375 0.177554
0.125 0.375 0.124271
0.125 0.4375 0.0927651
0.0625 0.4375 0.150606
0 0.375 0.233834
0 0.3125 0.264653
0.0625 0.3125 0.211611
0.0625 0.375 0.177554
0 0.375 0.233834
0 0.3125 0.264653
0 0.25 0.2999
0.0625 0.25 0.248834
0.0625 0.3125 0.211611
0 0.3125 0.264653
0.0625 0.375 0.177554
0.0625 0.3125 0.211611
0.125 0.3125 0.160942
0.125 0.375 0.124271
0.0625 0.375 0.177554
0.0625 0.3125 0.211611
0.0625 0.25 0.248834
0.125 0.25 0.199224
0.125 0.3125 0.160942
0.0625 0.3125 0.211611
0.125 0.5 0.0742836
0.125 0.46875 0.0813045
0.15625 0.46875 0.0516399
0.15625 0.5 0.0433581
0.125 0.5 0.0742836
0.125 0.46875 0.0813045
0.125 0.4375 0.0927651
0.15625 0.4375 0.0647826
0.15625 0.46875 0.0516399
0.125 0.46875 0.0813045
0.15625 0.5 0.0433581
0.15625 0.46875 0.0516399
0.1875 0.46875 0.0225955
0.1875 0.5 0.0125477
0.15625 0.5 0.0433581
0.15625 0.46875 0.0516399
0.15625 0.4375 0.0647826
0.1875 0.4375 0.0375259
0.1875 0.46875 0.0225955
0.15625 0.46875 0.0516399
0.125 0.4375 0.0927651
0.125 0.40625 0.107487
0.15625 0.40625 0.0808472
0.15625 0.4375 0.0647826
0.125 0.4375 0.0927651
0.125 0.40625 0.107487
0.125 0.375 0.124271
0.15625 0.375 0.0985474
0.15625 0.40625 0.0808472
0.125 0.40625 0.107487
0.15625 0.4375 0.0647826
0.15625 0.40625 0.0808472
0.1875 0.40625 0.0548529
0.1875 0.4375 0.0375259
0.15625 0.4375 0.0647826
0.15625 0.40625 0.0808472
0.15625 0.375 0.0985474
0.1875 0.375 0.0732726
0.1875 0.40625 0.0548529
0.15625 0.40625 0.0808472
0.1875 0.5 0.0125477
0.1875 0.46875 0.0225955
0.21875 0.46875 -0.00536895
0.21875 0.5 -0.0166699
0.1875 0.5 0.0125477
0.1875 0.46875 0.0225955
0.1875 0.4375 0.0375259
0.21875 0.4375 0.0112146
0.21875 0.46875 -0.00536895
0.1875 0.46875 0.0225955
0.21875 0.5 -0.0166699
0.21875 0.46875 -0.00536895
0.25 0.46875 -0.0311976
0.25 0.5 -0.0443615
0.21875 0.5 -0.0166699
0.21875 0.46875 -0.00536895
0.21875 0.4375 0.0112146
0.25 0.4375 -0.0141883
0.25 0.46875 -0.0311976
0.21875 0.46875 -0.00536895
0.1875 0.4375 0.0375259
0.1875 0.40625 0.0548529
0.21875 0.40625 0.029442
0.21875 0.4375 0.0112146
0.1875 0.4375 0.0375259
0.1875 0.40625 0.0548529
0.1875 0.375 0.0732726
0.21875 0.375 0.0483395
0.21875 0.40625 0.029442
0.1875 0.40625 0.0548529
0.21875 0.4375 0.0112146
0.21875 0.40625 0.029442
0.25 0.40625 0.00447162
0.25 0.4375 -0.0141883
0.21875 0.4375 0.0112146
0.21875 0.40625 0.029442
0.21875 0.375 0.0483395
0.25 0.375 0.0236326
0.25 0.40625 0.00447162
0.21875 0.40625 0.029442
0.125 0.375 0.124271
0.125 0.34375 0.142251
0.15625 0.34375 0.117098
0.15625 0.375 0.0985474
0.125 0.375 0.124271
0.125 0.34375 0.142251
0.125 0.3125 0.160942
0.15625 0.3125 0.136101
0.15625 0.34375 0.117098
0.125 0.34375 0.142251
0.15625 0.375 0.0985474
0.15625 0.34375 0.117098
0.1875 0.34375 0.0922202
0.1875 0.375 0.0732726
0.15625 0.375 0.0985474
0.15625 0.34375 0.117098
0.15625 0.3125 0.136101
0.1875 0.3125 0.111423
0.1875 0.34375 0.0922202
0.15625 0.34375 0.117098
0.125 0.3125 0.160942
0.125 0.25 0.199224
0.1875 0.25 0.150205
0.1875 0.3125 0.111423
0.125 0.3125 0.160942
0.1875 0.375 0.0732726
0.1875 0.34375 0.0922202
0.21875 0.34375 0.06753
0.21875 0.375 0.0483395
0.1875 0.375 0.0732726
0.1875 0.34375 0.0922202
0.1875 0.3125 0.111423
0.21875 0.3125 0.0868608
0.21875 0.34375 0.06753
0.1875 0.34375 0.0922202
0.21875 0.375 0.0483395
0.21875 0.34375 0.06753
0.25 0.34375 0.0429598
0.25 0.375 0.0236326
0.21875 0.375 0.0483395
0.21875 0.34375 0.06753
0.21875 0.3125 0.0868608
0.25 0.3125 0.0623744
0.25 0.34375 0.0429598
0.21875 0.34375 0.06753
0.1875 0.3125 0.111423
0.1875 0.28125 0.130761
0.21875 0.28125 0.106288
0.21875 0.3125 0.0868608
0.1875 0.3125 0.111423
0.1875 0.28125 0.130761
0.1875 0.25 0.150205
0.21875 0.25 0.125818
0.21875 0.28125 0.106288
0.1875 0.28125 0.130761
0.21875 0.3125 0.0868608
0.21875 0.28125 0.106288
0.25 0.28125 0.0818784
0.25 0.3125 0.0623744
0.21875 0.3125 0.0868608
0.21875 0.28125 0.106288
0.21875 0.25 0.125818
0.25 0.25 0.101499
0.25 0.28125 0.0818784
0.21875 0.28125 0.106288
0 0.25 0.2999
0 0.125 0.375098
0.125 0.125 0.277684
0.125 0.25 0.199224
0 0.25 0.2999
0 0.125 0.375098
0 0 0.458109
0.125 0 0.364613
0.125 0.125 0.277684
0 0.125 0.375098
0.125 0.25 0.199224
0.125 0.1875 0.238068
0.1875 0.1875 0.189537
0.1875 0.25 0.150205
0.125 0.25 0.199224
0.125 0.1875 0.238068
0.125 0.125 0.277684
0.1875 0.125 0.230006
0.1875 0.1875 0.189537
0.125 0.1875 0.238068
0.1875 0.25 0.150205
0.1875 0.1875 0.189537
0.25 0.1875 0.14142
0.25 0.25 0.101499
0.1875 0.25 0.150205
0.1875 0.1875 0.189537
0.1875 0.125 0.230006
0.25 0.125 0.183428
0.25 0.1875 0.14142
0.1875 0.1875 0.189537
0.125 0.125 0.277684
0.125 0 0.364613
0.25 0 0.27838
0.25 0.125 0.183428
0.125 0.125 0.277684
0.25 0.5 -0.0443615
0.25 0.46875 -0.0311976
0.28125 0.46875 -0.0566951
0.28125 0.5 -0.0714068
0.25 0.5 -0.0443615
0.25 0.46875 -0.0311976
0.25 0.4375 -0.0141883
0.28125 0.4375 -0.0390218
0.28125 0.46875 -0.0566951
0.25 0.46875 -0.0311976
0.28125 0.5 -0.0714068
0.28125 0.46875 -0.0566951
0.3125 0.46875 -0.0819249
0.3125 0.5 -0.0978612
0.28125 0.5 -0.0714068
0.28125 0.46875 -0.0566951
0.28125 0.4375 -0.0390218
0.3125 0.4375 -0.0637448
0.3125 0.46875 -0.0819249
0.28125 0.46875 -0.0566951
0.25 0.4375 -0.0141883
0.25 0.40625 0.00447162
0.28125 0.40625 -0.0201619
0.28125 0.4375 -0.0390218
0.25 0.4375 -0.0141883
0.25 0.40625 0.00447162
0.25 0.375 0.0236326
0.28125 0.375 -0.000935896
0.28125 0.40625 -0.0201619
0.25 0.40625 0.00447162
0.28125 0.4375 -0.0390218
0.28125 0.40625 -0.0201619
0.3125 0.40625 -0.0447143
0.3125 0.4375 -0.0637448
0.28125 0.4375 -0.0390218
0.28125 0.40625 -0.0201619
0.28125 0.375 -0.000935896
0.3125 0.375 -0.0253976
0.3125 0.40625 -0.0447143
0.28125 0.40625 -0.0201619
0.3125 0.5 -0.0978612
0.3125 0.46875 -0.0819249
0.34375 0.46875 -0.106936
0.34375 0.5 -0.123837
0.3125 0.5 -0.0978612
0.3125 0.46875 -0.0819249
0.3125 0.4375 -0.0637448
0.34375 0.4375 -0.0883812
0.34375 0.46875 -0.106936
0.3125 0.46875 -0.0819249
0.34375 0.5 -0.123837
0.34375 0.46875 -0.106936
0.375 0.46875 -0.131774
0.375 0.5 -0.149429
0.34375 0.5 -0.123837
0.34375 0.46875 -0.106936
0.34375 0.4375 -0.0883812
0.375 0.4375 -0.112928
0.375 0.46875 -0.131774
0.34375 0.46875 -0.106936
0.3125 0.4375 -0.0637448
0.3125 0.40625 -0.0447143
0.34375 0.40625 -0.0692066
0.34375 0.4375 -0.0883812
0.3125 0.4375 -0.0637448
0.3125 0.40625 -0.0447143
0.3125 0.375 -0.0253976
0.34375 0.375 -0.0498075
0.34375 0.40625 -0.0692066
0.3125 0.40625 -0.0447143
0.34375 0.4375 -0.0883812
0.34375 0.40625 -0.0692066
0.375 0.40625 -0.0936188
0.375 0.4375 -0.112928
0.34375 0.4375 -0.0883812
0.34375 0.40625 -0.0692066
0.34375 0.375 -0.0498075
0.375 0.375 -0.0741217
0.375 0.40625 -0.0936188
0.34375 0.40625 -0.0692066
0.25 0.375 0.0236326
0.25 0.34375 0.0429598
0.28125 0.34375 0.0184657
0.28125 0.375 -0.000935896
0.25 0.375 0.0236326
0.25 0.34375 0.0429598
0.25 0.3125 0.0623744
0.28125 0.3125 0.0379461
0.28125 0.34375 0.0184657
0.25 0.34375 0.0429598
0.28125 0.375 -0.000935896
0.28125 0.34375 0.0184657
0.3125 0.34375 -0.00597231
0.3125 0.375 -0.0253976
0.28125 0.375 -0.000935896
0.28125 0.34375 0.0184657
0.28125 0.3125 0.0379461
0.3125 0.3125 0.0135667
0.3125 0.34375 -0.00597231
0.28125 0.34375 0.0184657
0.25 0.3125 0.0623744
0.25 0.28125 0.0818784
0.28125 0.28125 0.0575274
0.28125 0.3125 0.0379461
0.25 0.3125 0.0623744
0.25 0.28125 0.0818784
0.25 0.25 0.101499
0.28125 0.25 0.0772711
0.28125 0.28125 0.0575274
0.25 0.28125 0.0818784
0.28125 0.3125 0.0379461
0.28125 0.28125 0.0575274
0.3125 0.28125 0.0332517
0.3125 0.3125 0.0135667
0.28125 0.3125 0.0379461
0.28125 0.28125 0.0575274
0.28125 0.25 0.0772711
0.3125 0.25 0.0531899
0.3125 0.28125 0.0332517
0.28125 0.28125 0.0575274
0.3125 0.375 -0.0253976
0.3125 0.34375 -0.00597231
0.34375 0.34375 -0.0303112
0.34375 0.375 -0.0498075
0.3125 0.375 -0.0253976
0.3125 0.34375 -0.00597231
0.3125 0.3125 0.0135667
0.34375 0.3125 -0.0107044
0.34375 0.34375 -0.0303112
0.3125 0.34375 -0.00597231
0.34375 0.375 -0.0498075
0.34375 0.34375 -0.0303112
0.375 0.34375 -0.0544956
0.375 0.375 -0.0741217
0.34375 0.375 -0.0498075
0.34375 0.34375 -0.0303112
0.34375 0.3125 -0.0107044
0.375 0.3125 -0.0346958
0.375 0.34375 -0.0544956
0.34375 0.34375 -0.0303112
0.3125 0.3125 0.0135667
0.3125 0.28125 0.0332517
0.34375 0.28125 0.00910555
0.34375 0.3125 -0.0107044
0.3125 0.3125 0.0135667
0.3125 0.28125 0.0332517
0.3125 0.25 0.0531899
0.34375 0.25 0.0293586
0.34375 0.28125 0.00910555
0.3125 0.28125 0.0332517
0.34375 0.3125 -0.0107044
0.34375 0.28125 0.00910555
0.375 0.28125 -0.0146354
0.375 0.3125 -0.0346958
0.34375 0.3125 -0.0107044
0.34375 0.28125 0.00910555
0.34375 0.25 0.0293586
0.375 0.25 0.00597459
0.375 0.28125 -0.0146354
0.34375 0.28125 0.00910555
0.375 0.5 -0.149429
0.375 0.4375 -0.112928
0.4375 0.4375 -0.161608
0.4375 0.5 -0.199272
0.375 0.5 -0.149429
0.375 0.4375 -0.112928
0.375 0.40625 -0.0936188
0.40625 0.40625 -0.117897
0.40625 0.4375 -0.137361
0.375 0.4375 -0.112928
0.375 0.40625 -0.0936188
0.375 0.375 -0.0741217
0.40625 0.375 -0.0982406
0.40625 0.40625 -0.117897
0.375 0.40625 -0.0936188
0.40625 0.4375 -0.137361
0.40625 0.40625 -0.117897
0.4375 0.40625 -0.141931
0.4375 0.4375 -0.161608
0.40625 0.4375 -0.137361
0.40625 0.40625 -0.117897
0.40625 0.375 -0.0982406
0.4375 0.375 -0.121906
0.4375 0.40625 -0.141931
0.40625 0.40625 -0.117897
0.4375 0.5 -0.199272
0.4375 0.4375 -0.161608
0.5 0.4375 -0.199941
0.5 0.5 -0.240323
0.4375 0.5 -0.199272
0.4375 0.4375 -0.161608
0.4375 0.375 -0.121906
0.5 0.375 -0.150694
0.5 0.4375 -0.199941
0.4375 0.4375 -0.161608
0.375 0.375 -0.0741217
0.375 0.34375 -0.0544956
0.40625 0.34375 -0.0783518
0.40625 0.375 -0.0982406
0.375 0.375 -0.0741217
0.375 0.34375 -0.0544956
0.375 0.3125 -0.0346958
0.40625 0.3125 -0.0581436
0.40625 0.34375 -0.0783518
0.375 0.34375 -0.0544956
0.40625 0.375 -0.0982406
0.40625 0.34375 -0.0783518
0.4375 0.34375 -0.101514
0.4375 0.375 -0.121906
0.40625 0.375 -0.0982406
0.40625 0.34375 -0.0783518
0.40625 0.3125 -0.0581436
0.4375 0.3125 -0.0804159
0.4375 0.34375 -0.101514
0.40625 0.34375 -0.0783518
0.375 0.3125 -0.0346958
0.375 0.28125 -0.0146354
0.40625 0.28125 -0.0374262
0.40625 0.3125 -0.0581436
0.375 0.3125 -0.0346958
0.375 0.28125 -0.0146354
0.375 0.25 0.00597459
0.40625 0.25 -0.0159375
0.40625 0.28125 -0.0374262
0.375 0.28125 -0.0146354
0.40625 0.3125 -0.0581436
0.40625 0.28125 -0.0374262
0.4375 0.28125 -0.0584214
0.4375 0.3125 -0.0804159
0.40625 0.3125 -0.0581436
0.40625 0.28125 -0.0374262
0.40625 0.25 -0.0159375
0.4375 0.25 -0.0351113
0.4375 0.28125 -0.0584214
0.40625 0.28125 -0.0374262
0.4375 0.375 -0.121906
0.4375 0.34375 -0.101514
0.46875 0.34375 -0.122975
0.46875 0.375 -0.144783
0.4375 0.375 -0.121906
0.4375 0.34375 -0.101514
0.4375 0.3125 -0.0804159
0.46875 0.3125 -0.100165
0.46875 0.34375 -0.122975
0.4375 0.34375 -0.101514
0.46875 0.375 -0.144783
0.46875 0.34375 -0.122975
0.5 0.34375 -0.125433
0.5 0.375 -0.150694
0.46875 0.375 -0.144783
0.46875 0.34375 -0.122975
0.46875 0.3125 -0.100165
0.5 0.3125 -0.099815
0.5 0.34375 -0.125433
0.46875 0.34375 -0.122975
0.4375 0.3125 -0.0804159
0.4375 0.28125 -0.0584214
0.46875 0.28125 -0.0756888
0.46875 0.3125 -0.100165
0.4375 0.3125 -0.0804159
0.4375 0.28125 -0.0584214
0.4375 0.25 -0.0351113
0.46875 0.25 -0.0493831
0.46875 0.28125 -0.0756888
0.4375 0.28125 -0.0584214
0.46875 0.3125 -0.100165
0.46875 0.28125 -0.0756888
0.5 0.28125 -0.0735258
0.5 0.3125 -0.099815
0.46875 0.3125 -0.100165
0.46875 0.28125 -0.0756888
0.46875 0.25 -0.0493831
0.5 0.25 -0.046541
0.5 0.28125 -0.0735258
0.46875 0.28125 -0.0756888
0.25 0.25 0.101499
0.25 0.21875 0.121312
0.28125 0.21875 0.0972937
0.28125 0.25 0.0772711
0.25 0.25 0.101499
0.25 0.21875 0.121312
0.25 0.1875 0.14142
0.28125 0.1875 0.117774
0.28125 0.21875 0.0972937
0.25 0.21875 0.121312
0.28125 0.25 0.0772711
0.28125 0.21875 0.0972937
0.3125 0.21875 0.0735753
0.3125 0.25 0.0531899
0.28125 0.25 0.0772711
0.28125 0.21875 0.0972937
0.28125 0.1875 0.117774
0.3125 0.1875 0.0946537
0.3125 0.21875 0.0735753
0.28125 0.21875 0.0972937
0.25 0.1875 0.14142
0.25 0.125 0.183428
0.3125 0.125 0.139742
0.3125 0.1875 0.0946537
0.25 0.1875 0.14142
0.3125 0.25 0.0531899
0.3125 0.21875 0.0735753
0.34375 0.21875 0.0503228
0.34375 0.25 0.0293586
0.3125 0.25 0.0531899
0.3125 0.21875 0.0735753
0.3125 0.1875 0.0946537
0.34375 0.1875 0.0723074
0.34375 0.21875 0.0503228
0.3125 0.21875 0.0735753
0.34375 0.25 0.0293586
0.34375 0.21875 0.0503228
0.375 0.21875 0.0278862
0.375 0.25 0.00597459
0.34375 0.25 0.0293586
0.34375 0.21875 0.0503228
0.34375 0.1875 0.0723074
0.375 0.1875 0.051295
0.375 0.21875 0.0278862
0.34375 0.21875 0.0503228
0.3125 0.1875 0.0946537
0.3125 0.15625 0.116682
0.34375 0.15625 0.0955175
0.34375 0.1875 0.0723074
0.3125 0.1875 0.0946537
0.3125 0.15625 0.116682
0.3125 0.125 0.139742
0.34375 0.125 0.119991
0.34375 0.15625 0.0955175
0.3125 0.15625 0.116682
0.34375 0.1875 0.0723074
0.34375 0.15625 0.0955175
0.375 0.15625 0.0763122
0.375 0.1875 0.051295
0.34375 0.1875 0.0723074
0.34375 0.15625 0.0955175
0.34375 0.125 0.119991
0.375 0.125 0.102508
0.375 0.15625 0.0763122
0.34375 0.15625 0.0955175
0.25 0.125 0.183428
0.25 0.0625 0.228619
0.3125 0.0625 0.189053
0.3125 0.125 0.139742
0.25 0.125 0.183428
0.25 0.0625 0.228619
0.25 0 0.27838
0.3125 0 0.243222
0.3125 0.0625 0.189053
0.25 0.0625 0.228619
0.3125 0.125 0.139742
0.3125 0.0625 0.189053
0.375 0.0625 0.157813
0.375 0.125 0.102508
0.3125 0.125 0.139742
0.3125 0.0625 0.189053
0.3125 0 0.243222
0.375 0 0.216293
0.375 0.0625 0.157813
0.3125 0.0625 0.189053
0.375 0.25 0.00597459
0.375 0.21875 0.0278862
0.40625 0.21875 0.00708198
0.40625 0.25 -0.0159375
0.375 0.25 0.00597459
0.375 0.21875 0.0278862
0.375 0.1875 0.051295
0.40625 0.1875 0.0326694
0.40625 0.21875 0.00708198
0.375 0.21875 0.0278862
0.40625 0.25 -0.0159375
0.40625 0.21875 0.00708198
0.4375 0.21875 -0.0102261
0.4375 0.25 -0.0351113
0.40625 0.25 -0.0159375
0.40625 0.21875 0.00708198
0.40625 0.1875 0.0326694
0.4375 0.1875 0.0176603
0.4375 0.21875 -0.0102261
0.40625 0.21875 0.00708198
0.375 0.1875 0.051295
0.375 0.15625 0.0763122
0.40625 0.15625 0.0597796
0.40625 0.1875 0.0326694
0.375 0.1875 0.051295
0.375 0.15625 0.0763122
0.375 0.125 0.102508
0.40625 0.125 0.0878711
0.40625 0.15625 0.0597796
0.375 0.15625 0.0763122
0.40625 0.1875 0.0326694
0.40625 0.15625 0.0597796
0.4375 0.15625 0.0470558
0.4375 0.1875 0.0176603
0.40625 0.1875 0.0326694
0.40625 0.15625 0.0597796
0.40625 0.125 0.0878711
0.4375 0.125 0.0769908
0.4375 0.15625 0.0470558
0.40625 0.15625 0.0597796
0.4375 0.25 -0.0351113
0.4375 0.21875 -0.0102261
0.46875 0.21875 -0.0213188
0.46875 0.25 -0.0493831
0.4375 0.25 -0.0351113
0.4375 0.21875 -0.0102261
0.4375 0.1875 0.0176603
0.46875 0.1875 0.00887902
0.46875 0.21875 -0.0213188
0.4375 0.21875 -0.0102261
0.46875 0.25 -0.0493831
0.46875 0.21875 -0.0213188
0.5 0.21875 -0.0186083
0.5 0.25 -0.046541
0.46875 0.25 -0.0493831
0.46875 0.21875 -0.0213188
0.46875 0.1875 0.00887902
0.5 0.1875 0.0109327
0.5 0.21875 -0.0186083
0.46875 0.21875 -0.0213188
0.4375 0.1875 0.0176603
0.4375 0.15625 0.0470558
0.46875 0.15625 0.0400593
0.46875 0.1875 0.00887902
0.4375 0.1875 0.0176603
0.4375 0.15625 0.0470558
0.4375 0.125 0.0769908
0.46875 0.125 0.071241
0.46875 0.15625 0.0400593
0.4375 0.15625 0.0470558
0.46875 0.1875 0.00887902
0.46875 0.15625 0.0400593
0.5 0.15625 0.0416779
0.5 0.1875 0.0109327
0.46875 0.1875 0.00887902
0.46875 0.15625 0.0400593
0.46875 0.125 0.071241
0.5 0.125 0.0725585
0.5 0.15625 0.0416779
0.46875 0.15625 0.0400593
0.375 0.125 0.102508
0.375 0.09375 0.129823
0.40625 0.09375 0.116726
0.40625 0.125 0.0878711
0.375 0.125 0.102508
0.375 0.09375 0.129823
0.375 0.0625 0.157813
0.40625 0.0625 0.146033
0.40625 0.09375 0.116726
0.375 0.09375 0.129823
0.40625 0.125 0.0878711
0.40625 0.09375 0.116726
0.4375 0.09375 0.107266
0.4375 0.125 0.0769908
0.40625 0.125 0.0878711
0.40625 0.09375 0.116726
0.40625 0.0625 0.146033
0.4375 0.0625 0.137726
0.4375 0.09375 0.107266
0.40625 0.09375 0.116726
0.375 0.0625 0.157813
0.375 0 0.216293
0.4375 0 0.199392
0.4375 0.0625 0.137726
0.375 0.0625 0.157813
0.4375 0.125 0.0769908
0.4375 0.09375 0.107266
0.46875 0.09375 0.102416
0.46875 0.125 0.071241
0.4375 0.125 0.0769908
0.4375 0.09375 0.107266
0.4375 0.0625 0.137726
0.46875 0.0625 0.13358
0.46875 0.09375 0.102416
0.4375 0.09375 0.107266
0.46875 0.125 0.071241
0.46875 0.09375 0.102416
0.5 0.09375 0.103518
0.5 0.125 0.0725585
0.46875 0.125 0.071241
0.46875 0.09375 0.102416
0.46875 0.0625 0.13358
0.5 0.0625 0.134509
0.5 0.09375 0.103518
0.46875 0.09375 0.102416
0.4375 0.0625 0.137726
0.4375 0 0.199392
0.5 0 0.196768
0.5 0.0625 0.134509
0.4375 0.0625 0.137726
0.5 1 0.196975
0.5 0.9375 0.134733
0.5625 0.9375 0.138275
0.5625 1 0.199817
0.5 1 0.196975
0.5 0.9375 0.134733
0.5 0.90625 0.103754
0.53125 0.90625 0.102256
0.53125 0.9375 0.133432
0.5 0.9375 0.134733
0.5 0.90625 0.103754
0.5 0.875 0.0728286
0.53125 0.875 0.0710722
0.53125 0.90625 0.102256
0.5 0.90625 0.103754
0.53125 0.9375 0.133432
0.53125 0.90625 0.102256
0.5625 0.90625 0.107777
0.5625 0.9375 0.138275
0.53125 0.9375 0.133432
0.53125 0.90625 0.102256
0.53125 0.875 0.0710722
0.5625 0.875 0.0774784
0.5625 0.90625 0.107777
0.53125 0.90625 0.102256
0.5625 1 0.199817
0.5625 0.9375 0.138275
0.625 0.9375 0.160292
0.625 1 0.218067
0.5625 1 0.199817
0.5625 0.9375 0.138275
0.5625 0.90625 0.107777
0.59375 0.90625 0.118064
0.59375 0.9375 0.14742
0.5625 0.9375 0.138275
0.5625 0.90625 0.107777
0.5625 0.875 0.0774784
0.59375 0.875 0.0891317
0.59375 0.90625 0.118064
0.5625 0.90625 0.107777
0.59375 0.9375 0.14742
0.59375 0.90625 0.118064
0.625 0.90625 0.13223
0.625 0.9375 0.160292
0.59375 0.9375 0.14742
0.59375 0.90625 0.118064
0.59375 0.875 0.0891317
0.625 0.875 0.104789
0.625 0.90625 0.13223
0.59375 0.90625 0.118064
0.5 0.875 0.0728286
0.5 0.84375 0.041978
0.53125 0.84375 0.0398813
0.53125 0.875 0.0710722
0.5 0.875 0.0728286
0.5 0.84375 0.041978
0.5 0.8125 0.0112397
0.53125 0.8125 0.00868343
0.53125 0.84375 0.0398813
0.5 0.84375 0.041978
0.53125 0.875 0.0710722
0.53125 0.84375 0.0398813
0.5625 0.84375 0.0474515
0.5625 0.875 0.0774784
0.53125 0.875 0.0710722
0.53125 0.84375 0.0398813
0.53125 0.8125 0.00868343
0.5625 0.8125 0.0178148
0.5625 0.84375 0.0474515
0.53125 0.84375 0.0398813
0.5 0.8125 0.0112397
0.5 0.78125 -0.0186901
0.53125 0.78125 -0.0219349
0.53125 0.8125 0.00868343
0.5 0.8125 0.0112397
0.5 0.78125 -0.0186901
0.5 0.75 -0.0473586
0.53125 0.75 -0.0514163
0.53125 0.78125 -0.0219349
0.5 0.78125 -0.0186901
0.53125 0.8125 0.00868343
0.53125 0.78125 -0.0219349
0.5625 0.78125 -0.0106854
0.5625 0.8125 0.0178148
0.53125 0.8125 0.00868343
0.53125 0.78125 -0.0219349
0.53125 0.75 -0.0514163
0.5625 0.75 -0.0368588
0.5625 0.78125 -0.0106854
0.53125 0.78125 -0.0219349
0.5625 0.875 0.0774784
0.5625 0.84375 0.0474515
0.59375 0.84375 0.0607666
0.59375 0.875 0.0891317
0.5625 0.875 0.0774784
0.5625 0.84375 0.0474515
0.5625 0.8125 0.0178148
0.59375 0.8125 0.0331817
0.59375 0.84375 0.0607666
0.5625 0.84375 0.0474515
0.59375 0.875 0.0891317
0.59375 0.84375 0.0607666
0.625 0.84375 0.0781843
0.625 0.875 0.104789
0.59375 0.875 0.0891317
0.59375 0.84375 0.0607666
0.59375 0.8125 0.0331817
0.625 0.8125 0.0525963
0.625 0.84375 0.0781843
0.59375 0.84375 0.0607666
0.5625 0.8125 0.0178148
0.5625 0.78125 -0.0106854
0.59375 0.78125 0.00668142
0.59375 0.8125 0.0331817
0.5625 0.8125 0.0178148
0.5625 0.78125 -0.0106854
0.5625 0.75 -0.0368588
0.59375 0.75 -0.0169021
0.59375 0.78125 0.00668142
0.5625 0.78125 -0.0106854
0.59375 0.8125 0.0331817
0.59375 0.78125 0.00668142
0.625 0.78125 0.0282786
0.625 0.8125 0.0525963
0.59375 0.8125 0.0331817
0.59375 0.78125 0.00668142
0.59375 0.75 -0.0169021
0.625 0.75 0.00549492
0.625 0.78125 0.0282786
0.59375 0.78125 0.00668142
0.625 1 0.218067
0.625 0.9375 0.160292
0.6875 0.9375 0.194306
0.6875 1 0.247379
0.625 1 0.218067
0.625 0.9375 0.160292
0.625 0.875 0.104789
0.6875 0.875 0.143155
0.6875 0.9375 0.194306
0.625 0.9375 0.160292
0.6875 1 0.247379
0.6875 0.9375 0.194306
0.75 0.9375 0.234751
0.75 1 0.284043
0.6875 1 0.247379
0.6875 0.9375 0.194306
0.6875 0.875 0.143155
0.75 0.875 0.187315
0.75 0.9375 0.234751
0.6875 0.9375 0.194306
0.625 0.875 0.104789
0.625 0.84375 0.0781843
0.65625 0.84375 0.0980291
0.65625 0.875 0.123185
0.625 0.875 0.104789
0.625 0.84375 0.0781843
0.625 0.8125 0.0525963
0.65625 0.8125 0.0739483
0.65625 0.84375 0.0980291
0.625 0.84375 0.0781843
0.65625 0.875 0.123185
0.65625 0.84375 0.0980291
0.6875 0.84375 0.119257
0.6875 0.875 0.143155
0.65625 0.875 0.123185
0.65625 0.84375 0.0980291
0.65625 0.8125 0.0739483
0.6875 0.8125 0.0963044
0.6875 0.84375 0.119257
0.65625 0.84375 0.0980291
0.625 0.8125 0.0525963
0.625 0.78125 0.0282786
0.65625 0.78125 0.0510343
0.65625 0.8125 0.0739483
0.625 0.8125 0.0525963
0.625 0.78125 0.0282786
0.625 0.75 0.00549492
0.65625 0.75 0.0293266
0.65625 0.78125 0.0510343
0.625 0.78125 0.0282786
0.65625 0.8125 0.0739483
0.65625 0.78125 0.0510343
0.6875 0.78125 0.0743473
0.6875 0.8125 0.0963044
0.65625 0.8125 0.0739483
0.65625 0.78125 0.0510343
0.65625 0.75 0.0293266
0.6875 0.75 0.0533354
0.6875 0.78125 0.0743473
0.65625 0.78125 0.0510343
0.6875 0.875 0.143155
0.6875 0.8125 0.0963044
0.75 0.8125 0.142721
0.75 0.875 0.187315
0.6875 0.875 0.143155
0.6875 0.8125 0.0963044
0.6875 0.78125 0.0743473
0.71875 0.78125 0.0980326
0.71875 0.8125 0.119323
0.6875 0.8125 0.0963044
0.6875 0.78125 0.0743473
0.6875 0.75 0.0533354
0.71875 0.75 0.0774843
0.71875 0.78125 0.0980326
0.6875 0.78125 0.0743473
0.71875 0.8125 0.119323
0.71875 0.78125 0.0980326
0.75 0.78125 0.121939
0.75 0.8125 0.142721
0.71875 0.8125 0.119323
0.71875 0.78125 0.0980326
0.71875 0.75 0.0774843
0.75 0.75 0.10174
0.75 0.78125 0.121939
0.71875 0.78125 0.0980326
0.5 0.75 -0.0473586
0.5 0.71875 -0.0747417
0.53125 0.71875 -0.0789476
0.53125 0.75 -0.0514163
0.5 0.75 -0.0473586
0.5 0.71875 -0.0747417
0.5 0.6875 -0.100986
0.53125 0.6875 -0.103824
0.53125 0.71875 -0.0789476
0.5 0.71875 -0.0747417
0.53125 0.75 -0.0514163
0.53125 0.71875 -0.0789476
0.5625 0.71875 -0.0606107
0.5625 0.75 -0.0368588
0.53125 0.75 -0.0514163
0.53125 0.71875 -0.0789476
0.53125 0.6875 -0.103824
0.5625 0.6875 -0.0823923
0.5625 0.71875 -0.0606107
0.53125 0.71875 -0.0789476
0.5 0.6875 -0.100986
0.5 0.65625 -0.1265
0.53125 0.65625 -0.126126
0.53125 0.6875 -0.103824
0.5 0.6875 -0.100986
0.5 0.65625 -0.1265
0.5 0.625 -0.151504
0.53125 0.625 -0.146696
0.53125 0.65625 -0.126126
0.5 0.65625 -0.1265
0.53125 0.6875 -0.103824
0.53125 0.65625 -0.126126
0.5625 0.65625 -0.102974
0.5625 0.6875 -0.0823923
0.53125 0.6875 -0.103824
0.53125 0.65625 -0.126126
0.53125 0.625 -0.146696
0.5625 0.625 -0.122941
0.5625 0.65625 -0.102974
0.53125 0.65625 -0.126126
0.5625 0.75 -0.0368588
0.5625 0.71875 -0.0606107
0.59375 0.71875 -0.0385493
0.59375 0.75 -0.0169021
0.5625 0.75 -0.0368588
0.5625 0.71875 -0.0606107
0.5625 0.6875 -0.0823923
0.59375 0.6875 -0.0590877
0.59375 0.71875 -0.0385493
0.5625 0.71875 -0.0606107
0.59375 0.75 -0.0169021
0.59375 0.71875 -0.0385493
0.625 0.71875 -0.0151817
0.625 0.75 0.00549492
0.59375 0.75 -0.0169021
0.59375 0.71875 -0.0385493
0.59375 0.6875 -0.0590877
0.625 0.6875 -0.0351349
0.625 0.71875 -0.0151817
0.59375 0.71875 -0.0385493
0.5625 0.6875 -0.0823923
0.5625 0.65625 -0.102974
0.59375 0.65625 -0.0790376
0.59375 0.6875 -0.0590877
0.5625 0.6875 -0.0823923
0.5625 0.65625 -0.102974
0.5625 0.625 -0.122941
0.59375 0.625 -0.0987108
0.59375 0.65625 -0.0790376
0.5625 0.65625 -0.102974
0.59375 0.6875 -0.0590877
0.59375 0.65625 -0.0790376
0.625 0.65625 -0.0548009
0.625 0.6875 -0.0351349
0.59375 0.6875 -0.0590877
0.59375 0.65625 -0.0790376
0.59375 0.625 -0.0987108
0.625 0.625 -0.0743406
0.625 0.65625 -0.0548009
0.59375 0.65625 -0.0790376
0.5 0.625 -0.151504
0.5 0.5625 -0.200984
0.5625 0.5625 -0.16217
0.5625 0.625 -0.122941
0.5 0.625 -0.151504
0.5 0.5625 -0.200984
0.5 0.5 -0.240323
0.5625 0.5 -0.196342
0.5625 0.5625 -0.16217
0.5 0.5625 -0.200984
0.5625 0.625 -0.122941
0.5625 0.59375 -0.142624
0.59375 0.59375 -0.118253
0.59375 0.625 -0.0987108
0.5625 0.625 -0.122941
0.5625 0.59375 -0.142624
0.5625 0.5625 -0.16217
0.59375 0.5625 -0.1377
0.59375 0.59375 -0.118253
0.5625 0.59375 -0.142624
0.59375 0.625 -0.0987108
0.59375 0.59375 -0.118253
0.625 0.59375 -0.0938017
0.625 0.625 -0.0743406
0.59375 0.625 -0.0987108
0.59375 0.59375 -0.118253
0.59375 0.5625 -0.1377
0.625 0.5625 -0.113168
0.625 0.59375 -0.0938017
0.59375 0.59375 -0.118253
0.5625 0.5625 -0.16217
0.5625 0.5 -0.196342
0.625 0.5 -0.151229
0.625 0.5625 -0.113168
0.5625 0.5625 -0.16217
0.625 0.75 0.00549492
0.625 0.71875 -0.0151817
0.65625 0.71875 0.00880519
0.65625 0.75 0.0293266
0.625 0.75 0.00549492
0.625 0.71875 -0.0151817
0.625 0.6875 -0.0351349
0.65625 0.6875 -0.0108912
0.65625 0.71875 0.00880519
0.625 0.71875 -0.0151817
0.65625 0.75 0.0293266
0.65625 0.71875 0.00880519
0.6875 0.71875 0.033149
0.6875 0.75 0.0533354
0.65625 0.75 0.0293266
0.65625 0.71875 0.00880519
0.65625 0.6875 -0.0108912
0.6875 0.6875 0.0135015
0.6875 0.71875 0.033149
0.65625 0.71875 0.00880519
0.625 0.6875 -0.0351349
0.625 0.65625 -0.0548009
0.65625 0.65625 -0.0304286
0.65625 0.6875 -0.0108912
0.625 0.6875 -0.0351349
0.625 0.65625 -0.0548009
0.625 0.625 -0.0743406
0.65625 0.625 -0.0498983
0.65625 0.65625 -0.0304286
0.625 0.65625 -0.0548009
0.65625 0.6875 -0.0108912
0.65625 0.65625 -0.0304286
0.6875 0.65625 -0.00598637
0.6875 0.6875 0.0135015
0.65625 0.6875 -0.0108912
0.65625 0.65625 -0.0304286
0.65625 0.625 -0.0498983
0.6875 0.625 -0.0254102
0.6875 0.65625 -0.00598637
0.65625 0.65625 -0.0304286
0.6875 0.75 0.0533354
0.6875 0.71875 0.033149
0.71875 0.71875 0.057535
0.71875 0.75 0.0774843
0.6875 0.75 0.0533354
0.6875 0.71875 0.033149
0.6875 0.6875 0.0135015
0.71875 0.6875 0.0379541
0.71875 0.71875 0.057535
0.6875 0.71875 0.033149
0.71875 0.75 0.0774843
0.71875 0.71875 0.057535
0.75 0.71875 0.0819733
0.75 0.75 0.10174
0.71875 0.75 0.0774843
0.71875 0.71875 0.057535
0.71875 0.6875 0.0379541
0.75 0.6875 0.0624727
0.75 0.71875 0.0819733
0.71875 0.71875 0.057535
0.6875 0.6875 0.0135015
0.6875 0.65625 -0.00598637
0.71875 0.65625 0.0185069
0.71875 0.6875 0.0379541
0.6875 0.6875 0.0135015
0.6875 0.65625 -0.00598637
0.6875 0.625 -0.0254102
0.71875 0.625 -0.000887346
0.71875 0.65625 0.0185069
0.6875 0.65625 -0.00598637
0.71875 0.6875 0.0379541
0.71875 0.65625 0.0185069
0.75 0.65625 0.0430905
0.75 0.6875 0.0624727
0.71875 0.6875 0.0379541
0.71875 0.65625 0.0185069
0.71875 0.625 -0.000887346
0.75 0.625 0.0238063
0.75 0.65625 0.0430905
0.71875 0.65625 0.0185069
0.625 0.625 -0.0743406
0.625 0.59375 -0.0938017
0.65625 0.59375 -0.0692958
0.65625 0.625 -0.0498983
0.625 0.625 -0.0743406
0.625 0.59375 -0.0938017
0.625 0.5625 -0.113168
0.65625 0.5625 -0.0885727
0.65625 0.59375 -0.0692958
0.625 0.59375 -0.0938017
0.65625 0.625 -0.0498983
0.65625 0.59375 -0.0692958
0.6875 0.59375 -0.0447424
0.6875 0.625 -0.0254102
0.65625 0.625 -0.0498983
0.65625 0.59375 -0.0692958
0.65625 0.5625 -0.0885727
0.6875 0.5625 -0.0638806
0.6875 0.59375 -0.0447424
0.65625 0.59375 -0.0692958
0.625 0.5625 -0.113168
0.625 0.53125 -0.132389
0.65625 0.53125 -0.107584
0.65625 0.5625 -0.0885727
0.625 0.5625 -0.113168
0.625 0.53125 -0.132389
0.625 0.5 -0.151229
0.65625 0.5 -0.125906
0.65625 0.53125 -0.107584
0.625 0.53125 -0.132389
0.65625 0.5625 -0.0885727
0.65625 0.53125 -0.107584
0.6875 0.53125 -0.0825717
0.6875 0.5625 -0.0638806
0.65625 0.5625 -0.0885727
0.65625 0.53125 -0.107584
0.65625 0.5 -0.125906
0.6875 0.5 -0.100089
0.6875 0.53125 -0.0825717
0.65625 0.53125 -0.107584
0.6875 0.625 -0.0254102
0.6875 0.59375 -0.0447424
0.71875 0.59375 -0.0201186
0.71875 0.625 -0.000887346
0.6875 0.625 -0.0254102
0.6875 0.59375 -0.0447424
0.6875 0.5625 -0.0638806
0.71875 0.5625 -0.0390134
0.71875 0.59375 -0.0201186
0.6875 0.59375 -0.0447424
0.71875 0.625 -0.000887346
0.71875 0.59375 -0.0201186
0.75 0.59375 0.00468607
0.75 0.625 0.0238063
0.71875 0.625 -0.000887346
0.71875 0.59375 -0.0201186
0.71875 0.5625 -0.0390134
0.75 0.5625 -0.0138451
0.75 0.59375 0.00468607
0.71875 0.59375 -0.0201186
0.6875 0.5625 -0.0638806
0.6875 0.53125 -0.0825717
0.71875 0.53125 -0.0571537
0.71875 0.5625 -0.0390134
0.6875 0.5625 -0.0638806
0.6875 0.53125 -0.0825717
0.6875 0.5 -0.100089
0.71875 0.5 -0.0733466
0.71875 0.53125 -0.0571537
0.6875 0.53125 -0.0825717
0.71875 0.5625 -0.0390134
0.71875 0.53125 -0.0571537
0.75 0.53125 -0.0311428
0.75 0.5625 -0.0138451
0.71875 0.5625 -0.0390134
0.71875 0.53125 -0.0571537
0.71875 0.5 -0.0733466
0.75 0.5 -0.0454784
0.75 0.53125 -0.0311428
0.71875 0.53125 -0.0571537
0.75 1 0.284043
0.75 0.875 0.187315
0.875 0.875 0.280839
0.875 1 0.368135
0.75 1 0.284043
0.75 0.875 0.187315
0.75 0.8125 0.142721
0.8125 0.8125 0.19094
0.8125 0.875 0.233535
0.75 0.875 0.187315
0.75 0.8125 0.142721
0.75 0.75 0.10174
0.8125 0.75 0.15059
0.8125 0.8125 0.19094
0.75 0.8125 0.142721
0.8125 0.875 0.233535
0.8125 0.8125 0.19094
0.875 0.8125 0.239784
0.875 0.875 0.280839
0.8125 0.875 0.233535
0.8125 0.8125 0.19094
0.8125 0.75 0.15059
0.875 0.75 0.200402
0.875 0.8125 0.239784
0.8125 0.8125 0.19094
0.875 1 0.368135
0.875 0.875 0.280839
1 0.875 0.381699
1 1 0.463064
0.875 1 0.368135
0.875 0.875 0.280839
0.875 0.75 0.200402
1 0.75 0.305351
1 0.875 0.381699
0.875 0.875 0.280839
0.75 0.75 0.10174
0.75 0.71875 0.0819733
0.78125 0.71875 0.106494
0.78125 0.75 0.126102
0.75 0.75 0.10174
0.75 0.71875 0.0819733
0.75 0.6875 0.0624727
0.78125 0.6875 0.0871005
0.78125 0.71875 0.106494
0.75 0.71875 0.0819733
0.78125 0.75 0.126102
0.78125 0.71875 0.106494
0.8125 0.71875 0.131149
0.8125 0.75 0.15059
0.78125 0.75 0.126102
0.78125 0.71875 0.106494
0.78125 0.6875 0.0871005
0.8125 0.6875 0.111929
0.8125 0.71875 0.131149
0.78125 0.71875 0.106494
0.75 0.6875 0.0624727
0.75 0.65625 0.0430905
0.78125 0.65625 0.0678597
0.78125 0.6875 0.0871005
0.75 0.6875 0.0624727
0.75 0.65625 0.0430905
0.75 0.625 0.0238063
0.78125 0.625 0.0488252
0.78125 0.65625 0.0678597
0.75 0.65625 0.0430905
0.78125 0.6875 0.0871005
0.78125 0.65625 0.0678597
0.8125 0.65625 0.0929612
0.8125 0.6875 0.111929
0.78125 0.6875 0.0871005
0.78125 0.65625 0.0678597
0.78125 0.625 0.0488252
0.8125 0.625 0.0743836
0.8125 0.65625 0.0929612
0.78125 0.65625 0.0678597
0.8125 0.75 0.15059
0.8125 0.6875 0.111929
0.875 0.6875 0.162619
0.875 0.75 0.200402
0.8125 0.75 0.15059
0.8125 0.6875 0.111929
0.8125 0.65625 0.0929612
0.84375 0.65625 0.118539
0.84375 0.6875 0.137068
0.8125 0.6875 0.111929
0.8125 0.65625 0.0929612
0.8125 0.625 0.0743836
0.84375 0.625 0.100632
0.84375 0.65625 0.118539
0.8125 0.65625 0.0929612
0.84375 0.6875 0.137068
0.84375 0.65625 0.118539
0.875 0.65625 0.144648
0.875 0.6875 0.162619
0.84375 0.6875 0.137068
0.84375 0.65625 0.118539
0.84375 0.625 0.100632
0.875 0.625 0.127515
0.875 0.65625 0.144648
0.84375 0.65625 0.118539
0.75 0.625 0.0238063
0.75 0.59375 0.00468607
0.78125 0.59375 0.0301443
0.78125 0.625 0.0488252
0.75 0.625 0.0238063
0.75 0.59375 0.00468607
0.75 0.5625 -0.0138451
0.78125 0.5625 0.0121481
0.78125 0.59375 0.0301443
0.75 0.59375 0.00468607
0.78125 0.625 0.0488252
0.78125 0.59375 0.0301443
0.8125 0.59375 0.0564639
0.8125 0.625 0.0743836
0.78125 0.625 0.0488252
0.78125 0.59375 0.0301443
0.78125 0.5625 0.0121481
0.8125 0.5625 0.0397202
0.8125 0.59375 0.0564639
0.78125 0.59375 0.0301443
0.75 0.5625 -0.0138451
0.75 0.53125 -0.0311428
0.78125 0.53125 -0.00429843
0.78125 0.5625 0.0121481
0.75 0.5625 -0.0138451
0.75 0.53125 -0.0311428
0.75 0.5 -0.0454784
0.78125 0.5 -0.0163753
0.78125 0.53125 -0.00429843
0.75 0.53125 -0.0311428
0.78125 0.5625 0.0121481
0.78125 0.53125 -0.00429843
0.8125 0.53125 0.0249522
0.8125 0.5625 0.0397202
0.78125 0.5625 0.0121481
0.78125 0.53125 -0.00429843
0.78125 0.5 -0.0163753
0.8125 0.5 0.014033
0.8125 0.53125 0.0249522
0.78125 0.53125 -0.00429843
0.8125 0.625 0.0743836
0.8125 0.59375 0.0564639
0.84375 0.59375 0.0837076
0.84375 0.625 0.100632
0.8125 0.625 0.0743836
0.8125 0.59375 0.0564639
0.8125 0.5625 0.0397202
0.84375 0.5625 0.0682592
0.84375 0.59375 0.0837076
0.8125 0.59375 0.0564639
0.84375 0.625 0.100632
0.84375 0.59375 0.0837076
0.875 0.59375 0.111585
0.875 0.625 0.127515
0.84375 0.625 0.100632
0.84375 0.59375 0.0837076
0.84375 0.5625 0.0682592
0.875 0.5625 0.0973383
0.875 0.59375 0.111585
0.84375 0.59375 0.0837076
0.8125 0.5625 0.0397202
0.8125 0.53125 0.0249522
0.84375 0.53125 0.0550431
0.84375 0.5625 0.0682592
0.8125 0.5625 0.0397202
0.8125 0.53125 0.0249522
0.8125 0.5 0.014033
0.84375 0.5 0.0452746
0.84375 0.53125 0.0550431
0.8125 0.53125 0.0249522
0.84375 0.5625 0.0682592
0.84375 0.53125 0.0550431
0.875 0.53125 0.0853419
0.875 0.5625 0.0973383
0.84375 0.5625 0.0682592
0.84375 0.53125 0.0550431
0.84375 0.5 0.0452746
0.875 0.5 0.0765074
0.875 0.53125 0.0853419
0.84375 0.53125 0.0550431
0.875 0.75 0.200402
0.875 0.6875 0.162619
0.9375 0.6875 0.215868
0.9375 0.75 0.251664
0.875 0.75 0.200402
0.875 0.6875 0.162619
0.875 0.625 0.127515
0.9375 0.625 0.183715
0.9375 0.6875 0.215868
0.875 0.6875 0.162619
0.9375 0.75 0.251664
0.9375 0.6875 0.215868
1 0.6875 0.271839
1 0.75 0.305351
0.9375 0.75 0.251664
0.9375 0.6875 0.215868
0.9375 0.625 0.183715
1 0.625 0.242185
1 0.6875 0.271839
0.9375 0.6875 0.215868
0.875 0.625 0.127515
0.875 0.5625 0.0973383
0.9375 0.5625 0.156505
0.9375 0.625 0.183715
0.875 0.625 0.127515
0.875 0.5625 0.0973383
0.875 0.53125 0.0853419
0.90625 0.53125 0.115789
0.90625 0.5625 0.126795
0.875 0.5625 0.0973383
0.875 0.53125 0.0853419
0.875 0.5 0.0765074
0.90625 0.5 0.107724
0.90625 0.53125 0.115789
0.875 0.53125 0.0853419
0.90625 0.5625 0.126795
0.90625 0.53125 0.115789
0.9375 0.53125 0.146328
0.9375 0.5625 0.156505
0.90625 0.5625 0.126795
0.90625 0.53125 0.115789
0.90625 0.5 0.107724
0.9375 0.5 0.13891
0.9375 0.53125 0.146328
0.90625 0.53125 0.115789
0.9375 0.625 0.183715
0.9375 0.5625 0.156505
1 0.5625 0.217699
1 0.625 0.242185
0.9375 0.625 0.183715
0.9375 0.5625 0.156505
0.9375 0.5 0.13891
1 0.5 0.201334
1 0.5625 0.217699
0.9375 0.5625 0.156505
0.5 0.5 -0.240323
0.5 0.4375 -0.199941
0.5625 0.4375 -0.161616
0.5625 0.5 -0.196342
0.5 0.5 -0.240323
0.5 0.4375 -0.199941
0.5 0.375 -0.150694
0.5625 0.375 -0.113063
0.5625 0.4375 -0.161616
0.5 0.4375 -0.199941
0.5625 0.5 -0.196342
0.5625 0.4375 -0.161616
0.625 0.4375 -0.121697
0.625 0.5 -0.151229
0.5625 0.5 -0.196342
0.5625 0.4375 -0.161616
0.5625 0.40625 -0.13747
0.59375 0.40625 -0.117953
0.59375 0.4375 -0.141796
0.5625 0.4375 -0.161616
0.5625 0.40625 -0.13747
0.5625 0.375 -0.113063
0.59375 0.375 -0.0936975
0.59375 0.40625 -0.117953
0.5625 0.40625 -0.13747
0.59375 0.4375 -0.141796
0.59375 0.40625 -0.117953
0.625 0.40625 -0.0982805
0.625 0.4375 -0.121697
0.59375 0.4375 -0.141796
0.59375 0.40625 -0.117953
0.59375 0.375 -0.0936975
0.625 0.375 -0.0742098
0.625 0.40625 -0.0982805
0.59375 0.40625 -0.117953
0.5 0.375 -0.150694
0.5 0.34375 -0.125433
0.53125 0.34375 -0.107474
0.53125 0.375 -0.132191
0.5 0.375 -0.150694
0.5 0.34375 -0.125433
0.5 0.3125 -0.099815
0.53125 0.3125 -0.0825565
0.53125 0.34375 -0.107474
0.5 0.34375 -0.125433
0.53125 0.375 -0.132191
0.53125 0.34375 -0.107474
0.5625 0.34375 -0.0885292
0.5625 0.375 -0.113063
0.53125 0.375 -0.132191
0.53125 0.34375 -0.107474
0.53125 0.3125 -0.0825565
0.5625 0.3125 -0.0639149
0.5625 0.34375 -0.0885292
0.53125 0.34375 -0.107474
0.5 0.3125 -0.099815
0.5 0.28125 -0.0735258
0.53125 0.28125 -0.057429
0.53125 0.3125 -0.0825565
0.5 0.3125 -0.099815
0.5 0.28125 -0.0735258
0.5 0.25 -0.046541
0.53125 0.25 -0.0319436
0.53125 0.28125 -0.057429
0.5 0.28125 -0.0735258
0.53125 0.3125 -0.0825565
0.53125 0.28125 -0.057429
0.5625 0.28125 -0.0391932
0.5625 0.3125 -0.0639149
0.53125 0.3125 -0.0825565
0.53125 0.28125 -0.057429
0.53125 0.25 -0.0319436
0.5625 0.25 -0.0143243
0.5625 0.28125 -0.0391932
0.53125 0.28125 -0.057429
0.5625 0.375 -0.113063
0.5625 0.34375 -0.0885292
0.59375 0.34375 -0.0692626
0.59375 0.375 -0.0936975
0.5625 0.375 -0.113063
0.5625 0.34375 -0.0885292
0.5625 0.3125 -0.0639149
0.59375 0.3125 -0.0447653
0.59375 0.34375 -0.0692626
0.5625 0.34375 -0.0885292
0.59375 0.375 -0.0936975
0.59375 0.34375 -0.0692626
0.625 0.34375 -0.049859
0.625 0.375 -0.0742098
0.59375 0.375 -0.0936975
0.59375 0.34375 -0.0692626
0.59375 0.3125 -0.0447653
0.625 0.3125 -0.0254205
0.625 0.34375 -0.049859
0.59375 0.34375 -0.0692626
0.5625 0.3125 -0.0639149
0.5625 0.28125 -0.0391932
0.59375 0.28125 -0.0202169
0.59375 0.3125 -0.0447653
0.5625 0.3125 -0.0639149
0.5625 0.28125 -0.0391932
0.5625 0.25 -0.0143243
0.59375 0.25 0.00441533
0.59375 0.28125 -0.0202169
0.5625 0.28125 -0.0391932
0.59375 0.3125 -0.0447653
0.59375 0.28125 -0.0202169
0.625 0.28125 -0.000937098
0.625 0.3125 -0.0254205
0.59375 0.3125 -0.0447653
0.59375 0.28125 -0.0202169
0.59375 0.25 0.00441533
0.625 0.25 0.0236226
0.625 0.28125 -0.000937098
0.59375 0.28125 -0.0202169
0.625 0.5 -0.151229
0.625 0.46875 -0.143218
0.65625 0.46875 -0.12142
0.65625 0.5 -0.125906
0.625 0.5 -0.151229
0.625 0.46875 -0.143218
0.625 0.4375 -0.121697
0.65625 0.4375 -0.101144
0.65625 0.46875 -0.12142
0.625 0.46875 -0.143218
0.65625 0.5 -0.125906
0.65625 0.46875 -0.12142
0.6875 0.46875 -0.0980043
0.6875 0.5 -0.100089
0.65625 0.5 -0.125906
0.65625 0.46875 -0.12142
0.65625 0.4375 -0.101144
0.6875 0.4375 -0.0799187
0.6875 0.46875 -0.0980043
0.65625 0.46875 -0.12142
0.625 0.4375 -0.121697
0.625 0.40625 -0.0982805
0.65625 0.40625 -0.0784316
0.65625 0.4375 -0.101144
0.625 0.4375 -0.121697
0.625 0.40625 -0.0982805
0.625 0.375 -0.0742098
0.65625 0.375 -0.054632
0.65625 0.40625 -0.0784316
0.625 0.40625 -0.0982805
0.65625 0.4375 -0.101144
0.65625 0.40625 -0.0784316
0.6875 0.40625 -0.058296
0.6875 0.4375 -0.0799187
0.65625 0.4375 -0.101144
0.65625 0.40625 -0.0784316
0.65625 0.375 -0.054632
0.6875 0.375 -0.0349521
0.6875 0.40625 -0.058296
0.65625 0.40625 -0.0784316
0.6875 0.5 -0.100089
0.6875 0.46875 -0.0980043
0.71875 0.46875 -0.0731393
0.71875 0.5 -0.0733466
0.6875 0.5 -0.100089
0.6875 0.46875 -0.0980043
0.6875 0.4375 -0.0799187
0.71875 0.4375 -0.0576938
0.71875 0.46875 -0.0731393
0.6875 0.46875 -0.0980043
0.71875 0.5 -0.0733466
0.71875 0.46875 -0.0731393
0.75 0.46875 -0.046574
0.75 0.5 -0.0454784
0.71875 0.5 -0.0733466
0.71875 0.46875 -0.0731393
0.71875 0.4375 -0.0576938
0.75 0.4375 -0.0341186
0.75 0.46875 -0.046574
0.71875 0.46875 -0.0731393
0.6875 0.4375 -0.0799187
0.6875 0.40625 -0.058296
0.71875 0.40625 -0.0377135
0.71875 0.4375 -0.0576938
0.6875 0.4375 -0.0799187
0.6875 0.40625 -0.058296
0.6875 0.375 -0.0349521
0.71875 0.375 -0.0151413
0.71875 0.40625 -0.0377135
0.6875 0.40625 -0.058296
0.71875 0.4375 -0.0576938
0.71875 0.40625 -0.0377135
0.75 0.40625 -0.0165701
0.75 0.4375 -0.0341186
0.71875 0.4375 -0.0576938
0.71875 0.40625 -0.0377135
0.71875 0.375 -0.0151413
0.75 0.375 0.00533251
0.75 0.40625 -0.0165701
0.71875 0.40625 -0.0377135
0.625 0.375 -0.0742098
0.625 0.34375 -0.049859
0.65625 0.34375 -0.030389
0.65625 0.375 -0.054632
0.625 0.375 -0.0742098
0.625 0.34375 -0.049859
0.625 0.3125 -0.0254205
0.65625 0.3125 -0.00599668
0.65625 0.34375 -0.030389
0.625 0.34375 -0.049859
0.65625 0.375 -0.054632
0.65625 0.34375 -0.030389
0.6875 0.34375 -0.0108755
0.6875 0.375 -0.0349521
0.65625 0.375 -0.054632
0.65625 0.34375 -0.030389
0.65625 0.3125 -0.00599668
0.6875 0.3125 0.0134919
0.6875 0.34375 -0.0108755
0.65625 0.34375 -0.030389
0.625 0.3125 -0.0254205
0.625 0.28125 -0.000937098
0.65625 0.28125 0.0184633
0.65625 0.3125 -0.00599668
0.625 0.3125 -0.0254205
0.625 0.28125 -0.000937098
0.625 0.25 0.0236226
0.65625 0.25 0.0429635
0.65625 0.28125 0.0184633
0.625 0.28125 -0.000937098
0.65625 0.3125 -0.00599668
0.65625 0.28125 0.0184633
0.6875 0.28125 0.0379143
0.6875 0.3125 0.0134919
0.65625 0.3125 -0.00599668
0.65625 0.28125 0.0184633
0.65625 0.25 0.0429635
0.6875 0.25 0.0623689
0.6875 0.28125 0.0379143
0.65625 0.28125 0.0184633
0.6875 0.375 -0.0349521
0.6875 0.34375 -0.0108755
0.71875 0.34375 0.00881661
0.71875 0.375 -0.0151413
0.6875 0.375 -0.0349521
0.6875 0.34375 -0.0108755
0.6875 0.3125 0.0134919
0.71875 0.3125 0.0330804
0.71875 0.34375 0.00881661
0.6875 0.34375 -0.0108755
0.71875 0.375 -0.0151413
0.71875 0.34375 0.00881661
0.75 0.34375 0.0289011
0.75 0.375 0.00533251
0.71875 0.375 -0.0151413
0.71875 0.34375 0.00881661
0.71875 0.3125 0.0330804
0.75 0.3125 0.0528814
0.75 0.34375 0.0289011
0.71875 0.34375 0.00881661
0.6875 0.3125 0.0134919
0.6875 0.28125 0.0379143
0.71875 0.28125 0.0574329
0.71875 0.3125 0.0330804
0.6875 0.3125 0.0134919
0.6875 0.28125 0.0379143
0.6875 0.25 0.0623689
0.71875 0.25 0.0818352
0.71875 0.28125 0.0574329
0.6875 0.28125 0.0379143
0.71875 0.3125 0.0330804
0.71875 0.28125 0.0574329
0.75 0.28125 0.0770761
0.75 0.3125 0.0528814
0.71875 0.3125 0.0330804
0.71875 0.28125 0.0574329
0.71875 0.25 0.0818352
0.75 0.25 0.101386
0.75 0.28125 0.0770761
0.71875 0.28125 0.0574329
0.5 0.25 -0.046541
0.5 0.21875 -0.0186083
0.53125 0.21875 -0.00599719
0.53125 0.25 -0.0319436
0.5 0.25 -0.046541
0.5 0.21875 -0.0186083
0.5 0.1875 0.0109327
0.53125 0.1875 0.021668
0.53125 0.21875 -0.00599719
0.5 0.21875 -0.0186083
0.53125 0.25 -0.0319436
0.53125 0.21875 -0.00599719
0.5625 0.21875 0.0109697
0.5625 0.25 -0.0143243
0.53125 0.25 -0.0319436
0.53125 0.21875 -0.00599719
0.53125 0.1875 0.021668
0.5625 0.1875 0.037097
0.5625 0.21875 0.0109697
0.53125 0.21875 -0.00599719
0.5 0.1875 0.0109327
0.5 0.15625 0.0416779
0.53125 0.15625 0.0504816
0.53125 0.1875 0.021668
0.5 0.1875 0.0109327
0.5 0.15625 0.0416779
0.5 0.125 0.0725585
0.53125 0.125 0.0800047
0.53125 0.15625 0.0504816
0.5 0.15625 0.0416779
0.53125 0.1875 0.021668
0.53125 0.15625 0.0504816
0.5625 0.15625 0.0641187
0.5625 0.1875 0.037097
0.53125 0.1875 0.021668
0.53125 0.15625 0.0504816
0.53125 0.125 0.0800047
0.5625 0.125 0.0919037
0.5625 0.15625 0.0641187
0.53125 0.15625 0.0504816
0.5625 0.25 -0.0143243
0.5625 0.21875 0.0109697
0.59375 0.21875 0.0293345
0.59375 0.25 0.00441533
0.5625 0.25 -0.0143243
0.5625 0.21875 0.0109697
0.5625 0.1875 0.037097
0.59375 0.1875 0.0546498
0.59375 0.21875 0.0293345
0.5625 0.21875 0.0109697
0.59375 0.25 0.00441533
0.59375 0.21875 0.0293345
0.625 0.21875 0.0483005
0.625 0.25 0.0236226
0.59375 0.25 0.00441533
0.59375 0.21875 0.0293345
0.59375 0.1875 0.0546498
0.625 0.1875 0.0731815
0.625 0.21875 0.0483005
0.59375 0.21875 0.0293345
0.5625 0.1875 0.037097
0.5625 0.15625 0.0641187
0.59375 0.15625 0.0805075
0.59375 0.1875 0.0546498
0.5625 0.1875 0.037097
0.5625 0.15625 0.0641187
0.5625 0.125 0.0919037
0.59375 0.125 0.106991
0.59375 0.15625 0.0805075
0.5625 0.15625 0.0641187
0.59375 0.1875 0.0546498
0.59375 0.15625 0.0805075
0.625 0.15625 0.0983775
0.625 0.1875 0.0731815
0.59375 0.1875 0.0546498
0.59375 0.15625 0.0805075
0.59375 0.125 0.106991
0.625 0.125 0.123997
0.625 0.15625 0.0983775
0.59375 0.15625 0.0805075
0.5 0.125 0.0725585
0.5 0.09375 0.103518
0.53125 0.09375 0.109873
0.53125 0.125 0.0800047
0.5 0.125 0.0725585
0.5 0.09375 0.103518
0.5 0.0625 0.134509
0.53125 0.0625 0.140058
0.53125 0.09375 0.109873
0.5 0.09375 0.103518
0.53125 0.125 0.0800047
0.53125 0.09375 0.109873
0.5625 0.09375 0.120471
0.5625 0.125 0.0919037
0.53125 0.125 0.0800047
0.53125 0.09375 0.109873
0.53125 0.0625 0.140058
0.5625 0.0625 0.149482
0.5625 0.09375 0.120471
0.53125 0.09375 0.109873
0.5 0.0625 0.134509
0.5 0 0.196768
0.5625 0 0.209215
0.5625 0.0625 0.149482
0.5 0.0625 0.134509
0.5625 0.125 0.0919037
0.5625 0.0625 0.149482
0.625 0.0625 0.177044
0.625 0.125 0.123997
0.5625 0.125 0.0919037
0.5625 0.0625 0.149482
0.5625 0 0.209215
0.625 0 0.233111
0.625 0.0625 0.177044
0.5625 0.0625 0.149482
0.625 0.25 0.0236226
0.625 0.21875 0.0483005
0.65625 0.21875 0.0675243
0.65625 0.25 0.0429635
0.625 0.25 0.0236226
0.625 0.21875 0.0483005
0.625 0.1875 0.0731815
0.65625 0.1875 0.0921884
0.65625 0.21875 0.0675243
0.625 0.21875 0.0483005
0.65625 0.25 0.0429635
0.65625 0.21875 0.0675243
0.6875 0.21875 0.0868655
0.6875 0.25 0.0623689
0.65625 0.25 0.0429635
0.65625 0.21875 0.0675243
0.65625 0.1875 0.0921884
0.6875 0.1875 0.111421
0.6875 0.21875 0.0868655
0.65625 0.21875 0.0675243
0.625 0.1875 0.0731815
0.625 0.15625 0.0983775
0.65625 0.15625 0.117022
0.65625 0.1875 0.0921884
0.625 0.1875 0.0731815
0.625 0.15625 0.0983775
0.625 0.125 0.123997
0.65625 0.125 0.14211
0.65625 0.15625 0.117022
0.625 0.15625 0.0983775
0.65625 0.1875 0.0921884
0.65625 0.15625 0.117022
0.6875 0.15625 0.136077
0.6875 0.1875 0.111421
0.65625 0.1875 0.0921884
0.65625 0.15625 0.117022
0.65625 0.125 0.14211
0.6875 0.125 0.16088
0.6875 0.15625 0.136077
0.65625 0.15625 0.117022
0.6875 0.25 0.0623689
0.6875 0.21875 0.0868655
0.71875 0.21875 0.106277
0.71875 0.25 0.0818352
0.6875 0.25 0.0623689
0.6875 0.21875 0.0868655
0.6875 0.1875 0.111421
0.71875 0.1875 0.130766
0.71875 0.21875 0.106277
0.6875 0.21875 0.0868655
0.71875 0.25 0.0818352
0.71875 0.21875 0.106277
0.75 0.21875 0.125763
0.75 0.25 0.101386
0.71875 0.25 0.0818352
0.71875 0.21875 0.106277
0.71875 0.1875 0.130766
0.75 0.1875 0.150188
0.75 0.21875 0.125763
0.71875 0.21875 0.106277
0.6875 0.1875 0.111421
0.6875 0.125 0.16088
0.75 0.125 0.199231
0.75 0.1875 0.150188
0.6875 0.1875 0.111421
0.625 0.125 0.123997
0.625 0.0625 0.177044
0.6875 0.0625 0.21142
0.6875 0.125 0.16088
0.625 0.125 0.123997
0.625 0.0625 0.177044
0.625 0 0.233111
0.6875 0 0.264286
0.6875 0.0625 0.21142
0.625 0.0625 0.177044
0.6875 0.125 0.16088
0.6875 0.0625 0.21142
0.75 0.0625 0.2488
0.75 0.125 0.199231
0.6875 0.125 0.16088
0.6875 0.0625 0.21142
0.6875 0 0.264286
0.75 0 0.299752
0.75 0.0625 0.2488
0.6875 0.0625 0.21142
0.75 0.5 -0.0454784
0.75 0.46875 -0.046574
0.78125 0.46875 -0.0183738
0.78125 0.5 -0.0163753
0.75 0.5 -0.0454784
0.75 0.46875 -0.046574
0.75 0.4375 -0.0341186
0.78125 0.4375 -0.00920342
0.78125 0.46875 -0.0183738
0.75 0.46875 -0.046574
0.78125 0.5 -0.0163753
0.78125 0.46875 -0.0183738
0.8125 0.46875 0.0114004
0.8125 0.5 0.014033
0.78125 0.5 -0.0163753
0.78125 0.46875 -0.0183738
0.78125 0.4375 -0.00920342
0.8125 0.4375 0.0190378
0.8125 0.46875 0.0114004
0.78125 0.46875 -0.0183738
0.75 0.4375 -0.0341186
0.75 0.40625 -0.0165701
0.78125 0.40625 0.00665018
0.78125 0.4375 -0.00920342
0.75 0.4375 -0.0341186
0.75 0.40625 -0.0165701
0.75 0.375 0.00533251
0.78125 0.375 0.0272457
0.78125 0.40625 0.00665018
0.75 0.40625 -0.0165701
0.78125 0.4375 -0.00920342
0.78125 0.40625 0.00665018
0.8125 0.40625 0.0328557
0.8125 0.4375 0.0190378
0.78125 0.4375 -0.00920342
0.78125 0.40625 0.00665018
0.78125 0.375 0.0272457
0.8125 0.375 0.050862
0.8125 0.40625 0.0328557
0.78125 0.40625 0.00665018
0.8125 0.5 0.014033
0.8125 0.46875 0.0114004
0.84375 0.46875 0.042626
0.84375 0.5 0.0452746
0.8125 0.5 0.014033
0.8125 0.46875 0.0114004
0.8125 0.4375 0.0190378
0.84375 0.4375 0.0487937
0.84375 0.46875 0.042626
0.8125 0.46875 0.0114004
0.84375 0.5 0.0452746
0.84375 0.46875 0.042626
0.875 0.46875 0.0738476
0.875 0.5 0.0765074
0.84375 0.5 0.0452746
0.84375 0.46875 0.042626
0.84375 0.4375 0.0487937
0.875 0.4375 0.0789625
0.875 0.46875 0.0738476
0.84375 0.46875 0.042626
0.8125 0.4375 0.0190378
0.8125 0.40625 0.0328557
0.84375 0.40625 0.0604782
0.84375 0.4375 0.0487937
0.8125 0.4375 0.0190378
0.8125 0.40625 0.0328557
0.8125 0.375 0.050862
0.84375 0.375 0.0762616
0.84375 0.40625 0.0604782
0.8125 0.40625 0.0328557
0.84375 0.4375 0.0487937
0.84375 0.40625 0.0604782
0.875 0.40625 0.0889468
0.875 0.4375 0.0789625
0.84375 0.4375 0.0487937
0.84375 0.40625 0.0604782
0.84375 0.375 0.0762616
0.875 0.375 0.10283
0.875 0.40625 0.0889468
0.84375 0.40625 0.0604782
0.75 0.375 0.00533251
0.75 0.34375 0.0289011
0.78125 0.34375 0.0497414
0.78125 0.375 0.0272457
0.75 0.375 0.00533251
0.75 0.34375 0.0289011
0.75 0.3125 0.0528814
0.78125 0.3125 0.0731224
0.78125 0.34375 0.0497414
0.75 0.34375 0.0289011
0.78125 0.375 0.0272457
0.78125 0.34375 0.0497414
0.8125 0.34375 0.0717205
0.8125 0.375 0.050862
0.78125 0.375 0.0272457
0.78125 0.34375 0.0497414
0.78125 0.3125 0.0731224
0.8125 0.3125 0.0941026
0.8125 0.34375 0.0717205
0.78125 0.34375 0.0497414
0.75 0.3125 0.0528814
0.75 0.28125 0.0770761
0.78125 0.28125 0.0969709
0.78125 0.3125 0.0731224
0.75 0.3125 0.0528814
0.75 0.28125 0.0770761
0.75 0.25 0.101386
0.78125 0.25 0.121099
0.78125 0.28125 0.0969709
0.75 0.28125 0.0770761
0.78125 0.3125 0.0731224
0.78125 0.28125 0.0969709
0.8125 0.28125 0.117327
0.8125 0.3125 0.0941026
0.78125 0.3125 0.0731224
0.78125 0.28125 0.0969709
0.78125 0.25 0.121099
0.8125 0.25 0.141089
0.8125 0.28125 0.117327
0.78125 0.28125 0.0969709
0.8125 0.375 0.050862
0.8125 0.34375 0.0717205
0.84375 0.34375 0.0950629
0.84375 0.375 0.0762616
0.8125 0.375 0.050862
0.8125 0.34375 0.0717205
0.8125 0.3125 0.0941026
0.84375 0.3125 0.116127
0.84375 0.34375 0.0950629
0.8125 0.34375 0.0717205
0.84375 0.375 0.0762616
0.84375 0.34375 0.0950629
0.875 0.34375 0.11981
0.875 0.375 0.10283
0.84375 0.375 0.0762616
0.84375 0.34375 0.0950629
0.84375 0.3125 0.116127
0.875 0.3125 0.139294
0.875 0.34375 0.11981
0.84375 0.34375 0.0950629
0.8125 0.3125 0.0941026
0.8125 0.25 0.141089
0.875 0.25 0.182959
0.875 0.3125 0.139294
0.8125 0.3125 0.0941026
0.875 0.5 0.0765074
0.875 0.46875 0.0738476
0.90625 0.46875 0.10505
0.90625 0.5 0.107724
0.875 0.5 0.0765074
0.875 0.46875 0.0738476
0.875 0.4375 0.0789625
0.90625 0.4375 0.109375
0.90625 0.46875 0.10505
0.875 0.46875 0.0738476
0.90625 0.5 0.107724
0.90625 0.46875 0.10505
0.9375 0.46875 0.136226
0.9375 0.5 0.13891
0.90625 0.5 0.107724
0.90625 0.46875 0.10505
0.90625 0.4375 0.109375
0.9375 0.4375 0.13993
0.9375 0.46875 0.136226
0.90625 0.46875 0.10505
0.875 0.4375 0.0789625
0.875 0.40625 0.0889468
0.90625 0.40625 0.118076
0.90625 0.4375 0.109375
0.875 0.4375 0.0789625
0.875 0.40625 0.0889468
0.875 0.375 0.10283
0.90625 0.375 0.130458
0.90625 0.40625 0.118076
0.875 0.40625 0.0889468
0.90625 0.4375 0.109375
0.90625 0.40625 0.118076
0.9375 0.40625 0.147599
0.9375 0.4375 0.13993
0.90625 0.4375 0.109375
0.90625 0.40625 0.118076
0.90625 0.375 0.130458
0.9375 0.375 0.158717
0.9375 0.40625 0.147599
0.90625 0.40625 0.118076
0.9375 0.5 0.13891
0.9375 0.4375 0.13993
1 0.4375 0.20181
1 0.5 0.201334
0.9375 0.5 0.13891
0.9375 0.4375 0.13993
0.9375 0.375 0.158717
1 0.375 0.217557
1 0.4375 0.20181
0.9375 0.4375 0.13993
0.875 0.375 0.10283
0.875 0.3125 0.139294
0.9375 0.3125 0.18895
0.9375 0.375 0.158717
0.875 0.375 0.10283
0.875 0.3125 0.139294
0.875 0.25 0.182959
0.9375 0.25 0.228207
0.9375 0.3125 0.18895
0.875 0.3125 0.139294
0.9375 0.375 0.158717
0.9375 0.3125 0.18895
1 0.3125 0.243509
1 0.375 0.217557
0.9375 0.375 0.158717
0.9375 0.3125 0.18895
0.9375 0.25 0.228207
1 0.25 0.278197
1 0.3125 0.243509
0.9375 0.3125 0.18895
0.75 0.25 0.101386
0.75 0.1875 0.150188
0.8125 0.1875 0.189395
0.8125 0.25 0.141089
0.75 0.25 0.101386
0.75 0.1875 0.150188
0.75 0.125 0.199231
0.8125 0.125 0.238038
0.8125 0.1875 0.189395
0.75 0.1875 0.150188
0.8125 0.25 0.141089
0.8125 0.1875 0.189395
0.875 0.1875 0.229698
0.875 0.25 0.182959
0.8125 0.25 0.141089
0.8125 0.1875 0.189395
0.8125 0.125 0.238038
0.875 0.125 0.277541
0.875 0.1875 0.229698
0.8125 0.1875 0.189395
0.75 0.125 0.199231
0.75 0 0.299752
0.875 0 0.375053
0.875 0.125 0.277541
0.75 0.125 0.199231
0.875 0.25 0.182959
0.875 0.125 0.277541
1 0.125 0.364433
1 0.25 0.278197
0.875 0.25 0.182959
0.875 0.125 0.277541
0.875 0 0.375053
1 0 0.457992
1 0.125 0.364433
0.875 0.125 0.277541
