0 1 0.457013
0 0.875 0.361941
0.125 0.875 0.273699
0.125 1 0.375816
0 1 0.457013
0 0.875 0.361941
0 0.75 0.280034
0.125 0.75 0.176781
0.125 0.875 0.273699
0 0.875 0.361941
0.125 1 0.375816
0.125 0.875 0.273699
0.25 0.875 0.200954
0.25 1 0.306921
0.125 1 0.375816
0.125 0.875 0.273699
0.125 0.8125 0.224324
0.1875 0.8125 0.184554
0.1875 0.875 0.236075
0.125 0.875 0.273699
0.125 0.8125 0.224324
0.125 0.75 0.176781
0.1875 0.75 0.13393
0.1875 0.8125 0.184554
0.125 0.8125 0.224324
0.1875 0.875 0.236075
0.1875 0.8125 0.184554
0.25 0.8125 0.148556
0.25 0.875 0.200954
0.1875 0.875 0.236075
0.1875 0.8125 0.184554
0.1875 0.75 0.13393
0.25 0.75 0.0965028
0.25 0.8125 0.148556
0.1875 0.8125 0.184554
0 0.75 0.280034
0 0.6875 0.24597
0.0625 0.6875 0.188516
0.0625 0.75 0.226161
0 0.75 0.280034
0 0.6875 0.24597
0 0.625 0.218315
0.0625 0.625 0.157335
0.0625 0.6875 0.188516
0 0.6875 0.24597
0.0625 0.75 0.226161
0.0625 0.6875 0.188516
0.125 0.6875 0.134363
0.125 0.75 0.176781
0.0625 0.75 0.226161
0.0625 0.6875 0.188516
0.0625 0.625 0.157335
0.125 0.625 0.0990394
0.125 0.6875 0.134363
0.0625 0.6875 0.188516
0 0.625 0.218315
0 0.5625 0.200166
0.0625 0.5625 0.13772
0.0625 0.625 0.157335
0 0.625 0.218315
0 0.5625 0.200166
0 0.5 0.201311
0.0625 0.5 0.13948
0.0625 0.5625 0.13772
0 0.5625 0.200166
0.0625 0.625 0.157335
0.0625 0.59375 0.145944
0.09375 0.59375 0.115553
0.09375 0.625 0.127999
0.0625 0.625 0.157335
0.0625 0.59375 0.145944
0.0625 0.5625 0.13772
0.09375 0.5625 0.106522
0.09375 0.59375 0.115553
0.0625 0.59375 0.145944
0.09375 0.625 0.127999
0.09375 0.59375 0.115553
0.125 0.59375 0.0853057
0.125 0.625 0.0990394
0.09375 0.625 0.127999
0.09375 0.59375 0.115553
0.09375 0.5625 0.106522
0.125 0.5625 0.0753034
0.125 0.59375 0.0853057
0.09375 0.59375 0.115553
0.0625 0.5625 0.13772
0.0625 0.53125 0.135537
0.09375 0.53125 0.104361
0.09375 0.5625 0.106522
0.0625 0.5625 0.13772
0.0625 0.53125 0.135537
0.0625 0.5 0.13948
0.09375 0.5 0.108953
0.09375 0.53125 0.104361
0.0625 0.53125 0.135537
0.09375 0.5625 0.106522
0.09375 0.53125 0.104361
0.125 0.53125 0.0731842
0.125 0.5625 0.0753034
0.09375 0.5625 0.106522
0.09375 0.53125 0.104361
0.09375 0.5 0.108953
0.125 0.5 0.0785857
0.125 0.53125 0.0731842
0.09375 0.53125 0.104361
0.125 0.75 0.176781
0.125 0.71875 0.154834
0.15625 0.71875 0.131478
0.15625 0.75 0.154639
0.125 0.75 0.176781
0.125 0.71875 0.154834
0.125 0.6875 0.134363
0.15625 0.6875 0.109465
0.15625 0.71875 0.131478
0.125 0.71875 0.154834
0.15625 0.75 0.154639
0.15625 0.71875 0.131478
0.1875 0.71875 0.109439
0.1875 0.75 0.13393
0.15625 0.75 0.154639
0.15625 0.71875 0.131478
0.15625 0.6875 0.109465
0.1875 0.6875 0.0859026
0.1875 0.71875 0.109439
0.15625 0.71875 0.131478
0.125 0.6875 0.134363
0.125 0.65625 0.115589
0.15625 0.65625 0.0890127
0.15625 0.6875 0.109465
0.125 0.6875 0.134363
0.125 0.65625 0.115589
0.125 0.625 0.0990394
0.15625 0.625 0.0706757
0.15625 0.65625 0.0890127
0.125 0.65625 0.115589
0.15625 0.6875 0.109465
0.15625 0.65625 0.0890127
0.1875 0.65625 0.0635646
0.1875 0.6875 0.0859026
0.15625 0.6875 0.109465
0.15625 0.65625 0.0890127
0.15625 0.625 0.0706757
0.1875 0.625 0.0431174
0.1875 0.65625 0.0635646
0.15625 0.65625 0.0890127
0.1875 0.75 0.13393
0.1875 0.71875 0.109439
0.21875 0.71875 0.0893044
0.21875 0.75 0.114612
0.1875 0.75 0.13393
0.1875 0.71875 0.109439
0.1875 0.6875 0.0859026
0.21875 0.6875 0.0643785
0.21875 0.71875 0.0893044
0.1875 0.71875 0.109439
0.21875 0.75 0.114612
0.21875 0.71875 0.0893044
0.25 0.71875 0.0706203
0.25 0.75 0.0965028
0.21875 0.75 0.114612
0.21875 0.71875 0.0893044
0.21875 0.6875 0.0643785
0.25 0.6875 0.0449214
0.25 0.71875 0.0706203
0.21875 0.71875 0.0893044
0.1875 0.6875 0.0859026
0.1875 0.65625 0.0635646
0.21875 0.65625 0.0401956
0.21875 0.6875 0.0643785
0.1875 0.6875 0.0859026
0.1875 0.65625 0.0635646
0.1875 0.625 0.0431174
0.21875 0.625 0.0171651
0.21875 0.65625 0.0401956
0.1875 0.65625 0.0635646
0.21875 0.6875 0.0643785
0.21875 0.65625 0.0401956
0.25 0.65625 0.0194999
0.25 0.6875 0.0449214
0.21875 0.6875 0.0643785
0.21875 0.65625 0.0401956
0.21875 0.625 0.0171651
0.25 0.625 -0.00523333
0.25 0.65625 0.0194999
0.21875 0.65625 0.0401956
0.125 0.625 0.0990394
0.125 0.59375 0.0853057
0.15625 0.59375 0.055276
0.15625 0.625 0.0706757
0.125 0.625 0.0990394
0.125 0.59375 0.0853057
0.125 0.5625 0.0753034
0.15625 0.5625 0.0440687
0.15625 0.59375 0.055276
0.125 0.59375 0.0853057
0.15625 0.625 0.0706757
0.15625 0.59375 0.055276
0.1875 0.59375 0.0255285
0.1875 0.625 0.0431174
0.15625 0.625 0.0706757
0.15625 0.59375 0.055276
0.15625 0.5625 0.0440687
0.1875 0.5625 0.0128261
0.1875 0.59375 0.0255285
0.15625 0.59375 0.055276
0.125 0.5625 0.0753034
0.125 0.53125 0.0731842
0.15625 0.53125 0.0420037
0.15625 0.5625 0.0440687
0.125 0.5625 0.0753034
0.125 0.53125 0.0731842
0.125 0.5 0.0785857
0.15625 0.5 0.0484756
0.15625 0.53125 0.0420037
0.125 0.53125 0.0731842
0.15625 0.5625 0.0440687
0.15625 0.53125 0.0420037
0.1875 0.53125 0.0108496
0.1875 0.5625 0.0128261
0.15625 0.5625 0.0440687
0.15625 0.53125 0.0420037
0.15625 0.5 0.0484756
0.1875 0.5 0.018708
0.1875 0.53125 0.0108496
0.15625 0.53125 0.0420037
0.1875 0.625 0.0431174
0.1875 0.59375 0.0255285
0.21875 0.59375 -0.00315635
0.21875 0.625 0.0171651
0.1875 0.625 0.0431174
0.1875 0.59375 0.0255285
0.1875 0.5625 0.0128261
0.21875 0.5625 -0.0173247
0.21875 0.59375 -0.00315635
0.1875 0.59375 0.0255285
0.21875 0.625 0.0171651
0.21875 0.59375 -0.00315635
0.25 0.59375 -0.0276697
0.25 0.625 -0.00523333
0.21875 0.625 0.0171651
0.21875 0.59375 -0.00315635
0.21875 0.5625 -0.0173247
0.25 0.5625 -0.0454727
0.25 0.59375 -0.0276697
0.21875 0.59375 -0.00315635
0.1875 0.5625 0.0128261
0.1875 0.53125 0.0108496
0.21875 0.53125 -0.0190553
0.21875 0.5625 -0.0173247
0.1875 0.5625 0.0128261
0.1875 0.53125 0.0108496
0.1875 0.5 0.018708
0.21875 0.5 -0.0099517
0.21875 0.53125 -0.0190553
0.1875 0.53125 0.0108496
0.21875 0.5625 -0.0173247
0.21875 0.53125 -0.0190553
0.25 0.53125 -0.0478295
0.25 0.5625 -0.0454727
0.21875 0.5625 -0.0173247
0.21875 0.53125 -0.0190553
0.21875 0.5 -0.0099517
0.25 0.5 -0.0372053
0.25 0.53125 -0.0478295
0.21875 0.53125 -0.0190553
0.25 1 0.306921
0.25 0.9375 0.253754
0.3125 0.9375 0.220698
0.3125 1 0.274888
0.25 1 0.306921
0.25 0.9375 0.253754
0.25 0.875 0.200954
0.3125 0.875 0.167012
0.3125 0.9375 0.220698
0.25 0.9375 0.253754
0.3125 1 0.274888
0.3125 0.9375 0.220698
0.375 0.9375 0.188952
0.375 1 0.244709
0.3125 1 0.274888
0.3125 0.9375 0.220698
0.3125 0.875 0.167012
0.375 0.875 0.133942
0.375 0.9375 0.188952
0.3125 0.9375 0.220698
0.25 0.875 0.200954
0.25 0.8125 0.148556
0.3125 0.8125 0.114285
0.3125 0.875 0.167012
0.25 0.875 0.200954
0.25 0.8125 0.148556
0.25 0.78125 0.122485
0.28125 0.78125 0.105174
0.28125 0.8125 0.131344
0.25 0.8125 0.148556
0.25 0.78125 0.122485
0.25 0.75 0.0965028
0.28125 0.75 0.0790406
0.28125 0.78125 0.105174
0.25 0.78125 0.122485
0.28125 0.8125 0.131344
0.28125 0.78125 0.105174
0.3125 0.78125 0.0880521
0.3125 0.8125 0.114285
0.28125 0.8125 0.131344
0.28125 0.78125 0.105174
0.28125 0.75 0.0790406
0.3125 0.75 0.061865
0.3125 0.78125 0.0880521
0.28125 0.78125 0.105174
0.3125 0.875 0.167012
0.3125 0.84375 0.140596
0.34375 0.84375 0.12375
0.34375 0.875 0.150338
0.3125 0.875 0.167012
0.3125 0.84375 0.140596
0.3125 0.8125 0.114285
0.34375 0.8125 0.0973166
0.34375 0.84375 0.12375
0.3125 0.84375 0.140596
0.34375 0.875 0.150338
0.34375 0.84375 0.12375
0.375 0.84375 0.107084
0.375 0.875 0.133942
0.34375 0.875 0.150338
0.34375 0.84375 0.12375
0.34375 0.8125 0.0973166
0.375 0.8125 0.080449
0.375 0.84375 0.107084
0.34375 0.84375 0.12375
0.3125 0.8125 0.114285
0.3125 0.78125 0.0880521
0.34375 0.78125 0.071009
0.34375 0.8125 0.0973166
0.3125 0.8125 0.114285
0.3125 0.78125 0.0880521
0.3125 0.75 0.061865
0.34375 0.75 0.0447744
0.34375 0.78125 0.071009
0.3125 0.78125 0.0880521
0.34375 0.8125 0.0973166
0.34375 0.78125 0.071009
0.375 0.78125 0.0540237
0.375 0.8125 0.080449
0.34375 0.8125 0.0973166
0.34375 0.78125 0.071009
0.34375 0.75 0.0447744
0.375 0.75 0.0277183
0.375 0.78125 0.0540237
0.34375 0.78125 0.071009
0.375 1 0.244709
0.375 0.9375 0.188952
0.4375 0.9375 0.160085
0.4375 1 0.218557
0.375 1 0.244709
0.375 0.9375 0.188952
0.375 0.875 0.133942
0.4375 0.875 0.10302
0.4375 0.9375 0.160085
0.375 0.9375 0.188952
0.4375 1 0.218557
0.4375 0.9375 0.160085
0.5 0.9375 0.139384
0.5 1 0.200896
0.4375 1 0.218557
0.4375 0.9375 0.160085
0.4375 0.90625 0.131386
0.46875 0.90625 0.11878
0.46875 0.9375 0.148354
0.4375 0.9375 0.160085
0.4375 0.90625 0.131386
0.4375 0.875 0.10302
0.46875 0.875 0.0895088
0.46875 0.90625 0.11878
0.4375 0.90625 0.131386
0.46875 0.9375 0.148354
0.46875 0.90625 0.11878
0.5 0.90625 0.108924
0.5 0.9375 0.139384
0.46875 0.9375 0.148354
0.46875 0.90625 0.11878
0.46875 0.875 0.0895088
0.5 0.875 0.078637
0.5 0.90625 0.108924
0.46875 0.90625 0.11878
0.375 0.875 0.133942
0.375 0.84375 0.107084
0.40625 0.84375 0.0907591
0.40625 0.875 0.118056
0.375 0.875 0.133942
0.375 0.84375 0.107084
0.375 0.8125 0.080449
0.40625 0.8125 0.0637809
0.40625 0.84375 0.0907591
0.375 0.84375 0.107084
0.40625 0.875 0.118056
0.40625 0.84375 0.0907591
0.4375 0.84375 0.0750516
0.4375 0.875 0.10302
0.40625 0.875 0.118056
0.40625 0.84375 0.0907591
0.40625 0.8125 0.0637809
0.4375 0.8125 0.0474938
0.4375 0.84375 0.0750516
0.40625 0.84375 0.0907591
0.375 0.8125 0.080449
0.375 0.78125 0.0540237
0.40625 0.78125 0.0371212
0.40625 0.8125 0.0637809
0.375 0.8125 0.080449
0.375 0.78125 0.0540237
0.375 0.75 0.0277183
0.40625 0.75 0.0106876
0.40625 0.78125 0.0371212
0.375 0.78125 0.0540237
0.40625 0.8125 0.0637809
0.40625 0.78125 0.0371212
0.4375 0.78125 0.0203564
0.4375 0.8125 0.0474938
0.40625 0.8125 0.0637809
0.40625 0.78125 0.0371212
0.40625 0.75 0.0106876
0.4375 0.75 -0.00621799
0.4375 0.78125 0.0203564
0.40625 0.78125 0.0371212
0.4375 0.875 0.10302
0.4375 0.84375 0.0750516
0.46875 0.84375 0.0605863
0.46875 0.875 0.0895088
0.4375 0.875 0.10302
0.4375 0.84375 0.0750516
0.4375 0.8125 0.0474938
0.46875 0.8125 0.0320844
0.46875 0.84375 0.0605863
0.4375 0.84375 0.0750516
0.46875 0.875 0.0895088
0.46875 0.84375 0.0605863
0.5 0.84375 0.0485695
0.5 0.875 0.078637
0.46875 0.875 0.0895088
0.46875 0.84375 0.0605863
0.46875 0.8125 0.0320844
0.5 0.8125 0.018795
0.5 0.84375 0.0485695
0.46875 0.84375 0.0605863
0.4375 0.8125 0.0474938
0.4375 0.78125 0.0203564
0.46875 0.78125 0.00407994
0.46875 0.8125 0.0320844
0.4375 0.8125 0.0474938
0.4375 0.78125 0.0203564
0.4375 0.75 -0.00621799
0.46875 0.75 -0.0227497
0.46875 0.78125 0.00407994
0.4375 0.78125 0.0203564
0.46875 0.8125 0.0320844
0.46875 0.78125 0.00407994
0.5 0.78125 -0.0102511
0.5 0.8125 0.018795
0.46875 0.8125 0.0320844
0.46875 0.78125 0.00407994
0.46875 0.75 -0.0227497
0.5 0.75 -0.0381041
0.5 0.78125 -0.0102511
0.46875 0.78125 0.00407994
0.25 0.75 0.0965028
0.25 0.71875 0.0706203
0.28125 0.71875 0.0529437
0.28125 0.75 0.0790406
0.25 0.75 0.0965028
0.25 0.71875 0.0706203
0.25 0.6875 0.0449214
0.28125 0.6875 0.0268957
0.28125 0.71875 0.0529437
0.25 0.71875 0.0706203
0.28125 0.75 0.0790406
0.28125 0.71875 0.0529437
0.3125 0.71875 0.0357044
0.3125 0.75 0.061865
0.28125 0.75 0.0790406
0.28125 0.71875 0.0529437
0.28125 0.6875 0.0268957
0.3125 0.6875 0.00956336
0.3125 0.71875 0.0357044
0.28125 0.71875 0.0529437
0.25 0.6875 0.0449214
0.25 0.65625 0.0194999
0.28125 0.65625 0.000920179
0.28125 0.6875 0.0268957
0.25 0.6875 0.0449214
0.25 0.65625 0.0194999
0.25 0.625 -0.00523333
0.28125 0.625 -0.0244931
0.28125 0.65625 0.000920179
0.25 0.65625 0.0194999
0.28125 0.6875 0.0268957
0.28125 0.65625 0.000920179
0.3125 0.65625 -0.016506
0.3125 0.6875 0.00956336
0.28125 0.6875 0.0268957
0.28125 0.65625 0.000920179
0.28125 0.625 -0.0244931
0.3125 0.625 -0.0423921
0.3125 0.65625 -0.016506
0.28125 0.65625 0.000920179
0.3125 0.75 0.061865
0.3125 0.71875 0.0357044
0.34375 0.71875 0.0185874
0.34375 0.75 0.0447744
0.3125 0.75 0.061865
0.3125 0.71875 0.0357044
0.3125 0.6875 0.00956336
0.34375 0.6875 -0.00757855
0.34375 0.71875 0.0185874
0.3125 0.71875 0.0357044
0.34375 0.75 0.0447744
0.34375 0.71875 0.0185874
0.375 0.71875 0.00151263
0.375 0.75 0.0277183
0.34375 0.75 0.0447744
0.34375 0.71875 0.0185874
0.34375 0.6875 -0.00757855
0.375 0.6875 -0.0246681
0.375 0.71875 0.00151263
0.34375 0.71875 0.0185874
0.3125 0.6875 0.00956336
0.3125 0.65625 -0.016506
0.34375 0.65625 -0.0337107
0.34375 0.6875 -0.00757855
0.3125 0.6875 0.00956336
0.3125 0.65625 -0.016506
0.3125 0.625 -0.0423921
0.34375 0.625 -0.0597769
0.34375 0.65625 -0.0337107
0.3125 0.65625 -0.016506
0.34375 0.6875 -0.00757855
0.34375 0.65625 -0.0337107
0.375 0.65625 -0.0508317
0.375 0.6875 -0.0246681
0.34375 0.6875 -0.00757855
0.34375 0.65625 -0.0337107
0.34375 0.625 -0.0597769
0.375 0.625 -0.0769674
0.375 0.65625 -0.0508317
0.34375 0.65625 -0.0337107
0.25 0.625 -0.00523333
0.25 0.59375 -0.0276697
0.28125 0.59375 -0.048919
0.28125 0.625 -0.0244931
0.25 0.625 -0.00523333
0.25 0.59375 -0.0276697
0.25 0.5625 -0.0454727
0.28125 0.5625 -0.0706522
0.28125 0.59375 -0.048919
0.25 0.59375 -0.0276697
0.28125 0.625 -0.0244931
0.28125 0.59375 -0.048919
0.3125 0.59375 -0.0678695
0.3125 0.625 -0.0423921
0.28125 0.625 -0.0244931
0.28125 0.59375 -0.048919
0.28125 0.5625 -0.0706522
0.3125 0.5625 -0.0922285
0.3125 0.59375 -0.0678695
0.28125 0.59375 -0.048919
0.25 0.5625 -0.0454727
0.25 0.53125 -0.0478295
0.28125 0.53125 -0.0761702
0.28125 0.5625 -0.0706522
0.25 0.5625 -0.0454727
0.25 0.53125 -0.0478295
0.25 0.5 -0.0372053
0.28125 0.5 -0.0642177
0.28125 0.53125 -0.0761702
0.25 0.53125 -0.0478295
0.28125 0.5625 -0.0706522
0.28125 0.53125 -0.0761702
0.3125 0.53125 -0.104098
0.3125 0.5625 -0.0922285
0.28125 0.5625 -0.0706522
0.28125 0.53125 -0.0761702
0.28125 0.5 -0.0642177
0.3125 0.5 -0.0910519
0.3125 0.53125 -0.104098
0.28125 0.53125 -0.0761702
0.3125 0.625 -0.0423921
0.3125 0.59375 -0.0678695
0.34375 0.59375 -0.085688
0.34375 0.625 -0.0597769
0.3125 0.625 -0.0423921
0.3125 0.59375 -0.0678695
0.3125 0.5625 -0.0922285
0.34375 0.5625 -0.111183
0.34375 0.59375 -0.085688
0.3125 0.59375 -0.0678695
0.34375 0.625 -0.0597769
0.34375 0.59375 -0.085688
0.375 0.59375 -0.103044
0.375 0.625 -0.0769674
0.34375 0.625 -0.0597769
0.34375 0.59375 -0.085688
0.34375 0.5625 -0.111183
0.375 0.5625 -0.128972
0.375 0.59375 -0.103044
0.34375 0.59375 -0.085688
0.3125 0.5625 -0.0922285
0.3125 0.5 -0.0910519
0.375 0.5 -0.144224
0.375 0.5625 -0.128972
0.3125 0.5625 -0.0922285
0.375 0.75 0.0277183
0.375 0.71875 0.00151263
0.40625 0.71875 -0.015532
0.40625 0.75 0.0106876
0.375 0.75 0.0277183
0.375 0.71875 0.00151263
0.375 0.6875 -0.0246681
0.40625 0.6875 -0.0417289
0.40625 0.71875 -0.015532
0.375 0.71875 0.00151263
0.40625 0.75 0.0106876
0.40625 0.71875 -0.015532
0.4375 0.71875 -0.0325044
0.4375 0.75 -0.00621799
0.40625 0.75 0.0106876
0.40625 0.71875 -0.015532
0.40625 0.6875 -0.0417289
0.4375 0.6875 -0.0587437
0.4375 0.71875 -0.0325044
0.40625 0.71875 -0.015532
0.375 0.6875 -0.0246681
0.375 0.65625 -0.0508317
0.40625 0.65625 -0.0679144
0.40625 0.6875 -0.0417289
0.375 0.6875 -0.0246681
0.375 0.65625 -0.0508317
0.375 0.625 -0.0769674
0.40625 0.625 -0.0940831
0.40625 0.65625 -0.0679144
0.375 0.65625 -0.0508317
0.40625 0.6875 -0.0417289
0.40625 0.65625 -0.0679144
0.4375 0.65625 -0.0849582
0.4375 0.6875 -0.0587437
0.40625 0.6875 -0.0417289
0.40625 0.65625 -0.0679144
0.40625 0.625 -0.0940831
0.4375 0.625 -0.111155
0.4375 0.65625 -0.0849582
0.40625 0.65625 -0.0679144
0.4375 0.75 -0.00621799
0.4375 0.71875 -0.0325044
0.46875 0.71875 -0.0492645
0.46875 0.75 -0.0227497
0.4375 0.75 -0.00621799
0.4375 0.71875 -0.0325044
0.4375 0.6875 -0.0587437
0.46875 0.6875 -0.0756355
0.46875 0.71875 -0.0492645
0.4375 0.71875 -0.0325044
0.46875 0.75 -0.0227497
0.46875 0.71875 -0.0492645
0.5 0.71875 -0.0653282
0.5 0.75 -0.0381041
0.46875 0.75 -0.0227497
0.46875 0.71875 -0.0492645
0.46875 0.6875 -0.0756355
0.5 0.6875 -0.092129
0.5 0.71875 -0.0653282
0.46875 0.71875 -0.0492645
0.4375 0.6875 -0.0587437
0.4375 0.65625 -0.0849582
0.46875 0.65625 -0.101928
0.46875 0.6875 -0.0756355
0.4375 0.6875 -0.0587437
0.4375 0.65625 -0.0849582
0.4375 0.625 -0.111155
0.46875 0.625 -0.128168
0.46875 0.65625 -0.101928
0.4375 0.65625 -0.0849582
0.46875 0.6875 -0.0756355
0.46875 0.65625 -0.101928
0.5 0.65625 -0.118675
0.5 0.6875 -0.092129
0.46875 0.6875 -0.0756355
0.46875 0.65625 -0.101928
0.46875 0.625 -0.128168
0.5 0.625 -0.145041
0.5 0.65625 -0.118675
0.46875 0.65625 -0.101928
0.375 0.625 -0.0769674
0.375 0.59375 -0.103044
0.40625 0.59375 -0.120224
0.40625 0.625 -0.0940831
0.375 0.625 -0.0769674
0.375 0.59375 -0.103044
0.375 0.5625 -0.128972
0.40625 0.5625 -0.146307
0.40625 0.59375 -0.120224
0.375 0.59375 -0.103044
0.40625 0.625 -0.0940831
0.40625 0.59375 -0.120224
0.4375 0.59375 -0.137335
0.4375 0.625 -0.111155
0.40625 0.625 -0.0940831
0.40625 0.59375 -0.120224
0.40625 0.5625 -0.146307
0.4375 0.5625 -0.163484
0.4375 0.59375 -0.137335
0.40625 0.59375 -0.120224
0.375 0.5625 -0.128972
0.375 0.5 -0.144224
0.4375 0.5 -0.19662
0.4375 0.5625 -0.163484
0.375 0.5625 -0.128972
0.4375 0.625 -0.111155
0.4375 0.5625 -0.163484
0.5 0.5625 -0.197603
0.5 0.625 -0.145041
0.4375 0.625 -0.111155
0.4375 0.5625 -0.163484
0.4375 0.5 -0.19662
0.5 0.5 -0.233772
0.5 0.5625 -0.197603
0.4375 0.5625 -0.163484
0 0.5 0.201311
0 0.4375 0.217415
0.0625 0.4375 0.158542
0.0625 0.5 0.13948
0 0.5 0.201311
0 0.4375 0.217415
0 0.375 0.242908
0.0625 0.375 0.187053
0.0625 0.4375 0.158542
0 0.4375 0.217415
0.0625 0.5 0.13948
0.0625 0.46875 0.1474
0.09375 0.46875 0.11788
0.09375 0.5 0.108953
0.0625 0.5 0.13948
0.0625 0.46875 0.1474
0.0625 0.4375 0.158542
0.09375 0.4375 0.13002
0.09375 0.46875 0.11788
0.0625 0.46875 0.1474
0.09375 0.5 0.108953
0.09375 0.46875 0.11788
0.125 0.46875 0.0886906
0.125 0.5 0.0785857
0.09375 0.5 0.108953
0.09375 0.46875 0.11788
0.09375 0.4375 0.13002
0.125 0.4375 0.101877
0.125 0.46875 0.0886906
0.09375 0.46875 0.11788
0.0625 0.4375 0.158542
0.0625 0.375 0.187053
0.125 0.375 0.133098
0.125 0.4375 0.101877
0.0625 0.4375 0.158542
0 0.375 0.242908
0 0.3125 0.273395
0.0625 0.3125 0.219453
0.0625 0.375 0.187053
0 0.375 0.242908
0 0.3125 0.273395
0 0.25 0.306023
0.0625 0.25 0.253041
0.0625 0.3125 0.219453
0 0.3125 0.273395
0.0625 0.375 0.187053
0.0625 0.3125 0.219453
0.125 0.3125 0.166612
0.125 0.375 0.133098
0.0625 0.375 0.187053
0.0625 0.3125 0.219453
0.0625 0.25 0.253041
0.125 0.25 0.200668
0.125 0.3125 0.166612
0.0625 0.3125 0.219453
0.125 0.5 0.0785857
0.125 0.46875 0.0886906
0.15625 0.46875 0.0599563
0.15625 0.5 0.0484756
0.125 0.5 0.0785857
0.125 0.46875 0.0886906
0.125 0.4375 0.101877
0.15625 0.4375 0.0742554
0.15625 0.46875 0.0599563
0.125 0.46875 0.0886906
0.15625 0.5 0.0484756
0.15625 0.46875 0.0599563
0.1875 0.46875 0.0317811
0.1875 0.5 0.018708
0.15625 0.5 0.0484756
0.15625 0.46875 0.0599563
0.15625 0.4375 0.0742554
0.1875 0.4375 0.0470722
0.1875 0.46875 0.0317811
0.15625 0.46875 0.0599563
0.125 0.4375 0.101877
0.125 0.40625 0.116972
0.15625 0.40625 0.0900556
0.15625 0.4375 0.0742554
0.125 0.4375 0.101877
0.125 0.40625 0.116972
0.125 0.375 0.133098
0.15625 0.375 0.10657
0.15625 0.40625 0.0900556
0.125 0.40625 0.116972
0.15625 0.4375 0.0742554
0.15625 0.40625 0.0900556
0.1875 0.40625 0.063417
0.1875 0.4375 0.0470722
0.15625 0.4375 0.0742554
0.15625 0.40625 0.0900556
0.15625 0.375 0.10657
0.1875 0.375 0.0801923
0.1875 0.40625 0.063417
0.15625 0.40625 0.0900556
0.1875 0.5 0.018708
0.1875 0.46875 0.0317811
0.21875 0.46875 0.00424478
0.21875 0.5 -0.0099517
0.1875 0.5 0.018708
0.1875 0.46875 0.0317811
0.1875 0.4375 0.0470722
0.21875 0.4375 0.0202774
0.21875 0.46875 0.00424478
0.1875 0.46875 0.0317811
0.21875 0.5 -0.0099517
0.21875 0.46875 0.00424478
0.25 0.46875 -0.0224413
0.25 0.5 -0.0372053
0.21875 0.5 -0.0099517
0.21875 0.46875 0.00424478
0.21875 0.4375 0.0202774
0.25 0.4375 -0.00620675
0.25 0.46875 -0.0224413
0.21875 0.46875 0.00424478
0.1875 0.4375 0.0470722
0.1875 0.40625 0.063417
0.21875 0.40625 0.036985
0.21875 0.4375 0.0202774
0.1875 0.4375 0.0470722
0.1875 0.40625 0.063417
0.1875 0.375 0.0801923
0.21875 0.375 0.0539123
0.21875 0.40625 0.036985
0.1875 0.40625 0.063417
0.21875 0.4375 0.0202774
0.21875 0.40625 0.036985
0.25 0.40625 0.0106884
0.25 0.4375 -0.00620675
0.21875 0.4375 0.0202774
0.21875 0.40625 0.036985
0.21875 0.375 0.0539123
0.25 0.375 0.0276915
0.25 0.40625 0.0106884
0.21875 0.40625 0.036985
0.125 0.375 0.133098
0.125 0.34375 0.149735
0.15625 0.34375 0.123399
0.15625 0.375 0.10657
0.125 0.375 0.133098
0.125 0.34375 0.149735
0.125 0.3125 0.166612
0.15625 0.3125 0.140368
0.15625 0.34375 0.123399
0.125 0.34375 0.149735
0.15625 0.375 0.10657
0.15625 0.34375 0.123399
0.1875 0.34375 0.0971394
0.1875 0.375 0.0801923
0.15625 0.375 0.10657
0.15625 0.34375 0.123399
0.15625 0.3125 0.140368
0.1875 0.3125 0.11417
0.1875 0.34375 0.0971394
0.15625 0.34375 0.123399
0.125 0.3125 0.166612
0.125 0.25 0.200668
0.1875 0.25 0.148475
0.1875 0.3125 0.11417
0.125 0.3125 0.166612
0.1875 0.375 0.0801923
0.1875 0.34375 0.0971394
0.21875 0.34375 0.0709282
0.21875 0.375 0.0539123
0.1875 0.375 0.0801923
0.1875 0.34375 0.0971394
0.1875 0.3125 0.11417
0.21875 0.3125 0.088007
0.21875 0.34375 0.0709282
0.1875 0.34375 0.0971394
0.21875 0.375 0.0539123
0.21875 0.34375 0.0709282
0.25 0.34375 0.0447504
0.25 0.375 0.0276915
0.21875 0.375 0.0539123
0.21875 0.34375 0.0709282
0.21875 0.3125 0.088007
0.25 0.3125 0.0618713
0.25 0.34375 0.0447504
0.21875 0.34375 0.0709282
0.1875 0.3125 0.11417
0.1875 0.28125 0.131275
0.21875 0.28125 0.105161
0.21875 0.3125 0.088007
0.1875 0.3125 0.11417
0.1875 0.28125 0.131275
0.1875 0.25 0.148475
0.21875 0.25 0.122439
0.21875 0.28125 0.105161
0.1875 0.28125 0.131275
0.21875 0.3125 0.088007
0.21875 0.28125 0.105161
0.25 0.28125 0.0790842
0.25 0.3125 0.0618713
0.21875 0.3125 0.088007
0.21875 0.28125 0.105161
0.21875 0.25 0.122439
0.25 0.25 0.0964877
0.25 0.28125 0.0790842
0.21875 0.28125 0.105161
0 0.25 0.306023
0 0.125 0.374429
0.125 0.125 0.27121
0.125 0.25 0.200668
0 0.25 0.306023
0 0.125 0.374429
0 0 0.45075
0.125 0 0.351744
0.125 0.125 0.27121
0 0.125 0.374429
0.125 0.25 0.200668
0.125 0.1875 0.235314
0.1875 0.1875 0.183655
0.1875 0.25 0.148475
0.125 0.25 0.200668
0.125 0.1875 0.235314
0.125 0.125 0.27121
0.1875 0.125 0.220942
0.1875 0.1875 0.183655
0.125 0.1875 0.235314
0.1875 0.25 0.148475
0.1875 0.1875 0.183655
0.25 0.1875 0.13273
0.25 0.25 0.0964877
0.1875 0.25 0.148475
0.1875 0.1875 0.183655
0.1875 0.125 0.220942
0.25 0.125 0.172534
0.25 0.1875 0.13273
0.1875 0.1875 0.183655
0.125 0.125 0.27121
0.125 0.0625 0.309281
0.1875 0.0625 0.261494
0.1875 0.125 0.220942
0.125 0.125 0.27121
0.125 0.0625 0.309281
0.125 0 0.351744
0.1875 0 0.307734
0.1875 0.0625 0.261494
0.125 0.0625 0.309281
0.1875 0.125 0.220942
0.1875 0.0625 0.261494
0.25 0.0625 0.217118
0.25 0.125 0.172534
0.1875 0.125 0.220942
0.1875 0.0625 0.261494
0.1875 0 0.307734
0.25 0 0.267793
0.25 0.0625 0.217118
0.1875 0.0625 0.261494
0.25 0.5 -0.0372053
0.25 0.46875 -0.0224413
0.28125 0.46875 -0.0488976
0.28125 0.5 -0.0642177
0.25 0.5 -0.0372053
0.25 0.46875 -0.0224413
0.25 0.4375 -0.00620675
0.28125 0.4375 -0.0324529
0.28125 0.46875 -0.0488976
0.25 0.46875 -0.0224413
0.28125 0.5 -0.0642177
0.28125 0.46875 -0.0488976
0.3125 0.46875 -0.0752867
0.3125 0.5 -0.0910519
0.28125 0.5 -0.0642177
0.28125 0.46875 -0.0488976
0.28125 0.4375 -0.0324529
0.3125 0.4375 -0.0586753
0.3125 0.46875 -0.0752867
0.28125 0.46875 -0.0488976
0.25 0.4375 -0.00620675
0.25 0.40625 0.0106884
0.28125 0.40625 -0.0155242
0.28125 0.4375 -0.0324529
0.25 0.4375 -0.00620675
0.25 0.40625 0.0106884
0.25 0.375 0.0276915
0.28125 0.375 0.0015079
0.28125 0.40625 -0.0155242
0.25 0.40625 0.0106884
0.28125 0.4375 -0.0324529
0.28125 0.40625 -0.0155242
0.3125 0.40625 -0.041704
0.3125 0.4375 -0.0586753
0.28125 0.4375 -0.0324529
0.28125 0.40625 -0.0155242
0.28125 0.375 0.0015079
0.3125 0.375 -0.0246403
0.3125 0.40625 -0.041704
0.28125 0.40625 -0.0155242
0.3125 0.5 -0.0910519
0.3125 0.46875 -0.0752867
0.34375 0.46875 -0.101618
0.34375 0.5 -0.117714
0.3125 0.5 -0.0910519
0.3125 0.46875 -0.0752867
0.3125 0.4375 -0.0586753
0.34375 0.4375 -0.0848688
0.34375 0.46875 -0.101618
0.3125 0.46875 -0.0752867
0.34375 0.5 -0.117714
0.34375 0.46875 -0.101618
0.375 0.46875 -0.127889
0.375 0.5 -0.144224
0.34375 0.5 -0.117714
0.34375 0.46875 -0.101618
0.34375 0.4375 -0.0848688
0.375 0.4375 -0.111017
0.375 0.46875 -0.127889
0.34375 0.46875 -0.101618
0.3125 0.4375 -0.0586753
0.3125 0.40625 -0.041704
0.34375 0.40625 -0.0678459
0.34375 0.4375 -0.0848688
0.3125 0.4375 -0.0586753
0.3125 0.40625 -0.041704
0.3125 0.375 -0.0246403
0.34375 0.375 -0.0507357
0.34375 0.40625 -0.0678459
0.3125 0.40625 -0.041704
0.34375 0.4375 -0.0848688
0.34375 0.40625 -0.0678459
0.375 0.40625 -0.0939246
0.375 0.4375 -0.111017
0.34375 0.4375 -0.0848688
0.34375 0.40625 -0.0678459
0.34375 0.375 -0.0507357
0.375 0.375 -0.0767153
0.375 0.40625 -0.0939246
0.34375 0.40625 -0.0678459
0.25 0.375 0.0276915
0.25 0.34375 0.0447504
0.28125 0.34375 0.0185984
0.28125 0.375 0.0015079
0.25 0.375 0.0276915
0.25 0.34375 0.0447504
0.25 0.3125 0.0618713
0.28125 0.3125 0.0357627
0.28125 0.34375 0.0185984
0.25 0.34375 0.0447504
0.28125 0.375 0.0015079
0.28125 0.34375 0.0185984
0.3125 0.34375 -0.00752542
0.3125 0.375 -0.0246403
0.28125 0.375 0.0015079
0.28125 0.34375 0.0185984
0.28125 0.3125 0.0357627
0.3125 0.3125 0.00969189
0.3125 0.34375 -0.00752542
0.28125 0.34375 0.0185984
0.25 0.3125 0.0618713
0.25 0.28125 0.0790842
0.28125 0.28125 0.0530596
0.28125 0.3125 0.0357627
0.25 0.3125 0.0618713
0.25 0.28125 0.0790842
0.25 0.25 0.0964877
0.28125 0.25 0.070663
0.28125 0.28125 0.0530596
0.25 0.28125 0.0790842
0.28125 0.3125 0.0357627
0.28125 0.28125 0.0530596
0.3125 0.28125 0.0271206
0.3125 0.3125 0.00969189
0.28125 0.3125 0.0357627
0.28125 0.28125 0.0530596
0.28125 0.25 0.070663
0.3125 0.25 0.0450611
0.3125 0.28125 0.0271206
0.28125 0.28125 0.0530596
0.3125 0.375 -0.0246403
0.3125 0.34375 -0.00752542
0.34375 0.34375 -0.0335435
0.34375 0.375 -0.0507357
0.3125 0.375 -0.0246403
0.3125 0.34375 -0.00752542
0.3125 0.3125 0.00969189
0.34375 0.3125 -0.0162202
0.34375 0.34375 -0.0335435
0.3125 0.34375 -0.00752542
0.34375 0.375 -0.0507357
0.34375 0.34375 -0.0335435
0.375 0.34375 -0.0593435
0.375 0.375 -0.0767153
0.34375 0.375 -0.0507357
0.34375 0.34375 -0.0335435
0.34375 0.3125 -0.0162202
0.375 0.3125 -0.0416908
0.375 0.34375 -0.0593435
0.34375 0.34375 -0.0335435
0.3125 0.3125 0.00969189
0.3125 0.28125 0.0271206
0.34375 0.28125 0.00132555
0.34375 0.3125 -0.0162202
0.3125 0.3125 0.00969189
0.3125 0.28125 0.0271206
0.3125 0.25 0.0450611
0.34375 0.25 0.0198518
0.34375 0.28125 0.00132555
0.3125 0.28125 0.0271206
0.34375 0.3125 -0.0162202
0.34375 0.28125 0.00132555
0.375 0.28125 -0.023532
0.375 0.3125 -0.0416908
0.34375 0.3125 -0.0162202
0.34375 0.28125 0.00132555
0.34375 0.25 0.0198518
0.375 0.25 -0.00443914
0.375 0.28125 -0.023532
0.34375 0.28125 0.00132555
0.375 0.5 -0.144224
0.375 0.4375 -0.111017
0.4375 0.4375 -0.162934
0.4375 0.5 -0.19662
0.375 0.5 -0.144224
0.375 0.4375 -0.111017
0.375 0.40625 -0.0939246
0.40625 0.40625 -0.11986
0.40625 0.4375 -0.137074
0.375 0.4375 -0.111017
0.375 0.40625 -0.0939246
0.375 0.375 -0.0767153
0.40625 0.375 -0.102432
0.40625 0.40625 -0.11986
0.375 0.40625 -0.0939246
0.40625 0.4375 -0.137074
0.40625 0.40625 -0.11986
0.4375 0.40625 -0.145471
0.4375 0.4375 -0.162934
0.40625 0.4375 -0.137074
0.40625 0.40625 -0.11986
0.40625 0.375 -0.102432
0.4375 0.375 -0.127518
0.4375 0.40625 -0.145471
0.40625 0.40625 -0.11986
0.4375 0.5 -0.19662
0.4375 0.4375 -0.162934
0.5 0.4375 -0.197152
0.5 0.5 -0.233772
0.4375 0.5 -0.19662
0.4375 0.4375 -0.162934
0.4375 0.375 -0.127518
0.5 0.375 -0.144743
0.5 0.4375 -0.197152
0.4375 0.4375 -0.162934
0.375 0.375 -0.0767153
0.375 0.34375 -0.0593435
0.40625 0.34375 -0.0846528
0.40625 0.375 -0.102432
0.375 0.375 -0.0767153
0.375 0.34375 -0.0593435
0.375 0.3125 -0.0416908
0.40625 0.3125 -0.0662886
0.40625 0.34375 -0.0846528
0.375 0.34375 -0.0593435
0.40625 0.375 -0.102432
0.40625 0.34375 -0.0846528
0.4375 0.34375 -0.10888
0.4375 0.375 -0.127518
0.40625 0.375 -0.102432
0.40625 0.34375 -0.0846528
0.40625 0.3125 -0.0662886
0.4375 0.3125 -0.0890239
0.4375 0.34375 -0.10888
0.40625 0.34375 -0.0846528
0.375 0.3125 -0.0416908
0.375 0.28125 -0.023532
0.40625 0.28125 -0.0469489
0.40625 0.3125 -0.0662886
0.375 0.3125 -0.0416908
0.375 0.28125 -0.023532
0.375 0.25 -0.00443914
0.40625 0.25 -0.026183
0.40625 0.28125 -0.0469489
0.375 0.28125 -0.023532
0.40625 0.3125 -0.0662886
0.40625 0.28125 -0.0469489
0.4375 0.28125 -0.0675164
0.4375 0.3125 -0.0890239
0.40625 0.3125 -0.0662886
0.40625 0.28125 -0.0469489
0.40625 0.25 -0.026183
0.4375 0.25 -0.043855
0.4375 0.28125 -0.0675164
0.40625 0.28125 -0.0469489
0.4375 0.375 -0.127518
0.4375 0.3125 -0.0890239
0.5 0.3125 -0.0917049
0.5 0.375 -0.144743
0.4375 0.375 -0.127518
0.4375 0.3125 -0.0890239
0.4375 0.28125 -0.0675164
0.46875 0.28125 -0.0782355
0.46875 0.3125 -0.105766
0.4375 0.3125 -0.0890239
0.4375 0.28125 -0.0675164
0.4375 0.25 -0.043855
0.46875 0.25 -0.0497743
0.46875 0.28125 -0.0782355
0.4375 0.28125 -0.0675164
0.46875 0.3125 -0.105766
0.46875 0.28125 -0.0782355
0.5 0.28125 -0.064927
0.5 0.3125 -0.0917049
0.46875 0.3125 -0.105766
0.46875 0.28125 -0.0782355
0.46875 0.25 -0.0497743
0.5 0.25 -0.0378487
0.5 0.28125 -0.064927
0.46875 0.28125 -0.0782355
0.25 0.25 0.0964877
0.25 0.21875 0.114294
0.28125 0.21875 0.0888581
0.28125 0.25 0.070663
0.25 0.25 0.0964877
0.25 0.21875 0.114294
0.25 0.1875 0.13273
0.28125 0.1875 0.107981
0.28125 0.21875 0.0888581
0.25 0.21875 0.114294
0.28125 0.25 0.070663
0.28125 0.21875 0.0888581
0.3125 0.21875 0.0639204
0.3125 0.25 0.0450611
0.28125 0.25 0.070663
0.28125 0.21875 0.0888581
0.28125 0.1875 0.107981
0.3125 0.1875 0.0840599
0.3125 0.21875 0.0639204
0.28125 0.21875 0.0888581
0.25 0.1875 0.13273
0.25 0.15625 0.152086
0.28125 0.15625 0.128295
0.28125 0.1875 0.107981
0.25 0.1875 0.13273
0.25 0.15625 0.152086
0.25 0.125 0.172534
0.28125 0.125 0.14997
0.28125 0.15625 0.128295
0.25 0.15625 0.152086
0.28125 0.1875 0.107981
0.28125 0.15625 0.128295
0.3125 0.15625 0.105709
0.3125 0.1875 0.0840599
0.28125 0.1875 0.107981
0.28125 0.15625 0.128295
0.28125 0.125 0.14997
0.3125 0.125 0.128992
0.3125 0.15625 0.105709
0.28125 0.15625 0.128295
0.3125 0.25 0.0450611
0.3125 0.21875 0.0639204
0.34375 0.21875 0.0397312
0.34375 0.25 0.0198518
0.3125 0.25 0.0450611
0.3125 0.21875 0.0639204
0.3125 0.1875 0.0840599
0.34375 0.1875 0.0613034
0.34375 0.21875 0.0397312
0.3125 0.21875 0.0639204
0.34375 0.25 0.0198518
0.34375 0.21875 0.0397312
0.375 0.21875 0.0168464
0.375 0.25 -0.00443914
0.34375 0.25 0.0198518
0.34375 0.21875 0.0397312
0.34375 0.1875 0.0613034
0.375 0.1875 0.0405229
0.375 0.21875 0.0168464
0.34375 0.21875 0.0397312
0.3125 0.1875 0.0840599
0.3125 0.15625 0.105709
0.34375 0.15625 0.0847558
0.34375 0.1875 0.0613034
0.3125 0.1875 0.0840599
0.3125 0.15625 0.105709
0.3125 0.125 0.128992
0.34375 0.125 0.109787
0.34375 0.15625 0.0847558
0.3125 0.15625 0.105709
0.34375 0.1875 0.0613034
0.34375 0.15625 0.0847558
0.375 0.15625 0.0663618
0.375 0.1875 0.0405229
0.34375 0.1875 0.0613034
0.34375 0.15625 0.0847558
0.34375 0.125 0.109787
0.375 0.125 0.0933969
0.375 0.15625 0.0663618
0.34375 0.15625 0.0847558
0.25 0.125 0.172534
0.25 0.0625 0.217118
0.3125 0.0625 0.179263
0.3125 0.125 0.128992
0.25 0.125 0.172534
0.25 0.0625 0.217118
0.25 0 0.267793
0.3125 0 0.234555
0.3125 0.0625 0.179263
0.25 0.0625 0.217118
0.3125 0.125 0.128992
0.3125 0.0625 0.179263
0.375 0.0625 0.15024
0.375 0.125 0.0933969
0.3125 0.125 0.128992
0.3125 0.0625 0.179263
0.3125 0 0.234555
0.375 0 0.209816
0.375 0.0625 0.15024
0.3125 0.0625 0.179263
0.375 0.25 -0.00443914
0.375 0.21875 0.0168464
0.40625 0.21875 -0.00351828
0.40625 0.25 -0.026183
0.375 0.25 -0.00443914
0.375 0.21875 0.0168464
0.375 0.1875 0.0405229
0.40625 0.1875 0.0231203
0.40625 0.21875 -0.00351828
0.375 0.21875 0.0168464
0.40625 0.25 -0.026183
0.40625 0.21875 -0.00351828
0.4375 0.21875 -0.0179346
0.4375 0.25 -0.043855
0.40625 0.25 -0.026183
0.40625 0.21875 -0.00351828
0.40625 0.1875 0.0231203
0.4375 0.1875 0.0112879
0.4375 0.21875 -0.0179346
0.40625 0.21875 -0.00351828
0.375 0.1875 0.0405229
0.375 0.15625 0.0663618
0.40625 0.15625 0.0514583
0.40625 0.1875 0.0231203
0.375 0.1875 0.0405229
0.375 0.15625 0.0663618
0.375 0.125 0.0933969
0.40625 0.125 0.0806619
0.40625 0.15625 0.0514583
0.375 0.15625 0.0663618
0.40625 0.1875 0.0231203
0.40625 0.15625 0.0514583
0.4375 0.15625 0.0419918
0.4375 0.1875 0.0112879
0.40625 0.1875 0.0231203
0.40625 0.15625 0.0514583
0.40625 0.125 0.0806619
0.4375 0.125 0.0728523
0.4375 0.15625 0.0419918
0.40625 0.15625 0.0514583
0.4375 0.25 -0.043855
0.4375 0.21875 -0.0179346
0.46875 0.21875 -0.0206094
0.46875 0.25 -0.0497743
0.4375 0.25 -0.043855
0.4375 0.21875 -0.0179346
0.4375 0.1875 0.0112879
0.46875 0.1875 0.00960354
0.46875 0.21875 -0.0206094
0.4375 0.21875 -0.0179346
0.46875 0.25 -0.0497743
0.46875 0.21875 -0.0206094
0.5 0.21875 -0.010414
0.5 0.25 -0.0378487
0.46875 0.25 -0.0497743
0.46875 0.21875 -0.0206094
0.46875 0.1875 0.00960354
0.5 0.1875 0.0181579
0.5 0.21875 -0.010414
0.46875 0.21875 -0.0206094
0.4375 0.1875 0.0112879
0.4375 0.15625 0.0419918
0.46875 0.15625 0.0407104
0.46875 0.1875 0.00960354
0.4375 0.1875 0.0112879
0.4375 0.15625 0.0419918
0.4375 0.125 0.0728523
0.46875 0.125 0.0718443
0.46875 0.15625 0.0407104
0.4375 0.15625 0.0419918
0.46875 0.1875 0.00960354
0.46875 0.15625 0.0407104
0.5 0.15625 0.0477722
0.5 0.1875 0.0181579
0.46875 0.1875 0.00960354
0.46875 0.15625 0.0407104
0.46875 0.125 0.0718443
0.5 0.125 0.0777587
0.5 0.15625 0.0477722
0.46875 0.15625 0.0407104
0.375 0.125 0.0933969
0.375 0.09375 0.121511
0.40625 0.09375 0.110392
0.40625 0.125 0.0806619
0.375 0.125 0.0933969
0.375 0.09375 0.121511
0.375 0.0625 0.15024
0.40625 0.0625 0.140469
0.40625 0.09375 0.110392
0.375 0.09375 0.121511
0.40625 0.125 0.0806619
0.40625 0.09375 0.110392
0.4375 0.09375 0.1038
0.4375 0.125 0.0728523
0.40625 0.125 0.0806619
0.40625 0.09375 0.110392
0.40625 0.0625 0.140469
0.4375 0.0625 0.134799
0.4375 0.09375 0.1038
0.40625 0.09375 0.110392
0.375 0.0625 0.15024
0.375 0 0.209816
0.4375 0 0.197125
0.4375 0.0625 0.134799
0.375 0.0625 0.15024
0.4375 0.125 0.0728523
0.4375 0.09375 0.1038
0.46875 0.09375 0.102981
0.46875 0.125 0.0718443
0.4375 0.125 0.0728523
0.4375 0.09375 0.1038
0.4375 0.0625 0.134799
0.46875 0.0625 0.134121
0.46875 0.09375 0.102981
0.4375 0.09375 0.1038
0.46875 0.125 0.0718443
0.46875 0.09375 0.102981
0.5 0.09375 0.10804
0.5 0.125 0.0777587
0.46875 0.125 0.0718443
0.46875 0.09375 0.102981
0.46875 0.0625 0.134121
0.5 0.0625 0.138497
0.5 0.09375 0.10804
0.46875 0.09375 0.102981
0.4375 0.0625 0.134799
0.4375 0 0.197125
0.5 0 0.200148
0.5 0.0625 0.138497
0.4375 0.0625 0.134799
0.5 1 0.200896
0.5 0.9375 0.139384
0.5625 0.9375 0.134905
0.5625 1 0.197269
0.5 1 0.200896
0.5 0.9375 0.139384
0.5 0.90625 0.108924
0.53125 0.90625 0.103027
0.53125 0.9375 0.134165
0.5 0.9375 0.139384
0.5 0.90625 0.108924
0.5 0.875 0.078637
0.53125 0.875 0.0718979
0.53125 0.90625 0.103027
0.5 0.90625 0.108924
0.53125 0.9375 0.134165
0.53125 0.90625 0.103027
0.5625 0.90625 0.103867
0.5625 0.9375 0.134905
0.53125 0.9375 0.134165
0.53125 0.90625 0.103027
0.53125 0.875 0.0718979
0.5625 0.875 0.0728859
0.5625 0.90625 0.103867
0.53125 0.90625 0.103027
0.5625 1 0.197269
0.5625 0.9375 0.134905
0.625 0.9375 0.152312
0.625 1 0.211199
0.5625 1 0.197269
0.5625 0.9375 0.134905
0.5625 0.90625 0.103867
0.59375 0.90625 0.111308
0.59375 0.9375 0.141367
0.5625 0.9375 0.134905
0.5625 0.90625 0.103867
0.5625 0.875 0.0728859
0.59375 0.875 0.0815367
0.59375 0.90625 0.111308
0.5625 0.90625 0.103867
0.59375 0.9375 0.141367
0.59375 0.90625 0.111308
0.625 0.90625 0.123577
0.625 0.9375 0.152312
0.59375 0.9375 0.141367
0.59375 0.90625 0.111308
0.59375 0.875 0.0815367
0.625 0.875 0.0954042
0.625 0.90625 0.123577
0.59375 0.90625 0.111308
0.5 0.875 0.078637
0.5 0.84375 0.0485695
0.53125 0.84375 0.0407856
0.53125 0.875 0.0718979
0.5 0.875 0.078637
0.5 0.84375 0.0485695
0.5 0.8125 0.018795
0.53125 0.8125 0.00970249
0.53125 0.84375 0.0407856
0.5 0.84375 0.0485695
0.53125 0.875 0.0718979
0.53125 0.84375 0.0407856
0.5625 0.84375 0.0419869
0.5625 0.875 0.0728859
0.53125 0.875 0.0718979
0.53125 0.84375 0.0407856
0.53125 0.8125 0.00970249
0.5625 0.8125 0.0112067
0.5625 0.84375 0.0419869
0.53125 0.84375 0.0407856
0.5 0.8125 0.018795
0.5 0.78125 -0.0102511
0.53125 0.78125 -0.0207982
0.53125 0.8125 0.00970249
0.5 0.8125 0.018795
0.5 0.78125 -0.0102511
0.5 0.75 -0.0381041
0.53125 0.75 -0.0504886
0.53125 0.78125 -0.0207982
0.5 0.78125 -0.0102511
0.53125 0.8125 0.00970249
0.53125 0.78125 -0.0207982
0.5625 0.78125 -0.0186174
0.5625 0.8125 0.0112067
0.53125 0.8125 0.00970249
0.53125 0.78125 -0.0207982
0.53125 0.75 -0.0504886
0.5625 0.75 -0.0463735
0.5625 0.78125 -0.0186174
0.53125 0.78125 -0.0207982
0.5625 0.875 0.0728859
0.5625 0.84375 0.0419869
0.59375 0.84375 0.0521919
0.59375 0.875 0.0815367
0.5625 0.875 0.0728859
0.5625 0.84375 0.0419869
0.5625 0.8125 0.0112067
0.59375 0.8125 0.0234771
0.59375 0.84375 0.0521919
0.5625 0.84375 0.0419869
0.59375 0.875 0.0815367
0.59375 0.84375 0.0521919
0.625 0.84375 0.0680209
0.625 0.875 0.0954042
0.59375 0.875 0.0815367
0.59375 0.84375 0.0521919
0.59375 0.8125 0.0234771
0.625 0.8125 0.0417012
0.625 0.84375 0.0680209
0.59375 0.84375 0.0521919
0.5625 0.8125 0.0112067
0.5625 0.78125 -0.0186174
0.59375 0.78125 -0.00396961
0.59375 0.8125 0.0234771
0.5625 0.8125 0.0112067
0.5625 0.78125 -0.0186174
0.5625 0.75 -0.0463735
0.59375 0.75 -0.0279753
0.59375 0.78125 -0.00396961
0.5625 0.78125 -0.0186174
0.59375 0.8125 0.0234771
0.59375 0.78125 -0.00396961
0.625 0.78125 0.0168547
0.625 0.8125 0.0417012
0.59375 0.8125 0.0234771
0.59375 0.78125 -0.00396961
0.59375 0.75 -0.0279753
0.625 0.75 -0.00519411
0.625 0.78125 0.0168547
0.59375 0.78125 -0.00396961
0.625 1 0.211199
0.625 0.9375 0.152312
0.6875 0.9375 0.184955
0.6875 1 0.238972
0.625 1 0.211199
0.625 0.9375 0.152312
0.625 0.875 0.0954042
0.6875 0.875 0.132921
0.6875 0.9375 0.184955
0.625 0.9375 0.152312
0.6875 1 0.238972
0.6875 0.9375 0.184955
0.75 0.9375 0.224294
0.75 1 0.273906
0.6875 1 0.238972
0.6875 0.9375 0.184955
0.6875 0.875 0.132921
0.75 0.875 0.176998
0.75 0.9375 0.224294
0.6875 0.9375 0.184955
0.625 0.875 0.0954042
0.625 0.84375 0.0680209
0.65625 0.84375 0.0874564
0.65625 0.875 0.112973
0.625 0.875 0.0954042
0.625 0.84375 0.0680209
0.625 0.8125 0.0417012
0.65625 0.8125 0.0632301
0.65625 0.84375 0.0874564
0.625 0.84375 0.0680209
0.65625 0.875 0.112973
0.65625 0.84375 0.0874564
0.6875 0.84375 0.108955
0.6875 0.875 0.132921
0.65625 0.875 0.112973
0.65625 0.84375 0.0874564
0.65625 0.8125 0.0632301
0.6875 0.8125 0.0863135
0.6875 0.84375 0.108955
0.65625 0.84375 0.0874564
0.625 0.8125 0.0417012
0.625 0.78125 0.0168547
0.65625 0.78125 0.0405763
0.65625 0.8125 0.0632301
0.625 0.8125 0.0417012
0.625 0.78125 0.0168547
0.625 0.75 -0.00519411
0.65625 0.75 0.0197801
0.65625 0.78125 0.0405763
0.625 0.78125 0.0168547
0.65625 0.8125 0.0632301
0.65625 0.78125 0.0405763
0.6875 0.78125 0.0650882
0.6875 0.8125 0.0863135
0.65625 0.8125 0.0632301
0.65625 0.78125 0.0405763
0.65625 0.75 0.0197801
0.6875 0.75 0.0453192
0.6875 0.78125 0.0650882
0.65625 0.78125 0.0405763
0.6875 0.875 0.132921
0.6875 0.84375 0.108955
0.71875 0.84375 0.131787
0.71875 0.875 0.154481
0.6875 0.875 0.132921
0.6875 0.84375 0.108955
0.6875 0.8125 0.0863135
0.71875 0.8125 0.110313
0.71875 0.84375 0.131787
0.6875 0.84375 0.108955
0.71875 0.875 0.154481
0.71875 0.84375 0.131787
0.75 0.84375 0.155363
0.75 0.875 0.176998
0.71875 0.875 0.154481
0.71875 0.84375 0.131787
0.71875 0.8125 0.110313
0.75 0.8125 0.134827
0.75 0.84375 0.155363
0.71875 0.84375 0.131787
0.6875 0.8125 0.0863135
0.6875 0.78125 0.0650882
0.71875 0.78125 0.0900807
0.71875 0.8125 0.110313
0.6875 0.8125 0.0863135
0.6875 0.78125 0.0650882
0.6875 0.75 0.0453192
0.71875 0.75 0.0710232
0.71875 0.78125 0.0900807
0.6875 0.78125 0.0650882
0.71875 0.8125 0.110313
0.71875 0.78125 0.0900807
0.75 0.78125 0.115363
0.75 0.8125 0.134827
0.71875 0.8125 0.110313
0.71875 0.78125 0.0900807
0.71875 0.75 0.0710232
0.75 0.75 0.0968537
0.75 0.78125 0.115363
0.71875 0.78125 0.0900807
0.5 0.75 -0.0381041
0.5 0.71875 -0.0653282
0.53125 0.71875 -0.0793296
0.53125 0.75 -0.0504886
0.5 0.75 -0.0381041
0.5 0.71875 -0.0653282
0.5 0.6875 -0.092129
0.53125 0.6875 -0.107353
0.53125 0.71875 -0.0793296
0.5 0.71875 -0.0653282
0.53125 0.75 -0.0504886
0.53125 0.71875 -0.0793296
0.5625 0.71875 -0.0711012
0.5625 0.75 -0.0463735
0.53125 0.75 -0.0504886
0.53125 0.71875 -0.0793296
0.53125 0.6875 -0.107353
0.5625 0.6875 -0.0923569
0.5625 0.71875 -0.0711012
0.53125 0.71875 -0.0793296
0.5 0.6875 -0.092129
0.5 0.625 -0.145041
0.5625 0.625 -0.128983
0.5625 0.6875 -0.0923569
0.5 0.6875 -0.092129
0.5625 0.75 -0.0463735
0.5625 0.71875 -0.0711012
0.59375 0.71875 -0.0489787
0.59375 0.75 -0.0279753
0.5625 0.75 -0.0463735
0.5625 0.71875 -0.0711012
0.5625 0.6875 -0.0923569
0.59375 0.6875 -0.0678786
0.59375 0.71875 -0.0489787
0.5625 0.71875 -0.0711012
0.59375 0.75 -0.0279753
0.59375 0.71875 -0.0489787
0.625 0.71875 -0.0244693
0.625 0.75 -0.00519411
0.59375 0.75 -0.0279753
0.59375 0.71875 -0.0489787
0.59375 0.6875 -0.0678786
0.625 0.6875 -0.0423909
0.625 0.71875 -0.0244693
0.59375 0.71875 -0.0489787
0.5625 0.6875 -0.0923569
0.5625 0.65625 -0.111217
0.59375 0.65625 -0.0856929
0.59375 0.6875 -0.0678786
0.5625 0.6875 -0.0923569
0.5625 0.65625 -0.111217
0.5625 0.625 -0.128983
0.59375 0.625 -0.10305
0.59375 0.65625 -0.0856929
0.5625 0.65625 -0.111217
0.59375 0.6875 -0.0678786
0.59375 0.65625 -0.0856929
0.625 0.65625 -0.0597811
0.625 0.6875 -0.0423909
0.59375 0.6875 -0.0678786
0.59375 0.65625 -0.0856929
0.59375 0.625 -0.10305
0.625 0.625 -0.0769731
0.625 0.65625 -0.0597811
0.59375 0.65625 -0.0856929
0.5 0.625 -0.145041
0.5 0.5625 -0.197603
0.5625 0.5625 -0.163498
0.5625 0.625 -0.128983
0.5 0.625 -0.145041
0.5 0.5625 -0.197603
0.5 0.5 -0.233772
0.5625 0.5 -0.189432
0.5625 0.5625 -0.163498
0.5 0.5625 -0.197603
0.5625 0.625 -0.128983
0.5625 0.59375 -0.146316
0.59375 0.59375 -0.120231
0.59375 0.625 -0.10305
0.5625 0.625 -0.128983
0.5625 0.59375 -0.146316
0.5625 0.5625 -0.163498
0.59375 0.5625 -0.137333
0.59375 0.59375 -0.120231
0.5625 0.59375 -0.146316
0.59375 0.625 -0.10305
0.59375 0.59375 -0.120231
0.625 0.59375 -0.0940851
0.625 0.625 -0.0769731
0.59375 0.625 -0.10305
0.59375 0.59375 -0.120231
0.59375 0.5625 -0.137333
0.625 0.5625 -0.11114
0.625 0.59375 -0.0940851
0.59375 0.59375 -0.120231
0.5625 0.5625 -0.163498
0.5625 0.5 -0.189432
0.625 0.5 -0.143733
0.625 0.5625 -0.11114
0.5625 0.5625 -0.163498
0.625 0.75 -0.00519411
0.625 0.71875 -0.0244693
0.65625 0.71875 0.000948672
0.65625 0.75 0.0197801
0.625 0.75 -0.00519411
0.625 0.71875 -0.0244693
0.625 0.6875 -0.0423909
0.65625 0.6875 -0.016513
0.65625 0.71875 0.000948672
0.625 0.71875 -0.0244693
0.65625 0.75 0.0197801
0.65625 0.71875 0.000948672
0.6875 0.71875 0.02697
0.6875 0.75 0.0453192
0.65625 0.75 0.0197801
0.65625 0.71875 0.000948672
0.65625 0.6875 -0.016513
0.6875 0.6875 0.00955104
0.6875 0.71875 0.02697
0.65625 0.71875 0.000948672
0.625 0.6875 -0.0423909
0.625 0.65625 -0.0597811
0.65625 0.65625 -0.0337153
0.65625 0.6875 -0.016513
0.625 0.6875 -0.0423909
0.625 0.65625 -0.0597811
0.625 0.625 -0.0769731
0.65625 0.625 -0.0508352
0.65625 0.65625 -0.0337153
0.625 0.65625 -0.0597811
0.65625 0.6875 -0.016513
0.65625 0.65625 -0.0337153
0.6875 0.65625 -0.00757985
0.6875 0.6875 0.00955104
0.65625 0.6875 -0.016513
0.65625 0.65625 -0.0337153
0.65625 0.625 -0.0508352
0.6875 0.625 -0.0246662
0.6875 0.65625 -0.00757985
0.65625 0.65625 -0.0337153
0.6875 0.75 0.0453192
0.6875 0.71875 0.02697
0.71875 0.71875 0.0530308
0.71875 0.75 0.0710232
0.6875 0.75 0.0453192
0.6875 0.71875 0.02697
0.6875 0.6875 0.00955104
0.71875 0.6875 0.0357037
0.71875 0.71875 0.0530308
0.6875 0.71875 0.02697
0.71875 0.75 0.0710232
0.71875 0.71875 0.0530308
0.75 0.71875 0.0791254
0.75 0.75 0.0968537
0.71875 0.75 0.0710232
0.71875 0.71875 0.0530308
0.71875 0.6875 0.0357037
0.75 0.6875 0.0618762
0.75 0.71875 0.0791254
0.71875 0.71875 0.0530308
0.6875 0.6875 0.00955104
0.6875 0.65625 -0.00757985
0.71875 0.65625 0.0185938
0.71875 0.6875 0.0357037
0.6875 0.6875 0.00955104
0.6875 0.65625 -0.00757985
0.6875 0.625 -0.0246662
0.71875 0.625 0.00152325
0.71875 0.65625 0.0185938
0.6875 0.65625 -0.00757985
0.71875 0.6875 0.0357037
0.71875 0.65625 0.0185938
0.75 0.65625 0.0447936
0.75 0.6875 0.0618762
0.71875 0.6875 0.0357037
0.71875 0.65625 0.0185938
0.71875 0.625 0.00152325
0.75 0.625 0.0277574
0.75 0.65625 0.0447936
0.71875 0.65625 0.0185938
0.625 0.625 -0.0769731
0.625 0.59375 -0.0940851
0.65625 0.59375 -0.0679076
0.65625 0.625 -0.0508352
0.625 0.625 -0.0769731
0.625 0.59375 -0.0940851
0.625 0.5625 -0.11114
0.65625 0.5625 -0.0849235
0.65625 0.59375 -0.0679076
0.625 0.59375 -0.0940851
0.65625 0.625 -0.0508352
0.65625 0.59375 -0.0679076
0.6875 0.59375 -0.0417088
0.6875 0.625 -0.0246662
0.65625 0.625 -0.0508352
0.65625 0.59375 -0.0679076
0.65625 0.5625 -0.0849235
0.6875 0.5625 -0.0586804
0.6875 0.59375 -0.0417088
0.65625 0.59375 -0.0679076
0.625 0.5625 -0.11114
0.625 0.53125 -0.128118
0.65625 0.53125 -0.101825
0.65625 0.5625 -0.0849235
0.625 0.5625 -0.11114
0.625 0.53125 -0.128118
0.625 0.5 -0.143733
0.65625 0.5 -0.118436
0.65625 0.53125 -0.101825
0.625 0.53125 -0.128118
0.65625 0.5625 -0.0849235
0.65625 0.53125 -0.101825
0.6875 0.53125 -0.0754701
0.6875 0.5625 -0.0586804
0.65625 0.5625 -0.0849235
0.65625 0.53125 -0.101825
0.65625 0.5 -0.118436
0.6875 0.5 -0.0917217
0.6875 0.53125 -0.0754701
0.65625 0.53125 -0.101825
0.6875 0.625 -0.0246662
0.6875 0.59375 -0.0417088
0.71875 0.59375 -0.0154917
0.71875 0.625 0.00152325
0.6875 0.625 -0.0246662
0.6875 0.59375 -0.0417088
0.6875 0.5625 -0.0586804
0.71875 0.5625 -0.0323972
0.71875 0.59375 -0.0154917
0.6875 0.59375 -0.0417088
0.71875 0.625 0.00152325
0.71875 0.59375 -0.0154917
0.75 0.59375 0.0107816
0.75 0.625 0.0277574
0.71875 0.625 0.00152325
0.71875 0.59375 -0.0154917
0.71875 0.5625 -0.0323972
0.75 0.5625 -0.0060447
0.75 0.59375 0.0107816
0.71875 0.59375 -0.0154917
0.6875 0.5625 -0.0586804
0.6875 0.53125 -0.0754701
0.71875 0.53125 -0.0489924
0.71875 0.5625 -0.0323972
0.6875 0.5625 -0.0586804
0.6875 0.53125 -0.0754701
0.6875 0.5 -0.0917217
0.71875 0.5 -0.0647111
0.71875 0.53125 -0.0489924
0.6875 0.53125 -0.0754701
0.71875 0.5625 -0.0323972
0.71875 0.53125 -0.0489924
0.75 0.53125 -0.0223163
0.75 0.5625 -0.0060447
0.71875 0.5625 -0.0323972
0.71875 0.53125 -0.0489924
0.71875 0.5 -0.0647111
0.75 0.5 -0.0371937
0.75 0.53125 -0.0223163
0.71875 0.53125 -0.0489924
0.75 1 0.273906
0.75 0.875 0.176998
0.875 0.875 0.275457
0.875 1 0.358961
0.75 1 0.273906
0.75 0.875 0.176998
0.75 0.8125 0.134827
0.8125 0.8125 0.185875
0.8125 0.875 0.225695
0.75 0.875 0.176998
0.75 0.8125 0.134827
0.75 0.75 0.0968537
0.8125 0.75 0.148805
0.8125 0.8125 0.185875
0.75 0.8125 0.134827
0.8125 0.875 0.225695
0.8125 0.8125 0.185875
0.875 0.8125 0.237376
0.875 0.875 0.275457
0.8125 0.875 0.225695
0.8125 0.8125 0.185875
0.8125 0.75 0.148805
0.875 0.75 0.201324
0.875 0.8125 0.237376
0.8125 0.8125 0.185875
0.875 1 0.358961
0.875 0.875 0.275457
1 0.875 0.380292
1 1 0.457364
0.875 1 0.358961
0.875 0.875 0.275457
0.875 0.75 0.201324
1 0.75 0.309234
1 0.875 0.380292
0.875 0.875 0.275457
0.75 0.75 0.0968537
0.75 0.71875 0.0791254
0.78125 0.71875 0.105257
0.78125 0.75 0.122787
0.75 0.75 0.0968537
0.75 0.71875 0.0791254
0.75 0.6875 0.0618762
0.78125 0.6875 0.088083
0.78125 0.71875 0.105257
0.75 0.71875 0.0791254
0.78125 0.75 0.122787
0.78125 0.71875 0.105257
0.8125 0.71875 0.13144
0.8125 0.75 0.148805
0.78125 0.75 0.122787
0.78125 0.71875 0.105257
0.78125 0.6875 0.088083
0.8125 0.6875 0.114353
0.8125 0.71875 0.13144
0.78125 0.71875 0.105257
0.75 0.6875 0.0618762
0.75 0.65625 0.0447936
0.78125 0.65625 0.0710459
0.78125 0.6875 0.088083
0.75 0.6875 0.0618762
0.75 0.65625 0.0447936
0.75 0.625 0.0277574
0.78125 0.625 0.0540927
0.78125 0.65625 0.0710459
0.75 0.65625 0.0447936
0.78125 0.6875 0.088083
0.78125 0.65625 0.0710459
0.8125 0.65625 0.0974081
0.8125 0.6875 0.114353
0.78125 0.6875 0.088083
0.78125 0.65625 0.0710459
0.78125 0.625 0.0540927
0.8125 0.625 0.0806344
0.8125 0.65625 0.0974081
0.78125 0.65625 0.0710459
0.8125 0.75 0.148805
0.8125 0.6875 0.114353
0.875 0.6875 0.167279
0.875 0.75 0.201324
0.8125 0.75 0.148805
0.8125 0.6875 0.114353
0.8125 0.65625 0.0974081
0.84375 0.65625 0.12396
0.84375 0.6875 0.140732
0.8125 0.6875 0.114353
0.8125 0.65625 0.0974081
0.8125 0.625 0.0806344
0.84375 0.625 0.107484
0.84375 0.65625 0.12396
0.8125 0.65625 0.0974081
0.84375 0.6875 0.140732
0.84375 0.65625 0.12396
0.875 0.65625 0.150755
0.875 0.6875 0.167279
0.84375 0.6875 0.140732
0.84375 0.65625 0.12396
0.84375 0.625 0.107484
0.875 0.625 0.134704
0.875 0.65625 0.150755
0.84375 0.65625 0.12396
0.75 0.625 0.0277574
0.75 0.59375 0.0107816
0.78125 0.59375 0.03728
0.78125 0.625 0.0540927
0.75 0.625 0.0277574
0.75 0.59375 0.0107816
0.75 0.5625 -0.0060447
0.78125 0.5625 0.0207537
0.78125 0.59375 0.03728
0.75 0.59375 0.0107816
0.78125 0.625 0.0540927
0.78125 0.59375 0.03728
0.8125 0.59375 0.0641563
0.8125 0.625 0.0806344
0.78125 0.625 0.0540927
0.78125 0.59375 0.03728
0.78125 0.5625 0.0207537
0.8125 0.5625 0.0482488
0.8125 0.59375 0.0641563
0.78125 0.59375 0.03728
0.75 0.5625 -0.0060447
0.75 0.53125 -0.0223163
0.78125 0.53125 0.00483329
0.78125 0.5625 0.0207537
0.75 0.5625 -0.0060447
0.75 0.53125 -0.0223163
0.75 0.5 -0.0371937
0.78125 0.5 -0.00902125
0.78125 0.53125 0.00483329
0.75 0.53125 -0.0223163
0.78125 0.5625 0.0207537
0.78125 0.53125 0.00483329
0.8125 0.53125 0.0334699
0.8125 0.5625 0.0482488
0.78125 0.5625 0.0207537
0.78125 0.53125 0.00483329
0.78125 0.5 -0.00902125
0.8125 0.5 0.0206976
0.8125 0.53125 0.0334699
0.78125 0.53125 0.00483329
0.8125 0.625 0.0806344
0.8125 0.59375 0.0641563
0.84375 0.59375 0.0915208
0.84375 0.625 0.107484
0.8125 0.625 0.0806344
0.8125 0.59375 0.0641563
0.8125 0.5625 0.0482488
0.84375 0.5625 0.0764299
0.84375 0.59375 0.0915208
0.8125 0.59375 0.0641563
0.84375 0.625 0.107484
0.84375 0.59375 0.0915208
0.875 0.59375 0.119347
0.875 0.625 0.134704
0.84375 0.625 0.107484
0.84375 0.59375 0.0915208
0.84375 0.5625 0.0764299
0.875 0.5625 0.105095
0.875 0.59375 0.119347
0.84375 0.59375 0.0915208
0.8125 0.5625 0.0482488
0.8125 0.53125 0.0334699
0.84375 0.53125 0.0627439
0.84375 0.5625 0.0764299
0.8125 0.5625 0.0482488
0.8125 0.53125 0.0334699
0.8125 0.5 0.0206976
0.84375 0.5 0.0512219
0.84375 0.53125 0.0627439
0.8125 0.53125 0.0334699
0.84375 0.5625 0.0764299
0.84375 0.53125 0.0627439
0.875 0.53125 0.0923775
0.875 0.5625 0.105095
0.84375 0.5625 0.0764299
0.84375 0.53125 0.0627439
0.84375 0.5 0.0512219
0.875 0.5 0.0818295
0.875 0.53125 0.0923775
0.84375 0.53125 0.0627439
0.875 0.75 0.201324
0.875 0.6875 0.167279
0.9375 0.6875 0.221496
0.9375 0.75 0.254593
0.875 0.75 0.201324
0.875 0.6875 0.167279
0.875 0.625 0.134704
0.9375 0.625 0.190672
0.9375 0.6875 0.221496
0.875 0.6875 0.167279
0.9375 0.75 0.254593
0.9375 0.6875 0.221496
1 0.6875 0.277621
1 0.75 0.309234
0.9375 0.75 0.254593
0.9375 0.6875 0.221496
0.9375 0.625 0.190672
1 0.625 0.248804
1 0.6875 0.277621
0.9375 0.6875 0.221496
0.875 0.625 0.134704
0.875 0.5625 0.105095
0.9375 0.5625 0.16341
0.9375 0.625 0.190672
0.875 0.625 0.134704
0.875 0.5625 0.105095
0.875 0.53125 0.0923775
0.90625 0.53125 0.122251
0.90625 0.5625 0.134118
0.875 0.5625 0.105095
0.875 0.53125 0.0923775
0.875 0.5 0.0818295
0.90625 0.5 0.112495
0.90625 0.53125 0.122251
0.875 0.53125 0.0923775
0.90625 0.5625 0.134118
0.90625 0.53125 0.122251
0.9375 0.53125 0.152283
0.9375 0.5625 0.16341
0.90625 0.5625 0.134118
0.90625 0.53125 0.122251
0.90625 0.5 0.112495
0.9375 0.5 0.143209
0.9375 0.53125 0.152283
0.90625 0.53125 0.122251
0.9375 0.625 0.190672
0.9375 0.5625 0.16341
1 0.5625 0.223969
1 0.625 0.248804
0.9375 0.625 0.190672
0.9375 0.5625 0.16341
0.9375 0.5 0.143209
1 0.5 0.20562
1 0.5625 0.223969
0.9375 0.5625 0.16341
0.5 0.5 -0.233772
0.5 0.4375 -0.197152
0.5625 0.4375 -0.162893
0.5625 0.5 -0.189432
0.5 0.5 -0.233772
0.5 0.4375 -0.197152
0.5 0.375 -0.144743
0.5625 0.375 -0.11107
0.5625 0.4375 -0.162893
0.5 0.4375 -0.197152
0.5625 0.5 -0.189432
0.5625 0.4375 -0.162893
0.625 0.4375 -0.127165
0.625 0.5 -0.143733
0.5625 0.5 -0.189432
0.5625 0.4375 -0.162893
0.5625 0.40625 -0.137132
0.59375 0.40625 -0.119869
0.59375 0.4375 -0.145245
0.5625 0.4375 -0.162893
0.5625 0.40625 -0.137132
0.5625 0.375 -0.11107
0.59375 0.375 -0.0939607
0.59375 0.40625 -0.119869
0.5625 0.40625 -0.137132
0.59375 0.4375 -0.145245
0.59375 0.40625 -0.119869
0.625 0.40625 -0.102435
0.625 0.4375 -0.127165
0.59375 0.4375 -0.145245
0.59375 0.40625 -0.119869
0.59375 0.375 -0.0939607
0.625 0.375 -0.0767666
0.625 0.40625 -0.102435
0.59375 0.40625 -0.119869
0.5 0.375 -0.144743
0.5 0.34375 -0.118312
0.53125 0.34375 -0.10181
0.53125 0.375 -0.128054
0.5 0.375 -0.144743
0.5 0.34375 -0.118312
0.5 0.3125 -0.0917049
0.53125 0.3125 -0.0755061
0.53125 0.34375 -0.10181
0.5 0.34375 -0.118312
0.53125 0.375 -0.128054
0.53125 0.34375 -0.10181
0.5625 0.34375 -0.0849151
0.5625 0.375 -0.11107
0.53125 0.375 -0.128054
0.53125 0.34375 -0.10181
0.53125 0.3125 -0.0755061
0.5625 0.3125 -0.0587117
0.5625 0.34375 -0.0849151
0.53125 0.34375 -0.10181
0.5 0.3125 -0.0917049
0.5 0.28125 -0.064927
0.53125 0.28125 -0.0491245
0.53125 0.3125 -0.0755061
0.5 0.3125 -0.0917049
0.5 0.28125 -0.064927
0.5 0.25 -0.0378487
0.53125 0.25 -0.0226325
0.53125 0.28125 -0.0491245
0.5 0.28125 -0.064927
0.53125 0.3125 -0.0755061
0.53125 0.28125 -0.0491245
0.5625 0.28125 -0.0324825
0.5625 0.3125 -0.0587117
0.53125 0.3125 -0.0755061
0.53125 0.28125 -0.0491245
0.53125 0.25 -0.0226325
0.5625 0.25 -0.00621945
0.5625 0.28125 -0.0324825
0.53125 0.28125 -0.0491245
0.5625 0.375 -0.11107
0.5625 0.34375 -0.0849151
0.59375 0.34375 -0.0678787
0.59375 0.375 -0.0939607
0.5625 0.375 -0.11107
0.5625 0.34375 -0.0849151
0.5625 0.3125 -0.0587117
0.59375 0.3125 -0.0417135
0.59375 0.34375 -0.0678787
0.5625 0.34375 -0.0849151
0.59375 0.375 -0.0939607
0.59375 0.34375 -0.0678787
0.625 0.34375 -0.0507864
0.625 0.375 -0.0767666
0.59375 0.375 -0.0939607
0.59375 0.34375 -0.0678787
0.59375 0.3125 -0.0417135
0.625 0.3125 -0.0246569
0.625 0.34375 -0.0507864
0.59375 0.34375 -0.0678787
0.5625 0.3125 -0.0587117
0.5625 0.28125 -0.0324825
0.59375 0.28125 -0.0155297
0.59375 0.3125 -0.0417135
0.5625 0.3125 -0.0587117
0.5625 0.28125 -0.0324825
0.5625 0.25 -0.00621945
0.59375 0.25 0.0106819
0.59375 0.28125 -0.0155297
0.5625 0.28125 -0.0324825
0.59375 0.3125 -0.0417135
0.59375 0.28125 -0.0155297
0.625 0.28125 0.00151046
0.625 0.3125 -0.0246569
0.59375 0.3125 -0.0417135
0.59375 0.28125 -0.0155297
0.59375 0.25 0.0106819
0.625 0.25 0.0276988
0.625 0.28125 0.00151046
0.59375 0.28125 -0.0155297
0.625 0.5 -0.143733
0.625 0.46875 -0.137972
0.65625 0.46875 -0.115358
0.65625 0.5 -0.118436
0.625 0.5 -0.143733
0.625 0.46875 -0.137972
0.625 0.4375 -0.127165
0.65625 0.4375 -0.108271
0.65625 0.46875 -0.115358
0.625 0.46875 -0.137972
0.65625 0.5 -0.118436
0.65625 0.46875 -0.115358
0.6875 0.46875 -0.102928
0.6875 0.5 -0.0917217
0.65625 0.5 -0.118436
0.65625 0.46875 -0.115358
0.65625 0.4375 -0.108271
0.6875 0.4375 -0.0881309
0.6875 0.46875 -0.102928
0.65625 0.46875 -0.115358
0.625 0.4375 -0.127165
0.625 0.40625 -0.102435
0.65625 0.40625 -0.0846643
0.65625 0.4375 -0.108271
0.625 0.4375 -0.127165
0.625 0.40625 -0.102435
0.625 0.375 -0.0767666
0.65625 0.375 -0.0594477
0.65625 0.40625 -0.0846643
0.625 0.40625 -0.102435
0.65625 0.4375 -0.108271
0.65625 0.40625 -0.0846643
0.6875 0.40625 -0.0662969
0.6875 0.4375 -0.0881309
0.65625 0.4375 -0.108271
0.65625 0.40625 -0.0846643
0.65625 0.375 -0.0594477
0.6875 0.375 -0.0418992
0.6875 0.40625 -0.0662969
0.65625 0.40625 -0.0846643
0.6875 0.5 -0.0917217
0.6875 0.46875 -0.102928
0.71875 0.46875 -0.0767323
0.71875 0.5 -0.0647111
0.6875 0.5 -0.0917217
0.6875 0.46875 -0.102928
0.6875 0.4375 -0.0881309
0.71875 0.4375 -0.0661846
0.71875 0.46875 -0.0767323
0.6875 0.46875 -0.102928
0.71875 0.5 -0.0647111
0.71875 0.46875 -0.0767323
0.75 0.46875 -0.0485414
0.75 0.5 -0.0371937
0.71875 0.5 -0.0647111
0.71875 0.46875 -0.0767323
0.71875 0.4375 -0.0661846
0.75 0.4375 -0.0419937
0.75 0.46875 -0.0485414
0.71875 0.46875 -0.0767323
0.6875 0.4375 -0.0881309
0.6875 0.40625 -0.0662969
0.71875 0.40625 -0.0468999
0.71875 0.4375 -0.0661846
0.6875 0.4375 -0.0881309
0.6875 0.40625 -0.0662969
0.6875 0.375 -0.0418992
0.71875 0.375 -0.0239893
0.71875 0.40625 -0.0468999
0.6875 0.40625 -0.0662969
0.71875 0.4375 -0.0661846
0.71875 0.40625 -0.0468999
0.75 0.40625 -0.0260401
0.75 0.4375 -0.0419937
0.71875 0.4375 -0.0661846
0.71875 0.40625 -0.0468999
0.71875 0.375 -0.0239893
0.75 0.375 -0.00541793
0.75 0.40625 -0.0260401
0.71875 0.40625 -0.0468999
0.625 0.375 -0.0767666
0.625 0.34375 -0.0507864
0.65625 0.34375 -0.0336542
0.65625 0.375 -0.0594477
0.625 0.375 -0.0767666
0.625 0.34375 -0.0507864
0.625 0.3125 -0.0246569
0.65625 0.3125 -0.00757483
0.65625 0.34375 -0.0336542
0.625 0.34375 -0.0507864
0.65625 0.375 -0.0594477
0.65625 0.34375 -0.0336542
0.6875 0.34375 -0.01647
0.6875 0.375 -0.0418992
0.65625 0.375 -0.0594477
0.65625 0.34375 -0.0336542
0.65625 0.3125 -0.00757483
0.6875 0.3125 0.0095709
0.6875 0.34375 -0.01647
0.65625 0.34375 -0.0336542
0.625 0.3125 -0.0246569
0.625 0.28125 0.00151046
0.65625 0.28125 0.0185823
0.65625 0.3125 -0.00757483
0.625 0.3125 -0.0246569
0.625 0.28125 0.00151046
0.625 0.25 0.0276988
0.65625 0.25 0.0447517
0.65625 0.28125 0.0185823
0.625 0.28125 0.00151046
0.65625 0.3125 -0.00757483
0.65625 0.28125 0.0185823
0.6875 0.28125 0.035695
0.6875 0.3125 0.0095709
0.65625 0.3125 -0.00757483
0.65625 0.28125 0.0185823
0.65625 0.25 0.0447517
0.6875 0.25 0.0618399
0.6875 0.28125 0.035695
0.65625 0.28125 0.0185823
0.6875 0.375 -0.0418992
0.6875 0.34375 -0.01647
0.71875 0.34375 0.000918895
0.71875 0.375 -0.0239893
0.6875 0.375 -0.0418992
0.6875 0.34375 -0.01647
0.6875 0.3125 0.0095709
0.71875 0.3125 0.026857
0.71875 0.34375 0.000918895
0.6875 0.34375 -0.01647
0.71875 0.375 -0.0239893
0.71875 0.34375 0.000918895
0.75 0.34375 0.0191742
0.75 0.375 -0.00541793
0.71875 0.375 -0.0239893
0.71875 0.34375 0.000918895
0.71875 0.3125 0.026857
0.75 0.3125 0.0445847
0.75 0.34375 0.0191742
0.71875 0.34375 0.000918895
0.6875 0.3125 0.0095709
0.6875 0.28125 0.035695
0.71875 0.28125 0.0528926
0.71875 0.3125 0.026857
0.6875 0.3125 0.0095709
0.6875 0.28125 0.035695
0.6875 0.25 0.0618399
0.71875 0.25 0.0789845
0.71875 0.28125 0.0528926
0.6875 0.28125 0.035695
0.71875 0.3125 0.026857
0.71875 0.28125 0.0528926
0.75 0.28125 0.0703365
0.75 0.3125 0.0445847
0.71875 0.3125 0.026857
0.71875 0.28125 0.0528926
0.71875 0.25 0.0789845
0.75 0.25 0.0962713
0.75 0.28125 0.0703365
0.71875 0.28125 0.0528926
0.5 0.25 -0.0378487
0.5 0.21875 -0.010414
0.53125 0.21875 0.00408347
0.53125 0.25 -0.0226325
0.5 0.25 -0.0378487
0.5 0.21875 -0.010414
0.5 0.1875 0.0181579
0.53125 0.1875 0.031506
0.53125 0.21875 0.00408347
0.5 0.21875 -0.010414
0.53125 0.25 -0.0226325
0.53125 0.21875 0.00408347
0.5625 0.21875 0.0202374
0.5625 0.25 -0.00621945
0.53125 0.25 -0.0226325
0.53125 0.21875 0.00408347
0.53125 0.1875 0.031506
0.5625 0.1875 0.0469765
0.5625 0.21875 0.0202374
0.53125 0.21875 0.00408347
0.5 0.1875 0.0181579
0.5 0.15625 0.0477722
0.53125 0.15625 0.0595586
0.53125 0.1875 0.031506
0.5 0.1875 0.0181579
0.5 0.15625 0.0477722
0.5 0.125 0.0777587
0.53125 0.125 0.088185
0.53125 0.15625 0.0595586
0.5 0.15625 0.0477722
0.53125 0.1875 0.031506
0.53125 0.15625 0.0595586
0.5625 0.15625 0.0740833
0.5625 0.1875 0.0469765
0.53125 0.1875 0.031506
0.53125 0.15625 0.0595586
0.53125 0.125 0.088185
0.5625 0.125 0.101618
0.5625 0.15625 0.0740833
0.53125 0.15625 0.0595586
0.5625 0.25 -0.00621945
0.5625 0.21875 0.0202374
0.59375 0.21875 0.036969
0.59375 0.25 0.0106819
0.5625 0.25 -0.00621945
0.5625 0.21875 0.0202374
0.5625 0.1875 0.0469765
0.59375 0.1875 0.0633797
0.59375 0.21875 0.036969
0.5625 0.21875 0.0202374
0.59375 0.25 0.0106819
0.59375 0.21875 0.036969
0.625 0.21875 0.0539158
0.625 0.25 0.0276988
0.59375 0.25 0.0106819
0.59375 0.21875 0.036969
0.59375 0.1875 0.0633797
0.625 0.1875 0.0801847
0.625 0.21875 0.0539158
0.59375 0.21875 0.036969
0.5625 0.1875 0.0469765
0.5625 0.15625 0.0740833
0.59375 0.15625 0.0899827
0.59375 0.1875 0.0633797
0.5625 0.1875 0.0469765
0.5625 0.15625 0.0740833
0.5625 0.125 0.101618
0.59375 0.125 0.11685
0.59375 0.15625 0.0899827
0.5625 0.15625 0.0740833
0.59375 0.1875 0.0633797
0.59375 0.15625 0.0899827
0.625 0.15625 0.106544
0.625 0.1875 0.0801847
0.59375 0.1875 0.0633797
0.59375 0.15625 0.0899827
0.59375 0.125 0.11685
0.625 0.125 0.133044
0.625 0.15625 0.106544
0.59375 0.15625 0.0899827
0.5 0.125 0.0777587
0.5 0.09375 0.10804
0.53125 0.09375 0.117278
0.53125 0.125 0.088185
0.5 0.125 0.0777587
0.5 0.09375 0.10804
0.5 0.0625 0.138497
0.53125 0.0625 0.14671
0.53125 0.09375 0.117278
0.5 0.09375 0.10804
0.53125 0.125 0.088185
0.53125 0.09375 0.117278
0.5625 0.09375 0.129668
0.5625 0.125 0.101618
0.53125 0.125 0.088185
0.53125 0.09375 0.117278
0.53125 0.0625 0.14671
0.5625 0.0625 0.1581
0.5625 0.09375 0.129668
0.53125 0.09375 0.117278
0.5 0.0625 0.138497
0.5 0 0.200148
0.5625 0 0.216816
0.5625 0.0625 0.1581
0.5 0.0625 0.138497
0.5625 0.125 0.101618
0.5625 0.0625 0.1581
0.625 0.0625 0.186909
0.625 0.125 0.133044
0.5625 0.125 0.101618
0.5625 0.0625 0.1581
0.5625 0 0.216816
0.625 0 0.24264
0.625 0.0625 0.186909
0.5625 0.0625 0.1581
0.625 0.25 0.0276988
0.625 0.21875 0.0539158
0.65625 0.21875 0.0709376
0.65625 0.25 0.0447517
0.625 0.25 0.0276988
0.625 0.21875 0.0539158
0.625 0.1875 0.0801847
0.65625 0.1875 0.0971483
0.65625 0.21875 0.0709376
0.625 0.21875 0.0539158
0.65625 0.25 0.0447517
0.65625 0.21875 0.0709376
0.6875 0.21875 0.088
0.6875 0.25 0.0618399
0.65625 0.25 0.0447517
0.65625 0.21875 0.0709376
0.65625 0.1875 0.0971483
0.6875 0.1875 0.114178
0.6875 0.21875 0.088
0.65625 0.21875 0.0709376
0.625 0.1875 0.0801847
0.625 0.15625 0.106544
0.65625 0.15625 0.1234
0.65625 0.1875 0.0971483
0.625 0.1875 0.0801847
0.625 0.15625 0.106544
0.625 0.125 0.133044
0.65625 0.125 0.14972
0.65625 0.15625 0.1234
0.625 0.15625 0.106544
0.65625 0.1875 0.0971483
0.65625 0.15625 0.1234
0.6875 0.15625 0.140381
0.6875 0.1875 0.114178
0.65625 0.1875 0.0971483
0.65625 0.15625 0.1234
0.65625 0.125 0.14972
0.6875 0.125 0.166621
0.6875 0.15625 0.140381
0.65625 0.15625 0.1234
0.6875 0.25 0.0618399
0.6875 0.21875 0.088
0.71875 0.21875 0.105109
0.71875 0.25 0.0789845
0.6875 0.25 0.0618399
0.6875 0.21875 0.088
0.6875 0.1875 0.114178
0.71875 0.1875 0.131255
0.71875 0.21875 0.105109
0.6875 0.21875 0.088
0.71875 0.25 0.0789845
0.71875 0.21875 0.105109
0.75 0.21875 0.122304
0.75 0.25 0.0962713
0.71875 0.25 0.0789845
0.71875 0.21875 0.105109
0.71875 0.1875 0.131255
0.75 0.1875 0.148397
0.75 0.21875 0.122304
0.71875 0.21875 0.105109
0.6875 0.1875 0.114178
0.6875 0.125 0.166621
0.75 0.125 0.20066
0.75 0.1875 0.148397
0.6875 0.1875 0.114178
0.625 0.125 0.133044
0.625 0.0625 0.186909
0.6875 0.0625 0.219429
0.6875 0.125 0.166621
0.625 0.125 0.133044
0.625 0.0625 0.186909
0.625 0 0.24264
0.6875 0 0.273297
0.6875 0.0625 0.219429
0.625 0.0625 0.186909
0.6875 0.125 0.166621
0.6875 0.0625 0.219429
0.75 0.0625 0.25306
0.75 0.125 0.20066
0.6875 0.125 0.166621
0.6875 0.0625 0.219429
0.6875 0 0.273297
0.75 0 0.306017
0.75 0.0625 0.25306
0.6875 0.0625 0.219429
0.75 0.5 -0.0371937
0.75 0.46875 -0.0485414
0.78125 0.46875 -0.0188766
0.78125 0.5 -0.00902125
0.75 0.5 -0.0371937
0.75 0.46875 -0.0485414
0.75 0.4375 -0.0419937
0.78125 0.4375 -0.0155132
0.78125 0.46875 -0.0188766
0.75 0.46875 -0.0485414
0.78125 0.5 -0.00902125
0.78125 0.46875 -0.0188766
0.8125 0.46875 0.0118143
0.8125 0.5 0.0206976
0.78125 0.5 -0.00902125
0.78125 0.46875 -0.0188766
0.78125 0.4375 -0.0155132
0.8125 0.4375 0.0132433
0.8125 0.46875 0.0118143
0.78125 0.46875 -0.0188766
0.75 0.4375 -0.0419937
0.75 0.40625 -0.0260401
0.78125 0.40625 -0.00373586
0.78125 0.4375 -0.0155132
0.75 0.4375 -0.0419937
0.75 0.40625 -0.0260401
0.75 0.375 -0.00541793
0.78125 0.375 0.0158851
0.78125 0.40625 -0.00373586
0.75 0.40625 -0.0260401
0.78125 0.4375 -0.0155132
0.78125 0.40625 -0.00373586
0.8125 0.40625 0.0235585
0.8125 0.4375 0.0132433
0.78125 0.4375 -0.0155132
0.78125 0.40625 -0.00373586
0.78125 0.375 0.0158851
0.8125 0.375 0.0400249
0.8125 0.40625 0.0235585
0.78125 0.40625 -0.00373586
0.8125 0.5 0.0206976
0.8125 0.46875 0.0118143
0.84375 0.46875 0.0430558
0.84375 0.5 0.0512219
0.8125 0.5 0.0206976
0.8125 0.46875 0.0118143
0.8125 0.4375 0.0132433
0.84375 0.4375 0.04408
0.84375 0.46875 0.0430558
0.8125 0.46875 0.0118143
0.84375 0.5 0.0512219
0.84375 0.46875 0.0430558
0.875 0.46875 0.0742895
0.875 0.5 0.0818295
0.84375 0.5 0.0512219
0.84375 0.46875 0.0430558
0.84375 0.4375 0.04408
0.875 0.4375 0.0750381
0.875 0.46875 0.0742895
0.84375 0.46875 0.0430558
0.8125 0.4375 0.0132433
0.8125 0.40625 0.0235585
0.84375 0.40625 0.0524058
0.84375 0.4375 0.04408
0.8125 0.4375 0.0132433
0.8125 0.40625 0.0235585
0.8125 0.375 0.0400249
0.84375 0.375 0.0663692
0.84375 0.40625 0.0524058
0.8125 0.40625 0.0235585
0.84375 0.4375 0.04408
0.84375 0.40625 0.0524058
0.875 0.40625 0.0819465
0.875 0.4375 0.0750381
0.84375 0.4375 0.04408
0.84375 0.40625 0.0524058
0.84375 0.375 0.0663692
0.875 0.375 0.0938185
0.875 0.40625 0.0819465
0.84375 0.40625 0.0524058
0.75 0.375 -0.00541793
0.75 0.34375 0.0191742
0.78125 0.34375 0.038861
0.78125 0.375 0.0158851
0.75 0.375 -0.00541793
0.75 0.34375 0.0191742
0.75 0.3125 0.0445847
0.78125 0.3125 0.0632247
0.78125 0.34375 0.038861
0.75 0.34375 0.0191742
0.78125 0.375 0.0158851
0.78125 0.34375 0.038861
0.8125 0.34375 0.0604717
0.8125 0.375 0.0400249
0.78125 0.375 0.0158851
0.78125 0.34375 0.038861
0.78125 0.3125 0.0632247
0.8125 0.3125 0.0832407
0.8125 0.34375 0.0604717
0.78125 0.34375 0.038861
0.75 0.3125 0.0445847
0.75 0.28125 0.0703365
0.78125 0.28125 0.088333
0.78125 0.3125 0.0632247
0.75 0.3125 0.0445847
0.75 0.28125 0.0703365
0.75 0.25 0.0962713
0.78125 0.25 0.113916
0.78125 0.28125 0.088333
0.75 0.28125 0.0703365
0.78125 0.3125 0.0632247
0.78125 0.28125 0.088333
0.8125 0.28125 0.107279
0.8125 0.3125 0.0832407
0.78125 0.3125 0.0632247
0.78125 0.28125 0.088333
0.78125 0.25 0.113916
0.8125 0.25 0.132173
0.8125 0.28125 0.107279
0.78125 0.28125 0.088333
0.8125 0.375 0.0400249
0.8125 0.34375 0.0604717
0.84375 0.34375 0.084182
0.84375 0.375 0.0663692
0.8125 0.375 0.0400249
0.8125 0.34375 0.0604717
0.8125 0.3125 0.0832407
0.84375 0.3125 0.104916
0.84375 0.34375 0.084182
0.8125 0.34375 0.0604717
0.84375 0.375 0.0663692
0.84375 0.34375 0.084182
0.875 0.34375 0.10957
0.875 0.375 0.0938185
0.84375 0.375 0.0663692
0.84375 0.34375 0.084182
0.84375 0.3125 0.104916
0.875 0.3125 0.128399
0.875 0.34375 0.10957
0.84375 0.34375 0.084182
0.8125 0.3125 0.0832407
0.8125 0.28125 0.107279
0.84375 0.28125 0.127496
0.84375 0.3125 0.104916
0.8125 0.3125 0.0832407
0.8125 0.28125 0.107279
0.8125 0.25 0.132173
0.84375 0.25 0.151384
0.84375 0.28125 0.127496
0.8125 0.28125 0.107279
0.84375 0.3125 0.104916
0.84375 0.28125 0.127496
0.875 0.28125 0.149207
0.875 0.3125 0.128399
0.84375 0.3125 0.104916
0.84375 0.28125 0.127496
0.84375 0.25 0.151384
0.875 0.25 0.171757
0.875 0.28125 0.149207
0.84375 0.28125 0.127496
0.875 0.5 0.0818295
0.875 0.46875 0.0742895
0.90625 0.46875 0.105507
0.90625 0.5 0.112495
0.875 0.5 0.0818295
0.875 0.46875 0.0742895
0.875 0.4375 0.0750381
0.90625 0.4375 0.106028
0.90625 0.46875 0.105507
0.875 0.46875 0.0742895
0.90625 0.5 0.112495
0.90625 0.46875 0.105507
0.9375 0.46875 0.136713
0.9375 0.5 0.143209
0.90625 0.5 0.112495
0.90625 0.46875 0.105507
0.90625 0.4375 0.106028
0.9375 0.4375 0.137038
0.9375 0.46875 0.136713
0.90625 0.46875 0.105507
0.875 0.4375 0.0750381
0.875 0.40625 0.0819465
0.90625 0.40625 0.111887
0.90625 0.4375 0.106028
0.875 0.4375 0.0750381
0.875 0.40625 0.0819465
0.875 0.375 0.0938185
0.90625 0.375 0.122228
0.90625 0.40625 0.111887
0.875 0.40625 0.0819465
0.90625 0.4375 0.106028
0.90625 0.40625 0.111887
0.9375 0.40625 0.14209
0.9375 0.4375 0.137038
0.90625 0.4375 0.106028
0.90625 0.40625 0.111887
0.90625 0.375 0.122228
0.9375 0.375 0.151188
0.9375 0.40625 0.14209
0.90625 0.40625 0.111887
0.9375 0.5 0.143209
0.9375 0.4375 0.137038
1 0.4375 0.199429
1 0.5 0.20562
0.9375 0.5 0.143209
0.9375 0.4375 0.137038
0.9375 0.375 0.151188
1 0.375 0.211041
1 0.4375 0.199429
0.9375 0.4375 0.137038
0.875 0.375 0.0938185
0.875 0.3125 0.128399
0.9375 0.3125 0.179156
0.9375 0.375 0.151188
0.875 0.375 0.0938185
0.875 0.3125 0.128399
0.875 0.25 0.171757
0.9375 0.25 0.216427
0.9375 0.3125 0.179156
0.875 0.3125 0.128399
0.9375 0.375 0.151188
0.9375 0.3125 0.179156
1 0.3125 0.234839
1 0.375 0.211041
0.9375 0.375 0.151188
0.9375 0.3125 0.179156
0.9375 0.25 0.216427
1 0.25 0.267413
1 0.3125 0.234839
0.9375 0.3125 0.179156
0.75 0.25 0.0962713
0.75 0.1875 0.148397
0.8125 0.1875 0.183352
0.8125 0.25 0.132173
0.75 0.25 0.0962713
0.75 0.1875 0.148397
0.75 0.125 0.20066
0.8125 0.125 0.235173
0.8125 0.1875 0.183352
0.75 0.1875 0.148397
0.8125 0.25 0.132173
0.8125 0.1875 0.183352
0.875 0.1875 0.220378
0.875 0.25 0.171757
0.8125 0.25 0.132173
0.8125 0.1875 0.183352
0.8125 0.125 0.235173
0.875 0.125 0.270859
0.875 0.1875 0.220378
0.8125 0.1875 0.183352
0.75 0.125 0.20066
0.75 0 0.306017
0.875 0 0.3743
0.875 0.125 0.270859
0.75 0.125 0.20066
0.875 0.25 0.171757
0.875 0.1875 0.220378
0.9375 0.1875 0.260784
0.9375 0.25 0.216427
0.875 0.25 0.171757
0.875 0.1875 0.220378
0.875 0.125 0.270859
0.9375 0.125 0.308737
0.9375 0.1875 0.260784
0.875 0.1875 0.220378
0.9375 0.25 0.216427
0.9375 0.1875 0.260784
1 0.1875 0.307119
1 0.25 0.267413
0.9375 0.25 0.216427
0.9375 0.1875 0.260784
0.9375 0.125 0.308737
1 0.125 0.35115
1 0.1875 0.307119
0.9375 0.1875 0.260784
0.875 0.125 0.270859
0.875 0 0.3743
1 0 0.450359
1 0.125 0.35115
0.875 0.125 0.270859
