0 1 0.447925
0 0.875 0.371715
0.125 0.875 0.260617
0.125 1 0.348913
0 1 0.447925
0 0.875 0.371715
0 0.75 0.308156
0.125 0.75 0.190615
0.125 0.875 0.260617
0 0.875 0.371715
0.125 1 0.348913
0.125 0.9375 0.303325
0.1875 0.9375 0.258901
0.1875 1 0.308875
0.125 1 0.348913
0.125 0.9375 0.303325
0.125 0.875 0.260617
0.1875 0.875 0.211439
0.1875 0.9375 0.258901
0.125 0.9375 0.303325
0.1875 1 0.308875
0.1875 0.9375 0.258901
0.25 0.9375 0.219345
0.25 1 0.274075
0.1875 1 0.308875
0.1875 0.9375 0.258901
0.1875 0.875 0.211439
0.25 0.875 0.166495
0.25 0.9375 0.219345
0.1875 0.9375 0.258901
0.125 0.875 0.260617
0.125 0.8125 0.222632
0.1875 0.8125 0.16826
0.1875 0.875 0.211439
0.125 0.875 0.260617
0.125 0.8125 0.222632
0.125 0.75 0.190615
0.1875 0.75 0.132851
0.1875 0.8125 0.16826
0.125 0.8125 0.222632
0.1875 0.875 0.211439
0.1875 0.8125 0.16826
0.25 0.8125 0.118833
0.25 0.875 0.166495
0.1875 0.875 0.211439
0.1875 0.8125 0.16826
0.1875 0.78125 0.149622
0.21875 0.78125 0.1231
0.21875 0.8125 0.143059
0.1875 0.8125 0.16826
0.1875 0.78125 0.149622
0.1875 0.75 0.132851
0.21875 0.75 0.105089
0.21875 0.78125 0.1231
0.1875 0.78125 0.149622
0.21875 0.8125 0.143059
0.21875 0.78125 0.1231
0.25 0.78125 0.0973188
0.25 0.8125 0.118833
0.21875 0.8125 0.143059
0.21875 0.78125 0.1231
0.21875 0.75 0.105089
0.25 0.75 0.0778017
0.25 0.78125 0.0973188
0.21875 0.78125 0.1231
0 0.75 0.308156
0 0.6875 0.285139
0.0625 0.6875 0.224693
0.0625 0.75 0.249028
0 0.75 0.308156
0 0.6875 0.285139
0 0.625 0.267653
0.0625 0.625 0.206487
0.0625 0.6875 0.224693
0 0.6875 0.285139
0.0625 0.75 0.249028
0.0625 0.6875 0.224693
0.125 0.6875 0.164613
0.125 0.75 0.190615
0.0625 0.75 0.249028
0.0625 0.6875 0.224693
0.0625 0.625 0.206487
0.125 0.625 0.145574
0.125 0.6875 0.164613
0.0625 0.6875 0.224693
0 0.625 0.267653
0 0.5625 0.25326
0.0625 0.5625 0.191531
0.0625 0.625 0.206487
0 0.625 0.267653
0 0.5625 0.25326
0 0.5 0.241912
0.0625 0.5 0.179628
0.0625 0.5625 0.191531
0 0.5625 0.25326
0.0625 0.625 0.206487
0.0625 0.5625 0.191531
0.125 0.5625 0.129997
0.125 0.625 0.145574
0.0625 0.625 0.206487
0.0625 0.5625 0.191531
0.0625 0.5 0.179628
0.125 0.5 0.117378
0.125 0.5625 0.129997
0.0625 0.5625 0.191531
0.125 0.75 0.190615
0.125 0.6875 0.164613
0.1875 0.6875 0.105299
0.1875 0.75 0.132851
0.125 0.75 0.190615
0.125 0.6875 0.164613
0.125 0.65625 0.154488
0.15625 0.65625 0.124442
0.15625 0.6875 0.134909
0.125 0.6875 0.164613
0.125 0.65625 0.154488
0.125 0.625 0.145574
0.15625 0.625 0.115333
0.15625 0.65625 0.124442
0.125 0.65625 0.154488
0.15625 0.6875 0.134909
0.15625 0.65625 0.124442
0.1875 0.65625 0.094449
0.1875 0.6875 0.105299
0.15625 0.6875 0.134909
0.15625 0.65625 0.124442
0.15625 0.625 0.115333
0.1875 0.625 0.0851331
0.1875 0.65625 0.094449
0.15625 0.65625 0.124442
0.1875 0.75 0.132851
0.1875 0.71875 0.118054
0.21875 0.71875 0.0892563
0.21875 0.75 0.105089
0.1875 0.75 0.132851
0.1875 0.71875 0.118054
0.1875 0.6875 0.105299
0.21875 0.6875 0.0757921
0.21875 0.71875 0.0892563
0.1875 0.71875 0.118054
0.21875 0.75 0.105089
0.21875 0.71875 0.0892563
0.25 0.71875 0.0606937
0.25 0.75 0.0778017
0.21875 0.75 0.105089
0.21875 0.71875 0.0892563
0.21875 0.6875 0.0757921
0.25 0.6875 0.0463908
0.25 0.71875 0.0606937
0.21875 0.71875 0.0892563
0.1875 0.6875 0.105299
0.1875 0.65625 0.094449
0.21875 0.65625 0.0645092
0.21875 0.6875 0.0757921
0.1875 0.6875 0.105299
0.1875 0.65625 0.094449
0.1875 0.625 0.0851331
0.21875 0.625 0.0549735
0.21875 0.65625 0.0645092
0.1875 0.65625 0.094449
0.21875 0.6875 0.0757921
0.21875 0.65625 0.0645092
0.25 0.65625 0.0346234
0.25 0.6875 0.0463908
0.21875 0.6875 0.0757921
0.21875 0.65625 0.0645092
0.21875 0.625 0.0549735
0.25 0.625 0.0248537
0.25 0.65625 0.0346234
0.21875 0.65625 0.0645092
0.125 0.625 0.145574
0.125 0.59375 0.137481
0.15625 0.59375 0.10709
0.15625 0.625 0.115333
0.125 0.625 0.145574
0.125 0.59375 0.137481
0.125 0.5625 0.129997
0.15625 0.5625 0.0994368
0.15625 0.59375 0.10709
0.125 0.59375 0.137481
0.15625 0.625 0.115333
0.15625 0.59375 0.10709
0.1875 0.59375 0.076741
0.1875 0.625 0.0851331
0.15625 0.625 0.115333
0.15625 0.59375 0.10709
0.15625 0.5625 0.0994368
0.1875 0.5625 0.0689224
0.1875 0.59375 0.076741
0.15625 0.59375 0.10709
0.125 0.5625 0.129997
0.125 0.53125 0.12323
0.15625 0.53125 0.0924709
0.15625 0.5625 0.0994368
0.125 0.5625 0.129997
0.125 0.53125 0.12323
0.125 0.5 0.117378
0.15625 0.5 0.0864117
0.15625 0.53125 0.0924709
0.125 0.53125 0.12323
0.15625 0.5625 0.0994368
0.15625 0.53125 0.0924709
0.1875 0.53125 0.0617494
0.1875 0.5625 0.0689224
0.15625 0.5625 0.0994368
0.15625 0.53125 0.0924709
0.15625 0.5 0.0864117
0.1875 0.5 0.0554683
0.1875 0.53125 0.0617494
0.15625 0.53125 0.0924709
0.1875 0.625 0.0851331
0.1875 0.59375 0.076741
0.21875 0.59375 0.0464327
0.21875 0.625 0.0549735
0.1875 0.625 0.0851331
0.1875 0.59375 0.076741
0.1875 0.5625 0.0689224
0.21875 0.5625 0.0384596
0.21875 0.59375 0.0464327
0.1875 0.59375 0.076741
0.21875 0.625 0.0549735
0.21875 0.59375 0.0464327
0.25 0.59375 0.0161629
0.25 0.625 0.0248537
0.21875 0.625 0.0549735
0.21875 0.59375 0.0464327
0.21875 0.5625 0.0384596
0.25 0.5625 0.00805454
0.25 0.59375 0.0161629
0.21875 0.59375 0.0464327
0.1875 0.5625 0.0689224
0.1875 0.53125 0.0617494
0.21875 0.53125 0.0310712
0.21875 0.5625 0.0384596
0.1875 0.5625 0.0689224
0.1875 0.53125 0.0617494
0.1875 0.5 0.0554683
0.21875 0.5 0.0245534
0.21875 0.53125 0.0310712
0.1875 0.53125 0.0617494
0.21875 0.5625 0.0384596
0.21875 0.53125 0.0310712
0.25 0.53125 0.000443398
0.25 0.5625 0.00805454
0.21875 0.5625 0.0384596
0.21875 0.53125 0.0310712
0.21875 0.5 0.0245534
0.25 0.5 -0.00625359
0.25 0.53125 0.000443398
0.21875 0.53125 0.0310712
0.25 1 0.274075
0.25 0.9375 0.219345
0.3125 0.9375 0.189523
0.3125 1 0.248794
0.25 1 0.274075
0.25 0.9375 0.219345
0.25 0.875 0.166495
0.3125 0.875 0.13115
0.3125 0.9375 0.189523
0.25 0.9375 0.219345
0.3125 1 0.248794
0.3125 0.9375 0.189523
0.375 0.9375 0.172522
0.375 1 0.234621
0.3125 1 0.248794
0.3125 0.9375 0.189523
0.3125 0.875 0.13115
0.375 0.875 0.110493
0.375 0.9375 0.172522
0.3125 0.9375 0.189523
0.25 0.875 0.166495
0.25 0.84375 0.141995
0.28125 0.84375 0.121366
0.28125 0.875 0.147608
0.25 0.875 0.166495
0.25 0.84375 0.141995
0.25 0.8125 0.118833
0.28125 0.8125 0.0963291
0.28125 0.84375 0.121366
0.25 0.84375 0.141995
0.28125 0.875 0.147608
0.28125 0.84375 0.121366
0.3125 0.84375 0.103136
0.3125 0.875 0.13115
0.28125 0.875 0.147608
0.28125 0.84375 0.121366
0.28125 0.8125 0.0963291
0.3125 0.8125 0.0760284
0.3125 0.84375 0.103136
0.28125 0.84375 0.121366
0.25 0.8125 0.118833
0.25 0.78125 0.0973188
0.28125 0.78125 0.0728189
0.28125 0.8125 0.0963291
0.25 0.8125 0.118833
0.25 0.78125 0.0973188
0.25 0.75 0.0778017
0.28125 0.75 0.0513183
0.28125 0.78125 0.0728189
0.25 0.78125 0.0973188
0.28125 0.8125 0.0963291
0.28125 0.78125 0.0728189
0.3125 0.78125 0.0501553
0.3125 0.8125 0.0760284
0.28125 0.8125 0.0963291
0.28125 0.78125 0.0728189
0.28125 0.75 0.0513183
0.3125 0.75 0.0260618
0.3125 0.78125 0.0501553
0.28125 0.78125 0.0728189
0.3125 0.875 0.13115
0.3125 0.84375 0.103136
0.34375 0.84375 0.0887887
0.34375 0.875 0.118475
0.3125 0.875 0.13115
0.3125 0.84375 0.103136
0.3125 0.8125 0.0760284
0.34375 0.8125 0.0595467
0.34375 0.84375 0.0887887
0.3125 0.84375 0.103136
0.34375 0.875 0.118475
0.34375 0.84375 0.0887887
0.375 0.84375 0.0797164
0.375 0.875 0.110493
0.34375 0.875 0.118475
0.34375 0.84375 0.0887887
0.34375 0.8125 0.0595467
0.375 0.8125 0.0490841
0.375 0.84375 0.0797164
0.34375 0.84375 0.0887887
0.3125 0.8125 0.0760284
0.3125 0.78125 0.0501553
0.34375 0.78125 0.0309594
0.34375 0.8125 0.0595467
0.3125 0.8125 0.0760284
0.3125 0.78125 0.0501553
0.3125 0.75 0.0260618
0.34375 0.75 0.00342952
0.34375 0.78125 0.0309594
0.3125 0.78125 0.0501553
0.34375 0.8125 0.0595467
0.34375 0.78125 0.0309594
0.375 0.78125 0.0186376
0.375 0.8125 0.0490841
0.34375 0.8125 0.0595467
0.34375 0.78125 0.0309594
0.34375 0.75 0.00342952
0.375 0.75 -0.0112749
0.375 0.78125 0.0186376
0.34375 0.78125 0.0309594
0.375 1 0.234621
0.375 0.9375 0.172522
0.4375 0.9375 0.169851
0.4375 1 0.232313
0.375 1 0.234621
0.375 0.9375 0.172522
0.375 0.875 0.110493
0.4375 0.875 0.107396
0.4375 0.9375 0.169851
0.375 0.9375 0.172522
0.4375 1 0.232313
0.4375 0.9375 0.169851
0.5 0.9375 0.177578
0.5 1 0.239367
0.4375 1 0.232313
0.4375 0.9375 0.169851
0.4375 0.875 0.107396
0.5 0.875 0.115864
0.5 0.9375 0.177578
0.4375 0.9375 0.169851
0.375 0.875 0.110493
0.375 0.84375 0.0797164
0.40625 0.84375 0.0755922
0.40625 0.875 0.10683
0.375 0.875 0.110493
0.375 0.84375 0.0797164
0.375 0.8125 0.0490841
0.40625 0.8125 0.0443579
0.40625 0.84375 0.0755922
0.375 0.84375 0.0797164
0.40625 0.875 0.10683
0.40625 0.84375 0.0755922
0.4375 0.84375 0.0762017
0.4375 0.875 0.107396
0.40625 0.875 0.10683
0.40625 0.84375 0.0755922
0.40625 0.8125 0.0443579
0.4375 0.8125 0.0450191
0.4375 0.84375 0.0762017
0.40625 0.84375 0.0755922
0.375 0.8125 0.0490841
0.375 0.78125 0.0186376
0.40625 0.78125 0.0131228
0.40625 0.8125 0.0443579
0.375 0.8125 0.0490841
0.375 0.78125 0.0186376
0.375 0.75 -0.0112749
0.40625 0.75 -0.0180524
0.40625 0.78125 0.0131228
0.375 0.78125 0.0186376
0.40625 0.8125 0.0443579
0.40625 0.78125 0.0131228
0.4375 0.78125 0.0138457
0.4375 0.8125 0.0450191
0.40625 0.8125 0.0443579
0.40625 0.78125 0.0131228
0.40625 0.75 -0.0180524
0.4375 0.75 -0.0172673
0.4375 0.78125 0.0138457
0.40625 0.78125 0.0131228
0.4375 0.875 0.107396
0.4375 0.84375 0.0762017
0.46875 0.84375 0.0797866
0.46875 0.875 0.110767
0.4375 0.875 0.107396
0.4375 0.84375 0.0762017
0.4375 0.8125 0.0450191
0.46875 0.8125 0.0488393
0.46875 0.84375 0.0797866
0.4375 0.84375 0.0762017
0.46875 0.875 0.110767
0.46875 0.84375 0.0797866
0.5 0.84375 0.0851084
0.5 0.875 0.115864
0.46875 0.875 0.110767
0.46875 0.84375 0.0797866
0.46875 0.8125 0.0488393
0.5 0.8125 0.0543944
0.5 0.84375 0.0851084
0.46875 0.84375 0.0797866
0.4375 0.8125 0.0450191
0.4375 0.78125 0.0138457
0.46875 0.78125 0.0179262
0.46875 0.8125 0.0488393
0.4375 0.8125 0.0450191
0.4375 0.78125 0.0138457
0.4375 0.75 -0.0172673
0.46875 0.75 -0.0129086
0.46875 0.78125 0.0179262
0.4375 0.78125 0.0138457
0.46875 0.8125 0.0488393
0.46875 0.78125 0.0179262
0.5 0.78125 0.023722
0.5 0.8125 0.0543944
0.46875 0.8125 0.0488393
0.46875 0.78125 0.0179262
0.46875 0.75 -0.0129086
0.5 0.75 -0.00688982
0.5 0.78125 0.023722
0.46875 0.78125 0.0179262
0.25 0.75 0.0778017
0.25 0.71875 0.0606937
0.28125 0.71875 0.0324638
0.28125 0.75 0.0513183
0.25 0.75 0.0778017
0.25 0.71875 0.0606937
0.25 0.6875 0.0463908
0.28125 0.6875 0.0171226
0.28125 0.71875 0.0324638
0.25 0.71875 0.0606937
0.28125 0.75 0.0513183
0.28125 0.71875 0.0324638
0.3125 0.71875 0.0046438
0.3125 0.75 0.0260618
0.28125 0.75 0.0513183
0.28125 0.71875 0.0324638
0.28125 0.6875 0.0171226
0.3125 0.6875 -0.0114071
0.3125 0.71875 0.0046438
0.28125 0.71875 0.0324638
0.25 0.6875 0.0463908
0.25 0.65625 0.0346234
0.28125 0.65625 0.00479756
0.28125 0.6875 0.0171226
0.25 0.6875 0.0463908
0.25 0.65625 0.0346234
0.25 0.625 0.0248537
0.28125 0.625 -0.0051652
0.28125 0.65625 0.00479756
0.25 0.65625 0.0346234
0.28125 0.6875 0.0171226
0.28125 0.65625 0.00479756
0.3125 0.65625 -0.0244356
0.3125 0.6875 -0.0114071
0.28125 0.6875 0.0171226
0.28125 0.65625 0.00479756
0.28125 0.625 -0.0051652
0.3125 0.625 -0.0349449
0.3125 0.65625 -0.0244356
0.28125 0.65625 0.00479756
0.3125 0.75 0.0260618
0.3125 0.71875 0.0046438
0.34375 0.71875 -0.0199127
0.34375 0.75 0.00342952
0.3125 0.75 0.0260618
0.3125 0.71875 0.0046438
0.3125 0.6875 -0.0114071
0.34375 0.6875 -0.0385664
0.34375 0.71875 -0.0199127
0.3125 0.71875 0.0046438
0.34375 0.75 0.00342952
0.34375 0.71875 -0.0199127
0.375 0.71875 -0.0389991
0.375 0.75 -0.0112749
0.34375 0.75 0.00342952
0.34375 0.71875 -0.0199127
0.34375 0.6875 -0.0385664
0.375 0.6875 -0.06266
0.375 0.71875 -0.0389991
0.34375 0.71875 -0.0199127
0.3125 0.6875 -0.0114071
0.3125 0.65625 -0.0244356
0.34375 0.65625 -0.0531348
0.34375 0.6875 -0.0385664
0.3125 0.6875 -0.0114071
0.3125 0.65625 -0.0244356
0.3125 0.625 -0.0349449
0.34375 0.625 -0.0645107
0.34375 0.65625 -0.0531348
0.3125 0.65625 -0.0244356
0.34375 0.6875 -0.0385664
0.34375 0.65625 -0.0531348
0.375 0.65625 -0.0807819
0.375 0.6875 -0.06266
0.34375 0.6875 -0.0385664
0.34375 0.65625 -0.0531348
0.34375 0.625 -0.0645107
0.375 0.625 -0.0937338
0.375 0.65625 -0.0807819
0.34375 0.65625 -0.0531348
0.25 0.625 0.0248537
0.25 0.59375 0.0161629
0.28125 0.59375 -0.0139944
0.28125 0.625 -0.0051652
0.25 0.625 0.0248537
0.25 0.59375 0.0161629
0.25 0.5625 0.00805454
0.28125 0.5625 -0.0222207
0.28125 0.59375 -0.0139944
0.25 0.59375 0.0161629
0.28125 0.625 -0.0051652
0.28125 0.59375 -0.0139944
0.3125 0.59375 -0.0440412
0.3125 0.625 -0.0349449
0.28125 0.625 -0.0051652
0.28125 0.59375 -0.0139944
0.28125 0.5625 -0.0222207
0.3125 0.5625 -0.0524231
0.3125 0.59375 -0.0440412
0.28125 0.59375 -0.0139944
0.25 0.5625 0.00805454
0.25 0.53125 0.000443398
0.28125 0.53125 -0.0299235
0.28125 0.5625 -0.0222207
0.25 0.5625 0.00805454
0.25 0.53125 0.000443398
0.25 0.5 -0.00625359
0.28125 0.5 -0.0368412
0.28125 0.53125 -0.0299235
0.25 0.53125 0.000443398
0.28125 0.5625 -0.0222207
0.28125 0.53125 -0.0299235
0.3125 0.53125 -0.0602593
0.3125 0.5625 -0.0524231
0.28125 0.5625 -0.0222207
0.28125 0.53125 -0.0299235
0.28125 0.5 -0.0368412
0.3125 0.5 -0.0673766
0.3125 0.53125 -0.0602593
0.28125 0.53125 -0.0299235
0.3125 0.625 -0.0349449
0.3125 0.59375 -0.0440412
0.34375 0.59375 -0.0740018
0.34375 0.625 -0.0645107
0.3125 0.625 -0.0349449
0.3125 0.59375 -0.0440412
0.3125 0.5625 -0.0524231
0.34375 0.5625 -0.0825803
0.34375 0.59375 -0.0740018
0.3125 0.59375 -0.0440412
0.34375 0.625 -0.0645107
0.34375 0.59375 -0.0740018
0.375 0.59375 -0.103844
0.375 0.625 -0.0937338
0.34375 0.625 -0.0645107
0.34375 0.59375 -0.0740018
0.34375 0.5625 -0.0825803
0.375 0.5625 -0.112684
0.375 0.59375 -0.103844
0.34375 0.59375 -0.0740018
0.3125 0.5625 -0.0524231
0.3125 0.53125 -0.0602593
0.34375 0.53125 -0.0905652
0.34375 0.5625 -0.0825803
0.3125 0.5625 -0.0524231
0.3125 0.53125 -0.0602593
0.3125 0.5 -0.0673766
0.34375 0.5 -0.0978647
0.34375 0.53125 -0.0905652
0.3125 0.53125 -0.0602593
0.34375 0.5625 -0.0825803
0.34375 0.53125 -0.0905652
0.375 0.53125 -0.120841
0.375 0.5625 -0.112684
0.34375 0.5625 -0.0825803
0.34375 0.53125 -0.0905652
0.34375 0.5 -0.0978647
0.375 0.5 -0.128314
0.375 0.53125 -0.120841
0.34375 0.53125 -0.0905652
0.375 0.75 -0.0112749
0.375 0.71875 -0.0389991
0.40625 0.71875 -0.0489633
0.40625 0.75 -0.0180524
0.375 0.75 -0.0112749
0.375 0.71875 -0.0389991
0.375 0.6875 -0.06266
0.40625 0.6875 -0.0785578
0.40625 0.71875 -0.0489633
0.375 0.71875 -0.0389991
0.40625 0.75 -0.0180524
0.40625 0.71875 -0.0489633
0.4375 0.71875 -0.0482995
0.4375 0.75 -0.0172673
0.40625 0.75 -0.0180524
0.40625 0.71875 -0.0489633
0.40625 0.6875 -0.0785578
0.4375 0.6875 -0.0792883
0.4375 0.71875 -0.0482995
0.40625 0.71875 -0.0489633
0.375 0.6875 -0.06266
0.375 0.65625 -0.0807819
0.40625 0.65625 -0.103924
0.40625 0.6875 -0.0785578
0.375 0.6875 -0.06266
0.375 0.65625 -0.0807819
0.375 0.625 -0.0937338
0.40625 0.625 -0.121403
0.40625 0.65625 -0.103924
0.375 0.65625 -0.0807819
0.40625 0.6875 -0.0785578
0.40625 0.65625 -0.103924
0.4375 0.65625 -0.110231
0.4375 0.6875 -0.0792883
0.40625 0.6875 -0.0785578
0.40625 0.65625 -0.103924
0.40625 0.625 -0.121403
0.4375 0.625 -0.139431
0.4375 0.65625 -0.110231
0.40625 0.65625 -0.103924
0.4375 0.75 -0.0172673
0.4375 0.71875 -0.0482995
0.46875 0.71875 -0.0436434
0.46875 0.75 -0.0129086
0.4375 0.75 -0.0172673
0.4375 0.71875 -0.0482995
0.4375 0.6875 -0.0792883
0.46875 0.6875 -0.0743333
0.46875 0.71875 -0.0436434
0.4375 0.71875 -0.0482995
0.46875 0.75 -0.0129086
0.46875 0.71875 -0.0436434
0.5 0.71875 -0.0374068
0.5 0.75 -0.00688982
0.46875 0.75 -0.0129086
0.46875 0.71875 -0.0436434
0.46875 0.6875 -0.0743333
0.5 0.6875 -0.0678822
0.5 0.71875 -0.0374068
0.46875 0.71875 -0.0436434
0.4375 0.6875 -0.0792883
0.4375 0.65625 -0.110231
0.46875 0.65625 -0.104978
0.46875 0.6875 -0.0743333
0.4375 0.6875 -0.0792883
0.4375 0.65625 -0.110231
0.4375 0.625 -0.139431
0.46875 0.625 -0.135575
0.46875 0.65625 -0.104978
0.4375 0.65625 -0.110231
0.46875 0.6875 -0.0743333
0.46875 0.65625 -0.104978
0.5 0.65625 -0.0983195
0.5 0.6875 -0.0678822
0.46875 0.6875 -0.0743333
0.46875 0.65625 -0.104978
0.46875 0.625 -0.135575
0.5 0.625 -0.128705
0.5 0.65625 -0.0983195
0.46875 0.65625 -0.104978
0.375 0.625 -0.0937338
0.375 0.5625 -0.112684
0.4375 0.5625 -0.171866
0.4375 0.625 -0.139431
0.375 0.625 -0.0937338
0.375 0.5625 -0.112684
0.375 0.5 -0.128314
0.4375 0.5 -0.183465
0.4375 0.5625 -0.171866
0.375 0.5625 -0.112684
0.4375 0.625 -0.139431
0.4375 0.5625 -0.171866
0.5 0.5625 -0.189996
0.5 0.625 -0.128705
0.4375 0.625 -0.139431
0.4375 0.5625 -0.171866
0.4375 0.5 -0.183465
0.5 0.5 -0.227335
0.5 0.5625 -0.189996
0.4375 0.5625 -0.171866
0 0.5 0.241912
0 0.4375 0.234591
0.0625 0.4375 0.172074
0.0625 0.5 0.179628
0 0.5 0.241912
0 0.4375 0.234591
0 0.375 0.237624
0.0625 0.375 0.175695
0.0625 0.4375 0.172074
0 0.4375 0.234591
0.0625 0.5 0.179628
0.0625 0.4375 0.172074
0.125 0.4375 0.109573
0.125 0.5 0.117378
0.0625 0.5 0.179628
0.0625 0.4375 0.172074
0.0625 0.375 0.175695
0.125 0.375 0.114089
0.125 0.4375 0.109573
0.0625 0.4375 0.172074
0 0.375 0.237624
0 0.3125 0.25096
0.0625 0.3125 0.191147
0.0625 0.375 0.175695
0 0.375 0.237624
0 0.3125 0.25096
0 0.25 0.273721
0.0625 0.25 0.217458
0.0625 0.3125 0.191147
0 0.3125 0.25096
0.0625 0.375 0.175695
0.0625 0.3125 0.191147
0.125 0.3125 0.133254
0.125 0.375 0.114089
0.0625 0.375 0.175695
0.0625 0.3125 0.191147
0.0625 0.25 0.217458
0.125 0.25 0.165099
0.125 0.3125 0.133254
0.0625 0.3125 0.191147
0.125 0.5 0.117378
0.125 0.46875 0.112708
0.15625 0.46875 0.0815516
0.15625 0.5 0.0864117
0.125 0.5 0.117378
0.125 0.46875 0.112708
0.125 0.4375 0.109573
0.15625 0.4375 0.078325
0.15625 0.46875 0.0815516
0.125 0.46875 0.112708
0.15625 0.5 0.0864117
0.15625 0.46875 0.0815516
0.1875 0.46875 0.0503978
0.1875 0.5 0.0554683
0.15625 0.5 0.0864117
0.15625 0.46875 0.0815516
0.15625 0.4375 0.078325
0.1875 0.4375 0.0470772
0.1875 0.46875 0.0503978
0.15625 0.46875 0.0815516
0.125 0.4375 0.109573
0.125 0.40625 0.110032
0.15625 0.40625 0.0788867
0.15625 0.4375 0.078325
0.125 0.4375 0.109573
0.125 0.40625 0.110032
0.125 0.375 0.114089
0.15625 0.375 0.0835117
0.15625 0.40625 0.0788867
0.125 0.40625 0.110032
0.15625 0.4375 0.078325
0.15625 0.40625 0.0788867
0.1875 0.40625 0.0477493
0.1875 0.4375 0.0470772
0.15625 0.4375 0.078325
0.15625 0.40625 0.0788867
0.15625 0.375 0.0835117
0.1875 0.375 0.0530686
0.1875 0.40625 0.0477493
0.15625 0.40625 0.0788867
0.1875 0.5 0.0554683
0.1875 0.46875 0.0503978
0.21875 0.46875 0.0192449
0.21875 0.5 0.0245534
0.1875 0.5 0.0554683
0.1875 0.46875 0.0503978
0.1875 0.4375 0.0470772
0.21875 0.4375 0.0158281
0.21875 0.46875 0.0192449
0.1875 0.46875 0.0503978
0.21875 0.5 0.0245534
0.21875 0.46875 0.0192449
0.25 0.46875 -0.0117799
0.25 0.5 -0.00625359
0.21875 0.5 0.0245534
0.21875 0.46875 0.0192449
0.21875 0.4375 0.0158281
0.25 0.4375 -0.0152874
0.25 0.46875 -0.0117799
0.21875 0.46875 0.0192449
0.1875 0.4375 0.0470772
0.1875 0.40625 0.0477493
0.21875 0.40625 0.0166207
0.21875 0.4375 0.0158281
0.1875 0.4375 0.0470772
0.1875 0.40625 0.0477493
0.1875 0.375 0.0530686
0.21875 0.375 0.0228994
0.21875 0.40625 0.0166207
0.1875 0.40625 0.0477493
0.21875 0.4375 0.0158281
0.21875 0.40625 0.0166207
0.25 0.40625 -0.0137147
0.25 0.4375 -0.0152874
0.21875 0.4375 0.0158281
0.21875 0.40625 0.0166207
0.21875 0.375 0.0228994
0.25 0.375 -0.00630133
0.25 0.40625 -0.0137147
0.21875 0.40625 0.0166207
0.125 0.375 0.114089
0.125 0.34375 0.121889
0.15625 0.34375 0.0923183
0.15625 0.375 0.0835117
0.125 0.375 0.114089
0.125 0.34375 0.121889
0.125 0.3125 0.133254
0.15625 0.3125 0.105276
0.15625 0.34375 0.0923183
0.125 0.34375 0.121889
0.15625 0.375 0.0835117
0.15625 0.34375 0.0923183
0.1875 0.34375 0.0633539
0.1875 0.375 0.0530686
0.15625 0.375 0.0835117
0.15625 0.34375 0.0923183
0.15625 0.3125 0.105276
0.1875 0.3125 0.0781943
0.1875 0.34375 0.0633539
0.15625 0.34375 0.0923183
0.125 0.3125 0.133254
0.125 0.28125 0.14787
0.15625 0.28125 0.12145
0.15625 0.3125 0.105276
0.125 0.3125 0.133254
0.125 0.28125 0.14787
0.125 0.25 0.165099
0.15625 0.25 0.140335
0.15625 0.28125 0.12145
0.125 0.28125 0.14787
0.15625 0.3125 0.105276
0.15625 0.28125 0.12145
0.1875 0.28125 0.0963681
0.1875 0.3125 0.0781943
0.15625 0.3125 0.105276
0.15625 0.28125 0.12145
0.15625 0.25 0.140335
0.1875 0.25 0.117119
0.1875 0.28125 0.0963681
0.15625 0.28125 0.12145
0.1875 0.375 0.0530686
0.1875 0.34375 0.0633539
0.21875 0.34375 0.0350575
0.21875 0.375 0.0228994
0.1875 0.375 0.0530686
0.1875 0.34375 0.0633539
0.1875 0.3125 0.0781943
0.21875 0.3125 0.0522309
0.21875 0.34375 0.0350575
0.1875 0.34375 0.0633539
0.21875 0.375 0.0228994
0.21875 0.34375 0.0350575
0.25 0.34375 0.00814322
0.25 0.375 -0.00630133
0.21875 0.375 0.0228994
0.21875 0.34375 0.0350575
0.21875 0.3125 0.0522309
0.25 0.3125 0.0282319
0.25 0.34375 0.00814322
0.21875 0.34375 0.0350575
0.1875 0.3125 0.0781943
0.1875 0.28125 0.0963681
0.21875 0.28125 0.07272
0.21875 0.3125 0.0522309
0.1875 0.3125 0.0781943
0.1875 0.28125 0.0963681
0.1875 0.25 0.117119
0.21875 0.25 0.0955219
0.21875 0.28125 0.07272
0.1875 0.28125 0.0963681
0.21875 0.3125 0.0522309
0.21875 0.28125 0.07272
0.25 0.28125 0.051374
0.25 0.3125 0.0282319
0.21875 0.3125 0.0522309
0.21875 0.28125 0.07272
0.21875 0.25 0.0955219
0.25 0.25 0.0763982
0.25 0.28125 0.051374
0.21875 0.28125 0.07272
0 0.25 0.273721
0 0.1875 0.305265
0.0625 0.1875 0.253061
0.0625 0.25 0.217458
0 0.25 0.273721
0 0.1875 0.305265
0 0.125 0.342365
0.0625 0.125 0.294295
0.0625 0.1875 0.253061
0 0.1875 0.305265
0.0625 0.25 0.217458
0.0625 0.1875 0.253061
0.125 0.1875 0.206106
0.125 0.25 0.165099
0.0625 0.25 0.217458
0.0625 0.1875 0.253061
0.0625 0.125 0.294295
0.125 0.125 0.25253
0.125 0.1875 0.206106
0.0625 0.1875 0.253061
0 0.125 0.342365
0 0 0.438367
0.125 0 0.358369
0.125 0.125 0.25253
0 0.125 0.342365
0.125 0.25 0.165099
0.125 0.1875 0.206106
0.1875 0.1875 0.163795
0.1875 0.25 0.117119
0.125 0.25 0.165099
0.125 0.1875 0.206106
0.125 0.125 0.25253
0.1875 0.125 0.215818
0.1875 0.1875 0.163795
0.125 0.1875 0.206106
0.1875 0.25 0.117119
0.1875 0.21875 0.13973
0.21875 0.21875 0.119996
0.21875 0.25 0.0955219
0.1875 0.25 0.117119
0.1875 0.21875 0.13973
0.1875 0.1875 0.163795
0.21875 0.1875 0.145788
0.21875 0.21875 0.119996
0.1875 0.21875 0.13973
0.21875 0.25 0.0955219
0.21875 0.21875 0.119996
0.25 0.21875 0.102701
0.25 0.25 0.0763982
0.21875 0.25 0.0955219
0.21875 0.21875 0.119996
0.21875 0.1875 0.145788
0.25 0.1875 0.12993
0.25 0.21875 0.102701
0.21875 0.21875 0.119996
0.1875 0.1875 0.163795
0.1875 0.125 0.215818
0.25 0.125 0.186293
0.25 0.1875 0.12993
0.1875 0.1875 0.163795
0.125 0.125 0.25253
0.125 0 0.358369
0.25 0 0.302475
0.25 0.125 0.186293
0.125 0.125 0.25253
0.25 0.5 -0.00625359
0.25 0.46875 -0.0117799
0.28125 0.46875 -0.0426179
0.28125 0.5 -0.0368412
0.25 0.5 -0.00625359
0.25 0.46875 -0.0117799
0.25 0.4375 -0.0152874
0.28125 0.4375 -0.0459913
0.28125 0.46875 -0.0426179
0.25 0.46875 -0.0117799
0.28125 0.5 -0.0368412
0.28125 0.46875 -0.0426179
0.3125 0.46875 -0.0734087
0.3125 0.5 -0.0673766
0.28125 0.5 -0.0368412
0.28125 0.46875 -0.0426179
0.28125 0.4375 -0.0459913
0.3125 0.4375 -0.075877
0.3125 0.46875 -0.0734087
0.28125 0.46875 -0.0426179
0.25 0.4375 -0.0152874
0.25 0.40625 -0.0137147
0.28125 0.40625 -0.0425683
0.28125 0.4375 -0.0459913
0.25 0.4375 -0.0152874
0.25 0.40625 -0.0137147
0.25 0.375 -0.00630133
0.28125 0.375 -0.0320336
0.28125 0.40625 -0.0425683
0.25 0.40625 -0.0137147
0.28125 0.4375 -0.0459913
0.28125 0.40625 -0.0425683
0.3125 0.40625 -0.0694256
0.3125 0.4375 -0.075877
0.28125 0.4375 -0.0459913
0.28125 0.40625 -0.0425683
0.28125 0.375 -0.0320336
0.3125 0.375 -0.0550856
0.3125 0.40625 -0.0694256
0.28125 0.40625 -0.0425683
0.3125 0.5 -0.0673766
0.3125 0.46875 -0.0734087
0.34375 0.46875 -0.10415
0.34375 0.5 -0.0978647
0.3125 0.5 -0.0673766
0.3125 0.46875 -0.0734087
0.3125 0.4375 -0.075877
0.34375 0.4375 -0.104209
0.34375 0.46875 -0.10415
0.3125 0.46875 -0.0734087
0.34375 0.5 -0.0978647
0.34375 0.46875 -0.10415
0.375 0.46875 -0.134234
0.375 0.5 -0.128314
0.34375 0.5 -0.0978647
0.34375 0.46875 -0.10415
0.34375 0.4375 -0.104209
0.375 0.4375 -0.129822
0.375 0.46875 -0.134234
0.34375 0.46875 -0.10415
0.3125 0.4375 -0.075877
0.3125 0.40625 -0.0694256
0.34375 0.40625 -0.0934419
0.34375 0.4375 -0.104209
0.3125 0.4375 -0.075877
0.3125 0.40625 -0.0694256
0.3125 0.375 -0.0550856
0.34375 0.375 -0.074671
0.34375 0.40625 -0.0934419
0.3125 0.40625 -0.0694256
0.34375 0.4375 -0.104209
0.34375 0.40625 -0.0934419
0.375 0.40625 -0.113675
0.375 0.4375 -0.129822
0.34375 0.4375 -0.104209
0.34375 0.40625 -0.0934419
0.34375 0.375 -0.074671
0.375 0.375 -0.0903457
0.375 0.40625 -0.113675
0.34375 0.40625 -0.0934419
0.25 0.375 -0.00630133
0.25 0.34375 0.00814322
0.28125 0.34375 -0.0152624
0.28125 0.375 -0.0320336
0.25 0.375 -0.00630133
0.25 0.34375 0.00814322
0.25 0.3125 0.0282319
0.28125 0.3125 0.00705126
0.28125 0.34375 -0.0152624
0.25 0.34375 0.00814322
0.28125 0.375 -0.0320336
0.28125 0.34375 -0.0152624
0.3125 0.34375 -0.0343027
0.3125 0.375 -0.0550856
0.28125 0.375 -0.0320336
0.28125 0.34375 -0.0152624
0.28125 0.3125 0.00705126
0.3125 0.3125 -0.0101011
0.3125 0.34375 -0.0343027
0.28125 0.34375 -0.0152624
0.25 0.3125 0.0282319
0.25 0.28125 0.051374
0.28125 0.28125 0.0328325
0.28125 0.3125 0.00705126
0.25 0.3125 0.0282319
0.25 0.28125 0.051374
0.25 0.25 0.0763982
0.28125 0.25 0.0599258
0.28125 0.28125 0.0328325
0.25 0.28125 0.051374
0.28125 0.3125 0.00705126
0.28125 0.28125 0.0328325
0.3125 0.28125 0.0176207
0.3125 0.3125 -0.0101011
0.28125 0.3125 0.00705126
0.28125 0.28125 0.0328325
0.28125 0.25 0.0599258
0.3125 0.25 0.0461738
0.3125 0.28125 0.0176207
0.28125 0.28125 0.0328325
0.3125 0.375 -0.0550856
0.3125 0.34375 -0.0343027
0.34375 0.34375 -0.0502175
0.34375 0.375 -0.074671
0.3125 0.375 -0.0550856
0.3125 0.34375 -0.0343027
0.3125 0.3125 -0.0101011
0.34375 0.3125 -0.0233291
0.34375 0.34375 -0.0502175
0.3125 0.34375 -0.0343027
0.34375 0.375 -0.074671
0.34375 0.34375 -0.0502175
0.375 0.34375 -0.0630167
0.375 0.375 -0.0903457
0.34375 0.375 -0.074671
0.34375 0.34375 -0.0502175
0.34375 0.3125 -0.0233291
0.375 0.3125 -0.0342487
0.375 0.34375 -0.0630167
0.34375 0.34375 -0.0502175
0.3125 0.3125 -0.0101011
0.3125 0.28125 0.0176207
0.34375 0.28125 0.00531347
0.34375 0.3125 -0.0233291
0.3125 0.3125 -0.0101011
0.3125 0.28125 0.0176207
0.3125 0.25 0.0461738
0.34375 0.25 0.0347063
0.34375 0.28125 0.00531347
0.3125 0.28125 0.0176207
0.34375 0.3125 -0.0233291
0.34375 0.28125 0.00531347
0.375 0.28125 -0.00497533
0.375 0.3125 -0.0342487
0.34375 0.3125 -0.0233291
0.34375 0.28125 0.00531347
0.34375 0.25 0.0347063
0.375 0.25 0.0248516
0.375 0.28125 -0.00497533
0.34375 0.28125 0.00531347
0.375 0.5 -0.128314
0.375 0.4375 -0.129822
0.4375 0.4375 -0.161548
0.4375 0.5 -0.183465
0.375 0.5 -0.128314
0.375 0.4375 -0.129822
0.375 0.375 -0.0903457
0.4375 0.375 -0.112122
0.4375 0.4375 -0.161548
0.375 0.4375 -0.129822
0.4375 0.5 -0.183465
0.4375 0.4375 -0.161548
0.5 0.4375 -0.185176
0.5 0.5 -0.227335
0.4375 0.5 -0.183465
0.4375 0.4375 -0.161548
0.4375 0.375 -0.112122
0.5 0.375 -0.128444
0.5 0.4375 -0.185176
0.4375 0.4375 -0.161548
0.375 0.375 -0.0903457
0.375 0.34375 -0.0630167
0.40625 0.34375 -0.073416
0.40625 0.375 -0.102351
0.375 0.375 -0.0903457
0.375 0.34375 -0.0630167
0.375 0.3125 -0.0342487
0.40625 0.3125 -0.043807
0.40625 0.34375 -0.073416
0.375 0.34375 -0.0630167
0.40625 0.375 -0.102351
0.40625 0.34375 -0.073416
0.4375 0.34375 -0.0824167
0.4375 0.375 -0.112122
0.40625 0.375 -0.102351
0.40625 0.34375 -0.073416
0.40625 0.3125 -0.043807
0.4375 0.3125 -0.0524169
0.4375 0.34375 -0.0824167
0.40625 0.34375 -0.073416
0.375 0.3125 -0.0342487
0.375 0.28125 -0.00497533
0.40625 0.28125 -0.0140036
0.40625 0.3125 -0.043807
0.375 0.3125 -0.0342487
0.375 0.28125 -0.00497533
0.375 0.25 0.0248516
0.40625 0.25 0.0160353
0.40625 0.28125 -0.0140036
0.375 0.28125 -0.00497533
0.40625 0.3125 -0.043807
0.40625 0.28125 -0.0140036
0.4375 0.28125 -0.0223303
0.4375 0.3125 -0.0524169
0.40625 0.3125 -0.043807
0.40625 0.28125 -0.0140036
0.40625 0.25 0.0160353
0.4375 0.25 0.00785324
0.4375 0.28125 -0.0223303
0.40625 0.28125 -0.0140036
0.4375 0.375 -0.112122
0.4375 0.34375 -0.0824167
0.46875 0.34375 -0.0906115
0.46875 0.375 -0.120708
0.4375 0.375 -0.112122
0.4375 0.34375 -0.0824167
0.4375 0.3125 -0.0524169
0.46875 0.3125 -0.0603887
0.46875 0.34375 -0.0906115
0.4375 0.34375 -0.0824167
0.46875 0.375 -0.120708
0.46875 0.34375 -0.0906115
0.5 0.34375 -0.0980865
0.5 0.375 -0.128444
0.46875 0.375 -0.120708
0.46875 0.34375 -0.0906115
0.46875 0.3125 -0.0603887
0.5 0.3125 -0.0676786
0.5 0.34375 -0.0980865
0.46875 0.34375 -0.0906115
0.4375 0.3125 -0.0524169
0.4375 0.28125 -0.0223303
0.46875 0.28125 -0.0301092
0.46875 0.3125 -0.0603887
0.4375 0.3125 -0.0524169
0.4375 0.28125 -0.0223303
0.4375 0.25 0.00785324
0.46875 0.25 0.000207887
0.46875 0.28125 -0.0301092
0.4375 0.28125 -0.0223303
0.46875 0.3125 -0.0603887
0.46875 0.28125 -0.0301092
0.5 0.28125 -0.0372292
0.5 0.3125 -0.0676786
0.46875 0.3125 -0.0603887
0.46875 0.28125 -0.0301092
0.46875 0.25 0.000207887
0.5 0.25 -0.00674387
0.5 0.28125 -0.0372292
0.46875 0.28125 -0.0301092
0.25 0.25 0.0763982
0.25 0.21875 0.102701
0.28125 0.21875 0.0877661
0.28125 0.25 0.0599258
0.25 0.25 0.0763982
0.25 0.21875 0.102701
0.25 0.1875 0.12993
0.28125 0.1875 0.116176
0.28125 0.21875 0.0877661
0.25 0.21875 0.102701
0.28125 0.25 0.0599258
0.28125 0.21875 0.0877661
0.3125 0.21875 0.075094
0.3125 0.25 0.0461738
0.28125 0.25 0.0599258
0.28125 0.21875 0.0877661
0.28125 0.1875 0.116176
0.3125 0.1875 0.104289
0.3125 0.21875 0.075094
0.28125 0.21875 0.0877661
0.25 0.1875 0.12993
0.25 0.125 0.186293
0.3125 0.125 0.163212
0.3125 0.1875 0.104289
0.25 0.1875 0.12993
0.3125 0.25 0.0461738
0.3125 0.21875 0.075094
0.34375 0.21875 0.0642692
0.34375 0.25 0.0347063
0.3125 0.25 0.0461738
0.3125 0.21875 0.075094
0.3125 0.1875 0.104289
0.34375 0.1875 0.0939632
0.34375 0.21875 0.0642692
0.3125 0.21875 0.075094
0.34375 0.25 0.0347063
0.34375 0.21875 0.0642692
0.375 0.21875 0.0547711
0.375 0.25 0.0248516
0.34375 0.25 0.0347063
0.34375 0.21875 0.0642692
0.34375 0.1875 0.0939632
0.375 0.1875 0.0847473
0.375 0.21875 0.0547711
0.34375 0.21875 0.0642692
0.3125 0.1875 0.104289
0.3125 0.15625 0.133662
0.34375 0.15625 0.123745
0.34375 0.1875 0.0939632
0.3125 0.1875 0.104289
0.3125 0.15625 0.133662
0.3125 0.125 0.163212
0.34375 0.125 0.153625
0.34375 0.15625 0.123745
0.3125 0.15625 0.133662
0.34375 0.1875 0.0939632
0.34375 0.15625 0.123745
0.375 0.15625 0.114771
0.375 0.1875 0.0847473
0.34375 0.1875 0.0939632
0.34375 0.15625 0.123745
0.34375 0.125 0.153625
0.375 0.125 0.144842
0.375 0.15625 0.114771
0.34375 0.15625 0.123745
0.25 0.125 0.186293
0.25 0.0625 0.243818
0.3125 0.0625 0.222627
0.3125 0.125 0.163212
0.25 0.125 0.186293
0.25 0.0625 0.243818
0.25 0 0.302475
0.3125 0 0.282464
0.3125 0.0625 0.222627
0.25 0.0625 0.243818
0.3125 0.125 0.163212
0.3125 0.0625 0.222627
0.375 0.0625 0.205094
0.375 0.125 0.144842
0.3125 0.125 0.163212
0.3125 0.0625 0.222627
0.3125 0 0.282464
0.375 0 0.265587
0.375 0.0625 0.205094
0.3125 0.0625 0.222627
0.375 0.25 0.0248516
0.375 0.21875 0.0547711
0.40625 0.21875 0.0461411
0.40625 0.25 0.0160353
0.375 0.25 0.0248516
0.375 0.21875 0.0547711
0.375 0.1875 0.0847473
0.40625 0.1875 0.0762848
0.40625 0.21875 0.0461411
0.375 0.21875 0.0547711
0.40625 0.25 0.0160353
0.40625 0.21875 0.0461411
0.4375 0.21875 0.0381041
0.4375 0.25 0.00785324
0.40625 0.25 0.0160353
0.40625 0.21875 0.0461411
0.40625 0.1875 0.0762848
0.4375 0.1875 0.0683933
0.4375 0.21875 0.0381041
0.40625 0.21875 0.0461411
0.375 0.1875 0.0847473
0.375 0.15625 0.114771
0.40625 0.15625 0.106467
0.40625 0.1875 0.0762848
0.375 0.1875 0.0847473
0.375 0.15625 0.114771
0.375 0.125 0.144842
0.40625 0.125 0.136687
0.40625 0.15625 0.106467
0.375 0.15625 0.114771
0.40625 0.1875 0.0762848
0.40625 0.15625 0.106467
0.4375 0.15625 0.0987206
0.4375 0.1875 0.0683933
0.40625 0.1875 0.0762848
0.40625 0.15625 0.106467
0.40625 0.125 0.136687
0.4375 0.125 0.129085
0.4375 0.15625 0.0987206
0.40625 0.15625 0.106467
0.4375 0.25 0.00785324
0.4375 0.21875 0.0381041
0.46875 0.21875 0.0306126
0.46875 0.25 0.000207887
0.4375 0.25 0.00785324
0.4375 0.21875 0.0381041
0.4375 0.1875 0.0683933
0.46875 0.1875 0.0610588
0.46875 0.21875 0.0306126
0.4375 0.21875 0.0381041
0.46875 0.25 0.000207887
0.46875 0.21875 0.0306126
0.5 0.21875 0.0238402
0.5 0.25 -0.00674387
0.46875 0.25 0.000207887
0.46875 0.21875 0.0306126
0.46875 0.1875 0.0610588
0.5 0.1875 0.0544845
0.5 0.21875 0.0238402
0.46875 0.21875 0.0306126
0.4375 0.1875 0.0683933
0.4375 0.15625 0.0987206
0.46875 0.15625 0.0915452
0.46875 0.1875 0.0610588
0.4375 0.1875 0.0683933
0.4375 0.15625 0.0987206
0.4375 0.125 0.129085
0.46875 0.125 0.122071
0.46875 0.15625 0.0915452
0.4375 0.15625 0.0987206
0.46875 0.1875 0.0610588
0.46875 0.15625 0.0915452
0.5 0.15625 0.0851712
0.5 0.1875 0.0544845
0.46875 0.1875 0.0610588
0.46875 0.15625 0.0915452
0.46875 0.125 0.122071
0.5 0.125 0.115898
0.5 0.15625 0.0851712
0.46875 0.15625 0.0915452
0.375 0.125 0.144842
0.375 0.0625 0.205094
0.4375 0.0625 0.189951
0.4375 0.125 0.129085
0.375 0.125 0.144842
0.375 0.0625 0.205094
0.375 0 0.265587
0.4375 0 0.251056
0.4375 0.0625 0.189951
0.375 0.0625 0.205094
0.4375 0.125 0.129085
0.4375 0.0625 0.189951
0.5 0.0625 0.177503
0.5 0.125 0.115898
0.4375 0.125 0.129085
0.4375 0.0625 0.189951
0.4375 0 0.251056
0.5 0 0.23932
0.5 0.0625 0.177503
0.4375 0.0625 0.189951
0.5 1 0.239367
0.5 0.9375 0.177578
0.5625 0.9375 0.190125
0.5625 1 0.251217
0.5 1 0.239367
0.5 0.9375 0.177578
0.5 0.875 0.115864
0.5625 0.875 0.129133
0.5625 0.9375 0.190125
0.5 0.9375 0.177578
0.5625 1 0.251217
0.5625 0.9375 0.190125
0.625 0.9375 0.205344
0.625 1 0.26579
0.5625 1 0.251217
0.5625 0.9375 0.190125
0.5625 0.875 0.129133
0.625 0.875 0.145016
0.625 0.9375 0.205344
0.5625 0.9375 0.190125
0.5 0.875 0.115864
0.5 0.84375 0.0851084
0.53125 0.84375 0.0915291
0.53125 0.875 0.122089
0.5 0.875 0.115864
0.5 0.84375 0.0851084
0.5 0.8125 0.0543944
0.53125 0.8125 0.0610101
0.53125 0.84375 0.0915291
0.5 0.84375 0.0851084
0.53125 0.875 0.122089
0.53125 0.84375 0.0915291
0.5625 0.84375 0.0987383
0.5625 0.875 0.129133
0.53125 0.875 0.122089
0.53125 0.84375 0.0915291
0.53125 0.8125 0.0610101
0.5625 0.8125 0.0683828
0.5625 0.84375 0.0987383
0.53125 0.84375 0.0915291
0.5 0.8125 0.0543944
0.5 0.78125 0.023722
0.53125 0.78125 0.0305321
0.53125 0.8125 0.0610101
0.5 0.8125 0.0543944
0.5 0.78125 0.023722
0.5 0.75 -0.00688982
0.53125 0.75 9.5476e-005
0.53125 0.78125 0.0305321
0.5 0.78125 0.023722
0.53125 0.8125 0.0610101
0.53125 0.78125 0.0305321
0.5625 0.78125 0.0380668
0.5625 0.8125 0.0683828
0.53125 0.8125 0.0610101
0.53125 0.78125 0.0305321
0.53125 0.75 9.5476e-005
0.5625 0.75 0.00779087
0.5625 0.78125 0.0380668
0.53125 0.78125 0.0305321
0.5625 0.875 0.129133
0.5625 0.84375 0.0987383
0.59375 0.84375 0.106541
0.59375 0.875 0.136787
0.5625 0.875 0.129133
0.5625 0.84375 0.0987383
0.5625 0.8125 0.0683828
0.59375 0.8125 0.0763361
0.59375 0.84375 0.106541
0.5625 0.84375 0.0987383
0.59375 0.875 0.136787
0.59375 0.84375 0.106541
0.625 0.84375 0.114925
0.625 0.875 0.145016
0.59375 0.875 0.136787
0.59375 0.84375 0.106541
0.59375 0.8125 0.0763361
0.625 0.8125 0.0848795
0.625 0.84375 0.114925
0.59375 0.84375 0.106541
0.5625 0.8125 0.0683828
0.5625 0.78125 0.0380668
0.59375 0.78125 0.0461722
0.59375 0.8125 0.0763361
0.5625 0.8125 0.0683828
0.5625 0.78125 0.0380668
0.5625 0.75 0.00779087
0.59375 0.75 0.0160493
0.59375 0.78125 0.0461722
0.5625 0.78125 0.0380668
0.59375 0.8125 0.0763361
0.59375 0.78125 0.0461722
0.625 0.78125 0.0548819
0.625 0.8125 0.0848795
0.59375 0.8125 0.0763361
0.59375 0.78125 0.0461722
0.59375 0.75 0.0160493
0.625 0.75 0.0249343
0.625 0.78125 0.0548819
0.59375 0.78125 0.0461722
0.625 1 0.26579
0.625 0.9375 0.205344
0.6875 0.9375 0.223345
0.6875 1 0.283026
0.625 1 0.26579
0.625 0.9375 0.205344
0.625 0.875 0.145016
0.6875 0.875 0.163837
0.6875 0.9375 0.223345
0.625 0.9375 0.205344
0.6875 1 0.283026
0.6875 0.9375 0.223345
0.75 0.9375 0.24625
0.75 1 0.304255
0.6875 1 0.283026
0.6875 0.9375 0.223345
0.6875 0.875 0.163837
0.75 0.875 0.188791
0.75 0.9375 0.24625
0.6875 0.9375 0.223345
0.625 0.875 0.145016
0.625 0.84375 0.114925
0.65625 0.84375 0.124044
0.65625 0.875 0.153924
0.625 0.875 0.145016
0.625 0.84375 0.114925
0.625 0.8125 0.0848795
0.65625 0.8125 0.0942365
0.65625 0.84375 0.124044
0.625 0.84375 0.114925
0.65625 0.875 0.153924
0.65625 0.84375 0.124044
0.6875 0.84375 0.134306
0.6875 0.875 0.163837
0.65625 0.875 0.153924
0.65625 0.84375 0.124044
0.65625 0.8125 0.0942365
0.6875 0.8125 0.104917
0.6875 0.84375 0.134306
0.65625 0.84375 0.124044
0.625 0.8125 0.0848795
0.625 0.78125 0.0548819
0.65625 0.78125 0.0645078
0.65625 0.8125 0.0942365
0.625 0.8125 0.0848795
0.625 0.78125 0.0548819
0.625 0.75 0.0249343
0.65625 0.75 0.0348811
0.65625 0.78125 0.0645078
0.625 0.78125 0.0548819
0.65625 0.8125 0.0942365
0.65625 0.78125 0.0645078
0.6875 0.78125 0.0757124
0.6875 0.8125 0.104917
0.65625 0.8125 0.0942365
0.65625 0.78125 0.0645078
0.65625 0.75 0.0348811
0.6875 0.75 0.0467395
0.6875 0.78125 0.0757124
0.65625 0.78125 0.0645078
0.6875 0.875 0.163837
0.6875 0.8125 0.104917
0.75 0.8125 0.132547
0.75 0.875 0.188791
0.6875 0.875 0.163837
0.6875 0.8125 0.104917
0.6875 0.78125 0.0757124
0.71875 0.78125 0.0892163
0.71875 0.8125 0.117521
0.6875 0.8125 0.104917
0.6875 0.78125 0.0757124
0.6875 0.75 0.0467395
0.71875 0.75 0.061376
0.71875 0.78125 0.0892163
0.6875 0.78125 0.0757124
0.71875 0.8125 0.117521
0.71875 0.78125 0.0892163
0.75 0.78125 0.10548
0.75 0.8125 0.132547
0.71875 0.8125 0.117521
0.71875 0.78125 0.0892163
0.71875 0.75 0.061376
0.75 0.75 0.0792845
0.75 0.78125 0.10548
0.71875 0.78125 0.0892163
0.5 0.75 -0.00688982
0.5 0.71875 -0.0374068
0.53125 0.71875 -0.0302459
0.53125 0.75 9.5476e-005
0.5 0.75 -0.00688982
0.5 0.71875 -0.0374068
0.5 0.6875 -0.0678822
0.53125 0.6875 -0.0605526
0.53125 0.71875 -0.0302459
0.5 0.71875 -0.0374068
0.53125 0.75 9.5476e-005
0.53125 0.71875 -0.0302459
0.5625 0.71875 -0.0224096
0.5625 0.75 0.00779087
0.53125 0.75 9.5476e-005
0.53125 0.71875 -0.0302459
0.53125 0.6875 -0.0605526
0.5625 0.6875 -0.0525635
0.5625 0.71875 -0.0224096
0.53125 0.71875 -0.0302459
0.5 0.6875 -0.0678822
0.5 0.65625 -0.0983195
0.53125 0.65625 -0.090824
0.53125 0.6875 -0.0605526
0.5 0.6875 -0.0678822
0.5 0.65625 -0.0983195
0.5 0.625 -0.128705
0.53125 0.625 -0.121053
0.53125 0.65625 -0.090824
0.5 0.65625 -0.0983195
0.53125 0.6875 -0.0605526
0.53125 0.65625 -0.090824
0.5625 0.65625 -0.082665
0.5625 0.6875 -0.0525635
0.53125 0.6875 -0.0605526
0.53125 0.65625 -0.090824
0.53125 0.625 -0.121053
0.5625 0.625 -0.1127
0.5625 0.65625 -0.082665
0.53125 0.65625 -0.090824
0.5625 0.75 0.00779087
0.5625 0.71875 -0.0224096
0.59375 0.71875 -0.0140027
0.59375 0.75 0.0160493
0.5625 0.75 0.00779087
0.5625 0.71875 -0.0224096
0.5625 0.6875 -0.0525635
0.59375 0.6875 -0.0439733
0.59375 0.71875 -0.0140027
0.5625 0.71875 -0.0224096
0.59375 0.75 0.0160493
0.59375 0.71875 -0.0140027
0.625 0.71875 -0.00493572
0.625 0.75 0.0249343
0.59375 0.75 0.0160493
0.59375 0.71875 -0.0140027
0.59375 0.6875 -0.0439733
0.625 0.6875 -0.0345879
0.625 0.71875 -0.00493572
0.59375 0.71875 -0.0140027
0.5625 0.6875 -0.0525635
0.5625 0.65625 -0.082665
0.59375 0.65625 -0.0738443
0.59375 0.6875 -0.0439733
0.5625 0.6875 -0.0525635
0.5625 0.65625 -0.082665
0.5625 0.625 -0.1127
0.59375 0.625 -0.103557
0.59375 0.65625 -0.0738443
0.5625 0.65625 -0.082665
0.59375 0.6875 -0.0439733
0.59375 0.65625 -0.0738443
0.625 0.65625 -0.0639736
0.625 0.6875 -0.0345879
0.59375 0.6875 -0.0439733
0.59375 0.65625 -0.0738443
0.59375 0.625 -0.103557
0.625 0.625 -0.0928483
0.625 0.65625 -0.0639736
0.59375 0.65625 -0.0738443
0.5 0.625 -0.128705
0.5 0.5625 -0.189996
0.5625 0.5625 -0.170758
0.5625 0.625 -0.1127
0.5 0.625 -0.128705
0.5 0.5625 -0.189996
0.5 0.5 -0.227335
0.5625 0.5 -0.186079
0.5625 0.5625 -0.170758
0.5 0.5625 -0.189996
0.5625 0.625 -0.1127
0.5625 0.5625 -0.170758
0.625 0.5625 -0.137488
0.625 0.625 -0.0928483
0.5625 0.625 -0.1127
0.5625 0.5625 -0.170758
0.5625 0.5 -0.186079
0.625 0.5 -0.127794
0.625 0.5625 -0.137488
0.5625 0.5625 -0.170758
0.625 0.75 0.0249343
0.625 0.71875 -0.00493572
0.65625 0.71875 0.00537782
0.65625 0.75 0.0348811
0.625 0.75 0.0249343
0.625 0.71875 -0.00493572
0.625 0.6875 -0.0345879
0.65625 0.6875 -0.0235977
0.65625 0.71875 0.00537782
0.625 0.71875 -0.00493572
0.65625 0.75 0.0348811
0.65625 0.71875 0.00537782
0.6875 0.71875 0.0180819
0.6875 0.75 0.0467395
0.65625 0.75 0.0348811
0.65625 0.71875 0.00537782
0.65625 0.6875 -0.0235977
0.6875 0.6875 -0.00979136
0.6875 0.71875 0.0180819
0.65625 0.71875 0.00537782
0.625 0.6875 -0.0345879
0.625 0.65625 -0.0639736
0.65625 0.65625 -0.0518473
0.65625 0.6875 -0.0235977
0.625 0.6875 -0.0345879
0.625 0.65625 -0.0639736
0.625 0.625 -0.0928483
0.65625 0.625 -0.0784285
0.65625 0.65625 -0.0518473
0.625 0.65625 -0.0639736
0.65625 0.6875 -0.0235977
0.65625 0.65625 -0.0518473
0.6875 0.65625 -0.0357583
0.6875 0.6875 -0.00979136
0.65625 0.6875 -0.0235977
0.65625 0.65625 -0.0518473
0.65625 0.625 -0.0784285
0.6875 0.625 -0.0583825
0.6875 0.65625 -0.0357583
0.65625 0.65625 -0.0518473
0.6875 0.75 0.0467395
0.6875 0.71875 0.0180819
0.71875 0.71875 0.0342192
0.71875 0.75 0.061376
0.6875 0.75 0.0467395
0.6875 0.71875 0.0180819
0.6875 0.6875 -0.00979136
0.71875 0.6875 0.00806707
0.71875 0.71875 0.0342192
0.6875 0.71875 0.0180819
0.71875 0.75 0.061376
0.71875 0.71875 0.0342192
0.75 0.71875 0.0542383
0.75 0.75 0.0792845
0.71875 0.75 0.061376
0.71875 0.71875 0.0342192
0.71875 0.6875 0.00806707
0.75 0.6875 0.0308183
0.75 0.71875 0.0542383
0.71875 0.71875 0.0342192
0.6875 0.6875 -0.00979136
0.6875 0.65625 -0.0357583
0.71875 0.65625 -0.0149954
0.71875 0.6875 0.00806707
0.6875 0.6875 -0.00979136
0.6875 0.65625 -0.0357583
0.6875 0.625 -0.0583825
0.71875 0.625 -0.0336763
0.71875 0.65625 -0.0149954
0.6875 0.65625 -0.0357583
0.71875 0.6875 0.00806707
0.71875 0.65625 -0.0149954
0.75 0.65625 0.00982546
0.75 0.6875 0.0308183
0.71875 0.6875 0.00806707
0.71875 0.65625 -0.0149954
0.71875 0.625 -0.0336763
0.75 0.625 -0.0059413
0.75 0.65625 0.00982546
0.71875 0.65625 -0.0149954
0.625 0.625 -0.0928483
0.625 0.59375 -0.119817
0.65625 0.59375 -0.100467
0.65625 0.625 -0.0784285
0.625 0.625 -0.0928483
0.625 0.59375 -0.119817
0.625 0.5625 -0.137488
0.65625 0.5625 -0.108274
0.65625 0.59375 -0.100467
0.625 0.59375 -0.119817
0.65625 0.625 -0.0784285
0.65625 0.59375 -0.100467
0.6875 0.59375 -0.0746351
0.6875 0.625 -0.0583825
0.65625 0.625 -0.0784285
0.65625 0.59375 -0.100467
0.65625 0.5625 -0.108274
0.6875 0.5625 -0.0774641
0.6875 0.59375 -0.0746351
0.65625 0.59375 -0.100467
0.625 0.5625 -0.137488
0.625 0.53125 -0.134263
0.65625 0.53125 -0.10378
0.65625 0.5625 -0.108274
0.625 0.5625 -0.137488
0.625 0.53125 -0.134263
0.625 0.5 -0.127794
0.65625 0.5 -0.0975465
0.65625 0.53125 -0.10378
0.625 0.53125 -0.134263
0.65625 0.5625 -0.108274
0.65625 0.53125 -0.10378
0.6875 0.53125 -0.0732475
0.6875 0.5625 -0.0774641
0.65625 0.5625 -0.108274
0.65625 0.53125 -0.10378
0.65625 0.5 -0.0975465
0.6875 0.5 -0.0672349
0.6875 0.53125 -0.0732475
0.65625 0.53125 -0.10378
0.6875 0.625 -0.0583825
0.6875 0.59375 -0.0746351
0.71875 0.59375 -0.0455871
0.71875 0.625 -0.0336763
0.6875 0.625 -0.0583825
0.6875 0.59375 -0.0746351
0.6875 0.5625 -0.0774641
0.71875 0.5625 -0.0466135
0.71875 0.59375 -0.0455871
0.6875 0.59375 -0.0746351
0.71875 0.625 -0.0336763
0.71875 0.59375 -0.0455871
0.75 0.59375 -0.0152239
0.75 0.625 -0.0059413
0.71875 0.625 -0.0336763
0.71875 0.59375 -0.0455871
0.71875 0.5625 -0.0466135
0.75 0.5625 -0.0157247
0.75 0.59375 -0.0152239
0.71875 0.59375 -0.0455871
0.6875 0.5625 -0.0774641
0.6875 0.53125 -0.0732475
0.71875 0.53125 -0.042672
0.71875 0.5625 -0.0466135
0.6875 0.5625 -0.0774641
0.6875 0.53125 -0.0732475
0.6875 0.5 -0.0672349
0.71875 0.5 -0.0368784
0.71875 0.53125 -0.042672
0.6875 0.53125 -0.0732475
0.71875 0.5625 -0.0466135
0.71875 0.53125 -0.042672
0.75 0.53125 -0.0120567
0.75 0.5625 -0.0157247
0.71875 0.5625 -0.0466135
0.71875 0.53125 -0.042672
0.71875 0.5 -0.0368784
0.75 0.5 -0.00648483
0.75 0.53125 -0.0120567
0.71875 0.53125 -0.042672
0.75 1 0.304255
0.75 0.875 0.188791
0.875 0.875 0.262338
0.875 1 0.364489
0.75 1 0.304255
0.75 0.875 0.188791
0.75 0.8125 0.132547
0.8125 0.8125 0.16987
0.8125 0.875 0.22149
0.75 0.875 0.188791
0.75 0.8125 0.132547
0.75 0.78125 0.10548
0.78125 0.78125 0.124636
0.78125 0.8125 0.150155
0.75 0.8125 0.132547
0.75 0.78125 0.10548
0.75 0.75 0.0792845
0.78125 0.75 0.100259
0.78125 0.78125 0.124636
0.75 0.78125 0.10548
0.78125 0.8125 0.150155
0.78125 0.78125 0.124636
0.8125 0.78125 0.145929
0.8125 0.8125 0.16987
0.78125 0.8125 0.150155
0.78125 0.78125 0.124636
0.78125 0.75 0.100259
0.8125 0.75 0.123326
0.8125 0.78125 0.145929
0.78125 0.78125 0.124636
0.8125 0.875 0.22149
0.8125 0.8125 0.16987
0.875 0.8125 0.215798
0.875 0.875 0.262338
0.8125 0.875 0.22149
0.8125 0.8125 0.16987
0.8125 0.75 0.123326
0.875 0.75 0.17376
0.875 0.8125 0.215798
0.8125 0.8125 0.16987
0.875 1 0.364489
0.875 0.875 0.262338
1 0.875 0.358991
1 1 0.450081
0.875 1 0.364489
0.875 0.875 0.262338
0.875 0.8125 0.215798
0.9375 0.8125 0.2661
0.9375 0.875 0.308043
0.875 0.875 0.262338
0.875 0.8125 0.215798
0.875 0.75 0.17376
0.9375 0.75 0.229423
0.9375 0.8125 0.2661
0.875 0.8125 0.215798
0.9375 0.875 0.308043
0.9375 0.8125 0.2661
1 0.8125 0.320493
1 0.875 0.358991
0.9375 0.875 0.308043
0.9375 0.8125 0.2661
0.9375 0.75 0.229423
1 0.75 0.287202
1 0.8125 0.320493
0.9375 0.8125 0.2661
0.75 0.75 0.0792845
0.75 0.71875 0.0542383
0.78125 0.71875 0.0773637
0.78125 0.75 0.100259
0.75 0.75 0.0792845
0.75 0.71875 0.0542383
0.75 0.6875 0.0308183
0.78125 0.6875 0.0564531
0.78125 0.71875 0.0773637
0.75 0.71875 0.0542383
0.78125 0.75 0.100259
0.78125 0.71875 0.0773637
0.8125 0.71875 0.102383
0.8125 0.75 0.123326
0.78125 0.75 0.100259
0.78125 0.71875 0.0773637
0.78125 0.6875 0.0564531
0.8125 0.6875 0.0835451
0.8125 0.71875 0.102383
0.78125 0.71875 0.0773637
0.75 0.6875 0.0308183
0.75 0.65625 0.00982546
0.78125 0.65625 0.038299
0.78125 0.6875 0.0564531
0.75 0.6875 0.0308183
0.75 0.65625 0.00982546
0.75 0.625 -0.0059413
0.78125 0.625 0.0241677
0.78125 0.65625 0.038299
0.75 0.65625 0.00982546
0.78125 0.6875 0.0564531
0.78125 0.65625 0.038299
0.8125 0.65625 0.0674361
0.8125 0.6875 0.0835451
0.78125 0.6875 0.0564531
0.78125 0.65625 0.038299
0.78125 0.625 0.0241677
0.8125 0.625 0.054902
0.8125 0.65625 0.0674361
0.78125 0.65625 0.038299
0.8125 0.75 0.123326
0.8125 0.71875 0.102383
0.84375 0.71875 0.128733
0.84375 0.75 0.148051
0.8125 0.75 0.123326
0.8125 0.71875 0.102383
0.8125 0.6875 0.0835451
0.84375 0.6875 0.111554
0.84375 0.71875 0.128733
0.8125 0.71875 0.102383
0.84375 0.75 0.148051
0.84375 0.71875 0.128733
0.875 0.71875 0.155837
0.875 0.75 0.17376
0.84375 0.75 0.148051
0.84375 0.71875 0.128733
0.84375 0.6875 0.111554
0.875 0.6875 0.14006
0.875 0.71875 0.155837
0.84375 0.71875 0.128733
0.8125 0.6875 0.0835451
0.8125 0.65625 0.0674361
0.84375 0.65625 0.09699
0.84375 0.6875 0.111554
0.8125 0.6875 0.0835451
0.8125 0.65625 0.0674361
0.8125 0.625 0.054902
0.84375 0.625 0.085647
0.84375 0.65625 0.09699
0.8125 0.65625 0.0674361
0.84375 0.6875 0.111554
0.84375 0.65625 0.09699
0.875 0.65625 0.12677
0.875 0.6875 0.14006
0.84375 0.6875 0.111554
0.84375 0.65625 0.09699
0.84375 0.625 0.085647
0.875 0.625 0.116409
0.875 0.65625 0.12677
0.84375 0.65625 0.09699
0.75 0.625 -0.0059413
0.75 0.59375 -0.0152239
0.78125 0.59375 0.0157328
0.78125 0.625 0.0241677
0.75 0.625 -0.0059413
0.75 0.59375 -0.0152239
0.75 0.5625 -0.0157247
0.78125 0.5625 0.0153341
0.78125 0.59375 0.0157328
0.75 0.59375 -0.0152239
0.78125 0.625 0.0241677
0.78125 0.59375 0.0157328
0.8125 0.59375 0.0469794
0.8125 0.625 0.054902
0.78125 0.625 0.0241677
0.78125 0.59375 0.0157328
0.78125 0.5625 0.0153341
0.8125 0.5625 0.046552
0.8125 0.59375 0.0469794
0.78125 0.59375 0.0157328
0.75 0.5625 -0.0157247
0.75 0.53125 -0.0120567
0.78125 0.53125 0.0187465
0.78125 0.5625 0.0153341
0.75 0.5625 -0.0157247
0.75 0.53125 -0.0120567
0.75 0.5 -0.00648483
0.78125 0.5 0.0240998
0.78125 0.53125 0.0187465
0.75 0.53125 -0.0120567
0.78125 0.5625 0.0153341
0.78125 0.53125 0.0187465
0.8125 0.53125 0.0497084
0.8125 0.5625 0.046552
0.78125 0.5625 0.0153341
0.78125 0.53125 0.0187465
0.78125 0.5 0.0240998
0.8125 0.5 0.0547976
0.8125 0.53125 0.0497084
0.78125 0.53125 0.0187465
0.8125 0.625 0.054902
0.8125 0.59375 0.0469794
0.84375 0.59375 0.0782196
0.84375 0.625 0.085647
0.8125 0.625 0.054902
0.8125 0.59375 0.0469794
0.8125 0.5625 0.046552
0.84375 0.5625 0.0777728
0.84375 0.59375 0.0782196
0.8125 0.59375 0.0469794
0.84375 0.625 0.085647
0.84375 0.59375 0.0782196
0.875 0.59375 0.109463
0.875 0.625 0.116409
0.84375 0.625 0.085647
0.84375 0.59375 0.0782196
0.84375 0.5625 0.0777728
0.875 0.5625 0.108994
0.875 0.59375 0.109463
0.84375 0.59375 0.0782196
0.8125 0.5625 0.046552
0.8125 0.53125 0.0497084
0.84375 0.53125 0.0806989
0.84375 0.5625 0.0777728
0.8125 0.5625 0.046552
0.8125 0.53125 0.0497084
0.8125 0.5 0.0547976
0.84375 0.5 0.0855374
0.84375 0.53125 0.0806989
0.8125 0.53125 0.0497084
0.84375 0.5625 0.0777728
0.84375 0.53125 0.0806989
0.875 0.53125 0.111722
0.875 0.5625 0.108994
0.84375 0.5625 0.0777728
0.84375 0.53125 0.0806989
0.84375 0.5 0.0855374
0.875 0.5 0.116314
0.875 0.53125 0.111722
0.84375 0.53125 0.0806989
0.875 0.75 0.17376
0.875 0.6875 0.14006
0.9375 0.6875 0.199823
0.9375 0.75 0.229423
0.875 0.75 0.17376
0.875 0.6875 0.14006
0.875 0.625 0.116409
0.9375 0.625 0.178841
0.9375 0.6875 0.199823
0.875 0.6875 0.14006
0.9375 0.75 0.229423
0.9375 0.6875 0.199823
1 0.6875 0.260346
1 0.75 0.287202
0.9375 0.75 0.229423
0.9375 0.6875 0.199823
0.9375 0.625 0.178841
1 0.625 0.241244
1 0.6875 0.260346
0.9375 0.6875 0.199823
0.875 0.625 0.116409
0.875 0.5625 0.108994
0.9375 0.5625 0.171481
0.9375 0.625 0.178841
0.875 0.625 0.116409
0.875 0.5625 0.108994
0.875 0.5 0.116314
0.9375 0.5 0.17801
0.9375 0.5625 0.171481
0.875 0.5625 0.108994
0.9375 0.625 0.178841
0.9375 0.5625 0.171481
1 0.5625 0.233978
1 0.625 0.241244
0.9375 0.625 0.178841
0.9375 0.5625 0.171481
0.9375 0.5 0.17801
1 0.5 0.239903
1 0.5625 0.233978
0.9375 0.5625 0.171481
0.5 0.5 -0.227335
0.5 0.4375 -0.185176
0.5625 0.4375 -0.165637
0.5625 0.5 -0.186079
0.5 0.5 -0.227335
0.5 0.4375 -0.185176
0.5 0.375 -0.128444
0.5625 0.375 -0.13396
0.5625 0.4375 -0.165637
0.5 0.4375 -0.185176
0.5625 0.5 -0.186079
0.5625 0.4375 -0.165637
0.625 0.4375 -0.111817
0.625 0.5 -0.127794
0.5625 0.5 -0.186079
0.5625 0.4375 -0.165637
0.5625 0.375 -0.13396
0.625 0.375 -0.090702
0.625 0.4375 -0.111817
0.5625 0.4375 -0.165637
0.5 0.375 -0.128444
0.5 0.34375 -0.0980865
0.53125 0.34375 -0.104672
0.53125 0.375 -0.135251
0.5 0.375 -0.128444
0.5 0.34375 -0.0980865
0.5 0.3125 -0.0676786
0.53125 0.3125 -0.0740512
0.53125 0.34375 -0.104672
0.5 0.34375 -0.0980865
0.53125 0.375 -0.135251
0.53125 0.34375 -0.104672
0.5625 0.34375 -0.108857
0.5625 0.375 -0.13396
0.53125 0.375 -0.135251
0.53125 0.34375 -0.104672
0.53125 0.3125 -0.0740512
0.5625 0.3125 -0.0789002
0.5625 0.34375 -0.108857
0.53125 0.34375 -0.104672
0.5 0.3125 -0.0676786
0.5 0.28125 -0.0372292
0.53125 0.28125 -0.0433874
0.53125 0.3125 -0.0740512
0.5 0.3125 -0.0676786
0.5 0.28125 -0.0372292
0.5 0.25 -0.00674387
0.53125 0.25 -0.0126794
0.53125 0.28125 -0.0433874
0.5 0.28125 -0.0372292
0.53125 0.3125 -0.0740512
0.53125 0.28125 -0.0433874
0.5625 0.28125 -0.0479401
0.5625 0.3125 -0.0789002
0.53125 0.3125 -0.0740512
0.53125 0.28125 -0.0433874
0.53125 0.25 -0.0126794
0.5625 0.25 -0.0169372
0.5625 0.28125 -0.0479401
0.53125 0.28125 -0.0433874
0.5625 0.375 -0.13396
0.5625 0.34375 -0.108857
0.59375 0.34375 -0.0972114
0.59375 0.375 -0.115723
0.5625 0.375 -0.13396
0.5625 0.34375 -0.108857
0.5625 0.3125 -0.0789002
0.59375 0.3125 -0.074353
0.59375 0.34375 -0.0972114
0.5625 0.34375 -0.108857
0.59375 0.375 -0.115723
0.59375 0.34375 -0.0972114
0.625 0.34375 -0.0762894
0.625 0.375 -0.090702
0.59375 0.375 -0.115723
0.59375 0.34375 -0.0972114
0.59375 0.3125 -0.074353
0.625 0.3125 -0.0582556
0.625 0.34375 -0.0762894
0.59375 0.34375 -0.0972114
0.5625 0.3125 -0.0789002
0.5625 0.28125 -0.0479401
0.59375 0.28125 -0.0471872
0.59375 0.3125 -0.074353
0.5625 0.3125 -0.0789002
0.5625 0.28125 -0.0479401
0.5625 0.25 -0.0169372
0.59375 0.25 -0.0176444
0.59375 0.28125 -0.0471872
0.5625 0.28125 -0.0479401
0.59375 0.3125 -0.074353
0.59375 0.28125 -0.0471872
0.625 0.28125 -0.0361439
0.625 0.3125 -0.0582556
0.59375 0.3125 -0.074353
0.59375 0.28125 -0.0471872
0.59375 0.25 -0.0176444
0.625 0.25 -0.0107587
0.625 0.28125 -0.0361439
0.59375 0.28125 -0.0471872
0.625 0.5 -0.127794
0.625 0.46875 -0.120251
0.65625 0.46875 -0.0902376
0.65625 0.5 -0.0975465
0.625 0.5 -0.127794
0.625 0.46875 -0.120251
0.625 0.4375 -0.111817
0.65625 0.4375 -0.0821458
0.65625 0.46875 -0.0902376
0.625 0.46875 -0.120251
0.65625 0.5 -0.0975465
0.65625 0.46875 -0.0902376
0.6875 0.46875 -0.060124
0.6875 0.5 -0.0672349
0.65625 0.5 -0.0975465
0.65625 0.46875 -0.0902376
0.65625 0.4375 -0.0821458
0.6875 0.4375 -0.0522331
0.6875 0.46875 -0.060124
0.65625 0.46875 -0.0902376
0.625 0.4375 -0.111817
0.625 0.40625 -0.102211
0.65625 0.40625 -0.0732717
0.65625 0.4375 -0.0821458
0.625 0.4375 -0.111817
0.625 0.40625 -0.102211
0.625 0.375 -0.090702
0.65625 0.375 -0.0631693
0.65625 0.40625 -0.0732717
0.625 0.40625 -0.102211
0.65625 0.4375 -0.0821458
0.65625 0.40625 -0.0732717
0.6875 0.40625 -0.043762
0.6875 0.4375 -0.0522331
0.65625 0.4375 -0.0821458
0.65625 0.40625 -0.0732717
0.65625 0.375 -0.0631693
0.6875 0.375 -0.0344774
0.6875 0.40625 -0.043762
0.65625 0.40625 -0.0732717
0.6875 0.5 -0.0672349
0.6875 0.46875 -0.060124
0.71875 0.46875 -0.0299382
0.71875 0.5 -0.0368784
0.6875 0.5 -0.0672349
0.6875 0.46875 -0.060124
0.6875 0.4375 -0.0522331
0.71875 0.4375 -0.0221874
0.71875 0.46875 -0.0299382
0.6875 0.46875 -0.060124
0.71875 0.5 -0.0368784
0.71875 0.46875 -0.0299382
0.75 0.46875 0.00029895
0.75 0.5 -0.00648483
0.71875 0.5 -0.0368784
0.71875 0.46875 -0.0299382
0.71875 0.4375 -0.0221874
0.75 0.4375 0.00795559
0.75 0.46875 0.00029895
0.71875 0.46875 -0.0299382
0.6875 0.4375 -0.0522331
0.6875 0.40625 -0.043762
0.71875 0.40625 -0.0139503
0.71875 0.4375 -0.0221874
0.6875 0.4375 -0.0522331
0.6875 0.40625 -0.043762
0.6875 0.375 -0.0344774
0.71875 0.375 -0.0051589
0.71875 0.40625 -0.0139503
0.6875 0.40625 -0.043762
0.71875 0.4375 -0.0221874
0.71875 0.40625 -0.0139503
0.75 0.40625 0.0160647
0.75 0.4375 0.00795559
0.71875 0.4375 -0.0221874
0.71875 0.40625 -0.0139503
0.71875 0.375 -0.0051589
0.75 0.375 0.0246955
0.75 0.40625 0.0160647
0.71875 0.40625 -0.0139503
0.625 0.375 -0.090702
0.625 0.34375 -0.0762894
0.65625 0.34375 -0.0510776
0.65625 0.375 -0.0631693
0.625 0.375 -0.090702
0.625 0.34375 -0.0762894
0.625 0.3125 -0.0582556
0.65625 0.3125 -0.0362805
0.65625 0.34375 -0.0510776
0.625 0.34375 -0.0762894
0.65625 0.375 -0.0631693
0.65625 0.34375 -0.0510776
0.6875 0.34375 -0.0237031
0.6875 0.375 -0.0344774
0.65625 0.375 -0.0631693
0.65625 0.34375 -0.0510776
0.65625 0.3125 -0.0362805
0.6875 0.3125 -0.0110076
0.6875 0.34375 -0.0237031
0.65625 0.34375 -0.0510776
0.625 0.3125 -0.0582556
0.625 0.28125 -0.0361439
0.65625 0.28125 -0.0180547
0.65625 0.3125 -0.0362805
0.625 0.3125 -0.0582556
0.625 0.28125 -0.0361439
0.625 0.25 -0.0107587
0.65625 0.25 0.00406245
0.65625 0.28125 -0.0180547
0.625 0.28125 -0.0361439
0.65625 0.3125 -0.0362805
0.65625 0.28125 -0.0180547
0.6875 0.28125 0.00482077
0.6875 0.3125 -0.0110076
0.65625 0.3125 -0.0362805
0.65625 0.28125 -0.0180547
0.65625 0.25 0.00406245
0.6875 0.25 0.0250342
0.6875 0.28125 0.00482077
0.65625 0.28125 -0.0180547
0.6875 0.375 -0.0344774
0.6875 0.34375 -0.0237031
0.71875 0.34375 0.00489693
0.71875 0.375 -0.0051589
0.6875 0.375 -0.0344774
0.6875 0.34375 -0.0237031
0.6875 0.3125 -0.0110076
0.71875 0.3125 0.0166917
0.71875 0.34375 0.00489693
0.6875 0.34375 -0.0237031
0.71875 0.375 -0.0051589
0.71875 0.34375 0.00489693
0.75 0.34375 0.0343567
0.75 0.375 0.0246955
0.71875 0.375 -0.0051589
0.71875 0.34375 0.00489693
0.71875 0.3125 0.0166917
0.75 0.3125 0.0454668
0.75 0.34375 0.0343567
0.71875 0.34375 0.00489693
0.6875 0.3125 -0.0110076
0.6875 0.28125 0.00482077
0.71875 0.28125 0.0311933
0.71875 0.3125 0.0166917
0.6875 0.3125 -0.0110076
0.6875 0.28125 0.00482077
0.6875 0.25 0.0250342
0.71875 0.25 0.0488139
0.71875 0.28125 0.0311933
0.6875 0.28125 0.00482077
0.71875 0.3125 0.0166917
0.71875 0.28125 0.0311933
0.75 0.28125 0.0586823
0.75 0.3125 0.0454668
0.71875 0.3125 0.0166917
0.71875 0.28125 0.0311933
0.71875 0.25 0.0488139
0.75 0.25 0.0744471
0.75 0.28125 0.0586823
0.71875 0.28125 0.0311933
0.5 0.25 -0.00674387
0.5 0.21875 0.0238402
0.53125 0.21875 0.0181312
0.53125 0.25 -0.0126794
0.5 0.25 -0.00674387
0.5 0.21875 0.0238402
0.5 0.1875 0.0544845
0.53125 0.1875 0.049026
0.53125 0.21875 0.0181312
0.5 0.21875 0.0238402
0.53125 0.25 -0.0126794
0.53125 0.21875 0.0181312
0.5625 0.21875 0.0141504
0.5625 0.25 -0.0169372
0.53125 0.25 -0.0126794
0.53125 0.21875 0.0181312
0.53125 0.1875 0.049026
0.5625 0.1875 0.0453212
0.5625 0.21875 0.0141504
0.53125 0.21875 0.0181312
0.5 0.1875 0.0544845
0.5 0.15625 0.0851712
0.53125 0.15625 0.0799553
0.53125 0.1875 0.049026
0.5 0.1875 0.0544845
0.5 0.15625 0.0851712
0.5 0.125 0.115898
0.53125 0.125 0.110921
0.53125 0.15625 0.0799553
0.5 0.15625 0.0851712
0.53125 0.1875 0.049026
0.53125 0.15625 0.0799553
0.5625 0.15625 0.0765015
0.5625 0.1875 0.0453212
0.53125 0.1875 0.049026
0.53125 0.15625 0.0799553
0.53125 0.125 0.110921
0.5625 0.125 0.107689
0.5625 0.15625 0.0765015
0.53125 0.15625 0.0799553
0.5625 0.25 -0.0169372
0.5625 0.21875 0.0141504
0.59375 0.21875 0.0134852
0.59375 0.25 -0.0176444
0.5625 0.25 -0.0169372
0.5625 0.21875 0.0141504
0.5625 0.1875 0.0453212
0.59375 0.1875 0.0447193
0.59375 0.21875 0.0134852
0.5625 0.21875 0.0141504
0.59375 0.25 -0.0176444
0.59375 0.21875 0.0134852
0.625 0.21875 0.0187446
0.625 0.25 -0.0107587
0.59375 0.25 -0.0176444
0.59375 0.21875 0.0134852
0.59375 0.1875 0.0447193
0.625 0.1875 0.0491078
0.625 0.21875 0.0187446
0.59375 0.21875 0.0134852
0.5625 0.1875 0.0453212
0.5625 0.15625 0.0765015
0.59375 0.15625 0.0759523
0.59375 0.1875 0.0447193
0.5625 0.1875 0.0453212
0.5625 0.15625 0.0765015
0.5625 0.125 0.107689
0.59375 0.125 0.107187
0.59375 0.15625 0.0759523
0.5625 0.15625 0.0765015
0.59375 0.1875 0.0447193
0.59375 0.15625 0.0759523
0.625 0.15625 0.0797187
0.625 0.1875 0.0491078
0.59375 0.1875 0.0447193
0.59375 0.15625 0.0759523
0.59375 0.125 0.107187
0.625 0.125 0.110456
0.625 0.15625 0.0797187
0.59375 0.15625 0.0759523
0.5 0.125 0.115898
0.5 0.0625 0.177503
0.5625 0.0625 0.170123
0.5625 0.125 0.107689
0.5 0.125 0.115898
0.5 0.0625 0.177503
0.5 0 0.23932
0.5625 0 0.232583
0.5625 0.0625 0.170123
0.5 0.0625 0.177503
0.5625 0.125 0.107689
0.5625 0.0625 0.170123
0.625 0.0625 0.172433
0.625 0.125 0.110456
0.5625 0.125 0.107689
0.5625 0.0625 0.170123
0.5625 0 0.232583
0.625 0 0.234598
0.625 0.0625 0.172433
0.5625 0.0625 0.170123
0.625 0.25 -0.0107587
0.625 0.21875 0.0187446
0.65625 0.21875 0.0307771
0.65625 0.25 0.00406245
0.625 0.25 -0.0107587
0.625 0.21875 0.0187446
0.625 0.1875 0.0491078
0.65625 0.1875 0.0590529
0.65625 0.21875 0.0307771
0.625 0.21875 0.0187446
0.65625 0.25 0.00406245
0.65625 0.21875 0.0307771
0.6875 0.21875 0.0484598
0.6875 0.25 0.0250342
0.65625 0.25 0.00406245
0.65625 0.21875 0.0307771
0.65625 0.1875 0.0590529
0.6875 0.1875 0.0741279
0.6875 0.21875 0.0484598
0.65625 0.21875 0.0307771
0.625 0.1875 0.0491078
0.625 0.15625 0.0797187
0.65625 0.15625 0.0880765
0.65625 0.1875 0.0590529
0.625 0.1875 0.0491078
0.625 0.15625 0.0797187
0.625 0.125 0.110456
0.65625 0.125 0.117768
0.65625 0.15625 0.0880765
0.625 0.15625 0.0797187
0.65625 0.1875 0.0590529
0.65625 0.15625 0.0880765
0.6875 0.15625 0.101111
0.6875 0.1875 0.0741279
0.65625 0.1875 0.0590529
0.65625 0.15625 0.0880765
0.65625 0.125 0.117768
0.6875 0.125 0.129074
0.6875 0.15625 0.101111
0.65625 0.15625 0.0880765
0.6875 0.25 0.0250342
0.6875 0.21875 0.0484598
0.71875 0.21875 0.0694915
0.71875 0.25 0.0488139
0.6875 0.25 0.0250342
0.6875 0.21875 0.0484598
0.6875 0.1875 0.0741279
0.71875 0.1875 0.0927568
0.71875 0.21875 0.0694915
0.6875 0.21875 0.0484598
0.71875 0.25 0.0488139
0.71875 0.21875 0.0694915
0.75 0.21875 0.0928573
0.75 0.25 0.0744471
0.71875 0.25 0.0488139
0.71875 0.21875 0.0694915
0.71875 0.1875 0.0927568
0.75 0.1875 0.113945
0.75 0.21875 0.0928573
0.71875 0.21875 0.0694915
0.6875 0.1875 0.0741279
0.6875 0.15625 0.101111
0.71875 0.15625 0.1176
0.71875 0.1875 0.0927568
0.6875 0.1875 0.0741279
0.6875 0.15625 0.101111
0.6875 0.125 0.129074
0.71875 0.125 0.143846
0.71875 0.15625 0.1176
0.6875 0.15625 0.101111
0.71875 0.1875 0.0927568
0.71875 0.15625 0.1176
0.75 0.15625 0.136798
0.75 0.1875 0.113945
0.71875 0.1875 0.0927568
0.71875 0.15625 0.1176
0.71875 0.125 0.143846
0.75 0.125 0.161304
0.75 0.15625 0.136798
0.71875 0.15625 0.1176
0.625 0.125 0.110456
0.625 0.0625 0.172433
0.6875 0.0625 0.187113
0.6875 0.125 0.129074
0.625 0.125 0.110456
0.625 0.0625 0.172433
0.625 0 0.234598
0.6875 0 0.247091
0.6875 0.0625 0.187113
0.625 0.0625 0.172433
0.6875 0.125 0.129074
0.6875 0.0625 0.187113
0.75 0.0625 0.213388
0.75 0.125 0.161304
0.6875 0.125 0.129074
0.6875 0.0625 0.187113
0.6875 0 0.247091
0.75 0 0.269654
0.75 0.0625 0.213388
0.6875 0.0625 0.187113
0.75 0.5 -0.00648483
0.75 0.46875 0.00029895
0.78125 0.46875 0.0307189
0.78125 0.5 0.0240998
0.75 0.5 -0.00648483
0.75 0.46875 0.00029895
0.75 0.4375 0.00795559
0.78125 0.4375 0.0382133
0.78125 0.46875 0.0307189
0.75 0.46875 0.00029895
0.78125 0.5 0.0240998
0.78125 0.46875 0.0307189
0.8125 0.46875 0.0611856
0.8125 0.5 0.0547976
0.78125 0.5 0.0240998
0.78125 0.46875 0.0307189
0.78125 0.4375 0.0382133
0.8125 0.4375 0.0685087
0.8125 0.46875 0.0611856
0.78125 0.46875 0.0307189
0.75 0.4375 0.00795559
0.75 0.40625 0.0160647
0.78125 0.40625 0.0461953
0.78125 0.4375 0.0382133
0.75 0.4375 0.00795559
0.75 0.40625 0.0160647
0.75 0.375 0.0246955
0.78125 0.375 0.0546795
0.78125 0.40625 0.0461953
0.75 0.40625 0.0160647
0.78125 0.4375 0.0382133
0.78125 0.40625 0.0461953
0.8125 0.40625 0.0763597
0.8125 0.4375 0.0685087
0.78125 0.4375 0.0382133
0.78125 0.40625 0.0461953
0.78125 0.375 0.0546795
0.8125 0.375 0.0847048
0.8125 0.40625 0.0763597
0.78125 0.40625 0.0461953
0.8125 0.5 0.0547976
0.8125 0.46875 0.0611856
0.84375 0.46875 0.0916965
0.84375 0.5 0.0855374
0.8125 0.5 0.0547976
0.8125 0.46875 0.0611856
0.8125 0.4375 0.0685087
0.84375 0.4375 0.0988421
0.84375 0.46875 0.0916965
0.8125 0.46875 0.0611856
0.84375 0.5 0.0855374
0.84375 0.46875 0.0916965
0.875 0.46875 0.12225
0.875 0.5 0.116314
0.84375 0.5 0.0855374
0.84375 0.46875 0.0916965
0.84375 0.4375 0.0988421
0.875 0.4375 0.129214
0.875 0.46875 0.12225
0.84375 0.46875 0.0916965
0.8125 0.4375 0.0685087
0.8125 0.40625 0.0763597
0.84375 0.40625 0.106559
0.84375 0.4375 0.0988421
0.8125 0.4375 0.0685087
0.8125 0.40625 0.0763597
0.8125 0.375 0.0847048
0.84375 0.375 0.114767
0.84375 0.40625 0.106559
0.8125 0.40625 0.0763597
0.84375 0.4375 0.0988421
0.84375 0.40625 0.106559
0.875 0.40625 0.136792
0.875 0.4375 0.129214
0.84375 0.4375 0.0988421
0.84375 0.40625 0.106559
0.84375 0.375 0.114767
0.875 0.375 0.144866
0.875 0.40625 0.136792
0.84375 0.40625 0.106559
0.75 0.375 0.0246955
0.75 0.34375 0.0343567
0.78125 0.34375 0.0639919
0.78125 0.375 0.0546795
0.75 0.375 0.0246955
0.75 0.34375 0.0343567
0.75 0.3125 0.0454668
0.78125 0.3125 0.074535
0.78125 0.34375 0.0639919
0.75 0.34375 0.0343567
0.78125 0.375 0.0546795
0.78125 0.34375 0.0639919
0.8125 0.34375 0.0937512
0.8125 0.375 0.0847048
0.78125 0.375 0.0546795
0.78125 0.34375 0.0639919
0.78125 0.3125 0.074535
0.8125 0.3125 0.103838
0.8125 0.34375 0.0937512
0.78125 0.34375 0.0639919
0.75 0.3125 0.0454668
0.75 0.28125 0.0586823
0.78125 0.28125 0.0867903
0.78125 0.3125 0.074535
0.75 0.3125 0.0454668
0.75 0.28125 0.0586823
0.75 0.25 0.0744471
0.78125 0.25 0.101175
0.78125 0.28125 0.0867903
0.75 0.28125 0.0586823
0.78125 0.3125 0.074535
0.78125 0.28125 0.0867903
0.8125 0.28125 0.115381
0.8125 0.3125 0.103838
0.78125 0.3125 0.074535
0.78125 0.28125 0.0867903
0.78125 0.25 0.101175
0.8125 0.25 0.128684
0.8125 0.28125 0.115381
0.78125 0.28125 0.0867903
0.8125 0.375 0.0847048
0.8125 0.34375 0.0937512
0.84375 0.34375 0.12359
0.84375 0.375 0.114767
0.8125 0.375 0.0847048
0.8125 0.34375 0.0937512
0.8125 0.3125 0.103838
0.84375 0.3125 0.133298
0.84375 0.34375 0.12359
0.8125 0.34375 0.0937512
0.84375 0.375 0.114767
0.84375 0.34375 0.12359
0.875 0.34375 0.153516
0.875 0.375 0.144866
0.84375 0.375 0.114767
0.84375 0.34375 0.12359
0.84375 0.3125 0.133298
0.875 0.3125 0.162917
0.875 0.34375 0.153516
0.84375 0.34375 0.12359
0.8125 0.3125 0.103838
0.8125 0.25 0.128684
0.875 0.25 0.185414
0.875 0.3125 0.162917
0.8125 0.3125 0.103838
0.875 0.5 0.116314
0.875 0.4375 0.129214
0.9375 0.4375 0.190113
0.9375 0.5 0.17801
0.875 0.5 0.116314
0.875 0.4375 0.129214
0.875 0.375 0.144866
0.9375 0.375 0.205166
0.9375 0.4375 0.190113
0.875 0.4375 0.129214
0.9375 0.5 0.17801
0.9375 0.4375 0.190113
1 0.4375 0.251267
1 0.5 0.239903
0.9375 0.5 0.17801
0.9375 0.4375 0.190113
0.9375 0.375 0.205166
1 0.375 0.265697
1 0.4375 0.251267
0.9375 0.4375 0.190113
0.875 0.375 0.144866
0.875 0.3125 0.162917
0.9375 0.3125 0.222451
0.9375 0.375 0.205166
0.875 0.375 0.144866
0.875 0.3125 0.162917
0.875 0.25 0.185414
0.9375 0.25 0.243196
0.9375 0.3125 0.222451
0.875 0.3125 0.162917
0.9375 0.375 0.205166
0.9375 0.3125 0.222451
1 0.3125 0.282364
1 0.375 0.265697
0.9375 0.375 0.205166
0.9375 0.3125 0.222451
0.9375 0.25 0.243196
1 0.25 0.302008
1 0.3125 0.282364
0.9375 0.3125 0.222451
0.75 0.25 0.0744471
0.75 0.21875 0.0928573
0.78125 0.21875 0.117857
0.78125 0.25 0.101175
0.75 0.25 0.0744471
0.75 0.21875 0.0928573
0.75 0.1875 0.113945
0.78125 0.1875 0.136993
0.78125 0.21875 0.117857
0.75 0.21875 0.0928573
0.78125 0.25 0.101175
0.78125 0.21875 0.117857
0.8125 0.21875 0.14402
0.8125 0.25 0.128684
0.78125 0.25 0.101175
0.78125 0.21875 0.117857
0.78125 0.1875 0.136993
0.8125 0.1875 0.161473
0.8125 0.21875 0.14402
0.78125 0.21875 0.117857
0.75 0.1875 0.113945
0.75 0.125 0.161304
0.8125 0.125 0.20297
0.8125 0.1875 0.161473
0.75 0.1875 0.113945
0.8125 0.25 0.128684
0.8125 0.1875 0.161473
0.875 0.1875 0.214138
0.875 0.25 0.185414
0.8125 0.25 0.128684
0.8125 0.1875 0.161473
0.8125 0.125 0.20297
0.875 0.125 0.250033
0.875 0.1875 0.214138
0.8125 0.1875 0.161473
0.75 0.125 0.161304
0.75 0.0625 0.213388
0.8125 0.0625 0.249411
0.8125 0.125 0.20297
0.75 0.125 0.161304
0.75 0.0625 0.213388
0.75 0 0.269654
0.8125 0 0.301435
0.8125 0.0625 0.249411
0.75 0.0625 0.213388
0.8125 0.125 0.20297
0.8125 0.0625 0.249411
0.875 0.0625 0.291157
0.875 0.125 0.250033
0.8125 0.125 0.20297
0.8125 0.0625 0.249411
0.8125 0 0.301435
0.875 0 0.338892
0.875 0.0625 0.291157
0.8125 0.0625 0.249411
0.875 0.25 0.185414
0.875 0.125 0.250033
1 0.125 0.356751
1 0.25 0.302008
0.875 0.25 0.185414
0.875 0.125 0.250033
0.875 0 0.338892
1 0 0.435732
1 0.125 0.356751
0.875 0.125 0.250033
