0 1 0.453759
0 0.875 0.378436
0.125 0.875 0.269108
0.125 1 0.354084
0 1 0.453759
0 0.875 0.378436
0 0.75 0.312975
0.125 0.75 0.198615
0.125 0.875 0.269108
0 0.875 0.378436
0.125 1 0.354084
0.125 0.9375 0.310287
0.1875 0.9375 0.263996
0.1875 1 0.311758
0.125 1 0.354084
0.125 0.9375 0.310287
0.125 0.875 0.269108
0.1875 0.875 0.218912
0.1875 0.9375 0.263996
0.125 0.9375 0.310287
0.1875 1 0.311758
0.1875 0.9375 0.263996
0.25 0.9375 0.221219
0.25 1 0.273725
0.1875 1 0.311758
0.1875 0.9375 0.263996
0.1875 0.875 0.218912
0.25 0.875 0.17098
0.25 0.9375 0.221219
0.1875 0.9375 0.263996
0.125 0.875 0.269108
0.125 0.8125 0.23166
0.1875 0.8125 0.178138
0.1875 0.875 0.218912
0.125 0.875 0.269108
0.125 0.8125 0.23166
0.125 0.75 0.198615
0.1875 0.75 0.142215
0.1875 0.8125 0.178138
0.125 0.8125 0.23166
0.1875 0.875 0.218912
0.1875 0.8125 0.178138
0.25 0.8125 0.126224
0.25 0.875 0.17098
0.1875 0.875 0.218912
0.1875 0.8125 0.178138
0.1875 0.78125 0.15957
0.21875 0.78125 0.132761
0.21875 0.8125 0.151979
0.1875 0.8125 0.178138
0.1875 0.78125 0.15957
0.1875 0.75 0.142215
0.21875 0.75 0.114813
0.21875 0.78125 0.132761
0.1875 0.78125 0.15957
0.21875 0.8125 0.151979
0.21875 0.78125 0.132761
0.25 0.78125 0.106118
0.25 0.8125 0.126224
0.21875 0.8125 0.151979
0.21875 0.78125 0.132761
0.21875 0.75 0.114813
0.25 0.75 0.0876978
0.25 0.78125 0.106118
0.21875 0.78125 0.132761
0 0.75 0.312975
0 0.6875 0.286879
0.0625 0.6875 0.227997
0.0625 0.75 0.255429
0 0.75 0.312975
0 0.6875 0.286879
0 0.625 0.264274
0.0625 0.625 0.204333
0.0625 0.6875 0.227997
0 0.6875 0.286879
0.0625 0.75 0.255429
0.0625 0.6875 0.227997
0.125 0.6875 0.169963
0.125 0.75 0.198615
0.0625 0.75 0.255429
0.0625 0.6875 0.227997
0.0625 0.625 0.204333
0.125 0.625 0.145204
0.125 0.6875 0.169963
0.0625 0.6875 0.227997
0 0.625 0.264274
0 0.5625 0.244929
0.0625 0.5625 0.183778
0.0625 0.625 0.204333
0 0.625 0.264274
0 0.5625 0.244929
0 0.5 0.229858
0.0625 0.5 0.167633
0.0625 0.5625 0.183778
0 0.5625 0.244929
0.0625 0.625 0.204333
0.0625 0.5625 0.183778
0.125 0.5625 0.123099
0.125 0.625 0.145204
0.0625 0.625 0.204333
0.0625 0.5625 0.183778
0.0625 0.5 0.167633
0.125 0.5 0.105434
0.125 0.5625 0.123099
0.0625 0.5625 0.183778
0.125 0.75 0.198615
0.125 0.6875 0.169963
0.1875 0.6875 0.112784
0.1875 0.75 0.142215
0.125 0.75 0.198615
0.125 0.6875 0.169963
0.125 0.65625 0.157313
0.15625 0.65625 0.128452
0.15625 0.6875 0.141322
0.125 0.6875 0.169963
0.125 0.65625 0.157313
0.125 0.625 0.145204
0.15625 0.625 0.116082
0.15625 0.65625 0.128452
0.125 0.65625 0.157313
0.15625 0.6875 0.141322
0.15625 0.65625 0.128452
0.1875 0.65625 0.0997033
0.1875 0.6875 0.112784
0.15625 0.6875 0.141322
0.15625 0.65625 0.128452
0.15625 0.625 0.116082
0.1875 0.625 0.087091
0.1875 0.65625 0.0997033
0.15625 0.65625 0.128452
0.1875 0.75 0.142215
0.1875 0.71875 0.126971
0.21875 0.71875 0.0989536
0.21875 0.75 0.114813
0.1875 0.75 0.142215
0.1875 0.71875 0.126971
0.1875 0.6875 0.112784
0.21875 0.6875 0.0843455
0.21875 0.71875 0.0989536
0.1875 0.71875 0.126971
0.21875 0.75 0.114813
0.21875 0.71875 0.0989536
0.25 0.71875 0.0710964
0.25 0.75 0.0876978
0.21875 0.75 0.114813
0.21875 0.71875 0.0989536
0.21875 0.6875 0.0843455
0.25 0.6875 0.0560031
0.25 0.71875 0.0710964
0.21875 0.71875 0.0989536
0.1875 0.6875 0.112784
0.1875 0.65625 0.0997033
0.21875 0.65625 0.0710578
0.21875 0.6875 0.0843455
0.1875 0.6875 0.112784
0.1875 0.65625 0.0997033
0.1875 0.625 0.087091
0.21875 0.625 0.0582257
0.21875 0.65625 0.0710578
0.1875 0.65625 0.0997033
0.21875 0.6875 0.0843455
0.21875 0.65625 0.0710578
0.25 0.65625 0.0425067
0.25 0.6875 0.0560031
0.21875 0.6875 0.0843455
0.21875 0.65625 0.0710578
0.21875 0.625 0.0582257
0.25 0.625 0.0294724
0.25 0.65625 0.0425067
0.21875 0.65625 0.0710578
0.125 0.625 0.145204
0.125 0.59375 0.133738
0.15625 0.59375 0.104293
0.15625 0.625 0.116082
0.125 0.625 0.145204
0.125 0.59375 0.133738
0.125 0.5625 0.123099
0.15625 0.5625 0.0932609
0.15625 0.59375 0.104293
0.125 0.59375 0.133738
0.15625 0.625 0.116082
0.15625 0.59375 0.104293
0.1875 0.59375 0.0749976
0.1875 0.625 0.087091
0.15625 0.625 0.116082
0.15625 0.59375 0.104293
0.15625 0.5625 0.0932609
0.1875 0.5625 0.0635674
0.1875 0.59375 0.0749976
0.15625 0.59375 0.104293
0.125 0.5625 0.123099
0.125 0.53125 0.113548
0.15625 0.53125 0.0832574
0.15625 0.5625 0.0932609
0.125 0.5625 0.123099
0.125 0.53125 0.113548
0.125 0.5 0.105434
0.15625 0.5 0.074671
0.15625 0.53125 0.0832574
0.125 0.53125 0.113548
0.15625 0.5625 0.0932609
0.15625 0.53125 0.0832574
0.1875 0.53125 0.0530838
0.1875 0.5625 0.0635674
0.15625 0.5625 0.0932609
0.15625 0.53125 0.0832574
0.15625 0.5 0.074671
0.1875 0.5 0.0439731
0.1875 0.53125 0.0530838
0.15625 0.53125 0.0832574
0.1875 0.625 0.087091
0.1875 0.59375 0.0749976
0.21875 0.59375 0.0458703
0.21875 0.625 0.0582257
0.1875 0.625 0.087091
0.1875 0.59375 0.0749976
0.1875 0.5625 0.0635674
0.21875 0.5625 0.0340556
0.21875 0.59375 0.0458703
0.1875 0.59375 0.0749976
0.21875 0.625 0.0582257
0.21875 0.59375 0.0458703
0.25 0.59375 0.0169164
0.25 0.625 0.0294724
0.21875 0.625 0.0582257
0.21875 0.59375 0.0458703
0.21875 0.5625 0.0340556
0.25 0.5625 0.00474726
0.25 0.59375 0.0169164
0.21875 0.59375 0.0458703
0.1875 0.5625 0.0635674
0.1875 0.53125 0.0530838
0.21875 0.53125 0.0230714
0.21875 0.5625 0.0340556
0.1875 0.5625 0.0635674
0.1875 0.53125 0.0530838
0.1875 0.5 0.0439731
0.21875 0.5 0.0133738
0.21875 0.53125 0.0230714
0.1875 0.53125 0.0530838
0.21875 0.5625 0.0340556
0.21875 0.53125 0.0230714
0.25 0.53125 -0.00660714
0.25 0.5625 0.00474726
0.21875 0.5625 0.0340556
0.21875 0.53125 0.0230714
0.21875 0.5 0.0133738
0.25 0.5 -0.0167486
0.25 0.53125 -0.00660714
0.21875 0.53125 0.0230714
0.25 1 0.273725
0.25 0.9375 0.221219
0.3125 0.9375 0.186939
0.3125 1 0.244268
0.25 1 0.273725
0.25 0.9375 0.221219
0.25 0.875 0.17098
0.3125 0.875 0.13099
0.3125 0.9375 0.186939
0.25 0.9375 0.221219
0.3125 1 0.244268
0.3125 0.9375 0.186939
0.375 0.9375 0.163021
0.375 1 0.224212
0.3125 1 0.244268
0.3125 0.9375 0.186939
0.3125 0.875 0.13099
0.375 0.875 0.102213
0.375 0.9375 0.163021
0.3125 0.9375 0.186939
0.25 0.875 0.17098
0.25 0.84375 0.147895
0.28125 0.84375 0.125564
0.28125 0.875 0.150148
0.25 0.875 0.17098
0.25 0.84375 0.147895
0.25 0.8125 0.126224
0.28125 0.8125 0.102351
0.28125 0.84375 0.125564
0.25 0.84375 0.147895
0.28125 0.875 0.150148
0.28125 0.84375 0.125564
0.3125 0.84375 0.104735
0.3125 0.875 0.13099
0.28125 0.875 0.150148
0.28125 0.84375 0.125564
0.28125 0.8125 0.102351
0.3125 0.8125 0.0797183
0.3125 0.84375 0.104735
0.28125 0.84375 0.125564
0.25 0.8125 0.126224
0.25 0.78125 0.106118
0.28125 0.78125 0.0807338
0.28125 0.8125 0.102351
0.25 0.8125 0.126224
0.25 0.78125 0.106118
0.25 0.75 0.0876978
0.28125 0.75 0.0609956
0.28125 0.78125 0.0807338
0.25 0.78125 0.106118
0.28125 0.8125 0.102351
0.28125 0.78125 0.0807338
0.3125 0.78125 0.0562512
0.3125 0.8125 0.0797183
0.28125 0.8125 0.102351
0.28125 0.78125 0.0807338
0.28125 0.75 0.0609956
0.3125 0.75 0.0347959
0.3125 0.78125 0.0562512
0.28125 0.78125 0.0807338
0.3125 0.875 0.13099
0.3125 0.84375 0.104735
0.34375 0.84375 0.0866098
0.34375 0.875 0.11469
0.3125 0.875 0.13099
0.3125 0.84375 0.104735
0.3125 0.8125 0.0797183
0.34375 0.8125 0.0594306
0.34375 0.84375 0.0866098
0.3125 0.84375 0.104735
0.34375 0.875 0.11469
0.34375 0.84375 0.0866098
0.375 0.84375 0.0724207
0.375 0.875 0.102213
0.34375 0.875 0.11469
0.34375 0.84375 0.0866098
0.34375 0.8125 0.0594306
0.375 0.8125 0.0431202
0.375 0.84375 0.0724207
0.34375 0.84375 0.0866098
0.3125 0.8125 0.0797183
0.3125 0.78125 0.0562512
0.34375 0.78125 0.0334902
0.34375 0.8125 0.0594306
0.3125 0.8125 0.0797183
0.3125 0.78125 0.0562512
0.3125 0.75 0.0347959
0.34375 0.75 0.00933484
0.34375 0.78125 0.0334902
0.3125 0.78125 0.0562512
0.34375 0.8125 0.0594306
0.34375 0.78125 0.0334902
0.375 0.78125 0.0145256
0.375 0.8125 0.0431202
0.34375 0.8125 0.0594306
0.34375 0.78125 0.0334902
0.34375 0.75 0.00933484
0.375 0.75 -0.0119449
0.375 0.78125 0.0145256
0.34375 0.78125 0.0334902
0.375 1 0.224212
0.375 0.9375 0.163021
0.4375 0.9375 0.155738
0.4375 1 0.218243
0.375 1 0.224212
0.375 0.9375 0.163021
0.375 0.875 0.102213
0.4375 0.875 0.0932348
0.4375 0.9375 0.155738
0.375 0.9375 0.163021
0.4375 1 0.218243
0.4375 0.9375 0.155738
0.5 0.9375 0.164133
0.5 1 0.225595
0.4375 1 0.218243
0.4375 0.9375 0.155738
0.4375 0.875 0.0932348
0.5 0.875 0.102846
0.5 0.9375 0.164133
0.4375 0.9375 0.155738
0.375 0.875 0.102213
0.375 0.84375 0.0724207
0.40625 0.84375 0.0636942
0.40625 0.875 0.094716
0.375 0.875 0.102213
0.375 0.84375 0.0724207
0.375 0.8125 0.0431202
0.40625 0.8125 0.0327188
0.40625 0.84375 0.0636942
0.375 0.84375 0.0724207
0.40625 0.875 0.094716
0.40625 0.84375 0.0636942
0.4375 0.84375 0.0619932
0.4375 0.875 0.0932348
0.40625 0.875 0.094716
0.40625 0.84375 0.0636942
0.40625 0.8125 0.0327188
0.4375 0.8125 0.0307557
0.4375 0.84375 0.0619932
0.40625 0.84375 0.0636942
0.375 0.8125 0.0431202
0.375 0.78125 0.0145256
0.40625 0.78125 0.00181508
0.40625 0.8125 0.0327188
0.375 0.8125 0.0431202
0.375 0.78125 0.0145256
0.375 0.75 -0.0119449
0.40625 0.75 -0.0275363
0.40625 0.78125 0.00181508
0.375 0.78125 0.0145256
0.40625 0.8125 0.0327188
0.40625 0.78125 0.00181508
0.4375 0.78125 -0.000479644
0.4375 0.8125 0.0307557
0.40625 0.8125 0.0327188
0.40625 0.78125 0.00181508
0.40625 0.75 -0.0275363
0.4375 0.75 -0.0316132
0.4375 0.78125 -0.000479644
0.40625 0.78125 0.00181508
0.4375 0.875 0.0932348
0.4375 0.84375 0.0619932
0.46875 0.84375 0.0654444
0.46875 0.875 0.0963444
0.4375 0.875 0.0932348
0.4375 0.84375 0.0619932
0.4375 0.8125 0.0307557
0.46875 0.8125 0.0346047
0.46875 0.84375 0.0654444
0.4375 0.84375 0.0619932
0.46875 0.875 0.0963444
0.46875 0.84375 0.0654444
0.5 0.84375 0.0724576
0.5 0.875 0.102846
0.46875 0.875 0.0963444
0.46875 0.84375 0.0654444
0.46875 0.8125 0.0346047
0.5 0.8125 0.0422039
0.5 0.84375 0.0724576
0.46875 0.84375 0.0654444
0.4375 0.8125 0.0307557
0.4375 0.78125 -0.000479644
0.46875 0.78125 0.00384354
0.46875 0.8125 0.0346047
0.4375 0.8125 0.0307557
0.4375 0.78125 -0.000479644
0.4375 0.75 -0.0316132
0.46875 0.75 -0.0265113
0.46875 0.78125 0.00384354
0.4375 0.78125 -0.000479644
0.46875 0.8125 0.0346047
0.46875 0.78125 0.00384354
0.5 0.78125 0.0120983
0.5 0.8125 0.0422039
0.46875 0.8125 0.0346047
0.46875 0.78125 0.00384354
0.46875 0.75 -0.0265113
0.5 0.75 -0.017658
0.5 0.78125 0.0120983
0.46875 0.78125 0.00384354
0.25 0.75 0.0876978
0.25 0.71875 0.0710964
0.28125 0.71875 0.0434387
0.28125 0.75 0.0609956
0.25 0.75 0.0876978
0.25 0.71875 0.0710964
0.25 0.6875 0.0560031
0.28125 0.6875 0.027756
0.28125 0.71875 0.0434387
0.25 0.71875 0.0710964
0.28125 0.75 0.0609956
0.28125 0.71875 0.0434387
0.3125 0.71875 0.0159996
0.3125 0.75 0.0347959
0.28125 0.75 0.0609956
0.28125 0.71875 0.0434387
0.28125 0.6875 0.027756
0.3125 0.6875 -0.000381162
0.3125 0.71875 0.0159996
0.28125 0.71875 0.0434387
0.25 0.6875 0.0560031
0.25 0.65625 0.0425067
0.28125 0.65625 0.0140438
0.28125 0.6875 0.027756
0.25 0.6875 0.0560031
0.25 0.65625 0.0425067
0.25 0.625 0.0294724
0.28125 0.625 0.000823639
0.28125 0.65625 0.0140438
0.25 0.65625 0.0425067
0.28125 0.6875 0.027756
0.28125 0.65625 0.0140438
0.3125 0.65625 -0.0142362
0.3125 0.6875 -0.000381162
0.28125 0.6875 0.027756
0.28125 0.65625 0.0140438
0.28125 0.625 0.000823639
0.3125 0.625 -0.027599
0.3125 0.65625 -0.0142362
0.28125 0.65625 0.0140438
0.3125 0.75 0.0347959
0.3125 0.71875 0.0159996
0.34375 0.71875 -0.0104476
0.34375 0.75 0.00933484
0.3125 0.75 0.0347959
0.3125 0.71875 0.0159996
0.3125 0.6875 -0.000381162
0.34375 0.6875 -0.0276759
0.34375 0.71875 -0.0104476
0.3125 0.71875 0.0159996
0.34375 0.75 0.00933484
0.34375 0.71875 -0.0104476
0.375 0.71875 -0.0346798
0.375 0.75 -0.0119449
0.34375 0.75 0.00933484
0.34375 0.71875 -0.0104476
0.34375 0.6875 -0.0276759
0.375 0.6875 -0.0539926
0.375 0.71875 -0.0346798
0.34375 0.71875 -0.0104476
0.3125 0.6875 -0.000381162
0.3125 0.65625 -0.0142362
0.34375 0.65625 -0.0422513
0.34375 0.6875 -0.0276759
0.3125 0.6875 -0.000381162
0.3125 0.65625 -0.0142362
0.3125 0.625 -0.027599
0.34375 0.625 -0.0559047
0.34375 0.65625 -0.0422513
0.3125 0.65625 -0.0142362
0.34375 0.6875 -0.0276759
0.34375 0.65625 -0.0422513
0.375 0.65625 -0.0698609
0.375 0.6875 -0.0539926
0.34375 0.6875 -0.0276759
0.34375 0.65625 -0.0422513
0.34375 0.625 -0.0559047
0.375 0.625 -0.0840425
0.375 0.65625 -0.0698609
0.34375 0.65625 -0.0422513
0.25 0.625 0.0294724
0.25 0.59375 0.0169164
0.28125 0.59375 -0.0118466
0.28125 0.625 0.000823639
0.25 0.625 0.0294724
0.25 0.59375 0.0169164
0.25 0.5625 0.00474726
0.28125 0.5625 -0.0241388
0.28125 0.59375 -0.0118466
0.25 0.59375 0.0169164
0.28125 0.625 0.000823639
0.28125 0.59375 -0.0118466
0.3125 0.59375 -0.0404622
0.3125 0.625 -0.027599
0.28125 0.625 0.000823639
0.28125 0.59375 -0.0118466
0.28125 0.5625 -0.0241388
0.3125 0.5625 -0.0529209
0.3125 0.59375 -0.0404622
0.28125 0.59375 -0.0118466
0.25 0.5625 0.00474726
0.25 0.53125 -0.00660714
0.28125 0.53125 -0.035797
0.28125 0.5625 -0.0241388
0.25 0.5625 0.00474726
0.25 0.53125 -0.00660714
0.25 0.5 -0.0167486
0.28125 0.5 -0.0464149
0.28125 0.53125 -0.035797
0.25 0.53125 -0.00660714
0.28125 0.5625 -0.0241388
0.28125 0.53125 -0.035797
0.3125 0.53125 -0.0648465
0.3125 0.5625 -0.0529209
0.28125 0.5625 -0.0241388
0.28125 0.53125 -0.035797
0.28125 0.5 -0.0464149
0.3125 0.5 -0.0758986
0.3125 0.53125 -0.0648465
0.28125 0.53125 -0.035797
0.3125 0.625 -0.027599
0.3125 0.59375 -0.0404622
0.34375 0.59375 -0.0689877
0.34375 0.625 -0.0559047
0.3125 0.625 -0.027599
0.3125 0.59375 -0.0404622
0.3125 0.5625 -0.0529209
0.34375 0.5625 -0.0816317
0.34375 0.59375 -0.0689877
0.3125 0.59375 -0.0404622
0.34375 0.625 -0.0559047
0.34375 0.59375 -0.0689877
0.375 0.59375 -0.0974087
0.375 0.625 -0.0840425
0.34375 0.625 -0.0559047
0.34375 0.59375 -0.0689877
0.34375 0.5625 -0.0816317
0.375 0.5625 -0.110264
0.375 0.59375 -0.0974087
0.34375 0.59375 -0.0689877
0.3125 0.5625 -0.0529209
0.3125 0.53125 -0.0648465
0.34375 0.53125 -0.0937862
0.34375 0.5625 -0.0816317
0.3125 0.5625 -0.0529209
0.3125 0.53125 -0.0648465
0.3125 0.5 -0.0758986
0.34375 0.5 -0.105206
0.34375 0.53125 -0.0937862
0.3125 0.53125 -0.0648465
0.34375 0.5625 -0.0816317
0.34375 0.53125 -0.0937862
0.375 0.53125 -0.122636
0.375 0.5625 -0.110264
0.34375 0.5625 -0.0816317
0.34375 0.53125 -0.0937862
0.34375 0.5 -0.105206
0.375 0.5 -0.134374
0.375 0.53125 -0.122636
0.34375 0.53125 -0.0937862
0.375 0.75 -0.0119449
0.375 0.71875 -0.0346798
0.40625 0.71875 -0.054519
0.40625 0.75 -0.0275363
0.375 0.75 -0.0119449
0.375 0.71875 -0.0346798
0.375 0.6875 -0.0539926
0.40625 0.6875 -0.0778687
0.40625 0.71875 -0.054519
0.375 0.71875 -0.0346798
0.40625 0.75 -0.0275363
0.40625 0.71875 -0.054519
0.4375 0.71875 -0.0626289
0.4375 0.75 -0.0316132
0.40625 0.75 -0.0275363
0.40625 0.71875 -0.054519
0.40625 0.6875 -0.0778687
0.4375 0.6875 -0.0926539
0.4375 0.71875 -0.0626289
0.40625 0.71875 -0.054519
0.375 0.6875 -0.0539926
0.375 0.65625 -0.0698609
0.40625 0.65625 -0.0965573
0.40625 0.6875 -0.0778687
0.375 0.6875 -0.0539926
0.375 0.65625 -0.0698609
0.375 0.625 -0.0840425
0.40625 0.625 -0.111861
0.40625 0.65625 -0.0965573
0.375 0.65625 -0.0698609
0.40625 0.6875 -0.0778687
0.40625 0.65625 -0.0965573
0.4375 0.65625 -0.118728
0.4375 0.6875 -0.0926539
0.40625 0.6875 -0.0778687
0.40625 0.65625 -0.0965573
0.40625 0.625 -0.111861
0.4375 0.625 -0.138434
0.4375 0.65625 -0.118728
0.40625 0.65625 -0.0965573
0.4375 0.75 -0.0316132
0.4375 0.71875 -0.0626289
0.46875 0.71875 -0.0566259
0.46875 0.75 -0.0265113
0.4375 0.75 -0.0316132
0.4375 0.71875 -0.0626289
0.4375 0.6875 -0.0926539
0.46875 0.6875 -0.0865307
0.46875 0.71875 -0.0566259
0.4375 0.71875 -0.0626289
0.46875 0.75 -0.0265113
0.46875 0.71875 -0.0566259
0.5 0.71875 -0.0471506
0.5 0.75 -0.017658
0.46875 0.75 -0.0265113
0.46875 0.71875 -0.0566259
0.46875 0.6875 -0.0865307
0.5 0.6875 -0.0764768
0.5 0.71875 -0.0471506
0.46875 0.71875 -0.0566259
0.4375 0.6875 -0.0926539
0.4375 0.65625 -0.118728
0.46875 0.65625 -0.116232
0.46875 0.6875 -0.0865307
0.4375 0.6875 -0.0926539
0.4375 0.65625 -0.118728
0.4375 0.625 -0.138434
0.46875 0.625 -0.145742
0.46875 0.65625 -0.116232
0.4375 0.65625 -0.118728
0.46875 0.6875 -0.0865307
0.46875 0.65625 -0.116232
0.5 0.65625 -0.105667
0.5 0.6875 -0.0764768
0.46875 0.6875 -0.0865307
0.46875 0.65625 -0.116232
0.46875 0.625 -0.145742
0.5 0.625 -0.134722
0.5 0.65625 -0.105667
0.46875 0.65625 -0.116232
0.375 0.625 -0.0840425
0.375 0.59375 -0.0974087
0.40625 0.59375 -0.125681
0.40625 0.625 -0.111861
0.375 0.625 -0.0840425
0.375 0.59375 -0.0974087
0.375 0.5625 -0.110264
0.40625 0.5625 -0.138818
0.40625 0.59375 -0.125681
0.375 0.59375 -0.0974087
0.40625 0.625 -0.111861
0.40625 0.59375 -0.125681
0.4375 0.59375 -0.153587
0.4375 0.625 -0.138434
0.40625 0.625 -0.111861
0.40625 0.59375 -0.125681
0.40625 0.5625 -0.138818
0.4375 0.5625 -0.167289
0.4375 0.59375 -0.153587
0.40625 0.59375 -0.125681
0.375 0.5625 -0.110264
0.375 0.5 -0.134374
0.4375 0.5 -0.185551
0.4375 0.5625 -0.167289
0.375 0.5625 -0.110264
0.4375 0.625 -0.138434
0.4375 0.5625 -0.167289
0.5 0.5625 -0.192577
0.5 0.625 -0.134722
0.4375 0.625 -0.138434
0.4375 0.5625 -0.167289
0.4375 0.5 -0.185551
0.5 0.5 -0.229508
0.5 0.5625 -0.192577
0.4375 0.5625 -0.167289
0 0.5 0.229858
0 0.4375 0.220853
0.0625 0.4375 0.158317
0.0625 0.5 0.167633
0 0.5 0.229858
0 0.4375 0.220853
0 0.375 0.22697
0.0625 0.375 0.165639
0.0625 0.4375 0.158317
0 0.4375 0.220853
0.0625 0.5 0.167633
0.0625 0.4375 0.158317
0.125 0.4375 0.0958119
0.125 0.5 0.105434
0.0625 0.5 0.167633
0.0625 0.4375 0.158317
0.0625 0.375 0.165639
0.125 0.375 0.105246
0.125 0.4375 0.0958119
0.0625 0.4375 0.158317
0 0.375 0.22697
0 0.3125 0.244613
0.0625 0.3125 0.186229
0.0625 0.375 0.165639
0 0.375 0.22697
0 0.3125 0.244613
0 0.25 0.271377
0.0625 0.25 0.216986
0.0625 0.3125 0.186229
0 0.3125 0.244613
0.0625 0.375 0.165639
0.0625 0.3125 0.186229
0.125 0.3125 0.130789
0.125 0.375 0.105246
0.0625 0.375 0.165639
0.0625 0.3125 0.186229
0.0625 0.25 0.216986
0.125 0.25 0.167477
0.125 0.3125 0.130789
0.0625 0.3125 0.186229
0.125 0.5 0.105434
0.125 0.46875 0.0992371
0.15625 0.46875 0.0680559
0.15625 0.5 0.074671
0.125 0.5 0.105434
0.125 0.46875 0.0992371
0.125 0.4375 0.0958119
0.15625 0.4375 0.0645631
0.15625 0.46875 0.0680559
0.125 0.46875 0.0992371
0.15625 0.5 0.074671
0.15625 0.46875 0.0680559
0.1875 0.46875 0.0368695
0.1875 0.5 0.0439731
0.15625 0.5 0.074671
0.15625 0.46875 0.0680559
0.15625 0.4375 0.0645631
0.1875 0.4375 0.0333162
0.1875 0.46875 0.0368695
0.15625 0.46875 0.0680559
0.125 0.4375 0.0958119
0.125 0.40625 0.098217
0.15625 0.40625 0.0673447
0.15625 0.4375 0.0645631
0.125 0.4375 0.0958119
0.125 0.40625 0.098217
0.125 0.375 0.105246
0.15625 0.375 0.0756025
0.15625 0.40625 0.0673447
0.125 0.40625 0.098217
0.15625 0.4375 0.0645631
0.15625 0.40625 0.0673447
0.1875 0.40625 0.0367002
0.1875 0.4375 0.0333162
0.15625 0.4375 0.0645631
0.15625 0.40625 0.0673447
0.15625 0.375 0.0756025
0.1875 0.375 0.0463924
0.1875 0.40625 0.0367002
0.15625 0.40625 0.0673447
0.1875 0.5 0.0439731
0.1875 0.46875 0.0368695
0.21875 0.46875 0.0056724
0.21875 0.5 0.0133738
0.1875 0.5 0.0439731
0.1875 0.46875 0.0368695
0.1875 0.4375 0.0333162
0.21875 0.4375 0.00206786
0.21875 0.46875 0.0056724
0.1875 0.46875 0.0368695
0.21875 0.5 0.0133738
0.21875 0.46875 0.0056724
0.25 0.46875 -0.0249749
0.25 0.5 -0.0167486
0.21875 0.5 0.0133738
0.21875 0.46875 0.0056724
0.21875 0.4375 0.00206786
0.25 0.4375 -0.0281395
0.25 0.46875 -0.0249749
0.21875 0.46875 0.0056724
0.1875 0.4375 0.0333162
0.1875 0.40625 0.0367002
0.21875 0.40625 0.00624904
0.21875 0.4375 0.00206786
0.1875 0.4375 0.0333162
0.1875 0.40625 0.0367002
0.1875 0.375 0.0463924
0.21875 0.375 0.0179973
0.21875 0.40625 0.00624904
0.1875 0.40625 0.0367002
0.21875 0.4375 0.00206786
0.21875 0.40625 0.00624904
0.25 0.40625 -0.0217068
0.25 0.4375 -0.0281395
0.21875 0.4375 0.00206786
0.21875 0.40625 0.00624904
0.21875 0.375 0.0179973
0.25 0.375 -0.00839812
0.25 0.40625 -0.0217068
0.21875 0.40625 0.00624904
0.125 0.375 0.105246
0.125 0.34375 0.116416
0.15625 0.34375 0.0882639
0.15625 0.375 0.0756025
0.125 0.375 0.105246
0.125 0.34375 0.116416
0.125 0.3125 0.130789
0.15625 0.3125 0.104386
0.15625 0.34375 0.0882639
0.125 0.34375 0.116416
0.15625 0.375 0.0756025
0.15625 0.34375 0.0882639
0.1875 0.34375 0.061047
0.1875 0.375 0.0463924
0.15625 0.375 0.0756025
0.15625 0.34375 0.0882639
0.15625 0.3125 0.104386
0.1875 0.3125 0.0792715
0.1875 0.34375 0.061047
0.15625 0.34375 0.0882639
0.125 0.3125 0.130789
0.125 0.28125 0.147996
0.15625 0.28125 0.123322
0.15625 0.3125 0.104386
0.125 0.3125 0.130789
0.125 0.28125 0.147996
0.125 0.25 0.167477
0.15625 0.25 0.144455
0.15625 0.28125 0.123322
0.125 0.28125 0.147996
0.15625 0.3125 0.104386
0.15625 0.28125 0.123322
0.1875 0.28125 0.100271
0.1875 0.3125 0.0792715
0.15625 0.3125 0.104386
0.15625 0.28125 0.123322
0.15625 0.25 0.144455
0.1875 0.25 0.123172
0.1875 0.28125 0.100271
0.15625 0.28125 0.123322
0.1875 0.375 0.0463924
0.1875 0.34375 0.061047
0.21875 0.34375 0.0350328
0.21875 0.375 0.0179973
0.1875 0.375 0.0463924
0.1875 0.34375 0.061047
0.1875 0.3125 0.0792715
0.21875 0.3125 0.0557333
0.21875 0.34375 0.0350328
0.1875 0.34375 0.061047
0.21875 0.375 0.0179973
0.21875 0.34375 0.0350328
0.25 0.34375 0.0112149
0.25 0.375 -0.00839812
0.21875 0.375 0.0179973
0.21875 0.34375 0.0350328
0.21875 0.3125 0.0557333
0.25 0.3125 0.034738
0.25 0.34375 0.0112149
0.21875 0.34375 0.0350328
0.1875 0.3125 0.0792715
0.1875 0.28125 0.100271
0.21875 0.28125 0.0789264
0.21875 0.3125 0.0557333
0.1875 0.3125 0.0792715
0.1875 0.28125 0.100271
0.1875 0.25 0.123172
0.21875 0.25 0.103679
0.21875 0.28125 0.0789264
0.1875 0.28125 0.100271
0.21875 0.3125 0.0557333
0.21875 0.28125 0.0789264
0.25 0.28125 0.0599378
0.25 0.3125 0.034738
0.21875 0.3125 0.0557333
0.21875 0.28125 0.0789264
0.21875 0.25 0.103679
0.25 0.25 0.0861492
0.25 0.28125 0.0599378
0.21875 0.28125 0.0789264
0 0.25 0.271377
0 0.1875 0.306126
0.0625 0.1875 0.256001
0.0625 0.25 0.216986
0 0.25 0.271377
0 0.1875 0.306126
0 0.125 0.345961
0.0625 0.125 0.300078
0.0625 0.1875 0.256001
0 0.1875 0.306126
0.0625 0.25 0.216986
0.0625 0.1875 0.256001
0.125 0.1875 0.211877
0.125 0.25 0.167477
0.0625 0.25 0.216986
0.0625 0.1875 0.256001
0.0625 0.125 0.300078
0.125 0.125 0.260717
0.125 0.1875 0.211877
0.0625 0.1875 0.256001
0 0.125 0.345961
0 0 0.444511
0.125 0 0.367677
0.125 0.125 0.260717
0 0.125 0.345961
0.125 0.25 0.167477
0.125 0.1875 0.211877
0.1875 0.1875 0.172837
0.1875 0.25 0.123172
0.125 0.25 0.167477
0.125 0.1875 0.211877
0.125 0.125 0.260717
0.1875 0.125 0.226039
0.1875 0.1875 0.172837
0.125 0.1875 0.211877
0.1875 0.25 0.123172
0.1875 0.21875 0.147486
0.21875 0.21875 0.129417
0.21875 0.25 0.103679
0.1875 0.25 0.123172
0.1875 0.21875 0.147486
0.1875 0.1875 0.172837
0.21875 0.1875 0.155889
0.21875 0.21875 0.129417
0.1875 0.21875 0.147486
0.21875 0.25 0.103679
0.21875 0.21875 0.129417
0.25 0.21875 0.112986
0.25 0.25 0.0861492
0.21875 0.25 0.103679
0.21875 0.21875 0.129417
0.21875 0.1875 0.155889
0.25 0.1875 0.14029
0.25 0.21875 0.112986
0.21875 0.21875 0.129417
0.1875 0.1875 0.172837
0.1875 0.125 0.226039
0.25 0.125 0.195881
0.25 0.1875 0.14029
0.1875 0.1875 0.172837
0.125 0.125 0.260717
0.125 0 0.367677
0.25 0 0.308829
0.25 0.125 0.195881
0.125 0.125 0.260717
0.25 0.5 -0.0167486
0.25 0.46875 -0.0249749
0.28125 0.46875 -0.055284
0.28125 0.5 -0.0464149
0.25 0.5 -0.0167486
0.25 0.46875 -0.0249749
0.25 0.4375 -0.0281395
0.28125 0.4375 -0.0570556
0.28125 0.46875 -0.055284
0.25 0.46875 -0.0249749
0.28125 0.5 -0.0464149
0.28125 0.46875 -0.055284
0.3125 0.46875 -0.0853967
0.3125 0.5 -0.0758986
0.28125 0.5 -0.0464149
0.28125 0.46875 -0.055284
0.28125 0.4375 -0.0570556
0.3125 0.4375 -0.0841652
0.3125 0.46875 -0.0853967
0.28125 0.46875 -0.055284
0.25 0.4375 -0.0281395
0.25 0.40625 -0.0217068
0.28125 0.40625 -0.0474943
0.28125 0.4375 -0.0570556
0.25 0.4375 -0.0281395
0.25 0.40625 -0.0217068
0.25 0.375 -0.00839812
0.28125 0.375 -0.0304175
0.28125 0.40625 -0.0474943
0.25 0.40625 -0.0217068
0.28125 0.4375 -0.0570556
0.28125 0.40625 -0.0474943
0.3125 0.40625 -0.0706319
0.3125 0.4375 -0.0841652
0.28125 0.4375 -0.0570556
0.28125 0.40625 -0.0474943
0.28125 0.375 -0.0304175
0.3125 0.375 -0.0501035
0.3125 0.40625 -0.0706319
0.28125 0.40625 -0.0474943
0.3125 0.5 -0.0758986
0.3125 0.46875 -0.0853967
0.34375 0.46875 -0.114715
0.34375 0.5 -0.105206
0.3125 0.5 -0.0758986
0.3125 0.46875 -0.0853967
0.3125 0.4375 -0.0841652
0.34375 0.4375 -0.10882
0.34375 0.46875 -0.114715
0.3125 0.46875 -0.0853967
0.34375 0.5 -0.105206
0.34375 0.46875 -0.114715
0.375 0.46875 -0.142071
0.375 0.5 -0.134374
0.34375 0.5 -0.105206
0.34375 0.46875 -0.114715
0.34375 0.4375 -0.10882
0.375 0.4375 -0.130473
0.375 0.46875 -0.142071
0.34375 0.46875 -0.114715
0.3125 0.4375 -0.0841652
0.3125 0.40625 -0.0706319
0.34375 0.40625 -0.0909649
0.34375 0.4375 -0.10882
0.3125 0.4375 -0.0841652
0.3125 0.40625 -0.0706319
0.3125 0.375 -0.0501035
0.34375 0.375 -0.067428
0.34375 0.40625 -0.0909649
0.3125 0.40625 -0.0706319
0.34375 0.4375 -0.10882
0.34375 0.40625 -0.0909649
0.375 0.40625 -0.108481
0.375 0.4375 -0.130473
0.34375 0.4375 -0.10882
0.34375 0.40625 -0.0909649
0.34375 0.375 -0.067428
0.375 0.375 -0.0826691
0.375 0.40625 -0.108481
0.34375 0.40625 -0.0909649
0.25 0.375 -0.00839812
0.25 0.34375 0.0112149
0.28125 0.34375 -0.00920712
0.28125 0.375 -0.0304175
0.25 0.375 -0.00839812
0.25 0.34375 0.0112149
0.25 0.3125 0.034738
0.28125 0.3125 0.0163297
0.28125 0.34375 -0.00920712
0.25 0.34375 0.0112149
0.28125 0.375 -0.0304175
0.28125 0.34375 -0.00920712
0.3125 0.34375 -0.0258424
0.3125 0.375 -0.0501035
0.28125 0.375 -0.0304175
0.28125 0.34375 -0.00920712
0.28125 0.3125 0.0163297
0.3125 0.3125 0.000249
0.3125 0.34375 -0.0258424
0.28125 0.34375 -0.00920712
0.25 0.3125 0.034738
0.25 0.28125 0.0599378
0.28125 0.28125 0.0430478
0.28125 0.3125 0.0163297
0.25 0.3125 0.034738
0.25 0.28125 0.0599378
0.25 0.25 0.0861492
0.28125 0.25 0.0703194
0.28125 0.28125 0.0430478
0.25 0.28125 0.0599378
0.28125 0.3125 0.0163297
0.28125 0.28125 0.0430478
0.3125 0.28125 0.0279153
0.3125 0.3125 0.000249
0.28125 0.3125 0.0163297
0.28125 0.28125 0.0430478
0.28125 0.25 0.0703194
0.3125 0.25 0.0558435
0.3125 0.28125 0.0279153
0.28125 0.28125 0.0430478
0.3125 0.375 -0.0501035
0.3125 0.34375 -0.0258424
0.34375 0.34375 -0.0411894
0.34375 0.375 -0.067428
0.3125 0.375 -0.0501035
0.3125 0.34375 -0.0258424
0.3125 0.3125 0.000249
0.34375 0.3125 -0.0140686
0.34375 0.34375 -0.0411894
0.3125 0.34375 -0.0258424
0.34375 0.375 -0.067428
0.34375 0.34375 -0.0411894
0.375 0.34375 -0.0553132
0.375 0.375 -0.0826691
0.34375 0.375 -0.067428
0.34375 0.34375 -0.0411894
0.34375 0.3125 -0.0140686
0.375 0.3125 -0.0274046
0.375 0.34375 -0.0553132
0.34375 0.34375 -0.0411894
0.3125 0.3125 0.000249
0.3125 0.28125 0.0279153
0.34375 0.28125 0.0140056
0.34375 0.3125 -0.0140686
0.3125 0.3125 0.000249
0.3125 0.28125 0.0279153
0.3125 0.25 0.0558435
0.34375 0.25 0.0422942
0.34375 0.28125 0.0140056
0.3125 0.28125 0.0279153
0.34375 0.3125 -0.0140686
0.34375 0.28125 0.0140056
0.375 0.28125 0.000834671
0.375 0.3125 -0.0274046
0.34375 0.3125 -0.0140686
0.34375 0.28125 0.0140056
0.34375 0.25 0.0422942
0.375 0.25 0.0293292
0.375 0.28125 0.000834671
0.34375 0.28125 0.0140056
0.375 0.5 -0.134374
0.375 0.4375 -0.130473
0.4375 0.4375 -0.164635
0.4375 0.5 -0.185551
0.375 0.5 -0.134374
0.375 0.4375 -0.130473
0.375 0.40625 -0.108481
0.40625 0.40625 -0.12388
0.40625 0.4375 -0.148935
0.375 0.4375 -0.130473
0.375 0.40625 -0.108481
0.375 0.375 -0.0826691
0.40625 0.375 -0.0966418
0.40625 0.40625 -0.12388
0.375 0.40625 -0.108481
0.40625 0.4375 -0.148935
0.40625 0.40625 -0.12388
0.4375 0.40625 -0.137775
0.4375 0.4375 -0.164635
0.40625 0.4375 -0.148935
0.40625 0.40625 -0.12388
0.40625 0.375 -0.0966418
0.4375 0.375 -0.10981
0.4375 0.40625 -0.137775
0.40625 0.40625 -0.12388
0.4375 0.5 -0.185551
0.4375 0.4375 -0.164635
0.5 0.4375 -0.191432
0.5 0.5 -0.229508
0.4375 0.5 -0.185551
0.4375 0.4375 -0.164635
0.4375 0.375 -0.10981
0.5 0.375 -0.134146
0.5 0.4375 -0.191432
0.4375 0.4375 -0.164635
0.375 0.375 -0.0826691
0.375 0.34375 -0.0553132
0.40625 0.34375 -0.0686557
0.40625 0.375 -0.0966418
0.375 0.375 -0.0826691
0.375 0.34375 -0.0553132
0.375 0.3125 -0.0274046
0.40625 0.3125 -0.040338
0.40625 0.34375 -0.0686557
0.375 0.34375 -0.0553132
0.40625 0.375 -0.0966418
0.40625 0.34375 -0.0686557
0.4375 0.34375 -0.0814324
0.4375 0.375 -0.10981
0.40625 0.375 -0.0966418
0.40625 0.34375 -0.0686557
0.40625 0.3125 -0.040338
0.4375 0.3125 -0.0528361
0.4375 0.34375 -0.0814324
0.40625 0.34375 -0.0686557
0.375 0.3125 -0.0274046
0.375 0.28125 0.000834671
0.40625 0.28125 -0.0118724
0.40625 0.3125 -0.040338
0.375 0.3125 -0.0274046
0.375 0.28125 0.000834671
0.375 0.25 0.0293292
0.40625 0.25 0.0167889
0.40625 0.28125 -0.0118724
0.375 0.28125 0.000834671
0.40625 0.3125 -0.040338
0.40625 0.28125 -0.0118724
0.4375 0.28125 -0.0241466
0.4375 0.3125 -0.0528361
0.40625 0.3125 -0.040338
0.40625 0.28125 -0.0118724
0.40625 0.25 0.0167889
0.4375 0.25 0.00465587
0.4375 0.28125 -0.0241466
0.40625 0.28125 -0.0118724
0.4375 0.375 -0.10981
0.4375 0.34375 -0.0814324
0.46875 0.34375 -0.0936489
0.46875 0.375 -0.122342
0.4375 0.375 -0.10981
0.4375 0.34375 -0.0814324
0.4375 0.3125 -0.0528361
0.46875 0.3125 -0.0648135
0.46875 0.34375 -0.0936489
0.4375 0.34375 -0.0814324
0.46875 0.375 -0.122342
0.46875 0.34375 -0.0936489
0.5 0.34375 -0.10513
0.5 0.375 -0.134146
0.46875 0.375 -0.122342
0.46875 0.34375 -0.0936489
0.46875 0.3125 -0.0648135
0.5 0.3125 -0.0759868
0.5 0.34375 -0.10513
0.46875 0.34375 -0.0936489
0.4375 0.3125 -0.0528361
0.4375 0.28125 -0.0241466
0.46875 0.28125 -0.0358878
0.46875 0.3125 -0.0648135
0.4375 0.3125 -0.0528361
0.4375 0.28125 -0.0241466
0.4375 0.25 0.00465587
0.46875 0.25 -0.0068679
0.46875 0.28125 -0.0358878
0.4375 0.28125 -0.0241466
0.46875 0.3125 -0.0648135
0.46875 0.28125 -0.0358878
0.5 0.28125 -0.0467157
0.5 0.3125 -0.0759868
0.46875 0.3125 -0.0648135
0.46875 0.28125 -0.0358878
0.46875 0.25 -0.0068679
0.5 0.25 -0.0173057
0.5 0.28125 -0.0467157
0.46875 0.28125 -0.0358878
0.25 0.25 0.0861492
0.25 0.21875 0.112986
0.28125 0.21875 0.0979372
0.28125 0.25 0.0703194
0.25 0.25 0.0861492
0.25 0.21875 0.112986
0.25 0.1875 0.14029
0.28125 0.1875 0.125829
0.28125 0.21875 0.0979372
0.25 0.21875 0.112986
0.28125 0.25 0.0703194
0.28125 0.21875 0.0979372
0.3125 0.21875 0.0839488
0.3125 0.25 0.0558435
0.28125 0.25 0.0703194
0.28125 0.21875 0.0979372
0.28125 0.1875 0.125829
0.3125 0.1875 0.112186
0.3125 0.21875 0.0839488
0.28125 0.21875 0.0979372
0.25 0.1875 0.14029
0.25 0.125 0.195881
0.3125 0.125 0.168964
0.3125 0.1875 0.112186
0.25 0.1875 0.14029
0.3125 0.25 0.0558435
0.3125 0.21875 0.0839488
0.34375 0.21875 0.0706768
0.34375 0.25 0.0422942
0.3125 0.25 0.0558435
0.3125 0.21875 0.0839488
0.3125 0.1875 0.112186
0.34375 0.1875 0.0991442
0.34375 0.21875 0.0706768
0.3125 0.21875 0.0839488
0.34375 0.25 0.0422942
0.34375 0.21875 0.0706768
0.375 0.21875 0.0579014
0.375 0.25 0.0293292
0.34375 0.25 0.0422942
0.34375 0.21875 0.0706768
0.34375 0.1875 0.0991442
0.375 0.1875 0.0865538
0.375 0.21875 0.0579014
0.34375 0.21875 0.0706768
0.3125 0.1875 0.112186
0.3125 0.15625 0.140528
0.34375 0.15625 0.127691
0.34375 0.1875 0.0991442
0.3125 0.1875 0.112186
0.3125 0.15625 0.140528
0.3125 0.125 0.168964
0.34375 0.125 0.15632
0.34375 0.15625 0.127691
0.3125 0.15625 0.140528
0.34375 0.1875 0.0991442
0.34375 0.15625 0.127691
0.375 0.15625 0.115288
0.375 0.1875 0.0865538
0.34375 0.1875 0.0991442
0.34375 0.15625 0.127691
0.34375 0.125 0.15632
0.375 0.125 0.144106
0.375 0.15625 0.115288
0.34375 0.15625 0.127691
0.25 0.125 0.195881
0.25 0.0625 0.252021
0.3125 0.0625 0.226089
0.3125 0.125 0.168964
0.25 0.125 0.195881
0.25 0.0625 0.252021
0.25 0 0.308829
0.3125 0 0.283767
0.3125 0.0625 0.226089
0.25 0.0625 0.252021
0.3125 0.125 0.168964
0.3125 0.0625 0.226089
0.375 0.0625 0.202071
0.375 0.125 0.144106
0.3125 0.125 0.168964
0.3125 0.0625 0.226089
0.3125 0 0.283767
0.375 0 0.260687
0.375 0.0625 0.202071
0.3125 0.0625 0.226089
0.375 0.25 0.0293292
0.375 0.21875 0.0579014
0.40625 0.21875 0.0455403
0.40625 0.25 0.0167889
0.375 0.25 0.0293292
0.375 0.21875 0.0579014
0.375 0.1875 0.0865538
0.40625 0.1875 0.0743824
0.40625 0.21875 0.0455403
0.375 0.21875 0.0579014
0.40625 0.25 0.0167889
0.40625 0.21875 0.0455403
0.4375 0.21875 0.0336262
0.4375 0.25 0.00465587
0.40625 0.25 0.0167889
0.40625 0.21875 0.0455403
0.40625 0.1875 0.0743824
0.4375 0.1875 0.0627181
0.4375 0.21875 0.0336262
0.40625 0.21875 0.0455403
0.375 0.1875 0.0865538
0.375 0.15625 0.115288
0.40625 0.15625 0.10332
0.40625 0.1875 0.0743824
0.375 0.1875 0.0865538
0.375 0.15625 0.115288
0.375 0.125 0.144106
0.40625 0.125 0.132358
0.40625 0.15625 0.10332
0.375 0.15625 0.115288
0.40625 0.1875 0.0743824
0.40625 0.15625 0.10332
0.4375 0.15625 0.0919357
0.4375 0.1875 0.0627181
0.40625 0.1875 0.0743824
0.40625 0.15625 0.10332
0.40625 0.125 0.132358
0.4375 0.125 0.121282
0.4375 0.15625 0.0919357
0.40625 0.15625 0.10332
0.4375 0.25 0.00465587
0.4375 0.21875 0.0336262
0.46875 0.21875 0.0224086
0.46875 0.25 -0.0068679
0.4375 0.25 0.00465587
0.4375 0.21875 0.0336262
0.4375 0.1875 0.0627181
0.46875 0.1875 0.0518751
0.46875 0.21875 0.0224086
0.4375 0.21875 0.0336262
0.46875 0.25 -0.0068679
0.46875 0.21875 0.0224086
0.5 0.21875 0.0123687
0.5 0.25 -0.0173057
0.46875 0.25 -0.0068679
0.46875 0.21875 0.0224086
0.46875 0.1875 0.0518751
0.5 0.1875 0.0423491
0.5 0.21875 0.0123687
0.46875 0.21875 0.0224086
0.4375 0.1875 0.0627181
0.4375 0.15625 0.0919357
0.46875 0.15625 0.081497
0.46875 0.1875 0.0518751
0.4375 0.1875 0.0627181
0.4375 0.15625 0.0919357
0.4375 0.125 0.121282
0.46875 0.125 0.111264
0.46875 0.15625 0.081497
0.4375 0.15625 0.0919357
0.46875 0.1875 0.0518751
0.46875 0.15625 0.081497
0.5 0.15625 0.0724919
0.5 0.1875 0.0423491
0.46875 0.1875 0.0518751
0.46875 0.15625 0.081497
0.46875 0.125 0.111264
0.5 0.125 0.102772
0.5 0.15625 0.0724919
0.46875 0.15625 0.081497
0.375 0.125 0.144106
0.375 0.0625 0.202071
0.4375 0.0625 0.180453
0.4375 0.125 0.121282
0.375 0.125 0.144106
0.375 0.0625 0.202071
0.375 0 0.260687
0.4375 0 0.240395
0.4375 0.0625 0.180453
0.375 0.0625 0.202071
0.4375 0.125 0.121282
0.4375 0.0625 0.180453
0.5 0.0625 0.163781
0.5 0.125 0.102772
0.4375 0.125 0.121282
0.4375 0.0625 0.180453
0.4375 0 0.240395
0.5 0 0.225296
0.5 0.0625 0.163781
0.4375 0.0625 0.180453
0.5 1 0.225595
0.5 0.9375 0.164133
0.5625 0.9375 0.181185
0.5625 1 0.241079
0.5 1 0.225595
0.5 0.9375 0.164133
0.5 0.875 0.102846
0.5625 0.875 0.121589
0.5625 0.9375 0.181185
0.5 0.9375 0.164133
0.5625 1 0.241079
0.5625 0.9375 0.181185
0.625 0.9375 0.202757
0.625 1 0.261396
0.5625 1 0.241079
0.5625 0.9375 0.181185
0.5625 0.875 0.121589
0.625 0.875 0.14441
0.625 0.9375 0.202757
0.5625 0.9375 0.181185
0.5 0.875 0.102846
0.5 0.84375 0.0724576
0.53125 0.84375 0.0816233
0.53125 0.875 0.11151
0.5 0.875 0.102846
0.5 0.84375 0.0724576
0.5 0.8125 0.0422039
0.53125 0.8125 0.0518852
0.53125 0.84375 0.0816233
0.5 0.84375 0.0724576
0.53125 0.875 0.11151
0.53125 0.84375 0.0816233
0.5625 0.84375 0.0921143
0.5625 0.875 0.121589
0.53125 0.875 0.11151
0.53125 0.84375 0.0816233
0.53125 0.8125 0.0518852
0.5625 0.8125 0.0627755
0.5625 0.84375 0.0921143
0.53125 0.84375 0.0816233
0.5 0.8125 0.0422039
0.5 0.78125 0.0120983
0.53125 0.78125 0.0223004
0.53125 0.8125 0.0518852
0.5 0.8125 0.0422039
0.5 0.78125 0.0120983
0.5 0.75 -0.017658
0.53125 0.75 -0.00707021
0.53125 0.78125 0.0223004
0.5 0.78125 0.0120983
0.53125 0.8125 0.0518852
0.53125 0.78125 0.0223004
0.5625 0.78125 0.0335735
0.5625 0.8125 0.0627755
0.53125 0.8125 0.0518852
0.53125 0.78125 0.0223004
0.53125 0.75 -0.00707021
0.5625 0.75 0.00450205
0.5625 0.78125 0.0335735
0.53125 0.78125 0.0223004
0.5625 0.875 0.121589
0.5625 0.84375 0.0921143
0.59375 0.84375 0.103513
0.59375 0.875 0.132664
0.5625 0.875 0.121589
0.5625 0.84375 0.0921143
0.5625 0.8125 0.0627755
0.59375 0.8125 0.0744766
0.59375 0.84375 0.103513
0.5625 0.84375 0.0921143
0.59375 0.875 0.132664
0.59375 0.84375 0.103513
0.625 0.84375 0.115505
0.625 0.875 0.14441
0.59375 0.875 0.132664
0.59375 0.84375 0.103513
0.59375 0.8125 0.0744766
0.625 0.8125 0.0867009
0.625 0.84375 0.115505
0.59375 0.84375 0.103513
0.5625 0.8125 0.0627755
0.5625 0.78125 0.0335735
0.59375 0.78125 0.0455554
0.59375 0.8125 0.0744766
0.5625 0.8125 0.0627755
0.5625 0.78125 0.0335735
0.5625 0.75 0.00450205
0.59375 0.75 0.0167379
0.59375 0.78125 0.0455554
0.5625 0.78125 0.0335735
0.59375 0.8125 0.0744766
0.59375 0.78125 0.0455554
0.625 0.78125 0.0579937
0.625 0.8125 0.0867009
0.59375 0.8125 0.0744766
0.59375 0.78125 0.0455554
0.59375 0.75 0.0167379
0.625 0.75 0.0293844
0.625 0.78125 0.0579937
0.59375 0.78125 0.0455554
0.625 1 0.261396
0.625 0.9375 0.202757
0.6875 0.9375 0.226763
0.6875 1 0.284378
0.625 1 0.261396
0.625 0.9375 0.202757
0.625 0.875 0.14441
0.6875 0.875 0.169432
0.6875 0.9375 0.226763
0.625 0.9375 0.202757
0.6875 1 0.284378
0.6875 0.9375 0.226763
0.75 0.9375 0.253374
0.75 1 0.309857
0.6875 1 0.284378
0.6875 0.9375 0.226763
0.6875 0.875 0.169432
0.75 0.875 0.197226
0.75 0.9375 0.253374
0.6875 0.9375 0.226763
0.625 0.875 0.14441
0.625 0.84375 0.115505
0.65625 0.84375 0.127985
0.65625 0.875 0.15667
0.625 0.875 0.14441
0.625 0.84375 0.115505
0.625 0.8125 0.0867009
0.65625 0.8125 0.099395
0.65625 0.84375 0.127985
0.625 0.84375 0.115505
0.65625 0.875 0.15667
0.65625 0.84375 0.127985
0.6875 0.84375 0.140966
0.6875 0.875 0.169432
0.65625 0.875 0.15667
0.65625 0.84375 0.127985
0.65625 0.8125 0.099395
0.6875 0.8125 0.112603
0.6875 0.84375 0.140966
0.65625 0.84375 0.127985
0.625 0.8125 0.0867009
0.625 0.78125 0.0579937
0.65625 0.78125 0.0708979
0.65625 0.8125 0.099395
0.625 0.8125 0.0867009
0.625 0.78125 0.0579937
0.625 0.75 0.0293844
0.65625 0.75 0.0424961
0.65625 0.78125 0.0708979
0.625 0.78125 0.0579937
0.65625 0.8125 0.099395
0.65625 0.78125 0.0708979
0.6875 0.78125 0.0843476
0.6875 0.8125 0.112603
0.65625 0.8125 0.099395
0.65625 0.78125 0.0708979
0.65625 0.75 0.0424961
0.6875 0.75 0.0562127
0.6875 0.78125 0.0843476
0.65625 0.78125 0.0708979
0.6875 0.875 0.169432
0.6875 0.8125 0.112603
0.75 0.8125 0.141748
0.75 0.875 0.197226
0.6875 0.875 0.169432
0.6875 0.8125 0.112603
0.6875 0.78125 0.0843476
0.71875 0.78125 0.0987327
0.71875 0.8125 0.126568
0.6875 0.8125 0.112603
0.6875 0.78125 0.0843476
0.6875 0.75 0.0562127
0.71875 0.75 0.0711121
0.71875 0.78125 0.0987327
0.6875 0.78125 0.0843476
0.71875 0.8125 0.126568
0.71875 0.78125 0.0987327
0.75 0.78125 0.114553
0.75 0.8125 0.141748
0.71875 0.8125 0.126568
0.71875 0.78125 0.0987327
0.71875 0.75 0.0711121
0.75 0.75 0.0878793
0.75 0.78125 0.114553
0.71875 0.78125 0.0987327
0.5 0.75 -0.017658
0.5 0.71875 -0.0471506
0.53125 0.71875 -0.0361581
0.53125 0.75 -0.00707021
0.5 0.75 -0.017658
0.5 0.71875 -0.0471506
0.5 0.6875 -0.0764768
0.53125 0.6875 -0.0651313
0.53125 0.71875 -0.0361581
0.5 0.71875 -0.0471506
0.53125 0.75 -0.00707021
0.53125 0.71875 -0.0361581
0.5625 0.71875 -0.0243167
0.5625 0.75 0.00450205
0.53125 0.75 -0.00707021
0.53125 0.71875 -0.0361581
0.53125 0.6875 -0.0651313
0.5625 0.6875 -0.0530599
0.5625 0.71875 -0.0243167
0.53125 0.71875 -0.0361581
0.5 0.6875 -0.0764768
0.5 0.65625 -0.105667
0.53125 0.65625 -0.0940123
0.53125 0.6875 -0.0651313
0.5 0.6875 -0.0764768
0.5 0.65625 -0.105667
0.5 0.625 -0.134722
0.53125 0.625 -0.122806
0.53125 0.65625 -0.0940123
0.5 0.65625 -0.105667
0.53125 0.6875 -0.0651313
0.53125 0.65625 -0.0940123
0.5625 0.65625 -0.0817274
0.5625 0.6875 -0.0530599
0.53125 0.6875 -0.0651313
0.53125 0.65625 -0.0940123
0.53125 0.625 -0.122806
0.5625 0.625 -0.110303
0.5625 0.65625 -0.0817274
0.53125 0.65625 -0.0940123
0.5625 0.75 0.00450205
0.5625 0.71875 -0.0243167
0.59375 0.71875 -0.0119275
0.59375 0.75 0.0167379
0.5625 0.75 0.00450205
0.5625 0.71875 -0.0243167
0.5625 0.6875 -0.0530599
0.59375 0.6875 -0.0404946
0.59375 0.71875 -0.0119275
0.5625 0.71875 -0.0243167
0.59375 0.75 0.0167379
0.59375 0.71875 -0.0119275
0.625 0.71875 0.000858057
0.625 0.75 0.0293844
0.59375 0.75 0.0167379
0.59375 0.71875 -0.0119275
0.59375 0.6875 -0.0404946
0.625 0.6875 -0.0275028
0.625 0.71875 0.000858057
0.59375 0.71875 -0.0119275
0.5625 0.6875 -0.0530599
0.5625 0.65625 -0.0817274
0.59375 0.65625 -0.0689589
0.59375 0.6875 -0.0404946
0.5625 0.6875 -0.0530599
0.5625 0.65625 -0.0817274
0.5625 0.625 -0.110303
0.59375 0.625 -0.0972967
0.59375 0.65625 -0.0689589
0.5625 0.65625 -0.0817274
0.59375 0.6875 -0.0404946
0.59375 0.65625 -0.0689589
0.625 0.65625 -0.0557059
0.625 0.6875 -0.0275028
0.59375 0.6875 -0.0404946
0.59375 0.65625 -0.0689589
0.59375 0.625 -0.0972967
0.625 0.625 -0.0836815
0.625 0.65625 -0.0557059
0.59375 0.65625 -0.0689589
0.5 0.625 -0.134722
0.5 0.5625 -0.192577
0.5625 0.5625 -0.167028
0.5625 0.625 -0.110303
0.5 0.625 -0.134722
0.5 0.5625 -0.192577
0.5 0.5 -0.229508
0.5625 0.5 -0.190075
0.5625 0.5625 -0.167028
0.5 0.5625 -0.192577
0.5625 0.625 -0.110303
0.5625 0.59375 -0.138761
0.59375 0.59375 -0.125445
0.59375 0.625 -0.0972967
0.5625 0.625 -0.110303
0.5625 0.59375 -0.138761
0.5625 0.5625 -0.167028
0.59375 0.5625 -0.153134
0.59375 0.59375 -0.125445
0.5625 0.59375 -0.138761
0.59375 0.625 -0.0972967
0.59375 0.59375 -0.125445
0.625 0.59375 -0.111215
0.625 0.625 -0.0836815
0.59375 0.625 -0.0972967
0.59375 0.59375 -0.125445
0.59375 0.5625 -0.153134
0.625 0.5625 -0.137196
0.625 0.59375 -0.111215
0.59375 0.59375 -0.125445
0.5625 0.5625 -0.167028
0.5625 0.5 -0.190075
0.625 0.5 -0.133385
0.625 0.5625 -0.137196
0.5625 0.5625 -0.167028
0.625 0.75 0.0293844
0.625 0.71875 0.000858057
0.65625 0.71875 0.0141904
0.65625 0.75 0.0424961
0.625 0.75 0.0293844
0.625 0.71875 0.000858057
0.625 0.6875 -0.0275028
0.65625 0.6875 -0.0139121
0.65625 0.71875 0.0141904
0.625 0.71875 0.000858057
0.65625 0.75 0.0424961
0.65625 0.71875 0.0141904
0.6875 0.71875 0.0282145
0.6875 0.75 0.0562127
0.65625 0.75 0.0424961
0.65625 0.71875 0.0141904
0.65625 0.6875 -0.0139121
0.6875 0.6875 0.000381979
0.6875 0.71875 0.0282145
0.65625 0.71875 0.0141904
0.625 0.6875 -0.0275028
0.625 0.65625 -0.0557059
0.65625 0.65625 -0.0417128
0.65625 0.6875 -0.0139121
0.625 0.6875 -0.0275028
0.625 0.65625 -0.0557059
0.625 0.625 -0.0836815
0.65625 0.625 -0.0689864
0.65625 0.65625 -0.0417128
0.625 0.65625 -0.0557059
0.65625 0.6875 -0.0139121
0.65625 0.65625 -0.0417128
0.6875 0.65625 -0.0265782
0.6875 0.6875 0.000381979
0.65625 0.6875 -0.0139121
0.65625 0.65625 -0.0417128
0.65625 0.625 -0.0689864
0.6875 0.625 -0.0522339
0.6875 0.65625 -0.0265782
0.65625 0.65625 -0.0417128
0.6875 0.75 0.0562127
0.6875 0.71875 0.0282145
0.71875 0.71875 0.043822
0.71875 0.75 0.0711121
0.6875 0.75 0.0562127
0.6875 0.71875 0.0282145
0.6875 0.6875 0.000381979
0.71875 0.6875 0.0169874
0.71875 0.71875 0.043822
0.6875 0.71875 0.0282145
0.71875 0.75 0.0711121
0.71875 0.71875 0.043822
0.75 0.71875 0.0617668
0.75 0.75 0.0878793
0.71875 0.75 0.0711121
0.71875 0.71875 0.043822
0.71875 0.6875 0.0169874
0.75 0.6875 0.0366129
0.75 0.71875 0.0617668
0.71875 0.71875 0.043822
0.6875 0.6875 0.000381979
0.6875 0.65625 -0.0265782
0.71875 0.65625 -0.00865694
0.71875 0.6875 0.0169874
0.6875 0.6875 0.000381979
0.6875 0.65625 -0.0265782
0.6875 0.625 -0.0522339
0.71875 0.625 -0.0316726
0.71875 0.65625 -0.00865694
0.6875 0.65625 -0.0265782
0.71875 0.6875 0.0169874
0.71875 0.65625 -0.00865694
0.75 0.65625 0.0128737
0.75 0.6875 0.0366129
0.71875 0.6875 0.0169874
0.71875 0.65625 -0.00865694
0.71875 0.625 -0.0316726
0.75 0.625 -0.00748924
0.75 0.65625 0.0128737
0.71875 0.65625 -0.00865694
0.625 0.625 -0.0836815
0.625 0.59375 -0.111215
0.65625 0.59375 -0.0950555
0.65625 0.625 -0.0689864
0.625 0.625 -0.0836815
0.625 0.59375 -0.111215
0.625 0.5625 -0.137196
0.65625 0.5625 -0.116153
0.65625 0.59375 -0.0950555
0.625 0.59375 -0.111215
0.65625 0.625 -0.0689864
0.65625 0.59375 -0.0950555
0.6875 0.59375 -0.0749575
0.6875 0.625 -0.0522339
0.65625 0.625 -0.0689864
0.65625 0.59375 -0.0950555
0.65625 0.5625 -0.116153
0.6875 0.5625 -0.0894626
0.6875 0.59375 -0.0749575
0.65625 0.59375 -0.0950555
0.625 0.5625 -0.137196
0.625 0.53125 -0.143435
0.65625 0.53125 -0.114013
0.65625 0.5625 -0.116153
0.625 0.5625 -0.137196
0.625 0.53125 -0.143435
0.625 0.5 -0.133385
0.65625 0.5 -0.104411
0.65625 0.53125 -0.114013
0.625 0.53125 -0.143435
0.65625 0.5625 -0.116153
0.65625 0.53125 -0.114013
0.6875 0.53125 -0.0844516
0.6875 0.5625 -0.0894626
0.65625 0.5625 -0.116153
0.65625 0.53125 -0.114013
0.65625 0.5 -0.104411
0.6875 0.5 -0.0753207
0.6875 0.53125 -0.0844516
0.65625 0.53125 -0.114013
0.6875 0.625 -0.0522339
0.6875 0.59375 -0.0749575
0.71875 0.59375 -0.0505663
0.71875 0.625 -0.0316726
0.6875 0.625 -0.0522339
0.6875 0.59375 -0.0749575
0.6875 0.5625 -0.0894626
0.71875 0.5625 -0.0596143
0.71875 0.59375 -0.0505663
0.6875 0.59375 -0.0749575
0.71875 0.625 -0.0316726
0.71875 0.59375 -0.0505663
0.75 0.59375 -0.0232166
0.75 0.625 -0.00748924
0.71875 0.625 -0.0316726
0.71875 0.59375 -0.0505663
0.71875 0.5625 -0.0596143
0.75 0.5625 -0.029021
0.75 0.59375 -0.0232166
0.71875 0.59375 -0.0505663
0.6875 0.5625 -0.0894626
0.6875 0.53125 -0.0844516
0.71875 0.53125 -0.0547552
0.71875 0.5625 -0.0596143
0.6875 0.5625 -0.0894626
0.6875 0.53125 -0.0844516
0.6875 0.5 -0.0753207
0.71875 0.5 -0.0461224
0.71875 0.53125 -0.0547552
0.6875 0.53125 -0.0844516
0.71875 0.5625 -0.0596143
0.71875 0.53125 -0.0547552
0.75 0.53125 -0.0249222
0.75 0.5625 -0.029021
0.71875 0.5625 -0.0596143
0.71875 0.53125 -0.0547552
0.71875 0.5 -0.0461224
0.75 0.5 -0.0168196
0.75 0.53125 -0.0249222
0.71875 0.53125 -0.0547552
0.75 1 0.309857
0.75 0.875 0.197226
0.875 0.875 0.268608
0.875 1 0.37221
0.75 1 0.309857
0.75 0.875 0.197226
0.75 0.8125 0.141748
0.8125 0.8125 0.177931
0.8125 0.875 0.230098
0.75 0.875 0.197226
0.75 0.8125 0.141748
0.75 0.78125 0.114553
0.78125 0.78125 0.132969
0.78125 0.8125 0.15906
0.75 0.8125 0.141748
0.75 0.78125 0.114553
0.75 0.75 0.0878793
0.78125 0.75 0.106873
0.78125 0.78125 0.132969
0.75 0.78125 0.114553
0.78125 0.8125 0.15906
0.78125 0.78125 0.132969
0.8125 0.78125 0.152864
0.8125 0.8125 0.177931
0.78125 0.8125 0.15906
0.78125 0.78125 0.132969
0.78125 0.75 0.106873
0.8125 0.75 0.12816
0.8125 0.78125 0.152864
0.78125 0.78125 0.132969
0.8125 0.875 0.230098
0.8125 0.8125 0.177931
0.875 0.8125 0.220353
0.875 0.875 0.268608
0.8125 0.875 0.230098
0.8125 0.8125 0.177931
0.8125 0.75 0.12816
0.875 0.75 0.175519
0.875 0.8125 0.220353
0.8125 0.8125 0.177931
0.875 1 0.37221
0.875 0.875 0.268608
1 0.875 0.3615
1 1 0.455072
0.875 1 0.37221
0.875 0.875 0.268608
0.875 0.8125 0.220353
0.9375 0.8125 0.26823
0.9375 0.875 0.312171
0.875 0.875 0.268608
0.875 0.8125 0.220353
0.875 0.75 0.175519
0.9375 0.75 0.228967
0.9375 0.8125 0.26823
0.875 0.8125 0.220353
0.9375 0.875 0.312171
0.9375 0.8125 0.26823
1 0.8125 0.321063
1 0.875 0.3615
0.9375 0.875 0.312171
0.9375 0.8125 0.26823
0.9375 0.75 0.228967
1 0.75 0.28538
1 0.8125 0.321063
0.9375 0.8125 0.26823
0.75 0.75 0.0878793
0.75 0.71875 0.0617668
0.78125 0.71875 0.0824865
0.78125 0.75 0.106873
0.75 0.75 0.0878793
0.75 0.71875 0.0617668
0.75 0.6875 0.0366129
0.78125 0.6875 0.0594557
0.78125 0.71875 0.0824865
0.75 0.71875 0.0617668
0.78125 0.75 0.106873
0.78125 0.71875 0.0824865
0.8125 0.71875 0.105447
0.8125 0.75 0.12816
0.78125 0.75 0.106873
0.78125 0.71875 0.0824865
0.78125 0.6875 0.0594557
0.8125 0.6875 0.0843931
0.8125 0.71875 0.105447
0.78125 0.71875 0.0824865
0.75 0.6875 0.0366129
0.75 0.65625 0.0128737
0.78125 0.65625 0.0383591
0.78125 0.6875 0.0594557
0.75 0.6875 0.0366129
0.75 0.65625 0.0128737
0.75 0.625 -0.00748924
0.78125 0.625 0.0200832
0.78125 0.65625 0.0383591
0.75 0.65625 0.0128737
0.78125 0.6875 0.0594557
0.78125 0.65625 0.0383591
0.8125 0.65625 0.0654794
0.8125 0.6875 0.0843931
0.78125 0.6875 0.0594557
0.78125 0.65625 0.0383591
0.78125 0.625 0.0200832
0.8125 0.625 0.0494392
0.8125 0.65625 0.0654794
0.78125 0.65625 0.0383591
0.8125 0.75 0.12816
0.8125 0.71875 0.105447
0.84375 0.71875 0.130111
0.84375 0.75 0.151263
0.8125 0.75 0.12816
0.8125 0.71875 0.105447
0.8125 0.6875 0.0843931
0.84375 0.6875 0.110765
0.84375 0.71875 0.130111
0.8125 0.71875 0.105447
0.84375 0.75 0.151263
0.84375 0.71875 0.130111
0.875 0.71875 0.155786
0.875 0.75 0.175519
0.84375 0.75 0.151263
0.84375 0.71875 0.130111
0.84375 0.6875 0.110765
0.875 0.6875 0.137937
0.875 0.71875 0.155786
0.84375 0.71875 0.130111
0.8125 0.6875 0.0843931
0.8125 0.65625 0.0654794
0.84375 0.65625 0.0936208
0.84375 0.6875 0.110765
0.8125 0.6875 0.0843931
0.8125 0.65625 0.0654794
0.8125 0.625 0.0494392
0.84375 0.625 0.0792764
0.84375 0.65625 0.0936208
0.8125 0.65625 0.0654794
0.84375 0.6875 0.110765
0.84375 0.65625 0.0936208
0.875 0.65625 0.122297
0.875 0.6875 0.137937
0.84375 0.6875 0.110765
0.84375 0.65625 0.0936208
0.84375 0.625 0.0792764
0.875 0.625 0.109351
0.875 0.65625 0.122297
0.84375 0.65625 0.0936208
0.75 0.625 -0.00748924
0.75 0.59375 -0.0232166
0.78125 0.59375 0.00616686
0.78125 0.625 0.0200832
0.75 0.625 -0.00748924
0.75 0.59375 -0.0232166
0.75 0.5625 -0.029021
0.78125 0.5625 0.00173189
0.78125 0.59375 0.00616686
0.75 0.59375 -0.0232166
0.78125 0.625 0.0200832
0.78125 0.59375 0.00616686
0.8125 0.59375 0.0374023
0.8125 0.625 0.0494392
0.78125 0.625 0.0200832
0.78125 0.59375 0.00616686
0.78125 0.5625 0.00173189
0.8125 0.5625 0.0329807
0.8125 0.59375 0.0374023
0.78125 0.59375 0.00616686
0.75 0.5625 -0.029021
0.75 0.53125 -0.0249222
0.78125 0.53125 0.00523175
0.78125 0.5625 0.00173189
0.75 0.5625 -0.029021
0.75 0.53125 -0.0249222
0.75 0.5 -0.0168196
0.78125 0.5 0.0128491
0.78125 0.53125 0.00523175
0.75 0.53125 -0.0249222
0.78125 0.5625 0.00173189
0.78125 0.53125 0.00523175
0.8125 0.53125 0.0360418
0.8125 0.5625 0.0329807
0.78125 0.5625 0.00173189
0.78125 0.53125 0.00523175
0.78125 0.5 0.0128491
0.8125 0.5 0.0429761
0.8125 0.53125 0.0360418
0.78125 0.53125 0.00523175
0.8125 0.625 0.0494392
0.8125 0.59375 0.0374023
0.84375 0.59375 0.0686179
0.84375 0.625 0.0792764
0.8125 0.625 0.0494392
0.8125 0.59375 0.0374023
0.8125 0.5625 0.0329807
0.84375 0.5625 0.0642282
0.84375 0.59375 0.0686179
0.8125 0.59375 0.0374023
0.84375 0.625 0.0792764
0.84375 0.59375 0.0686179
0.875 0.59375 0.0998049
0.875 0.625 0.109351
0.84375 0.625 0.0792764
0.84375 0.59375 0.0686179
0.84375 0.5625 0.0642282
0.875 0.5625 0.095473
0.875 0.59375 0.0998049
0.84375 0.59375 0.0686179
0.8125 0.5625 0.0329807
0.8125 0.53125 0.0360418
0.84375 0.53125 0.066923
0.84375 0.5625 0.0642282
0.8125 0.5625 0.0329807
0.8125 0.53125 0.0360418
0.8125 0.5 0.0429761
0.84375 0.5 0.0732554
0.84375 0.53125 0.066923
0.8125 0.53125 0.0360418
0.84375 0.5625 0.0642282
0.84375 0.53125 0.066923
0.875 0.53125 0.097898
0.875 0.5625 0.095473
0.84375 0.5625 0.0642282
0.84375 0.53125 0.066923
0.84375 0.5 0.0732554
0.875 0.5 0.103655
0.875 0.53125 0.097898
0.84375 0.53125 0.066923
0.875 0.75 0.175519
0.875 0.6875 0.137937
0.9375 0.6875 0.196112
0.9375 0.75 0.228967
0.875 0.75 0.175519
0.875 0.6875 0.137937
0.875 0.625 0.109351
0.9375 0.625 0.171317
0.9375 0.6875 0.196112
0.875 0.6875 0.137937
0.9375 0.75 0.228967
0.9375 0.6875 0.196112
1 0.6875 0.25565
1 0.75 0.28538
0.9375 0.75 0.228967
0.9375 0.6875 0.196112
0.9375 0.625 0.171317
1 0.625 0.233241
1 0.6875 0.25565
0.9375 0.6875 0.196112
0.875 0.625 0.109351
0.875 0.5625 0.095473
0.9375 0.5625 0.157966
0.9375 0.625 0.171317
0.875 0.625 0.109351
0.875 0.5625 0.095473
0.875 0.5 0.103655
0.9375 0.5 0.16487
0.9375 0.5625 0.157966
0.875 0.5625 0.095473
0.9375 0.625 0.171317
0.9375 0.5625 0.157966
1 0.5625 0.220468
1 0.625 0.233241
0.9375 0.625 0.171317
0.9375 0.5625 0.157966
0.9375 0.5 0.16487
1 0.5 0.226526
1 0.5625 0.220468
0.9375 0.5625 0.157966
0.5 0.5 -0.229508
0.5 0.4375 -0.191432
0.5625 0.4375 -0.165142
0.5625 0.5 -0.190075
0.5 0.5 -0.229508
0.5 0.4375 -0.191432
0.5 0.375 -0.134146
0.5625 0.375 -0.13324
0.5625 0.4375 -0.165142
0.5 0.4375 -0.191432
0.5625 0.5 -0.190075
0.5625 0.4375 -0.165142
0.625 0.4375 -0.109642
0.625 0.5 -0.133385
0.5625 0.5 -0.190075
0.5625 0.4375 -0.165142
0.5625 0.40625 -0.150278
0.59375 0.40625 -0.124186
0.59375 0.4375 -0.137724
0.5625 0.4375 -0.165142
0.5625 0.40625 -0.150278
0.5625 0.375 -0.13324
0.59375 0.375 -0.109436
0.59375 0.40625 -0.124186
0.5625 0.40625 -0.150278
0.59375 0.4375 -0.137724
0.59375 0.40625 -0.124186
0.625 0.40625 -0.0966782
0.625 0.4375 -0.109642
0.59375 0.4375 -0.137724
0.59375 0.40625 -0.124186
0.59375 0.375 -0.109436
0.625 0.375 -0.0829868
0.625 0.40625 -0.0966782
0.59375 0.40625 -0.124186
0.5 0.375 -0.134146
0.5 0.34375 -0.10513
0.53125 0.34375 -0.115436
0.53125 0.375 -0.144887
0.5 0.375 -0.134146
0.5 0.34375 -0.10513
0.5 0.3125 -0.0759868
0.53125 0.3125 -0.0858194
0.53125 0.34375 -0.115436
0.5 0.34375 -0.10513
0.53125 0.375 -0.144887
0.53125 0.34375 -0.115436
0.5625 0.34375 -0.113022
0.5625 0.375 -0.13324
0.53125 0.375 -0.144887
0.53125 0.34375 -0.115436
0.53125 0.3125 -0.0858194
0.5625 0.3125 -0.089056
0.5625 0.34375 -0.113022
0.53125 0.34375 -0.115436
0.5 0.3125 -0.0759868
0.5 0.28125 -0.0467157
0.53125 0.28125 -0.0560279
0.53125 0.3125 -0.0858194
0.5 0.3125 -0.0759868
0.5 0.28125 -0.0467157
0.5 0.25 -0.0173057
0.53125 0.25 -0.02606
0.53125 0.28125 -0.0560279
0.5 0.28125 -0.0467157
0.53125 0.3125 -0.0858194
0.53125 0.28125 -0.0560279
0.5625 0.28125 -0.06173
0.5625 0.3125 -0.089056
0.53125 0.3125 -0.0858194
0.53125 0.28125 -0.0560279
0.53125 0.25 -0.02606
0.5625 0.25 -0.0312995
0.5625 0.28125 -0.06173
0.53125 0.28125 -0.0560279
0.5625 0.375 -0.13324
0.5625 0.34375 -0.113022
0.59375 0.34375 -0.0929028
0.59375 0.375 -0.109436
0.5625 0.375 -0.13324
0.5625 0.34375 -0.113022
0.5625 0.3125 -0.089056
0.59375 0.3125 -0.0737746
0.59375 0.34375 -0.0929028
0.5625 0.34375 -0.113022
0.59375 0.375 -0.109436
0.59375 0.34375 -0.0929028
0.625 0.34375 -0.0682395
0.625 0.375 -0.0829868
0.59375 0.375 -0.109436
0.59375 0.34375 -0.0929028
0.59375 0.3125 -0.0737746
0.625 0.3125 -0.0518897
0.625 0.34375 -0.0682395
0.59375 0.34375 -0.0929028
0.5625 0.3125 -0.089056
0.5625 0.28125 -0.06173
0.59375 0.28125 -0.0515802
0.59375 0.3125 -0.0737746
0.5625 0.3125 -0.089056
0.5625 0.28125 -0.06173
0.5625 0.25 -0.0312995
0.59375 0.25 -0.0261264
0.59375 0.28125 -0.0515802
0.5625 0.28125 -0.06173
0.59375 0.3125 -0.0737746
0.59375 0.28125 -0.0515802
0.625 0.28125 -0.0332387
0.625 0.3125 -0.0518897
0.59375 0.3125 -0.0737746
0.59375 0.28125 -0.0515802
0.59375 0.25 -0.0261264
0.625 0.25 -0.0117787
0.625 0.28125 -0.0332387
0.59375 0.28125 -0.0515802
0.625 0.5 -0.133385
0.625 0.46875 -0.121959
0.65625 0.46875 -0.0933181
0.65625 0.5 -0.104411
0.625 0.5 -0.133385
0.625 0.46875 -0.121959
0.625 0.4375 -0.109642
0.65625 0.4375 -0.0812767
0.65625 0.46875 -0.0933181
0.625 0.46875 -0.121959
0.65625 0.5 -0.104411
0.65625 0.46875 -0.0933181
0.6875 0.46875 -0.0645616
0.6875 0.5 -0.0753207
0.65625 0.5 -0.104411
0.65625 0.46875 -0.0933181
0.65625 0.4375 -0.0812767
0.6875 0.4375 -0.052755
0.6875 0.46875 -0.0645616
0.65625 0.46875 -0.0933181
0.625 0.4375 -0.109642
0.625 0.40625 -0.0966782
0.65625 0.40625 -0.0686357
0.65625 0.4375 -0.0812767
0.625 0.4375 -0.109642
0.625 0.40625 -0.0966782
0.625 0.375 -0.0829868
0.65625 0.375 -0.0554791
0.65625 0.40625 -0.0686357
0.625 0.40625 -0.0966782
0.65625 0.4375 -0.0812767
0.65625 0.40625 -0.0686357
0.6875 0.40625 -0.0403276
0.6875 0.4375 -0.052755
0.65625 0.4375 -0.0812767
0.65625 0.40625 -0.0686357
0.65625 0.375 -0.0554791
0.6875 0.375 -0.0274928
0.6875 0.40625 -0.0403276
0.65625 0.40625 -0.0686357
0.6875 0.5 -0.0753207
0.6875 0.46875 -0.0645616
0.71875 0.46875 -0.0357169
0.71875 0.5 -0.0461224
0.6875 0.5 -0.0753207
0.6875 0.46875 -0.0645616
0.6875 0.4375 -0.052755
0.71875 0.4375 -0.0241179
0.71875 0.46875 -0.0357169
0.6875 0.46875 -0.0645616
0.71875 0.5 -0.0461224
0.71875 0.46875 -0.0357169
0.75 0.46875 -0.00679611
0.75 0.5 -0.0168196
0.71875 0.5 -0.0461224
0.71875 0.46875 -0.0357169
0.71875 0.4375 -0.0241179
0.75 0.4375 0.00462674
0.75 0.46875 -0.00679611
0.71875 0.46875 -0.0357169
0.6875 0.4375 -0.052755
0.6875 0.40625 -0.0403276
0.71875 0.40625 -0.0118524
0.71875 0.4375 -0.0241179
0.6875 0.4375 -0.052755
0.6875 0.40625 -0.0403276
0.6875 0.375 -0.0274928
0.71875 0.375 0.000759499
0.71875 0.40625 -0.0118524
0.6875 0.40625 -0.0403276
0.71875 0.4375 -0.0241179
0.71875 0.40625 -0.0118524
0.75 0.40625 0.0167736
0.75 0.4375 0.00462674
0.71875 0.4375 -0.0241179
0.71875 0.40625 -0.0118524
0.71875 0.375 0.000759499
0.75 0.375 0.0292842
0.75 0.40625 0.0167736
0.71875 0.40625 -0.0118524
0.625 0.375 -0.0829868
0.625 0.34375 -0.0682395
0.65625 0.34375 -0.0416484
0.65625 0.375 -0.0554791
0.625 0.375 -0.0829868
0.625 0.34375 -0.0682395
0.625 0.3125 -0.0518897
0.65625 0.3125 -0.0268792
0.65625 0.34375 -0.0416484
0.625 0.34375 -0.0682395
0.65625 0.375 -0.0554791
0.65625 0.34375 -0.0416484
0.6875 0.34375 -0.0141138
0.6875 0.375 -0.0274928
0.65625 0.375 -0.0554791
0.65625 0.34375 -0.0416484
0.65625 0.3125 -0.0268792
0.6875 0.3125 -0.000218407
0.6875 0.34375 -0.0141138
0.65625 0.34375 -0.0416484
0.625 0.3125 -0.0518897
0.625 0.28125 -0.0332387
0.65625 0.28125 -0.0104596
0.65625 0.3125 -0.0268792
0.625 0.3125 -0.0518897
0.625 0.28125 -0.0332387
0.625 0.25 -0.0117787
0.65625 0.25 0.00884578
0.65625 0.28125 -0.0104596
0.625 0.28125 -0.0332387
0.65625 0.3125 -0.0268792
0.65625 0.28125 -0.0104596
0.6875 0.28125 0.0152773
0.6875 0.3125 -0.000218407
0.65625 0.3125 -0.0268792
0.65625 0.28125 -0.0104596
0.65625 0.25 0.00884578
0.6875 0.25 0.033009
0.6875 0.28125 0.0152773
0.65625 0.28125 -0.0104596
0.6875 0.375 -0.0274928
0.6875 0.34375 -0.0141138
0.71875 0.34375 0.0139226
0.71875 0.375 0.000759499
0.6875 0.375 -0.0274928
0.6875 0.34375 -0.0141138
0.6875 0.3125 -0.000218407
0.71875 0.3125 0.0276408
0.71875 0.34375 0.0139226
0.6875 0.34375 -0.0141138
0.71875 0.375 0.000759499
0.71875 0.34375 0.0139226
0.75 0.34375 0.0422205
0.75 0.375 0.0292842
0.71875 0.375 0.000759499
0.71875 0.34375 0.0139226
0.71875 0.3125 0.0276408
0.75 0.3125 0.055661
0.75 0.34375 0.0422205
0.71875 0.34375 0.0139226
0.6875 0.3125 -0.000218407
0.6875 0.28125 0.0152773
0.71875 0.28125 0.0423603
0.71875 0.3125 0.0276408
0.6875 0.3125 -0.000218407
0.6875 0.28125 0.0152773
0.6875 0.25 0.033009
0.71875 0.25 0.058694
0.71875 0.28125 0.0423603
0.6875 0.28125 0.0152773
0.71875 0.3125 0.0276408
0.71875 0.28125 0.0423603
0.75 0.28125 0.0698649
0.75 0.3125 0.055661
0.71875 0.3125 0.0276408
0.71875 0.28125 0.0423603
0.71875 0.25 0.058694
0.75 0.25 0.085266
0.75 0.28125 0.0698649
0.71875 0.28125 0.0423603
0.5 0.25 -0.0173057
0.5 0.21875 0.0123687
0.53125 0.21875 0.00413356
0.53125 0.25 -0.02606
0.5 0.25 -0.0173057
0.5 0.21875 0.0123687
0.5 0.1875 0.0423491
0.53125 0.1875 0.0347975
0.53125 0.21875 0.00413356
0.5 0.21875 0.0123687
0.53125 0.25 -0.02606
0.53125 0.21875 0.00413356
0.5625 0.21875 -0.000418205
0.5625 0.25 -0.0312995
0.53125 0.25 -0.02606
0.53125 0.21875 0.00413356
0.53125 0.1875 0.0347975
0.5625 0.1875 0.0308129
0.5625 0.21875 -0.000418205
0.53125 0.21875 0.00413356
0.5 0.1875 0.0423491
0.5 0.15625 0.0724919
0.53125 0.15625 0.0655576
0.53125 0.1875 0.0347975
0.5 0.1875 0.0423491
0.5 0.15625 0.0724919
0.5 0.125 0.102772
0.53125 0.125 0.0964445
0.53125 0.15625 0.0655576
0.5 0.15625 0.0724919
0.53125 0.1875 0.0347975
0.53125 0.15625 0.0655576
0.5625 0.15625 0.0620479
0.5625 0.1875 0.0308129
0.53125 0.1875 0.0347975
0.53125 0.15625 0.0655576
0.53125 0.125 0.0964445
0.5625 0.125 0.0932835
0.5625 0.15625 0.0620479
0.53125 0.15625 0.0655576
0.5625 0.25 -0.0312995
0.5625 0.21875 -0.000418205
0.59375 0.21875 0.0019778
0.59375 0.25 -0.0261264
0.5625 0.25 -0.0312995
0.5625 0.21875 -0.000418205
0.5625 0.1875 0.0308129
0.59375 0.1875 0.0327808
0.59375 0.21875 0.0019778
0.5625 0.21875 -0.000418205
0.59375 0.25 -0.0261264
0.59375 0.21875 0.0019778
0.625 0.21875 0.0139327
0.625 0.25 -0.0117787
0.59375 0.25 -0.0261264
0.59375 0.21875 0.0019778
0.59375 0.1875 0.0327808
0.625 0.1875 0.0422011
0.625 0.21875 0.0139327
0.59375 0.21875 0.0019778
0.5625 0.1875 0.0308129
0.5625 0.15625 0.0620479
0.59375 0.15625 0.0636891
0.59375 0.1875 0.0327808
0.5625 0.1875 0.0308129
0.5625 0.15625 0.0620479
0.5625 0.125 0.0932835
0.59375 0.125 0.0947112
0.59375 0.15625 0.0636891
0.5625 0.15625 0.0620479
0.59375 0.1875 0.0327808
0.59375 0.15625 0.0636891
0.625 0.15625 0.07145
0.625 0.1875 0.0422011
0.59375 0.1875 0.0327808
0.59375 0.15625 0.0636891
0.59375 0.125 0.0947112
0.625 0.125 0.101176
0.625 0.15625 0.07145
0.59375 0.15625 0.0636891
0.5 0.125 0.102772
0.5 0.0625 0.163781
0.5625 0.0625 0.155769
0.5625 0.125 0.0932835
0.5 0.125 0.102772
0.5 0.0625 0.163781
0.5 0 0.225296
0.5625 0 0.218267
0.5625 0.0625 0.155769
0.5 0.0625 0.163781
0.5625 0.125 0.0932835
0.5625 0.0625 0.155769
0.625 0.0625 0.161835
0.625 0.125 0.101176
0.5625 0.125 0.0932835
0.5625 0.0625 0.155769
0.5625 0 0.218267
0.625 0 0.223326
0.625 0.0625 0.161835
0.5625 0.0625 0.155769
0.625 0.25 -0.0117787
0.625 0.21875 0.0139327
0.65625 0.21875 0.0318407
0.65625 0.25 0.00884578
0.625 0.25 -0.0117787
0.625 0.21875 0.0139327
0.625 0.1875 0.0422011
0.65625 0.1875 0.0573812
0.65625 0.21875 0.0318407
0.625 0.21875 0.0139327
0.65625 0.25 0.00884578
0.65625 0.21875 0.0318407
0.6875 0.21875 0.0532962
0.6875 0.25 0.033009
0.65625 0.25 0.00884578
0.65625 0.21875 0.0318407
0.65625 0.1875 0.0573812
0.6875 0.1875 0.0762472
0.6875 0.21875 0.0532962
0.65625 0.21875 0.0318407
0.625 0.1875 0.0422011
0.625 0.15625 0.07145
0.65625 0.15625 0.0843481
0.65625 0.1875 0.0573812
0.625 0.1875 0.0422011
0.625 0.15625 0.07145
0.625 0.125 0.101176
0.65625 0.125 0.112379
0.65625 0.15625 0.0843481
0.625 0.15625 0.07145
0.65625 0.1875 0.0573812
0.65625 0.15625 0.0843481
0.6875 0.15625 0.100955
0.6875 0.1875 0.0762472
0.65625 0.1875 0.0573812
0.65625 0.15625 0.0843481
0.65625 0.125 0.112379
0.6875 0.125 0.127071
0.6875 0.15625 0.100955
0.65625 0.15625 0.0843481
0.6875 0.25 0.033009
0.6875 0.21875 0.0532962
0.71875 0.21875 0.0770707
0.71875 0.25 0.058694
0.6875 0.25 0.033009
0.6875 0.21875 0.0532962
0.6875 0.1875 0.0762472
0.71875 0.1875 0.0978295
0.71875 0.21875 0.0770707
0.6875 0.21875 0.0532962
0.71875 0.25 0.058694
0.71875 0.21875 0.0770707
0.75 0.21875 0.102277
0.75 0.25 0.085266
0.71875 0.25 0.058694
0.71875 0.21875 0.0770707
0.71875 0.1875 0.0978295
0.75 0.1875 0.121195
0.75 0.21875 0.102277
0.71875 0.21875 0.0770707
0.6875 0.1875 0.0762472
0.6875 0.15625 0.100955
0.71875 0.15625 0.120401
0.71875 0.1875 0.0978295
0.6875 0.1875 0.0762472
0.6875 0.15625 0.100955
0.6875 0.125 0.127071
0.71875 0.125 0.144676
0.71875 0.15625 0.120401
0.6875 0.15625 0.100955
0.71875 0.1875 0.0978295
0.71875 0.15625 0.120401
0.75 0.15625 0.141991
0.75 0.1875 0.121195
0.71875 0.1875 0.0978295
0.71875 0.15625 0.120401
0.71875 0.125 0.144676
0.75 0.125 0.16459
0.75 0.15625 0.141991
0.71875 0.15625 0.120401
0.625 0.125 0.101176
0.625 0.0625 0.161835
0.6875 0.0625 0.182349
0.6875 0.125 0.127071
0.625 0.125 0.101176
0.625 0.0625 0.161835
0.625 0 0.223326
0.6875 0 0.240733
0.6875 0.0625 0.182349
0.625 0.0625 0.161835
0.6875 0.125 0.127071
0.6875 0.0625 0.182349
0.75 0.0625 0.213554
0.75 0.125 0.16459
0.6875 0.125 0.127071
0.6875 0.0625 0.182349
0.6875 0 0.240733
0.75 0 0.267766
0.75 0.0625 0.213554
0.6875 0.0625 0.182349
0.75 0.5 -0.0168196
0.75 0.46875 -0.00679611
0.78125 0.46875 0.0225196
0.78125 0.5 0.0128491
0.75 0.5 -0.0168196
0.75 0.46875 -0.00679611
0.75 0.4375 0.00462674
0.78125 0.4375 0.033614
0.78125 0.46875 0.0225196
0.75 0.46875 -0.00679611
0.78125 0.5 0.0128491
0.78125 0.46875 0.0225196
0.8125 0.46875 0.0520842
0.8125 0.5 0.0429761
0.78125 0.5 0.0128491
0.78125 0.46875 0.0225196
0.78125 0.4375 0.033614
0.8125 0.4375 0.0627392
0.8125 0.46875 0.0520842
0.78125 0.46875 0.0225196
0.75 0.4375 0.00462674
0.75 0.40625 0.0167736
0.78125 0.40625 0.0455262
0.78125 0.4375 0.033614
0.75 0.4375 0.00462674
0.75 0.40625 0.0167736
0.75 0.375 0.0292842
0.78125 0.375 0.0578726
0.78125 0.40625 0.0455262
0.75 0.40625 0.0167736
0.78125 0.4375 0.033614
0.78125 0.40625 0.0455262
0.8125 0.40625 0.0743734
0.8125 0.4375 0.0627392
0.78125 0.4375 0.033614
0.78125 0.40625 0.0455262
0.78125 0.375 0.0578726
0.8125 0.375 0.0865346
0.8125 0.40625 0.0743734
0.78125 0.40625 0.0455262
0.8125 0.5 0.0429761
0.8125 0.46875 0.0520842
0.84375 0.46875 0.0818129
0.84375 0.5 0.0732554
0.8125 0.5 0.0429761
0.8125 0.46875 0.0520842
0.8125 0.4375 0.0627392
0.84375 0.4375 0.0920049
0.84375 0.46875 0.0818129
0.8125 0.46875 0.0520842
0.84375 0.5 0.0732554
0.84375 0.46875 0.0818129
0.875 0.46875 0.111685
0.875 0.5 0.103655
0.84375 0.5 0.0732554
0.84375 0.46875 0.0818129
0.84375 0.4375 0.0920049
0.875 0.4375 0.121412
0.875 0.46875 0.111685
0.84375 0.46875 0.0818129
0.8125 0.4375 0.0627392
0.8125 0.40625 0.0743734
0.84375 0.40625 0.103321
0.84375 0.4375 0.0920049
0.8125 0.4375 0.0627392
0.8125 0.40625 0.0743734
0.8125 0.375 0.0865346
0.84375 0.375 0.115275
0.84375 0.40625 0.103321
0.8125 0.40625 0.0743734
0.84375 0.4375 0.0920049
0.84375 0.40625 0.103321
0.875 0.40625 0.132378
0.875 0.4375 0.121412
0.84375 0.4375 0.0920049
0.84375 0.40625 0.103321
0.84375 0.375 0.115275
0.875 0.375 0.144099
0.875 0.40625 0.132378
0.84375 0.40625 0.103321
0.75 0.375 0.0292842
0.75 0.34375 0.0422205
0.78125 0.34375 0.0706206
0.78125 0.375 0.0578726
0.75 0.375 0.0292842
0.75 0.34375 0.0422205
0.75 0.3125 0.055661
0.78125 0.3125 0.0838218
0.78125 0.34375 0.0706206
0.75 0.34375 0.0422205
0.78125 0.375 0.0578726
0.78125 0.34375 0.0706206
0.8125 0.34375 0.0991021
0.8125 0.375 0.0865346
0.78125 0.375 0.0578726
0.78125 0.34375 0.0706206
0.78125 0.3125 0.0838218
0.8125 0.3125 0.112094
0.8125 0.34375 0.0991021
0.78125 0.34375 0.0706206
0.75 0.3125 0.055661
0.75 0.28125 0.0698649
0.78125 0.28125 0.0976323
0.78125 0.3125 0.0838218
0.75 0.3125 0.055661
0.75 0.28125 0.0698649
0.75 0.25 0.085266
0.78125 0.25 0.112364
0.78125 0.28125 0.0976323
0.75 0.28125 0.0698649
0.78125 0.3125 0.0838218
0.78125 0.28125 0.0976323
0.8125 0.28125 0.125615
0.8125 0.3125 0.112094
0.78125 0.3125 0.0838218
0.78125 0.28125 0.0976323
0.78125 0.25 0.112364
0.8125 0.25 0.139849
0.8125 0.28125 0.125615
0.78125 0.28125 0.0976323
0.8125 0.375 0.0865346
0.8125 0.34375 0.0991021
0.84375 0.34375 0.127661
0.84375 0.375 0.115275
0.8125 0.375 0.0865346
0.8125 0.34375 0.0991021
0.8125 0.3125 0.112094
0.84375 0.3125 0.140462
0.84375 0.34375 0.127661
0.8125 0.34375 0.0991021
0.84375 0.375 0.115275
0.84375 0.34375 0.127661
0.875 0.34375 0.156298
0.875 0.375 0.144099
0.84375 0.375 0.115275
0.84375 0.34375 0.127661
0.84375 0.3125 0.140462
0.875 0.3125 0.168913
0.875 0.34375 0.156298
0.84375 0.34375 0.127661
0.8125 0.3125 0.112094
0.8125 0.25 0.139849
0.875 0.25 0.195626
0.875 0.3125 0.168913
0.8125 0.3125 0.112094
0.875 0.5 0.103655
0.875 0.4375 0.121412
0.9375 0.4375 0.180727
0.9375 0.5 0.16487
0.875 0.5 0.103655
0.875 0.4375 0.121412
0.875 0.375 0.144099
0.9375 0.375 0.202098
0.9375 0.4375 0.180727
0.875 0.4375 0.121412
0.9375 0.5 0.16487
0.9375 0.4375 0.180727
1 0.4375 0.240826
1 0.5 0.226526
0.9375 0.5 0.16487
0.9375 0.4375 0.180727
0.9375 0.375 0.202098
1 0.375 0.260786
1 0.4375 0.240826
0.9375 0.4375 0.180727
0.875 0.375 0.144099
0.875 0.3125 0.168913
0.9375 0.3125 0.22607
0.9375 0.375 0.202098
0.875 0.375 0.144099
0.875 0.3125 0.168913
0.875 0.25 0.195626
0.9375 0.25 0.25188
0.9375 0.3125 0.22607
0.875 0.3125 0.168913
0.9375 0.375 0.202098
0.9375 0.3125 0.22607
1 0.3125 0.283785
1 0.375 0.260786
0.9375 0.375 0.202098
0.9375 0.3125 0.22607
0.9375 0.25 0.25188
1 0.25 0.308741
1 0.3125 0.283785
0.9375 0.3125 0.22607
0.75 0.25 0.085266
0.75 0.21875 0.102277
0.78125 0.21875 0.128366
0.78125 0.25 0.112364
0.75 0.25 0.085266
0.75 0.21875 0.102277
0.75 0.1875 0.121195
0.78125 0.1875 0.145941
0.78125 0.21875 0.128366
0.75 0.21875 0.102277
0.78125 0.25 0.112364
0.78125 0.21875 0.128366
0.8125 0.21875 0.15511
0.8125 0.25 0.139849
0.78125 0.25 0.112364
0.78125 0.21875 0.128366
0.78125 0.1875 0.145941
0.8125 0.1875 0.171639
0.8125 0.21875 0.15511
0.78125 0.21875 0.128366
0.75 0.1875 0.121195
0.75 0.125 0.16459
0.8125 0.125 0.209725
0.8125 0.1875 0.171639
0.75 0.1875 0.121195
0.8125 0.25 0.139849
0.8125 0.1875 0.171639
0.875 0.1875 0.225296
0.875 0.25 0.195626
0.8125 0.25 0.139849
0.8125 0.1875 0.171639
0.8125 0.125 0.209725
0.875 0.125 0.259274
0.875 0.1875 0.225296
0.8125 0.1875 0.171639
0.75 0.125 0.16459
0.75 0.0625 0.213554
0.8125 0.0625 0.25314
0.8125 0.125 0.209725
0.75 0.125 0.16459
0.75 0.0625 0.213554
0.75 0 0.267766
0.8125 0 0.302922
0.8125 0.0625 0.25314
0.75 0.0625 0.213554
0.8125 0.125 0.209725
0.8125 0.0625 0.25314
0.875 0.0625 0.297945
0.875 0.125 0.259274
0.8125 0.125 0.209725
0.8125 0.0625 0.25314
0.8125 0 0.302922
0.875 0 0.343282
0.875 0.0625 0.297945
0.8125 0.0625 0.25314
0.875 0.25 0.195626
0.875 0.125 0.259274
1 0.125 0.366868
1 0.25 0.308741
0.875 0.25 0.195626
0.875 0.125 0.259274
0.875 0 0.343282
1 0 0.442645
1 0.125 0.366868
0.875 0.125 0.259274
