0 1 0.456258
0 0.875 0.380477
0.125 0.875 0.272473
0.125 1 0.356926
0 1 0.456258
0 0.875 0.380477
0 0.75 0.313303
0.125 0.75 0.200746
0.125 0.875 0.272473
0 0.875 0.380477
0.125 1 0.356926
0.125 0.9375 0.313488
0.1875 0.9375 0.266919
0.1875 1 0.314044
0.125 1 0.356926
0.125 0.9375 0.313488
0.125 0.875 0.272473
0.1875 0.875 0.222375
0.1875 0.9375 0.266919
0.125 0.9375 0.313488
0.1875 1 0.314044
0.1875 0.9375 0.266919
0.25 0.9375 0.223441
0.25 1 0.275058
0.1875 1 0.314044
0.1875 0.9375 0.266919
0.1875 0.875 0.222375
0.25 0.875 0.174126
0.25 0.9375 0.223441
0.1875 0.9375 0.266919
0.125 0.875 0.272473
0.125 0.8125 0.234781
0.1875 0.8125 0.181862
0.1875 0.875 0.222375
0.125 0.875 0.272473
0.125 0.8125 0.234781
0.125 0.75 0.200746
0.1875 0.75 0.145583
0.1875 0.8125 0.181862
0.125 0.8125 0.234781
0.1875 0.875 0.222375
0.1875 0.8125 0.181862
0.25 0.8125 0.130174
0.25 0.875 0.174126
0.1875 0.875 0.222375
0.1875 0.8125 0.181862
0.1875 0.75 0.145583
0.25 0.75 0.0918529
0.25 0.8125 0.130174
0.1875 0.8125 0.181862
0 0.75 0.313303
0 0.6875 0.285582
0.0625 0.6875 0.227414
0.0625 0.75 0.256531
0 0.75 0.313303
0 0.6875 0.285582
0 0.625 0.261107
0.0625 0.625 0.201542
0.0625 0.6875 0.227414
0 0.6875 0.285582
0.0625 0.75 0.256531
0.0625 0.6875 0.227414
0.125 0.6875 0.170399
0.125 0.75 0.200746
0.0625 0.75 0.256531
0.0625 0.6875 0.227414
0.0625 0.625 0.201542
0.125 0.625 0.143043
0.125 0.6875 0.170399
0.0625 0.6875 0.227414
0 0.625 0.261107
0 0.5625 0.24033
0.0625 0.5625 0.179253
0.0625 0.625 0.201542
0 0.625 0.261107
0 0.5625 0.24033
0 0.5 0.224562
0.0625 0.5 0.162194
0.0625 0.5625 0.179253
0 0.5625 0.24033
0.0625 0.625 0.201542
0.0625 0.5625 0.179253
0.125 0.5625 0.11874
0.125 0.625 0.143043
0.0625 0.625 0.201542
0.0625 0.5625 0.179253
0.0625 0.5 0.162194
0.125 0.5 0.0998137
0.125 0.5625 0.11874
0.0625 0.5625 0.179253
0.125 0.75 0.200746
0.125 0.6875 0.170399
0.1875 0.6875 0.114494
0.1875 0.75 0.145583
0.125 0.75 0.200746
0.125 0.6875 0.170399
0.125 0.65625 0.156429
0.15625 0.65625 0.128146
0.15625 0.6875 0.142375
0.125 0.6875 0.170399
0.125 0.65625 0.156429
0.125 0.625 0.143043
0.15625 0.625 0.114417
0.15625 0.65625 0.128146
0.125 0.65625 0.156429
0.15625 0.6875 0.142375
0.15625 0.65625 0.128146
0.1875 0.65625 0.100032
0.1875 0.6875 0.114494
0.15625 0.6875 0.142375
0.15625 0.65625 0.128146
0.15625 0.625 0.114417
0.1875 0.625 0.0859972
0.1875 0.65625 0.100032
0.15625 0.65625 0.128146
0.1875 0.75 0.145583
0.1875 0.71875 0.129596
0.21875 0.71875 0.102143
0.21875 0.75 0.118604
0.1875 0.75 0.145583
0.1875 0.71875 0.129596
0.1875 0.6875 0.114494
0.21875 0.6875 0.0867393
0.21875 0.71875 0.102143
0.1875 0.71875 0.129596
0.21875 0.75 0.118604
0.21875 0.71875 0.102143
0.25 0.71875 0.0748267
0.25 0.75 0.0918529
0.21875 0.75 0.118604
0.21875 0.71875 0.102143
0.21875 0.6875 0.0867393
0.25 0.6875 0.0590982
0.25 0.71875 0.0748267
0.21875 0.71875 0.102143
0.1875 0.6875 0.114494
0.1875 0.65625 0.100032
0.21875 0.65625 0.0720723
0.21875 0.6875 0.0867393
0.1875 0.6875 0.114494
0.1875 0.65625 0.100032
0.1875 0.625 0.0859972
0.21875 0.625 0.0577806
0.21875 0.65625 0.0720723
0.1875 0.65625 0.100032
0.21875 0.6875 0.0867393
0.21875 0.65625 0.0720723
0.25 0.65625 0.0442439
0.25 0.6875 0.0590982
0.21875 0.6875 0.0867393
0.21875 0.65625 0.0720723
0.21875 0.625 0.0577806
0.25 0.625 0.0297394
0.25 0.65625 0.0442439
0.21875 0.65625 0.0720723
0.125 0.625 0.143043
0.125 0.59375 0.130398
0.15625 0.59375 0.101333
0.15625 0.625 0.114417
0.125 0.625 0.143043
0.125 0.59375 0.130398
0.125 0.5625 0.11874
0.15625 0.5625 0.0891465
0.15625 0.59375 0.101333
0.125 0.59375 0.130398
0.15625 0.625 0.114417
0.15625 0.59375 0.101333
0.1875 0.59375 0.0724908
0.1875 0.625 0.0859972
0.15625 0.625 0.114417
0.15625 0.59375 0.101333
0.15625 0.5625 0.0891465
0.1875 0.5625 0.0597596
0.1875 0.59375 0.0724908
0.15625 0.59375 0.101333
0.125 0.5625 0.11874
0.125 0.53125 0.108402
0.15625 0.53125 0.0782111
0.15625 0.5625 0.0891465
0.125 0.5625 0.11874
0.125 0.53125 0.108402
0.125 0.5 0.0998137
0.15625 0.5 0.0690207
0.15625 0.53125 0.0782111
0.125 0.53125 0.108402
0.15625 0.5625 0.0891465
0.15625 0.53125 0.0782111
0.1875 0.53125 0.0481764
0.1875 0.5625 0.0597596
0.15625 0.5625 0.0891465
0.15625 0.53125 0.0782111
0.15625 0.5 0.0690207
0.1875 0.5 0.0382942
0.1875 0.53125 0.0481764
0.15625 0.53125 0.0782111
0.1875 0.625 0.0859972
0.1875 0.59375 0.0724908
0.21875 0.59375 0.0439174
0.21875 0.625 0.0577806
0.1875 0.625 0.0859972
0.1875 0.59375 0.0724908
0.1875 0.5625 0.0597596
0.21875 0.5625 0.0306552
0.21875 0.59375 0.0439174
0.1875 0.59375 0.0724908
0.21875 0.625 0.0577806
0.21875 0.59375 0.0439174
0.25 0.59375 0.0156156
0.25 0.625 0.0297394
0.21875 0.625 0.0577806
0.21875 0.59375 0.0439174
0.21875 0.5625 0.0306552
0.25 0.5625 0.00186759
0.25 0.59375 0.0156156
0.21875 0.59375 0.0439174
0.1875 0.5625 0.0597596
0.1875 0.53125 0.0481764
0.21875 0.53125 0.0183811
0.21875 0.5625 0.0306552
0.1875 0.5625 0.0597596
0.1875 0.53125 0.0481764
0.1875 0.5 0.0382942
0.21875 0.5 0.00765026
0.21875 0.53125 0.0183811
0.1875 0.53125 0.0481764
0.21875 0.5625 0.0306552
0.21875 0.53125 0.0183811
0.25 0.53125 -0.0108512
0.25 0.5625 0.00186759
0.21875 0.5625 0.0306552
0.21875 0.53125 0.0183811
0.21875 0.5 0.00765026
0.25 0.5 -0.0221752
0.25 0.53125 -0.0108512
0.21875 0.53125 0.0183811
0.25 1 0.275058
0.25 0.9375 0.223441
0.3125 0.9375 0.1875
0.3125 1 0.243853
0.25 1 0.275058
0.25 0.9375 0.223441
0.25 0.875 0.174126
0.3125 0.875 0.132747
0.3125 0.9375 0.1875
0.25 0.9375 0.223441
0.3125 1 0.243853
0.3125 0.9375 0.1875
0.375 0.9375 0.16059
0.375 1 0.221297
0.3125 1 0.243853
0.3125 0.9375 0.1875
0.3125 0.875 0.132747
0.375 0.875 0.10103
0.375 0.9375 0.16059
0.3125 0.9375 0.1875
0.25 0.875 0.174126
0.25 0.84375 0.15148
0.28125 0.84375 0.128714
0.28125 0.875 0.152721
0.25 0.875 0.174126
0.25 0.84375 0.15148
0.25 0.8125 0.130174
0.28125 0.8125 0.106057
0.28125 0.84375 0.128714
0.25 0.84375 0.15148
0.28125 0.875 0.152721
0.28125 0.84375 0.128714
0.3125 0.84375 0.107196
0.3125 0.875 0.132747
0.28125 0.875 0.152721
0.28125 0.84375 0.128714
0.28125 0.8125 0.106057
0.3125 0.8125 0.0829246
0.3125 0.84375 0.107196
0.28125 0.84375 0.128714
0.25 0.8125 0.130174
0.25 0.78125 0.110278
0.28125 0.78125 0.0849009
0.28125 0.8125 0.106057
0.25 0.8125 0.130174
0.25 0.78125 0.110278
0.25 0.75 0.0918529
0.28125 0.75 0.0654077
0.28125 0.78125 0.0849009
0.25 0.78125 0.110278
0.28125 0.8125 0.106057
0.28125 0.78125 0.0849009
0.3125 0.78125 0.0601901
0.3125 0.8125 0.0829246
0.28125 0.8125 0.106057
0.28125 0.78125 0.0849009
0.28125 0.75 0.0654077
0.3125 0.75 0.0393275
0.3125 0.78125 0.0601901
0.28125 0.78125 0.0849009
0.3125 0.875 0.132747
0.3125 0.84375 0.107196
0.34375 0.84375 0.0879258
0.34375 0.875 0.115231
0.3125 0.875 0.132747
0.3125 0.84375 0.107196
0.3125 0.8125 0.0829246
0.34375 0.8125 0.0616555
0.34375 0.84375 0.0879258
0.3125 0.84375 0.107196
0.34375 0.875 0.115231
0.34375 0.84375 0.0879258
0.375 0.84375 0.0718806
0.375 0.875 0.10103
0.34375 0.875 0.115231
0.34375 0.84375 0.0879258
0.34375 0.8125 0.0616555
0.375 0.8125 0.0433954
0.375 0.84375 0.0718806
0.34375 0.84375 0.0879258
0.3125 0.8125 0.0829246
0.3125 0.78125 0.0601901
0.34375 0.78125 0.0367726
0.34375 0.8125 0.0616555
0.3125 0.8125 0.0829246
0.3125 0.78125 0.0601901
0.3125 0.75 0.0393275
0.34375 0.75 0.013786
0.34375 0.78125 0.0367726
0.3125 0.78125 0.0601901
0.34375 0.8125 0.0616555
0.34375 0.78125 0.0367726
0.375 0.78125 0.0158881
0.375 0.8125 0.0433954
0.34375 0.8125 0.0616555
0.34375 0.78125 0.0367726
0.34375 0.75 0.013786
0.375 0.75 -0.00911181
0.375 0.78125 0.0158881
0.34375 0.78125 0.0367726
0.375 1 0.221297
0.375 0.9375 0.16059
0.4375 0.9375 0.151039
0.4375 1 0.213534
0.375 1 0.221297
0.375 0.9375 0.16059
0.375 0.875 0.10103
0.4375 0.875 0.0885496
0.4375 0.9375 0.151039
0.375 0.9375 0.16059
0.4375 1 0.213534
0.4375 0.9375 0.151039
0.5 0.9375 0.158003
0.5 1 0.219535
0.4375 1 0.213534
0.4375 0.9375 0.151039
0.4375 0.875 0.0885496
0.5 0.875 0.0968663
0.5 0.9375 0.158003
0.4375 0.9375 0.151039
0.375 0.875 0.10103
0.375 0.84375 0.0718806
0.40625 0.84375 0.0609095
0.40625 0.875 0.0916685
0.375 0.875 0.10103
0.375 0.84375 0.0718806
0.375 0.8125 0.0433954
0.40625 0.8125 0.0302907
0.40625 0.84375 0.0609095
0.375 0.84375 0.0718806
0.40625 0.875 0.0916685
0.40625 0.84375 0.0609095
0.4375 0.84375 0.0573033
0.4375 0.875 0.0885496
0.40625 0.875 0.0916685
0.40625 0.84375 0.0609095
0.40625 0.8125 0.0302907
0.4375 0.8125 0.0260545
0.4375 0.84375 0.0573033
0.40625 0.84375 0.0609095
0.375 0.8125 0.0433954
0.375 0.78125 0.0158881
0.40625 0.78125 -0.000101919
0.40625 0.8125 0.0302907
0.375 0.8125 0.0433954
0.375 0.78125 0.0158881
0.375 0.75 -0.00911181
0.40625 0.75 -0.0278562
0.40625 0.78125 -0.000101919
0.375 0.78125 0.0158881
0.40625 0.8125 0.0302907
0.40625 0.78125 -0.000101919
0.4375 0.78125 -0.00519297
0.4375 0.8125 0.0260545
0.40625 0.8125 0.0302907
0.40625 0.78125 -0.000101919
0.40625 0.75 -0.0278562
0.4375 0.75 -0.0363233
0.4375 0.78125 -0.00519297
0.40625 0.78125 -0.000101919
0.4375 0.875 0.0885496
0.4375 0.84375 0.0573033
0.46875 0.84375 0.0596643
0.46875 0.875 0.090656
0.4375 0.875 0.0885496
0.4375 0.84375 0.0573033
0.4375 0.8125 0.0260545
0.46875 0.8125 0.0287273
0.46875 0.84375 0.0596643
0.4375 0.84375 0.0573033
0.46875 0.875 0.090656
0.46875 0.84375 0.0596643
0.5 0.84375 0.0664943
0.5 0.875 0.0968663
0.46875 0.875 0.090656
0.46875 0.84375 0.0596643
0.46875 0.8125 0.0287273
0.5 0.8125 0.0362841
0.5 0.84375 0.0664943
0.46875 0.84375 0.0596643
0.4375 0.8125 0.0260545
0.4375 0.78125 -0.00519297
0.46875 0.78125 -0.0021174
0.46875 0.8125 0.0287273
0.4375 0.8125 0.0260545
0.4375 0.78125 -0.00519297
0.4375 0.75 -0.0363233
0.46875 0.75 -0.0324644
0.46875 0.78125 -0.0021174
0.4375 0.78125 -0.00519297
0.46875 0.8125 0.0287273
0.46875 0.78125 -0.0021174
0.5 0.78125 0.00626691
0.5 0.8125 0.0362841
0.46875 0.8125 0.0287273
0.46875 0.78125 -0.0021174
0.46875 0.75 -0.0324644
0.5 0.75 -0.0231388
0.5 0.78125 0.00626691
0.46875 0.78125 -0.0021174
0.25 0.75 0.0918529
0.25 0.71875 0.0748267
0.28125 0.71875 0.0476518
0.28125 0.75 0.0654077
0.25 0.75 0.0918529
0.25 0.71875 0.0748267
0.25 0.6875 0.0590982
0.28125 0.6875 0.0315592
0.28125 0.71875 0.0476518
0.25 0.71875 0.0748267
0.28125 0.75 0.0654077
0.28125 0.71875 0.0476518
0.3125 0.71875 0.0206281
0.3125 0.75 0.0393275
0.28125 0.75 0.0654077
0.28125 0.71875 0.0476518
0.28125 0.6875 0.0315592
0.3125 0.6875 0.00411693
0.3125 0.71875 0.0206281
0.28125 0.71875 0.0476518
0.25 0.6875 0.0590982
0.25 0.65625 0.0442439
0.28125 0.65625 0.0165304
0.28125 0.6875 0.0315592
0.25 0.6875 0.0590982
0.25 0.65625 0.0442439
0.25 0.625 0.0297394
0.28125 0.625 0.0018391
0.28125 0.65625 0.0165304
0.25 0.65625 0.0442439
0.28125 0.6875 0.0315592
0.28125 0.65625 0.0165304
0.3125 0.65625 -0.0110329
0.3125 0.6875 0.00411693
0.28125 0.6875 0.0315592
0.28125 0.65625 0.0165304
0.28125 0.625 0.0018391
0.3125 0.625 -0.0258311
0.3125 0.65625 -0.0110329
0.28125 0.65625 0.0165304
0.3125 0.75 0.0393275
0.3125 0.71875 0.0206281
0.34375 0.71875 -0.0058844
0.34375 0.75 0.013786
0.3125 0.75 0.0393275
0.3125 0.71875 0.0206281
0.3125 0.6875 0.00411693
0.34375 0.6875 -0.0228313
0.34375 0.71875 -0.0058844
0.3125 0.71875 0.0206281
0.34375 0.75 0.013786
0.34375 0.71875 -0.0058844
0.375 0.71875 -0.0307265
0.375 0.75 -0.00911181
0.34375 0.75 0.013786
0.34375 0.71875 -0.0058844
0.34375 0.6875 -0.0228313
0.375 0.6875 -0.0491334
0.375 0.71875 -0.0307265
0.34375 0.71875 -0.0058844
0.3125 0.6875 0.00411693
0.3125 0.65625 -0.0110329
0.34375 0.65625 -0.0383931
0.34375 0.6875 -0.0228313
0.3125 0.6875 0.00411693
0.3125 0.65625 -0.0110329
0.3125 0.625 -0.0258311
0.34375 0.625 -0.053397
0.34375 0.65625 -0.0383931
0.3125 0.65625 -0.0110329
0.34375 0.6875 -0.0228313
0.34375 0.65625 -0.0383931
0.375 0.65625 -0.0654714
0.375 0.6875 -0.0491334
0.34375 0.6875 -0.0228313
0.34375 0.65625 -0.0383931
0.34375 0.625 -0.053397
0.375 0.625 -0.0808248
0.375 0.65625 -0.0654714
0.34375 0.65625 -0.0383931
0.25 0.625 0.0297394
0.25 0.59375 0.0156156
0.28125 0.59375 -0.0124188
0.28125 0.625 0.0018391
0.25 0.625 0.0297394
0.25 0.59375 0.0156156
0.25 0.5625 0.00186759
0.28125 0.5625 -0.0262937
0.28125 0.59375 -0.0124188
0.25 0.59375 0.0156156
0.28125 0.625 0.0018391
0.28125 0.59375 -0.0124188
0.3125 0.59375 -0.0402721
0.3125 0.625 -0.0258311
0.28125 0.625 0.0018391
0.28125 0.59375 -0.0124188
0.28125 0.5625 -0.0262937
0.3125 0.5625 -0.0543397
0.3125 0.59375 -0.0402721
0.28125 0.59375 -0.0124188
0.25 0.5625 0.00186759
0.25 0.53125 -0.0108512
0.28125 0.53125 -0.0394623
0.28125 0.5625 -0.0262937
0.25 0.5625 0.00186759
0.25 0.53125 -0.0108512
0.25 0.5 -0.0221752
0.28125 0.5 -0.0514277
0.28125 0.53125 -0.0394623
0.25 0.53125 -0.0108512
0.28125 0.5625 -0.0262937
0.28125 0.53125 -0.0394623
0.3125 0.53125 -0.0678548
0.3125 0.5625 -0.0543397
0.28125 0.5625 -0.0262937
0.28125 0.53125 -0.0394623
0.28125 0.5 -0.0514277
0.3125 0.5 -0.0803988
0.3125 0.53125 -0.0678548
0.28125 0.53125 -0.0394623
0.3125 0.625 -0.0258311
0.3125 0.59375 -0.0402721
0.34375 0.59375 -0.0680301
0.34375 0.625 -0.053397
0.3125 0.625 -0.0258311
0.3125 0.59375 -0.0402721
0.3125 0.5625 -0.0543397
0.34375 0.5625 -0.0822902
0.34375 0.59375 -0.0680301
0.3125 0.59375 -0.0402721
0.34375 0.625 -0.053397
0.34375 0.59375 -0.0680301
0.375 0.59375 -0.0956825
0.375 0.625 -0.0808248
0.34375 0.625 -0.053397
0.34375 0.59375 -0.0680301
0.34375 0.5625 -0.0822902
0.375 0.5625 -0.110145
0.375 0.59375 -0.0956825
0.34375 0.59375 -0.0680301
0.3125 0.5625 -0.0543397
0.3125 0.53125 -0.0678548
0.34375 0.53125 -0.0960792
0.34375 0.5625 -0.0822902
0.3125 0.5625 -0.0543397
0.3125 0.53125 -0.0678548
0.3125 0.5 -0.0803988
0.34375 0.5 -0.109095
0.34375 0.53125 -0.0960792
0.3125 0.53125 -0.0678548
0.34375 0.5625 -0.0822902
0.34375 0.53125 -0.0960792
0.375 0.53125 -0.124177
0.375 0.5625 -0.110145
0.34375 0.5625 -0.0822902
0.34375 0.53125 -0.0960792
0.34375 0.5 -0.109095
0.375 0.5 -0.137583
0.375 0.53125 -0.124177
0.34375 0.53125 -0.0960792
0.375 0.75 -0.00911181
0.375 0.71875 -0.0307265
0.40625 0.71875 -0.0527602
0.40625 0.75 -0.0278562
0.375 0.75 -0.00911181
0.375 0.71875 -0.0307265
0.375 0.6875 -0.0491334
0.40625 0.6875 -0.0741211
0.40625 0.71875 -0.0527602
0.375 0.71875 -0.0307265
0.40625 0.75 -0.0278562
0.40625 0.71875 -0.0527602
0.4375 0.71875 -0.0665211
0.4375 0.75 -0.0363233
0.40625 0.75 -0.0278562
0.40625 0.71875 -0.0527602
0.40625 0.6875 -0.0741211
0.4375 0.6875 -0.0939581
0.4375 0.71875 -0.0665211
0.40625 0.71875 -0.0527602
0.375 0.6875 -0.0491334
0.375 0.65625 -0.0654714
0.40625 0.65625 -0.092005
0.40625 0.6875 -0.0741211
0.375 0.6875 -0.0491334
0.375 0.65625 -0.0654714
0.375 0.625 -0.0808248
0.40625 0.625 -0.108024
0.40625 0.65625 -0.092005
0.375 0.65625 -0.0654714
0.40625 0.6875 -0.0741211
0.40625 0.65625 -0.092005
0.4375 0.65625 -0.116668
0.4375 0.6875 -0.0939581
0.40625 0.6875 -0.0741211
0.40625 0.65625 -0.092005
0.40625 0.625 -0.108024
0.4375 0.625 -0.134618
0.4375 0.65625 -0.116668
0.40625 0.65625 -0.092005
0.4375 0.75 -0.0363233
0.4375 0.71875 -0.0665211
0.46875 0.71875 -0.0624796
0.46875 0.75 -0.0324644
0.4375 0.75 -0.0363233
0.4375 0.71875 -0.0665211
0.4375 0.6875 -0.0939581
0.46875 0.6875 -0.0921477
0.46875 0.71875 -0.0624796
0.4375 0.71875 -0.0665211
0.46875 0.75 -0.0324644
0.46875 0.71875 -0.0624796
0.5 0.71875 -0.0521932
0.5 0.75 -0.0231388
0.46875 0.75 -0.0324644
0.46875 0.71875 -0.0624796
0.46875 0.6875 -0.0921477
0.5 0.6875 -0.0809781
0.5 0.71875 -0.0521932
0.46875 0.71875 -0.0624796
0.4375 0.6875 -0.0939581
0.4375 0.65625 -0.116668
0.46875 0.65625 -0.121462
0.46875 0.6875 -0.0921477
0.4375 0.6875 -0.0939581
0.4375 0.65625 -0.116668
0.4375 0.625 -0.134618
0.46875 0.625 -0.150458
0.46875 0.65625 -0.121462
0.4375 0.65625 -0.116668
0.46875 0.6875 -0.0921477
0.46875 0.65625 -0.121462
0.5 0.65625 -0.109539
0.5 0.6875 -0.0809781
0.46875 0.6875 -0.0921477
0.46875 0.65625 -0.121462
0.46875 0.625 -0.150458
0.5 0.625 -0.1379
0.5 0.65625 -0.109539
0.46875 0.65625 -0.121462
0.375 0.625 -0.0808248
0.375 0.59375 -0.0956825
0.40625 0.59375 -0.123201
0.40625 0.625 -0.108024
0.375 0.625 -0.0808248
0.375 0.59375 -0.0956825
0.375 0.5625 -0.110145
0.40625 0.5625 -0.1379
0.40625 0.59375 -0.123201
0.375 0.59375 -0.0956825
0.40625 0.625 -0.108024
0.40625 0.59375 -0.123201
0.4375 0.59375 -0.15048
0.4375 0.625 -0.134618
0.40625 0.625 -0.108024
0.40625 0.59375 -0.123201
0.40625 0.5625 -0.1379
0.4375 0.5625 -0.165548
0.4375 0.59375 -0.15048
0.40625 0.59375 -0.123201
0.375 0.5625 -0.110145
0.375 0.5 -0.137583
0.4375 0.5 -0.185264
0.4375 0.5625 -0.165548
0.375 0.5625 -0.110145
0.4375 0.625 -0.134618
0.4375 0.5625 -0.165548
0.5 0.5625 -0.194212
0.5 0.625 -0.1379
0.4375 0.625 -0.134618
0.4375 0.5625 -0.165548
0.4375 0.5 -0.185264
0.5 0.5 -0.229322
0.5 0.5625 -0.194212
0.4375 0.5625 -0.165548
0 0.5 0.224562
0 0.4375 0.216512
0.0625 0.4375 0.153994
0.0625 0.5 0.162194
0 0.5 0.224562
0 0.4375 0.216512
0 0.375 0.224425
0.0625 0.375 0.163465
0.0625 0.4375 0.153994
0 0.4375 0.216512
0.0625 0.5 0.162194
0.0625 0.4375 0.153994
0.125 0.4375 0.0915058
0.125 0.5 0.0998137
0.0625 0.5 0.162194
0.0625 0.4375 0.153994
0.0625 0.375 0.163465
0.125 0.375 0.103735
0.125 0.4375 0.0915058
0.0625 0.4375 0.153994
0 0.375 0.224425
0 0.3125 0.243831
0.0625 0.3125 0.186081
0.0625 0.375 0.163465
0 0.375 0.224425
0 0.3125 0.243831
0 0.25 0.272107
0.0625 0.25 0.218513
0.0625 0.3125 0.186081
0 0.3125 0.243831
0.0625 0.375 0.163465
0.0625 0.3125 0.186081
0.125 0.3125 0.131727
0.125 0.375 0.103735
0.0625 0.375 0.163465
0.0625 0.3125 0.186081
0.0625 0.25 0.218513
0.125 0.25 0.170194
0.125 0.3125 0.131727
0.0625 0.3125 0.186081
0.125 0.5 0.0998137
0.125 0.46875 0.0935678
0.15625 0.46875 0.0623097
0.15625 0.5 0.0690207
0.125 0.5 0.0998137
0.125 0.46875 0.0935678
0.125 0.4375 0.0915058
0.15625 0.4375 0.0602635
0.15625 0.46875 0.0623097
0.125 0.46875 0.0935678
0.15625 0.5 0.0690207
0.15625 0.46875 0.0623097
0.1875 0.46875 0.0310617
0.1875 0.5 0.0382942
0.15625 0.5 0.0690207
0.15625 0.46875 0.0623097
0.15625 0.4375 0.0602635
0.1875 0.4375 0.0290168
0.1875 0.46875 0.0310617
0.15625 0.46875 0.0623097
0.125 0.4375 0.0915058
0.125 0.40625 0.0952749
0.15625 0.40625 0.0646478
0.15625 0.4375 0.0602635
0.125 0.4375 0.0915058
0.125 0.40625 0.0952749
0.125 0.375 0.103735
0.15625 0.375 0.0745717
0.15625 0.40625 0.0646478
0.125 0.40625 0.0952749
0.15625 0.4375 0.0602635
0.15625 0.40625 0.0646478
0.1875 0.40625 0.0344166
0.1875 0.4375 0.0290168
0.15625 0.4375 0.0602635
0.15625 0.40625 0.0646478
0.15625 0.375 0.0745717
0.1875 0.375 0.0460537
0.1875 0.40625 0.0344166
0.15625 0.40625 0.0646478
0.1875 0.5 0.0382942
0.1875 0.46875 0.0310617
0.21875 0.46875 -0.000183065
0.21875 0.5 0.00765026
0.1875 0.5 0.0382942
0.1875 0.46875 0.0310617
0.1875 0.4375 0.0290168
0.21875 0.4375 -0.00215927
0.21875 0.46875 -0.000183065
0.1875 0.46875 0.0310617
0.21875 0.5 0.00765026
0.21875 0.46875 -0.000183065
0.25 0.46875 -0.0307447
0.25 0.5 -0.0221752
0.21875 0.5 0.00765026
0.21875 0.46875 -0.000183065
0.21875 0.4375 -0.00215927
0.25 0.4375 -0.0316517
0.25 0.46875 -0.0307447
0.21875 0.46875 -0.000183065
0.1875 0.4375 0.0290168
0.1875 0.40625 0.0344166
0.21875 0.40625 0.00453275
0.21875 0.4375 -0.00215927
0.1875 0.4375 0.0290168
0.1875 0.40625 0.0344166
0.1875 0.375 0.0460537
0.21875 0.375 0.0185699
0.21875 0.40625 0.00453275
0.1875 0.40625 0.0344166
0.21875 0.4375 -0.00215927
0.21875 0.40625 0.00453275
0.25 0.40625 -0.0221314
0.25 0.4375 -0.0316517
0.21875 0.4375 -0.00215927
0.21875 0.40625 0.00453275
0.21875 0.375 0.0185699
0.25 0.375 -0.0066852
0.25 0.40625 -0.0221314
0.21875 0.40625 0.00453275
0.125 0.375 0.103735
0.125 0.34375 0.116115
0.15625 0.34375 0.0886189
0.15625 0.375 0.0745717
0.125 0.375 0.103735
0.125 0.34375 0.116115
0.125 0.3125 0.131727
0.15625 0.3125 0.106057
0.15625 0.34375 0.0886189
0.125 0.34375 0.116115
0.15625 0.375 0.0745717
0.15625 0.34375 0.0886189
0.1875 0.34375 0.0622464
0.1875 0.375 0.0460537
0.15625 0.375 0.0745717
0.15625 0.34375 0.0886189
0.15625 0.3125 0.106057
0.1875 0.3125 0.0818101
0.1875 0.34375 0.0622464
0.15625 0.34375 0.0886189
0.125 0.3125 0.131727
0.125 0.28125 0.149876
0.15625 0.28125 0.125916
0.15625 0.3125 0.106057
0.125 0.3125 0.131727
0.125 0.28125 0.149876
0.125 0.25 0.170194
0.15625 0.25 0.147879
0.15625 0.28125 0.125916
0.125 0.28125 0.149876
0.15625 0.3125 0.106057
0.15625 0.28125 0.125916
0.1875 0.28125 0.103657
0.1875 0.3125 0.0818101
0.15625 0.3125 0.106057
0.15625 0.28125 0.125916
0.15625 0.25 0.147879
0.1875 0.25 0.127231
0.1875 0.28125 0.103657
0.15625 0.28125 0.125916
0.1875 0.375 0.0460537
0.1875 0.34375 0.0622464
0.21875 0.34375 0.0372837
0.21875 0.375 0.0185699
0.1875 0.375 0.0460537
0.1875 0.34375 0.0622464
0.1875 0.3125 0.0818101
0.21875 0.3125 0.0592549
0.21875 0.34375 0.0372837
0.1875 0.34375 0.0622464
0.21875 0.375 0.0185699
0.21875 0.34375 0.0372837
0.25 0.34375 0.0147908
0.25 0.375 -0.0066852
0.21875 0.375 0.0185699
0.21875 0.34375 0.0372837
0.21875 0.3125 0.0592549
0.25 0.3125 0.0390366
0.25 0.34375 0.0147908
0.21875 0.34375 0.0372837
0.1875 0.3125 0.0818101
0.1875 0.28125 0.103657
0.21875 0.28125 0.0831006
0.21875 0.3125 0.0592549
0.1875 0.3125 0.0818101
0.1875 0.28125 0.103657
0.1875 0.25 0.127231
0.21875 0.25 0.108167
0.21875 0.28125 0.0831006
0.1875 0.28125 0.103657
0.21875 0.3125 0.0592549
0.21875 0.28125 0.0831006
0.25 0.28125 0.0644523
0.25 0.3125 0.0390366
0.21875 0.3125 0.0592549
0.21875 0.28125 0.0831006
0.21875 0.25 0.108167
0.25 0.25 0.0905876
0.25 0.28125 0.0644523
0.21875 0.28125 0.0831006
0 0.25 0.272107
0 0.1875 0.308086
0.0625 0.1875 0.25885
0.0625 0.25 0.218513
0 0.25 0.272107
0 0.1875 0.308086
0 0.125 0.349052
0.0625 0.125 0.304167
0.0625 0.1875 0.25885
0 0.1875 0.308086
0.0625 0.25 0.218513
0.0625 0.1875 0.25885
0.125 0.1875 0.215789
0.125 0.25 0.170194
0.0625 0.25 0.218513
0.0625 0.1875 0.25885
0.0625 0.125 0.304167
0.125 0.125 0.265259
0.125 0.1875 0.215789
0.0625 0.1875 0.25885
0 0.125 0.349052
0 0 0.447762
0.125 0 0.37111
0.125 0.125 0.265259
0 0.125 0.349052
0.125 0.25 0.170194
0.125 0.1875 0.215789
0.1875 0.1875 0.1776
0.1875 0.25 0.127231
0.125 0.25 0.170194
0.125 0.1875 0.215789
0.125 0.125 0.265259
0.1875 0.125 0.230289
0.1875 0.1875 0.1776
0.125 0.1875 0.215789
0.1875 0.25 0.127231
0.1875 0.1875 0.1776
0.25 0.1875 0.144107
0.25 0.25 0.0905876
0.1875 0.25 0.127231
0.1875 0.1875 0.1776
0.1875 0.125 0.230289
0.25 0.125 0.198636
0.25 0.1875 0.144107
0.1875 0.1875 0.1776
0.125 0.125 0.265259
0.125 0 0.37111
0.25 0 0.309281
0.25 0.125 0.198636
0.125 0.125 0.265259
0.25 0.5 -0.0221752
0.25 0.46875 -0.0307447
0.28125 0.46875 -0.0610025
0.28125 0.5 -0.0514277
0.25 0.5 -0.0221752
0.25 0.46875 -0.0307447
0.25 0.4375 -0.0316517
0.28125 0.4375 -0.0593812
0.28125 0.46875 -0.0610025
0.25 0.46875 -0.0307447
0.28125 0.5 -0.0514277
0.28125 0.46875 -0.0610025
0.3125 0.46875 -0.0905905
0.3125 0.5 -0.0803988
0.28125 0.5 -0.0514277
0.28125 0.46875 -0.0610025
0.28125 0.4375 -0.0593812
0.3125 0.4375 -0.0850177
0.3125 0.46875 -0.0905905
0.28125 0.46875 -0.0610025
0.25 0.4375 -0.0316517
0.25 0.40625 -0.0221314
0.28125 0.40625 -0.0465539
0.28125 0.4375 -0.0593812
0.25 0.4375 -0.0316517
0.25 0.40625 -0.0221314
0.25 0.375 -0.0066852
0.28125 0.375 -0.027381
0.28125 0.40625 -0.0465539
0.25 0.40625 -0.0221314
0.28125 0.4375 -0.0593812
0.28125 0.40625 -0.0465539
0.3125 0.40625 -0.068577
0.3125 0.4375 -0.0850177
0.28125 0.4375 -0.0593812
0.28125 0.40625 -0.0465539
0.28125 0.375 -0.027381
0.3125 0.375 -0.0464133
0.3125 0.40625 -0.068577
0.28125 0.40625 -0.0465539
0.3125 0.5 -0.0803988
0.3125 0.46875 -0.0905905
0.34375 0.46875 -0.118646
0.34375 0.5 -0.109095
0.3125 0.5 -0.0803988
0.3125 0.46875 -0.0905905
0.3125 0.4375 -0.0850177
0.34375 0.4375 -0.108237
0.34375 0.46875 -0.118646
0.3125 0.46875 -0.0905905
0.34375 0.5 -0.109095
0.34375 0.46875 -0.118646
0.375 0.46875 -0.144373
0.375 0.5 -0.137583
0.34375 0.5 -0.109095
0.34375 0.46875 -0.118646
0.34375 0.4375 -0.108237
0.375 0.4375 -0.128903
0.375 0.46875 -0.144373
0.34375 0.46875 -0.118646
0.3125 0.4375 -0.0850177
0.3125 0.40625 -0.068577
0.34375 0.40625 -0.0881371
0.34375 0.4375 -0.108237
0.3125 0.4375 -0.0850177
0.3125 0.40625 -0.068577
0.3125 0.375 -0.0464133
0.34375 0.375 -0.0638213
0.34375 0.40625 -0.0881371
0.3125 0.40625 -0.068577
0.34375 0.4375 -0.108237
0.34375 0.40625 -0.0881371
0.375 0.40625 -0.105689
0.375 0.4375 -0.128903
0.34375 0.4375 -0.108237
0.34375 0.40625 -0.0881371
0.34375 0.375 -0.0638213
0.375 0.375 -0.0798673
0.375 0.40625 -0.105689
0.34375 0.40625 -0.0881371
0.25 0.375 -0.0066852
0.25 0.34375 0.0147908
0.28125 0.34375 -0.00490365
0.28125 0.375 -0.027381
0.25 0.375 -0.0066852
0.25 0.34375 0.0147908
0.25 0.3125 0.0390366
0.28125 0.3125 0.0208896
0.28125 0.34375 -0.00490365
0.25 0.34375 0.0147908
0.28125 0.375 -0.027381
0.28125 0.34375 -0.00490365
0.3125 0.34375 -0.021955
0.3125 0.375 -0.0464133
0.28125 0.375 -0.027381
0.28125 0.34375 -0.00490365
0.28125 0.3125 0.0208896
0.3125 0.3125 0.00439438
0.3125 0.34375 -0.021955
0.28125 0.34375 -0.00490365
0.25 0.3125 0.0390366
0.25 0.28125 0.0644523
0.28125 0.28125 0.0473882
0.28125 0.3125 0.0208896
0.25 0.3125 0.0390366
0.25 0.28125 0.0644523
0.25 0.25 0.0905876
0.28125 0.25 0.0742717
0.28125 0.28125 0.0473882
0.25 0.28125 0.0644523
0.28125 0.3125 0.0208896
0.28125 0.28125 0.0473882
0.3125 0.28125 0.0315245
0.3125 0.3125 0.00439438
0.28125 0.3125 0.0208896
0.28125 0.28125 0.0473882
0.28125 0.25 0.0742717
0.3125 0.25 0.0588523
0.3125 0.28125 0.0315245
0.28125 0.28125 0.0473882
0.3125 0.375 -0.0464133
0.3125 0.34375 -0.021955
0.34375 0.34375 -0.0378033
0.34375 0.375 -0.0638213
0.3125 0.375 -0.0464133
0.3125 0.34375 -0.021955
0.3125 0.3125 0.00439438
0.34375 0.3125 -0.0110072
0.34375 0.34375 -0.0378033
0.3125 0.34375 -0.021955
0.34375 0.375 -0.0638213
0.34375 0.34375 -0.0378033
0.375 0.34375 -0.0530237
0.375 0.375 -0.0798673
0.34375 0.375 -0.0638213
0.34375 0.34375 -0.0378033
0.34375 0.3125 -0.0110072
0.375 0.3125 -0.0257273
0.375 0.34375 -0.0530237
0.34375 0.34375 -0.0378033
0.3125 0.3125 0.00439438
0.3125 0.28125 0.0315245
0.34375 0.28125 0.0164354
0.34375 0.3125 -0.0110072
0.3125 0.3125 0.00439438
0.3125 0.28125 0.0315245
0.3125 0.25 0.0588523
0.34375 0.25 0.044023
0.34375 0.28125 0.0164354
0.3125 0.28125 0.0315245
0.34375 0.3125 -0.0110072
0.34375 0.28125 0.0164354
0.375 0.28125 0.00183613
0.375 0.3125 -0.0257273
0.34375 0.3125 -0.0110072
0.34375 0.28125 0.0164354
0.34375 0.25 0.044023
0.375 0.25 0.0295985
0.375 0.28125 0.00183613
0.34375 0.28125 0.0164354
0.375 0.5 -0.137583
0.375 0.4375 -0.128903
0.4375 0.4375 -0.16353
0.4375 0.5 -0.185264
0.375 0.5 -0.137583
0.375 0.4375 -0.128903
0.375 0.40625 -0.105689
0.40625 0.40625 -0.121844
0.40625 0.4375 -0.147093
0.375 0.4375 -0.128903
0.375 0.40625 -0.105689
0.375 0.375 -0.0798673
0.40625 0.375 -0.0950674
0.40625 0.40625 -0.121844
0.375 0.40625 -0.105689
0.40625 0.4375 -0.147093
0.40625 0.40625 -0.121844
0.4375 0.40625 -0.137041
0.4375 0.4375 -0.16353
0.40625 0.4375 -0.147093
0.40625 0.40625 -0.121844
0.40625 0.375 -0.0950674
0.4375 0.375 -0.109711
0.4375 0.40625 -0.137041
0.40625 0.40625 -0.121844
0.4375 0.5 -0.185264
0.4375 0.4375 -0.16353
0.5 0.4375 -0.192859
0.5 0.5 -0.229322
0.4375 0.5 -0.185264
0.4375 0.4375 -0.16353
0.4375 0.375 -0.109711
0.5 0.375 -0.137139
0.5 0.4375 -0.192859
0.4375 0.4375 -0.16353
0.375 0.375 -0.0798673
0.375 0.34375 -0.0530237
0.40625 0.34375 -0.06776
0.40625 0.375 -0.0950674
0.375 0.375 -0.0798673
0.375 0.34375 -0.0530237
0.375 0.3125 -0.0257273
0.40625 0.3125 -0.0401474
0.40625 0.34375 -0.06776
0.375 0.34375 -0.0530237
0.40625 0.375 -0.0950674
0.40625 0.34375 -0.06776
0.4375 0.34375 -0.0820558
0.4375 0.375 -0.109711
0.40625 0.375 -0.0950674
0.40625 0.34375 -0.06776
0.40625 0.3125 -0.0401474
0.4375 0.3125 -0.0542045
0.4375 0.34375 -0.0820558
0.40625 0.34375 -0.06776
0.375 0.3125 -0.0257273
0.375 0.28125 0.00183613
0.40625 0.28125 -0.0124085
0.40625 0.3125 -0.0401474
0.375 0.3125 -0.0257273
0.375 0.28125 0.00183613
0.375 0.25 0.0295985
0.40625 0.25 0.0155136
0.40625 0.28125 -0.0124085
0.375 0.28125 0.00183613
0.40625 0.3125 -0.0401474
0.40625 0.28125 -0.0124085
0.4375 0.28125 -0.0262534
0.4375 0.3125 -0.0542045
0.40625 0.3125 -0.0401474
0.40625 0.28125 -0.0124085
0.40625 0.25 0.0155136
0.4375 0.25 0.00181663
0.4375 0.28125 -0.0262534
0.40625 0.28125 -0.0124085
0.4375 0.375 -0.109711
0.4375 0.34375 -0.0820558
0.46875 0.34375 -0.0958266
0.46875 0.375 -0.12379
0.4375 0.375 -0.109711
0.4375 0.34375 -0.0820558
0.4375 0.3125 -0.0542045
0.46875 0.3125 -0.0677121
0.46875 0.34375 -0.0958266
0.4375 0.34375 -0.0820558
0.46875 0.375 -0.12379
0.46875 0.34375 -0.0958266
0.5 0.34375 -0.108807
0.5 0.375 -0.137139
0.46875 0.375 -0.12379
0.46875 0.34375 -0.0958266
0.46875 0.3125 -0.0677121
0.5 0.3125 -0.0802935
0.5 0.34375 -0.108807
0.46875 0.34375 -0.0958266
0.4375 0.3125 -0.0542045
0.4375 0.28125 -0.0262534
0.46875 0.28125 -0.0394667
0.46875 0.3125 -0.0677121
0.4375 0.3125 -0.0542045
0.4375 0.28125 -0.0262534
0.4375 0.25 0.00181663
0.46875 0.25 -0.0110753
0.46875 0.28125 -0.0394667
0.4375 0.28125 -0.0262534
0.46875 0.3125 -0.0677121
0.46875 0.28125 -0.0394667
0.5 0.28125 -0.051586
0.5 0.3125 -0.0802935
0.46875 0.3125 -0.0677121
0.46875 0.28125 -0.0394667
0.46875 0.25 -0.0110753
0.5 0.25 -0.022664
0.5 0.28125 -0.051586
0.46875 0.28125 -0.0394667
0.25 0.25 0.0905876
0.25 0.21875 0.117177
0.28125 0.21875 0.101405
0.28125 0.25 0.0742717
0.25 0.25 0.0905876
0.25 0.21875 0.117177
0.25 0.1875 0.144107
0.28125 0.1875 0.128732
0.28125 0.21875 0.101405
0.25 0.21875 0.117177
0.28125 0.25 0.0742717
0.28125 0.21875 0.101405
0.3125 0.21875 0.0863175
0.3125 0.25 0.0588523
0.28125 0.25 0.0742717
0.28125 0.21875 0.101405
0.28125 0.1875 0.128732
0.3125 0.1875 0.113893
0.3125 0.21875 0.0863175
0.28125 0.21875 0.101405
0.25 0.1875 0.144107
0.25 0.125 0.198636
0.3125 0.125 0.169338
0.3125 0.1875 0.113893
0.25 0.1875 0.144107
0.3125 0.25 0.0588523
0.3125 0.21875 0.0863175
0.34375 0.21875 0.0717007
0.34375 0.25 0.044023
0.3125 0.25 0.0588523
0.3125 0.21875 0.0863175
0.3125 0.1875 0.113893
0.34375 0.1875 0.0994705
0.34375 0.21875 0.0717007
0.3125 0.21875 0.0863175
0.34375 0.25 0.044023
0.34375 0.21875 0.0717007
0.375 0.21875 0.0574551
0.375 0.25 0.0295985
0.34375 0.25 0.044023
0.34375 0.21875 0.0717007
0.34375 0.1875 0.0994705
0.375 0.1875 0.0854119
0.375 0.21875 0.0574551
0.34375 0.21875 0.0717007
0.3125 0.1875 0.113893
0.3125 0.15625 0.141568
0.34375 0.15625 0.127337
0.34375 0.1875 0.0994705
0.3125 0.1875 0.113893
0.3125 0.15625 0.141568
0.3125 0.125 0.169338
0.34375 0.125 0.155303
0.34375 0.15625 0.127337
0.3125 0.15625 0.141568
0.34375 0.1875 0.0994705
0.34375 0.15625 0.127337
0.375 0.15625 0.113478
0.375 0.1875 0.0854119
0.34375 0.1875 0.0994705
0.34375 0.15625 0.127337
0.34375 0.125 0.155303
0.375 0.125 0.141664
0.375 0.15625 0.113478
0.34375 0.15625 0.127337
0.25 0.125 0.198636
0.25 0.0625 0.253623
0.3125 0.0625 0.225216
0.3125 0.125 0.169338
0.25 0.125 0.198636
0.25 0.0625 0.253623
0.25 0 0.309281
0.3125 0 0.281851
0.3125 0.0625 0.225216
0.25 0.0625 0.253623
0.3125 0.125 0.169338
0.3125 0.0625 0.225216
0.375 0.0625 0.198548
0.375 0.125 0.141664
0.3125 0.125 0.169338
0.3125 0.0625 0.225216
0.3125 0 0.281851
0.375 0 0.25642
0.375 0.0625 0.198548
0.3125 0.0625 0.225216
0.375 0.25 0.0295985
0.375 0.21875 0.0574551
0.40625 0.21875 0.0435628
0.40625 0.25 0.0155136
0.375 0.25 0.0295985
0.375 0.21875 0.0574551
0.375 0.1875 0.0854119
0.40625 0.1875 0.071747
0.40625 0.21875 0.0435628
0.375 0.21875 0.0574551
0.40625 0.25 0.0155136
0.40625 0.21875 0.0435628
0.4375 0.21875 0.0301625
0.4375 0.25 0.00181663
0.40625 0.25 0.0155136
0.40625 0.21875 0.0435628
0.40625 0.1875 0.071747
0.4375 0.1875 0.0587024
0.4375 0.21875 0.0301625
0.40625 0.21875 0.0435628
0.375 0.1875 0.0854119
0.375 0.15625 0.113478
0.40625 0.15625 0.10008
0.40625 0.1875 0.071747
0.375 0.1875 0.0854119
0.375 0.15625 0.113478
0.375 0.125 0.141664
0.40625 0.125 0.128576
0.40625 0.15625 0.10008
0.375 0.15625 0.113478
0.40625 0.1875 0.071747
0.40625 0.15625 0.10008
0.4375 0.15625 0.0874446
0.4375 0.1875 0.0587024
0.40625 0.1875 0.071747
0.40625 0.15625 0.10008
0.40625 0.125 0.128576
0.4375 0.125 0.116392
0.4375 0.15625 0.0874446
0.40625 0.15625 0.10008
0.4375 0.25 0.00181663
0.4375 0.21875 0.0301625
0.46875 0.21875 0.0176714
0.46875 0.25 -0.0110753
0.4375 0.25 0.00181663
0.4375 0.21875 0.0301625
0.4375 0.1875 0.0587024
0.46875 0.1875 0.0467318
0.46875 0.21875 0.0176714
0.4375 0.21875 0.0301625
0.46875 0.25 -0.0110753
0.46875 0.21875 0.0176714
0.5 0.21875 0.00658553
0.5 0.25 -0.022664
0.46875 0.25 -0.0110753
0.46875 0.21875 0.0176714
0.46875 0.1875 0.0467318
0.5 0.1875 0.0363838
0.5 0.21875 0.00658553
0.46875 0.21875 0.0176714
0.4375 0.1875 0.0587024
0.4375 0.15625 0.0874446
0.46875 0.15625 0.0760478
0.46875 0.1875 0.0467318
0.4375 0.1875 0.0587024
0.4375 0.15625 0.0874446
0.4375 0.125 0.116392
0.46875 0.125 0.105581
0.46875 0.15625 0.0760478
0.4375 0.15625 0.0874446
0.46875 0.1875 0.0467318
0.46875 0.15625 0.0760478
0.5 0.15625 0.0664388
0.5 0.1875 0.0363838
0.46875 0.1875 0.0467318
0.46875 0.15625 0.0760478
0.46875 0.125 0.105581
0.5 0.125 0.0966724
0.5 0.15625 0.0664388
0.46875 0.15625 0.0760478
0.375 0.125 0.141664
0.375 0.0625 0.198548
0.4375 0.0625 0.17498
0.4375 0.125 0.116392
0.375 0.125 0.141664
0.375 0.0625 0.198548
0.375 0 0.25642
0.4375 0 0.234645
0.4375 0.0625 0.17498
0.375 0.0625 0.198548
0.4375 0.125 0.116392
0.4375 0.0625 0.17498
0.5 0.0625 0.157648
0.5 0.125 0.0966724
0.4375 0.125 0.116392
0.4375 0.0625 0.17498
0.4375 0 0.234645
0.5 0 0.219235
0.5 0.0625 0.157648
0.4375 0.0625 0.17498
0.5 1 0.219535
0.5 0.9375 0.158003
0.5625 0.9375 0.176054
0.5625 1 0.235613
0.5 1 0.219535
0.5 0.9375 0.158003
0.5 0.875 0.0968663
0.5625 0.875 0.116907
0.5625 0.9375 0.176054
0.5 0.9375 0.158003
0.5625 1 0.235613
0.5625 0.9375 0.176054
0.625 0.9375 0.199618
0.625 1 0.257514
0.5625 1 0.235613
0.5625 0.9375 0.176054
0.5625 0.875 0.116907
0.625 0.875 0.142134
0.625 0.9375 0.199618
0.5625 0.9375 0.176054
0.5 0.875 0.0968663
0.5 0.84375 0.0664943
0.53125 0.84375 0.0762504
0.53125 0.875 0.105958
0.5 0.875 0.0968663
0.5 0.84375 0.0664943
0.5 0.8125 0.0362841
0.53125 0.8125 0.0467601
0.53125 0.84375 0.0762504
0.5 0.84375 0.0664943
0.53125 0.875 0.105958
0.53125 0.84375 0.0762504
0.5625 0.84375 0.0877724
0.5625 0.875 0.116907
0.53125 0.875 0.105958
0.53125 0.84375 0.0762504
0.53125 0.8125 0.0467601
0.5625 0.8125 0.0588476
0.5625 0.84375 0.0877724
0.53125 0.84375 0.0762504
0.5 0.8125 0.0362841
0.5 0.78125 0.00626691
0.53125 0.78125 0.0175023
0.53125 0.8125 0.0467601
0.5 0.8125 0.0362841
0.5 0.78125 0.00626691
0.5 0.75 -0.0231388
0.53125 0.75 -0.0113676
0.53125 0.78125 0.0175023
0.5 0.78125 0.00626691
0.53125 0.8125 0.0467601
0.53125 0.78125 0.0175023
0.5625 0.78125 0.0301351
0.5625 0.8125 0.0588476
0.53125 0.8125 0.0467601
0.53125 0.78125 0.0175023
0.53125 0.75 -0.0113676
0.5625 0.75 0.0016322
0.5625 0.78125 0.0301351
0.53125 0.78125 0.0175023
0.5625 0.875 0.116907
0.5625 0.84375 0.0877724
0.59375 0.84375 0.100412
0.59375 0.875 0.129095
0.5625 0.875 0.116907
0.5625 0.84375 0.0877724
0.5625 0.8125 0.0588476
0.59375 0.8125 0.0719083
0.59375 0.84375 0.100412
0.5625 0.84375 0.0877724
0.59375 0.875 0.129095
0.59375 0.84375 0.100412
0.625 0.84375 0.113792
0.625 0.875 0.142134
0.59375 0.875 0.129095
0.59375 0.84375 0.100412
0.59375 0.8125 0.0719083
0.625 0.8125 0.0856007
0.625 0.84375 0.113792
0.59375 0.84375 0.100412
0.5625 0.8125 0.0588476
0.5625 0.78125 0.0301351
0.59375 0.78125 0.0435863
0.59375 0.8125 0.0719083
0.5625 0.8125 0.0588476
0.5625 0.78125 0.0301351
0.5625 0.75 0.0016322
0.59375 0.75 0.0154236
0.59375 0.78125 0.0435863
0.5625 0.78125 0.0301351
0.59375 0.8125 0.0719083
0.59375 0.78125 0.0435863
0.625 0.78125 0.0575511
0.625 0.8125 0.0856007
0.59375 0.8125 0.0719083
0.59375 0.78125 0.0435863
0.59375 0.75 0.0154236
0.625 0.75 0.0296352
0.625 0.78125 0.0575511
0.59375 0.78125 0.0435863
0.625 1 0.257514
0.625 0.9375 0.199618
0.6875 0.9375 0.226113
0.6875 1 0.282762
0.625 1 0.257514
0.625 0.9375 0.199618
0.625 0.875 0.142134
0.6875 0.875 0.169848
0.6875 0.9375 0.226113
0.625 0.9375 0.199618
0.6875 1 0.282762
0.6875 0.9375 0.226113
0.75 0.9375 0.254861
0.75 1 0.310348
0.6875 1 0.282762
0.6875 0.9375 0.226113
0.6875 0.875 0.169848
0.75 0.875 0.199742
0.75 0.9375 0.254861
0.6875 0.9375 0.226113
0.625 0.875 0.142134
0.625 0.84375 0.113792
0.65625 0.84375 0.127682
0.65625 0.875 0.155759
0.625 0.875 0.142134
0.625 0.84375 0.113792
0.625 0.8125 0.0856007
0.65625 0.8125 0.0997338
0.65625 0.84375 0.127682
0.625 0.84375 0.113792
0.65625 0.875 0.155759
0.65625 0.84375 0.127682
0.6875 0.84375 0.142009
0.6875 0.875 0.169848
0.65625 0.875 0.155759
0.65625 0.84375 0.127682
0.65625 0.8125 0.0997338
0.6875 0.8125 0.11429
0.6875 0.84375 0.142009
0.65625 0.84375 0.127682
0.625 0.8125 0.0856007
0.625 0.78125 0.0575511
0.65625 0.78125 0.0719103
0.65625 0.8125 0.0997338
0.625 0.8125 0.0856007
0.625 0.78125 0.0575511
0.625 0.75 0.0296352
0.65625 0.75 0.0442056
0.65625 0.78125 0.0719103
0.625 0.78125 0.0575511
0.65625 0.8125 0.0997338
0.65625 0.78125 0.0719103
0.6875 0.78125 0.0866902
0.6875 0.8125 0.11429
0.65625 0.8125 0.0997338
0.65625 0.78125 0.0719103
0.65625 0.75 0.0442056
0.6875 0.75 0.0592094
0.6875 0.78125 0.0866902
0.65625 0.78125 0.0719103
0.6875 0.875 0.169848
0.6875 0.8125 0.11429
0.75 0.8125 0.145228
0.75 0.875 0.199742
0.6875 0.875 0.169848
0.6875 0.8125 0.11429
0.6875 0.78125 0.0866902
0.71875 0.78125 0.102057
0.71875 0.8125 0.12936
0.6875 0.8125 0.11429
0.6875 0.78125 0.0866902
0.6875 0.75 0.0592094
0.71875 0.75 0.0749232
0.71875 0.78125 0.102057
0.6875 0.78125 0.0866902
0.71875 0.8125 0.12936
0.71875 0.78125 0.102057
0.75 0.78125 0.118383
0.75 0.8125 0.145228
0.71875 0.8125 0.12936
0.71875 0.78125 0.102057
0.71875 0.75 0.0749232
0.75 0.75 0.09191
0.75 0.78125 0.118383
0.71875 0.78125 0.102057
0.5 0.75 -0.0231388
0.5 0.71875 -0.0521932
0.53125 0.71875 -0.0398409
0.53125 0.75 -0.0113676
0.5 0.75 -0.0231388
0.5 0.71875 -0.0521932
0.5 0.6875 -0.0809781
0.53125 0.6875 -0.0681378
0.53125 0.71875 -0.0398409
0.5 0.71875 -0.0521932
0.53125 0.75 -0.0113676
0.53125 0.71875 -0.0398409
0.5625 0.71875 -0.0264721
0.5625 0.75 0.0016322
0.53125 0.75 -0.0113676
0.53125 0.71875 -0.0398409
0.53125 0.6875 -0.0681378
0.5625 0.6875 -0.0544799
0.5625 0.71875 -0.0264721
0.53125 0.71875 -0.0398409
0.5 0.6875 -0.0809781
0.5 0.65625 -0.109539
0.53125 0.65625 -0.096296
0.53125 0.6875 -0.0681378
0.5 0.6875 -0.0809781
0.5 0.65625 -0.109539
0.5 0.625 -0.1379
0.53125 0.625 -0.124334
0.53125 0.65625 -0.096296
0.5 0.65625 -0.109539
0.53125 0.6875 -0.0681378
0.53125 0.65625 -0.096296
0.5625 0.65625 -0.0823898
0.5625 0.6875 -0.0544799
0.53125 0.6875 -0.0681378
0.53125 0.65625 -0.096296
0.53125 0.625 -0.124334
0.5625 0.625 -0.110196
0.5625 0.65625 -0.0823898
0.53125 0.65625 -0.096296
0.5625 0.75 0.0016322
0.5625 0.71875 -0.0264721
0.59375 0.71875 -0.0125092
0.59375 0.75 0.0154236
0.5625 0.75 0.0016322
0.5625 0.71875 -0.0264721
0.5625 0.6875 -0.0544799
0.59375 0.6875 -0.0403255
0.59375 0.71875 -0.0125092
0.5625 0.71875 -0.0264721
0.59375 0.75 0.0154236
0.59375 0.71875 -0.0125092
0.625 0.71875 0.00183698
0.625 0.75 0.0296352
0.59375 0.75 0.0154236
0.59375 0.71875 -0.0125092
0.59375 0.6875 -0.0403255
0.625 0.6875 -0.0257795
0.625 0.71875 0.00183698
0.59375 0.71875 -0.0125092
0.5625 0.6875 -0.0544799
0.5625 0.65625 -0.0823898
0.59375 0.65625 -0.0680297
0.59375 0.6875 -0.0403255
0.5625 0.6875 -0.0544799
0.5625 0.65625 -0.0823898
0.5625 0.625 -0.110196
0.59375 0.625 -0.0956065
0.59375 0.65625 -0.0680297
0.5625 0.65625 -0.0823898
0.59375 0.6875 -0.0403255
0.59375 0.65625 -0.0680297
0.625 0.65625 -0.0532589
0.625 0.6875 -0.0257795
0.59375 0.6875 -0.0403255
0.59375 0.65625 -0.0680297
0.59375 0.625 -0.0956065
0.625 0.625 -0.080556
0.625 0.65625 -0.0532589
0.59375 0.65625 -0.0680297
0.5 0.625 -0.1379
0.5 0.5625 -0.194212
0.5625 0.5625 -0.165385
0.5625 0.625 -0.110196
0.5 0.625 -0.1379
0.5 0.5625 -0.194212
0.5 0.5 -0.229322
0.5625 0.5 -0.191817
0.5625 0.5625 -0.165385
0.5 0.5625 -0.194212
0.5625 0.625 -0.110196
0.5625 0.59375 -0.137878
0.59375 0.59375 -0.123015
0.59375 0.625 -0.0956065
0.5625 0.625 -0.110196
0.5625 0.59375 -0.137878
0.5625 0.5625 -0.165385
0.59375 0.5625 -0.150109
0.59375 0.59375 -0.123015
0.5625 0.59375 -0.137878
0.59375 0.625 -0.0956065
0.59375 0.59375 -0.123015
0.625 0.59375 -0.10754
0.625 0.625 -0.080556
0.59375 0.625 -0.0956065
0.59375 0.59375 -0.123015
0.59375 0.5625 -0.150109
0.625 0.5625 -0.133695
0.625 0.59375 -0.10754
0.59375 0.59375 -0.123015
0.5625 0.5625 -0.165385
0.5625 0.5 -0.191817
0.625 0.5 -0.136341
0.625 0.5625 -0.133695
0.5625 0.5625 -0.165385
0.625 0.75 0.0296352
0.625 0.71875 0.00183698
0.65625 0.71875 0.0166039
0.65625 0.75 0.0442056
0.625 0.75 0.0296352
0.625 0.71875 0.00183698
0.625 0.6875 -0.0257795
0.65625 0.6875 -0.0108233
0.65625 0.71875 0.0166039
0.625 0.71875 0.00183698
0.65625 0.75 0.0442056
0.65625 0.71875 0.0166039
0.6875 0.71875 0.0318544
0.6875 0.75 0.0592094
0.65625 0.75 0.0442056
0.65625 0.71875 0.0166039
0.65625 0.6875 -0.0108233
0.6875 0.6875 0.00464298
0.6875 0.71875 0.0318544
0.65625 0.71875 0.0166039
0.625 0.6875 -0.0257795
0.625 0.65625 -0.0532589
0.65625 0.65625 -0.0380166
0.65625 0.6875 -0.0108233
0.625 0.6875 -0.0257795
0.625 0.65625 -0.0532589
0.625 0.625 -0.080556
0.65625 0.625 -0.0648519
0.65625 0.65625 -0.0380166
0.625 0.65625 -0.0532589
0.65625 0.6875 -0.0108233
0.65625 0.65625 -0.0380166
0.6875 0.65625 -0.0220515
0.6875 0.6875 0.00464298
0.65625 0.6875 -0.0108233
0.65625 0.65625 -0.0380166
0.65625 0.625 -0.0648519
0.6875 0.625 -0.0479266
0.6875 0.65625 -0.0220515
0.65625 0.65625 -0.0380166
0.6875 0.75 0.0592094
0.6875 0.71875 0.0318544
0.71875 0.71875 0.0480143
0.71875 0.75 0.0749232
0.6875 0.75 0.0592094
0.6875 0.71875 0.0318544
0.6875 0.6875 0.00464298
0.71875 0.6875 0.0213986
0.71875 0.71875 0.0480143
0.6875 0.71875 0.0318544
0.71875 0.75 0.0749232
0.71875 0.71875 0.0480143
0.75 0.71875 0.0658508
0.75 0.75 0.09191
0.71875 0.75 0.0749232
0.71875 0.71875 0.0480143
0.71875 0.6875 0.0213986
0.75 0.6875 0.0404814
0.75 0.71875 0.0658508
0.71875 0.71875 0.0480143
0.6875 0.6875 0.00464298
0.6875 0.65625 -0.0220515
0.71875 0.65625 -0.00461507
0.71875 0.6875 0.0213986
0.6875 0.6875 0.00464298
0.6875 0.65625 -0.0220515
0.6875 0.625 -0.0479266
0.71875 0.625 -0.028619
0.71875 0.65625 -0.00461507
0.6875 0.65625 -0.0220515
0.71875 0.6875 0.0213986
0.71875 0.65625 -0.00461507
0.75 0.65625 0.0161489
0.75 0.6875 0.0404814
0.71875 0.6875 0.0213986
0.71875 0.65625 -0.00461507
0.71875 0.625 -0.028619
0.75 0.625 -0.00568906
0.75 0.65625 0.0161489
0.71875 0.65625 -0.00461507
0.625 0.625 -0.080556
0.625 0.59375 -0.10754
0.65625 0.59375 -0.0909423
0.65625 0.625 -0.0648519
0.625 0.625 -0.080556
0.625 0.59375 -0.10754
0.625 0.5625 -0.133695
0.65625 0.5625 -0.11464
0.65625 0.59375 -0.0909423
0.625 0.59375 -0.10754
0.65625 0.625 -0.0648519
0.65625 0.59375 -0.0909423
0.6875 0.59375 -0.0720072
0.6875 0.625 -0.0479266
0.65625 0.625 -0.0648519
0.65625 0.59375 -0.0909423
0.65625 0.5625 -0.11464
0.6875 0.5625 -0.0909218
0.6875 0.59375 -0.0720072
0.65625 0.59375 -0.0909423
0.625 0.5625 -0.133695
0.625 0.53125 -0.147441
0.65625 0.53125 -0.118491
0.65625 0.5625 -0.11464
0.625 0.5625 -0.133695
0.625 0.53125 -0.147441
0.625 0.5 -0.136341
0.65625 0.5 -0.108013
0.65625 0.53125 -0.118491
0.625 0.53125 -0.147441
0.65625 0.5625 -0.11464
0.65625 0.53125 -0.118491
0.6875 0.53125 -0.0893316
0.6875 0.5625 -0.0909218
0.65625 0.5625 -0.11464
0.65625 0.53125 -0.118491
0.65625 0.5 -0.108013
0.6875 0.5 -0.0795235
0.6875 0.53125 -0.0893316
0.65625 0.53125 -0.118491
0.6875 0.625 -0.0479266
0.6875 0.59375 -0.0720072
0.71875 0.59375 -0.0493908
0.71875 0.625 -0.028619
0.6875 0.625 -0.0479266
0.6875 0.59375 -0.0720072
0.6875 0.5625 -0.0909218
0.71875 0.5625 -0.0631636
0.71875 0.59375 -0.0493908
0.6875 0.59375 -0.0720072
0.71875 0.625 -0.028619
0.71875 0.59375 -0.0493908
0.75 0.59375 -0.0234674
0.75 0.625 -0.00568906
0.71875 0.625 -0.028619
0.71875 0.59375 -0.0493908
0.71875 0.5625 -0.0631636
0.75 0.5625 -0.0331903
0.75 0.59375 -0.0234674
0.71875 0.59375 -0.0493908
0.6875 0.5625 -0.0909218
0.6875 0.53125 -0.0893316
0.71875 0.53125 -0.0599565
0.71875 0.5625 -0.0631636
0.6875 0.5625 -0.0909218
0.6875 0.53125 -0.0893316
0.6875 0.5 -0.0795235
0.71875 0.5 -0.0508773
0.71875 0.53125 -0.0599565
0.6875 0.53125 -0.0893316
0.71875 0.5625 -0.0631636
0.71875 0.53125 -0.0599565
0.75 0.53125 -0.0303654
0.75 0.5625 -0.0331903
0.71875 0.5625 -0.0631636
0.71875 0.53125 -0.0599565
0.71875 0.5 -0.0508773
0.75 0.5 -0.0220675
0.75 0.53125 -0.0303654
0.71875 0.53125 -0.0599565
0.75 1 0.310348
0.75 0.875 0.199742
0.875 0.875 0.271512
0.875 1 0.374737
0.75 1 0.310348
0.75 0.875 0.199742
0.75 0.8125 0.145228
0.8125 0.8125 0.18127
0.8125 0.875 0.23329
0.75 0.875 0.199742
0.75 0.8125 0.145228
0.75 0.75 0.09191
0.8125 0.75 0.131319
0.8125 0.8125 0.18127
0.75 0.8125 0.145228
0.8125 0.875 0.23329
0.8125 0.8125 0.18127
0.875 0.8125 0.222996
0.875 0.875 0.271512
0.8125 0.875 0.23329
0.8125 0.8125 0.18127
0.8125 0.75 0.131319
0.875 0.75 0.177628
0.875 0.8125 0.222996
0.8125 0.8125 0.18127
0.875 1 0.374737
0.875 0.875 0.271512
1 0.875 0.368958
1 1 0.460181
0.875 1 0.374737
0.875 0.875 0.271512
0.875 0.75 0.177628
1 0.75 0.286363
1 0.875 0.368958
0.875 0.875 0.271512
0.75 0.75 0.09191
0.75 0.71875 0.0658508
0.78125 0.71875 0.085917
0.78125 0.75 0.110611
0.75 0.75 0.09191
0.75 0.71875 0.0658508
0.75 0.6875 0.0404814
0.78125 0.6875 0.0623452
0.78125 0.71875 0.085917
0.75 0.71875 0.0658508
0.78125 0.75 0.110611
0.78125 0.71875 0.085917
0.8125 0.71875 0.108158
0.8125 0.75 0.131319
0.78125 0.75 0.110611
0.78125 0.71875 0.085917
0.78125 0.6875 0.0623452
0.8125 0.6875 0.0864457
0.8125 0.71875 0.108158
0.78125 0.71875 0.085917
0.75 0.6875 0.0404814
0.75 0.65625 0.0161489
0.78125 0.65625 0.0403813
0.78125 0.6875 0.0623452
0.75 0.6875 0.0404814
0.75 0.65625 0.0161489
0.75 0.625 -0.00568906
0.78125 0.625 0.0207835
0.78125 0.65625 0.0403813
0.75 0.65625 0.0161489
0.78125 0.6875 0.0623452
0.78125 0.65625 0.0403813
0.8125 0.65625 0.0666335
0.8125 0.6875 0.0864457
0.78125 0.6875 0.0623452
0.78125 0.65625 0.0403813
0.78125 0.625 0.0207835
0.8125 0.625 0.0494216
0.8125 0.65625 0.0666335
0.78125 0.65625 0.0403813
0.8125 0.75 0.131319
0.8125 0.71875 0.108158
0.84375 0.71875 0.13221
0.84375 0.75 0.153866
0.8125 0.75 0.131319
0.8125 0.71875 0.108158
0.8125 0.6875 0.0864457
0.84375 0.6875 0.112182
0.84375 0.71875 0.13221
0.8125 0.71875 0.108158
0.84375 0.75 0.153866
0.84375 0.71875 0.13221
0.875 0.71875 0.157362
0.875 0.75 0.177628
0.84375 0.75 0.153866
0.84375 0.71875 0.13221
0.84375 0.6875 0.112182
0.875 0.6875 0.138837
0.875 0.71875 0.157362
0.84375 0.71875 0.13221
0.8125 0.6875 0.0864457
0.8125 0.65625 0.0666335
0.84375 0.65625 0.0941812
0.84375 0.6875 0.112182
0.8125 0.6875 0.0864457
0.8125 0.65625 0.0666335
0.8125 0.625 0.0494216
0.84375 0.625 0.0787984
0.84375 0.65625 0.0941812
0.8125 0.65625 0.0666335
0.84375 0.6875 0.112182
0.84375 0.65625 0.0941812
0.875 0.65625 0.122388
0.875 0.6875 0.138837
0.84375 0.6875 0.112182
0.84375 0.65625 0.0941812
0.84375 0.625 0.0787984
0.875 0.625 0.108502
0.875 0.65625 0.122388
0.84375 0.65625 0.0941812
0.75 0.625 -0.00568906
0.75 0.59375 -0.0234674
0.78125 0.59375 0.00491294
0.78125 0.625 0.0207835
0.75 0.625 -0.00568906
0.75 0.59375 -0.0234674
0.75 0.5625 -0.0331903
0.78125 0.5625 -0.00230205
0.78125 0.59375 0.00491294
0.75 0.59375 -0.0234674
0.78125 0.625 0.0207835
0.78125 0.59375 0.00491294
0.8125 0.59375 0.0359293
0.8125 0.625 0.0494216
0.78125 0.625 0.0207835
0.78125 0.59375 0.00491294
0.78125 0.5625 -0.00230205
0.8125 0.5625 0.0289071
0.8125 0.59375 0.0359293
0.78125 0.59375 0.00491294
0.75 0.5625 -0.0331903
0.75 0.53125 -0.0303654
0.78125 0.53125 -0.000552744
0.78125 0.5625 -0.00230205
0.75 0.5625 -0.0331903
0.75 0.53125 -0.0303654
0.75 0.5 -0.0220675
0.78125 0.5 0.00717297
0.78125 0.53125 -0.000552744
0.75 0.53125 -0.0303654
0.78125 0.5625 -0.00230205
0.78125 0.53125 -0.000552744
0.8125 0.53125 0.0303825
0.8125 0.5625 0.0289071
0.78125 0.5625 -0.00230205
0.78125 0.53125 -0.000552744
0.78125 0.5 0.00717297
0.8125 0.5 0.0371847
0.8125 0.53125 0.0303825
0.78125 0.53125 -0.000552744
0.8125 0.625 0.0494216
0.8125 0.59375 0.0359293
0.84375 0.59375 0.0669061
0.84375 0.625 0.0787984
0.8125 0.625 0.0494216
0.8125 0.59375 0.0359293
0.8125 0.5625 0.0289071
0.84375 0.5625 0.0601567
0.84375 0.59375 0.0669061
0.8125 0.59375 0.0359293
0.84375 0.625 0.0787984
0.84375 0.59375 0.0669061
0.875 0.59375 0.097834
0.875 0.625 0.108502
0.84375 0.625 0.0787984
0.84375 0.59375 0.0669061
0.84375 0.5625 0.0601567
0.875 0.5625 0.091403
0.875 0.59375 0.097834
0.84375 0.59375 0.0669061
0.8125 0.5625 0.0289071
0.8125 0.53125 0.0303825
0.84375 0.53125 0.0613875
0.84375 0.5625 0.0601567
0.8125 0.5625 0.0289071
0.8125 0.53125 0.0303825
0.8125 0.5 0.0371847
0.84375 0.5 0.0674201
0.84375 0.53125 0.0613875
0.8125 0.53125 0.0303825
0.84375 0.5625 0.0601567
0.84375 0.53125 0.0613875
0.875 0.53125 0.0924792
0.875 0.5625 0.091403
0.84375 0.5625 0.0601567
0.84375 0.53125 0.0613875
0.84375 0.5 0.0674201
0.875 0.5 0.097813
0.875 0.53125 0.0924792
0.84375 0.53125 0.0613875
0.875 0.75 0.177628
0.875 0.6875 0.138837
0.9375 0.6875 0.19628
0.9375 0.75 0.230344
0.875 0.75 0.177628
0.875 0.6875 0.138837
0.875 0.625 0.108502
0.9375 0.625 0.169946
0.9375 0.6875 0.19628
0.875 0.6875 0.138837
0.9375 0.75 0.230344
0.9375 0.6875 0.19628
1 0.6875 0.255338
1 0.75 0.286363
0.9375 0.75 0.230344
0.9375 0.6875 0.19628
0.9375 0.625 0.169946
1 0.625 0.23148
1 0.6875 0.255338
0.9375 0.6875 0.19628
0.875 0.625 0.108502
0.875 0.5625 0.091403
0.9375 0.5625 0.153898
0.9375 0.625 0.169946
0.875 0.625 0.108502
0.875 0.5625 0.091403
0.875 0.5 0.097813
0.9375 0.5 0.159141
0.9375 0.5625 0.153898
0.875 0.5625 0.091403
0.9375 0.625 0.169946
0.9375 0.5625 0.153898
1 0.5625 0.216405
1 0.625 0.23148
0.9375 0.625 0.169946
0.9375 0.5625 0.153898
0.9375 0.5 0.159141
1 0.5 0.220918
1 0.5625 0.216405
0.9375 0.5625 0.153898
0.5 0.5 -0.229322
0.5 0.4375 -0.192859
0.5625 0.4375 -0.163886
0.5625 0.5 -0.191817
0.5 0.5 -0.229322
0.5 0.4375 -0.192859
0.5 0.375 -0.137139
0.5625 0.375 -0.130952
0.5625 0.4375 -0.163886
0.5 0.4375 -0.192859
0.5625 0.5 -0.191817
0.5625 0.4375 -0.163886
0.625 0.4375 -0.109584
0.625 0.5 -0.136341
0.5625 0.5 -0.191817
0.5625 0.4375 -0.163886
0.5625 0.40625 -0.148161
0.59375 0.40625 -0.12211
0.59375 0.4375 -0.136978
0.5625 0.4375 -0.163886
0.5625 0.40625 -0.148161
0.5625 0.375 -0.130952
0.59375 0.375 -0.106434
0.59375 0.40625 -0.12211
0.5625 0.40625 -0.148161
0.59375 0.4375 -0.136978
0.59375 0.40625 -0.12211
0.625 0.40625 -0.0951155
0.625 0.4375 -0.109584
0.59375 0.4375 -0.136978
0.59375 0.40625 -0.12211
0.59375 0.375 -0.106434
0.625 0.375 -0.0801337
0.625 0.40625 -0.0951155
0.59375 0.40625 -0.12211
0.5 0.375 -0.137139
0.5 0.34375 -0.108807
0.53125 0.34375 -0.120361
0.53125 0.375 -0.147888
0.5 0.375 -0.137139
0.5 0.34375 -0.108807
0.5 0.3125 -0.0802935
0.53125 0.3125 -0.0911923
0.53125 0.34375 -0.120361
0.5 0.34375 -0.108807
0.53125 0.375 -0.147888
0.53125 0.34375 -0.120361
0.5625 0.34375 -0.111565
0.5625 0.375 -0.130952
0.53125 0.375 -0.147888
0.53125 0.34375 -0.120361
0.53125 0.3125 -0.0911923
0.5625 0.3125 -0.0893279
0.5625 0.34375 -0.111565
0.53125 0.34375 -0.120361
0.5 0.3125 -0.0802935
0.5 0.28125 -0.051586
0.53125 0.28125 -0.0617438
0.53125 0.3125 -0.0911923
0.5 0.3125 -0.0802935
0.5 0.28125 -0.051586
0.5 0.25 -0.022664
0.53125 0.25 -0.0320091
0.53125 0.28125 -0.0617438
0.5 0.28125 -0.051586
0.53125 0.3125 -0.0911923
0.53125 0.28125 -0.0617438
0.5625 0.28125 -0.0639513
0.5625 0.3125 -0.0893279
0.53125 0.3125 -0.0911923
0.53125 0.28125 -0.0617438
0.53125 0.25 -0.0320091
0.5625 0.25 -0.0355529
0.5625 0.28125 -0.0639513
0.53125 0.28125 -0.0617438
0.5625 0.375 -0.130952
0.5625 0.34375 -0.111565
0.59375 0.34375 -0.0895867
0.59375 0.375 -0.106434
0.5625 0.375 -0.130952
0.5625 0.34375 -0.111565
0.5625 0.3125 -0.0893279
0.59375 0.3125 -0.0709849
0.59375 0.34375 -0.0895867
0.5625 0.34375 -0.111565
0.59375 0.375 -0.106434
0.59375 0.34375 -0.0895867
0.625 0.34375 -0.064479
0.625 0.375 -0.0801337
0.59375 0.375 -0.106434
0.59375 0.34375 -0.0895867
0.59375 0.3125 -0.0709849
0.625 0.3125 -0.0478257
0.625 0.34375 -0.064479
0.59375 0.34375 -0.0895867
0.5625 0.3125 -0.0893279
0.5625 0.28125 -0.0639513
0.59375 0.28125 -0.0499986
0.59375 0.3125 -0.0709849
0.5625 0.3125 -0.0893279
0.5625 0.28125 -0.0639513
0.5625 0.25 -0.0355529
0.59375 0.25 -0.0262341
0.59375 0.28125 -0.0499986
0.5625 0.28125 -0.0639513
0.59375 0.3125 -0.0709849
0.59375 0.28125 -0.0499986
0.625 0.28125 -0.0296457
0.625 0.3125 -0.0478257
0.59375 0.3125 -0.0709849
0.59375 0.28125 -0.0499986
0.59375 0.25 -0.0262341
0.625 0.25 -0.00917839
0.625 0.28125 -0.0296457
0.59375 0.28125 -0.0499986
0.625 0.5 -0.136341
0.625 0.46875 -0.123402
0.65625 0.46875 -0.0954659
0.65625 0.5 -0.108013
0.625 0.5 -0.136341
0.625 0.46875 -0.123402
0.625 0.4375 -0.109584
0.65625 0.4375 -0.0819473
0.65625 0.46875 -0.0954659
0.625 0.46875 -0.123402
0.65625 0.5 -0.108013
0.65625 0.46875 -0.0954659
0.6875 0.46875 -0.0674009
0.6875 0.5 -0.0795235
0.65625 0.5 -0.108013
0.65625 0.46875 -0.0954659
0.65625 0.4375 -0.0819473
0.6875 0.4375 -0.0541665
0.6875 0.46875 -0.0674009
0.65625 0.46875 -0.0954659
0.625 0.4375 -0.109584
0.625 0.40625 -0.0951155
0.65625 0.40625 -0.0677305
0.65625 0.4375 -0.0819473
0.625 0.4375 -0.109584
0.625 0.40625 -0.0951155
0.625 0.375 -0.0801337
0.65625 0.375 -0.0531172
0.65625 0.40625 -0.0677305
0.625 0.40625 -0.0951155
0.65625 0.4375 -0.0819473
0.65625 0.40625 -0.0677305
0.6875 0.40625 -0.0401452
0.6875 0.4375 -0.0541665
0.65625 0.4375 -0.0819473
0.65625 0.40625 -0.0677305
0.65625 0.375 -0.0531172
0.6875 0.375 -0.0257684
0.6875 0.40625 -0.0401452
0.65625 0.40625 -0.0677305
0.6875 0.5 -0.0795235
0.6875 0.46875 -0.0674009
0.71875 0.46875 -0.0392227
0.71875 0.5 -0.0508773
0.6875 0.5 -0.0795235
0.6875 0.46875 -0.0674009
0.6875 0.4375 -0.0541665
0.71875 0.4375 -0.0262776
0.71875 0.46875 -0.0392227
0.6875 0.46875 -0.0674009
0.71875 0.5 -0.0508773
0.71875 0.46875 -0.0392227
0.75 0.46875 -0.0109367
0.75 0.5 -0.0220675
0.71875 0.5 -0.0508773
0.71875 0.46875 -0.0392227
0.71875 0.4375 -0.0262776
0.75 0.4375 0.00171325
0.75 0.46875 -0.0109367
0.71875 0.46875 -0.0392227
0.6875 0.4375 -0.0541665
0.6875 0.40625 -0.0401452
0.71875 0.40625 -0.0124233
0.71875 0.4375 -0.0262776
0.6875 0.4375 -0.0541665
0.6875 0.40625 -0.0401452
0.6875 0.375 -0.0257684
0.71875 0.375 0.00177485
0.71875 0.40625 -0.0124233
0.6875 0.40625 -0.0401452
0.71875 0.4375 -0.0262776
0.71875 0.40625 -0.0124233
0.75 0.40625 0.0154581
0.75 0.4375 0.00171325
0.71875 0.4375 -0.0262776
0.71875 0.40625 -0.0124233
0.71875 0.375 0.00177485
0.75 0.375 0.0295411
0.75 0.40625 0.0154581
0.71875 0.40625 -0.0124233
0.625 0.375 -0.0801337
0.625 0.34375 -0.064479
0.65625 0.34375 -0.0380493
0.65625 0.375 -0.0531172
0.625 0.375 -0.0801337
0.625 0.34375 -0.064479
0.625 0.3125 -0.0478257
0.65625 0.3125 -0.0223859
0.65625 0.34375 -0.0380493
0.625 0.34375 -0.064479
0.65625 0.375 -0.0531172
0.65625 0.34375 -0.0380493
0.6875 0.34375 -0.0110078
0.6875 0.375 -0.0257684
0.65625 0.375 -0.0531172
0.65625 0.34375 -0.0380493
0.65625 0.3125 -0.0223859
0.6875 0.3125 0.00421925
0.6875 0.34375 -0.0110078
0.65625 0.34375 -0.0380493
0.625 0.3125 -0.0478257
0.625 0.28125 -0.0296457
0.65625 0.28125 -0.00588298
0.65625 0.3125 -0.0223859
0.625 0.3125 -0.0478257
0.625 0.28125 -0.0296457
0.625 0.25 -0.00917839
0.65625 0.25 0.0130168
0.65625 0.28125 -0.00588298
0.625 0.28125 -0.0296457
0.65625 0.3125 -0.0223859
0.65625 0.28125 -0.00588298
0.6875 0.28125 0.0202583
0.6875 0.3125 0.00421925
0.65625 0.3125 -0.0223859
0.65625 0.28125 -0.00588298
0.65625 0.25 0.0130168
0.6875 0.25 0.037814
0.6875 0.28125 0.0202583
0.65625 0.28125 -0.00588298
0.6875 0.375 -0.0257684
0.6875 0.34375 -0.0110078
0.71875 0.34375 0.0163827
0.71875 0.375 0.00177485
0.6875 0.375 -0.0257684
0.6875 0.34375 -0.0110078
0.6875 0.3125 0.00421925
0.71875 0.3125 0.0314178
0.71875 0.34375 0.0163827
0.6875 0.34375 -0.0110078
0.71875 0.375 0.00177485
0.71875 0.34375 0.0163827
0.75 0.34375 0.0439672
0.75 0.375 0.0295411
0.71875 0.375 0.00177485
0.71875 0.34375 0.0163827
0.71875 0.3125 0.0314178
0.75 0.3125 0.0587732
0.75 0.34375 0.0439672
0.71875 0.34375 0.0163827
0.6875 0.3125 0.00421925
0.6875 0.28125 0.0202583
0.71875 0.28125 0.0470319
0.71875 0.3125 0.0314178
0.6875 0.3125 0.00421925
0.6875 0.28125 0.0202583
0.6875 0.25 0.037814
0.71875 0.25 0.0636584
0.71875 0.28125 0.0470319
0.6875 0.28125 0.0202583
0.71875 0.3125 0.0314178
0.71875 0.28125 0.0470319
0.75 0.28125 0.0740592
0.75 0.3125 0.0587732
0.71875 0.3125 0.0314178
0.71875 0.28125 0.0470319
0.71875 0.25 0.0636584
0.75 0.25 0.090082
0.75 0.28125 0.0740592
0.71875 0.28125 0.0470319
0.5 0.25 -0.022664
0.5 0.21875 0.00658553
0.53125 0.21875 -0.00199813
0.53125 0.25 -0.0320091
0.5 0.25 -0.022664
0.5 0.21875 0.00658553
0.5 0.1875 0.0363838
0.53125 0.1875 0.0287318
0.53125 0.21875 -0.00199813
0.5 0.21875 0.00658553
0.53125 0.25 -0.0320091
0.53125 0.21875 -0.00199813
0.5625 0.21875 -0.00526462
0.5625 0.25 -0.0355529
0.53125 0.25 -0.0320091
0.53125 0.21875 -0.00199813
0.53125 0.1875 0.0287318
0.5625 0.1875 0.0259813
0.5625 0.21875 -0.00526462
0.53125 0.21875 -0.00199813
0.5 0.1875 0.0363838
0.5 0.15625 0.0664388
0.53125 0.15625 0.0596015
0.53125 0.1875 0.0287318
0.5 0.1875 0.0363838
0.5 0.15625 0.0664388
0.5 0.125 0.0966724
0.53125 0.125 0.0905541
0.53125 0.15625 0.0596015
0.5 0.15625 0.0664388
0.53125 0.1875 0.0287318
0.53125 0.15625 0.0596015
0.5625 0.15625 0.0572301
0.5625 0.1875 0.0259813
0.53125 0.1875 0.0287318
0.53125 0.15625 0.0596015
0.53125 0.125 0.0905541
0.5625 0.125 0.0884775
0.5625 0.15625 0.0572301
0.53125 0.15625 0.0596015
0.5625 0.25 -0.0355529
0.5625 0.21875 -0.00526462
0.59375 0.21875 0.000164542
0.59375 0.25 -0.0262341
0.5625 0.25 -0.0355529
0.5625 0.21875 -0.00526462
0.5625 0.1875 0.0259813
0.59375 0.1875 0.0302391
0.59375 0.21875 0.000164542
0.5625 0.21875 -0.00526462
0.59375 0.25 -0.0262341
0.59375 0.21875 0.000164542
0.625 0.21875 0.0151749
0.625 0.25 -0.00917839
0.59375 0.25 -0.0262341
0.59375 0.21875 0.000164542
0.59375 0.1875 0.0302391
0.625 0.1875 0.0421792
0.625 0.21875 0.0151749
0.59375 0.21875 0.000164542
0.5625 0.1875 0.0259813
0.5625 0.15625 0.0572301
0.59375 0.15625 0.060706
0.59375 0.1875 0.0302391
0.5625 0.1875 0.0259813
0.5625 0.15625 0.0572301
0.5625 0.125 0.0884775
0.59375 0.125 0.0914161
0.59375 0.15625 0.060706
0.5625 0.15625 0.0572301
0.59375 0.1875 0.0302391
0.59375 0.15625 0.060706
0.625 0.15625 0.0706029
0.625 0.1875 0.0421792
0.59375 0.1875 0.0302391
0.59375 0.15625 0.060706
0.59375 0.125 0.0914161
0.625 0.125 0.0997802
0.625 0.15625 0.0706029
0.59375 0.15625 0.060706
0.5 0.125 0.0966724
0.5 0.0625 0.157648
0.5625 0.0625 0.15096
0.5625 0.125 0.0884775
0.5 0.125 0.0966724
0.5 0.0625 0.157648
0.5 0 0.219235
0.5625 0 0.213449
0.5625 0.0625 0.15096
0.5 0.0625 0.157648
0.5625 0.125 0.0884775
0.5625 0.0625 0.15096
0.625 0.0625 0.159445
0.625 0.125 0.0997802
0.5625 0.125 0.0884775
0.5625 0.0625 0.15096
0.5625 0 0.213449
0.625 0 0.220445
0.625 0.0625 0.159445
0.5625 0.0625 0.15096
0.625 0.25 -0.00917839
0.625 0.21875 0.0151749
0.65625 0.21875 0.0347713
0.65625 0.25 0.0130168
0.625 0.25 -0.00917839
0.625 0.21875 0.0151749
0.625 0.1875 0.0421792
0.65625 0.1875 0.0590712
0.65625 0.21875 0.0347713
0.625 0.21875 0.0151749
0.65625 0.25 0.0130168
0.65625 0.21875 0.0347713
0.6875 0.21875 0.0573969
0.6875 0.25 0.037814
0.65625 0.25 0.0130168
0.65625 0.21875 0.0347713
0.65625 0.1875 0.0590712
0.6875 0.1875 0.0793336
0.6875 0.21875 0.0573969
0.65625 0.21875 0.0347713
0.625 0.1875 0.0421792
0.625 0.15625 0.0706029
0.65625 0.15625 0.0850789
0.65625 0.1875 0.0590712
0.625 0.1875 0.0421792
0.625 0.15625 0.0706029
0.625 0.125 0.0997802
0.65625 0.125 0.11243
0.65625 0.15625 0.0850789
0.625 0.15625 0.0706029
0.65625 0.1875 0.0590712
0.65625 0.15625 0.0850789
0.6875 0.15625 0.1031
0.6875 0.1875 0.0793336
0.65625 0.1875 0.0590712
0.65625 0.15625 0.0850789
0.65625 0.125 0.11243
0.6875 0.125 0.128455
0.6875 0.15625 0.1031
0.65625 0.15625 0.0850789
0.6875 0.25 0.037814
0.6875 0.21875 0.0573969
0.71875 0.21875 0.0817651
0.71875 0.25 0.0636584
0.6875 0.25 0.037814
0.6875 0.21875 0.0573969
0.6875 0.1875 0.0793336
0.71875 0.1875 0.101729
0.71875 0.21875 0.0817651
0.6875 0.21875 0.0573969
0.71875 0.25 0.0636584
0.71875 0.21875 0.0817651
0.75 0.21875 0.107236
0.75 0.25 0.090082
0.71875 0.25 0.0636584
0.71875 0.21875 0.0817651
0.71875 0.1875 0.101729
0.75 0.1875 0.125798
0.75 0.21875 0.107236
0.71875 0.21875 0.0817651
0.6875 0.1875 0.0793336
0.6875 0.15625 0.1031
0.71875 0.15625 0.123483
0.71875 0.1875 0.101729
0.6875 0.1875 0.0793336
0.6875 0.15625 0.1031
0.6875 0.125 0.128455
0.71875 0.125 0.147039
0.71875 0.15625 0.123483
0.6875 0.15625 0.1031
0.71875 0.1875 0.101729
0.71875 0.15625 0.123483
0.75 0.15625 0.145948
0.75 0.1875 0.125798
0.71875 0.1875 0.101729
0.71875 0.15625 0.123483
0.71875 0.125 0.147039
0.75 0.125 0.167803
0.75 0.15625 0.145948
0.71875 0.15625 0.123483
0.625 0.125 0.0997802
0.625 0.0625 0.159445
0.6875 0.0625 0.182428
0.6875 0.125 0.128455
0.625 0.125 0.0997802
0.625 0.0625 0.159445
0.625 0 0.220445
0.6875 0 0.24003
0.6875 0.0625 0.182428
0.625 0.0625 0.159445
0.6875 0.125 0.128455
0.6875 0.0625 0.182428
0.75 0.0625 0.215442
0.75 0.125 0.167803
0.6875 0.125 0.128455
0.6875 0.0625 0.182428
0.6875 0 0.24003
0.75 0 0.268714
0.75 0.0625 0.215442
0.6875 0.0625 0.182428
0.75 0.5 -0.0220675
0.75 0.46875 -0.0109367
0.78125 0.46875 0.0178257
0.78125 0.5 0.00717297
0.75 0.5 -0.0220675
0.75 0.46875 -0.0109367
0.75 0.4375 0.00171325
0.78125 0.4375 0.0300964
0.78125 0.46875 0.0178257
0.75 0.46875 -0.0109367
0.78125 0.5 0.00717297
0.78125 0.46875 0.0178257
0.8125 0.46875 0.0470357
0.8125 0.5 0.0371847
0.78125 0.5 0.00717297
0.78125 0.46875 0.0178257
0.78125 0.4375 0.0300964
0.8125 0.4375 0.0587017
0.8125 0.46875 0.0470357
0.78125 0.46875 0.0178257
0.75 0.4375 0.00171325
0.75 0.40625 0.0154581
0.78125 0.40625 0.0434926
0.78125 0.4375 0.0300964
0.75 0.4375 0.00171325
0.75 0.40625 0.0154581
0.75 0.375 0.0295411
0.78125 0.375 0.0573965
0.78125 0.40625 0.0434926
0.75 0.40625 0.0154581
0.78125 0.4375 0.0300964
0.78125 0.40625 0.0434926
0.8125 0.40625 0.0716811
0.8125 0.4375 0.0587017
0.78125 0.4375 0.0300964
0.78125 0.40625 0.0434926
0.78125 0.375 0.0573965
0.8125 0.375 0.0853509
0.8125 0.40625 0.0716811
0.78125 0.40625 0.0434926
0.8125 0.5 0.0371847
0.8125 0.46875 0.0470357
0.84375 0.46875 0.0765036
0.84375 0.5 0.0674201
0.8125 0.5 0.0371847
0.8125 0.46875 0.0470357
0.8125 0.4375 0.0587017
0.84375 0.4375 0.0875327
0.84375 0.46875 0.0765036
0.8125 0.46875 0.0470357
0.84375 0.5 0.0674201
0.84375 0.46875 0.0765036
0.875 0.46875 0.10618
0.875 0.5 0.097813
0.84375 0.5 0.0674201
0.84375 0.46875 0.0765036
0.84375 0.4375 0.0875327
0.875 0.4375 0.116581
0.875 0.46875 0.10618
0.84375 0.46875 0.0765036
0.8125 0.4375 0.0587017
0.8125 0.40625 0.0716811
0.84375 0.40625 0.100037
0.84375 0.4375 0.0875327
0.8125 0.4375 0.0587017
0.8125 0.40625 0.0716811
0.8125 0.375 0.0853509
0.84375 0.375 0.113417
0.84375 0.40625 0.100037
0.8125 0.40625 0.0716811
0.84375 0.4375 0.0875327
0.84375 0.40625 0.100037
0.875 0.40625 0.128573
0.875 0.4375 0.116581
0.84375 0.4375 0.0875327
0.84375 0.40625 0.100037
0.84375 0.375 0.113417
0.875 0.375 0.14161
0.875 0.40625 0.128573
0.84375 0.40625 0.100037
0.75 0.375 0.0295411
0.75 0.34375 0.0439672
0.78125 0.34375 0.0716448
0.78125 0.375 0.0573965
0.75 0.375 0.0295411
0.75 0.34375 0.0439672
0.75 0.3125 0.0587732
0.78125 0.3125 0.086251
0.78125 0.34375 0.0716448
0.75 0.34375 0.0439672
0.78125 0.375 0.0573965
0.78125 0.34375 0.0716448
0.8125 0.34375 0.0994141
0.8125 0.375 0.0853509
0.78125 0.375 0.0573965
0.78125 0.34375 0.0716448
0.78125 0.3125 0.086251
0.8125 0.3125 0.113833
0.8125 0.34375 0.0994141
0.78125 0.34375 0.0716448
0.75 0.3125 0.0587732
0.75 0.28125 0.0740592
0.78125 0.28125 0.101269
0.78125 0.3125 0.086251
0.75 0.3125 0.0587732
0.75 0.28125 0.0740592
0.75 0.25 0.090082
0.78125 0.25 0.116856
0.78125 0.28125 0.101269
0.75 0.28125 0.0740592
0.78125 0.3125 0.086251
0.78125 0.28125 0.101269
0.8125 0.28125 0.128633
0.8125 0.3125 0.113833
0.78125 0.3125 0.086251
0.78125 0.28125 0.101269
0.78125 0.25 0.116856
0.8125 0.25 0.143895
0.8125 0.28125 0.128633
0.78125 0.28125 0.101269
0.8125 0.375 0.0853509
0.8125 0.34375 0.0994141
0.84375 0.34375 0.127279
0.84375 0.375 0.113417
0.8125 0.375 0.0853509
0.8125 0.34375 0.0994141
0.8125 0.3125 0.113833
0.84375 0.3125 0.141509
0.84375 0.34375 0.127279
0.8125 0.34375 0.0994141
0.84375 0.375 0.113417
0.84375 0.34375 0.127279
0.875 0.34375 0.155245
0.875 0.375 0.14161
0.84375 0.375 0.113417
0.84375 0.34375 0.127279
0.84375 0.3125 0.141509
0.875 0.3125 0.16928
0.875 0.34375 0.155245
0.84375 0.34375 0.127279
0.8125 0.3125 0.113833
0.8125 0.25 0.143895
0.875 0.25 0.19851
0.875 0.3125 0.16928
0.8125 0.3125 0.113833
0.875 0.5 0.097813
0.875 0.4375 0.116581
0.9375 0.4375 0.175394
0.9375 0.5 0.159141
0.875 0.5 0.097813
0.875 0.4375 0.116581
0.875 0.375 0.14161
0.9375 0.375 0.198558
0.9375 0.4375 0.175394
0.875 0.4375 0.116581
0.9375 0.5 0.159141
0.9375 0.4375 0.175394
1 0.4375 0.235287
1 0.5 0.220918
0.9375 0.5 0.159141
0.9375 0.4375 0.175394
0.9375 0.375 0.198558
1 0.375 0.256555
1 0.4375 0.235287
0.9375 0.4375 0.175394
0.875 0.375 0.14161
0.875 0.3125 0.16928
0.9375 0.3125 0.225172
0.9375 0.375 0.198558
0.875 0.375 0.14161
0.875 0.3125 0.16928
0.875 0.25 0.19851
0.9375 0.25 0.253538
0.9375 0.3125 0.225172
0.875 0.3125 0.16928
0.9375 0.375 0.198558
0.9375 0.3125 0.225172
1 0.3125 0.281852
1 0.375 0.256555
0.9375 0.375 0.198558
0.9375 0.3125 0.225172
0.9375 0.25 0.253538
1 0.25 0.309214
1 0.3125 0.281852
0.9375 0.3125 0.225172
0.75 0.25 0.090082
0.75 0.1875 0.125798
0.8125 0.1875 0.176854
0.8125 0.25 0.143895
0.75 0.25 0.090082
0.75 0.1875 0.125798
0.75 0.125 0.167803
0.8125 0.125 0.214286
0.8125 0.1875 0.176854
0.75 0.1875 0.125798
0.8125 0.25 0.143895
0.8125 0.1875 0.176854
0.875 0.1875 0.229866
0.875 0.25 0.19851
0.8125 0.25 0.143895
0.8125 0.1875 0.176854
0.8125 0.125 0.214286
0.875 0.125 0.264322
0.875 0.1875 0.229866
0.8125 0.1875 0.176854
0.75 0.125 0.167803
0.75 0.0625 0.215442
0.8125 0.0625 0.25661
0.8125 0.125 0.214286
0.75 0.125 0.167803
0.75 0.0625 0.215442
0.75 0 0.268714
0.8125 0 0.305352
0.8125 0.0625 0.25661
0.75 0.0625 0.215442
0.8125 0.125 0.214286
0.8125 0.0625 0.25661
0.875 0.0625 0.302626
0.875 0.125 0.264322
0.8125 0.125 0.214286
0.8125 0.0625 0.25661
0.8125 0 0.305352
0.875 0 0.346937
0.875 0.0625 0.302626
0.8125 0.0625 0.25661
0.875 0.25 0.19851
0.875 0.125 0.264322
1 0.125 0.37059
1 0.25 0.309214
0.875 0.25 0.19851
0.875 0.125 0.264322
0.875 0 0.346937
1 0 0.446345
1 0.125 0.37059
0.875 0.125 0.264322
