0 1 0.454998
0 0.875 0.379502
0.125 0.875 0.270785
0.125 1 0.355454
0 1 0.454998
0 0.875 0.379502
0 0.75 0.313254
0.125 0.75 0.199775
0.125 0.875 0.270785
0 0.875 0.379502
0.125 1 0.355454
0.125 0.9375 0.311853
0.1875 0.9375 0.265398
0.1875 1 0.31284
0.125 1 0.355454
0.125 0.9375 0.311853
0.125 0.875 0.270785
0.1875 0.875 0.220599
0.1875 0.9375 0.265398
0.125 0.9375 0.311853
0.1875 1 0.31284
0.1875 0.9375 0.265398
0.25 0.9375 0.222251
0.25 1 0.274332
0.1875 1 0.31284
0.1875 0.9375 0.265398
0.1875 0.875 0.220599
0.25 0.875 0.172463
0.25 0.9375 0.222251
0.1875 0.9375 0.265398
0.125 0.875 0.270785
0.125 0.8125 0.233259
0.1875 0.8125 0.179995
0.1875 0.875 0.220599
0.125 0.875 0.270785
0.125 0.8125 0.233259
0.125 0.75 0.199775
0.1875 0.75 0.143957
0.1875 0.8125 0.179995
0.125 0.8125 0.233259
0.1875 0.875 0.220599
0.1875 0.8125 0.179995
0.25 0.8125 0.128136
0.25 0.875 0.172463
0.1875 0.875 0.220599
0.1875 0.8125 0.179995
0.1875 0.75 0.143957
0.25 0.75 0.0897792
0.25 0.8125 0.128136
0.1875 0.8125 0.179995
0 0.75 0.313254
0 0.6875 0.286407
0.0625 0.6875 0.227901
0.0625 0.75 0.25609
0 0.75 0.313254
0 0.6875 0.286407
0 0.625 0.262809
0.0625 0.625 0.203067
0.0625 0.6875 0.227901
0 0.6875 0.286407
0.0625 0.75 0.25609
0.0625 0.6875 0.227901
0.125 0.6875 0.170326
0.125 0.75 0.199775
0.0625 0.75 0.25609
0.0625 0.6875 0.227901
0.0625 0.625 0.203067
0.125 0.625 0.14426
0.125 0.6875 0.170326
0.0625 0.6875 0.227901
0 0.625 0.262809
0 0.5625 0.2427
0.0625 0.5625 0.181596
0.0625 0.625 0.203067
0 0.625 0.262809
0 0.5625 0.2427
0 0.5 0.227227
0.0625 0.5 0.164937
0.0625 0.5625 0.181596
0 0.5625 0.2427
0.0625 0.625 0.203067
0.0625 0.5625 0.181596
0.125 0.5625 0.121017
0.125 0.625 0.14426
0.0625 0.625 0.203067
0.0625 0.5625 0.181596
0.0625 0.5 0.164937
0.125 0.5 0.102652
0.125 0.5625 0.121017
0.0625 0.5625 0.181596
0.125 0.75 0.199775
0.125 0.6875 0.170326
0.1875 0.6875 0.113766
0.1875 0.75 0.143957
0.125 0.75 0.199775
0.125 0.6875 0.170326
0.125 0.65625 0.157016
0.15625 0.65625 0.128441
0.15625 0.6875 0.141986
0.125 0.6875 0.170326
0.125 0.65625 0.157016
0.125 0.625 0.14426
0.15625 0.625 0.115386
0.15625 0.65625 0.128441
0.125 0.65625 0.157016
0.15625 0.6875 0.141986
0.15625 0.65625 0.128441
0.1875 0.65625 0.100003
0.1875 0.6875 0.113766
0.15625 0.6875 0.141986
0.15625 0.65625 0.128441
0.15625 0.625 0.115386
0.1875 0.625 0.0866778
0.1875 0.65625 0.100003
0.15625 0.65625 0.128441
0.1875 0.75 0.143957
0.1875 0.71875 0.128388
0.21875 0.71875 0.100634
0.21875 0.75 0.116741
0.1875 0.75 0.143957
0.1875 0.71875 0.128388
0.1875 0.6875 0.113766
0.21875 0.6875 0.0856566
0.21875 0.71875 0.100634
0.1875 0.71875 0.128388
0.21875 0.75 0.116741
0.21875 0.71875 0.100634
0.25 0.71875 0.0730254
0.25 0.75 0.0897792
0.21875 0.75 0.116741
0.21875 0.71875 0.100634
0.21875 0.6875 0.0856566
0.25 0.6875 0.05765
0.25 0.71875 0.0730254
0.21875 0.71875 0.100634
0.1875 0.6875 0.113766
0.1875 0.65625 0.100003
0.21875 0.65625 0.071691
0.21875 0.6875 0.0856566
0.1875 0.6875 0.113766
0.1875 0.65625 0.100003
0.1875 0.625 0.0866778
0.21875 0.625 0.0581308
0.21875 0.65625 0.071691
0.1875 0.65625 0.100003
0.21875 0.6875 0.0856566
0.21875 0.65625 0.071691
0.25 0.65625 0.0434897
0.25 0.6875 0.05765
0.21875 0.6875 0.0856566
0.21875 0.65625 0.071691
0.21875 0.625 0.0581308
0.25 0.625 0.0297249
0.25 0.65625 0.0434897
0.21875 0.65625 0.071691
0.125 0.625 0.14426
0.125 0.59375 0.132187
0.15625 0.59375 0.102937
0.15625 0.625 0.115386
0.125 0.625 0.14426
0.125 0.59375 0.132187
0.125 0.5625 0.121017
0.15625 0.5625 0.0913086
0.15625 0.59375 0.102937
0.125 0.59375 0.132187
0.15625 0.625 0.115386
0.15625 0.59375 0.102937
0.1875 0.59375 0.0738687
0.1875 0.625 0.0866778
0.15625 0.625 0.115386
0.15625 0.59375 0.102937
0.15625 0.5625 0.0913086
0.1875 0.5625 0.0617741
0.1875 0.59375 0.0738687
0.15625 0.59375 0.102937
0.125 0.5625 0.121017
0.125 0.53125 0.111042
0.15625 0.53125 0.0808136
0.15625 0.5625 0.0913086
0.125 0.5625 0.121017
0.125 0.53125 0.111042
0.125 0.5 0.102652
0.15625 0.5 0.0718851
0.15625 0.53125 0.0808136
0.125 0.53125 0.111042
0.15625 0.5625 0.0913086
0.15625 0.53125 0.0808136
0.1875 0.53125 0.0507216
0.1875 0.5625 0.0617741
0.15625 0.5625 0.0913086
0.15625 0.53125 0.0808136
0.15625 0.5 0.0718851
0.1875 0.5 0.0411902
0.1875 0.53125 0.0507216
0.15625 0.53125 0.0808136
0.1875 0.625 0.0866778
0.1875 0.59375 0.0738687
0.21875 0.59375 0.0450145
0.21875 0.625 0.0581308
0.1875 0.625 0.0866778
0.1875 0.59375 0.0738687
0.1875 0.5625 0.0617741
0.21875 0.5625 0.0324658
0.21875 0.59375 0.0450145
0.1875 0.59375 0.0738687
0.21875 0.625 0.0581308
0.21875 0.59375 0.0450145
0.25 0.59375 0.0163808
0.25 0.625 0.0297249
0.21875 0.625 0.0581308
0.21875 0.59375 0.0450145
0.21875 0.5625 0.0324658
0.25 0.5625 0.00341142
0.25 0.59375 0.0163808
0.21875 0.59375 0.0450145
0.1875 0.5625 0.0617741
0.1875 0.53125 0.0507216
0.21875 0.53125 0.0208263
0.21875 0.5625 0.0324658
0.1875 0.5625 0.0617741
0.1875 0.53125 0.0507216
0.1875 0.5 0.0411902
0.21875 0.5 0.0106014
0.21875 0.53125 0.0208263
0.1875 0.53125 0.0507216
0.21875 0.5625 0.0324658
0.21875 0.53125 0.0208263
0.25 0.53125 -0.00863461
0.25 0.5625 0.00341142
0.21875 0.5625 0.0324658
0.21875 0.53125 0.0208263
0.21875 0.5 0.0106014
0.25 0.5 -0.0193772
0.25 0.53125 -0.00863461
0.21875 0.53125 0.0208263
0.25 1 0.274332
0.25 0.9375 0.222251
0.3125 0.9375 0.187158
0.3125 1 0.244036
0.25 1 0.274332
0.25 0.9375 0.222251
0.25 0.875 0.172463
0.3125 0.875 0.131752
0.3125 0.9375 0.187158
0.25 0.9375 0.222251
0.3125 1 0.244036
0.3125 0.9375 0.187158
0.375 0.9375 0.16188
0.375 1 0.222789
0.3125 1 0.244036
0.3125 0.9375 0.187158
0.3125 0.875 0.131752
0.375 0.875 0.101468
0.375 0.9375 0.16188
0.3125 0.9375 0.187158
0.25 0.875 0.172463
0.25 0.84375 0.149606
0.28125 0.84375 0.127033
0.28125 0.875 0.151329
0.25 0.875 0.172463
0.25 0.84375 0.149606
0.25 0.8125 0.128136
0.28125 0.8125 0.104109
0.28125 0.84375 0.127033
0.25 0.84375 0.149606
0.28125 0.875 0.151329
0.28125 0.84375 0.127033
0.3125 0.84375 0.10584
0.3125 0.875 0.131752
0.28125 0.875 0.151329
0.28125 0.84375 0.127033
0.28125 0.8125 0.104109
0.3125 0.8125 0.0811997
0.3125 0.84375 0.10584
0.28125 0.84375 0.127033
0.25 0.8125 0.128136
0.25 0.78125 0.108169
0.28125 0.78125 0.0827466
0.28125 0.8125 0.104109
0.25 0.8125 0.128136
0.25 0.78125 0.108169
0.25 0.75 0.0897792
0.28125 0.75 0.0631716
0.28125 0.78125 0.0827466
0.25 0.78125 0.108169
0.28125 0.8125 0.104109
0.28125 0.78125 0.0827466
0.3125 0.78125 0.0581156
0.3125 0.8125 0.0811997
0.28125 0.8125 0.104109
0.28125 0.78125 0.0827466
0.28125 0.75 0.0631716
0.3125 0.75 0.0369914
0.3125 0.78125 0.0581156
0.28125 0.78125 0.0827466
0.3125 0.875 0.131752
0.3125 0.84375 0.10584
0.34375 0.84375 0.0871196
0.34375 0.875 0.114835
0.3125 0.875 0.131752
0.3125 0.84375 0.10584
0.3125 0.8125 0.0811997
0.34375 0.8125 0.0603877
0.34375 0.84375 0.0871196
0.3125 0.84375 0.10584
0.34375 0.875 0.114835
0.34375 0.84375 0.0871196
0.375 0.84375 0.0719719
0.375 0.875 0.101468
0.34375 0.875 0.114835
0.34375 0.84375 0.0871196
0.34375 0.8125 0.0603877
0.375 0.8125 0.0430605
0.375 0.84375 0.0719719
0.34375 0.84375 0.0871196
0.3125 0.8125 0.0811997
0.3125 0.78125 0.0581156
0.34375 0.78125 0.034981
0.34375 0.8125 0.0603877
0.3125 0.8125 0.0811997
0.3125 0.78125 0.0581156
0.3125 0.75 0.0369914
0.34375 0.75 0.0114338
0.34375 0.78125 0.034981
0.3125 0.78125 0.0581156
0.34375 0.8125 0.0603877
0.34375 0.78125 0.034981
0.375 0.78125 0.0149951
0.375 0.8125 0.0430605
0.34375 0.8125 0.0603877
0.34375 0.78125 0.034981
0.34375 0.75 0.0114338
0.375 0.75 -0.0107104
0.375 0.78125 0.0149951
0.34375 0.78125 0.034981
0.375 1 0.222789
0.375 0.9375 0.16188
0.4375 0.9375 0.153285
0.4375 1 0.215793
0.375 1 0.222789
0.375 0.9375 0.16188
0.375 0.875 0.101468
0.4375 0.875 0.0907797
0.4375 0.9375 0.153285
0.375 0.9375 0.16188
0.4375 1 0.215793
0.4375 0.9375 0.153285
0.5 0.9375 0.161179
0.5 1 0.222658
0.4375 1 0.215793
0.4375 0.9375 0.153285
0.4375 0.875 0.0907797
0.5 0.875 0.0998849
0.5 0.9375 0.161179
0.4375 0.9375 0.153285
0.375 0.875 0.101468
0.375 0.84375 0.0719719
0.40625 0.84375 0.0621015
0.40625 0.875 0.0930038
0.375 0.875 0.101468
0.375 0.84375 0.0719719
0.375 0.8125 0.0430605
0.40625 0.8125 0.0312761
0.40625 0.84375 0.0621015
0.375 0.84375 0.0719719
0.40625 0.875 0.0930038
0.40625 0.84375 0.0621015
0.4375 0.84375 0.0595302
0.4375 0.875 0.0907797
0.40625 0.875 0.0930038
0.40625 0.84375 0.0621015
0.40625 0.8125 0.0312761
0.4375 0.8125 0.0282815
0.4375 0.84375 0.0595302
0.40625 0.84375 0.0621015
0.375 0.8125 0.0430605
0.375 0.78125 0.0149951
0.40625 0.78125 0.00057667
0.40625 0.8125 0.0312761
0.375 0.8125 0.0430605
0.375 0.78125 0.0149951
0.375 0.75 -0.0107104
0.40625 0.75 -0.0279953
0.40625 0.78125 0.00057667
0.375 0.78125 0.0149951
0.40625 0.8125 0.0312761
0.40625 0.78125 0.00057667
0.4375 0.78125 -0.00296523
0.4375 0.8125 0.0282815
0.40625 0.8125 0.0312761
0.40625 0.78125 0.00057667
0.40625 0.75 -0.0279953
0.4375 0.75 -0.0341515
0.4375 0.78125 -0.00296523
0.40625 0.78125 0.00057667
0.4375 0.875 0.0907797
0.4375 0.84375 0.0595302
0.46875 0.84375 0.0625036
0.46875 0.875 0.0934352
0.4375 0.875 0.0907797
0.4375 0.84375 0.0595302
0.4375 0.8125 0.0282815
0.46875 0.8125 0.0316256
0.46875 0.84375 0.0625036
0.4375 0.84375 0.0595302
0.46875 0.875 0.0934352
0.46875 0.84375 0.0625036
0.5 0.84375 0.0695117
0.5 0.875 0.0998849
0.46875 0.875 0.0934352
0.46875 0.84375 0.0625036
0.46875 0.8125 0.0316256
0.5 0.8125 0.0392932
0.5 0.84375 0.0695117
0.46875 0.84375 0.0625036
0.4375 0.8125 0.0282815
0.4375 0.78125 -0.00296523
0.46875 0.78125 0.000824563
0.46875 0.8125 0.0316256
0.4375 0.8125 0.0282815
0.4375 0.78125 -0.00296523
0.4375 0.75 -0.0341515
0.46875 0.75 -0.0294869
0.46875 0.78125 0.000824563
0.4375 0.78125 -0.00296523
0.46875 0.8125 0.0316256
0.46875 0.78125 0.000824563
0.5 0.78125 0.00924857
0.5 0.8125 0.0392932
0.46875 0.8125 0.0316256
0.46875 0.78125 0.000824563
0.46875 0.75 -0.0294869
0.5 0.75 -0.0203284
0.5 0.78125 0.00924857
0.46875 0.78125 0.000824563
0.25 0.75 0.0897792
0.25 0.71875 0.0730254
0.28125 0.71875 0.0455772
0.28125 0.75 0.0631716
0.25 0.75 0.0897792
0.25 0.71875 0.0730254
0.25 0.6875 0.05765
0.28125 0.6875 0.0297403
0.28125 0.71875 0.0455772
0.25 0.71875 0.0730254
0.28125 0.75 0.0631716
0.28125 0.71875 0.0455772
0.3125 0.71875 0.0183047
0.3125 0.75 0.0369914
0.28125 0.75 0.0631716
0.28125 0.71875 0.0455772
0.28125 0.6875 0.0297403
0.3125 0.6875 0.00192498
0.3125 0.71875 0.0183047
0.28125 0.71875 0.0455772
0.25 0.6875 0.05765
0.25 0.65625 0.0434897
0.28125 0.65625 0.0153882
0.28125 0.6875 0.0297403
0.25 0.6875 0.05765
0.25 0.65625 0.0434897
0.25 0.625 0.0297249
0.28125 0.625 0.00143946
0.28125 0.65625 0.0153882
0.25 0.65625 0.0434897
0.28125 0.6875 0.0297403
0.28125 0.65625 0.0153882
0.3125 0.65625 -0.0125519
0.3125 0.6875 0.00192498
0.28125 0.6875 0.0297403
0.28125 0.65625 0.0153882
0.28125 0.625 0.00143946
0.3125 0.625 -0.0266211
0.3125 0.65625 -0.0125519
0.28125 0.65625 0.0153882
0.3125 0.75 0.0369914
0.3125 0.71875 0.0183047
0.34375 0.71875 -0.00823995
0.34375 0.75 0.0114338
0.3125 0.75 0.0369914
0.3125 0.71875 0.0183047
0.3125 0.6875 0.00192498
0.34375 0.6875 -0.025242
0.34375 0.71875 -0.00823995
0.3125 0.71875 0.0183047
0.34375 0.75 0.0114338
0.34375 0.71875 -0.00823995
0.375 0.71875 -0.0328455
0.375 0.75 -0.0107104
0.34375 0.75 0.0114338
0.34375 0.71875 -0.00823995
0.34375 0.6875 -0.025242
0.375 0.6875 -0.0516069
0.375 0.71875 -0.0328455
0.34375 0.71875 -0.00823995
0.3125 0.6875 0.00192498
0.3125 0.65625 -0.0125519
0.34375 0.65625 -0.0402627
0.34375 0.6875 -0.025242
0.3125 0.6875 0.00192498
0.3125 0.65625 -0.0125519
0.3125 0.625 -0.0266211
0.34375 0.625 -0.0545724
0.34375 0.65625 -0.0402627
0.3125 0.65625 -0.0125519
0.34375 0.6875 -0.025242
0.34375 0.65625 -0.0402627
0.375 0.65625 -0.0676363
0.375 0.6875 -0.0516069
0.34375 0.6875 -0.025242
0.34375 0.65625 -0.0402627
0.34375 0.625 -0.0545724
0.375 0.625 -0.0823728
0.375 0.65625 -0.0676363
0.34375 0.65625 -0.0402627
0.25 0.625 0.0297249
0.25 0.59375 0.0163808
0.28125 0.59375 -0.0120273
0.28125 0.625 0.00143946
0.25 0.625 0.0297249
0.25 0.59375 0.0163808
0.25 0.5625 0.00341142
0.28125 0.5625 -0.0251196
0.28125 0.59375 -0.0120273
0.25 0.59375 0.0163808
0.28125 0.625 0.00143946
0.28125 0.59375 -0.0120273
0.3125 0.59375 -0.0402763
0.3125 0.625 -0.0266211
0.28125 0.625 0.00143946
0.28125 0.59375 -0.0120273
0.28125 0.5625 -0.0251196
0.3125 0.5625 -0.0535444
0.3125 0.59375 -0.0402763
0.28125 0.59375 -0.0120273
0.25 0.5625 0.00341142
0.25 0.53125 -0.00863461
0.28125 0.53125 -0.0375415
0.28125 0.5625 -0.0251196
0.25 0.5625 0.00341142
0.25 0.53125 -0.00863461
0.25 0.5 -0.0193772
0.28125 0.5 -0.0488407
0.28125 0.53125 -0.0375415
0.25 0.53125 -0.00863461
0.28125 0.5625 -0.0251196
0.28125 0.53125 -0.0375415
0.3125 0.53125 -0.0662713
0.3125 0.5625 -0.0535444
0.28125 0.5625 -0.0251196
0.28125 0.53125 -0.0375415
0.28125 0.5 -0.0488407
0.3125 0.5 -0.0780754
0.3125 0.53125 -0.0662713
0.28125 0.53125 -0.0375415
0.3125 0.625 -0.0266211
0.3125 0.59375 -0.0402763
0.34375 0.59375 -0.0684316
0.34375 0.625 -0.0545724
0.3125 0.625 -0.0266211
0.3125 0.59375 -0.0402763
0.3125 0.5625 -0.0535444
0.34375 0.5625 -0.081887
0.34375 0.59375 -0.0684316
0.3125 0.59375 -0.0402763
0.34375 0.625 -0.0545724
0.34375 0.59375 -0.0684316
0.375 0.59375 -0.0964816
0.375 0.625 -0.0823728
0.34375 0.625 -0.0545724
0.34375 0.59375 -0.0684316
0.34375 0.5625 -0.081887
0.375 0.5625 -0.110144
0.375 0.59375 -0.0964816
0.34375 0.59375 -0.0684316
0.3125 0.5625 -0.0535444
0.3125 0.53125 -0.0662713
0.34375 0.53125 -0.094864
0.34375 0.5625 -0.081887
0.3125 0.5625 -0.0535444
0.3125 0.53125 -0.0662713
0.3125 0.5 -0.0780754
0.34375 0.5 -0.107087
0.34375 0.53125 -0.094864
0.3125 0.53125 -0.0662713
0.34375 0.5625 -0.081887
0.34375 0.53125 -0.094864
0.375 0.53125 -0.12335
0.375 0.5625 -0.110144
0.34375 0.5625 -0.081887
0.34375 0.53125 -0.094864
0.34375 0.5 -0.107087
0.375 0.5 -0.135927
0.375 0.53125 -0.12335
0.34375 0.53125 -0.094864
0.375 0.75 -0.0107104
0.375 0.71875 -0.0328455
0.40625 0.71875 -0.0539112
0.40625 0.75 -0.0279953
0.375 0.75 -0.0107104
0.375 0.71875 -0.0328455
0.375 0.6875 -0.0516069
0.40625 0.6875 -0.0761669
0.40625 0.71875 -0.0539112
0.375 0.71875 -0.0328455
0.40625 0.75 -0.0279953
0.40625 0.71875 -0.0539112
0.4375 0.71875 -0.0649828
0.4375 0.75 -0.0341515
0.40625 0.75 -0.0279953
0.40625 0.71875 -0.0539112
0.40625 0.6875 -0.0761669
0.4375 0.6875 -0.0938223
0.4375 0.71875 -0.0649828
0.40625 0.71875 -0.0539112
0.375 0.6875 -0.0516069
0.375 0.65625 -0.0676363
0.40625 0.65625 -0.0943051
0.40625 0.6875 -0.0761669
0.375 0.6875 -0.0516069
0.375 0.65625 -0.0676363
0.375 0.625 -0.0823728
0.40625 0.625 -0.109904
0.40625 0.65625 -0.0943051
0.375 0.65625 -0.0676363
0.40625 0.6875 -0.0761669
0.40625 0.65625 -0.0943051
0.4375 0.65625 -0.118047
0.4375 0.6875 -0.0938223
0.40625 0.6875 -0.0761669
0.40625 0.65625 -0.0943051
0.40625 0.625 -0.109904
0.4375 0.625 -0.136578
0.4375 0.65625 -0.118047
0.40625 0.65625 -0.0943051
0.4375 0.75 -0.0341515
0.4375 0.71875 -0.0649828
0.46875 0.71875 -0.0595309
0.46875 0.75 -0.0294869
0.4375 0.75 -0.0341515
0.4375 0.71875 -0.0649828
0.4375 0.6875 -0.0938223
0.46875 0.6875 -0.0893034
0.46875 0.71875 -0.0595309
0.4375 0.71875 -0.0649828
0.46875 0.75 -0.0294869
0.46875 0.71875 -0.0595309
0.5 0.71875 -0.049599
0.5 0.75 -0.0203284
0.46875 0.75 -0.0294869
0.46875 0.71875 -0.0595309
0.46875 0.6875 -0.0893034
0.5 0.6875 -0.0786578
0.5 0.71875 -0.049599
0.46875 0.71875 -0.0595309
0.4375 0.6875 -0.0938223
0.4375 0.65625 -0.118047
0.46875 0.65625 -0.118804
0.46875 0.6875 -0.0893034
0.4375 0.6875 -0.0938223
0.4375 0.65625 -0.118047
0.4375 0.625 -0.136578
0.46875 0.625 -0.148059
0.46875 0.65625 -0.118804
0.4375 0.65625 -0.118047
0.46875 0.6875 -0.0893034
0.46875 0.65625 -0.118804
0.5 0.65625 -0.107541
0.5 0.6875 -0.0786578
0.46875 0.6875 -0.0893034
0.46875 0.65625 -0.118804
0.46875 0.625 -0.148059
0.5 0.625 -0.13626
0.5 0.65625 -0.107541
0.46875 0.65625 -0.118804
0.375 0.625 -0.0823728
0.375 0.59375 -0.0964816
0.40625 0.59375 -0.124391
0.40625 0.625 -0.109904
0.375 0.625 -0.0823728
0.375 0.59375 -0.0964816
0.375 0.5625 -0.110144
0.40625 0.5625 -0.138311
0.40625 0.59375 -0.124391
0.375 0.59375 -0.0964816
0.40625 0.625 -0.109904
0.40625 0.59375 -0.124391
0.4375 0.59375 -0.152009
0.4375 0.625 -0.136578
0.40625 0.625 -0.109904
0.40625 0.59375 -0.124391
0.40625 0.5625 -0.138311
0.4375 0.5625 -0.16638
0.4375 0.59375 -0.152009
0.40625 0.59375 -0.124391
0.375 0.5625 -0.110144
0.375 0.5 -0.135927
0.4375 0.5 -0.185383
0.4375 0.5625 -0.16638
0.375 0.5625 -0.110144
0.4375 0.625 -0.136578
0.4375 0.5625 -0.16638
0.5 0.5625 -0.193366
0.5 0.625 -0.13626
0.4375 0.625 -0.136578
0.4375 0.5625 -0.16638
0.4375 0.5 -0.185383
0.5 0.5 -0.229381
0.5 0.5625 -0.193366
0.4375 0.5625 -0.16638
0 0.5 0.227227
0 0.4375 0.218561
0.0625 0.4375 0.156018
0.0625 0.5 0.164937
0 0.5 0.227227
0 0.4375 0.218561
0 0.375 0.225574
0.0625 0.375 0.164416
0.0625 0.4375 0.156018
0 0.4375 0.218561
0.0625 0.5 0.164937
0.0625 0.4375 0.156018
0.125 0.4375 0.0935067
0.125 0.5 0.102652
0.0625 0.5 0.164937
0.0625 0.4375 0.156018
0.0625 0.375 0.164416
0.125 0.375 0.104341
0.125 0.4375 0.0935067
0.0625 0.4375 0.156018
0 0.375 0.225574
0 0.3125 0.244107
0.0625 0.3125 0.186037
0.0625 0.375 0.164416
0 0.375 0.225574
0 0.3125 0.244107
0 0.25 0.271642
0.0625 0.25 0.217633
0.0625 0.3125 0.186037
0 0.3125 0.244107
0.0625 0.375 0.164416
0.0625 0.3125 0.186037
0.125 0.3125 0.131131
0.125 0.375 0.104341
0.0625 0.375 0.164416
0.0625 0.3125 0.186037
0.0625 0.25 0.217633
0.125 0.25 0.168718
0.125 0.3125 0.131131
0.0625 0.3125 0.186037
0.125 0.5 0.102652
0.125 0.46875 0.0963855
0.15625 0.46875 0.0651555
0.15625 0.5 0.0718851
0.125 0.5 0.102652
0.125 0.46875 0.0963855
0.125 0.4375 0.0935067
0.15625 0.4375 0.0622544
0.15625 0.46875 0.0651555
0.125 0.46875 0.0963855
0.15625 0.5 0.0718851
0.15625 0.46875 0.0651555
0.1875 0.46875 0.0339235
0.1875 0.5 0.0411902
0.15625 0.5 0.0718851
0.15625 0.46875 0.0651555
0.15625 0.4375 0.0622544
0.1875 0.4375 0.0310054
0.1875 0.46875 0.0339235
0.15625 0.46875 0.0651555
0.125 0.4375 0.0935067
0.125 0.40625 0.0966067
0.15625 0.40625 0.0658477
0.15625 0.4375 0.0622544
0.125 0.4375 0.0935067
0.125 0.40625 0.0966067
0.125 0.375 0.104341
0.15625 0.375 0.0749219
0.15625 0.40625 0.0658477
0.125 0.40625 0.0966067
0.15625 0.4375 0.0622544
0.15625 0.40625 0.0658477
0.1875 0.40625 0.0353954
0.1875 0.4375 0.0310054
0.15625 0.4375 0.0622544
0.15625 0.40625 0.0658477
0.15625 0.375 0.0749219
0.1875 0.375 0.0460504
0.1875 0.40625 0.0353954
0.15625 0.40625 0.0658477
0.1875 0.5 0.0411902
0.1875 0.46875 0.0339235
0.21875 0.46875 0.00268368
0.21875 0.5 0.0106014
0.1875 0.5 0.0411902
0.1875 0.46875 0.0339235
0.1875 0.4375 0.0310054
0.21875 0.4375 -0.000243014
0.21875 0.46875 0.00268368
0.1875 0.46875 0.0339235
0.21875 0.5 0.0106014
0.21875 0.46875 0.00268368
0.25 0.46875 -0.0278772
0.25 0.5 -0.0193772
0.21875 0.5 0.0106014
0.21875 0.46875 0.00268368
0.21875 0.4375 -0.000243014
0.25 0.4375 -0.0301102
0.25 0.46875 -0.0278772
0.21875 0.46875 0.00268368
0.1875 0.4375 0.0310054
0.1875 0.40625 0.0353954
0.21875 0.40625 0.00520715
0.21875 0.4375 -0.000243014
0.1875 0.4375 0.0310054
0.1875 0.40625 0.0353954
0.1875 0.375 0.0460504
0.21875 0.375 0.0180973
0.21875 0.40625 0.00520715
0.1875 0.40625 0.0353954
0.21875 0.4375 -0.000243014
0.21875 0.40625 0.00520715
0.25 0.40625 -0.0221042
0.25 0.4375 -0.0301102
0.21875 0.4375 -0.000243014
0.21875 0.40625 0.00520715
0.21875 0.375 0.0180973
0.25 0.375 -0.00772332
0.25 0.40625 -0.0221042
0.21875 0.40625 0.00520715
0.125 0.375 0.104341
0.125 0.34375 0.116114
0.15625 0.34375 0.0882897
0.15625 0.375 0.0749219
0.125 0.375 0.104341
0.125 0.34375 0.116114
0.125 0.3125 0.131131
0.15625 0.3125 0.105097
0.15625 0.34375 0.0882897
0.125 0.34375 0.116114
0.15625 0.375 0.0749219
0.15625 0.34375 0.0882897
0.1875 0.34375 0.0614989
0.1875 0.375 0.0460504
0.15625 0.375 0.0749219
0.15625 0.34375 0.0882897
0.15625 0.3125 0.105097
0.1875 0.3125 0.0804126
0.1875 0.34375 0.0614989
0.15625 0.34375 0.0882897
0.125 0.3125 0.131131
0.125 0.28125 0.148812
0.15625 0.28125 0.124495
0.15625 0.3125 0.105097
0.125 0.3125 0.131131
0.125 0.28125 0.148812
0.125 0.25 0.168718
0.15625 0.25 0.146061
0.15625 0.28125 0.124495
0.125 0.28125 0.148812
0.15625 0.3125 0.105097
0.15625 0.28125 0.124495
0.1875 0.28125 0.101856
0.1875 0.3125 0.0804126
0.15625 0.3125 0.105097
0.15625 0.28125 0.124495
0.15625 0.25 0.146061
0.1875 0.25 0.125136
0.1875 0.28125 0.101856
0.15625 0.28125 0.124495
0.1875 0.375 0.0460504
0.1875 0.34375 0.0614989
0.21875 0.34375 0.036013
0.21875 0.375 0.0180973
0.1875 0.375 0.0460504
0.1875 0.34375 0.0614989
0.1875 0.3125 0.0804126
0.21875 0.3125 0.0573799
0.21875 0.34375 0.036013
0.1875 0.34375 0.0614989
0.21875 0.375 0.0180973
0.21875 0.34375 0.036013
0.25 0.34375 0.0128736
0.25 0.375 -0.00772332
0.21875 0.375 0.0180973
0.21875 0.34375 0.036013
0.21875 0.3125 0.0573799
0.25 0.3125 0.0368239
0.25 0.34375 0.0128736
0.21875 0.34375 0.036013
0.1875 0.3125 0.0804126
0.1875 0.28125 0.101856
0.21875 0.28125 0.0809389
0.21875 0.3125 0.0573799
0.1875 0.3125 0.0804126
0.1875 0.28125 0.101856
0.1875 0.25 0.125136
0.21875 0.25 0.105909
0.21875 0.28125 0.0809389
0.1875 0.28125 0.101856
0.21875 0.3125 0.0573799
0.21875 0.28125 0.0809389
0.25 0.28125 0.0621755
0.25 0.3125 0.0368239
0.21875 0.3125 0.0573799
0.21875 0.28125 0.0809389
0.21875 0.25 0.105909
0.25 0.25 0.0883816
0.25 0.28125 0.0621755
0.21875 0.28125 0.0809389
0 0.25 0.271642
0 0.1875 0.306979
0.0625 0.1875 0.257292
0.0625 0.25 0.217633
0 0.25 0.271642
0 0.1875 0.306979
0 0.125 0.347407
0.0625 0.125 0.302078
0.0625 0.1875 0.257292
0 0.1875 0.306979
0.0625 0.25 0.217633
0.0625 0.1875 0.257292
0.125 0.1875 0.213774
0.125 0.25 0.168718
0.0625 0.25 0.217633
0.0625 0.1875 0.257292
0.0625 0.125 0.302078
0.125 0.125 0.263022
0.125 0.1875 0.213774
0.0625 0.1875 0.257292
0 0.125 0.347407
0 0 0.446127
0.125 0 0.369508
0.125 0.125 0.263022
0 0.125 0.347407
0.125 0.25 0.168718
0.125 0.1875 0.213774
0.1875 0.1875 0.175334
0.1875 0.25 0.125136
0.125 0.25 0.168718
0.125 0.1875 0.213774
0.125 0.125 0.263022
0.1875 0.125 0.228271
0.1875 0.1875 0.175334
0.125 0.1875 0.213774
0.1875 0.25 0.125136
0.1875 0.21875 0.150098
0.21875 0.21875 0.132094
0.21875 0.25 0.105909
0.1875 0.25 0.125136
0.1875 0.21875 0.150098
0.1875 0.1875 0.175334
0.21875 0.1875 0.158252
0.21875 0.21875 0.132094
0.1875 0.21875 0.150098
0.21875 0.25 0.105909
0.21875 0.21875 0.132094
0.25 0.21875 0.115124
0.25 0.25 0.0883816
0.21875 0.25 0.105909
0.21875 0.21875 0.132094
0.21875 0.1875 0.158252
0.25 0.1875 0.14227
0.25 0.21875 0.115124
0.21875 0.21875 0.132094
0.1875 0.1875 0.175334
0.1875 0.125 0.228271
0.25 0.125 0.197379
0.25 0.1875 0.14227
0.1875 0.1875 0.175334
0.125 0.125 0.263022
0.125 0 0.369508
0.25 0 0.309241
0.25 0.125 0.197379
0.125 0.125 0.263022
0.25 0.5 -0.0193772
0.25 0.46875 -0.0278772
0.28125 0.46875 -0.058136
0.28125 0.5 -0.0488407
0.25 0.5 -0.0193772
0.25 0.46875 -0.0278772
0.25 0.4375 -0.0301102
0.28125 0.4375 -0.0584469
0.28125 0.46875 -0.058136
0.25 0.46875 -0.0278772
0.28125 0.5 -0.0488407
0.28125 0.46875 -0.058136
0.3125 0.46875 -0.0881381
0.3125 0.5 -0.0780754
0.28125 0.5 -0.0488407
0.28125 0.46875 -0.058136
0.28125 0.4375 -0.0584469
0.3125 0.4375 -0.0848093
0.3125 0.46875 -0.0881381
0.28125 0.46875 -0.058136
0.25 0.4375 -0.0301102
0.25 0.40625 -0.0221042
0.28125 0.40625 -0.047197
0.28125 0.4375 -0.0584469
0.25 0.4375 -0.0301102
0.25 0.40625 -0.0221042
0.25 0.375 -0.00772332
0.28125 0.375 -0.0290226
0.28125 0.40625 -0.047197
0.25 0.40625 -0.0221042
0.28125 0.4375 -0.0584469
0.28125 0.40625 -0.047197
0.3125 0.40625 -0.0697491
0.3125 0.4375 -0.0848093
0.28125 0.4375 -0.0584469
0.28125 0.40625 -0.047197
0.28125 0.375 -0.0290226
0.3125 0.375 -0.0483131
0.3125 0.40625 -0.0697491
0.28125 0.40625 -0.047197
0.3125 0.5 -0.0780754
0.3125 0.46875 -0.0881381
0.34375 0.46875 -0.116894
0.34375 0.5 -0.107087
0.3125 0.5 -0.0780754
0.3125 0.46875 -0.0881381
0.3125 0.4375 -0.0848093
0.34375 0.4375 -0.1087
0.34375 0.46875 -0.116894
0.3125 0.46875 -0.0881381
0.34375 0.5 -0.107087
0.34375 0.46875 -0.116894
0.375 0.46875 -0.143439
0.375 0.5 -0.135927
0.34375 0.5 -0.107087
0.34375 0.46875 -0.116894
0.34375 0.4375 -0.1087
0.375 0.4375 -0.129793
0.375 0.46875 -0.143439
0.34375 0.46875 -0.116894
0.3125 0.4375 -0.0848093
0.3125 0.40625 -0.0697491
0.34375 0.40625 -0.0896222
0.34375 0.4375 -0.1087
0.3125 0.4375 -0.0848093
0.3125 0.40625 -0.0697491
0.3125 0.375 -0.0483131
0.34375 0.375 -0.0656161
0.34375 0.40625 -0.0896222
0.3125 0.40625 -0.0697491
0.34375 0.4375 -0.1087
0.34375 0.40625 -0.0896222
0.375 0.40625 -0.107086
0.375 0.4375 -0.129793
0.34375 0.4375 -0.1087
0.34375 0.40625 -0.0896222
0.34375 0.375 -0.0656161
0.375 0.375 -0.0812262
0.375 0.40625 -0.107086
0.34375 0.40625 -0.0896222
0.25 0.375 -0.00772332
0.25 0.34375 0.0128736
0.28125 0.34375 -0.00712171
0.28125 0.375 -0.0290226
0.25 0.375 -0.00772332
0.25 0.34375 0.0128736
0.25 0.3125 0.0368239
0.28125 0.3125 0.0186074
0.28125 0.34375 -0.00712171
0.25 0.34375 0.0128736
0.28125 0.375 -0.0290226
0.28125 0.34375 -0.00712171
0.3125 0.34375 -0.0239568
0.3125 0.375 -0.0483131
0.28125 0.375 -0.0290226
0.28125 0.34375 -0.00712171
0.28125 0.3125 0.0186074
0.3125 0.3125 0.0023697
0.3125 0.34375 -0.0239568
0.28125 0.34375 -0.00712171
0.25 0.3125 0.0368239
0.25 0.28125 0.0621755
0.28125 0.28125 0.0452489
0.28125 0.3125 0.0186074
0.25 0.3125 0.0368239
0.25 0.28125 0.0621755
0.25 0.25 0.0883816
0.28125 0.25 0.0723532
0.28125 0.28125 0.0452489
0.25 0.28125 0.0621755
0.28125 0.3125 0.0186074
0.28125 0.28125 0.0452489
0.3125 0.28125 0.0297906
0.3125 0.3125 0.0023697
0.28125 0.3125 0.0186074
0.28125 0.28125 0.0452489
0.28125 0.25 0.0723532
0.3125 0.25 0.0574391
0.3125 0.28125 0.0297906
0.28125 0.28125 0.0452489
0.3125 0.375 -0.0483131
0.3125 0.34375 -0.0239568
0.34375 0.34375 -0.0394493
0.34375 0.375 -0.0656161
0.3125 0.375 -0.0483131
0.3125 0.34375 -0.0239568
0.3125 0.3125 0.0023697
0.34375 0.3125 -0.0124694
0.34375 0.34375 -0.0394493
0.3125 0.34375 -0.0239568
0.34375 0.375 -0.0656161
0.34375 0.34375 -0.0394493
0.375 0.34375 -0.0540993
0.375 0.375 -0.0812262
0.34375 0.375 -0.0656161
0.34375 0.34375 -0.0394493
0.34375 0.3125 -0.0124694
0.375 0.3125 -0.0264841
0.375 0.34375 -0.0540993
0.34375 0.34375 -0.0394493
0.3125 0.3125 0.0023697
0.3125 0.28125 0.0297906
0.34375 0.28125 0.0153138
0.34375 0.3125 -0.0124694
0.3125 0.3125 0.0023697
0.3125 0.28125 0.0297906
0.3125 0.25 0.0574391
0.34375 0.25 0.0432683
0.34375 0.28125 0.0153138
0.3125 0.28125 0.0297906
0.34375 0.3125 -0.0124694
0.34375 0.28125 0.0153138
0.375 0.28125 0.00143978
0.375 0.3125 -0.0264841
0.34375 0.3125 -0.0124694
0.34375 0.28125 0.0153138
0.34375 0.25 0.0432683
0.375 0.25 0.0295802
0.375 0.28125 0.00143978
0.34375 0.28125 0.0153138
0.375 0.5 -0.135927
0.375 0.4375 -0.129793
0.4375 0.4375 -0.164064
0.4375 0.5 -0.185383
0.375 0.5 -0.135927
0.375 0.4375 -0.129793
0.375 0.40625 -0.107086
0.40625 0.40625 -0.122826
0.40625 0.4375 -0.148032
0.375 0.4375 -0.129793
0.375 0.40625 -0.107086
0.375 0.375 -0.0812262
0.40625 0.375 -0.0957944
0.40625 0.40625 -0.122826
0.375 0.40625 -0.107086
0.40625 0.4375 -0.148032
0.40625 0.40625 -0.122826
0.4375 0.40625 -0.137361
0.4375 0.4375 -0.164064
0.40625 0.4375 -0.148032
0.40625 0.40625 -0.122826
0.40625 0.375 -0.0957944
0.4375 0.375 -0.109699
0.4375 0.40625 -0.137361
0.40625 0.40625 -0.122826
0.4375 0.5 -0.185383
0.4375 0.4375 -0.164064
0.5 0.4375 -0.192112
0.5 0.5 -0.229381
0.4375 0.5 -0.185383
0.4375 0.4375 -0.164064
0.4375 0.375 -0.109699
0.5 0.375 -0.135595
0.5 0.4375 -0.192112
0.4375 0.4375 -0.164064
0.375 0.375 -0.0812262
0.375 0.34375 -0.0540993
0.40625 0.34375 -0.0681316
0.40625 0.375 -0.0957944
0.375 0.375 -0.0812262
0.375 0.34375 -0.0540993
0.375 0.3125 -0.0264841
0.40625 0.3125 -0.0401535
0.40625 0.34375 -0.0681316
0.375 0.34375 -0.0540993
0.40625 0.375 -0.0957944
0.40625 0.34375 -0.0681316
0.4375 0.34375 -0.0816691
0.4375 0.375 -0.109699
0.40625 0.375 -0.0957944
0.40625 0.34375 -0.0681316
0.40625 0.3125 -0.0401535
0.4375 0.3125 -0.0534333
0.4375 0.34375 -0.0816691
0.40625 0.34375 -0.0681316
0.375 0.3125 -0.0264841
0.375 0.28125 0.00143978
0.40625 0.28125 -0.0120369
0.40625 0.3125 -0.0401535
0.375 0.3125 -0.0264841
0.375 0.28125 0.00143978
0.375 0.25 0.0295802
0.40625 0.25 0.0162685
0.40625 0.28125 -0.0120369
0.375 0.28125 0.00143978
0.40625 0.3125 -0.0401535
0.40625 0.28125 -0.0120369
0.4375 0.28125 -0.025102
0.4375 0.3125 -0.0534333
0.40625 0.3125 -0.0401535
0.40625 0.28125 -0.0120369
0.40625 0.25 0.0162685
0.4375 0.25 0.00334591
0.4375 0.28125 -0.025102
0.40625 0.28125 -0.0120369
0.4375 0.375 -0.109699
0.4375 0.34375 -0.0816691
0.46875 0.34375 -0.0946697
0.46875 0.375 -0.12301
0.4375 0.375 -0.109699
0.4375 0.34375 -0.0816691
0.4375 0.3125 -0.0534333
0.46875 0.3125 -0.0661852
0.46875 0.34375 -0.0946697
0.4375 0.34375 -0.0816691
0.46875 0.375 -0.12301
0.46875 0.34375 -0.0946697
0.5 0.34375 -0.106911
0.5 0.375 -0.135595
0.46875 0.375 -0.12301
0.46875 0.34375 -0.0946697
0.46875 0.3125 -0.0661852
0.5 0.3125 -0.0780751
0.5 0.34375 -0.106911
0.46875 0.34375 -0.0946697
0.4375 0.3125 -0.0534333
0.4375 0.28125 -0.025102
0.46875 0.28125 -0.0375924
0.46875 0.3125 -0.0661852
0.4375 0.3125 -0.0534333
0.4375 0.28125 -0.025102
0.4375 0.25 0.00334591
0.46875 0.25 -0.00888221
0.46875 0.28125 -0.0375924
0.4375 0.28125 -0.025102
0.46875 0.3125 -0.0661852
0.46875 0.28125 -0.0375924
0.5 0.28125 -0.0490812
0.5 0.3125 -0.0780751
0.46875 0.3125 -0.0661852
0.46875 0.28125 -0.0375924
0.46875 0.25 -0.00888221
0.5 0.25 -0.0199128
0.5 0.28125 -0.0490812
0.46875 0.28125 -0.0375924
0.25 0.25 0.0883816
0.25 0.21875 0.115124
0.28125 0.21875 0.0997547
0.28125 0.25 0.0723532
0.25 0.25 0.0883816
0.25 0.21875 0.115124
0.25 0.1875 0.14227
0.28125 0.1875 0.127387
0.28125 0.21875 0.0997547
0.25 0.21875 0.115124
0.28125 0.25 0.0723532
0.28125 0.21875 0.0997547
0.3125 0.21875 0.0852453
0.3125 0.25 0.0574391
0.28125 0.25 0.0723532
0.28125 0.21875 0.0997547
0.28125 0.1875 0.127387
0.3125 0.1875 0.113168
0.3125 0.21875 0.0852453
0.28125 0.21875 0.0997547
0.25 0.1875 0.14227
0.25 0.125 0.197379
0.3125 0.125 0.169309
0.3125 0.1875 0.113168
0.25 0.1875 0.14227
0.3125 0.25 0.0574391
0.3125 0.21875 0.0852453
0.34375 0.21875 0.0713142
0.34375 0.25 0.0432683
0.3125 0.25 0.0574391
0.3125 0.21875 0.0852453
0.3125 0.1875 0.113168
0.34375 0.1875 0.099445
0.34375 0.21875 0.0713142
0.3125 0.21875 0.0852453
0.34375 0.25 0.0432683
0.34375 0.21875 0.0713142
0.375 0.21875 0.0578072
0.375 0.25 0.0295802
0.34375 0.25 0.0432683
0.34375 0.21875 0.0713142
0.34375 0.1875 0.099445
0.375 0.1875 0.0861232
0.375 0.21875 0.0578072
0.34375 0.21875 0.0713142
0.3125 0.1875 0.113168
0.3125 0.15625 0.141193
0.34375 0.15625 0.127664
0.34375 0.1875 0.099445
0.3125 0.1875 0.113168
0.3125 0.15625 0.141193
0.3125 0.125 0.169309
0.34375 0.125 0.155973
0.34375 0.15625 0.127664
0.3125 0.15625 0.141193
0.34375 0.1875 0.099445
0.34375 0.15625 0.127664
0.375 0.15625 0.114532
0.375 0.1875 0.0861232
0.34375 0.1875 0.099445
0.34375 0.15625 0.127664
0.34375 0.125 0.155973
0.375 0.125 0.14304
0.375 0.15625 0.114532
0.34375 0.15625 0.127664
0.25 0.125 0.197379
0.25 0.0625 0.252983
0.3125 0.0625 0.225831
0.3125 0.125 0.169309
0.25 0.125 0.197379
0.25 0.0625 0.252983
0.25 0 0.309241
0.3125 0 0.282994
0.3125 0.0625 0.225831
0.25 0.0625 0.252983
0.3125 0.125 0.169309
0.3125 0.0625 0.225831
0.375 0.0625 0.200467
0.375 0.125 0.14304
0.3125 0.125 0.169309
0.3125 0.0625 0.225831
0.3125 0 0.282994
0.375 0 0.2587
0.375 0.0625 0.200467
0.3125 0.0625 0.225831
0.375 0.25 0.0295802
0.375 0.21875 0.0578072
0.40625 0.21875 0.0446789
0.40625 0.25 0.0162685
0.375 0.25 0.0295802
0.375 0.21875 0.0578072
0.375 0.1875 0.0861232
0.40625 0.1875 0.0731987
0.40625 0.21875 0.0446789
0.375 0.21875 0.0578072
0.40625 0.25 0.0162685
0.40625 0.21875 0.0446789
0.4375 0.21875 0.0320078
0.4375 0.25 0.00334591
0.40625 0.25 0.0162685
0.40625 0.21875 0.0446789
0.40625 0.1875 0.0731987
0.4375 0.1875 0.0608247
0.4375 0.21875 0.0320078
0.40625 0.21875 0.0446789
0.375 0.1875 0.0861232
0.375 0.15625 0.114532
0.40625 0.15625 0.101837
0.40625 0.1875 0.0731987
0.375 0.1875 0.0861232
0.375 0.15625 0.114532
0.375 0.125 0.14304
0.40625 0.125 0.130603
0.40625 0.15625 0.101837
0.375 0.15625 0.114532
0.40625 0.1875 0.0731987
0.40625 0.15625 0.101837
0.4375 0.15625 0.0898022
0.4375 0.1875 0.0608247
0.40625 0.1875 0.0731987
0.40625 0.15625 0.101837
0.40625 0.125 0.130603
0.4375 0.125 0.118944
0.4375 0.15625 0.0898022
0.40625 0.15625 0.101837
0.4375 0.25 0.00334591
0.4375 0.21875 0.0320078
0.46875 0.21875 0.0201327
0.46875 0.25 -0.00888221
0.4375 0.25 0.00334591
0.4375 0.21875 0.0320078
0.4375 0.1875 0.0608247
0.46875 0.1875 0.0493967
0.46875 0.21875 0.0201327
0.4375 0.21875 0.0320078
0.46875 0.25 -0.00888221
0.46875 0.21875 0.0201327
0.5 0.21875 0.00955566
0.5 0.25 -0.0199128
0.46875 0.25 -0.00888221
0.46875 0.21875 0.0201327
0.46875 0.1875 0.0493967
0.5 0.1875 0.0394327
0.5 0.21875 0.00955566
0.46875 0.21875 0.0201327
0.4375 0.1875 0.0608247
0.4375 0.15625 0.0898022
0.46875 0.15625 0.0788583
0.46875 0.1875 0.0493967
0.4375 0.1875 0.0608247
0.4375 0.15625 0.0898022
0.4375 0.125 0.118944
0.46875 0.125 0.108498
0.46875 0.15625 0.0788583
0.4375 0.15625 0.0898022
0.46875 0.1875 0.0493967
0.46875 0.15625 0.0788583
0.5 0.15625 0.0695114
0.5 0.1875 0.0394327
0.46875 0.1875 0.0493967
0.46875 0.15625 0.0788583
0.46875 0.125 0.108498
0.5 0.125 0.0997518
0.5 0.15625 0.0695114
0.46875 0.15625 0.0788583
0.375 0.125 0.14304
0.375 0.0625 0.200467
0.4375 0.0625 0.17781
0.4375 0.125 0.118944
0.375 0.125 0.14304
0.375 0.0625 0.200467
0.375 0 0.2587
0.4375 0 0.2376
0.4375 0.0625 0.17781
0.375 0.0625 0.200467
0.4375 0.125 0.118944
0.4375 0.0625 0.17781
0.5 0.0625 0.160761
0.5 0.125 0.0997518
0.4375 0.125 0.118944
0.4375 0.0625 0.17781
0.4375 0 0.2376
0.5 0 0.222302
0.5 0.0625 0.160761
0.4375 0.0625 0.17781
0.5 1 0.222658
0.5 0.9375 0.161179
0.5625 0.9375 0.178719
0.5625 1 0.238441
0.5 1 0.222658
0.5 0.9375 0.161179
0.5 0.875 0.0998849
0.5625 0.875 0.11935
0.5625 0.9375 0.178719
0.5 0.9375 0.161179
0.5625 1 0.238441
0.5625 0.9375 0.178719
0.625 0.9375 0.201328
0.625 1 0.259591
0.5625 1 0.238441
0.5625 0.9375 0.178719
0.5625 0.875 0.11935
0.625 0.875 0.143412
0.625 0.9375 0.201328
0.5625 0.9375 0.178719
0.5 0.875 0.0998849
0.5 0.84375 0.0695117
0.53125 0.84375 0.0790196
0.53125 0.875 0.108808
0.5 0.875 0.0998849
0.5 0.84375 0.0695117
0.5 0.8125 0.0392932
0.53125 0.8125 0.0494143
0.53125 0.84375 0.0790196
0.5 0.84375 0.0695117
0.53125 0.875 0.108808
0.53125 0.84375 0.0790196
0.5625 0.84375 0.0900504
0.5625 0.875 0.11935
0.53125 0.875 0.108808
0.53125 0.84375 0.0790196
0.53125 0.8125 0.0494143
0.5625 0.8125 0.0609219
0.5625 0.84375 0.0900504
0.53125 0.84375 0.0790196
0.5 0.8125 0.0392932
0.5 0.78125 0.00924857
0.53125 0.78125 0.0200002
0.53125 0.8125 0.0494143
0.5 0.8125 0.0392932
0.5 0.78125 0.00924857
0.5 0.75 -0.0203284
0.53125 0.75 -0.00912317
0.53125 0.78125 0.0200002
0.5 0.78125 0.00924857
0.53125 0.8125 0.0494143
0.53125 0.78125 0.0200002
0.5625 0.78125 0.0319653
0.5625 0.8125 0.0609219
0.53125 0.8125 0.0494143
0.53125 0.78125 0.0200002
0.53125 0.75 -0.00912317
0.5625 0.75 0.00317485
0.5625 0.78125 0.0319653
0.53125 0.78125 0.0200002
0.5625 0.875 0.11935
0.5625 0.84375 0.0900504
0.59375 0.84375 0.102088
0.59375 0.875 0.131003
0.5625 0.875 0.11935
0.5625 0.84375 0.0900504
0.5625 0.8125 0.0609219
0.59375 0.8125 0.0733181
0.59375 0.84375 0.102088
0.5625 0.84375 0.0900504
0.59375 0.875 0.131003
0.59375 0.84375 0.102088
0.625 0.84375 0.114787
0.625 0.875 0.143412
0.59375 0.875 0.131003
0.59375 0.84375 0.102088
0.59375 0.8125 0.0733181
0.625 0.8125 0.0862848
0.625 0.84375 0.114787
0.59375 0.84375 0.102088
0.5625 0.8125 0.0609219
0.5625 0.78125 0.0319653
0.59375 0.78125 0.044693
0.59375 0.8125 0.0733181
0.5625 0.8125 0.0609219
0.5625 0.78125 0.0319653
0.5625 0.75 0.00317485
0.59375 0.75 0.0161963
0.59375 0.78125 0.044693
0.5625 0.78125 0.0319653
0.59375 0.8125 0.0733181
0.59375 0.78125 0.044693
0.625 0.78125 0.0578985
0.625 0.8125 0.0862848
0.59375 0.8125 0.0733181
0.59375 0.78125 0.044693
0.59375 0.75 0.0161963
0.625 0.75 0.0296244
0.625 0.78125 0.0578985
0.59375 0.78125 0.044693
0.625 1 0.259591
0.625 0.9375 0.201328
0.6875 0.9375 0.226591
0.6875 1 0.28373
0.625 1 0.259591
0.625 0.9375 0.201328
0.625 0.875 0.143412
0.6875 0.875 0.16979
0.6875 0.9375 0.226591
0.625 0.9375 0.201328
0.6875 1 0.28373
0.6875 0.9375 0.226591
0.75 0.9375 0.254248
0.75 1 0.310256
0.6875 1 0.28373
0.6875 0.9375 0.226591
0.6875 0.875 0.16979
0.75 0.875 0.198587
0.75 0.9375 0.254248
0.6875 0.9375 0.226591
0.625 0.875 0.143412
0.625 0.84375 0.114787
0.65625 0.84375 0.127976
0.65625 0.875 0.156365
0.625 0.875 0.143412
0.625 0.84375 0.114787
0.625 0.8125 0.0862848
0.65625 0.8125 0.0996986
0.65625 0.84375 0.127976
0.625 0.84375 0.114787
0.65625 0.875 0.156365
0.65625 0.84375 0.127976
0.6875 0.84375 0.141627
0.6875 0.875 0.16979
0.65625 0.875 0.156365
0.65625 0.84375 0.127976
0.65625 0.8125 0.0996986
0.6875 0.8125 0.113574
0.6875 0.84375 0.141627
0.65625 0.84375 0.127976
0.625 0.8125 0.0862848
0.625 0.78125 0.0578985
0.65625 0.78125 0.0715291
0.65625 0.8125 0.0996986
0.625 0.8125 0.0862848
0.625 0.78125 0.0578985
0.625 0.75 0.0296244
0.65625 0.75 0.0434622
0.65625 0.78125 0.0715291
0.625 0.78125 0.0578985
0.65625 0.8125 0.0996986
0.65625 0.78125 0.0715291
0.6875 0.78125 0.0856322
0.6875 0.8125 0.113574
0.65625 0.8125 0.0996986
0.65625 0.78125 0.0715291
0.65625 0.75 0.0434622
0.6875 0.75 0.0578078
0.6875 0.78125 0.0856322
0.65625 0.78125 0.0715291
0.6875 0.875 0.16979
0.6875 0.8125 0.113574
0.75 0.8125 0.143547
0.75 0.875 0.198587
0.6875 0.875 0.16979
0.6875 0.8125 0.113574
0.6875 0.78125 0.0856322
0.71875 0.78125 0.100474
0.71875 0.8125 0.128066
0.6875 0.8125 0.113574
0.6875 0.78125 0.0856322
0.6875 0.75 0.0578078
0.71875 0.75 0.0730706
0.71875 0.78125 0.100474
0.6875 0.78125 0.0856322
0.71875 0.8125 0.128066
0.71875 0.78125 0.100474
0.75 0.78125 0.116497
0.75 0.8125 0.143547
0.71875 0.8125 0.128066
0.71875 0.78125 0.100474
0.71875 0.75 0.0730706
0.75 0.75 0.0898934
0.75 0.78125 0.116497
0.71875 0.78125 0.100474
0.5 0.75 -0.0203284
0.5 0.71875 -0.049599
0.53125 0.71875 -0.0379101
0.53125 0.75 -0.00912317
0.5 0.75 -0.0203284
0.5 0.71875 -0.049599
0.5 0.6875 -0.0786578
0.53125 0.6875 -0.066554
0.53125 0.71875 -0.0379101
0.5 0.71875 -0.049599
0.53125 0.75 -0.00912317
0.53125 0.71875 -0.0379101
0.5625 0.71875 -0.0252965
0.5625 0.75 0.00317485
0.53125 0.75 -0.00912317
0.53125 0.71875 -0.0379101
0.53125 0.6875 -0.066554
0.5625 0.6875 -0.0536827
0.5625 0.71875 -0.0252965
0.53125 0.71875 -0.0379101
0.5 0.6875 -0.0786578
0.5 0.65625 -0.107541
0.53125 0.65625 -0.0950837
0.53125 0.6875 -0.066554
0.5 0.6875 -0.0786578
0.5 0.65625 -0.107541
0.5 0.625 -0.13626
0.53125 0.625 -0.123512
0.53125 0.65625 -0.0950837
0.5 0.65625 -0.107541
0.53125 0.6875 -0.066554
0.53125 0.65625 -0.0950837
0.5625 0.65625 -0.0819832
0.5625 0.6875 -0.0536827
0.53125 0.6875 -0.066554
0.53125 0.65625 -0.0950837
0.53125 0.625 -0.123512
0.5625 0.625 -0.110186
0.5625 0.65625 -0.0819832
0.53125 0.65625 -0.0950837
0.5625 0.75 0.00317485
0.5625 0.71875 -0.0252965
0.59375 0.71875 -0.0121144
0.59375 0.75 0.0161963
0.5625 0.75 0.00317485
0.5625 0.71875 -0.0252965
0.5625 0.6875 -0.0536827
0.59375 0.6875 -0.040319
0.59375 0.71875 -0.0121144
0.5625 0.71875 -0.0252965
0.59375 0.75 0.0161963
0.59375 0.71875 -0.0121144
0.625 0.71875 0.00145292
0.625 0.75 0.0296244
0.59375 0.75 0.0161963
0.59375 0.71875 -0.0121144
0.59375 0.6875 -0.040319
0.625 0.6875 -0.0265499
0.625 0.71875 0.00145292
0.59375 0.71875 -0.0121144
0.5625 0.6875 -0.0536827
0.5625 0.65625 -0.0819832
0.59375 0.65625 -0.0684164
0.59375 0.6875 -0.040319
0.5625 0.6875 -0.0536827
0.5625 0.65625 -0.0819832
0.5625 0.625 -0.110186
0.59375 0.625 -0.0963874
0.59375 0.65625 -0.0684164
0.5625 0.65625 -0.0819832
0.59375 0.6875 -0.040319
0.59375 0.65625 -0.0684164
0.625 0.65625 -0.0544065
0.625 0.6875 -0.0265499
0.59375 0.6875 -0.040319
0.59375 0.65625 -0.0684164
0.59375 0.625 -0.0963874
0.625 0.625 -0.0820606
0.625 0.65625 -0.0544065
0.59375 0.65625 -0.0684164
0.5 0.625 -0.13626
0.5 0.5625 -0.193366
0.5625 0.5625 -0.166172
0.5625 0.625 -0.110186
0.5 0.625 -0.13626
0.5 0.5625 -0.193366
0.5 0.5 -0.229381
0.5625 0.5 -0.190931
0.5625 0.5625 -0.166172
0.5 0.5625 -0.193366
0.5625 0.625 -0.110186
0.5625 0.59375 -0.13827
0.59375 0.59375 -0.124181
0.59375 0.625 -0.0963874
0.5625 0.625 -0.110186
0.5625 0.59375 -0.13827
0.5625 0.5625 -0.166172
0.59375 0.5625 -0.1516
0.59375 0.59375 -0.124181
0.5625 0.59375 -0.13827
0.59375 0.625 -0.0963874
0.59375 0.59375 -0.124181
0.625 0.59375 -0.109344
0.625 0.625 -0.0820606
0.59375 0.625 -0.0963874
0.59375 0.59375 -0.124181
0.59375 0.5625 -0.1516
0.625 0.5625 -0.135512
0.625 0.59375 -0.109344
0.59375 0.59375 -0.124181
0.5625 0.5625 -0.166172
0.5625 0.5 -0.190931
0.625 0.5 -0.134815
0.625 0.5625 -0.135512
0.5625 0.5625 -0.166172
0.625 0.75 0.0296244
0.625 0.71875 0.00145292
0.65625 0.71875 0.0154951
0.65625 0.75 0.0434622
0.625 0.75 0.0296244
0.625 0.71875 0.00145292
0.625 0.6875 -0.0265499
0.65625 0.6875 -0.0122878
0.65625 0.71875 0.0154951
0.625 0.71875 0.00145292
0.65625 0.75 0.0434622
0.65625 0.71875 0.0154951
0.6875 0.71875 0.0301128
0.6875 0.75 0.0578078
0.65625 0.75 0.0434622
0.65625 0.71875 0.0154951
0.65625 0.6875 -0.0122878
0.6875 0.6875 0.00257039
0.6875 0.71875 0.0301128
0.65625 0.71875 0.0154951
0.625 0.6875 -0.0265499
0.625 0.65625 -0.0544065
0.65625 0.65625 -0.039806
0.65625 0.6875 -0.0122878
0.625 0.6875 -0.0265499
0.625 0.65625 -0.0544065
0.625 0.625 -0.0820606
0.65625 0.625 -0.0668934
0.65625 0.65625 -0.039806
0.625 0.65625 -0.0544065
0.65625 0.6875 -0.0122878
0.65625 0.65625 -0.039806
0.6875 0.65625 -0.0242979
0.6875 0.6875 0.00257039
0.65625 0.6875 -0.0122878
0.65625 0.65625 -0.039806
0.65625 0.625 -0.0668934
0.6875 0.625 -0.0501446
0.6875 0.65625 -0.0242979
0.65625 0.65625 -0.039806
0.6875 0.75 0.0578078
0.6875 0.71875 0.0301128
0.71875 0.71875 0.0459384
0.71875 0.75 0.0730706
0.6875 0.75 0.0578078
0.6875 0.71875 0.0301128
0.6875 0.6875 0.00257039
0.71875 0.6875 0.0191701
0.71875 0.71875 0.0459384
0.6875 0.71875 0.0301128
0.71875 0.75 0.0730706
0.71875 0.71875 0.0459384
0.75 0.71875 0.0637667
0.75 0.75 0.0898934
0.71875 0.75 0.0730706
0.71875 0.71875 0.0459384
0.71875 0.6875 0.0191701
0.75 0.6875 0.0384604
0.75 0.71875 0.0637667
0.71875 0.71875 0.0459384
0.6875 0.6875 0.00257039
0.6875 0.65625 -0.0242979
0.71875 0.65625 -0.00673392
0.71875 0.6875 0.0191701
0.6875 0.6875 0.00257039
0.6875 0.65625 -0.0242979
0.6875 0.625 -0.0501446
0.71875 0.625 -0.0302985
0.71875 0.65625 -0.00673392
0.6875 0.65625 -0.0242979
0.71875 0.6875 0.0191701
0.71875 0.65625 -0.00673392
0.75 0.65625 0.0143713
0.75 0.6875 0.0384604
0.71875 0.6875 0.0191701
0.71875 0.65625 -0.00673392
0.71875 0.625 -0.0302985
0.75 0.625 -0.00676056
0.75 0.65625 0.0143713
0.71875 0.65625 -0.00673392
0.625 0.625 -0.0820606
0.625 0.59375 -0.109344
0.65625 0.59375 -0.0930335
0.65625 0.625 -0.0668934
0.625 0.625 -0.0820606
0.625 0.59375 -0.109344
0.625 0.5625 -0.135512
0.65625 0.5625 -0.115749
0.65625 0.59375 -0.0930335
0.625 0.59375 -0.109344
0.65625 0.625 -0.0668934
0.65625 0.59375 -0.0930335
0.6875 0.59375 -0.0736591
0.6875 0.625 -0.0501446
0.65625 0.625 -0.0668934
0.65625 0.59375 -0.0930335
0.65625 0.5625 -0.115749
0.6875 0.5625 -0.0906913
0.6875 0.59375 -0.0736591
0.65625 0.59375 -0.0930335
0.625 0.5625 -0.135512
0.625 0.53125 -0.145445
0.65625 0.53125 -0.116266
0.65625 0.5625 -0.115749
0.625 0.5625 -0.135512
0.625 0.53125 -0.145445
0.625 0.5 -0.134815
0.65625 0.5 -0.106154
0.65625 0.53125 -0.116266
0.625 0.53125 -0.145445
0.65625 0.5625 -0.115749
0.65625 0.53125 -0.116266
0.6875 0.53125 -0.0869171
0.6875 0.5625 -0.0906913
0.65625 0.5625 -0.115749
0.65625 0.53125 -0.116266
0.65625 0.5 -0.106154
0.6875 0.5 -0.0773569
0.6875 0.53125 -0.0869171
0.65625 0.53125 -0.116266
0.6875 0.625 -0.0501446
0.6875 0.59375 -0.0736591
0.71875 0.59375 -0.0502151
0.71875 0.625 -0.0302985
0.6875 0.625 -0.0501446
0.6875 0.59375 -0.0736591
0.6875 0.5625 -0.0906913
0.71875 0.5625 -0.0618217
0.71875 0.59375 -0.0502151
0.6875 0.59375 -0.0736591
0.71875 0.625 -0.0302985
0.71875 0.59375 -0.0502151
0.75 0.59375 -0.0235839
0.75 0.625 -0.00676056
0.71875 0.625 -0.0302985
0.71875 0.59375 -0.0502151
0.71875 0.5625 -0.0618217
0.75 0.5625 -0.031311
0.75 0.59375 -0.0235839
0.71875 0.59375 -0.0502151
0.6875 0.5625 -0.0906913
0.6875 0.53125 -0.0869171
0.71875 0.53125 -0.0573978
0.71875 0.5625 -0.0618217
0.6875 0.5625 -0.0906913
0.6875 0.53125 -0.0869171
0.6875 0.5 -0.0773569
0.71875 0.5 -0.0484291
0.71875 0.53125 -0.0573978
0.6875 0.53125 -0.0869171
0.71875 0.5625 -0.0618217
0.71875 0.53125 -0.0573978
0.75 0.53125 -0.0277059
0.75 0.5625 -0.031311
0.71875 0.5625 -0.0618217
0.71875 0.53125 -0.0573978
0.71875 0.5 -0.0484291
0.75 0.5 -0.019371
0.75 0.53125 -0.0277059
0.71875 0.53125 -0.0573978
0.75 1 0.310256
0.75 0.875 0.198587
0.875 0.875 0.269954
0.875 1 0.373506
0.75 1 0.310256
0.75 0.875 0.198587
0.75 0.8125 0.143547
0.8125 0.8125 0.179586
0.8125 0.875 0.231728
0.75 0.875 0.198587
0.75 0.8125 0.143547
0.75 0.75 0.0898934
0.8125 0.75 0.129662
0.8125 0.8125 0.179586
0.75 0.8125 0.143547
0.8125 0.875 0.231728
0.8125 0.8125 0.179586
0.875 0.8125 0.221546
0.875 0.875 0.269954
0.8125 0.875 0.231728
0.8125 0.8125 0.179586
0.8125 0.75 0.129662
0.875 0.75 0.176461
0.875 0.8125 0.221546
0.8125 0.8125 0.179586
0.875 1 0.373506
0.875 0.875 0.269954
1 0.875 0.367968
1 1 0.459071
0.875 1 0.373506
0.875 0.875 0.269954
0.875 0.8125 0.221546
0.9375 0.8125 0.273948
0.9375 0.875 0.318961
0.875 0.875 0.269954
0.875 0.8125 0.221546
0.875 0.75 0.176461
0.9375 0.75 0.229595
0.9375 0.8125 0.273948
0.875 0.8125 0.221546
0.9375 0.875 0.318961
0.9375 0.8125 0.273948
1 0.8125 0.325811
1 0.875 0.367968
0.9375 0.875 0.318961
0.9375 0.8125 0.273948
0.9375 0.75 0.229595
1 0.75 0.285899
1 0.8125 0.325811
0.9375 0.8125 0.273948
0.75 0.75 0.0898934
0.75 0.71875 0.0637667
0.78125 0.71875 0.0841196
0.78125 0.75 0.108686
0.75 0.75 0.0898934
0.75 0.71875 0.0637667
0.75 0.6875 0.0384604
0.78125 0.6875 0.0607867
0.78125 0.71875 0.0841196
0.75 0.71875 0.0637667
0.78125 0.75 0.108686
0.78125 0.71875 0.0841196
0.8125 0.71875 0.1067
0.8125 0.75 0.129662
0.78125 0.75 0.108686
0.78125 0.71875 0.0841196
0.78125 0.6875 0.0607867
0.8125 0.6875 0.0852947
0.8125 0.71875 0.1067
0.78125 0.71875 0.0841196
0.75 0.6875 0.0384604
0.75 0.65625 0.0143713
0.78125 0.65625 0.0392244
0.78125 0.6875 0.0607867
0.75 0.6875 0.0384604
0.75 0.65625 0.0143713
0.75 0.625 -0.00676056
0.78125 0.625 0.0202577
0.78125 0.65625 0.0392244
0.75 0.65625 0.0143713
0.78125 0.6875 0.0607867
0.78125 0.65625 0.0392244
0.8125 0.65625 0.0659112
0.8125 0.6875 0.0852947
0.78125 0.6875 0.0607867
0.78125 0.65625 0.0392244
0.78125 0.625 0.0202577
0.8125 0.625 0.04927
0.8125 0.65625 0.0659112
0.78125 0.65625 0.0392244
0.8125 0.75 0.129662
0.8125 0.71875 0.1067
0.84375 0.71875 0.131047
0.84375 0.75 0.152467
0.8125 0.75 0.129662
0.8125 0.71875 0.1067
0.8125 0.6875 0.0852947
0.84375 0.6875 0.111344
0.84375 0.71875 0.131047
0.8125 0.71875 0.1067
0.84375 0.75 0.152467
0.84375 0.71875 0.131047
0.875 0.71875 0.156452
0.875 0.75 0.176461
0.84375 0.75 0.152467
0.84375 0.71875 0.131047
0.84375 0.6875 0.111344
0.875 0.6875 0.138256
0.875 0.71875 0.156452
0.84375 0.71875 0.131047
0.8125 0.6875 0.0852947
0.8125 0.65625 0.0659112
0.84375 0.65625 0.093761
0.84375 0.6875 0.111344
0.8125 0.6875 0.0852947
0.8125 0.65625 0.0659112
0.8125 0.625 0.04927
0.84375 0.625 0.0788944
0.84375 0.65625 0.093761
0.8125 0.65625 0.0659112
0.84375 0.6875 0.111344
0.84375 0.65625 0.093761
0.875 0.65625 0.122207
0.875 0.6875 0.138256
0.84375 0.6875 0.111344
0.84375 0.65625 0.093761
0.84375 0.625 0.0788944
0.875 0.625 0.108796
0.875 0.65625 0.122207
0.84375 0.65625 0.093761
0.75 0.625 -0.00676056
0.75 0.59375 -0.0235839
0.78125 0.59375 0.00534271
0.78125 0.625 0.0202577
0.75 0.625 -0.00676056
0.75 0.59375 -0.0235839
0.75 0.5625 -0.031311
0.78125 0.5625 -0.000475584
0.78125 0.59375 0.00534271
0.75 0.59375 -0.0235839
0.78125 0.625 0.0202577
0.78125 0.59375 0.00534271
0.8125 0.59375 0.0365079
0.8125 0.625 0.04927
0.78125 0.625 0.0202577
0.78125 0.59375 0.00534271
0.78125 0.5625 -0.000475584
0.8125 0.5625 0.0307729
0.8125 0.59375 0.0365079
0.78125 0.59375 0.00534271
0.75 0.5625 -0.031311
0.75 0.53125 -0.0277059
0.78125 0.53125 0.00227174
0.78125 0.5625 -0.000475584
0.75 0.5625 -0.031311
0.75 0.53125 -0.0277059
0.75 0.5 -0.019371
0.78125 0.5 0.0100893
0.78125 0.53125 0.00227174
0.75 0.53125 -0.0277059
0.78125 0.5625 -0.000475584
0.78125 0.53125 0.00227174
0.8125 0.53125 0.0331322
0.8125 0.5625 0.0307729
0.78125 0.5625 -0.000475584
0.78125 0.53125 0.00227174
0.78125 0.5 0.0100893
0.8125 0.5 0.0401361
0.8125 0.53125 0.0331322
0.78125 0.53125 0.00227174
0.8125 0.625 0.04927
0.8125 0.59375 0.0365079
0.84375 0.59375 0.0676354
0.84375 0.625 0.0788944
0.8125 0.625 0.04927
0.8125 0.59375 0.0365079
0.8125 0.5625 0.0307729
0.84375 0.5625 0.0620215
0.84375 0.59375 0.0676354
0.8125 0.59375 0.0365079
0.84375 0.625 0.0788944
0.84375 0.59375 0.0676354
0.875 0.59375 0.0987054
0.875 0.625 0.108796
0.84375 0.625 0.0788944
0.84375 0.59375 0.0676354
0.84375 0.5625 0.0620215
0.875 0.5625 0.0932692
0.875 0.59375 0.0987054
0.84375 0.59375 0.0676354
0.8125 0.5625 0.0307729
0.8125 0.53125 0.0331322
0.84375 0.53125 0.0640638
0.84375 0.5625 0.0620215
0.8125 0.5625 0.0307729
0.8125 0.53125 0.0331322
0.8125 0.5 0.0401361
0.84375 0.5 0.0703705
0.84375 0.53125 0.0640638
0.8125 0.53125 0.0331322
0.84375 0.5625 0.0620215
0.84375 0.53125 0.0640638
0.875 0.53125 0.0950893
0.875 0.5625 0.0932692
0.84375 0.5625 0.0620215
0.84375 0.53125 0.0640638
0.84375 0.5 0.0703705
0.875 0.5 0.100746
0.875 0.53125 0.0950893
0.84375 0.53125 0.0640638
0.875 0.75 0.176461
0.875 0.6875 0.138256
0.9375 0.6875 0.196081
0.9375 0.75 0.229595
0.875 0.75 0.176461
0.875 0.6875 0.138256
0.875 0.625 0.108796
0.9375 0.625 0.170525
0.9375 0.6875 0.196081
0.875 0.6875 0.138256
0.9375 0.75 0.229595
0.9375 0.6875 0.196081
1 0.6875 0.255397
1 0.75 0.285899
0.9375 0.75 0.229595
0.9375 0.6875 0.196081
0.9375 0.625 0.170525
1 0.625 0.232254
1 0.6875 0.255397
0.9375 0.6875 0.196081
0.875 0.625 0.108796
0.875 0.5625 0.0932692
0.9375 0.5625 0.155767
0.9375 0.625 0.170525
0.875 0.625 0.108796
0.875 0.5625 0.0932692
0.875 0.5 0.100746
0.9375 0.5 0.161991
0.9375 0.5625 0.155767
0.875 0.5625 0.0932692
0.9375 0.625 0.170525
0.9375 0.5625 0.155767
1 0.5625 0.218275
1 0.625 0.232254
0.9375 0.625 0.170525
0.9375 0.5625 0.155767
0.9375 0.5 0.161991
1 0.5 0.223691
1 0.5625 0.218275
0.9375 0.5625 0.155767
0.5 0.5 -0.229381
0.5 0.4375 -0.192112
0.5625 0.4375 -0.164497
0.5625 0.5 -0.190931
0.5 0.5 -0.229381
0.5 0.4375 -0.192112
0.5 0.375 -0.135595
0.5625 0.375 -0.132201
0.5625 0.4375 -0.164497
0.5 0.4375 -0.192112
0.5625 0.5 -0.190931
0.5625 0.4375 -0.164497
0.625 0.4375 -0.10955
0.625 0.5 -0.134815
0.5625 0.5 -0.190931
0.5625 0.4375 -0.164497
0.5625 0.40625 -0.149243
0.59375 0.40625 -0.123115
0.59375 0.4375 -0.137305
0.5625 0.4375 -0.164497
0.5625 0.40625 -0.149243
0.5625 0.375 -0.132201
0.59375 0.375 -0.107939
0.59375 0.40625 -0.123115
0.5625 0.40625 -0.149243
0.59375 0.4375 -0.137305
0.59375 0.40625 -0.123115
0.625 0.40625 -0.0958393
0.625 0.4375 -0.10955
0.59375 0.4375 -0.137305
0.59375 0.40625 -0.123115
0.59375 0.375 -0.107939
0.625 0.375 -0.0815159
0.625 0.40625 -0.0958393
0.59375 0.40625 -0.123115
0.5 0.375 -0.135595
0.5 0.34375 -0.106911
0.53125 0.34375 -0.117869
0.53125 0.375 -0.147048
0.5 0.375 -0.135595
0.5 0.34375 -0.106911
0.5 0.3125 -0.0780751
0.53125 0.3125 -0.0884778
0.53125 0.34375 -0.117869
0.5 0.34375 -0.106911
0.53125 0.375 -0.147048
0.53125 0.34375 -0.117869
0.5625 0.34375 -0.112497
0.5625 0.375 -0.132201
0.53125 0.375 -0.147048
0.53125 0.34375 -0.117869
0.53125 0.3125 -0.0884778
0.5625 0.3125 -0.0895601
0.5625 0.34375 -0.112497
0.53125 0.34375 -0.117869
0.5 0.3125 -0.0780751
0.5 0.28125 -0.0490812
0.53125 0.28125 -0.0588675
0.53125 0.3125 -0.0884778
0.5 0.3125 -0.0780751
0.5 0.28125 -0.0490812
0.5 0.25 -0.0199128
0.53125 0.25 -0.0290335
0.53125 0.28125 -0.0588675
0.5 0.28125 -0.0490812
0.53125 0.3125 -0.0884778
0.53125 0.28125 -0.0588675
0.5625 0.28125 -0.0631499
0.5625 0.3125 -0.0895601
0.53125 0.3125 -0.0884778
0.53125 0.28125 -0.0588675
0.53125 0.25 -0.0290335
0.5625 0.25 -0.03389
0.5625 0.28125 -0.0631499
0.53125 0.28125 -0.0588675
0.5625 0.375 -0.132201
0.5625 0.34375 -0.112497
0.59375 0.34375 -0.0913134
0.59375 0.375 -0.107939
0.5625 0.375 -0.132201
0.5625 0.34375 -0.112497
0.5625 0.3125 -0.0895601
0.59375 0.3125 -0.07254
0.59375 0.34375 -0.0913134
0.5625 0.34375 -0.112497
0.59375 0.375 -0.107939
0.59375 0.34375 -0.0913134
0.625 0.34375 -0.0663524
0.625 0.375 -0.0815159
0.59375 0.375 -0.107939
0.59375 0.34375 -0.0913134
0.59375 0.3125 -0.07254
0.625 0.3125 -0.0499179
0.625 0.34375 -0.0663524
0.59375 0.34375 -0.0913134
0.5625 0.3125 -0.0895601
0.5625 0.28125 -0.0631499
0.59375 0.28125 -0.0510295
0.59375 0.3125 -0.07254
0.5625 0.3125 -0.0895601
0.5625 0.28125 -0.0631499
0.5625 0.25 -0.03389
0.59375 0.25 -0.0264602
0.59375 0.28125 -0.0510295
0.5625 0.28125 -0.0631499
0.59375 0.3125 -0.07254
0.59375 0.28125 -0.0510295
0.625 0.28125 -0.0315838
0.625 0.3125 -0.0499179
0.59375 0.3125 -0.07254
0.59375 0.28125 -0.0510295
0.59375 0.25 -0.0264602
0.625 0.25 -0.0106614
0.625 0.28125 -0.0315838
0.59375 0.28125 -0.0510295
0.625 0.5 -0.134815
0.625 0.46875 -0.122629
0.65625 0.46875 -0.094331
0.65625 0.5 -0.106154
0.625 0.5 -0.134815
0.625 0.46875 -0.122629
0.625 0.4375 -0.10955
0.65625 0.4375 -0.0815406
0.65625 0.46875 -0.094331
0.625 0.46875 -0.122629
0.65625 0.5 -0.106154
0.65625 0.46875 -0.094331
0.6875 0.46875 -0.0659118
0.6875 0.5 -0.0773569
0.65625 0.5 -0.106154
0.65625 0.46875 -0.094331
0.65625 0.4375 -0.0815406
0.6875 0.4375 -0.0533769
0.6875 0.46875 -0.0659118
0.65625 0.46875 -0.094331
0.625 0.4375 -0.10955
0.625 0.40625 -0.0958393
0.65625 0.40625 -0.0681089
0.65625 0.4375 -0.0815406
0.625 0.4375 -0.10955
0.625 0.40625 -0.0958393
0.625 0.375 -0.0815159
0.65625 0.375 -0.0542258
0.65625 0.40625 -0.0681089
0.625 0.40625 -0.0958393
0.65625 0.4375 -0.0815406
0.65625 0.40625 -0.0681089
0.6875 0.40625 -0.0401484
0.6875 0.4375 -0.0533769
0.65625 0.4375 -0.0815406
0.65625 0.40625 -0.0681089
0.65625 0.375 -0.0542258
0.6875 0.375 -0.0265379
0.6875 0.40625 -0.0401484
0.65625 0.40625 -0.0681089
0.6875 0.5 -0.0773569
0.6875 0.46875 -0.0659118
0.71875 0.46875 -0.0373937
0.71875 0.5 -0.0484291
0.6875 0.5 -0.0773569
0.6875 0.46875 -0.0659118
0.6875 0.4375 -0.0533769
0.71875 0.4375 -0.0251016
0.71875 0.46875 -0.0373937
0.6875 0.46875 -0.0659118
0.71875 0.5 -0.0484291
0.71875 0.46875 -0.0373937
0.75 0.46875 -0.00878626
0.75 0.5 -0.019371
0.71875 0.5 -0.0484291
0.71875 0.46875 -0.0373937
0.71875 0.4375 -0.0251016
0.75 0.4375 0.00328047
0.75 0.46875 -0.00878626
0.71875 0.46875 -0.0373937
0.6875 0.4375 -0.0533769
0.6875 0.40625 -0.0401484
0.71875 0.40625 -0.012035
0.71875 0.4375 -0.0251016
0.6875 0.4375 -0.0533769
0.6875 0.40625 -0.0401484
0.6875 0.375 -0.0265379
0.71875 0.375 0.00137463
0.71875 0.40625 -0.012035
0.6875 0.40625 -0.0401484
0.71875 0.4375 -0.0251016
0.71875 0.40625 -0.012035
0.75 0.40625 0.0162313
0.75 0.4375 0.00328047
0.71875 0.4375 -0.0251016
0.71875 0.40625 -0.012035
0.71875 0.375 0.00137463
0.75 0.375 0.0295319
0.75 0.40625 0.0162313
0.71875 0.40625 -0.012035
0.625 0.375 -0.0815159
0.625 0.34375 -0.0663524
0.65625 0.34375 -0.0397962
0.65625 0.375 -0.0542258
0.625 0.375 -0.0815159
0.625 0.34375 -0.0663524
0.625 0.3125 -0.0499179
0.65625 0.3125 -0.024621
0.65625 0.34375 -0.0397962
0.625 0.34375 -0.0663524
0.65625 0.375 -0.0542258
0.65625 0.34375 -0.0397962
0.6875 0.34375 -0.0124801
0.6875 0.375 -0.0265379
0.65625 0.375 -0.0542258
0.65625 0.34375 -0.0397962
0.65625 0.3125 -0.024621
0.6875 0.3125 0.002077
0.6875 0.34375 -0.0124801
0.65625 0.34375 -0.0397962
0.625 0.3125 -0.0499179
0.625 0.28125 -0.0315838
0.65625 0.28125 -0.00825883
0.65625 0.3125 -0.024621
0.625 0.3125 -0.0499179
0.625 0.28125 -0.0315838
0.625 0.25 -0.0106614
0.65625 0.25 0.0107934
0.65625 0.28125 -0.00825883
0.625 0.28125 -0.0315838
0.65625 0.3125 -0.024621
0.65625 0.28125 -0.00825883
0.6875 0.28125 0.0177624
0.6875 0.3125 0.002077
0.65625 0.3125 -0.024621
0.65625 0.28125 -0.00825883
0.65625 0.25 0.0107934
0.6875 0.25 0.0353291
0.6875 0.28125 0.0177624
0.65625 0.28125 -0.00825883
0.6875 0.375 -0.0265379
0.6875 0.34375 -0.0124801
0.71875 0.34375 0.0152514
0.71875 0.375 0.00137463
0.6875 0.375 -0.0265379
0.6875 0.34375 -0.0124801
0.6875 0.3125 0.002077
0.71875 0.3125 0.0296194
0.71875 0.34375 0.0152514
0.6875 0.34375 -0.0124801
0.71875 0.375 0.00137463
0.71875 0.34375 0.0152514
0.75 0.34375 0.0432088
0.75 0.375 0.0295319
0.71875 0.375 0.00137463
0.71875 0.34375 0.0152514
0.71875 0.3125 0.0296194
0.75 0.3125 0.057322
0.75 0.34375 0.0432088
0.71875 0.34375 0.0152514
0.6875 0.3125 0.002077
0.6875 0.28125 0.0177624
0.71875 0.28125 0.0447401
0.71875 0.3125 0.0296194
0.6875 0.3125 0.002077
0.6875 0.28125 0.0177624
0.6875 0.25 0.0353291
0.71875 0.25 0.0611526
0.71875 0.28125 0.0447401
0.6875 0.28125 0.0177624
0.71875 0.3125 0.0296194
0.71875 0.28125 0.0447401
0.75 0.28125 0.0720359
0.75 0.3125 0.057322
0.71875 0.3125 0.0296194
0.71875 0.28125 0.0447401
0.71875 0.25 0.0611526
0.75 0.25 0.0876941
0.75 0.28125 0.0720359
0.71875 0.28125 0.0447401
0.5 0.25 -0.0199128
0.5 0.21875 0.00955566
0.53125 0.21875 0.00103582
0.53125 0.25 -0.0290335
0.5 0.25 -0.0199128
0.5 0.21875 0.00955566
0.5 0.1875 0.0394327
0.53125 0.1875 0.031732
0.53125 0.21875 0.00103582
0.5 0.21875 0.00955566
0.53125 0.25 -0.0290335
0.53125 0.21875 0.00103582
0.5625 0.21875 -0.00298206
0.5625 0.25 -0.03389
0.53125 0.25 -0.0290335
0.53125 0.21875 0.00103582
0.53125 0.1875 0.031732
0.5625 0.1875 0.0282609
0.5625 0.21875 -0.00298206
0.53125 0.21875 0.00103582
0.5 0.1875 0.0394327
0.5 0.15625 0.0695114
0.53125 0.15625 0.0625288
0.53125 0.1875 0.031732
0.5 0.1875 0.0394327
0.5 0.15625 0.0695114
0.5 0.125 0.0997518
0.53125 0.125 0.0934573
0.53125 0.15625 0.0625288
0.5 0.15625 0.0695114
0.53125 0.1875 0.031732
0.53125 0.15625 0.0625288
0.5625 0.15625 0.059509
0.5625 0.1875 0.0282609
0.53125 0.1875 0.031732
0.53125 0.15625 0.0625288
0.53125 0.125 0.0934573
0.5625 0.125 0.0907558
0.5625 0.15625 0.059509
0.53125 0.15625 0.0625288
0.5625 0.25 -0.03389
0.5625 0.21875 -0.00298206
0.59375 0.21875 0.000757739
0.59375 0.25 -0.0264602
0.5625 0.25 -0.03389
0.5625 0.21875 -0.00298206
0.5625 0.1875 0.0282609
0.59375 0.1875 0.0312785
0.59375 0.21875 0.000757739
0.5625 0.21875 -0.00298206
0.59375 0.25 -0.0264602
0.59375 0.21875 0.000757739
0.625 0.21875 0.0143233
0.625 0.25 -0.0106614
0.59375 0.25 -0.0264602
0.59375 0.21875 0.000757739
0.59375 0.1875 0.0312785
0.625 0.1875 0.0420259
0.625 0.21875 0.0143233
0.59375 0.21875 0.000757739
0.5625 0.1875 0.0282609
0.5625 0.15625 0.059509
0.59375 0.15625 0.0619904
0.59375 0.1875 0.0312785
0.5625 0.1875 0.0282609
0.5625 0.15625 0.059509
0.5625 0.125 0.0907558
0.59375 0.125 0.0929019
0.59375 0.15625 0.0619904
0.5625 0.15625 0.059509
0.59375 0.1875 0.0312785
0.59375 0.15625 0.0619904
0.625 0.15625 0.0708484
0.625 0.1875 0.0420259
0.59375 0.1875 0.0312785
0.59375 0.15625 0.0619904
0.59375 0.125 0.0929019
0.625 0.125 0.100308
0.625 0.15625 0.0708484
0.59375 0.15625 0.0619904
0.5 0.125 0.0997518
0.5 0.0625 0.160761
0.5625 0.0625 0.153253
0.5625 0.125 0.0907558
0.5 0.125 0.0997518
0.5 0.0625 0.160761
0.5 0 0.222302
0.5625 0 0.215758
0.5625 0.0625 0.153253
0.5 0.0625 0.160761
0.5625 0.125 0.0907558
0.5625 0.0625 0.153253
0.625 0.0625 0.160543
0.625 0.125 0.100308
0.5625 0.125 0.0907558
0.5625 0.0625 0.153253
0.5625 0 0.215758
0.625 0 0.221801
0.625 0.0625 0.160543
0.5625 0.0625 0.153253
0.625 0.25 -0.0106614
0.625 0.21875 0.0143233
0.65625 0.21875 0.0330915
0.65625 0.25 0.0107934
0.625 0.25 -0.0106614
0.625 0.21875 0.0143233
0.625 0.1875 0.0420259
0.65625 0.1875 0.0580613
0.65625 0.21875 0.0330915
0.625 0.21875 0.0143233
0.65625 0.25 0.0107934
0.65625 0.21875 0.0330915
0.6875 0.21875 0.055203
0.6875 0.25 0.0353291
0.65625 0.25 0.0107934
0.65625 0.21875 0.0330915
0.65625 0.1875 0.0580613
0.6875 0.1875 0.0776355
0.6875 0.21875 0.055203
0.65625 0.21875 0.0330915
0.625 0.1875 0.0420259
0.625 0.15625 0.0708484
0.65625 0.15625 0.0845497
0.65625 0.1875 0.0580613
0.625 0.1875 0.0420259
0.625 0.15625 0.0708484
0.625 0.125 0.100308
0.65625 0.125 0.112219
0.65625 0.15625 0.0845497
0.625 0.15625 0.0708484
0.65625 0.1875 0.0580613
0.65625 0.15625 0.0845497
0.6875 0.15625 0.1019
0.6875 0.1875 0.0776355
0.65625 0.1875 0.0580613
0.65625 0.15625 0.0845497
0.65625 0.125 0.112219
0.6875 0.125 0.127623
0.6875 0.15625 0.1019
0.65625 0.15625 0.0845497
0.6875 0.25 0.0353291
0.6875 0.21875 0.055203
0.71875 0.21875 0.0793231
0.71875 0.25 0.0611526
0.6875 0.25 0.0353291
0.6875 0.21875 0.055203
0.6875 0.1875 0.0776355
0.71875 0.1875 0.0996271
0.71875 0.21875 0.0793231
0.6875 0.21875 0.055203
0.71875 0.25 0.0611526
0.71875 0.21875 0.0793231
0.75 0.21875 0.104733
0.75 0.25 0.0876941
0.71875 0.25 0.0611526
0.71875 0.21875 0.0793231
0.71875 0.1875 0.0996271
0.75 0.1875 0.123419
0.75 0.21875 0.104733
0.71875 0.21875 0.0793231
0.6875 0.1875 0.0776355
0.6875 0.15625 0.1019
0.71875 0.15625 0.121776
0.71875 0.1875 0.0996271
0.6875 0.1875 0.0776355
0.6875 0.15625 0.1019
0.6875 0.125 0.127623
0.71875 0.125 0.145708
0.71875 0.15625 0.121776
0.6875 0.15625 0.1019
0.71875 0.1875 0.0996271
0.71875 0.15625 0.121776
0.75 0.15625 0.143841
0.75 0.1875 0.123419
0.71875 0.1875 0.0996271
0.71875 0.15625 0.121776
0.71875 0.125 0.145708
0.75 0.125 0.166062
0.75 0.15625 0.143841
0.71875 0.15625 0.121776
0.625 0.125 0.100308
0.625 0.0625 0.160543
0.6875 0.0625 0.182292
0.6875 0.125 0.127623
0.625 0.125 0.100308
0.625 0.0625 0.160543
0.625 0 0.221801
0.6875 0 0.240316
0.6875 0.0625 0.182292
0.625 0.0625 0.160543
0.6875 0.125 0.127623
0.6875 0.0625 0.182292
0.75 0.0625 0.214387
0.75 0.125 0.166062
0.6875 0.125 0.127623
0.6875 0.0625 0.182292
0.6875 0 0.240316
0.75 0 0.26816
0.75 0.0625 0.214387
0.6875 0.0625 0.182292
0.75 0.5 -0.019371
0.75 0.46875 -0.00878626
0.78125 0.46875 0.0202625
0.78125 0.5 0.0100893
0.75 0.5 -0.019371
0.75 0.46875 -0.00878626
0.75 0.4375 0.00328047
0.78125 0.4375 0.031969
0.78125 0.46875 0.0202625
0.75 0.46875 -0.00878626
0.78125 0.5 0.0100893
0.78125 0.46875 0.0202625
0.8125 0.46875 0.0496463
0.8125 0.5 0.0401361
0.78125 0.5 0.0100893
0.78125 0.46875 0.0202625
0.78125 0.4375 0.031969
0.8125 0.4375 0.0608339
0.8125 0.46875 0.0496463
0.78125 0.46875 0.0202625
0.75 0.4375 0.00328047
0.75 0.40625 0.0162313
0.78125 0.40625 0.044635
0.78125 0.4375 0.031969
0.75 0.4375 0.00328047
0.75 0.40625 0.0162313
0.75 0.375 0.0295319
0.78125 0.375 0.0577655
0.78125 0.40625 0.044635
0.75 0.40625 0.0162313
0.78125 0.4375 0.031969
0.78125 0.40625 0.044635
0.8125 0.40625 0.0731591
0.8125 0.4375 0.0608339
0.78125 0.4375 0.031969
0.78125 0.40625 0.044635
0.78125 0.375 0.0577655
0.8125 0.375 0.0860839
0.8125 0.40625 0.0731591
0.78125 0.40625 0.044635
0.8125 0.5 0.0401361
0.8125 0.46875 0.0496463
0.84375 0.46875 0.079235
0.84375 0.5 0.0703705
0.8125 0.5 0.0401361
0.8125 0.46875 0.0496463
0.8125 0.4375 0.0608339
0.84375 0.4375 0.0898779
0.84375 0.46875 0.079235
0.8125 0.46875 0.0496463
0.84375 0.5 0.0703705
0.84375 0.46875 0.079235
0.875 0.46875 0.108998
0.875 0.5 0.100746
0.84375 0.5 0.0703705
0.84375 0.46875 0.079235
0.84375 0.4375 0.0898779
0.875 0.4375 0.119099
0.875 0.46875 0.108998
0.84375 0.46875 0.079235
0.8125 0.4375 0.0608339
0.8125 0.40625 0.0731591
0.84375 0.40625 0.101813
0.84375 0.4375 0.0898779
0.8125 0.4375 0.0608339
0.8125 0.40625 0.0731591
0.8125 0.375 0.0860839
0.84375 0.375 0.114495
0.84375 0.40625 0.101813
0.8125 0.40625 0.0731591
0.84375 0.4375 0.0898779
0.84375 0.40625 0.101813
0.875 0.40625 0.130607
0.875 0.4375 0.119099
0.84375 0.4375 0.0898779
0.84375 0.40625 0.101813
0.84375 0.375 0.114495
0.875 0.375 0.143007
0.875 0.40625 0.130607
0.84375 0.40625 0.101813
0.75 0.375 0.0295319
0.75 0.34375 0.0432088
0.78125 0.34375 0.0712632
0.78125 0.375 0.0577655
0.75 0.375 0.0295319
0.75 0.34375 0.0432088
0.75 0.3125 0.057322
0.78125 0.3125 0.085159
0.78125 0.34375 0.0712632
0.75 0.34375 0.0432088
0.78125 0.375 0.0577655
0.78125 0.34375 0.0712632
0.8125 0.34375 0.0994002
0.8125 0.375 0.0860839
0.78125 0.375 0.0577655
0.78125 0.34375 0.0712632
0.78125 0.3125 0.085159
0.8125 0.3125 0.113101
0.8125 0.34375 0.0994002
0.78125 0.34375 0.0712632
0.75 0.3125 0.057322
0.75 0.28125 0.0720359
0.78125 0.28125 0.0995498
0.78125 0.3125 0.085159
0.75 0.3125 0.057322
0.75 0.28125 0.0720359
0.75 0.25 0.0876941
0.78125 0.25 0.114665
0.78125 0.28125 0.0995498
0.75 0.28125 0.0720359
0.78125 0.3125 0.085159
0.78125 0.28125 0.0995498
0.8125 0.28125 0.127244
0.8125 0.3125 0.113101
0.78125 0.3125 0.085159
0.78125 0.28125 0.0995498
0.78125 0.25 0.114665
0.8125 0.25 0.141958
0.8125 0.28125 0.127244
0.78125 0.28125 0.0995498
0.8125 0.375 0.0860839
0.8125 0.34375 0.0994002
0.84375 0.34375 0.127623
0.84375 0.375 0.114495
0.8125 0.375 0.0860839
0.8125 0.34375 0.0994002
0.8125 0.3125 0.113101
0.84375 0.3125 0.141137
0.84375 0.34375 0.127623
0.8125 0.34375 0.0994002
0.84375 0.375 0.114495
0.84375 0.34375 0.127623
0.875 0.34375 0.155934
0.875 0.375 0.143007
0.84375 0.375 0.114495
0.84375 0.34375 0.127623
0.84375 0.3125 0.141137
0.875 0.3125 0.16926
0.875 0.34375 0.155934
0.84375 0.34375 0.127623
0.8125 0.3125 0.113101
0.8125 0.25 0.141958
0.875 0.25 0.197201
0.875 0.3125 0.16926
0.8125 0.3125 0.113101
0.875 0.5 0.100746
0.875 0.4375 0.119099
0.9375 0.4375 0.178143
0.9375 0.5 0.161991
0.875 0.5 0.100746
0.875 0.4375 0.119099
0.875 0.375 0.143007
0.9375 0.375 0.200479
0.9375 0.4375 0.178143
0.875 0.4375 0.119099
0.9375 0.5 0.161991
0.9375 0.4375 0.178143
1 0.4375 0.238116
1 0.5 0.223691
0.9375 0.5 0.161991
0.9375 0.4375 0.178143
0.9375 0.375 0.200479
1 0.375 0.258806
1 0.4375 0.238116
0.9375 0.4375 0.178143
0.875 0.375 0.143007
0.875 0.3125 0.16926
0.9375 0.3125 0.225801
0.9375 0.375 0.200479
0.875 0.375 0.143007
0.875 0.3125 0.16926
0.875 0.25 0.197201
0.9375 0.25 0.252879
0.9375 0.3125 0.225801
0.875 0.3125 0.16926
0.9375 0.375 0.200479
0.9375 0.3125 0.225801
1 0.3125 0.283001
1 0.375 0.258806
0.9375 0.375 0.200479
0.9375 0.3125 0.225801
0.9375 0.25 0.252879
1 0.25 0.309169
1 0.3125 0.283001
0.9375 0.3125 0.225801
0.75 0.25 0.0876941
0.75 0.21875 0.104733
0.78125 0.21875 0.131253
0.78125 0.25 0.114665
0.75 0.25 0.0876941
0.75 0.21875 0.104733
0.75 0.1875 0.123419
0.78125 0.1875 0.148787
0.78125 0.21875 0.131253
0.75 0.21875 0.104733
0.78125 0.25 0.114665
0.78125 0.21875 0.131253
0.8125 0.21875 0.157668
0.8125 0.25 0.141958
0.78125 0.25 0.114665
0.78125 0.21875 0.131253
0.78125 0.1875 0.148787
0.8125 0.1875 0.174374
0.8125 0.21875 0.157668
0.78125 0.21875 0.131253
0.75 0.1875 0.123419
0.75 0.125 0.166062
0.8125 0.125 0.211925
0.8125 0.1875 0.174374
0.75 0.1875 0.123419
0.8125 0.25 0.141958
0.8125 0.1875 0.174374
0.875 0.1875 0.227702
0.875 0.25 0.197201
0.8125 0.25 0.141958
0.8125 0.1875 0.174374
0.8125 0.125 0.211925
0.875 0.125 0.261832
0.875 0.1875 0.227702
0.8125 0.1875 0.174374
0.75 0.125 0.166062
0.75 0.0625 0.214387
0.8125 0.0625 0.254717
0.8125 0.125 0.211925
0.75 0.125 0.166062
0.75 0.0625 0.214387
0.75 0 0.26816
0.8125 0 0.303999
0.8125 0.0625 0.254717
0.75 0.0625 0.214387
0.8125 0.125 0.211925
0.8125 0.0625 0.254717
0.875 0.0625 0.300232
0.875 0.125 0.261832
0.8125 0.125 0.211925
0.8125 0.0625 0.254717
0.8125 0 0.303999
0.875 0 0.344999
0.875 0.0625 0.300232
0.8125 0.0625 0.254717
0.875 0.25 0.197201
0.875 0.125 0.261832
1 0.125 0.368851
1 0.25 0.309169
0.875 0.25 0.197201
0.875 0.125 0.261832
0.875 0 0.344999
1 0 0.444487
1 0.125 0.368851
0.875 0.125 0.261832
