0 1 0.383891
0 0.875 0.299561
0.125 0.875 0.198873
0.125 1 0.296112
0 1 0.383891
0 0.875 0.299561
0 0.8125 0.269884
0.0625 0.8125 0.212492
0.0625 0.875 0.246317
0 0.875 0.299561
0 0.8125 0.269884
0 0.75 0.249993
0.0625 0.75 0.18972
0.0625 0.8125 0.212492
0 0.8125 0.269884
0.0625 0.875 0.246317
0.0625 0.8125 0.212492
0.125 0.8125 0.157462
0.125 0.875 0.198873
0.0625 0.875 0.246317
0.0625 0.8125 0.212492
0.0625 0.75 0.18972
0.125 0.75 0.130041
0.125 0.8125 0.157462
0.0625 0.8125 0.212492
0.125 1 0.296112
0.125 0.9375 0.245883
0.1875 0.9375 0.213262
0.1875 1 0.270259
0.125 1 0.296112
0.125 0.9375 0.245883
0.125 0.875 0.198873
0.1875 0.875 0.157974
0.1875 0.9375 0.213262
0.125 0.9375 0.245883
0.1875 1 0.270259
0.1875 0.9375 0.213262
0.25 0.9375 0.194228
0.25 1 0.255891
0.1875 1 0.270259
0.1875 0.9375 0.213262
0.1875 0.875 0.157974
0.25 0.875 0.132576
0.25 0.9375 0.194228
0.1875 0.9375 0.213262
0.125 0.875 0.198873
0.125 0.8125 0.157462
0.1875 0.8125 0.110389
0.1875 0.875 0.157974
0.125 0.875 0.198873
0.125 0.8125 0.157462
0.125 0.78125 0.14223
0.15625 0.78125 0.11576
0.15625 0.8125 0.13366
0.125 0.8125 0.157462
0.125 0.78125 0.14223
0.125 0.75 0.130041
0.15625 0.75 0.100975
0.15625 0.78125 0.11576
0.125 0.78125 0.14223
0.15625 0.8125 0.13366
0.15625 0.78125 0.11576
0.1875 0.78125 0.0894528
0.1875 0.8125 0.110389
0.15625 0.8125 0.13366
0.15625 0.78125 0.11576
0.15625 0.75 0.100975
0.1875 0.75 0.0717232
0.1875 0.78125 0.0894528
0.15625 0.78125 0.11576
0.1875 0.875 0.157974
0.1875 0.84375 0.133402
0.21875 0.84375 0.115676
0.21875 0.875 0.143373
0.1875 0.875 0.157974
0.1875 0.84375 0.133402
0.1875 0.8125 0.110389
0.21875 0.8125 0.0890727
0.21875 0.84375 0.115676
0.1875 0.84375 0.133402
0.21875 0.875 0.143373
0.21875 0.84375 0.115676
0.25 0.84375 0.102327
0.25 0.875 0.132576
0.21875 0.875 0.143373
0.21875 0.84375 0.115676
0.21875 0.8125 0.0890727
0.25 0.8125 0.0722277
0.25 0.84375 0.102327
0.21875 0.84375 0.115676
0.1875 0.8125 0.110389
0.1875 0.78125 0.0894528
0.21875 0.78125 0.0641749
0.21875 0.8125 0.0890727
0.1875 0.8125 0.110389
0.1875 0.78125 0.0894528
0.1875 0.75 0.0717232
0.21875 0.75 0.0424633
0.21875 0.78125 0.0641749
0.1875 0.78125 0.0894528
0.21875 0.8125 0.0890727
0.21875 0.78125 0.0641749
0.25 0.78125 0.0424994
0.25 0.8125 0.0722277
0.21875 0.8125 0.0890727
0.21875 0.78125 0.0641749
0.21875 0.75 0.0424633
0.25 0.75 0.01328
0.25 0.78125 0.0424994
0.21875 0.78125 0.0641749
0 0.75 0.249993
0 0.6875 0.247024
0.0625 0.6875 0.184528
0.0625 0.75 0.18972
0 0.75 0.249993
0 0.6875 0.247024
0 0.625 0.247986
0.0625 0.625 0.185493
0.0625 0.6875 0.184528
0 0.6875 0.247024
0.0625 0.75 0.18972
0.0625 0.6875 0.184528
0.125 0.6875 0.12203
0.125 0.75 0.130041
0.0625 0.75 0.18972
0.0625 0.6875 0.184528
0.0625 0.625 0.185493
0.125 0.625 0.123001
0.125 0.6875 0.12203
0.0625 0.6875 0.184528
0 0.625 0.247986
0 0.5625 0.248962
0.0625 0.5625 0.18647
0.0625 0.625 0.185493
0 0.625 0.247986
0 0.5625 0.248962
0 0.5 0.249939
0.0625 0.5 0.187446
0.0625 0.5625 0.18647
0 0.5625 0.248962
0.0625 0.625 0.185493
0.0625 0.5625 0.18647
0.125 0.5625 0.123978
0.125 0.625 0.123001
0.0625 0.625 0.185493
0.0625 0.5625 0.18647
0.0625 0.5 0.187446
0.125 0.5 0.124954
0.125 0.5625 0.123978
0.0625 0.5625 0.18647
0.125 0.75 0.130041
0.125 0.71875 0.121815
0.15625 0.71875 0.0906192
0.15625 0.75 0.100975
0.125 0.75 0.130041
0.125 0.71875 0.121815
0.125 0.6875 0.12203
0.15625 0.6875 0.0907837
0.15625 0.71875 0.0906192
0.125 0.71875 0.121815
0.15625 0.75 0.100975
0.15625 0.71875 0.0906192
0.1875 0.71875 0.0593998
0.1875 0.75 0.0717232
0.15625 0.75 0.100975
0.15625 0.71875 0.0906192
0.15625 0.6875 0.0907837
0.1875 0.6875 0.0595361
0.1875 0.71875 0.0593998
0.15625 0.71875 0.0906192
0.125 0.6875 0.12203
0.125 0.65625 0.122513
0.15625 0.65625 0.0912666
0.15625 0.6875 0.0907837
0.125 0.6875 0.12203
0.125 0.65625 0.122513
0.125 0.625 0.123001
0.15625 0.625 0.0917548
0.15625 0.65625 0.0912666
0.125 0.65625 0.122513
0.15625 0.6875 0.0907837
0.15625 0.65625 0.0912666
0.1875 0.65625 0.0600204
0.1875 0.6875 0.0595361
0.15625 0.6875 0.0907837
0.15625 0.65625 0.0912666
0.15625 0.625 0.0917548
0.1875 0.625 0.0605086
0.1875 0.65625 0.0600204
0.15625 0.65625 0.0912666
0.1875 0.75 0.0717232
0.1875 0.71875 0.0593998
0.21875 0.71875 0.0281633
0.21875 0.75 0.0424633
0.1875 0.75 0.0717232
0.1875 0.71875 0.0593998
0.1875 0.6875 0.0595361
0.21875 0.6875 0.0282879
0.21875 0.71875 0.0281633
0.1875 0.71875 0.0593998
0.21875 0.75 0.0424633
0.21875 0.71875 0.0281633
0.25 0.71875 -0.00307605
0.25 0.75 0.01328
0.21875 0.75 0.0424633
0.21875 0.71875 0.0281633
0.21875 0.6875 0.0282879
0.25 0.6875 -0.0029603
0.25 0.71875 -0.00307605
0.21875 0.71875 0.0281633
0.1875 0.6875 0.0595361
0.1875 0.65625 0.0600204
0.21875 0.65625 0.0287742
0.21875 0.6875 0.0282879
0.1875 0.6875 0.0595361
0.1875 0.65625 0.0600204
0.1875 0.625 0.0605086
0.21875 0.625 0.0292624
0.21875 0.65625 0.0287742
0.1875 0.65625 0.0600204
0.21875 0.6875 0.0282879
0.21875 0.65625 0.0287742
0.25 0.65625 -0.00247202
0.25 0.6875 -0.0029603
0.21875 0.6875 0.0282879
0.21875 0.65625 0.0287742
0.21875 0.625 0.0292624
0.25 0.625 -0.00198374
0.25 0.65625 -0.00247202
0.21875 0.65625 0.0287742
0.125 0.625 0.123001
0.125 0.59375 0.123489
0.15625 0.59375 0.0922431
0.15625 0.625 0.0917548
0.125 0.625 0.123001
0.125 0.59375 0.123489
0.125 0.5625 0.123978
0.15625 0.5625 0.0927314
0.15625 0.59375 0.0922431
0.125 0.59375 0.123489
0.15625 0.625 0.0917548
0.15625 0.59375 0.0922431
0.1875 0.59375 0.0609969
0.1875 0.625 0.0605086
0.15625 0.625 0.0917548
0.15625 0.59375 0.0922431
0.15625 0.5625 0.0927314
0.1875 0.5625 0.0614852
0.1875 0.59375 0.0609969
0.15625 0.59375 0.0922431
0.125 0.5625 0.123978
0.125 0.53125 0.124466
0.15625 0.53125 0.0932197
0.15625 0.5625 0.0927314
0.125 0.5625 0.123978
0.125 0.53125 0.124466
0.125 0.5 0.124954
0.15625 0.5 0.0937079
0.15625 0.53125 0.0932197
0.125 0.53125 0.124466
0.15625 0.5625 0.0927314
0.15625 0.53125 0.0932197
0.1875 0.53125 0.0619735
0.1875 0.5625 0.0614852
0.15625 0.5625 0.0927314
0.15625 0.53125 0.0932197
0.15625 0.5 0.0937079
0.1875 0.5 0.0624618
0.1875 0.53125 0.0619735
0.15625 0.53125 0.0932197
0.1875 0.625 0.0605086
0.1875 0.59375 0.0609969
0.21875 0.59375 0.0297507
0.21875 0.625 0.0292624
0.1875 0.625 0.0605086
0.1875 0.59375 0.0609969
0.1875 0.5625 0.0614852
0.21875 0.5625 0.030239
0.21875 0.59375 0.0297507
0.1875 0.59375 0.0609969
0.21875 0.625 0.0292624
0.21875 0.59375 0.0297507
0.25 0.59375 -0.00149546
0.25 0.625 -0.00198374
0.21875 0.625 0.0292624
0.21875 0.59375 0.0297507
0.21875 0.5625 0.030239
0.25 0.5625 -0.00100718
0.25 0.59375 -0.00149546
0.21875 0.59375 0.0297507
0.1875 0.5625 0.0614852
0.1875 0.53125 0.0619735
0.21875 0.53125 0.0307273
0.21875 0.5625 0.030239
0.1875 0.5625 0.0614852
0.1875 0.53125 0.0619735
0.1875 0.5 0.0624618
0.21875 0.5 0.0312156
0.21875 0.53125 0.0307273
0.1875 0.53125 0.0619735
0.21875 0.5625 0.030239
0.21875 0.53125 0.0307273
0.25 0.53125 -0.000518899
0.25 0.5625 -0.00100718
0.21875 0.5625 0.030239
0.21875 0.53125 0.0307273
0.21875 0.5 0.0312156
0.25 0.5 -3.06176e-005
0.25 0.53125 -0.000518899
0.21875 0.53125 0.0307273
0.25 1 0.255891
0.25 0.9375 0.194228
0.3125 0.9375 0.190376
0.3125 1 0.252869
0.25 1 0.255891
0.25 0.9375 0.194228
0.25 0.875 0.132576
0.3125 0.875 0.127884
0.3125 0.9375 0.190376
0.25 0.9375 0.194228
0.3125 1 0.252869
0.3125 0.9375 0.190376
0.375 0.9375 0.1894
0.375 1 0.251892
0.3125 1 0.252869
0.3125 0.9375 0.190376
0.3125 0.875 0.127884
0.375 0.875 0.126907
0.375 0.9375 0.1894
0.3125 0.9375 0.190376
0.25 0.875 0.132576
0.25 0.84375 0.102327
0.28125 0.84375 0.0971378
0.28125 0.875 0.128381
0.25 0.875 0.132576
0.25 0.84375 0.102327
0.25 0.8125 0.0722277
0.28125 0.8125 0.0658943
0.28125 0.84375 0.0971378
0.25 0.84375 0.102327
0.28125 0.875 0.128381
0.28125 0.84375 0.0971378
0.3125 0.84375 0.0966379
0.3125 0.875 0.127884
0.28125 0.875 0.128381
0.28125 0.84375 0.0971378
0.28125 0.8125 0.0658943
0.3125 0.8125 0.0653918
0.3125 0.84375 0.0966379
0.28125 0.84375 0.0971378
0.25 0.8125 0.0722277
0.25 0.78125 0.0424994
0.28125 0.78125 0.0346504
0.28125 0.8125 0.0658943
0.25 0.8125 0.0722277
0.25 0.78125 0.0424994
0.25 0.75 0.01328
0.28125 0.75 0.00340557
0.28125 0.78125 0.0346504
0.25 0.78125 0.0424994
0.28125 0.8125 0.0658943
0.28125 0.78125 0.0346504
0.3125 0.78125 0.0341456
0.3125 0.8125 0.0653918
0.28125 0.8125 0.0658943
0.28125 0.78125 0.0346504
0.28125 0.75 0.00340557
0.3125 0.75 0.00289944
0.3125 0.78125 0.0341456
0.28125 0.78125 0.0346504
0.3125 0.875 0.127884
0.3125 0.84375 0.0966379
0.34375 0.84375 0.0961495
0.34375 0.875 0.127396
0.3125 0.875 0.127884
0.3125 0.84375 0.0966379
0.3125 0.8125 0.0653918
0.34375 0.8125 0.0649034
0.34375 0.84375 0.0961495
0.3125 0.84375 0.0966379
0.34375 0.875 0.127396
0.34375 0.84375 0.0961495
0.375 0.84375 0.0956613
0.375 0.875 0.126907
0.34375 0.875 0.127396
0.34375 0.84375 0.0961495
0.34375 0.8125 0.0649034
0.375 0.8125 0.0644151
0.375 0.84375 0.0956613
0.34375 0.84375 0.0961495
0.3125 0.8125 0.0653918
0.3125 0.78125 0.0341456
0.34375 0.78125 0.0336572
0.34375 0.8125 0.0649034
0.3125 0.8125 0.0653918
0.3125 0.78125 0.0341456
0.3125 0.75 0.00289944
0.34375 0.75 0.00241099
0.34375 0.78125 0.0336572
0.3125 0.78125 0.0341456
0.34375 0.8125 0.0649034
0.34375 0.78125 0.0336572
0.375 0.78125 0.0331689
0.375 0.8125 0.0644151
0.34375 0.8125 0.0649034
0.34375 0.78125 0.0336572
0.34375 0.75 0.00241099
0.375 0.75 0.00192271
0.375 0.78125 0.0331689
0.34375 0.78125 0.0336572
0.375 1 0.251892
0.375 0.9375 0.1894
0.4375 0.9375 0.188423
0.4375 1 0.250916
0.375 1 0.251892
0.375 0.9375 0.1894
0.375 0.875 0.126907
0.4375 0.875 0.125931
0.4375 0.9375 0.188423
0.375 0.9375 0.1894
0.4375 1 0.250916
0.4375 0.9375 0.188423
0.5 0.9375 0.187447
0.5 1 0.249939
0.4375 1 0.250916
0.4375 0.9375 0.188423
0.4375 0.875 0.125931
0.5 0.875 0.124954
0.5 0.9375 0.187447
0.4375 0.9375 0.188423
0.375 0.875 0.126907
0.375 0.84375 0.0956613
0.40625 0.84375 0.095173
0.40625 0.875 0.126419
0.375 0.875 0.126907
0.375 0.84375 0.0956613
0.375 0.8125 0.0644151
0.40625 0.8125 0.0639268
0.40625 0.84375 0.095173
0.375 0.84375 0.0956613
0.40625 0.875 0.126419
0.40625 0.84375 0.095173
0.4375 0.84375 0.0946847
0.4375 0.875 0.125931
0.40625 0.875 0.126419
0.40625 0.84375 0.095173
0.40625 0.8125 0.0639268
0.4375 0.8125 0.0634385
0.4375 0.84375 0.0946847
0.40625 0.84375 0.095173
0.375 0.8125 0.0644151
0.375 0.78125 0.0331689
0.40625 0.78125 0.0326806
0.40625 0.8125 0.0639268
0.375 0.8125 0.0644151
0.375 0.78125 0.0331689
0.375 0.75 0.00192271
0.40625 0.75 0.00143443
0.40625 0.78125 0.0326806
0.375 0.78125 0.0331689
0.40625 0.8125 0.0639268
0.40625 0.78125 0.0326806
0.4375 0.78125 0.0321923
0.4375 0.8125 0.0634385
0.40625 0.8125 0.0639268
0.40625 0.78125 0.0326806
0.40625 0.75 0.00143443
0.4375 0.75 0.000946145
0.4375 0.78125 0.0321923
0.40625 0.78125 0.0326806
0.4375 0.875 0.125931
0.4375 0.84375 0.0946847
0.46875 0.84375 0.0941964
0.46875 0.875 0.125443
0.4375 0.875 0.125931
0.4375 0.84375 0.0946847
0.4375 0.8125 0.0634385
0.46875 0.8125 0.0629502
0.46875 0.84375 0.0941964
0.4375 0.84375 0.0946847
0.46875 0.875 0.125443
0.46875 0.84375 0.0941964
0.5 0.84375 0.0937081
0.5 0.875 0.124954
0.46875 0.875 0.125443
0.46875 0.84375 0.0941964
0.46875 0.8125 0.0629502
0.5 0.8125 0.062462
0.5 0.84375 0.0937081
0.46875 0.84375 0.0941964
0.4375 0.8125 0.0634385
0.4375 0.78125 0.0321923
0.46875 0.78125 0.031704
0.46875 0.8125 0.0629502
0.4375 0.8125 0.0634385
0.4375 0.78125 0.0321923
0.4375 0.75 0.000946145
0.46875 0.75 0.000457864
0.46875 0.78125 0.031704
0.4375 0.78125 0.0321923
0.46875 0.8125 0.0629502
0.46875 0.78125 0.031704
0.5 0.78125 0.0312158
0.5 0.8125 0.062462
0.46875 0.8125 0.0629502
0.46875 0.78125 0.031704
0.46875 0.75 0.000457864
0.5 0.75 -3.04176e-005
0.5 0.78125 0.0312158
0.46875 0.78125 0.031704
0.25 0.75 0.01328
0.25 0.71875 -0.00307605
0.28125 0.71875 -0.0247165
0.28125 0.75 0.00340557
0.25 0.75 0.01328
0.25 0.71875 -0.00307605
0.25 0.6875 -0.0029603
0.28125 0.6875 -0.0339924
0.28125 0.71875 -0.0247165
0.25 0.71875 -0.00307605
0.28125 0.75 0.00340557
0.28125 0.71875 -0.0247165
0.3125 0.71875 -0.0283059
0.3125 0.75 0.00289944
0.28125 0.75 0.00340557
0.28125 0.71875 -0.0247165
0.28125 0.6875 -0.0339924
0.3125 0.6875 -0.0559865
0.3125 0.71875 -0.0283059
0.28125 0.71875 -0.0247165
0.25 0.6875 -0.0029603
0.25 0.65625 -0.00247202
0.28125 0.65625 -0.0337182
0.28125 0.6875 -0.0339924
0.25 0.6875 -0.0029603
0.25 0.65625 -0.00247202
0.25 0.625 -0.00198374
0.28125 0.625 -0.0332299
0.28125 0.65625 -0.0337182
0.25 0.65625 -0.00247202
0.28125 0.6875 -0.0339924
0.28125 0.65625 -0.0337182
0.3125 0.65625 -0.064774
0.3125 0.6875 -0.0559865
0.28125 0.6875 -0.0339924
0.28125 0.65625 -0.0337182
0.28125 0.625 -0.0332299
0.3125 0.625 -0.0644761
0.3125 0.65625 -0.064774
0.28125 0.65625 -0.0337182
0.3125 0.75 0.00289944
0.3125 0.71875 -0.0283059
0.34375 0.71875 -0.028835
0.34375 0.75 0.00241099
0.3125 0.75 0.00289944
0.3125 0.71875 -0.0283059
0.3125 0.6875 -0.0559865
0.34375 0.6875 -0.0600278
0.34375 0.71875 -0.028835
0.3125 0.71875 -0.0283059
0.34375 0.75 0.00241099
0.34375 0.71875 -0.028835
0.375 0.71875 -0.0293235
0.375 0.75 0.00192271
0.34375 0.75 0.00241099
0.34375 0.71875 -0.028835
0.34375 0.6875 -0.0600278
0.375 0.6875 -0.0605694
0.375 0.71875 -0.0293235
0.34375 0.71875 -0.028835
0.3125 0.6875 -0.0559865
0.3125 0.65625 -0.064774
0.34375 0.65625 -0.0873236
0.34375 0.6875 -0.0600278
0.3125 0.6875 -0.0559865
0.3125 0.65625 -0.064774
0.3125 0.625 -0.0644761
0.34375 0.625 -0.0955575
0.34375 0.65625 -0.0873236
0.3125 0.65625 -0.064774
0.34375 0.6875 -0.0600278
0.34375 0.65625 -0.0873236
0.375 0.65625 -0.091752
0.375 0.6875 -0.0605694
0.34375 0.6875 -0.0600278
0.34375 0.65625 -0.0873236
0.34375 0.625 -0.0955575
0.375 0.625 -0.118648
0.375 0.65625 -0.091752
0.34375 0.65625 -0.0873236
0.25 0.625 -0.00198374
0.25 0.59375 -0.00149546
0.28125 0.59375 -0.0327416
0.28125 0.625 -0.0332299
0.25 0.625 -0.00198374
0.25 0.59375 -0.00149546
0.25 0.5625 -0.00100718
0.28125 0.5625 -0.0322534
0.28125 0.59375 -0.0327416
0.25 0.59375 -0.00149546
0.28125 0.625 -0.0332299
0.28125 0.59375 -0.0327416
0.3125 0.59375 -0.0639878
0.3125 0.625 -0.0644761
0.28125 0.625 -0.0332299
0.28125 0.59375 -0.0327416
0.28125 0.5625 -0.0322534
0.3125 0.5625 -0.0634996
0.3125 0.59375 -0.0639878
0.28125 0.59375 -0.0327416
0.25 0.5625 -0.00100718
0.25 0.53125 -0.000518899
0.28125 0.53125 -0.0317651
0.28125 0.5625 -0.0322534
0.25 0.5625 -0.00100718
0.25 0.53125 -0.000518899
0.25 0.5 -3.06176e-005
0.28125 0.5 -0.0312768
0.28125 0.53125 -0.0317651
0.25 0.53125 -0.000518899
0.28125 0.5625 -0.0322534
0.28125 0.53125 -0.0317651
0.3125 0.53125 -0.0630113
0.3125 0.5625 -0.0634996
0.28125 0.5625 -0.0322534
0.28125 0.53125 -0.0317651
0.28125 0.5 -0.0312768
0.3125 0.5 -0.062523
0.3125 0.53125 -0.0630113
0.28125 0.53125 -0.0317651
0.3125 0.625 -0.0644761
0.3125 0.59375 -0.0639878
0.34375 0.59375 -0.095234
0.34375 0.625 -0.0955575
0.3125 0.625 -0.0644761
0.3125 0.59375 -0.0639878
0.3125 0.5625 -0.0634996
0.34375 0.5625 -0.0947457
0.34375 0.59375 -0.095234
0.3125 0.59375 -0.0639878
0.34375 0.625 -0.0955575
0.34375 0.59375 -0.095234
0.375 0.59375 -0.126337
0.375 0.625 -0.118648
0.34375 0.625 -0.0955575
0.34375 0.59375 -0.095234
0.34375 0.5625 -0.0947457
0.375 0.5625 -0.125992
0.375 0.59375 -0.126337
0.34375 0.59375 -0.095234
0.3125 0.5625 -0.0634996
0.3125 0.53125 -0.0630113
0.34375 0.53125 -0.0942575
0.34375 0.5625 -0.0947457
0.3125 0.5625 -0.0634996
0.3125 0.53125 -0.0630113
0.3125 0.5 -0.062523
0.34375 0.5 -0.0937692
0.34375 0.53125 -0.0942575
0.3125 0.53125 -0.0630113
0.34375 0.5625 -0.0947457
0.34375 0.53125 -0.0942575
0.375 0.53125 -0.125504
0.375 0.5625 -0.125992
0.34375 0.5625 -0.0947457
0.34375 0.53125 -0.0942575
0.34375 0.5 -0.0937692
0.375 0.5 -0.125015
0.375 0.53125 -0.125504
0.34375 0.53125 -0.0942575
0.375 0.75 0.00192271
0.375 0.71875 -0.0293235
0.40625 0.71875 -0.0298118
0.40625 0.75 0.00143443
0.375 0.75 0.00192271
0.375 0.71875 -0.0293235
0.375 0.6875 -0.0605694
0.40625 0.6875 -0.0610579
0.40625 0.71875 -0.0298118
0.375 0.71875 -0.0293235
0.40625 0.75 0.00143443
0.40625 0.71875 -0.0298118
0.4375 0.71875 -0.0303
0.4375 0.75 0.000946145
0.40625 0.75 0.00143443
0.40625 0.71875 -0.0298118
0.40625 0.6875 -0.0610579
0.4375 0.6875 -0.0615462
0.4375 0.71875 -0.0303
0.40625 0.71875 -0.0298118
0.375 0.6875 -0.0605694
0.375 0.65625 -0.091752
0.40625 0.65625 -0.0923038
0.40625 0.6875 -0.0610579
0.375 0.6875 -0.0605694
0.375 0.65625 -0.091752
0.375 0.625 -0.118648
0.40625 0.625 -0.123475
0.40625 0.65625 -0.0923038
0.375 0.65625 -0.091752
0.40625 0.6875 -0.0610579
0.40625 0.65625 -0.0923038
0.4375 0.65625 -0.0927924
0.4375 0.6875 -0.0615462
0.40625 0.6875 -0.0610579
0.40625 0.65625 -0.0923038
0.40625 0.625 -0.123475
0.4375 0.625 -0.124038
0.4375 0.65625 -0.0927924
0.40625 0.65625 -0.0923038
0.4375 0.75 0.000946145
0.4375 0.71875 -0.0303
0.46875 0.71875 -0.0307883
0.46875 0.75 0.000457864
0.4375 0.75 0.000946145
0.4375 0.71875 -0.0303
0.4375 0.6875 -0.0615462
0.46875 0.6875 -0.0620345
0.46875 0.71875 -0.0307883
0.4375 0.71875 -0.0303
0.46875 0.75 0.000457864
0.46875 0.71875 -0.0307883
0.5 0.71875 -0.0312766
0.5 0.75 -3.04176e-005
0.46875 0.75 0.000457864
0.46875 0.71875 -0.0307883
0.46875 0.6875 -0.0620345
0.5 0.6875 -0.0625228
0.5 0.71875 -0.0312766
0.46875 0.71875 -0.0307883
0.4375 0.6875 -0.0615462
0.4375 0.65625 -0.0927924
0.46875 0.65625 -0.0932807
0.46875 0.6875 -0.0620345
0.4375 0.6875 -0.0615462
0.4375 0.65625 -0.0927924
0.4375 0.625 -0.124038
0.46875 0.625 -0.124527
0.46875 0.65625 -0.0932807
0.4375 0.65625 -0.0927924
0.46875 0.6875 -0.0620345
0.46875 0.65625 -0.0932807
0.5 0.65625 -0.093769
0.5 0.6875 -0.0625228
0.46875 0.6875 -0.0620345
0.46875 0.65625 -0.0932807
0.46875 0.625 -0.124527
0.5 0.625 -0.125015
0.5 0.65625 -0.093769
0.46875 0.65625 -0.0932807
0.375 0.625 -0.118648
0.375 0.5625 -0.125992
0.4375 0.5625 -0.176524
0.4375 0.625 -0.124038
0.375 0.625 -0.118648
0.375 0.5625 -0.125992
0.375 0.5 -0.125015
0.4375 0.5 -0.183602
0.4375 0.5625 -0.176524
0.375 0.5625 -0.125992
0.4375 0.625 -0.124038
0.4375 0.5625 -0.176524
0.5 0.5625 -0.187515
0.5 0.625 -0.125015
0.4375 0.625 -0.124038
0.4375 0.5625 -0.176524
0.4375 0.5 -0.183602
0.5 0.5 -0.227147
0.5 0.5625 -0.187515
0.4375 0.5625 -0.176524
0 0.5 0.249939
0 0.4375 0.250915
0.0625 0.4375 0.188423
0.0625 0.5 0.187446
0 0.5 0.249939
0 0.4375 0.250915
0 0.375 0.251892
0.0625 0.375 0.1894
0.0625 0.4375 0.188423
0 0.4375 0.250915
0.0625 0.5 0.187446
0.0625 0.4375 0.188423
0.125 0.4375 0.125931
0.125 0.5 0.124954
0.0625 0.5 0.187446
0.0625 0.4375 0.188423
0.0625 0.375 0.1894
0.125 0.375 0.126907
0.125 0.4375 0.125931
0.0625 0.4375 0.188423
0 0.375 0.251892
0 0.3125 0.252868
0.0625 0.3125 0.190376
0.0625 0.375 0.1894
0 0.375 0.251892
0 0.3125 0.252868
0 0.25 0.254592
0.0625 0.25 0.192757
0.0625 0.3125 0.190376
0 0.3125 0.252868
0.0625 0.375 0.1894
0.0625 0.3125 0.190376
0.125 0.3125 0.127883
0.125 0.375 0.126907
0.0625 0.375 0.1894
0.0625 0.3125 0.190376
0.0625 0.25 0.192757
0.125 0.25 0.131409
0.125 0.3125 0.127883
0.0625 0.3125 0.190376
0.125 0.5 0.124954
0.125 0.46875 0.125442
0.15625 0.46875 0.0941962
0.15625 0.5 0.0937079
0.125 0.5 0.124954
0.125 0.46875 0.125442
0.125 0.4375 0.125931
0.15625 0.4375 0.0946845
0.15625 0.46875 0.0941962
0.125 0.46875 0.125442
0.15625 0.5 0.0937079
0.15625 0.46875 0.0941962
0.1875 0.46875 0.06295
0.1875 0.5 0.0624618
0.15625 0.5 0.0937079
0.15625 0.46875 0.0941962
0.15625 0.4375 0.0946845
0.1875 0.4375 0.0634383
0.1875 0.46875 0.06295
0.15625 0.46875 0.0941962
0.125 0.4375 0.125931
0.125 0.40625 0.126419
0.15625 0.40625 0.0951728
0.15625 0.4375 0.0946845
0.125 0.4375 0.125931
0.125 0.40625 0.126419
0.125 0.375 0.126907
0.15625 0.375 0.0956611
0.15625 0.40625 0.0951728
0.125 0.40625 0.126419
0.15625 0.4375 0.0946845
0.15625 0.40625 0.0951728
0.1875 0.40625 0.0639266
0.1875 0.4375 0.0634383
0.15625 0.4375 0.0946845
0.15625 0.40625 0.0951728
0.15625 0.375 0.0956611
0.1875 0.375 0.0644149
0.1875 0.40625 0.0639266
0.15625 0.40625 0.0951728
0.1875 0.5 0.0624618
0.1875 0.46875 0.06295
0.21875 0.46875 0.0317038
0.21875 0.5 0.0312156
0.1875 0.5 0.0624618
0.1875 0.46875 0.06295
0.1875 0.4375 0.0634383
0.21875 0.4375 0.0321921
0.21875 0.46875 0.0317038
0.1875 0.46875 0.06295
0.21875 0.5 0.0312156
0.21875 0.46875 0.0317038
0.25 0.46875 0.000457664
0.25 0.5 -3.06176e-005
0.21875 0.5 0.0312156
0.21875 0.46875 0.0317038
0.21875 0.4375 0.0321921
0.25 0.4375 0.000945945
0.25 0.46875 0.000457664
0.21875 0.46875 0.0317038
0.1875 0.4375 0.0634383
0.1875 0.40625 0.0639266
0.21875 0.40625 0.0326804
0.21875 0.4375 0.0321921
0.1875 0.4375 0.0634383
0.1875 0.40625 0.0639266
0.1875 0.375 0.0644149
0.21875 0.375 0.0331687
0.21875 0.40625 0.0326804
0.1875 0.40625 0.0639266
0.21875 0.4375 0.0321921
0.21875 0.40625 0.0326804
0.25 0.40625 0.00143423
0.25 0.4375 0.000945945
0.21875 0.4375 0.0321921
0.21875 0.40625 0.0326804
0.21875 0.375 0.0331687
0.25 0.375 0.00192251
0.25 0.40625 0.00143423
0.21875 0.40625 0.0326804
0.125 0.375 0.126907
0.125 0.34375 0.127396
0.15625 0.34375 0.0961493
0.15625 0.375 0.0956611
0.125 0.375 0.126907
0.125 0.34375 0.127396
0.125 0.3125 0.127883
0.15625 0.3125 0.0966359
0.15625 0.34375 0.0961493
0.125 0.34375 0.127396
0.15625 0.375 0.0956611
0.15625 0.34375 0.0961493
0.1875 0.34375 0.0649031
0.1875 0.375 0.0644149
0.15625 0.375 0.0956611
0.15625 0.34375 0.0961493
0.15625 0.3125 0.0966359
0.1875 0.3125 0.065389
0.1875 0.34375 0.0649031
0.15625 0.34375 0.0961493
0.125 0.3125 0.127883
0.125 0.28125 0.128355
0.15625 0.28125 0.0971006
0.15625 0.3125 0.0966359
0.125 0.3125 0.127883
0.125 0.28125 0.128355
0.125 0.25 0.131409
0.15625 0.25 0.101172
0.15625 0.28125 0.0971006
0.125 0.28125 0.128355
0.15625 0.3125 0.0966359
0.15625 0.28125 0.0971006
0.1875 0.28125 0.0658462
0.1875 0.3125 0.065389
0.15625 0.3125 0.0966359
0.15625 0.28125 0.0971006
0.15625 0.25 0.101172
0.1875 0.25 0.0709426
0.1875 0.28125 0.0658462
0.15625 0.28125 0.0971006
0.1875 0.375 0.0644149
0.1875 0.34375 0.0649031
0.21875 0.34375 0.0336569
0.21875 0.375 0.0331687
0.1875 0.375 0.0644149
0.1875 0.34375 0.0649031
0.1875 0.3125 0.065389
0.21875 0.3125 0.0341421
0.21875 0.34375 0.0336569
0.1875 0.34375 0.0649031
0.21875 0.375 0.0331687
0.21875 0.34375 0.0336569
0.25 0.34375 0.00241072
0.25 0.375 0.00192251
0.21875 0.375 0.0331687
0.21875 0.34375 0.0336569
0.21875 0.3125 0.0341421
0.25 0.3125 0.00289554
0.25 0.34375 0.00241072
0.21875 0.34375 0.0336569
0.1875 0.3125 0.065389
0.1875 0.28125 0.0658462
0.21875 0.28125 0.034595
0.21875 0.3125 0.0341421
0.1875 0.3125 0.065389
0.1875 0.28125 0.0658462
0.1875 0.25 0.0709426
0.21875 0.25 0.0408435
0.21875 0.28125 0.034595
0.1875 0.28125 0.0658462
0.21875 0.3125 0.0341421
0.21875 0.28125 0.034595
0.25 0.28125 0.00334762
0.25 0.3125 0.00289554
0.21875 0.3125 0.0341421
0.21875 0.28125 0.034595
0.21875 0.25 0.0408435
0.25 0.25 0.0112727
0.25 0.28125 0.00334762
0.21875 0.28125 0.034595
0 0.25 0.254592
0 0.1875 0.26515
0.0625 0.1875 0.205907
0.0625 0.25 0.192757
0 0.25 0.254592
0 0.1875 0.26515
0 0.125 0.286407
0.0625 0.125 0.231162
0.0625 0.1875 0.205907
0 0.1875 0.26515
0.0625 0.25 0.192757
0.0625 0.1875 0.205907
0.125 0.1875 0.150273
0.125 0.25 0.131409
0.0625 0.25 0.192757
0.0625 0.1875 0.205907
0.0625 0.125 0.231162
0.125 0.125 0.182816
0.125 0.1875 0.150273
0.0625 0.1875 0.205907
0 0.125 0.286407
0 0 0.360741
0.125 0 0.283397
0.125 0.125 0.182816
0 0.125 0.286407
0.125 0.25 0.131409
0.125 0.21875 0.138727
0.15625 0.21875 0.111201
0.15625 0.25 0.101172
0.125 0.25 0.131409
0.125 0.21875 0.138727
0.125 0.1875 0.150273
0.15625 0.1875 0.126141
0.15625 0.21875 0.111201
0.125 0.21875 0.138727
0.15625 0.25 0.101172
0.15625 0.21875 0.111201
0.1875 0.21875 0.0843572
0.1875 0.25 0.0709426
0.15625 0.25 0.101172
0.15625 0.21875 0.111201
0.15625 0.1875 0.126141
0.1875 0.1875 0.103422
0.1875 0.21875 0.0843572
0.15625 0.21875 0.111201
0.125 0.1875 0.150273
0.125 0.125 0.182816
0.1875 0.125 0.148171
0.1875 0.1875 0.103422
0.125 0.1875 0.150273
0.1875 0.25 0.0709426
0.1875 0.21875 0.0843572
0.21875 0.21875 0.058864
0.21875 0.25 0.0408435
0.1875 0.25 0.0709426
0.1875 0.21875 0.0843572
0.1875 0.1875 0.103422
0.21875 0.1875 0.082631
0.21875 0.21875 0.058864
0.1875 0.21875 0.0843572
0.21875 0.25 0.0408435
0.21875 0.21875 0.058864
0.25 0.21875 0.0377728
0.25 0.25 0.0112727
0.21875 0.25 0.0408435
0.21875 0.21875 0.058864
0.21875 0.1875 0.082631
0.25 0.1875 0.0665847
0.25 0.21875 0.0377728
0.21875 0.21875 0.058864
0.1875 0.1875 0.103422
0.1875 0.15625 0.125026
0.21875 0.15625 0.108419
0.21875 0.1875 0.082631
0.1875 0.1875 0.103422
0.1875 0.15625 0.125026
0.1875 0.125 0.148171
0.21875 0.125 0.135055
0.21875 0.15625 0.108419
0.1875 0.15625 0.125026
0.21875 0.1875 0.082631
0.21875 0.15625 0.108419
0.25 0.15625 0.0962283
0.25 0.1875 0.0665847
0.21875 0.1875 0.082631
0.21875 0.15625 0.108419
0.21875 0.125 0.135055
0.25 0.125 0.126053
0.25 0.15625 0.0962283
0.21875 0.15625 0.108419
0.125 0.125 0.182816
0.125 0.0625 0.229386
0.1875 0.0625 0.202122
0.1875 0.125 0.148171
0.125 0.125 0.182816
0.125 0.0625 0.229386
0.125 0 0.283397
0.1875 0 0.260281
0.1875 0.0625 0.202122
0.125 0.0625 0.229386
0.1875 0.125 0.148171
0.1875 0.0625 0.202122
0.25 0.0625 0.187122
0.25 0.125 0.126053
0.1875 0.125 0.148171
0.1875 0.0625 0.202122
0.1875 0 0.260281
0.25 0 0.248503
0.25 0.0625 0.187122
0.1875 0.0625 0.202122
0.25 0.5 -3.06176e-005
0.25 0.46875 0.000457664
0.28125 0.46875 -0.0307885
0.28125 0.5 -0.0312768
0.25 0.5 -3.06176e-005
0.25 0.46875 0.000457664
0.25 0.4375 0.000945945
0.28125 0.4375 -0.0303002
0.28125 0.46875 -0.0307885
0.25 0.46875 0.000457664
0.28125 0.5 -0.0312768
0.28125 0.46875 -0.0307885
0.3125 0.46875 -0.0620347
0.3125 0.5 -0.062523
0.28125 0.5 -0.0312768
0.28125 0.46875 -0.0307885
0.28125 0.4375 -0.0303002
0.3125 0.4375 -0.0615464
0.3125 0.46875 -0.0620347
0.28125 0.46875 -0.0307885
0.25 0.4375 0.000945945
0.25 0.40625 0.00143423
0.28125 0.40625 -0.029812
0.28125 0.4375 -0.0303002
0.25 0.4375 0.000945945
0.25 0.40625 0.00143423
0.25 0.375 0.00192251
0.28125 0.375 -0.0293233
0.28125 0.40625 -0.029812
0.25 0.40625 0.00143423
0.28125 0.4375 -0.0303002
0.28125 0.40625 -0.029812
0.3125 0.40625 -0.0610574
0.3125 0.4375 -0.0615464
0.28125 0.4375 -0.0303002
0.28125 0.40625 -0.029812
0.28125 0.375 -0.0293233
0.3125 0.375 -0.0605212
0.3125 0.40625 -0.0610574
0.28125 0.40625 -0.029812
0.3125 0.5 -0.062523
0.3125 0.46875 -0.0620347
0.34375 0.46875 -0.0932809
0.34375 0.5 -0.0937692
0.3125 0.5 -0.062523
0.3125 0.46875 -0.0620347
0.3125 0.4375 -0.0615464
0.34375 0.4375 -0.0927916
0.34375 0.46875 -0.0932809
0.3125 0.46875 -0.0620347
0.34375 0.5 -0.0937692
0.34375 0.46875 -0.0932809
0.375 0.46875 -0.124526
0.375 0.5 -0.125015
0.34375 0.5 -0.0937692
0.34375 0.46875 -0.0932809
0.34375 0.4375 -0.0927916
0.375 0.4375 -0.123969
0.375 0.46875 -0.124526
0.34375 0.46875 -0.0932809
0.3125 0.4375 -0.0615464
0.3125 0.40625 -0.0610574
0.34375 0.40625 -0.0922439
0.34375 0.4375 -0.0927916
0.3125 0.4375 -0.0615464
0.3125 0.40625 -0.0610574
0.3125 0.375 -0.0605212
0.34375 0.375 -0.0903882
0.34375 0.40625 -0.0922439
0.3125 0.40625 -0.0610574
0.34375 0.4375 -0.0927916
0.34375 0.40625 -0.0922439
0.375 0.40625 -0.12198
0.375 0.4375 -0.123969
0.34375 0.4375 -0.0927916
0.34375 0.40625 -0.0922439
0.34375 0.375 -0.0903882
0.375 0.375 -0.113601
0.375 0.40625 -0.12198
0.34375 0.40625 -0.0922439
0.25 0.375 0.00192251
0.25 0.34375 0.00241072
0.28125 0.34375 -0.028808
0.28125 0.375 -0.0293233
0.25 0.375 0.00192251
0.25 0.34375 0.00241072
0.25 0.3125 0.00289554
0.28125 0.3125 -0.0274863
0.28125 0.34375 -0.028808
0.25 0.34375 0.00241072
0.28125 0.375 -0.0293233
0.28125 0.34375 -0.028808
0.3125 0.34375 -0.0588464
0.3125 0.375 -0.0605212
0.28125 0.375 -0.0293233
0.28125 0.34375 -0.028808
0.28125 0.3125 -0.0274863
0.3125 0.3125 -0.0513225
0.3125 0.34375 -0.0588464
0.28125 0.34375 -0.028808
0.25 0.3125 0.00289554
0.25 0.28125 0.00334762
0.28125 0.28125 -0.0209996
0.28125 0.3125 -0.0274863
0.25 0.3125 0.00289554
0.25 0.28125 0.00334762
0.25 0.25 0.0112727
0.28125 0.25 -0.00307823
0.28125 0.28125 -0.0209996
0.25 0.28125 0.00334762
0.28125 0.3125 -0.0274863
0.28125 0.28125 -0.0209996
0.3125 0.28125 -0.033036
0.3125 0.3125 -0.0513225
0.28125 0.3125 -0.0274863
0.28125 0.28125 -0.0209996
0.28125 0.25 -0.00307823
0.3125 0.25 -0.00296031
0.3125 0.28125 -0.033036
0.28125 0.28125 -0.0209996
0.3125 0.375 -0.0605212
0.3125 0.34375 -0.0588464
0.34375 0.34375 -0.0823767
0.34375 0.375 -0.0903882
0.3125 0.375 -0.0605212
0.3125 0.34375 -0.0588464
0.3125 0.3125 -0.0513225
0.34375 0.3125 -0.0636945
0.34375 0.34375 -0.0823767
0.3125 0.34375 -0.0588464
0.34375 0.375 -0.0903882
0.34375 0.34375 -0.0823767
0.375 0.34375 -0.0945355
0.375 0.375 -0.113601
0.34375 0.375 -0.0903882
0.34375 0.34375 -0.0823767
0.34375 0.3125 -0.0636945
0.375 0.3125 -0.0644761
0.375 0.34375 -0.0945355
0.34375 0.34375 -0.0823767
0.3125 0.3125 -0.0513225
0.3125 0.28125 -0.033036
0.34375 0.28125 -0.0337182
0.34375 0.3125 -0.0636945
0.3125 0.3125 -0.0513225
0.3125 0.28125 -0.033036
0.3125 0.25 -0.00296031
0.34375 0.25 -0.00247202
0.34375 0.28125 -0.0337182
0.3125 0.28125 -0.033036
0.34375 0.3125 -0.0636945
0.34375 0.28125 -0.0337182
0.375 0.28125 -0.0332299
0.375 0.3125 -0.0644761
0.34375 0.3125 -0.0636945
0.34375 0.28125 -0.0337182
0.34375 0.25 -0.00247202
0.375 0.25 -0.00198374
0.375 0.28125 -0.0332299
0.34375 0.28125 -0.0337182
0.375 0.5 -0.125015
0.375 0.4375 -0.123969
0.4375 0.4375 -0.167495
0.4375 0.5 -0.183602
0.375 0.5 -0.125015
0.375 0.4375 -0.123969
0.375 0.375 -0.113601
0.4375 0.375 -0.12599
0.4375 0.4375 -0.167495
0.375 0.4375 -0.123969
0.4375 0.5 -0.183602
0.4375 0.4375 -0.167495
0.5 0.4375 -0.186263
0.5 0.5 -0.227147
0.4375 0.5 -0.183602
0.4375 0.4375 -0.167495
0.4375 0.375 -0.12599
0.5 0.375 -0.125015
0.5 0.4375 -0.186263
0.4375 0.4375 -0.167495
0.375 0.375 -0.113601
0.375 0.34375 -0.0945355
0.40625 0.34375 -0.095234
0.40625 0.375 -0.12538
0.375 0.375 -0.113601
0.375 0.34375 -0.0945355
0.375 0.3125 -0.0644761
0.40625 0.3125 -0.0639878
0.40625 0.34375 -0.095234
0.375 0.34375 -0.0945355
0.40625 0.375 -0.12538
0.40625 0.34375 -0.095234
0.4375 0.34375 -0.0947457
0.4375 0.375 -0.12599
0.40625 0.375 -0.12538
0.40625 0.34375 -0.095234
0.40625 0.3125 -0.0639878
0.4375 0.3125 -0.0634996
0.4375 0.34375 -0.0947457
0.40625 0.34375 -0.095234
0.375 0.3125 -0.0644761
0.375 0.28125 -0.0332299
0.40625 0.28125 -0.0327416
0.40625 0.3125 -0.0639878
0.375 0.3125 -0.0644761
0.375 0.28125 -0.0332299
0.375 0.25 -0.00198374
0.40625 0.25 -0.00149546
0.40625 0.28125 -0.0327416
0.375 0.28125 -0.0332299
0.40625 0.3125 -0.0639878
0.40625 0.28125 -0.0327416
0.4375 0.28125 -0.0322534
0.4375 0.3125 -0.0634996
0.40625 0.3125 -0.0639878
0.40625 0.28125 -0.0327416
0.40625 0.25 -0.00149546
0.4375 0.25 -0.00100718
0.4375 0.28125 -0.0322534
0.40625 0.28125 -0.0327416
0.4375 0.375 -0.12599
0.4375 0.34375 -0.0947457
0.46875 0.34375 -0.0942575
0.46875 0.375 -0.125504
0.4375 0.375 -0.12599
0.4375 0.34375 -0.0947457
0.4375 0.3125 -0.0634996
0.46875 0.3125 -0.0630113
0.46875 0.34375 -0.0942575
0.4375 0.34375 -0.0947457
0.46875 0.375 -0.125504
0.46875 0.34375 -0.0942575
0.5 0.34375 -0.0937692
0.5 0.375 -0.125015
0.46875 0.375 -0.125504
0.46875 0.34375 -0.0942575
0.46875 0.3125 -0.0630113
0.5 0.3125 -0.062523
0.5 0.34375 -0.0937692
0.46875 0.34375 -0.0942575
0.4375 0.3125 -0.0634996
0.4375 0.28125 -0.0322534
0.46875 0.28125 -0.0317651
0.46875 0.3125 -0.0630113
0.4375 0.3125 -0.0634996
0.4375 0.28125 -0.0322534
0.4375 0.25 -0.00100718
0.46875 0.25 -0.000518899
0.46875 0.28125 -0.0317651
0.4375 0.28125 -0.0322534
0.46875 0.3125 -0.0630113
0.46875 0.28125 -0.0317651
0.5 0.28125 -0.0312768
0.5 0.3125 -0.062523
0.46875 0.3125 -0.0630113
0.46875 0.28125 -0.0317651
0.46875 0.25 -0.000518899
0.5 0.25 -3.06176e-005
0.5 0.28125 -0.0312768
0.46875 0.28125 -0.0317651
0.25 0.25 0.0112727
0.25 0.21875 0.0377728
0.28125 0.21875 0.0281632
0.28125 0.25 -0.00307823
0.25 0.25 0.0112727
0.25 0.21875 0.0377728
0.25 0.1875 0.0665847
0.28125 0.1875 0.0594003
0.28125 0.21875 0.0281632
0.25 0.21875 0.0377728
0.28125 0.25 -0.00307823
0.28125 0.21875 0.0281632
0.3125 0.21875 0.0282879
0.3125 0.25 -0.00296031
0.28125 0.25 -0.00307823
0.28125 0.21875 0.0281632
0.28125 0.1875 0.0594003
0.3125 0.1875 0.0595361
0.3125 0.21875 0.0282879
0.28125 0.21875 0.0281632
0.25 0.1875 0.0665847
0.25 0.15625 0.0962283
0.28125 0.15625 0.0906195
0.28125 0.1875 0.0594003
0.25 0.1875 0.0665847
0.25 0.15625 0.0962283
0.25 0.125 0.126053
0.28125 0.125 0.121815
0.28125 0.15625 0.0906195
0.25 0.15625 0.0962283
0.28125 0.1875 0.0594003
0.28125 0.15625 0.0906195
0.3125 0.15625 0.0907837
0.3125 0.1875 0.0595361
0.28125 0.1875 0.0594003
0.28125 0.15625 0.0906195
0.28125 0.125 0.121815
0.3125 0.125 0.12203
0.3125 0.15625 0.0907837
0.28125 0.15625 0.0906195
0.3125 0.25 -0.00296031
0.3125 0.21875 0.0282879
0.34375 0.21875 0.0287742
0.34375 0.25 -0.00247202
0.3125 0.25 -0.00296031
0.3125 0.21875 0.0282879
0.3125 0.1875 0.0595361
0.34375 0.1875 0.0600204
0.34375 0.21875 0.0287742
0.3125 0.21875 0.0282879
0.34375 0.25 -0.00247202
0.34375 0.21875 0.0287742
0.375 0.21875 0.0292624
0.375 0.25 -0.00198374
0.34375 0.25 -0.00247202
0.34375 0.21875 0.0287742
0.34375 0.1875 0.0600204
0.375 0.1875 0.0605086
0.375 0.21875 0.0292624
0.34375 0.21875 0.0287742
0.3125 0.1875 0.0595361
0.3125 0.15625 0.0907837
0.34375 0.15625 0.0912666
0.34375 0.1875 0.0600204
0.3125 0.1875 0.0595361
0.3125 0.15625 0.0907837
0.3125 0.125 0.12203
0.34375 0.125 0.122513
0.34375 0.15625 0.0912666
0.3125 0.15625 0.0907837
0.34375 0.1875 0.0600204
0.34375 0.15625 0.0912666
0.375 0.15625 0.0917548
0.375 0.1875 0.0605086
0.34375 0.1875 0.0600204
0.34375 0.15625 0.0912666
0.34375 0.125 0.122513
0.375 0.125 0.123001
0.375 0.15625 0.0917548
0.34375 0.15625 0.0912666
0.25 0.125 0.126053
0.25 0.0625 0.187122
0.3125 0.0625 0.184528
0.3125 0.125 0.12203
0.25 0.125 0.126053
0.25 0.0625 0.187122
0.25 0 0.248503
0.3125 0 0.247024
0.3125 0.0625 0.184528
0.25 0.0625 0.187122
0.3125 0.125 0.12203
0.3125 0.0625 0.184528
0.375 0.0625 0.185493
0.375 0.125 0.123001
0.3125 0.125 0.12203
0.3125 0.0625 0.184528
0.3125 0 0.247024
0.375 0 0.247986
0.375 0.0625 0.185493
0.3125 0.0625 0.184528
0.375 0.25 -0.00198374
0.375 0.21875 0.0292624
0.40625 0.21875 0.0297507
0.40625 0.25 -0.00149546
0.375 0.25 -0.00198374
0.375 0.21875 0.0292624
0.375 0.1875 0.0605086
0.40625 0.1875 0.0609969
0.40625 0.21875 0.0297507
0.375 0.21875 0.0292624
0.40625 0.25 -0.00149546
0.40625 0.21875 0.0297507
0.4375 0.21875 0.030239
0.4375 0.25 -0.00100718
0.40625 0.25 -0.00149546
0.40625 0.21875 0.0297507
0.40625 0.1875 0.0609969
0.4375 0.1875 0.0614852
0.4375 0.21875 0.030239
0.40625 0.21875 0.0297507
0.375 0.1875 0.0605086
0.375 0.15625 0.0917548
0.40625 0.15625 0.0922431
0.40625 0.1875 0.0609969
0.375 0.1875 0.0605086
0.375 0.15625 0.0917548
0.375 0.125 0.123001
0.40625 0.125 0.123489
0.40625 0.15625 0.0922431
0.375 0.15625 0.0917548
0.40625 0.1875 0.0609969
0.40625 0.15625 0.0922431
0.4375 0.15625 0.0927314
0.4375 0.1875 0.0614852
0.40625 0.1875 0.0609969
0.40625 0.15625 0.0922431
0.40625 0.125 0.123489
0.4375 0.125 0.123978
0.4375 0.15625 0.0927314
0.40625 0.15625 0.0922431
0.4375 0.25 -0.00100718
0.4375 0.21875 0.030239
0.46875 0.21875 0.0307273
0.46875 0.25 -0.000518899
0.4375 0.25 -0.00100718
0.4375 0.21875 0.030239
0.4375 0.1875 0.0614852
0.46875 0.1875 0.0619735
0.46875 0.21875 0.0307273
0.4375 0.21875 0.030239
0.46875 0.25 -0.000518899
0.46875 0.21875 0.0307273
0.5 0.21875 0.0312156
0.5 0.25 -3.06176e-005
0.46875 0.25 -0.000518899
0.46875 0.21875 0.0307273
0.46875 0.1875 0.0619735
0.5 0.1875 0.0624618
0.5 0.21875 0.0312156
0.46875 0.21875 0.0307273
0.4375 0.1875 0.0614852
0.4375 0.15625 0.0927314
0.46875 0.15625 0.0932197
0.46875 0.1875 0.0619735
0.4375 0.1875 0.0614852
0.4375 0.15625 0.0927314
0.4375 0.125 0.123978
0.46875 0.125 0.124466
0.46875 0.15625 0.0932197
0.4375 0.15625 0.0927314
0.46875 0.1875 0.0619735
0.46875 0.15625 0.0932197
0.5 0.15625 0.0937079
0.5 0.1875 0.0624618
0.46875 0.1875 0.0619735
0.46875 0.15625 0.0932197
0.46875 0.125 0.124466
0.5 0.125 0.124954
0.5 0.15625 0.0937079
0.46875 0.15625 0.0932197
0.375 0.125 0.123001
0.375 0.0625 0.185493
0.4375 0.0625 0.18647
0.4375 0.125 0.123978
0.375 0.125 0.123001
0.375 0.0625 0.185493
0.375 0 0.247986
0.4375 0 0.248962
0.4375 0.0625 0.18647
0.375 0.0625 0.185493
0.4375 0.125 0.123978
0.4375 0.0625 0.18647
0.5 0.0625 0.187446
0.5 0.125 0.124954
0.4375 0.125 0.123978
0.4375 0.0625 0.18647
0.4375 0 0.248962
0.5 0 0.249939
0.5 0.0625 0.187446
0.4375 0.0625 0.18647
0.5 1 0.249939
0.5 0.9375 0.187447
0.5625 0.9375 0.18647
0.5625 1 0.248963
0.5 1 0.249939
0.5 0.9375 0.187447
0.5 0.875 0.124954
0.5625 0.875 0.123978
0.5625 0.9375 0.18647
0.5 0.9375 0.187447
0.5625 1 0.248963
0.5625 0.9375 0.18647
0.625 0.9375 0.185494
0.625 1 0.247986
0.5625 1 0.248963
0.5625 0.9375 0.18647
0.5625 0.875 0.123978
0.625 0.875 0.123001
0.625 0.9375 0.185494
0.5625 0.9375 0.18647
0.5 0.875 0.124954
0.5 0.84375 0.0937081
0.53125 0.84375 0.0932199
0.53125 0.875 0.124466
0.5 0.875 0.124954
0.5 0.84375 0.0937081
0.5 0.8125 0.062462
0.53125 0.8125 0.0619737
0.53125 0.84375 0.0932199
0.5 0.84375 0.0937081
0.53125 0.875 0.124466
0.53125 0.84375 0.0932199
0.5625 0.84375 0.0927316
0.5625 0.875 0.123978
0.53125 0.875 0.124466
0.53125 0.84375 0.0932199
0.53125 0.8125 0.0619737
0.5625 0.8125 0.0614854
0.5625 0.84375 0.0927316
0.53125 0.84375 0.0932199
0.5 0.8125 0.062462
0.5 0.78125 0.0312158
0.53125 0.78125 0.0307275
0.53125 0.8125 0.0619737
0.5 0.8125 0.062462
0.5 0.78125 0.0312158
0.5 0.75 -3.04176e-005
0.53125 0.75 -0.000518699
0.53125 0.78125 0.0307275
0.5 0.78125 0.0312158
0.53125 0.8125 0.0619737
0.53125 0.78125 0.0307275
0.5625 0.78125 0.0302392
0.5625 0.8125 0.0614854
0.53125 0.8125 0.0619737
0.53125 0.78125 0.0307275
0.53125 0.75 -0.000518699
0.5625 0.75 -0.00100698
0.5625 0.78125 0.0302392
0.53125 0.78125 0.0307275
0.5625 0.875 0.123978
0.5625 0.84375 0.0927316
0.59375 0.84375 0.0922433
0.59375 0.875 0.123489
0.5625 0.875 0.123978
0.5625 0.84375 0.0927316
0.5625 0.8125 0.0614854
0.59375 0.8125 0.0609971
0.59375 0.84375 0.0922433
0.5625 0.84375 0.0927316
0.59375 0.875 0.123489
0.59375 0.84375 0.0922433
0.625 0.84375 0.091755
0.625 0.875 0.123001
0.59375 0.875 0.123489
0.59375 0.84375 0.0922433
0.59375 0.8125 0.0609971
0.625 0.8125 0.0605088
0.625 0.84375 0.091755
0.59375 0.84375 0.0922433
0.5625 0.8125 0.0614854
0.5625 0.78125 0.0302392
0.59375 0.78125 0.0297509
0.59375 0.8125 0.0609971
0.5625 0.8125 0.0614854
0.5625 0.78125 0.0302392
0.5625 0.75 -0.00100698
0.59375 0.75 -0.00149526
0.59375 0.78125 0.0297509
0.5625 0.78125 0.0302392
0.59375 0.8125 0.0609971
0.59375 0.78125 0.0297509
0.625 0.78125 0.0292626
0.625 0.8125 0.0605088
0.59375 0.8125 0.0609971
0.59375 0.78125 0.0297509
0.59375 0.75 -0.00149526
0.625 0.75 -0.00198354
0.625 0.78125 0.0292626
0.59375 0.78125 0.0297509
0.625 1 0.247986
0.625 0.9375 0.185494
0.6875 0.9375 0.184528
0.6875 1 0.247026
0.625 1 0.247986
0.625 0.9375 0.185494
0.625 0.875 0.123001
0.6875 0.875 0.12203
0.6875 0.9375 0.184528
0.625 0.9375 0.185494
0.6875 1 0.247026
0.6875 0.9375 0.184528
0.75 0.9375 0.188743
0.75 1 0.250191
0.6875 1 0.247026
0.6875 0.9375 0.184528
0.6875 0.875 0.12203
0.75 0.875 0.127253
0.75 0.9375 0.188743
0.6875 0.9375 0.184528
0.625 0.875 0.123001
0.625 0.84375 0.091755
0.65625 0.84375 0.0912668
0.65625 0.875 0.122513
0.625 0.875 0.123001
0.625 0.84375 0.091755
0.625 0.8125 0.0605088
0.65625 0.8125 0.0600206
0.65625 0.84375 0.0912668
0.625 0.84375 0.091755
0.65625 0.875 0.122513
0.65625 0.84375 0.0912668
0.6875 0.84375 0.0907832
0.6875 0.875 0.12203
0.65625 0.875 0.122513
0.65625 0.84375 0.0912668
0.65625 0.8125 0.0600206
0.6875 0.8125 0.059536
0.6875 0.84375 0.0907832
0.65625 0.84375 0.0912668
0.625 0.8125 0.0605088
0.625 0.78125 0.0292626
0.65625 0.78125 0.0287744
0.65625 0.8125 0.0600206
0.625 0.8125 0.0605088
0.625 0.78125 0.0292626
0.625 0.75 -0.00198354
0.65625 0.75 -0.00247182
0.65625 0.78125 0.0287744
0.625 0.78125 0.0292626
0.65625 0.8125 0.0600206
0.65625 0.78125 0.0287744
0.6875 0.78125 0.0282881
0.6875 0.8125 0.059536
0.65625 0.8125 0.0600206
0.65625 0.78125 0.0287744
0.65625 0.75 -0.00247182
0.6875 0.75 -0.00296011
0.6875 0.78125 0.0282881
0.65625 0.78125 0.0287744
0.6875 0.875 0.12203
0.6875 0.84375 0.0907832
0.71875 0.84375 0.0906122
0.71875 0.875 0.121812
0.6875 0.875 0.12203
0.6875 0.84375 0.0907832
0.6875 0.8125 0.059536
0.71875 0.8125 0.0593959
0.71875 0.84375 0.0906122
0.6875 0.84375 0.0907832
0.71875 0.875 0.121812
0.71875 0.84375 0.0906122
0.75 0.84375 0.0973366
0.75 0.875 0.127253
0.71875 0.875 0.121812
0.71875 0.84375 0.0906122
0.71875 0.8125 0.0593959
0.75 0.8125 0.0678901
0.75 0.84375 0.0973366
0.71875 0.84375 0.0906122
0.6875 0.8125 0.059536
0.6875 0.78125 0.0282881
0.71875 0.78125 0.0281653
0.71875 0.8125 0.0593959
0.6875 0.8125 0.059536
0.6875 0.78125 0.0282881
0.6875 0.75 -0.00296011
0.71875 0.75 -0.00307883
0.71875 0.78125 0.0281653
0.6875 0.78125 0.0282881
0.71875 0.8125 0.0593959
0.71875 0.78125 0.0281653
0.75 0.78125 0.0391744
0.75 0.8125 0.0678901
0.71875 0.8125 0.0593959
0.71875 0.78125 0.0281653
0.71875 0.75 -0.00307883
0.75 0.75 0.0120262
0.75 0.78125 0.0391744
0.71875 0.78125 0.0281653
0.5 0.75 -3.04176e-005
0.5 0.71875 -0.0312766
0.53125 0.71875 -0.0317649
0.53125 0.75 -0.000518699
0.5 0.75 -3.04176e-005
0.5 0.71875 -0.0312766
0.5 0.6875 -0.0625228
0.53125 0.6875 -0.0630111
0.53125 0.71875 -0.0317649
0.5 0.71875 -0.0312766
0.53125 0.75 -0.000518699
0.53125 0.71875 -0.0317649
0.5625 0.71875 -0.0322532
0.5625 0.75 -0.00100698
0.53125 0.75 -0.000518699
0.53125 0.71875 -0.0317649
0.53125 0.6875 -0.0630111
0.5625 0.6875 -0.0634994
0.5625 0.71875 -0.0322532
0.53125 0.71875 -0.0317649
0.5 0.6875 -0.0625228
0.5 0.65625 -0.093769
0.53125 0.65625 -0.0942573
0.53125 0.6875 -0.0630111
0.5 0.6875 -0.0625228
0.5 0.65625 -0.093769
0.5 0.625 -0.125015
0.53125 0.625 -0.125503
0.53125 0.65625 -0.0942573
0.5 0.65625 -0.093769
0.53125 0.6875 -0.0630111
0.53125 0.65625 -0.0942573
0.5625 0.65625 -0.0947455
0.5625 0.6875 -0.0634994
0.53125 0.6875 -0.0630111
0.53125 0.65625 -0.0942573
0.53125 0.625 -0.125503
0.5625 0.625 -0.125992
0.5625 0.65625 -0.0947455
0.53125 0.65625 -0.0942573
0.5625 0.75 -0.00100698
0.5625 0.71875 -0.0322532
0.59375 0.71875 -0.0327414
0.59375 0.75 -0.00149526
0.5625 0.75 -0.00100698
0.5625 0.71875 -0.0322532
0.5625 0.6875 -0.0634994
0.59375 0.6875 -0.0639876
0.59375 0.71875 -0.0327414
0.5625 0.71875 -0.0322532
0.59375 0.75 -0.00149526
0.59375 0.71875 -0.0327414
0.625 0.71875 -0.0332297
0.625 0.75 -0.00198354
0.59375 0.75 -0.00149526
0.59375 0.71875 -0.0327414
0.59375 0.6875 -0.0639876
0.625 0.6875 -0.0644759
0.625 0.71875 -0.0332297
0.59375 0.71875 -0.0327414
0.5625 0.6875 -0.0634994
0.5625 0.65625 -0.0947455
0.59375 0.65625 -0.0952338
0.59375 0.6875 -0.0639876
0.5625 0.6875 -0.0634994
0.5625 0.65625 -0.0947455
0.5625 0.625 -0.125992
0.59375 0.625 -0.126337
0.59375 0.65625 -0.0952338
0.5625 0.65625 -0.0947455
0.59375 0.6875 -0.0639876
0.59375 0.65625 -0.0952338
0.625 0.65625 -0.0955573
0.625 0.6875 -0.0644759
0.59375 0.6875 -0.0639876
0.59375 0.65625 -0.0952338
0.59375 0.625 -0.126337
0.625 0.625 -0.118648
0.625 0.65625 -0.0955573
0.59375 0.65625 -0.0952338
0.5 0.625 -0.125015
0.5 0.5625 -0.187515
0.5625 0.5625 -0.176524
0.5625 0.625 -0.125992
0.5 0.625 -0.125015
0.5 0.5625 -0.187515
0.5 0.5 -0.227147
0.5625 0.5 -0.183308
0.5625 0.5625 -0.176524
0.5 0.5625 -0.187515
0.5625 0.625 -0.125992
0.5625 0.5625 -0.176524
0.625 0.5625 -0.124038
0.625 0.625 -0.118648
0.5625 0.625 -0.125992
0.5625 0.5625 -0.176524
0.5625 0.5 -0.183308
0.625 0.5 -0.125015
0.625 0.5625 -0.124038
0.5625 0.5625 -0.176524
0.625 0.75 -0.00198354
0.625 0.71875 -0.0332297
0.65625 0.71875 -0.033718
0.65625 0.75 -0.00247182
0.625 0.75 -0.00198354
0.625 0.71875 -0.0332297
0.625 0.6875 -0.0644759
0.65625 0.6875 -0.0647738
0.65625 0.71875 -0.033718
0.625 0.71875 -0.0332297
0.65625 0.75 -0.00247182
0.65625 0.71875 -0.033718
0.6875 0.71875 -0.0339927
0.6875 0.75 -0.00296011
0.65625 0.75 -0.00247182
0.65625 0.71875 -0.033718
0.65625 0.6875 -0.0647738
0.6875 0.6875 -0.0559869
0.6875 0.71875 -0.0339927
0.65625 0.71875 -0.033718
0.625 0.6875 -0.0644759
0.625 0.65625 -0.0955573
0.65625 0.65625 -0.0873235
0.65625 0.6875 -0.0647738
0.625 0.6875 -0.0644759
0.625 0.65625 -0.0955573
0.625 0.625 -0.118648
0.65625 0.625 -0.091752
0.65625 0.65625 -0.0873235
0.625 0.65625 -0.0955573
0.65625 0.6875 -0.0647738
0.65625 0.65625 -0.0873235
0.6875 0.65625 -0.0600278
0.6875 0.6875 -0.0559869
0.65625 0.6875 -0.0647738
0.65625 0.65625 -0.0873235
0.65625 0.625 -0.091752
0.6875 0.625 -0.0605694
0.6875 0.65625 -0.0600278
0.65625 0.65625 -0.0873235
0.6875 0.75 -0.00296011
0.6875 0.71875 -0.0339927
0.71875 0.71875 -0.024725
0.71875 0.75 -0.00307883
0.6875 0.75 -0.00296011
0.6875 0.71875 -0.0339927
0.6875 0.6875 -0.0559869
0.71875 0.6875 -0.0283062
0.71875 0.71875 -0.024725
0.6875 0.71875 -0.0339927
0.71875 0.75 -0.00307883
0.71875 0.71875 -0.024725
0.75 0.71875 0.00336935
0.75 0.75 0.0120262
0.71875 0.75 -0.00307883
0.71875 0.71875 -0.024725
0.71875 0.6875 -0.0283062
0.75 0.6875 0.0028991
0.75 0.71875 0.00336935
0.71875 0.71875 -0.024725
0.6875 0.6875 -0.0559869
0.6875 0.65625 -0.0600278
0.71875 0.65625 -0.028835
0.71875 0.6875 -0.0283062
0.6875 0.6875 -0.0559869
0.6875 0.65625 -0.0600278
0.6875 0.625 -0.0605694
0.71875 0.625 -0.0293235
0.71875 0.65625 -0.028835
0.6875 0.65625 -0.0600278
0.71875 0.6875 -0.0283062
0.71875 0.65625 -0.028835
0.75 0.65625 0.00241099
0.75 0.6875 0.0028991
0.71875 0.6875 -0.0283062
0.71875 0.65625 -0.028835
0.71875 0.625 -0.0293235
0.75 0.625 0.00192271
0.75 0.65625 0.00241099
0.71875 0.65625 -0.028835
0.625 0.625 -0.118648
0.625 0.59375 -0.123475
0.65625 0.59375 -0.0923038
0.65625 0.625 -0.091752
0.625 0.625 -0.118648
0.625 0.59375 -0.123475
0.625 0.5625 -0.124038
0.65625 0.5625 -0.0927924
0.65625 0.59375 -0.0923038
0.625 0.59375 -0.123475
0.65625 0.625 -0.091752
0.65625 0.59375 -0.0923038
0.6875 0.59375 -0.0610579
0.6875 0.625 -0.0605694
0.65625 0.625 -0.091752
0.65625 0.59375 -0.0923038
0.65625 0.5625 -0.0927924
0.6875 0.5625 -0.0615462
0.6875 0.59375 -0.0610579
0.65625 0.59375 -0.0923038
0.625 0.5625 -0.124038
0.625 0.53125 -0.124527
0.65625 0.53125 -0.0932807
0.65625 0.5625 -0.0927924
0.625 0.5625 -0.124038
0.625 0.53125 -0.124527
0.625 0.5 -0.125015
0.65625 0.5 -0.093769
0.65625 0.53125 -0.0932807
0.625 0.53125 -0.124527
0.65625 0.5625 -0.0927924
0.65625 0.53125 -0.0932807
0.6875 0.53125 -0.0620345
0.6875 0.5625 -0.0615462
0.65625 0.5625 -0.0927924
0.65625 0.53125 -0.0932807
0.65625 0.5 -0.093769
0.6875 0.5 -0.0625228
0.6875 0.53125 -0.0620345
0.65625 0.53125 -0.0932807
0.6875 0.625 -0.0605694
0.6875 0.59375 -0.0610579
0.71875 0.59375 -0.0298118
0.71875 0.625 -0.0293235
0.6875 0.625 -0.0605694
0.6875 0.59375 -0.0610579
0.6875 0.5625 -0.0615462
0.71875 0.5625 -0.0303
0.71875 0.59375 -0.0298118
0.6875 0.59375 -0.0610579
0.71875 0.625 -0.0293235
0.71875 0.59375 -0.0298118
0.75 0.59375 0.00143443
0.75 0.625 0.00192271
0.71875 0.625 -0.0293235
0.71875 0.59375 -0.0298118
0.71875 0.5625 -0.0303
0.75 0.5625 0.000946145
0.75 0.59375 0.00143443
0.71875 0.59375 -0.0298118
0.6875 0.5625 -0.0615462
0.6875 0.53125 -0.0620345
0.71875 0.53125 -0.0307883
0.71875 0.5625 -0.0303
0.6875 0.5625 -0.0615462
0.6875 0.53125 -0.0620345
0.6875 0.5 -0.0625228
0.71875 0.5 -0.0312766
0.71875 0.53125 -0.0307883
0.6875 0.53125 -0.0620345
0.71875 0.5625 -0.0303
0.71875 0.53125 -0.0307883
0.75 0.53125 0.000457864
0.75 0.5625 0.000946145
0.71875 0.5625 -0.0303
0.71875 0.53125 -0.0307883
0.71875 0.5 -0.0312766
0.75 0.5 -3.04176e-005
0.75 0.53125 0.000457864
0.71875 0.53125 -0.0307883
0.75 1 0.250191
0.75 0.9375 0.188743
0.8125 0.9375 0.209519
0.8125 1 0.265752
0.75 1 0.250191
0.75 0.9375 0.188743
0.75 0.875 0.127253
0.8125 0.875 0.155182
0.8125 0.9375 0.209519
0.75 0.9375 0.188743
0.8125 1 0.265752
0.8125 0.9375 0.209519
0.875 0.9375 0.244053
0.875 1 0.293241
0.8125 1 0.265752
0.8125 0.9375 0.209519
0.8125 0.875 0.155182
0.875 0.875 0.198075
0.875 0.9375 0.244053
0.8125 0.9375 0.209519
0.75 0.875 0.127253
0.75 0.84375 0.0973366
0.78125 0.84375 0.112369
0.78125 0.875 0.13948
0.75 0.875 0.127253
0.75 0.84375 0.0973366
0.75 0.8125 0.0678901
0.78125 0.8125 0.0865297
0.78125 0.84375 0.112369
0.75 0.84375 0.0973366
0.78125 0.875 0.13948
0.78125 0.84375 0.112369
0.8125 0.84375 0.131191
0.8125 0.875 0.155182
0.78125 0.875 0.13948
0.78125 0.84375 0.112369
0.78125 0.8125 0.0865297
0.8125 0.8125 0.109025
0.8125 0.84375 0.131191
0.78125 0.84375 0.112369
0.75 0.8125 0.0678901
0.75 0.78125 0.0391744
0.78125 0.78125 0.0627435
0.78125 0.8125 0.0865297
0.75 0.8125 0.0678901
0.75 0.78125 0.0391744
0.75 0.75 0.0120262
0.78125 0.75 0.042718
0.78125 0.78125 0.0627435
0.75 0.78125 0.0391744
0.78125 0.8125 0.0865297
0.78125 0.78125 0.0627435
0.8125 0.78125 0.0892228
0.8125 0.8125 0.109025
0.78125 0.8125 0.0865297
0.78125 0.78125 0.0627435
0.78125 0.75 0.042718
0.8125 0.75 0.0731986
0.8125 0.78125 0.0892228
0.78125 0.78125 0.0627435
0.8125 0.875 0.155182
0.8125 0.8125 0.109025
0.875 0.8125 0.158043
0.875 0.875 0.198075
0.8125 0.875 0.155182
0.8125 0.8125 0.109025
0.8125 0.78125 0.0892228
0.84375 0.78125 0.116341
0.84375 0.8125 0.133187
0.8125 0.8125 0.109025
0.8125 0.78125 0.0892228
0.8125 0.75 0.0731986
0.84375 0.75 0.103232
0.84375 0.78125 0.116341
0.8125 0.78125 0.0892228
0.84375 0.8125 0.133187
0.84375 0.78125 0.116341
0.875 0.78125 0.143675
0.875 0.8125 0.158043
0.84375 0.8125 0.133187
0.84375 0.78125 0.116341
0.84375 0.75 0.103232
0.875 0.75 0.132847
0.875 0.78125 0.143675
0.84375 0.78125 0.116341
0.875 1 0.293241
0.875 0.875 0.198075
1 0.875 0.301597
1 1 0.383556
0.875 1 0.293241
0.875 0.875 0.198075
0.875 0.8125 0.158043
0.9375 0.8125 0.214611
0.9375 0.875 0.24724
0.875 0.875 0.198075
0.875 0.8125 0.158043
0.875 0.75 0.132847
0.9375 0.75 0.19341
0.9375 0.8125 0.214611
0.875 0.8125 0.158043
0.9375 0.875 0.24724
0.9375 0.8125 0.214611
1 0.8125 0.273183
1 0.875 0.301597
0.9375 0.875 0.24724
0.9375 0.8125 0.214611
0.9375 0.75 0.19341
1 0.75 0.254892
1 0.8125 0.273183
0.9375 0.8125 0.214611
0.75 0.75 0.0120262
0.75 0.71875 0.00336935
0.78125 0.71875 0.034616
0.78125 0.75 0.042718
0.75 0.75 0.0120262
0.75 0.71875 0.00336935
0.75 0.6875 0.0028991
0.78125 0.6875 0.0341453
0.78125 0.71875 0.034616
0.75 0.71875 0.00336935
0.78125 0.75 0.042718
0.78125 0.71875 0.034616
0.8125 0.71875 0.0658641
0.8125 0.75 0.0731986
0.78125 0.75 0.042718
0.78125 0.71875 0.034616
0.78125 0.6875 0.0341453
0.8125 0.6875 0.0653915
0.8125 0.71875 0.0658641
0.78125 0.71875 0.034616
0.75 0.6875 0.0028991
0.75 0.65625 0.00241099
0.78125 0.65625 0.0336572
0.78125 0.6875 0.0341453
0.75 0.6875 0.0028991
0.75 0.65625 0.00241099
0.75 0.625 0.00192271
0.78125 0.625 0.0331689
0.78125 0.65625 0.0336572
0.75 0.65625 0.00241099
0.78125 0.6875 0.0341453
0.78125 0.65625 0.0336572
0.8125 0.65625 0.0649034
0.8125 0.6875 0.0653915
0.78125 0.6875 0.0341453
0.78125 0.65625 0.0336572
0.78125 0.625 0.0331689
0.8125 0.625 0.0644151
0.8125 0.65625 0.0649034
0.78125 0.65625 0.0336572
0.8125 0.75 0.0731986
0.8125 0.71875 0.0658641
0.84375 0.71875 0.0971139
0.84375 0.75 0.103232
0.8125 0.75 0.0731986
0.8125 0.71875 0.0658641
0.8125 0.6875 0.0653915
0.84375 0.6875 0.0966377
0.84375 0.71875 0.0971139
0.8125 0.71875 0.0658641
0.84375 0.75 0.103232
0.84375 0.71875 0.0971139
0.875 0.71875 0.128364
0.875 0.75 0.132847
0.84375 0.75 0.103232
0.84375 0.71875 0.0971139
0.84375 0.6875 0.0966377
0.875 0.6875 0.127884
0.875 0.71875 0.128364
0.84375 0.71875 0.0971139
0.8125 0.6875 0.0653915
0.8125 0.65625 0.0649034
0.84375 0.65625 0.0961495
0.84375 0.6875 0.0966377
0.8125 0.6875 0.0653915
0.8125 0.65625 0.0649034
0.8125 0.625 0.0644151
0.84375 0.625 0.0956613
0.84375 0.65625 0.0961495
0.8125 0.65625 0.0649034
0.84375 0.6875 0.0966377
0.84375 0.65625 0.0961495
0.875 0.65625 0.127396
0.875 0.6875 0.127884
0.84375 0.6875 0.0966377
0.84375 0.65625 0.0961495
0.84375 0.625 0.0956613
0.875 0.625 0.126907
0.875 0.65625 0.127396
0.84375 0.65625 0.0961495
0.75 0.625 0.00192271
0.75 0.59375 0.00143443
0.78125 0.59375 0.0326806
0.78125 0.625 0.0331689
0.75 0.625 0.00192271
0.75 0.59375 0.00143443
0.75 0.5625 0.000946145
0.78125 0.5625 0.0321923
0.78125 0.59375 0.0326806
0.75 0.59375 0.00143443
0.78125 0.625 0.0331689
0.78125 0.59375 0.0326806
0.8125 0.59375 0.0639268
0.8125 0.625 0.0644151
0.78125 0.625 0.0331689
0.78125 0.59375 0.0326806
0.78125 0.5625 0.0321923
0.8125 0.5625 0.0634385
0.8125 0.59375 0.0639268
0.78125 0.59375 0.0326806
0.75 0.5625 0.000946145
0.75 0.53125 0.000457864
0.78125 0.53125 0.031704
0.78125 0.5625 0.0321923
0.75 0.5625 0.000946145
0.75 0.53125 0.000457864
0.75 0.5 -3.04176e-005
0.78125 0.5 0.0312158
0.78125 0.53125 0.031704
0.75 0.53125 0.000457864
0.78125 0.5625 0.0321923
0.78125 0.53125 0.031704
0.8125 0.53125 0.0629502
0.8125 0.5625 0.0634385
0.78125 0.5625 0.0321923
0.78125 0.53125 0.031704
0.78125 0.5 0.0312158
0.8125 0.5 0.062462
0.8125 0.53125 0.0629502
0.78125 0.53125 0.031704
0.8125 0.625 0.0644151
0.8125 0.59375 0.0639268
0.84375 0.59375 0.095173
0.84375 0.625 0.0956613
0.8125 0.625 0.0644151
0.8125 0.59375 0.0639268
0.8125 0.5625 0.0634385
0.84375 0.5625 0.0946847
0.84375 0.59375 0.095173
0.8125 0.59375 0.0639268
0.84375 0.625 0.0956613
0.84375 0.59375 0.095173
0.875 0.59375 0.126419
0.875 0.625 0.126907
0.84375 0.625 0.0956613
0.84375 0.59375 0.095173
0.84375 0.5625 0.0946847
0.875 0.5625 0.125931
0.875 0.59375 0.126419
0.84375 0.59375 0.095173
0.8125 0.5625 0.0634385
0.8125 0.53125 0.0629502
0.84375 0.53125 0.0941964
0.84375 0.5625 0.0946847
0.8125 0.5625 0.0634385
0.8125 0.53125 0.0629502
0.8125 0.5 0.062462
0.84375 0.5 0.0937081
0.84375 0.53125 0.0941964
0.8125 0.53125 0.0629502
0.84375 0.5625 0.0946847
0.84375 0.53125 0.0941964
0.875 0.53125 0.125443
0.875 0.5625 0.125931
0.84375 0.5625 0.0946847
0.84375 0.53125 0.0941964
0.84375 0.5 0.0937081
0.875 0.5 0.124954
0.875 0.53125 0.125443
0.84375 0.53125 0.0941964
0.875 0.75 0.132847
0.875 0.6875 0.127884
0.9375 0.6875 0.190376
0.9375 0.75 0.19341
0.875 0.75 0.132847
0.875 0.6875 0.127884
0.875 0.625 0.126907
0.9375 0.625 0.1894
0.9375 0.6875 0.190376
0.875 0.6875 0.127884
0.9375 0.75 0.19341
0.9375 0.6875 0.190376
1 0.6875 0.252869
1 0.75 0.254892
0.9375 0.75 0.19341
0.9375 0.6875 0.190376
0.9375 0.625 0.1894
1 0.625 0.251892
1 0.6875 0.252869
0.9375 0.6875 0.190376
0.875 0.625 0.126907
0.875 0.5625 0.125931
0.9375 0.5625 0.188423
0.9375 0.625 0.1894
0.875 0.625 0.126907
0.875 0.5625 0.125931
0.875 0.5 0.124954
0.9375 0.5 0.187447
0.9375 0.5625 0.188423
0.875 0.5625 0.125931
0.9375 0.625 0.1894
0.9375 0.5625 0.188423
1 0.5625 0.250916
1 0.625 0.251892
0.9375 0.625 0.1894
0.9375 0.5625 0.188423
0.9375 0.5 0.187447
1 0.5 0.249939
1 0.5625 0.250916
0.9375 0.5625 0.188423
0.5 0.5 -0.227147
0.5 0.4375 -0.186263
0.5625 0.4375 -0.166348
0.5625 0.5 -0.183308
0.5 0.5 -0.227147
0.5 0.4375 -0.186263
0.5 0.375 -0.125015
0.5625 0.375 -0.124031
0.5625 0.4375 -0.166348
0.5 0.4375 -0.186263
0.5625 0.5 -0.183308
0.5625 0.4375 -0.166348
0.625 0.4375 -0.125909
0.625 0.5 -0.125015
0.5625 0.5 -0.183308
0.5625 0.4375 -0.166348
0.5625 0.375 -0.124031
0.625 0.375 -0.113893
0.625 0.4375 -0.125909
0.5625 0.4375 -0.166348
0.5 0.375 -0.125015
0.5 0.34375 -0.0937692
0.53125 0.34375 -0.0932809
0.53125 0.375 -0.124527
0.5 0.375 -0.125015
0.5 0.34375 -0.0937692
0.5 0.3125 -0.062523
0.53125 0.3125 -0.0620347
0.53125 0.34375 -0.0932809
0.5 0.34375 -0.0937692
0.53125 0.375 -0.124527
0.53125 0.34375 -0.0932809
0.5625 0.34375 -0.0927926
0.5625 0.375 -0.124031
0.53125 0.375 -0.124527
0.53125 0.34375 -0.0932809
0.53125 0.3125 -0.0620347
0.5625 0.3125 -0.0615464
0.5625 0.34375 -0.0927926
0.53125 0.34375 -0.0932809
0.5 0.3125 -0.062523
0.5 0.28125 -0.0312768
0.53125 0.28125 -0.0307885
0.53125 0.3125 -0.0620347
0.5 0.3125 -0.062523
0.5 0.28125 -0.0312768
0.5 0.25 -3.06176e-005
0.53125 0.25 0.000457664
0.53125 0.28125 -0.0307885
0.5 0.28125 -0.0312768
0.53125 0.3125 -0.0620347
0.53125 0.28125 -0.0307885
0.5625 0.28125 -0.0303002
0.5625 0.3125 -0.0615464
0.53125 0.3125 -0.0620347
0.53125 0.28125 -0.0307885
0.53125 0.25 0.000457664
0.5625 0.25 0.000945945
0.5625 0.28125 -0.0303002
0.53125 0.28125 -0.0307885
0.5625 0.375 -0.124031
0.5625 0.34375 -0.0927926
0.59375 0.34375 -0.0922972
0.59375 0.375 -0.122907
0.5625 0.375 -0.124031
0.5625 0.34375 -0.0927926
0.5625 0.3125 -0.0615464
0.59375 0.3125 -0.0610581
0.59375 0.34375 -0.0922972
0.5625 0.34375 -0.0927926
0.59375 0.375 -0.122907
0.59375 0.34375 -0.0922972
0.625 0.34375 -0.0912467
0.625 0.375 -0.113893
0.59375 0.375 -0.122907
0.59375 0.34375 -0.0922972
0.59375 0.3125 -0.0610581
0.625 0.3125 -0.0605642
0.625 0.34375 -0.0912467
0.59375 0.34375 -0.0922972
0.5625 0.3125 -0.0615464
0.5625 0.28125 -0.0303002
0.59375 0.28125 -0.029812
0.59375 0.3125 -0.0610581
0.5625 0.3125 -0.0615464
0.5625 0.28125 -0.0303002
0.5625 0.25 0.000945945
0.59375 0.25 0.00143423
0.59375 0.28125 -0.029812
0.5625 0.28125 -0.0303002
0.59375 0.3125 -0.0610581
0.59375 0.28125 -0.029812
0.625 0.28125 -0.0293237
0.625 0.3125 -0.0605642
0.59375 0.3125 -0.0610581
0.59375 0.28125 -0.029812
0.59375 0.25 0.00143423
0.625 0.25 0.00192251
0.625 0.28125 -0.0293237
0.59375 0.28125 -0.029812
0.625 0.5 -0.125015
0.625 0.46875 -0.125503
0.65625 0.46875 -0.0942573
0.65625 0.5 -0.093769
0.625 0.5 -0.125015
0.625 0.46875 -0.125503
0.625 0.4375 -0.125909
0.65625 0.4375 -0.0947455
0.65625 0.46875 -0.0942573
0.625 0.46875 -0.125503
0.65625 0.5 -0.093769
0.65625 0.46875 -0.0942573
0.6875 0.46875 -0.0630111
0.6875 0.5 -0.0625228
0.65625 0.5 -0.093769
0.65625 0.46875 -0.0942573
0.65625 0.4375 -0.0947455
0.6875 0.4375 -0.0634994
0.6875 0.46875 -0.0630111
0.65625 0.46875 -0.0942573
0.625 0.4375 -0.125909
0.625 0.40625 -0.12408
0.65625 0.40625 -0.0951407
0.65625 0.4375 -0.0947455
0.625 0.4375 -0.125909
0.625 0.40625 -0.12408
0.625 0.375 -0.113893
0.65625 0.375 -0.0932064
0.65625 0.40625 -0.0951407
0.625 0.40625 -0.12408
0.65625 0.4375 -0.0947455
0.65625 0.40625 -0.0951407
0.6875 0.40625 -0.0639876
0.6875 0.4375 -0.0634994
0.65625 0.4375 -0.0947455
0.65625 0.40625 -0.0951407
0.65625 0.375 -0.0932064
0.6875 0.375 -0.0643828
0.6875 0.40625 -0.0639876
0.65625 0.40625 -0.0951407
0.6875 0.5 -0.0625228
0.6875 0.46875 -0.0630111
0.71875 0.46875 -0.0317649
0.71875 0.5 -0.0312766
0.6875 0.5 -0.0625228
0.6875 0.46875 -0.0630111
0.6875 0.4375 -0.0634994
0.71875 0.4375 -0.0322532
0.71875 0.46875 -0.0317649
0.6875 0.46875 -0.0630111
0.71875 0.5 -0.0312766
0.71875 0.46875 -0.0317649
0.75 0.46875 -0.000518699
0.75 0.5 -3.04176e-005
0.71875 0.5 -0.0312766
0.71875 0.46875 -0.0317649
0.71875 0.4375 -0.0322532
0.75 0.4375 -0.00100698
0.75 0.46875 -0.000518699
0.71875 0.46875 -0.0317649
0.6875 0.4375 -0.0634994
0.6875 0.40625 -0.0639876
0.71875 0.40625 -0.0327414
0.71875 0.4375 -0.0322532
0.6875 0.4375 -0.0634994
0.6875 0.40625 -0.0639876
0.6875 0.375 -0.0643828
0.71875 0.375 -0.0332297
0.71875 0.40625 -0.0327414
0.6875 0.40625 -0.0639876
0.71875 0.4375 -0.0322532
0.71875 0.40625 -0.0327414
0.75 0.40625 -0.00149526
0.75 0.4375 -0.00100698
0.71875 0.4375 -0.0322532
0.71875 0.40625 -0.0327414
0.71875 0.375 -0.0332297
0.75 0.375 -0.00198354
0.75 0.40625 -0.00149526
0.71875 0.40625 -0.0327414
0.625 0.375 -0.113893
0.625 0.34375 -0.0912467
0.65625 0.34375 -0.082774
0.65625 0.375 -0.0932064
0.625 0.375 -0.113893
0.625 0.34375 -0.0912467
0.625 0.3125 -0.0605642
0.65625 0.3125 -0.0596162
0.65625 0.34375 -0.082774
0.625 0.34375 -0.0912467
0.65625 0.375 -0.0932064
0.65625 0.34375 -0.082774
0.6875 0.34375 -0.0624695
0.6875 0.375 -0.0643828
0.65625 0.375 -0.0932064
0.65625 0.34375 -0.082774
0.65625 0.3125 -0.0596162
0.6875 0.3125 -0.0520237
0.6875 0.34375 -0.0624695
0.65625 0.34375 -0.082774
0.625 0.3125 -0.0605642
0.625 0.28125 -0.0293237
0.65625 0.28125 -0.0288335
0.65625 0.3125 -0.0596162
0.625 0.3125 -0.0605642
0.625 0.28125 -0.0293237
0.625 0.25 0.00192251
0.65625 0.25 0.00241078
0.65625 0.28125 -0.0288335
0.625 0.28125 -0.0293237
0.65625 0.3125 -0.0596162
0.65625 0.28125 -0.0288335
0.6875 0.28125 -0.0281554
0.6875 0.3125 -0.0520237
0.65625 0.3125 -0.0596162
0.65625 0.28125 -0.0288335
0.65625 0.25 0.00241078
0.6875 0.25 0.00289836
0.6875 0.28125 -0.0281554
0.65625 0.28125 -0.0288335
0.6875 0.375 -0.0643828
0.6875 0.34375 -0.0624695
0.71875 0.34375 -0.0336613
0.71875 0.375 -0.0332297
0.6875 0.375 -0.0643828
0.6875 0.34375 -0.0624695
0.6875 0.3125 -0.0520237
0.71875 0.3125 -0.0322126
0.71875 0.34375 -0.0336613
0.6875 0.34375 -0.0624695
0.71875 0.375 -0.0332297
0.71875 0.34375 -0.0336613
0.75 0.34375 -0.00247182
0.75 0.375 -0.00198354
0.71875 0.375 -0.0332297
0.71875 0.34375 -0.0336613
0.71875 0.3125 -0.0322126
0.75 0.3125 -0.00296011
0.75 0.34375 -0.00247182
0.71875 0.34375 -0.0336613
0.6875 0.3125 -0.0520237
0.6875 0.28125 -0.0281554
0.71875 0.28125 -0.0228043
0.71875 0.3125 -0.0322126
0.6875 0.3125 -0.0520237
0.6875 0.28125 -0.0281554
0.6875 0.25 0.00289836
0.71875 0.25 0.00335843
0.71875 0.28125 -0.0228043
0.6875 0.28125 -0.0281554
0.71875 0.3125 -0.0322126
0.71875 0.28125 -0.0228043
0.75 0.28125 -0.00294668
0.75 0.3125 -0.00296011
0.71875 0.3125 -0.0322126
0.71875 0.28125 -0.0228043
0.71875 0.25 0.00335843
0.75 0.25 0.0112936
0.75 0.28125 -0.00294668
0.71875 0.28125 -0.0228043
0.5 0.25 -3.06176e-005
0.5 0.21875 0.0312156
0.53125 0.21875 0.0317038
0.53125 0.25 0.000457664
0.5 0.25 -3.06176e-005
0.5 0.21875 0.0312156
0.5 0.1875 0.0624618
0.53125 0.1875 0.06295
0.53125 0.21875 0.0317038
0.5 0.21875 0.0312156
0.53125 0.25 0.000457664
0.53125 0.21875 0.0317038
0.5625 0.21875 0.0321921
0.5625 0.25 0.000945945
0.53125 0.25 0.000457664
0.53125 0.21875 0.0317038
0.53125 0.1875 0.06295
0.5625 0.1875 0.0634383
0.5625 0.21875 0.0321921
0.53125 0.21875 0.0317038
0.5 0.1875 0.0624618
0.5 0.15625 0.0937079
0.53125 0.15625 0.0941962
0.53125 0.1875 0.06295
0.5 0.1875 0.0624618
0.5 0.15625 0.0937079
0.5 0.125 0.124954
0.53125 0.125 0.125442
0.53125 0.15625 0.0941962
0.5 0.15625 0.0937079
0.53125 0.1875 0.06295
0.53125 0.15625 0.0941962
0.5625 0.15625 0.0946845
0.5625 0.1875 0.0634383
0.53125 0.1875 0.06295
0.53125 0.15625 0.0941962
0.53125 0.125 0.125442
0.5625 0.125 0.125931
0.5625 0.15625 0.0946845
0.53125 0.15625 0.0941962
0.5625 0.25 0.000945945
0.5625 0.21875 0.0321921
0.59375 0.21875 0.0326804
0.59375 0.25 0.00143423
0.5625 0.25 0.000945945
0.5625 0.21875 0.0321921
0.5625 0.1875 0.0634383
0.59375 0.1875 0.0639266
0.59375 0.21875 0.0326804
0.5625 0.21875 0.0321921
0.59375 0.25 0.00143423
0.59375 0.21875 0.0326804
0.625 0.21875 0.0331687
0.625 0.25 0.00192251
0.59375 0.25 0.00143423
0.59375 0.21875 0.0326804
0.59375 0.1875 0.0639266
0.625 0.1875 0.0644149
0.625 0.21875 0.0331687
0.59375 0.21875 0.0326804
0.5625 0.1875 0.0634383
0.5625 0.15625 0.0946845
0.59375 0.15625 0.0951728
0.59375 0.1875 0.0639266
0.5625 0.1875 0.0634383
0.5625 0.15625 0.0946845
0.5625 0.125 0.125931
0.59375 0.125 0.126419
0.59375 0.15625 0.0951728
0.5625 0.15625 0.0946845
0.59375 0.1875 0.0639266
0.59375 0.15625 0.0951728
0.625 0.15625 0.0956611
0.625 0.1875 0.0644149
0.59375 0.1875 0.0639266
0.59375 0.15625 0.0951728
0.59375 0.125 0.126419
0.625 0.125 0.126907
0.625 0.15625 0.0956611
0.59375 0.15625 0.0951728
0.5 0.125 0.124954
0.5 0.0625 0.187446
0.5625 0.0625 0.188423
0.5625 0.125 0.125931
0.5 0.125 0.124954
0.5 0.0625 0.187446
0.5 0 0.249939
0.5625 0 0.250915
0.5625 0.0625 0.188423
0.5 0.0625 0.187446
0.5625 0.125 0.125931
0.5625 0.0625 0.188423
0.625 0.0625 0.1894
0.625 0.125 0.126907
0.5625 0.125 0.125931
0.5625 0.0625 0.188423
0.5625 0 0.250915
0.625 0 0.251892
0.625 0.0625 0.1894
0.5625 0.0625 0.188423
0.625 0.25 0.00192251
0.625 0.21875 0.0331687
0.65625 0.21875 0.033657
0.65625 0.25 0.00241078
0.625 0.25 0.00192251
0.625 0.21875 0.0331687
0.625 0.1875 0.0644149
0.65625 0.1875 0.0649032
0.65625 0.21875 0.033657
0.625 0.21875 0.0331687
0.65625 0.25 0.00241078
0.65625 0.21875 0.033657
0.6875 0.21875 0.0341447
0.6875 0.25 0.00289836
0.65625 0.25 0.00241078
0.65625 0.21875 0.033657
0.65625 0.1875 0.0649032
0.6875 0.1875 0.065391
0.6875 0.21875 0.0341447
0.65625 0.21875 0.033657
0.625 0.1875 0.0644149
0.625 0.15625 0.0956611
0.65625 0.15625 0.0961493
0.65625 0.1875 0.0649032
0.625 0.1875 0.0644149
0.625 0.15625 0.0956611
0.625 0.125 0.126907
0.65625 0.125 0.127396
0.65625 0.15625 0.0961493
0.625 0.15625 0.0956611
0.65625 0.1875 0.0649032
0.65625 0.15625 0.0961493
0.6875 0.15625 0.0966374
0.6875 0.1875 0.065391
0.65625 0.1875 0.0649032
0.65625 0.15625 0.0961493
0.65625 0.125 0.127396
0.6875 0.125 0.127884
0.6875 0.15625 0.0966374
0.65625 0.15625 0.0961493
0.6875 0.25 0.00289836
0.6875 0.21875 0.0341447
0.71875 0.21875 0.0346061
0.71875 0.25 0.00335843
0.6875 0.25 0.00289836
0.6875 0.21875 0.0341447
0.6875 0.1875 0.065391
0.71875 0.1875 0.0658564
0.71875 0.21875 0.0346061
0.6875 0.21875 0.0341447
0.71875 0.25 0.00335843
0.71875 0.21875 0.0346061
0.75 0.21875 0.0408612
0.75 0.25 0.0112936
0.71875 0.25 0.00335843
0.71875 0.21875 0.0346061
0.71875 0.1875 0.0658564
0.75 0.1875 0.0709571
0.75 0.21875 0.0408612
0.71875 0.21875 0.0346061
0.6875 0.1875 0.065391
0.6875 0.15625 0.0966374
0.71875 0.15625 0.0971085
0.71875 0.1875 0.0658564
0.6875 0.1875 0.065391
0.6875 0.15625 0.0966374
0.6875 0.125 0.127884
0.71875 0.125 0.128361
0.71875 0.15625 0.0971085
0.6875 0.15625 0.0966374
0.71875 0.1875 0.0658564
0.71875 0.15625 0.0971085
0.75 0.15625 0.101183
0.75 0.1875 0.0709571
0.71875 0.1875 0.0658564
0.71875 0.15625 0.0971085
0.71875 0.125 0.128361
0.75 0.125 0.131416
0.75 0.15625 0.101183
0.71875 0.15625 0.0971085
0.625 0.125 0.126907
0.625 0.0625 0.1894
0.6875 0.0625 0.190376
0.6875 0.125 0.127884
0.625 0.125 0.126907
0.625 0.0625 0.1894
0.625 0 0.251892
0.6875 0 0.252869
0.6875 0.0625 0.190376
0.625 0.0625 0.1894
0.6875 0.125 0.127884
0.6875 0.0625 0.190376
0.75 0.0625 0.19276
0.75 0.125 0.131416
0.6875 0.125 0.127884
0.6875 0.0625 0.190376
0.6875 0 0.252869
0.75 0 0.254593
0.75 0.0625 0.19276
0.6875 0.0625 0.190376
0.75 0.5 -3.04176e-005
0.75 0.46875 -0.000518699
0.78125 0.46875 0.0307275
0.78125 0.5 0.0312158
0.75 0.5 -3.04176e-005
0.75 0.46875 -0.000518699
0.75 0.4375 -0.00100698
0.78125 0.4375 0.0302392
0.78125 0.46875 0.0307275
0.75 0.46875 -0.000518699
0.78125 0.5 0.0312158
0.78125 0.46875 0.0307275
0.8125 0.46875 0.0619737
0.8125 0.5 0.062462
0.78125 0.5 0.0312158
0.78125 0.46875 0.0307275
0.78125 0.4375 0.0302392
0.8125 0.4375 0.0614854
0.8125 0.46875 0.0619737
0.78125 0.46875 0.0307275
0.75 0.4375 -0.00100698
0.75 0.40625 -0.00149526
0.78125 0.40625 0.0297509
0.78125 0.4375 0.0302392
0.75 0.4375 -0.00100698
0.75 0.40625 -0.00149526
0.75 0.375 -0.00198354
0.78125 0.375 0.0292626
0.78125 0.40625 0.0297509
0.75 0.40625 -0.00149526
0.78125 0.4375 0.0302392
0.78125 0.40625 0.0297509
0.8125 0.40625 0.0609971
0.8125 0.4375 0.0614854
0.78125 0.4375 0.0302392
0.78125 0.40625 0.0297509
0.78125 0.375 0.0292626
0.8125 0.375 0.0605088
0.8125 0.40625 0.0609971
0.78125 0.40625 0.0297509
0.8125 0.5 0.062462
0.8125 0.46875 0.0619737
0.84375 0.46875 0.0932199
0.84375 0.5 0.0937081
0.8125 0.5 0.062462
0.8125 0.46875 0.0619737
0.8125 0.4375 0.0614854
0.84375 0.4375 0.0927316
0.84375 0.46875 0.0932199
0.8125 0.46875 0.0619737
0.84375 0.5 0.0937081
0.84375 0.46875 0.0932199
0.875 0.46875 0.124466
0.875 0.5 0.124954
0.84375 0.5 0.0937081
0.84375 0.46875 0.0932199
0.84375 0.4375 0.0927316
0.875 0.4375 0.123978
0.875 0.46875 0.124466
0.84375 0.46875 0.0932199
0.8125 0.4375 0.0614854
0.8125 0.40625 0.0609971
0.84375 0.40625 0.0922433
0.84375 0.4375 0.0927316
0.8125 0.4375 0.0614854
0.8125 0.40625 0.0609971
0.8125 0.375 0.0605088
0.84375 0.375 0.091755
0.84375 0.40625 0.0922433
0.8125 0.40625 0.0609971
0.84375 0.4375 0.0927316
0.84375 0.40625 0.0922433
0.875 0.40625 0.123489
0.875 0.4375 0.123978
0.84375 0.4375 0.0927316
0.84375 0.40625 0.0922433
0.84375 0.375 0.091755
0.875 0.375 0.123001
0.875 0.40625 0.123489
0.84375 0.40625 0.0922433
0.75 0.375 -0.00198354
0.75 0.34375 -0.00247182
0.78125 0.34375 0.0287744
0.78125 0.375 0.0292626
0.75 0.375 -0.00198354
0.75 0.34375 -0.00247182
0.75 0.3125 -0.00296011
0.78125 0.3125 0.0282894
0.78125 0.34375 0.0287744
0.75 0.34375 -0.00247182
0.78125 0.375 0.0292626
0.78125 0.34375 0.0287744
0.8125 0.34375 0.0600207
0.8125 0.375 0.0605088
0.78125 0.375 0.0292626
0.78125 0.34375 0.0287744
0.78125 0.3125 0.0282894
0.8125 0.3125 0.0595391
0.8125 0.34375 0.0600207
0.78125 0.34375 0.0287744
0.75 0.3125 -0.00296011
0.75 0.28125 -0.00294668
0.78125 0.28125 0.0280936
0.78125 0.3125 0.0282894
0.75 0.3125 -0.00296011
0.75 0.28125 -0.00294668
0.75 0.25 0.0112936
0.78125 0.25 0.0377385
0.78125 0.28125 0.0280936
0.75 0.28125 -0.00294668
0.78125 0.3125 0.0282894
0.78125 0.28125 0.0280936
0.8125 0.28125 0.0593393
0.8125 0.3125 0.0595391
0.78125 0.3125 0.0282894
0.78125 0.28125 0.0280936
0.78125 0.25 0.0377385
0.8125 0.25 0.0665365
0.8125 0.28125 0.0593393
0.78125 0.28125 0.0280936
0.8125 0.375 0.0605088
0.8125 0.34375 0.0600207
0.84375 0.34375 0.0912671
0.84375 0.375 0.091755
0.8125 0.375 0.0605088
0.8125 0.34375 0.0600207
0.8125 0.3125 0.0595391
0.84375 0.3125 0.0907882
0.84375 0.34375 0.0912671
0.8125 0.34375 0.0600207
0.84375 0.375 0.091755
0.84375 0.34375 0.0912671
0.875 0.34375 0.122513
0.875 0.375 0.123001
0.84375 0.375 0.091755
0.84375 0.34375 0.0912671
0.84375 0.3125 0.0907882
0.875 0.3125 0.122035
0.875 0.34375 0.122513
0.84375 0.34375 0.0912671
0.8125 0.3125 0.0595391
0.8125 0.28125 0.0593393
0.84375 0.28125 0.0905685
0.84375 0.3125 0.0907882
0.8125 0.3125 0.0595391
0.8125 0.28125 0.0593393
0.8125 0.25 0.0665365
0.84375 0.25 0.0961808
0.84375 0.28125 0.0905685
0.8125 0.28125 0.0593393
0.84375 0.3125 0.0907882
0.84375 0.28125 0.0905685
0.875 0.28125 0.121774
0.875 0.3125 0.122035
0.84375 0.3125 0.0907882
0.84375 0.28125 0.0905685
0.84375 0.25 0.0961808
0.875 0.25 0.126012
0.875 0.28125 0.121774
0.84375 0.28125 0.0905685
0.875 0.5 0.124954
0.875 0.4375 0.123978
0.9375 0.4375 0.18647
0.9375 0.5 0.187447
0.875 0.5 0.124954
0.875 0.4375 0.123978
0.875 0.375 0.123001
0.9375 0.375 0.185494
0.9375 0.4375 0.18647
0.875 0.4375 0.123978
0.9375 0.5 0.187447
0.9375 0.4375 0.18647
1 0.4375 0.248963
1 0.5 0.249939
0.9375 0.5 0.187447
0.9375 0.4375 0.18647
0.9375 0.375 0.185494
1 0.375 0.247986
1 0.4375 0.248963
0.9375 0.4375 0.18647
0.875 0.375 0.123001
0.875 0.3125 0.122035
0.9375 0.3125 0.184531
0.9375 0.375 0.185494
0.875 0.375 0.123001
0.875 0.3125 0.122035
0.875 0.25 0.126012
0.9375 0.25 0.187101
0.9375 0.3125 0.184531
0.875 0.3125 0.122035
0.9375 0.375 0.185494
0.9375 0.3125 0.184531
1 0.3125 0.247028
1 0.375 0.247986
0.9375 0.375 0.185494
0.9375 0.3125 0.184531
0.9375 0.25 0.187101
1 0.25 0.248492
1 0.3125 0.247028
0.9375 0.3125 0.184531
0.75 0.25 0.0112936
0.75 0.21875 0.0408612
0.78125 0.21875 0.0587836
0.78125 0.25 0.0377385
0.75 0.25 0.0112936
0.75 0.21875 0.0408612
0.75 0.1875 0.0709571
0.78125 0.1875 0.0842799
0.78125 0.21875 0.0587836
0.75 0.21875 0.0408612
0.78125 0.25 0.0377385
0.78125 0.21875 0.0587836
0.8125 0.21875 0.0825248
0.8125 0.25 0.0665365
0.78125 0.25 0.0377385
0.78125 0.21875 0.0587836
0.78125 0.1875 0.0842799
0.8125 0.1875 0.103537
0.8125 0.21875 0.0825248
0.78125 0.21875 0.0587836
0.75 0.1875 0.0709571
0.75 0.15625 0.101183
0.78125 0.15625 0.111274
0.78125 0.1875 0.0842799
0.75 0.1875 0.0709571
0.75 0.15625 0.101183
0.75 0.125 0.131416
0.78125 0.125 0.13885
0.78125 0.15625 0.111274
0.75 0.15625 0.101183
0.78125 0.1875 0.0842799
0.78125 0.15625 0.111274
0.8125 0.15625 0.126079
0.8125 0.1875 0.103537
0.78125 0.1875 0.0842799
0.78125 0.15625 0.111274
0.78125 0.125 0.13885
0.8125 0.125 0.150178
0.8125 0.15625 0.126079
0.78125 0.15625 0.111274
0.8125 0.25 0.0665365
0.8125 0.21875 0.0825248
0.84375 0.21875 0.108495
0.84375 0.25 0.0961808
0.8125 0.25 0.0665365
0.8125 0.21875 0.0825248
0.8125 0.1875 0.103537
0.84375 0.1875 0.124799
0.84375 0.21875 0.108495
0.8125 0.21875 0.0825248
0.84375 0.25 0.0961808
0.84375 0.21875 0.108495
0.875 0.21875 0.135193
0.875 0.25 0.126012
0.84375 0.25 0.0961808
0.84375 0.21875 0.108495
0.84375 0.1875 0.124799
0.875 0.1875 0.147868
0.875 0.21875 0.135193
0.84375 0.21875 0.108495
0.8125 0.1875 0.103537
0.8125 0.125 0.150178
0.875 0.125 0.187065
0.875 0.1875 0.147868
0.8125 0.1875 0.103537
0.75 0.125 0.131416
0.75 0.0625 0.19276
0.8125 0.0625 0.205867
0.8125 0.125 0.150178
0.75 0.125 0.131416
0.75 0.0625 0.19276
0.75 0 0.254593
0.8125 0 0.265129
0.8125 0.0625 0.205867
0.75 0.0625 0.19276
0.8125 0.125 0.150178
0.8125 0.0625 0.205867
0.875 0.0625 0.233071
0.875 0.125 0.187065
0.8125 0.125 0.150178
0.8125 0.0625 0.205867
0.8125 0 0.265129
0.875 0 0.287086
0.875 0.0625 0.233071
0.8125 0.0625 0.205867
0.875 0.25 0.126012
0.875 0.1875 0.147868
0.9375 0.1875 0.201981
0.9375 0.25 0.187101
0.875 0.25 0.126012
0.875 0.1875 0.147868
0.875 0.125 0.187065
0.9375 0.125 0.231355
0.9375 0.1875 0.201981
0.875 0.1875 0.147868
0.9375 0.25 0.187101
0.9375 0.1875 0.201981
1 0.1875 0.260237
1 0.25 0.248492
0.9375 0.25 0.187101
0.9375 0.1875 0.201981
0.9375 0.125 0.231355
1 0.125 0.284031
1 0.1875 0.260237
0.9375 0.1875 0.201981
0.875 0.125 0.187065
0.875 0 0.287086
1 0 0.372955
1 0.125 0.284031
0.875 0.125 0.187065
