0 1 0.447502
0 0.875 0.371089
0.125 0.875 0.259987
0.125 1 0.34865
0 1 0.447502
0 0.875 0.371089
0 0.75 0.30747
0.125 0.75 0.189753
0.125 0.875 0.259987
0 0.875 0.371089
0.125 1 0.34865
0.125 0.9375 0.302877
0.1875 0.9375 0.25867
0.1875 1 0.308856
0.125 1 0.34865
0.125 0.9375 0.302877
0.125 0.875 0.259987
0.1875 0.875 0.210975
0.1875 0.9375 0.25867
0.125 0.9375 0.302877
0.1875 1 0.308856
0.1875 0.9375 0.25867
0.25 0.9375 0.219444
0.25 1 0.274384
0.1875 1 0.308856
0.1875 0.9375 0.25867
0.1875 0.875 0.210975
0.25 0.875 0.166343
0.25 0.9375 0.219444
0.1875 0.9375 0.25867
0.125 0.875 0.259987
0.125 0.8125 0.221848
0.1875 0.8125 0.167539
0.1875 0.875 0.210975
0.125 0.875 0.259987
0.125 0.8125 0.221848
0.125 0.75 0.189753
0.1875 0.75 0.131929
0.1875 0.8125 0.167539
0.125 0.8125 0.221848
0.1875 0.875 0.210975
0.1875 0.8125 0.167539
0.25 0.8125 0.118344
0.25 0.875 0.166343
0.1875 0.875 0.210975
0.1875 0.8125 0.167539
0.1875 0.78125 0.148786
0.21875 0.78125 0.122328
0.21875 0.8125 0.142433
0.1875 0.8125 0.167539
0.1875 0.78125 0.148786
0.1875 0.75 0.131929
0.21875 0.75 0.10419
0.21875 0.78125 0.122328
0.1875 0.78125 0.148786
0.21875 0.8125 0.142433
0.21875 0.78125 0.122328
0.25 0.78125 0.0966454
0.25 0.8125 0.118344
0.21875 0.8125 0.142433
0.21875 0.78125 0.122328
0.21875 0.75 0.10419
0.25 0.75 0.0769515
0.25 0.78125 0.0966454
0.21875 0.78125 0.122328
0 0.75 0.30747
0 0.6875 0.284652
0.0625 0.6875 0.224079
0.0625 0.75 0.248244
0 0.75 0.30747
0 0.6875 0.284652
0 0.625 0.267553
0.0625 0.625 0.206274
0.0625 0.6875 0.224079
0 0.6875 0.284652
0.0625 0.75 0.248244
0.0625 0.6875 0.224079
0.125 0.6875 0.163846
0.125 0.75 0.189753
0.0625 0.75 0.248244
0.0625 0.6875 0.224079
0.0625 0.625 0.206274
0.125 0.625 0.145221
0.125 0.6875 0.163846
0.0625 0.6875 0.224079
0 0.625 0.267553
0 0.5625 0.253757
0.0625 0.5625 0.191958
0.0625 0.625 0.206274
0 0.625 0.267553
0 0.5625 0.253757
0 0.5 0.242906
0.0625 0.5 0.180599
0.0625 0.5625 0.191958
0 0.5625 0.253757
0.0625 0.625 0.206274
0.0625 0.5625 0.191958
0.125 0.5625 0.130329
0.125 0.625 0.145221
0.0625 0.625 0.206274
0.0625 0.5625 0.191958
0.0625 0.5 0.180599
0.125 0.5 0.118323
0.125 0.5625 0.130329
0.0625 0.5625 0.191958
0.125 0.75 0.189753
0.125 0.6875 0.163846
0.1875 0.6875 0.10441
0.1875 0.75 0.131929
0.125 0.75 0.189753
0.125 0.6875 0.163846
0.125 0.65625 0.153854
0.15625 0.65625 0.123721
0.15625 0.6875 0.13408
0.125 0.6875 0.163846
0.125 0.65625 0.153854
0.125 0.625 0.145221
0.15625 0.625 0.114891
0.15625 0.65625 0.123721
0.125 0.65625 0.153854
0.15625 0.6875 0.13408
0.15625 0.65625 0.123721
0.1875 0.65625 0.093637
0.1875 0.6875 0.10441
0.15625 0.6875 0.13408
0.15625 0.65625 0.123721
0.15625 0.625 0.114891
0.1875 0.625 0.0845988
0.1875 0.65625 0.093637
0.15625 0.65625 0.123721
0.1875 0.75 0.131929
0.1875 0.71875 0.117094
0.21875 0.71875 0.088275
0.21875 0.75 0.10419
0.1875 0.75 0.131929
0.1875 0.71875 0.117094
0.1875 0.6875 0.10441
0.21875 0.6875 0.0748464
0.21875 0.71875 0.088275
0.1875 0.71875 0.117094
0.21875 0.75 0.10419
0.21875 0.71875 0.088275
0.25 0.71875 0.0597043
0.25 0.75 0.0769515
0.21875 0.75 0.10419
0.21875 0.71875 0.088275
0.21875 0.6875 0.0748464
0.25 0.6875 0.0453932
0.25 0.71875 0.0597043
0.21875 0.71875 0.088275
0.1875 0.6875 0.10441
0.1875 0.65625 0.093637
0.21875 0.65625 0.0636056
0.21875 0.6875 0.0748464
0.1875 0.6875 0.10441
0.1875 0.65625 0.093637
0.1875 0.625 0.0845988
0.21875 0.625 0.0543422
0.21875 0.65625 0.0636056
0.1875 0.65625 0.093637
0.21875 0.6875 0.0748464
0.21875 0.65625 0.0636056
0.25 0.65625 0.0336267
0.25 0.6875 0.0453932
0.21875 0.6875 0.0748464
0.21875 0.65625 0.0636056
0.21875 0.625 0.0543422
0.25 0.625 0.0241213
0.25 0.65625 0.0336267
0.21875 0.65625 0.0636056
0.125 0.625 0.145221
0.125 0.59375 0.137469
0.15625 0.59375 0.106995
0.15625 0.625 0.114891
0.125 0.625 0.145221
0.125 0.59375 0.137469
0.125 0.5625 0.130329
0.15625 0.5625 0.0997014
0.15625 0.59375 0.106995
0.125 0.59375 0.137469
0.15625 0.625 0.114891
0.15625 0.59375 0.106995
0.1875 0.59375 0.0765563
0.1875 0.625 0.0845988
0.15625 0.625 0.114891
0.15625 0.59375 0.106995
0.15625 0.5625 0.0997014
0.1875 0.5625 0.0691132
0.1875 0.59375 0.0765563
0.15625 0.59375 0.106995
0.125 0.5625 0.130329
0.125 0.53125 0.123886
0.15625 0.53125 0.0930776
0.15625 0.5625 0.0997014
0.125 0.5625 0.130329
0.125 0.53125 0.123886
0.125 0.5 0.118323
0.15625 0.5 0.0873271
0.15625 0.53125 0.0930776
0.125 0.53125 0.123886
0.15625 0.5625 0.0997014
0.15625 0.53125 0.0930776
0.1875 0.53125 0.0623013
0.1875 0.5625 0.0691132
0.15625 0.5625 0.0997014
0.15625 0.53125 0.0930776
0.15625 0.5 0.0873271
0.1875 0.5 0.056351
0.1875 0.53125 0.0623013
0.15625 0.53125 0.0930776
0.1875 0.625 0.0845988
0.1875 0.59375 0.0765563
0.21875 0.59375 0.0461523
0.21875 0.625 0.0543422
0.1875 0.625 0.0845988
0.1875 0.59375 0.0765563
0.1875 0.5625 0.0691132
0.21875 0.5625 0.0385694
0.21875 0.59375 0.0461523
0.1875 0.59375 0.0765563
0.21875 0.625 0.0543422
0.21875 0.59375 0.0461523
0.25 0.59375 0.0157837
0.25 0.625 0.0241213
0.21875 0.625 0.0543422
0.21875 0.59375 0.0461523
0.21875 0.5625 0.0385694
0.25 0.5625 0.00807534
0.25 0.59375 0.0157837
0.21875 0.59375 0.0461523
0.1875 0.5625 0.0691132
0.1875 0.53125 0.0623013
0.21875 0.53125 0.0315613
0.21875 0.5625 0.0385694
0.1875 0.5625 0.0691132
0.1875 0.53125 0.0623013
0.1875 0.5 0.056351
0.21875 0.5 0.0253985
0.21875 0.53125 0.0315613
0.1875 0.53125 0.0623013
0.21875 0.5625 0.0385694
0.21875 0.53125 0.0315613
0.25 0.53125 0.000863691
0.25 0.5625 0.00807534
0.21875 0.5625 0.0385694
0.21875 0.53125 0.0315613
0.21875 0.5 0.0253985
0.25 0.5 -0.00546561
0.25 0.53125 0.000863691
0.21875 0.53125 0.0315613
0.25 1 0.274384
0.25 0.9375 0.219444
0.3125 0.9375 0.190123
0.3125 1 0.249549
0.25 1 0.274384
0.25 0.9375 0.219444
0.25 0.875 0.166343
0.3125 0.875 0.131552
0.3125 0.9375 0.190123
0.25 0.9375 0.219444
0.3125 1 0.249549
0.3125 0.9375 0.190123
0.375 0.9375 0.173728
0.375 1 0.235873
0.3125 1 0.249549
0.3125 0.9375 0.190123
0.3125 0.875 0.131552
0.375 0.875 0.11164
0.375 0.9375 0.173728
0.3125 0.9375 0.190123
0.25 0.875 0.166343
0.25 0.84375 0.141683
0.28125 0.84375 0.121282
0.28125 0.875 0.147692
0.25 0.875 0.166343
0.25 0.84375 0.141683
0.25 0.8125 0.118344
0.28125 0.8125 0.0960461
0.28125 0.84375 0.121282
0.25 0.84375 0.141683
0.28125 0.875 0.147692
0.28125 0.84375 0.121282
0.3125 0.84375 0.103375
0.3125 0.875 0.131552
0.28125 0.875 0.147692
0.28125 0.84375 0.121282
0.28125 0.8125 0.0960461
0.3125 0.8125 0.0760579
0.3125 0.84375 0.103375
0.28125 0.84375 0.121282
0.25 0.8125 0.118344
0.25 0.78125 0.0966454
0.28125 0.78125 0.0723096
0.28125 0.8125 0.0960461
0.25 0.8125 0.118344
0.25 0.78125 0.0966454
0.25 0.75 0.0769515
0.28125 0.75 0.0505668
0.28125 0.78125 0.0723096
0.25 0.78125 0.0966454
0.28125 0.8125 0.0960461
0.28125 0.78125 0.0723096
0.3125 0.78125 0.0499232
0.3125 0.8125 0.0760579
0.28125 0.8125 0.0960461
0.28125 0.78125 0.0723096
0.28125 0.75 0.0505668
0.3125 0.75 0.0255065
0.3125 0.78125 0.0499232
0.28125 0.78125 0.0723096
0.3125 0.875 0.131552
0.3125 0.84375 0.103375
0.34375 0.84375 0.0894732
0.34375 0.875 0.119277
0.3125 0.875 0.131552
0.3125 0.84375 0.103375
0.3125 0.8125 0.0760579
0.34375 0.8125 0.0600681
0.34375 0.84375 0.0894732
0.3125 0.84375 0.103375
0.34375 0.875 0.119277
0.34375 0.84375 0.0894732
0.375 0.84375 0.0808132
0.375 0.875 0.11164
0.34375 0.875 0.119277
0.34375 0.84375 0.0894732
0.34375 0.8125 0.0600681
0.375 0.8125 0.0501091
0.375 0.84375 0.0808132
0.34375 0.84375 0.0894732
0.3125 0.8125 0.0760579
0.3125 0.78125 0.0499232
0.34375 0.78125 0.0312484
0.34375 0.8125 0.0600681
0.3125 0.8125 0.0760579
0.3125 0.78125 0.0499232
0.3125 0.75 0.0255065
0.34375 0.75 0.00336721
0.34375 0.78125 0.0312484
0.3125 0.78125 0.0499232
0.34375 0.8125 0.0600681
0.34375 0.78125 0.0312484
0.375 0.78125 0.0195607
0.375 0.8125 0.0501091
0.34375 0.8125 0.0600681
0.34375 0.78125 0.0312484
0.34375 0.75 0.00336721
0.375 0.75 -0.0105541
0.375 0.78125 0.0195607
0.34375 0.78125 0.0312484
0.375 1 0.235873
0.375 0.9375 0.173728
0.4375 0.9375 0.171289
0.4375 1 0.233752
0.375 1 0.235873
0.375 0.9375 0.173728
0.375 0.875 0.11164
0.4375 0.875 0.108832
0.4375 0.9375 0.171289
0.375 0.9375 0.173728
0.4375 1 0.233752
0.4375 0.9375 0.171289
0.5 0.9375 0.178695
0.5 1 0.240544
0.4375 1 0.233752
0.4375 0.9375 0.171289
0.4375 0.875 0.108832
0.5 0.875 0.116912
0.5 0.9375 0.178695
0.4375 0.9375 0.171289
0.375 0.875 0.11164
0.375 0.84375 0.0808132
0.40625 0.84375 0.0769711
0.40625 0.875 0.108214
0.375 0.875 0.11164
0.375 0.84375 0.0808132
0.375 0.8125 0.0501091
0.40625 0.8125 0.0457322
0.40625 0.84375 0.0769711
0.375 0.84375 0.0808132
0.40625 0.875 0.108214
0.40625 0.84375 0.0769711
0.4375 0.84375 0.0776351
0.4375 0.875 0.108832
0.40625 0.875 0.108214
0.40625 0.84375 0.0769711
0.40625 0.8125 0.0457322
0.4375 0.8125 0.0464493
0.4375 0.84375 0.0776351
0.40625 0.84375 0.0769711
0.375 0.8125 0.0501091
0.375 0.78125 0.0195607
0.40625 0.78125 0.0144922
0.40625 0.8125 0.0457322
0.375 0.8125 0.0501091
0.375 0.78125 0.0195607
0.375 0.75 -0.0105541
0.40625 0.75 -0.0167037
0.40625 0.78125 0.0144922
0.375 0.78125 0.0195607
0.40625 0.8125 0.0457322
0.40625 0.78125 0.0144922
0.4375 0.78125 0.0152717
0.4375 0.8125 0.0464493
0.40625 0.8125 0.0457322
0.40625 0.78125 0.0144922
0.40625 0.75 -0.0167037
0.4375 0.75 -0.0158568
0.4375 0.78125 0.0152717
0.40625 0.78125 0.0144922
0.4375 0.875 0.108832
0.4375 0.84375 0.0776351
0.46875 0.84375 0.0810626
0.46875 0.875 0.112067
0.4375 0.875 0.108832
0.4375 0.84375 0.0776351
0.4375 0.8125 0.0464493
0.46875 0.8125 0.0500871
0.46875 0.84375 0.0810626
0.4375 0.84375 0.0776351
0.46875 0.875 0.112067
0.46875 0.84375 0.0810626
0.5 0.84375 0.0861085
0.5 0.875 0.116912
0.46875 0.875 0.112067
0.46875 0.84375 0.0810626
0.46875 0.8125 0.0500871
0.5 0.8125 0.0553406
0.5 0.84375 0.0861085
0.46875 0.84375 0.0810626
0.4375 0.8125 0.0464493
0.4375 0.78125 0.0152717
0.46875 0.78125 0.0191408
0.46875 0.8125 0.0500871
0.4375 0.8125 0.0464493
0.4375 0.78125 0.0152717
0.4375 0.75 -0.0158568
0.46875 0.75 -0.0117426
0.46875 0.78125 0.0191408
0.4375 0.78125 0.0152717
0.46875 0.8125 0.0500871
0.46875 0.78125 0.0191408
0.5 0.78125 0.0246079
0.5 0.8125 0.0553406
0.46875 0.8125 0.0500871
0.46875 0.78125 0.0191408
0.46875 0.75 -0.0117426
0.5 0.75 -0.00607526
0.5 0.78125 0.0246079
0.46875 0.78125 0.0191408
0.25 0.75 0.0769515
0.25 0.71875 0.0597043
0.28125 0.71875 0.031488
0.28125 0.75 0.0505668
0.25 0.75 0.0769515
0.25 0.71875 0.0597043
0.25 0.6875 0.0453932
0.28125 0.6875 0.0160811
0.28125 0.71875 0.031488
0.25 0.71875 0.0597043
0.28125 0.75 0.0505668
0.28125 0.71875 0.031488
0.3125 0.71875 0.00371147
0.3125 0.75 0.0255065
0.28125 0.75 0.0505668
0.28125 0.71875 0.031488
0.28125 0.6875 0.0160811
0.3125 0.6875 -0.0124136
0.3125 0.71875 0.00371147
0.28125 0.71875 0.031488
0.25 0.6875 0.0453932
0.25 0.65625 0.0336267
0.28125 0.65625 0.00370649
0.28125 0.6875 0.0160811
0.25 0.6875 0.0453932
0.25 0.65625 0.0336267
0.25 0.625 0.0241213
0.28125 0.625 -0.00599061
0.28125 0.65625 0.00370649
0.25 0.65625 0.0336267
0.28125 0.6875 0.0160811
0.28125 0.65625 0.00370649
0.3125 0.65625 -0.0255585
0.3125 0.6875 -0.0124136
0.28125 0.6875 0.0160811
0.28125 0.65625 0.00370649
0.28125 0.625 -0.00599061
0.3125 0.625 -0.0358644
0.3125 0.65625 -0.0255585
0.28125 0.65625 0.00370649
0.3125 0.75 0.0255065
0.3125 0.71875 0.00371147
0.34375 0.71875 -0.0204749
0.34375 0.75 0.00336721
0.3125 0.75 0.0255065
0.3125 0.71875 0.00371147
0.3125 0.6875 -0.0124136
0.34375 0.6875 -0.0394444
0.34375 0.71875 -0.0204749
0.3125 0.71875 0.00371147
0.34375 0.75 0.00336721
0.34375 0.71875 -0.0204749
0.375 0.71875 -0.0387502
0.375 0.75 -0.0105541
0.34375 0.75 0.00336721
0.34375 0.71875 -0.0204749
0.34375 0.6875 -0.0394444
0.375 0.6875 -0.0630345
0.375 0.71875 -0.0387502
0.34375 0.71875 -0.0204749
0.3125 0.6875 -0.0124136
0.3125 0.65625 -0.0255585
0.34375 0.65625 -0.0542494
0.34375 0.6875 -0.0394444
0.3125 0.6875 -0.0124136
0.3125 0.65625 -0.0255585
0.3125 0.625 -0.0358644
0.34375 0.625 -0.0655112
0.34375 0.65625 -0.0542494
0.3125 0.65625 -0.0255585
0.34375 0.6875 -0.0394444
0.34375 0.65625 -0.0542494
0.375 0.65625 -0.0817437
0.375 0.6875 -0.0630345
0.34375 0.6875 -0.0394444
0.34375 0.65625 -0.0542494
0.34375 0.625 -0.0655112
0.375 0.625 -0.0947839
0.375 0.65625 -0.0817437
0.34375 0.65625 -0.0542494
0.25 0.625 0.0241213
0.25 0.59375 0.0157837
0.28125 0.59375 -0.0144748
0.28125 0.625 -0.00599061
0.25 0.625 0.0241213
0.25 0.59375 0.0157837
0.25 0.5625 0.00807534
0.28125 0.5625 -0.0222995
0.28125 0.59375 -0.0144748
0.25 0.59375 0.0157837
0.28125 0.625 -0.00599061
0.28125 0.59375 -0.0144748
0.3125 0.59375 -0.0446263
0.3125 0.625 -0.0358644
0.28125 0.625 -0.00599061
0.28125 0.59375 -0.0144748
0.28125 0.5625 -0.0222995
0.3125 0.5625 -0.0526065
0.3125 0.59375 -0.0446263
0.28125 0.59375 -0.0144748
0.25 0.5625 0.00807534
0.25 0.53125 0.000863691
0.28125 0.53125 -0.029599
0.28125 0.5625 -0.0222995
0.25 0.5625 0.00807534
0.25 0.53125 0.000863691
0.25 0.5 -0.00546561
0.28125 0.5 -0.0361281
0.28125 0.53125 -0.029599
0.25 0.53125 0.000863691
0.28125 0.5625 -0.0222995
0.28125 0.53125 -0.029599
0.3125 0.53125 -0.0600331
0.3125 0.5625 -0.0526065
0.28125 0.5625 -0.0222995
0.28125 0.53125 -0.029599
0.28125 0.5 -0.0361281
0.3125 0.5 -0.0667461
0.3125 0.53125 -0.0600331
0.28125 0.53125 -0.029599
0.3125 0.625 -0.0358644
0.3125 0.59375 -0.0446263
0.34375 0.59375 -0.0746917
0.34375 0.625 -0.0655112
0.3125 0.625 -0.0358644
0.3125 0.59375 -0.0446263
0.3125 0.5625 -0.0526065
0.34375 0.5625 -0.0828712
0.34375 0.59375 -0.0746917
0.3125 0.59375 -0.0446263
0.34375 0.625 -0.0655112
0.34375 0.59375 -0.0746917
0.375 0.59375 -0.104636
0.375 0.625 -0.0947839
0.34375 0.625 -0.0655112
0.34375 0.59375 -0.0746917
0.34375 0.5625 -0.0828712
0.375 0.5625 -0.113085
0.375 0.59375 -0.104636
0.34375 0.59375 -0.0746917
0.3125 0.5625 -0.0526065
0.3125 0.53125 -0.0600331
0.34375 0.53125 -0.0904411
0.34375 0.5625 -0.0828712
0.3125 0.5625 -0.0526065
0.3125 0.53125 -0.0600331
0.3125 0.5 -0.0667461
0.34375 0.5 -0.0973238
0.34375 0.53125 -0.0904411
0.3125 0.53125 -0.0600331
0.34375 0.5625 -0.0828712
0.34375 0.53125 -0.0904411
0.375 0.53125 -0.120821
0.375 0.5625 -0.113085
0.34375 0.5625 -0.0828712
0.34375 0.53125 -0.0904411
0.34375 0.5 -0.0973238
0.375 0.5 -0.127868
0.375 0.53125 -0.120821
0.34375 0.53125 -0.0904411
0.375 0.75 -0.0105541
0.375 0.71875 -0.0387502
0.40625 0.71875 -0.0477337
0.40625 0.75 -0.0167037
0.375 0.75 -0.0105541
0.375 0.71875 -0.0387502
0.375 0.6875 -0.0630345
0.40625 0.6875 -0.077751
0.40625 0.71875 -0.0477337
0.375 0.71875 -0.0387502
0.40625 0.75 -0.0167037
0.40625 0.71875 -0.0477337
0.4375 0.71875 -0.0469134
0.4375 0.75 -0.0158568
0.40625 0.75 -0.0167037
0.40625 0.71875 -0.0477337
0.40625 0.6875 -0.077751
0.4375 0.6875 -0.0779347
0.4375 0.71875 -0.0469134
0.40625 0.71875 -0.0477337
0.375 0.6875 -0.0630345
0.375 0.65625 -0.0817437
0.40625 0.65625 -0.103983
0.40625 0.6875 -0.077751
0.375 0.6875 -0.0630345
0.375 0.65625 -0.0817437
0.375 0.625 -0.0947839
0.40625 0.625 -0.122243
0.40625 0.65625 -0.103983
0.375 0.65625 -0.0817437
0.40625 0.6875 -0.077751
0.40625 0.65625 -0.103983
0.4375 0.65625 -0.108919
0.4375 0.6875 -0.0779347
0.40625 0.6875 -0.077751
0.40625 0.65625 -0.103983
0.40625 0.625 -0.122243
0.4375 0.625 -0.138745
0.4375 0.65625 -0.108919
0.40625 0.65625 -0.103983
0.4375 0.75 -0.0158568
0.4375 0.71875 -0.0469134
0.46875 0.71875 -0.0425389
0.46875 0.75 -0.0117426
0.4375 0.75 -0.0158568
0.4375 0.71875 -0.0469134
0.4375 0.6875 -0.0779347
0.46875 0.6875 -0.0732979
0.46875 0.71875 -0.0425389
0.4375 0.71875 -0.0469134
0.46875 0.75 -0.0117426
0.46875 0.71875 -0.0425389
0.5 0.71875 -0.0366759
0.5 0.75 -0.00607526
0.46875 0.75 -0.0117426
0.46875 0.71875 -0.0425389
0.46875 0.6875 -0.0732979
0.5 0.6875 -0.0672416
0.5 0.71875 -0.0366759
0.46875 0.71875 -0.0425389
0.4375 0.6875 -0.0779347
0.4375 0.65625 -0.108919
0.46875 0.65625 -0.104019
0.46875 0.6875 -0.0732979
0.4375 0.6875 -0.0779347
0.4375 0.65625 -0.108919
0.4375 0.625 -0.138745
0.46875 0.625 -0.134701
0.46875 0.65625 -0.104019
0.4375 0.65625 -0.108919
0.46875 0.6875 -0.0732979
0.46875 0.65625 -0.104019
0.5 0.65625 -0.0977741
0.5 0.6875 -0.0672416
0.46875 0.6875 -0.0732979
0.46875 0.65625 -0.104019
0.46875 0.625 -0.134701
0.5 0.625 -0.128261
0.5 0.65625 -0.0977741
0.46875 0.65625 -0.104019
0.375 0.625 -0.0947839
0.375 0.5625 -0.113085
0.4375 0.5625 -0.172304
0.4375 0.625 -0.138745
0.375 0.625 -0.0947839
0.375 0.5625 -0.113085
0.375 0.5 -0.127868
0.4375 0.5 -0.183225
0.4375 0.5625 -0.172304
0.375 0.5625 -0.113085
0.4375 0.625 -0.138745
0.4375 0.5625 -0.172304
0.5 0.5625 -0.189819
0.5 0.625 -0.128261
0.4375 0.625 -0.138745
0.4375 0.5625 -0.172304
0.4375 0.5 -0.183225
0.5 0.5 -0.227086
0.5 0.5625 -0.189819
0.4375 0.5625 -0.172304
0 0.5 0.242906
0 0.4375 0.235931
0.0625 0.4375 0.173413
0.0625 0.5 0.180599
0 0.5 0.242906
0 0.4375 0.235931
0 0.375 0.238894
0.0625 0.375 0.176927
0.0625 0.4375 0.173413
0 0.4375 0.235931
0.0625 0.5 0.180599
0.0625 0.4375 0.173413
0.125 0.4375 0.110912
0.125 0.5 0.118323
0.0625 0.5 0.180599
0.0625 0.4375 0.173413
0.0625 0.375 0.176927
0.125 0.375 0.11525
0.125 0.4375 0.110912
0.0625 0.4375 0.173413
0 0.375 0.238894
0 0.3125 0.251878
0.0625 0.3125 0.191956
0.0625 0.375 0.176927
0 0.375 0.238894
0 0.3125 0.251878
0 0.25 0.274256
0.0625 0.25 0.217826
0.0625 0.3125 0.191956
0 0.3125 0.251878
0.0625 0.375 0.176927
0.0625 0.3125 0.191956
0.125 0.3125 0.133866
0.125 0.375 0.11525
0.0625 0.375 0.176927
0.0625 0.3125 0.191956
0.0625 0.25 0.217826
0.125 0.25 0.1652
0.125 0.3125 0.133866
0.0625 0.3125 0.191956
0.125 0.5 0.118323
0.125 0.46875 0.113888
0.15625 0.46875 0.0827218
0.15625 0.5 0.0873271
0.125 0.5 0.118323
0.125 0.46875 0.113888
0.125 0.4375 0.110912
0.15625 0.4375 0.0796626
0.15625 0.46875 0.0827218
0.125 0.46875 0.113888
0.15625 0.5 0.0873271
0.15625 0.46875 0.0827218
0.1875 0.46875 0.0515581
0.1875 0.5 0.056351
0.15625 0.5 0.0873271
0.15625 0.46875 0.0827218
0.15625 0.4375 0.0796626
0.1875 0.4375 0.0484143
0.1875 0.46875 0.0515581
0.15625 0.46875 0.0827218
0.125 0.4375 0.110912
0.125 0.40625 0.111345
0.15625 0.40625 0.0801901
0.15625 0.4375 0.0796626
0.125 0.4375 0.110912
0.125 0.40625 0.111345
0.125 0.375 0.11525
0.15625 0.375 0.0846198
0.15625 0.40625 0.0801901
0.125 0.40625 0.111345
0.15625 0.4375 0.0796626
0.15625 0.40625 0.0801901
0.1875 0.40625 0.0490404
0.1875 0.4375 0.0484143
0.15625 0.4375 0.0796626
0.15625 0.40625 0.0801901
0.15625 0.375 0.0846198
0.1875 0.375 0.0541078
0.1875 0.40625 0.0490404
0.15625 0.40625 0.0801901
0.1875 0.5 0.056351
0.1875 0.46875 0.0515581
0.21875 0.46875 0.0203954
0.21875 0.5 0.0253985
0.1875 0.5 0.056351
0.1875 0.46875 0.0515581
0.1875 0.4375 0.0484143
0.21875 0.4375 0.017165
0.21875 0.46875 0.0203954
0.1875 0.46875 0.0515581
0.21875 0.5 0.0253985
0.21875 0.46875 0.0203954
0.25 0.46875 -0.0106621
0.25 0.5 -0.00546561
0.21875 0.5 0.0253985
0.21875 0.46875 0.0203954
0.21875 0.4375 0.017165
0.25 0.4375 -0.013978
0.25 0.46875 -0.0106621
0.21875 0.46875 0.0203954
0.1875 0.4375 0.0484143
0.1875 0.40625 0.0490404
0.21875 0.40625 0.0178972
0.21875 0.4375 0.017165
0.1875 0.4375 0.0484143
0.1875 0.40625 0.0490404
0.1875 0.375 0.0541078
0.21875 0.375 0.0238332
0.21875 0.40625 0.0178972
0.1875 0.40625 0.0490404
0.21875 0.4375 0.017165
0.21875 0.40625 0.0178972
0.25 0.40625 -0.0125772
0.25 0.4375 -0.013978
0.21875 0.4375 0.017165
0.21875 0.40625 0.0178972
0.21875 0.375 0.0238332
0.25 0.375 -0.00562001
0.25 0.40625 -0.0125772
0.21875 0.40625 0.0178972
0.125 0.375 0.11525
0.125 0.34375 0.122783
0.15625 0.34375 0.0931104
0.15625 0.375 0.0846198
0.125 0.375 0.11525
0.125 0.34375 0.122783
0.125 0.3125 0.133866
0.15625 0.3125 0.105742
0.15625 0.34375 0.0931104
0.125 0.34375 0.122783
0.15625 0.375 0.0846198
0.15625 0.34375 0.0931104
0.1875 0.34375 0.0640004
0.1875 0.375 0.0541078
0.15625 0.375 0.0846198
0.15625 0.34375 0.0931104
0.15625 0.3125 0.105742
0.1875 0.3125 0.0784758
0.1875 0.34375 0.0640004
0.15625 0.34375 0.0931104
0.125 0.3125 0.133866
0.125 0.28125 0.148199
0.15625 0.28125 0.121606
0.15625 0.3125 0.105742
0.125 0.3125 0.133866
0.125 0.28125 0.148199
0.125 0.25 0.1652
0.15625 0.25 0.14027
0.15625 0.28125 0.121606
0.125 0.28125 0.148199
0.15625 0.3125 0.105742
0.15625 0.28125 0.121606
0.1875 0.28125 0.0963364
0.1875 0.3125 0.0784758
0.15625 0.3125 0.105742
0.15625 0.28125 0.121606
0.15625 0.25 0.14027
0.1875 0.25 0.116872
0.1875 0.28125 0.0963364
0.15625 0.28125 0.121606
0.1875 0.375 0.0541078
0.1875 0.34375 0.0640004
0.21875 0.34375 0.0355224
0.21875 0.375 0.0238332
0.1875 0.375 0.0541078
0.1875 0.34375 0.0640004
0.1875 0.3125 0.0784758
0.21875 0.3125 0.0522872
0.21875 0.34375 0.0355224
0.1875 0.34375 0.0640004
0.21875 0.375 0.0238332
0.21875 0.34375 0.0355224
0.25 0.34375 0.00833343
0.25 0.375 -0.00562001
0.21875 0.375 0.0238332
0.21875 0.34375 0.0355224
0.21875 0.3125 0.0522872
0.25 0.3125 0.0279854
0.25 0.34375 0.00833343
0.21875 0.34375 0.0355224
0.1875 0.3125 0.0784758
0.1875 0.28125 0.0963364
0.21875 0.28125 0.0724762
0.21875 0.3125 0.0522872
0.1875 0.3125 0.0784758
0.1875 0.28125 0.0963364
0.1875 0.25 0.116872
0.21875 0.25 0.0950582
0.21875 0.28125 0.0724762
0.1875 0.28125 0.0963364
0.21875 0.3125 0.0522872
0.21875 0.28125 0.0724762
0.25 0.28125 0.0508552
0.25 0.3125 0.0279854
0.21875 0.3125 0.0522872
0.21875 0.28125 0.0724762
0.21875 0.25 0.0950582
0.25 0.25 0.0756766
0.25 0.28125 0.0508552
0.21875 0.28125 0.0724762
0 0.25 0.274256
0 0.1875 0.305481
0.0625 0.1875 0.253084
0.0625 0.25 0.217826
0 0.25 0.274256
0 0.1875 0.305481
0 0.125 0.342306
0.0625 0.125 0.294028
0.0625 0.1875 0.253084
0 0.1875 0.305481
0.0625 0.25 0.217826
0.0625 0.1875 0.253084
0.125 0.1875 0.205847
0.125 0.25 0.1652
0.0625 0.25 0.217826
0.0625 0.1875 0.253084
0.0625 0.125 0.294028
0.125 0.125 0.251984
0.125 0.1875 0.205847
0.0625 0.1875 0.253084
0 0.125 0.342306
0 0 0.437936
0.125 0 0.357492
0.125 0.125 0.251984
0 0.125 0.342306
0.125 0.25 0.1652
0.125 0.1875 0.205847
0.1875 0.1875 0.163181
0.1875 0.25 0.116872
0.125 0.25 0.1652
0.125 0.1875 0.205847
0.125 0.125 0.251984
0.1875 0.125 0.214947
0.1875 0.1875 0.163181
0.125 0.1875 0.205847
0.1875 0.25 0.116872
0.1875 0.21875 0.139273
0.21875 0.21875 0.119315
0.21875 0.25 0.0950582
0.1875 0.25 0.116872
0.1875 0.21875 0.139273
0.1875 0.1875 0.163181
0.21875 0.1875 0.144971
0.21875 0.21875 0.119315
0.1875 0.21875 0.139273
0.21875 0.25 0.0950582
0.21875 0.21875 0.119315
0.25 0.21875 0.101824
0.25 0.25 0.0756766
0.21875 0.25 0.0950582
0.21875 0.21875 0.119315
0.21875 0.1875 0.144971
0.25 0.1875 0.128972
0.25 0.21875 0.101824
0.21875 0.21875 0.119315
0.1875 0.1875 0.163181
0.1875 0.125 0.214947
0.25 0.125 0.18527
0.25 0.1875 0.128972
0.1875 0.1875 0.163181
0.125 0.125 0.251984
0.125 0 0.357492
0.25 0 0.301567
0.25 0.125 0.18527
0.125 0.125 0.251984
0.25 0.5 -0.00546561
0.25 0.46875 -0.0106621
0.28125 0.46875 -0.0415511
0.28125 0.5 -0.0361281
0.25 0.5 -0.00546561
0.25 0.46875 -0.0106621
0.25 0.4375 -0.013978
0.28125 0.4375 -0.044767
0.28125 0.46875 -0.0415511
0.25 0.46875 -0.0106621
0.28125 0.5 -0.0361281
0.28125 0.46875 -0.0415511
0.3125 0.46875 -0.0724006
0.3125 0.5 -0.0667461
0.28125 0.5 -0.0361281
0.28125 0.46875 -0.0415511
0.28125 0.4375 -0.044767
0.3125 0.4375 -0.0748095
0.3125 0.46875 -0.0724006
0.28125 0.46875 -0.0415511
0.25 0.4375 -0.013978
0.25 0.40625 -0.0125772
0.28125 0.40625 -0.0416453
0.28125 0.4375 -0.044767
0.25 0.4375 -0.013978
0.25 0.40625 -0.0125772
0.25 0.375 -0.00562001
0.28125 0.375 -0.0316996
0.28125 0.40625 -0.0416453
0.25 0.40625 -0.0125772
0.28125 0.4375 -0.044767
0.28125 0.40625 -0.0416453
0.3125 0.40625 -0.0688308
0.3125 0.4375 -0.0748095
0.28125 0.4375 -0.044767
0.28125 0.40625 -0.0416453
0.28125 0.375 -0.0316996
0.3125 0.375 -0.0551478
0.3125 0.40625 -0.0688308
0.28125 0.40625 -0.0416453
0.3125 0.5 -0.0667461
0.3125 0.46875 -0.0724006
0.34375 0.46875 -0.103209
0.34375 0.5 -0.0973238
0.3125 0.5 -0.0667461
0.3125 0.46875 -0.0724006
0.3125 0.4375 -0.0748095
0.34375 0.4375 -0.103407
0.34375 0.46875 -0.103209
0.3125 0.46875 -0.0724006
0.34375 0.5 -0.0973238
0.34375 0.46875 -0.103209
0.375 0.46875 -0.133459
0.375 0.5 -0.127868
0.34375 0.5 -0.0973238
0.34375 0.46875 -0.103209
0.34375 0.4375 -0.103407
0.375 0.4375 -0.129405
0.375 0.46875 -0.133459
0.34375 0.46875 -0.103209
0.3125 0.4375 -0.0748095
0.3125 0.40625 -0.0688308
0.34375 0.40625 -0.0932674
0.34375 0.4375 -0.103407
0.3125 0.4375 -0.0748095
0.3125 0.40625 -0.0688308
0.3125 0.375 -0.0551478
0.34375 0.375 -0.0751036
0.34375 0.40625 -0.0932674
0.3125 0.40625 -0.0688308
0.34375 0.4375 -0.103407
0.34375 0.40625 -0.0932674
0.375 0.40625 -0.113921
0.375 0.4375 -0.129405
0.34375 0.4375 -0.103407
0.34375 0.40625 -0.0932674
0.34375 0.375 -0.0751036
0.375 0.375 -0.0910542
0.375 0.40625 -0.113921
0.34375 0.40625 -0.0932674
0.25 0.375 -0.00562001
0.25 0.34375 0.00833343
0.28125 0.34375 -0.0154035
0.28125 0.375 -0.0316996
0.25 0.375 -0.00562001
0.25 0.34375 0.00833343
0.25 0.3125 0.0279854
0.28125 0.3125 0.00643625
0.28125 0.34375 -0.0154035
0.25 0.34375 0.00833343
0.28125 0.375 -0.0316996
0.28125 0.34375 -0.0154035
0.3125 0.34375 -0.0348712
0.3125 0.375 -0.0551478
0.28125 0.375 -0.0316996
0.28125 0.34375 -0.0154035
0.28125 0.3125 0.00643625
0.3125 0.3125 -0.0109943
0.3125 0.34375 -0.0348712
0.28125 0.34375 -0.0154035
0.25 0.3125 0.0279854
0.25 0.28125 0.0508552
0.28125 0.28125 0.0319947
0.28125 0.3125 0.00643625
0.25 0.3125 0.0279854
0.25 0.28125 0.0508552
0.25 0.25 0.0756766
0.28125 0.25 0.0589764
0.28125 0.28125 0.0319947
0.25 0.28125 0.0508552
0.28125 0.3125 0.00643625
0.28125 0.28125 0.0319947
0.3125 0.28125 0.016611
0.3125 0.3125 -0.0109943
0.28125 0.3125 0.00643625
0.28125 0.28125 0.0319947
0.28125 0.25 0.0589764
0.3125 0.25 0.0451503
0.3125 0.28125 0.016611
0.28125 0.28125 0.0319947
0.3125 0.375 -0.0551478
0.3125 0.34375 -0.0348712
0.34375 0.34375 -0.0510426
0.34375 0.375 -0.0751036
0.3125 0.375 -0.0551478
0.3125 0.34375 -0.0348712
0.3125 0.3125 -0.0109943
0.34375 0.3125 -0.0242691
0.34375 0.34375 -0.0510426
0.3125 0.34375 -0.0348712
0.34375 0.375 -0.0751036
0.34375 0.34375 -0.0510426
0.375 0.34375 -0.063882
0.375 0.375 -0.0910542
0.34375 0.375 -0.0751036
0.34375 0.34375 -0.0510426
0.34375 0.3125 -0.0242691
0.375 0.3125 -0.0350939
0.375 0.34375 -0.063882
0.34375 0.34375 -0.0510426
0.3125 0.3125 -0.0109943
0.3125 0.28125 0.016611
0.34375 0.28125 0.00431187
0.34375 0.3125 -0.0242691
0.3125 0.3125 -0.0109943
0.3125 0.28125 0.016611
0.3125 0.25 0.0451503
0.34375 0.25 0.0337639
0.34375 0.28125 0.00431187
0.3125 0.28125 0.016611
0.34375 0.3125 -0.0242691
0.34375 0.28125 0.00431187
0.375 0.28125 -0.00577028
0.375 0.3125 -0.0350939
0.34375 0.3125 -0.0242691
0.34375 0.28125 0.00431187
0.34375 0.25 0.0337639
0.375 0.25 0.0241451
0.375 0.28125 -0.00577028
0.34375 0.28125 0.00431187
0.375 0.5 -0.127868
0.375 0.4375 -0.129405
0.4375 0.4375 -0.161504
0.4375 0.5 -0.183225
0.375 0.5 -0.127868
0.375 0.4375 -0.129405
0.375 0.375 -0.0910542
0.4375 0.375 -0.11251
0.4375 0.4375 -0.161504
0.375 0.4375 -0.129405
0.4375 0.5 -0.183225
0.4375 0.4375 -0.161504
0.5 0.4375 -0.184867
0.5 0.5 -0.227086
0.4375 0.5 -0.183225
0.4375 0.4375 -0.161504
0.4375 0.375 -0.11251
0.5 0.375 -0.128019
0.5 0.4375 -0.184867
0.4375 0.4375 -0.161504
0.375 0.375 -0.0910542
0.375 0.34375 -0.063882
0.40625 0.34375 -0.0740662
0.40625 0.375 -0.103021
0.375 0.375 -0.0910542
0.375 0.34375 -0.063882
0.375 0.3125 -0.0350939
0.40625 0.3125 -0.0443686
0.40625 0.34375 -0.0740662
0.375 0.34375 -0.063882
0.40625 0.375 -0.103021
0.40625 0.34375 -0.0740662
0.4375 0.34375 -0.0827116
0.4375 0.375 -0.11251
0.40625 0.375 -0.103021
0.40625 0.34375 -0.0740662
0.40625 0.3125 -0.0443686
0.4375 0.3125 -0.0526039
0.4375 0.34375 -0.0827116
0.40625 0.34375 -0.0740662
0.375 0.3125 -0.0350939
0.375 0.28125 -0.00577028
0.40625 0.28125 -0.0144703
0.40625 0.3125 -0.0443686
0.375 0.3125 -0.0350939
0.375 0.28125 -0.00577028
0.375 0.25 0.0241451
0.40625 0.25 0.01567
0.40625 0.28125 -0.0144703
0.375 0.28125 -0.00577028
0.40625 0.3125 -0.0443686
0.40625 0.28125 -0.0144703
0.4375 0.28125 -0.0224117
0.4375 0.3125 -0.0526039
0.40625 0.3125 -0.0443686
0.40625 0.28125 -0.0144703
0.40625 0.25 0.01567
0.4375 0.25 0.00787512
0.4375 0.28125 -0.0224117
0.40625 0.28125 -0.0144703
0.4375 0.375 -0.11251
0.4375 0.34375 -0.0827116
0.46875 0.34375 -0.0904974
0.46875 0.375 -0.120703
0.4375 0.375 -0.11251
0.4375 0.34375 -0.0827116
0.4375 0.3125 -0.0526039
0.46875 0.3125 -0.0601713
0.46875 0.34375 -0.0904974
0.4375 0.34375 -0.0827116
0.46875 0.375 -0.120703
0.46875 0.34375 -0.0904974
0.5 0.34375 -0.0975572
0.5 0.375 -0.128019
0.46875 0.375 -0.120703
0.46875 0.34375 -0.0904974
0.46875 0.3125 -0.0601713
0.5 0.3125 -0.0670531
0.5 0.34375 -0.0975572
0.46875 0.34375 -0.0904974
0.4375 0.3125 -0.0526039
0.4375 0.28125 -0.0224117
0.46875 0.28125 -0.0297876
0.46875 0.3125 -0.0601713
0.4375 0.3125 -0.0526039
0.4375 0.28125 -0.0224117
0.4375 0.25 0.00787512
0.46875 0.25 0.000630822
0.46875 0.28125 -0.0297876
0.4375 0.28125 -0.0224117
0.46875 0.3125 -0.0601713
0.46875 0.28125 -0.0297876
0.5 0.28125 -0.0365103
0.5 0.3125 -0.0670531
0.46875 0.3125 -0.0601713
0.46875 0.28125 -0.0297876
0.46875 0.25 0.000630822
0.5 0.25 -0.00593712
0.5 0.28125 -0.0365103
0.46875 0.28125 -0.0297876
0.25 0.25 0.0756766
0.25 0.21875 0.101824
0.28125 0.21875 0.0867627
0.28125 0.25 0.0589764
0.25 0.25 0.0756766
0.25 0.21875 0.101824
0.25 0.1875 0.128972
0.28125 0.1875 0.115157
0.28125 0.21875 0.0867627
0.25 0.21875 0.101824
0.28125 0.25 0.0589764
0.28125 0.21875 0.0867627
0.3125 0.21875 0.0740872
0.3125 0.25 0.0451503
0.28125 0.25 0.0589764
0.28125 0.21875 0.0867627
0.28125 0.1875 0.115157
0.3125 0.1875 0.10332
0.3125 0.21875 0.0740872
0.28125 0.21875 0.0867627
0.25 0.1875 0.128972
0.25 0.125 0.18527
0.3125 0.125 0.16235
0.3125 0.1875 0.10332
0.25 0.1875 0.128972
0.3125 0.25 0.0451503
0.3125 0.21875 0.0740872
0.34375 0.21875 0.0633956
0.34375 0.25 0.0337639
0.3125 0.25 0.0451503
0.3125 0.21875 0.0740872
0.3125 0.1875 0.10332
0.34375 0.1875 0.0931663
0.34375 0.21875 0.0633956
0.3125 0.21875 0.0740872
0.34375 0.25 0.0337639
0.34375 0.21875 0.0633956
0.375 0.21875 0.0541606
0.375 0.25 0.0241451
0.34375 0.25 0.0337639
0.34375 0.21875 0.0633956
0.34375 0.1875 0.0931663
0.375 0.1875 0.0842339
0.375 0.21875 0.0541606
0.34375 0.21875 0.0633956
0.3125 0.1875 0.10332
0.3125 0.15625 0.132741
0.34375 0.15625 0.12303
0.34375 0.1875 0.0931663
0.3125 0.1875 0.10332
0.3125 0.15625 0.132741
0.3125 0.125 0.16235
0.34375 0.125 0.152996
0.34375 0.15625 0.12303
0.3125 0.15625 0.132741
0.34375 0.1875 0.0931663
0.34375 0.15625 0.12303
0.375 0.15625 0.114353
0.375 0.1875 0.0842339
0.34375 0.1875 0.0931663
0.34375 0.15625 0.12303
0.34375 0.125 0.152996
0.375 0.125 0.144521
0.375 0.15625 0.114353
0.34375 0.15625 0.12303
0.25 0.125 0.18527
0.25 0.0625 0.242822
0.3125 0.0625 0.221919
0.3125 0.125 0.16235
0.25 0.125 0.18527
0.25 0.0625 0.242822
0.25 0 0.301567
0.3125 0 0.28191
0.3125 0.0625 0.221919
0.25 0.0625 0.242822
0.3125 0.125 0.16235
0.3125 0.0625 0.221919
0.375 0.0625 0.20495
0.375 0.125 0.144521
0.3125 0.125 0.16235
0.3125 0.0625 0.221919
0.3125 0 0.28191
0.375 0 0.265599
0.375 0.0625 0.20495
0.3125 0.0625 0.221919
0.375 0.25 0.0241451
0.375 0.21875 0.0541606
0.40625 0.21875 0.0458788
0.40625 0.25 0.01567
0.375 0.25 0.0241451
0.375 0.21875 0.0541606
0.375 0.1875 0.0842339
0.40625 0.1875 0.0761232
0.40625 0.21875 0.0458788
0.375 0.21875 0.0541606
0.40625 0.25 0.01567
0.40625 0.21875 0.0458788
0.4375 0.21875 0.0382248
0.4375 0.25 0.00787512
0.40625 0.25 0.01567
0.40625 0.21875 0.0458788
0.40625 0.1875 0.0761232
0.4375 0.1875 0.0686086
0.4375 0.21875 0.0382248
0.40625 0.21875 0.0458788
0.375 0.1875 0.0842339
0.375 0.15625 0.114353
0.40625 0.15625 0.106402
0.40625 0.1875 0.0761232
0.375 0.1875 0.0842339
0.375 0.15625 0.114353
0.375 0.125 0.144521
0.40625 0.125 0.136716
0.40625 0.15625 0.106402
0.375 0.15625 0.114353
0.40625 0.1875 0.0761232
0.40625 0.15625 0.106402
0.4375 0.15625 0.0990266
0.4375 0.1875 0.0686086
0.40625 0.1875 0.0761232
0.40625 0.15625 0.106402
0.40625 0.125 0.136716
0.4375 0.125 0.129477
0.4375 0.15625 0.0990266
0.40625 0.15625 0.106402
0.4375 0.25 0.00787512
0.4375 0.21875 0.0382248
0.46875 0.21875 0.031125
0.46875 0.25 0.000630822
0.4375 0.25 0.00787512
0.4375 0.21875 0.0382248
0.4375 0.1875 0.0686086
0.46875 0.1875 0.061655
0.46875 0.21875 0.031125
0.4375 0.21875 0.0382248
0.46875 0.25 0.000630822
0.46875 0.21875 0.031125
0.5 0.21875 0.0247217
0.5 0.25 -0.00593712
0.46875 0.25 0.000630822
0.46875 0.21875 0.031125
0.46875 0.1875 0.061655
0.5 0.1875 0.0554302
0.5 0.21875 0.0247217
0.46875 0.21875 0.031125
0.4375 0.1875 0.0686086
0.4375 0.15625 0.0990266
0.46875 0.15625 0.0922196
0.46875 0.1875 0.061655
0.4375 0.1875 0.0686086
0.4375 0.15625 0.0990266
0.4375 0.125 0.129477
0.46875 0.125 0.122818
0.46875 0.15625 0.0922196
0.4375 0.15625 0.0990266
0.46875 0.1875 0.061655
0.46875 0.15625 0.0922196
0.5 0.15625 0.0861745
0.5 0.1875 0.0554302
0.46875 0.1875 0.061655
0.46875 0.15625 0.0922196
0.46875 0.125 0.122818
0.5 0.125 0.116953
0.5 0.15625 0.0861745
0.46875 0.15625 0.0922196
0.375 0.125 0.144521
0.375 0.0625 0.20495
0.4375 0.0625 0.190498
0.4375 0.125 0.129477
0.375 0.125 0.144521
0.375 0.0625 0.20495
0.375 0 0.265599
0.4375 0 0.251727
0.4375 0.0625 0.190498
0.375 0.0625 0.20495
0.4375 0.125 0.129477
0.4375 0.0625 0.190498
0.5 0.0625 0.178642
0.5 0.125 0.116953
0.4375 0.125 0.129477
0.4375 0.0625 0.190498
0.4375 0 0.251727
0.5 0 0.240514
0.5 0.0625 0.178642
0.4375 0.0625 0.190498
0.5 1 0.240544
0.5 0.9375 0.178695
0.5625 0.9375 0.190639
0.5625 1 0.251854
0.5 1 0.240544
0.5 0.9375 0.178695
0.5 0.875 0.116912
0.5625 0.875 0.129513
0.5625 0.9375 0.190639
0.5 0.9375 0.178695
0.5625 1 0.251854
0.5625 0.9375 0.190639
0.625 0.9375 0.205196
0.625 1 0.265804
0.5625 1 0.251854
0.5625 0.9375 0.190639
0.5625 0.875 0.129513
0.625 0.875 0.14469
0.625 0.9375 0.205196
0.5625 0.9375 0.190639
0.5 0.875 0.116912
0.5 0.84375 0.0861085
0.53125 0.84375 0.0921933
0.53125 0.875 0.122821
0.5 0.875 0.116912
0.5 0.84375 0.0861085
0.5 0.8125 0.0553406
0.53125 0.8125 0.0616008
0.53125 0.84375 0.0921933
0.5 0.84375 0.0861085
0.53125 0.875 0.122821
0.53125 0.84375 0.0921933
0.5625 0.84375 0.0990366
0.5625 0.875 0.129513
0.53125 0.875 0.122821
0.53125 0.84375 0.0921933
0.53125 0.8125 0.0616008
0.5625 0.8125 0.0685947
0.5625 0.84375 0.0990366
0.53125 0.84375 0.0921933
0.5 0.8125 0.0553406
0.5 0.78125 0.0246079
0.53125 0.78125 0.0310436
0.53125 0.8125 0.0616008
0.5 0.8125 0.0553406
0.5 0.78125 0.0246079
0.5 0.75 -0.00607526
0.53125 0.75 0.00052221
0.53125 0.78125 0.0310436
0.5 0.78125 0.0246079
0.53125 0.8125 0.0616008
0.53125 0.78125 0.0310436
0.5625 0.78125 0.038188
0.5625 0.8125 0.0685947
0.53125 0.8125 0.0616008
0.53125 0.78125 0.0310436
0.53125 0.75 0.00052221
0.5625 0.75 0.00781706
0.5625 0.78125 0.038188
0.53125 0.78125 0.0310436
0.5625 0.875 0.129513
0.5625 0.84375 0.0990366
0.59375 0.84375 0.106471
0.59375 0.875 0.136805
0.5625 0.875 0.129513
0.5625 0.84375 0.0990366
0.5625 0.8125 0.0685947
0.59375 0.8125 0.0761728
0.59375 0.84375 0.106471
0.5625 0.84375 0.0990366
0.59375 0.875 0.136805
0.59375 0.84375 0.106471
0.625 0.84375 0.114508
0.625 0.875 0.14469
0.59375 0.875 0.136805
0.59375 0.84375 0.106471
0.59375 0.8125 0.0761728
0.625 0.8125 0.0843682
0.625 0.84375 0.114508
0.59375 0.84375 0.106471
0.5625 0.8125 0.0685947
0.5625 0.78125 0.038188
0.59375 0.78125 0.0459115
0.59375 0.8125 0.0761728
0.5625 0.8125 0.0685947
0.5625 0.78125 0.038188
0.5625 0.75 0.00781706
0.59375 0.75 0.0156876
0.59375 0.78125 0.0459115
0.5625 0.78125 0.038188
0.59375 0.8125 0.0761728
0.59375 0.78125 0.0459115
0.625 0.78125 0.0542751
0.625 0.8125 0.0843682
0.59375 0.8125 0.0761728
0.59375 0.78125 0.0459115
0.59375 0.75 0.0156876
0.625 0.75 0.024231
0.625 0.78125 0.0542751
0.59375 0.78125 0.0459115
0.625 1 0.265804
0.625 0.9375 0.205196
0.6875 0.9375 0.222669
0.6875 1 0.282502
0.625 1 0.265804
0.625 0.9375 0.205196
0.625 0.875 0.14469
0.6875 0.875 0.163013
0.6875 0.9375 0.222669
0.625 0.9375 0.205196
0.6875 1 0.282502
0.6875 0.9375 0.222669
0.75 0.9375 0.245393
0.75 1 0.303457
0.6875 1 0.282502
0.6875 0.9375 0.222669
0.6875 0.875 0.163013
0.75 0.875 0.187918
0.75 0.9375 0.245393
0.6875 0.9375 0.222669
0.625 0.875 0.14469
0.625 0.84375 0.114508
0.65625 0.84375 0.123336
0.65625 0.875 0.1533
0.625 0.875 0.14469
0.625 0.84375 0.114508
0.625 0.8125 0.0843682
0.65625 0.8125 0.0934468
0.65625 0.84375 0.123336
0.625 0.84375 0.114508
0.65625 0.875 0.1533
0.65625 0.84375 0.123336
0.6875 0.84375 0.133424
0.6875 0.875 0.163013
0.65625 0.875 0.1533
0.65625 0.84375 0.123336
0.65625 0.8125 0.0934468
0.6875 0.8125 0.103986
0.6875 0.84375 0.133424
0.65625 0.84375 0.123336
0.625 0.8125 0.0843682
0.625 0.78125 0.0542751
0.65625 0.78125 0.0636382
0.65625 0.8125 0.0934468
0.625 0.8125 0.0843682
0.625 0.78125 0.0542751
0.625 0.75 0.024231
0.65625 0.75 0.0339353
0.65625 0.78125 0.0636382
0.625 0.78125 0.0542751
0.65625 0.8125 0.0934468
0.65625 0.78125 0.0636382
0.6875 0.78125 0.0747475
0.6875 0.8125 0.103986
0.65625 0.8125 0.0934468
0.65625 0.78125 0.0636382
0.65625 0.75 0.0339353
0.6875 0.75 0.0457597
0.6875 0.78125 0.0747475
0.65625 0.78125 0.0636382
0.6875 0.875 0.163013
0.6875 0.8125 0.103986
0.75 0.8125 0.131724
0.75 0.875 0.187918
0.6875 0.875 0.163013
0.6875 0.8125 0.103986
0.6875 0.78125 0.0747475
0.71875 0.78125 0.0883063
0.71875 0.8125 0.11659
0.6875 0.8125 0.103986
0.6875 0.78125 0.0747475
0.6875 0.75 0.0457597
0.71875 0.75 0.0605208
0.71875 0.78125 0.0883063
0.6875 0.78125 0.0747475
0.71875 0.8125 0.11659
0.71875 0.78125 0.0883063
0.75 0.78125 0.104744
0.75 0.8125 0.131724
0.71875 0.8125 0.11659
0.71875 0.78125 0.0883063
0.71875 0.75 0.0605208
0.75 0.75 0.0786768
0.75 0.78125 0.104744
0.71875 0.78125 0.0883063
0.5 0.75 -0.00607526
0.5 0.71875 -0.0366759
0.53125 0.71875 -0.0299175
0.53125 0.75 0.00052221
0.5 0.75 -0.00607526
0.5 0.71875 -0.0366759
0.5 0.6875 -0.0672416
0.53125 0.6875 -0.0603259
0.53125 0.71875 -0.0299175
0.5 0.71875 -0.0366759
0.53125 0.75 0.00052221
0.53125 0.71875 -0.0299175
0.5625 0.71875 -0.0224859
0.5625 0.75 0.00781706
0.53125 0.75 0.00052221
0.53125 0.71875 -0.0299175
0.53125 0.6875 -0.0603259
0.5625 0.6875 -0.0527449
0.5625 0.71875 -0.0224859
0.53125 0.71875 -0.0299175
0.5 0.6875 -0.0672416
0.5 0.65625 -0.0977741
0.53125 0.65625 -0.0907011
0.53125 0.6875 -0.0603259
0.5 0.6875 -0.0672416
0.5 0.65625 -0.0977741
0.5 0.625 -0.128261
0.53125 0.625 -0.121037
0.53125 0.65625 -0.0907011
0.5 0.65625 -0.0977741
0.53125 0.6875 -0.0603259
0.53125 0.65625 -0.0907011
0.5625 0.65625 -0.0829539
0.5625 0.6875 -0.0527449
0.53125 0.6875 -0.0603259
0.53125 0.65625 -0.0907011
0.53125 0.625 -0.121037
0.5625 0.625 -0.113099
0.5625 0.65625 -0.0829539
0.53125 0.65625 -0.0907011
0.5625 0.75 0.00781706
0.5625 0.71875 -0.0224859
0.59375 0.71875 -0.0144672
0.59375 0.75 0.0156876
0.5625 0.75 0.00781706
0.5625 0.71875 -0.0224859
0.5625 0.6875 -0.0527449
0.59375 0.6875 -0.0445404
0.59375 0.71875 -0.0144672
0.5625 0.71875 -0.0224859
0.59375 0.75 0.0156876
0.59375 0.71875 -0.0144672
0.625 0.71875 -0.00573014
0.625 0.75 0.024231
0.59375 0.75 0.0156876
0.59375 0.71875 -0.0144672
0.59375 0.6875 -0.0445404
0.625 0.6875 -0.0354655
0.625 0.71875 -0.00573014
0.59375 0.71875 -0.0144672
0.5625 0.6875 -0.0527449
0.5625 0.65625 -0.0829539
0.59375 0.65625 -0.0745127
0.59375 0.6875 -0.0445404
0.5625 0.6875 -0.0527449
0.5625 0.65625 -0.0829539
0.5625 0.625 -0.113099
0.59375 0.625 -0.10432
0.59375 0.65625 -0.0745127
0.5625 0.65625 -0.0829539
0.59375 0.6875 -0.0445404
0.59375 0.65625 -0.0745127
0.625 0.65625 -0.0649176
0.625 0.6875 -0.0354655
0.59375 0.6875 -0.0445404
0.59375 0.65625 -0.0745127
0.59375 0.625 -0.10432
0.625 0.625 -0.0938027
0.625 0.65625 -0.0649176
0.59375 0.65625 -0.0745127
0.5 0.625 -0.128261
0.5 0.5625 -0.189819
0.5625 0.5625 -0.171181
0.5625 0.625 -0.113099
0.5 0.625 -0.128261
0.5 0.5625 -0.189819
0.5 0.5 -0.227086
0.5625 0.5 -0.185739
0.5625 0.5625 -0.171181
0.5 0.5625 -0.189819
0.5625 0.625 -0.113099
0.5625 0.5625 -0.171181
0.625 0.5625 -0.136856
0.625 0.625 -0.0938027
0.5625 0.625 -0.113099
0.5625 0.5625 -0.171181
0.5625 0.5 -0.185739
0.625 0.5 -0.127379
0.625 0.5625 -0.136856
0.5625 0.5625 -0.171181
0.625 0.75 0.024231
0.625 0.71875 -0.00573014
0.65625 0.71875 0.00436124
0.65625 0.75 0.0339353
0.625 0.75 0.024231
0.625 0.71875 -0.00573014
0.625 0.6875 -0.0354655
0.65625 0.6875 -0.0246294
0.65625 0.71875 0.00436124
0.625 0.71875 -0.00573014
0.65625 0.75 0.0339353
0.65625 0.71875 0.00436124
0.6875 0.71875 0.0171183
0.6875 0.75 0.0457597
0.65625 0.75 0.0339353
0.65625 0.71875 0.00436124
0.65625 0.6875 -0.0246294
0.6875 0.6875 -0.0106334
0.6875 0.71875 0.0171183
0.65625 0.71875 0.00436124
0.625 0.6875 -0.0354655
0.625 0.65625 -0.0649176
0.65625 0.65625 -0.0528261
0.65625 0.6875 -0.0246294
0.625 0.6875 -0.0354655
0.625 0.65625 -0.0649176
0.625 0.625 -0.0938027
0.65625 0.625 -0.0791115
0.65625 0.65625 -0.0528261
0.625 0.65625 -0.0649176
0.65625 0.6875 -0.0246294
0.65625 0.65625 -0.0528261
0.6875 0.65625 -0.0363619
0.6875 0.6875 -0.0106334
0.65625 0.6875 -0.0246294
0.65625 0.65625 -0.0528261
0.65625 0.625 -0.0791115
0.6875 0.625 -0.0585271
0.6875 0.65625 -0.0363619
0.65625 0.65625 -0.0528261
0.6875 0.75 0.0457597
0.6875 0.71875 0.0171183
0.71875 0.71875 0.0334631
0.71875 0.75 0.0605208
0.6875 0.75 0.0457597
0.6875 0.71875 0.0171183
0.6875 0.6875 -0.0106334
0.71875 0.6875 0.00747814
0.71875 0.71875 0.0334631
0.6875 0.71875 0.0171183
0.71875 0.75 0.0605208
0.71875 0.71875 0.0334631
0.75 0.71875 0.0538025
0.75 0.75 0.0786768
0.71875 0.75 0.0605208
0.71875 0.71875 0.0334631
0.71875 0.6875 0.00747814
0.75 0.6875 0.0306221
0.75 0.71875 0.0538025
0.71875 0.71875 0.0334631
0.6875 0.6875 -0.0106334
0.6875 0.65625 -0.0363619
0.71875 0.65625 -0.0152154
0.71875 0.6875 0.00747814
0.6875 0.6875 -0.0106334
0.6875 0.65625 -0.0363619
0.6875 0.625 -0.0585271
0.71875 0.625 -0.0333881
0.71875 0.65625 -0.0152154
0.6875 0.65625 -0.0363619
0.71875 0.6875 0.00747814
0.71875 0.65625 -0.0152154
0.75 0.65625 0.00997624
0.75 0.6875 0.0306221
0.71875 0.6875 0.00747814
0.71875 0.65625 -0.0152154
0.71875 0.625 -0.0333881
0.75 0.625 -0.00535901
0.75 0.65625 0.00997624
0.71875 0.65625 -0.0152154
0.625 0.625 -0.0938027
0.625 0.59375 -0.120527
0.65625 0.59375 -0.100418
0.65625 0.625 -0.0791115
0.625 0.625 -0.0938027
0.625 0.59375 -0.120527
0.625 0.5625 -0.136856
0.65625 0.5625 -0.107098
0.65625 0.59375 -0.100418
0.625 0.59375 -0.120527
0.65625 0.625 -0.0791115
0.65625 0.59375 -0.100418
0.6875 0.59375 -0.073975
0.6875 0.625 -0.0585271
0.65625 0.625 -0.0791115
0.65625 0.59375 -0.100418
0.65625 0.5625 -0.107098
0.6875 0.5625 -0.0762344
0.6875 0.59375 -0.073975
0.65625 0.59375 -0.100418
0.625 0.5625 -0.136856
0.625 0.53125 -0.133463
0.65625 0.53125 -0.102895
0.65625 0.5625 -0.107098
0.625 0.5625 -0.136856
0.625 0.53125 -0.133463
0.625 0.5 -0.127379
0.65625 0.5 -0.0970339
0.65625 0.53125 -0.102895
0.625 0.53125 -0.133463
0.65625 0.5625 -0.107098
0.65625 0.53125 -0.102895
0.6875 0.53125 -0.0722825
0.6875 0.5625 -0.0762344
0.65625 0.5625 -0.107098
0.65625 0.53125 -0.102895
0.65625 0.5 -0.0970339
0.6875 0.5 -0.0666267
0.6875 0.53125 -0.0722825
0.65625 0.53125 -0.102895
0.6875 0.625 -0.0585271
0.6875 0.59375 -0.073975
0.71875 0.59375 -0.0445836
0.71875 0.625 -0.0333881
0.6875 0.625 -0.0585271
0.6875 0.59375 -0.073975
0.6875 0.5625 -0.0762344
0.71875 0.5625 -0.045337
0.71875 0.59375 -0.0445836
0.6875 0.59375 -0.073975
0.71875 0.625 -0.0333881
0.71875 0.59375 -0.0445836
0.75 0.59375 -0.0140498
0.75 0.625 -0.00535901
0.71875 0.625 -0.0333881
0.71875 0.59375 -0.0445836
0.71875 0.5625 -0.045337
0.75 0.5625 -0.0144071
0.75 0.59375 -0.0140498
0.71875 0.59375 -0.0445836
0.6875 0.5625 -0.0762344
0.6875 0.53125 -0.0722825
0.71875 0.53125 -0.0416325
0.71875 0.5625 -0.045337
0.6875 0.5625 -0.0762344
0.6875 0.53125 -0.0722825
0.6875 0.5 -0.0666267
0.71875 0.5 -0.0361773
0.71875 0.53125 -0.0416325
0.6875 0.53125 -0.0722825
0.71875 0.5625 -0.045337
0.71875 0.53125 -0.0416325
0.75 0.53125 -0.010948
0.75 0.5625 -0.0144071
0.71875 0.5625 -0.045337
0.71875 0.53125 -0.0416325
0.71875 0.5 -0.0361773
0.75 0.5 -0.00569379
0.75 0.53125 -0.010948
0.71875 0.53125 -0.0416325
0.75 1 0.303457
0.75 0.875 0.187918
0.875 0.875 0.261938
0.875 1 0.363754
0.75 1 0.303457
0.75 0.875 0.187918
0.75 0.8125 0.131724
0.8125 0.8125 0.169392
0.8125 0.875 0.220817
0.75 0.875 0.187918
0.75 0.8125 0.131724
0.75 0.78125 0.104744
0.78125 0.78125 0.124107
0.78125 0.8125 0.149515
0.75 0.8125 0.131724
0.75 0.78125 0.104744
0.75 0.75 0.0786768
0.78125 0.75 0.0998806
0.78125 0.78125 0.124107
0.75 0.78125 0.104744
0.78125 0.8125 0.149515
0.78125 0.78125 0.124107
0.8125 0.78125 0.145581
0.8125 0.8125 0.169392
0.78125 0.8125 0.149515
0.78125 0.78125 0.124107
0.78125 0.75 0.0998806
0.8125 0.75 0.123137
0.8125 0.78125 0.145581
0.78125 0.78125 0.124107
0.8125 0.875 0.220817
0.8125 0.8125 0.169392
0.875 0.8125 0.215617
0.875 0.875 0.261938
0.8125 0.875 0.220817
0.8125 0.8125 0.169392
0.8125 0.75 0.123137
0.875 0.75 0.173861
0.875 0.8125 0.215617
0.8125 0.8125 0.169392
0.875 1 0.363754
0.875 0.875 0.261938
1 0.875 0.358969
1 1 0.449715
0.875 1 0.363754
0.875 0.875 0.261938
0.875 0.8125 0.215617
0.9375 0.8125 0.266141
0.9375 0.875 0.307864
0.875 0.875 0.261938
0.875 0.8125 0.215617
0.875 0.75 0.173861
0.9375 0.75 0.229724
0.9375 0.8125 0.266141
0.875 0.8125 0.215617
0.9375 0.875 0.307864
0.9375 0.8125 0.266141
1 0.8125 0.320678
1 0.875 0.358969
0.9375 0.875 0.307864
0.9375 0.8125 0.266141
0.9375 0.75 0.229724
1 0.75 0.287624
1 0.8125 0.320678
0.9375 0.8125 0.266141
0.75 0.75 0.0786768
0.75 0.71875 0.0538025
0.78125 0.71875 0.0771758
0.78125 0.75 0.0998806
0.75 0.75 0.0786768
0.75 0.71875 0.0538025
0.75 0.6875 0.0306221
0.78125 0.6875 0.0565085
0.78125 0.71875 0.0771758
0.75 0.71875 0.0538025
0.78125 0.75 0.0998806
0.78125 0.71875 0.0771758
0.8125 0.71875 0.102386
0.8125 0.75 0.123137
0.78125 0.75 0.0998806
0.78125 0.71875 0.0771758
0.78125 0.6875 0.0565085
0.8125 0.6875 0.0837801
0.8125 0.71875 0.102386
0.78125 0.71875 0.0771758
0.75 0.6875 0.0306221
0.75 0.65625 0.00997624
0.78125 0.65625 0.0386655
0.78125 0.6875 0.0565085
0.75 0.6875 0.0306221
0.75 0.65625 0.00997624
0.75 0.625 -0.00535901
0.78125 0.625 0.0249313
0.78125 0.65625 0.0386655
0.75 0.65625 0.00997624
0.78125 0.6875 0.0565085
0.78125 0.65625 0.0386655
0.8125 0.65625 0.0679489
0.8125 0.6875 0.0837801
0.78125 0.6875 0.0565085
0.78125 0.65625 0.0386655
0.78125 0.625 0.0249313
0.8125 0.625 0.0557457
0.8125 0.65625 0.0679489
0.78125 0.65625 0.0386655
0.8125 0.75 0.123137
0.8125 0.71875 0.102386
0.84375 0.71875 0.128886
0.84375 0.75 0.148018
0.8125 0.75 0.123137
0.8125 0.71875 0.102386
0.8125 0.6875 0.0837801
0.84375 0.6875 0.111925
0.84375 0.71875 0.128886
0.8125 0.71875 0.102386
0.84375 0.75 0.148018
0.84375 0.71875 0.128886
0.875 0.71875 0.156118
0.875 0.75 0.173861
0.84375 0.75 0.148018
0.84375 0.71875 0.128886
0.84375 0.6875 0.111925
0.875 0.6875 0.140542
0.875 0.71875 0.156118
0.84375 0.71875 0.128886
0.8125 0.6875 0.0837801
0.8125 0.65625 0.0679489
0.84375 0.65625 0.0976107
0.84375 0.6875 0.111925
0.8125 0.6875 0.0837801
0.8125 0.65625 0.0679489
0.8125 0.625 0.0557457
0.84375 0.625 0.0865559
0.84375 0.65625 0.0976107
0.8125 0.65625 0.0679489
0.84375 0.6875 0.111925
0.84375 0.65625 0.0976107
0.875 0.65625 0.12748
0.875 0.6875 0.140542
0.84375 0.6875 0.111925
0.84375 0.65625 0.0976107
0.84375 0.625 0.0865559
0.875 0.625 0.117373
0.875 0.65625 0.12748
0.84375 0.65625 0.0976107
0.75 0.625 -0.00535901
0.75 0.59375 -0.0140498
0.78125 0.59375 0.016979
0.78125 0.625 0.0249313
0.75 0.625 -0.00535901
0.75 0.59375 -0.0140498
0.75 0.5625 -0.0144071
0.78125 0.5625 0.0166778
0.78125 0.59375 0.016979
0.75 0.59375 -0.0140498
0.78125 0.625 0.0249313
0.78125 0.59375 0.016979
0.8125 0.59375 0.0482262
0.8125 0.625 0.0557457
0.78125 0.625 0.0249313
0.78125 0.59375 0.016979
0.78125 0.5625 0.0166778
0.8125 0.5625 0.0478973
0.8125 0.59375 0.0482262
0.78125 0.59375 0.016979
0.75 0.5625 -0.0144071
0.75 0.53125 -0.010948
0.78125 0.53125 0.019909
0.78125 0.5625 0.0166778
0.75 0.5625 -0.0144071
0.75 0.53125 -0.010948
0.75 0.5 -0.00569379
0.78125 0.5 0.0249698
0.78125 0.53125 0.019909
0.75 0.53125 -0.010948
0.78125 0.5625 0.0166778
0.78125 0.53125 0.019909
0.8125 0.53125 0.0509004
0.8125 0.5625 0.0478973
0.78125 0.5625 0.0166778
0.78125 0.53125 0.019909
0.78125 0.5 0.0249698
0.8125 0.5 0.0557247
0.8125 0.53125 0.0509004
0.78125 0.53125 0.019909
0.8125 0.625 0.0557457
0.8125 0.59375 0.0482262
0.84375 0.59375 0.0794676
0.84375 0.625 0.0865559
0.8125 0.625 0.0557457
0.8125 0.59375 0.0482262
0.8125 0.5625 0.0478973
0.84375 0.5625 0.0791191
0.84375 0.59375 0.0794676
0.8125 0.59375 0.0482262
0.84375 0.625 0.0865559
0.84375 0.59375 0.0794676
0.875 0.59375 0.110714
0.875 0.625 0.117373
0.84375 0.625 0.0865559
0.84375 0.59375 0.0794676
0.84375 0.5625 0.0791191
0.875 0.5625 0.110341
0.875 0.59375 0.110714
0.84375 0.59375 0.0794676
0.8125 0.5625 0.0478973
0.8125 0.53125 0.0509004
0.84375 0.53125 0.081916
0.84375 0.5625 0.0791191
0.8125 0.5625 0.0478973
0.8125 0.53125 0.0509004
0.8125 0.5 0.0557247
0.84375 0.5 0.0865152
0.84375 0.53125 0.081916
0.8125 0.53125 0.0509004
0.84375 0.5625 0.0791191
0.84375 0.53125 0.081916
0.875 0.53125 0.112959
0.875 0.5625 0.110341
0.84375 0.5625 0.0791191
0.84375 0.53125 0.081916
0.84375 0.5 0.0865152
0.875 0.5 0.117337
0.875 0.53125 0.112959
0.84375 0.53125 0.081916
0.875 0.75 0.173861
0.875 0.6875 0.140542
0.9375 0.6875 0.20044
0.9375 0.75 0.229724
0.875 0.75 0.173861
0.875 0.6875 0.140542
0.875 0.625 0.117373
0.9375 0.625 0.179811
0.9375 0.6875 0.20044
0.875 0.6875 0.140542
0.9375 0.75 0.229724
0.9375 0.6875 0.20044
1 0.6875 0.261042
1 0.75 0.287624
0.9375 0.75 0.229724
0.9375 0.6875 0.20044
0.9375 0.625 0.179811
1 0.625 0.242227
1 0.6875 0.261042
0.9375 0.6875 0.20044
0.875 0.625 0.117373
0.875 0.5625 0.110341
0.9375 0.5625 0.172829
0.9375 0.625 0.179811
0.875 0.625 0.117373
0.875 0.5625 0.110341
0.875 0.5 0.117337
0.9375 0.5 0.179106
0.9375 0.5625 0.172829
0.875 0.5625 0.110341
0.9375 0.625 0.179811
0.9375 0.5625 0.172829
1 0.5625 0.235327
1 0.625 0.242227
0.9375 0.625 0.179811
0.9375 0.5625 0.172829
0.9375 0.5 0.179106
1 0.5 0.241048
1 0.5625 0.235327
0.9375 0.5625 0.172829
0.5 0.5 -0.227086
0.5 0.4375 -0.184867
0.5625 0.4375 -0.165691
0.5625 0.5 -0.185739
0.5 0.5 -0.227086
0.5 0.4375 -0.184867
0.5 0.375 -0.128019
0.5625 0.375 -0.133604
0.5625 0.4375 -0.165691
0.5 0.4375 -0.184867
0.5625 0.5 -0.185739
0.5625 0.4375 -0.165691
0.625 0.4375 -0.112175
0.625 0.5 -0.127379
0.5625 0.5 -0.185739
0.5625 0.4375 -0.165691
0.5625 0.375 -0.133604
0.625 0.375 -0.0914134
0.625 0.4375 -0.112175
0.5625 0.4375 -0.165691
0.5 0.375 -0.128019
0.5 0.34375 -0.0975572
0.53125 0.34375 -0.103743
0.53125 0.375 -0.134409
0.5 0.375 -0.128019
0.5 0.34375 -0.0975572
0.5 0.3125 -0.0670531
0.53125 0.3125 -0.0730432
0.53125 0.34375 -0.103743
0.5 0.34375 -0.0975572
0.53125 0.375 -0.134409
0.53125 0.34375 -0.103743
0.5625 0.34375 -0.10795
0.5625 0.375 -0.133604
0.53125 0.375 -0.134409
0.53125 0.34375 -0.103743
0.53125 0.3125 -0.0730432
0.5625 0.3125 -0.0775815
0.5625 0.34375 -0.10795
0.53125 0.34375 -0.103743
0.5 0.3125 -0.0670531
0.5 0.28125 -0.0365103
0.53125 0.28125 -0.042307
0.53125 0.3125 -0.0730432
0.5 0.3125 -0.0670531
0.5 0.28125 -0.0365103
0.5 0.25 -0.00593712
0.53125 0.25 -0.011534
0.53125 0.28125 -0.042307
0.5 0.28125 -0.0365103
0.53125 0.3125 -0.0730432
0.53125 0.28125 -0.042307
0.5625 0.28125 -0.0465828
0.5625 0.3125 -0.0775815
0.53125 0.3125 -0.0730432
0.53125 0.28125 -0.042307
0.53125 0.25 -0.011534
0.5625 0.25 -0.0155486
0.5625 0.28125 -0.0465828
0.53125 0.28125 -0.042307
0.5625 0.375 -0.133604
0.5625 0.34375 -0.10795
0.59375 0.34375 -0.0972051
0.59375 0.375 -0.116099
0.5625 0.375 -0.133604
0.5625 0.34375 -0.10795
0.5625 0.3125 -0.0775815
0.59375 0.3125 -0.073811
0.59375 0.34375 -0.0972051
0.5625 0.34375 -0.10795
0.59375 0.375 -0.116099
0.59375 0.34375 -0.0972051
0.625 0.34375 -0.0768369
0.625 0.375 -0.0914134
0.59375 0.375 -0.116099
0.59375 0.34375 -0.0972051
0.59375 0.3125 -0.073811
0.625 0.3125 -0.0584554
0.625 0.34375 -0.0768369
0.59375 0.34375 -0.0972051
0.5625 0.3125 -0.0775815
0.5625 0.28125 -0.0465828
0.59375 0.28125 -0.0461837
0.59375 0.3125 -0.073811
0.5625 0.3125 -0.0775815
0.5625 0.28125 -0.0465828
0.5625 0.25 -0.0155486
0.59375 0.25 -0.016311
0.59375 0.28125 -0.0461837
0.5625 0.28125 -0.0465828
0.59375 0.3125 -0.073811
0.59375 0.28125 -0.0461837
0.625 0.28125 -0.0358673
0.625 0.3125 -0.0584554
0.59375 0.3125 -0.073811
0.59375 0.28125 -0.0461837
0.59375 0.25 -0.016311
0.625 0.25 -0.0100438
0.625 0.28125 -0.0358673
0.59375 0.28125 -0.0461837
0.625 0.5 -0.127379
0.625 0.46875 -0.120237
0.65625 0.46875 -0.0901191
0.65625 0.5 -0.0970339
0.625 0.5 -0.127379
0.625 0.46875 -0.120237
0.625 0.4375 -0.112175
0.65625 0.4375 -0.0824213
0.65625 0.46875 -0.0901191
0.625 0.46875 -0.120237
0.65625 0.5 -0.0970339
0.65625 0.46875 -0.0901191
0.6875 0.46875 -0.0598989
0.6875 0.5 -0.0666267
0.65625 0.5 -0.0970339
0.65625 0.46875 -0.0901191
0.65625 0.4375 -0.0824213
0.6875 0.4375 -0.0524121
0.6875 0.46875 -0.0598989
0.65625 0.46875 -0.0901191
0.625 0.4375 -0.112175
0.625 0.40625 -0.10284
0.65625 0.40625 -0.0738844
0.65625 0.4375 -0.0824213
0.625 0.4375 -0.112175
0.625 0.40625 -0.10284
0.625 0.375 -0.0914134
0.65625 0.375 -0.0639946
0.65625 0.40625 -0.0738844
0.625 0.40625 -0.10284
0.65625 0.4375 -0.0824213
0.65625 0.40625 -0.0738844
0.6875 0.40625 -0.0443098
0.6875 0.4375 -0.0524121
0.65625 0.4375 -0.0824213
0.65625 0.40625 -0.0738844
0.65625 0.375 -0.0639946
0.6875 0.375 -0.0353123
0.6875 0.40625 -0.0443098
0.65625 0.40625 -0.0738844
0.6875 0.5 -0.0666267
0.6875 0.46875 -0.0598989
0.71875 0.46875 -0.0296102
0.71875 0.5 -0.0361773
0.6875 0.5 -0.0666267
0.6875 0.46875 -0.0598989
0.6875 0.4375 -0.0524121
0.71875 0.4375 -0.022265
0.71875 0.46875 -0.0296102
0.6875 0.46875 -0.0598989
0.71875 0.5 -0.0361773
0.71875 0.46875 -0.0296102
0.75 0.46875 0.000731011
0.75 0.5 -0.00569379
0.71875 0.5 -0.0361773
0.71875 0.46875 -0.0296102
0.71875 0.4375 -0.022265
0.75 0.4375 0.00798133
0.75 0.46875 0.000731011
0.71875 0.46875 -0.0296102
0.6875 0.4375 -0.0524121
0.6875 0.40625 -0.0443098
0.71875 0.40625 -0.0144135
0.71875 0.4375 -0.022265
0.6875 0.4375 -0.0524121
0.6875 0.40625 -0.0443098
0.6875 0.375 -0.0353123
0.71875 0.375 -0.00594835
0.71875 0.40625 -0.0144135
0.6875 0.40625 -0.0443098
0.71875 0.4375 -0.022265
0.71875 0.40625 -0.0144135
0.75 0.40625 0.0156967
0.75 0.4375 0.00798133
0.71875 0.4375 -0.022265
0.71875 0.40625 -0.0144135
0.71875 0.375 -0.00594835
0.75 0.375 0.0239766
0.75 0.40625 0.0156967
0.71875 0.40625 -0.0144135
0.625 0.375 -0.0914134
0.625 0.34375 -0.0768369
0.65625 0.34375 -0.051921
0.65625 0.375 -0.0639946
0.625 0.375 -0.0914134
0.625 0.34375 -0.0768369
0.625 0.3125 -0.0584554
0.65625 0.3125 -0.0369255
0.65625 0.34375 -0.051921
0.625 0.34375 -0.0768369
0.65625 0.375 -0.0639946
0.65625 0.34375 -0.051921
0.6875 0.34375 -0.0246888
0.6875 0.375 -0.0353123
0.65625 0.375 -0.0639946
0.65625 0.34375 -0.051921
0.65625 0.3125 -0.0369255
0.6875 0.3125 -0.0118956
0.6875 0.34375 -0.0246888
0.65625 0.34375 -0.051921
0.625 0.3125 -0.0584554
0.625 0.28125 -0.0358673
0.65625 0.28125 -0.0184073
0.65625 0.3125 -0.0369255
0.625 0.3125 -0.0584554
0.625 0.28125 -0.0358673
0.625 0.25 -0.0100438
0.65625 0.25 0.00410349
0.65625 0.28125 -0.0184073
0.625 0.28125 -0.0358673
0.65625 0.3125 -0.0369255
0.65625 0.28125 -0.0184073
0.6875 0.28125 0.00407289
0.6875 0.3125 -0.0118956
0.65625 0.3125 -0.0369255
0.65625 0.28125 -0.0184073
0.65625 0.25 0.00410349
0.6875 0.25 0.0246466
0.6875 0.28125 0.00407289
0.65625 0.28125 -0.0184073
0.6875 0.375 -0.0353123
0.6875 0.34375 -0.0246888
0.71875 0.34375 0.00385669
0.71875 0.375 -0.00594835
0.6875 0.375 -0.0353123
0.6875 0.34375 -0.0246888
0.6875 0.3125 -0.0118956
0.71875 0.3125 0.0156479
0.71875 0.34375 0.00385669
0.6875 0.34375 -0.0246888
0.71875 0.375 -0.00594835
0.71875 0.34375 0.00385669
0.75 0.34375 0.0333832
0.75 0.375 0.0239766
0.71875 0.375 -0.00594835
0.71875 0.34375 0.00385669
0.71875 0.3125 0.0156479
0.75 0.3125 0.0444069
0.75 0.34375 0.0333832
0.71875 0.34375 0.00385669
0.6875 0.3125 -0.0118956
0.6875 0.28125 0.00407289
0.71875 0.28125 0.0302883
0.71875 0.3125 0.0156479
0.6875 0.3125 -0.0118956
0.6875 0.28125 0.00407289
0.6875 0.25 0.0246466
0.71875 0.25 0.0481867
0.71875 0.28125 0.0302883
0.6875 0.28125 0.00407289
0.71875 0.3125 0.0156479
0.71875 0.28125 0.0302883
0.75 0.28125 0.0576844
0.75 0.3125 0.0444069
0.71875 0.3125 0.0156479
0.71875 0.28125 0.0302883
0.71875 0.25 0.0481867
0.75 0.25 0.0736275
0.75 0.28125 0.0576844
0.71875 0.28125 0.0302883
0.5 0.25 -0.00593712
0.5 0.21875 0.0247217
0.53125 0.21875 0.0193294
0.53125 0.25 -0.011534
0.5 0.25 -0.00593712
0.5 0.21875 0.0247217
0.5 0.1875 0.0554302
0.53125 0.1875 0.0502609
0.53125 0.21875 0.0193294
0.5 0.21875 0.0247217
0.53125 0.25 -0.011534
0.53125 0.21875 0.0193294
0.5625 0.21875 0.0155615
0.5625 0.25 -0.0155486
0.53125 0.25 -0.011534
0.53125 0.21875 0.0193294
0.53125 0.1875 0.0502609
0.5625 0.1875 0.0467375
0.5625 0.21875 0.0155615
0.53125 0.21875 0.0193294
0.5 0.1875 0.0554302
0.5 0.15625 0.0861745
0.53125 0.15625 0.0812216
0.53125 0.1875 0.0502609
0.5 0.1875 0.0554302
0.5 0.15625 0.0861745
0.5 0.125 0.116953
0.53125 0.125 0.112213
0.53125 0.15625 0.0812216
0.5 0.15625 0.0861745
0.53125 0.1875 0.0502609
0.53125 0.15625 0.0812216
0.5625 0.15625 0.0779219
0.5625 0.1875 0.0467375
0.53125 0.1875 0.0502609
0.53125 0.15625 0.0812216
0.53125 0.125 0.112213
0.5625 0.125 0.109112
0.5625 0.15625 0.0779219
0.53125 0.15625 0.0812216
0.5625 0.25 -0.0155486
0.5625 0.21875 0.0155615
0.59375 0.21875 0.0148511
0.59375 0.25 -0.016311
0.5625 0.25 -0.0155486
0.5625 0.21875 0.0155615
0.5625 0.1875 0.0467375
0.59375 0.1875 0.04609
0.59375 0.21875 0.0148511
0.5625 0.21875 0.0155615
0.59375 0.25 -0.016311
0.59375 0.21875 0.0148511
0.625 0.21875 0.0197292
0.625 0.25 -0.0100438
0.59375 0.25 -0.016311
0.59375 0.21875 0.0148511
0.59375 0.1875 0.04609
0.625 0.1875 0.0501986
0.625 0.21875 0.0197292
0.59375 0.21875 0.0148511
0.5625 0.1875 0.0467375
0.5625 0.15625 0.0779219
0.59375 0.15625 0.0773277
0.59375 0.1875 0.04609
0.5625 0.1875 0.0467375
0.5625 0.15625 0.0779219
0.5625 0.125 0.109112
0.59375 0.125 0.108568
0.59375 0.15625 0.0773277
0.5625 0.15625 0.0779219
0.59375 0.1875 0.04609
0.59375 0.15625 0.0773277
0.625 0.15625 0.0808762
0.625 0.1875 0.0501986
0.59375 0.1875 0.04609
0.59375 0.15625 0.0773277
0.59375 0.125 0.108568
0.625 0.125 0.111664
0.625 0.15625 0.0808762
0.59375 0.15625 0.0773277
0.5 0.125 0.116953
0.5 0.0625 0.178642
0.5625 0.0625 0.17155
0.5625 0.125 0.109112
0.5 0.125 0.116953
0.5 0.0625 0.178642
0.5 0 0.240514
0.5625 0 0.234013
0.5625 0.0625 0.17155
0.5 0.0625 0.178642
0.5625 0.125 0.109112
0.5625 0.0625 0.17155
0.625 0.0625 0.173699
0.625 0.125 0.111664
0.5625 0.125 0.109112
0.5625 0.0625 0.17155
0.5625 0 0.234013
0.625 0 0.235898
0.625 0.0625 0.173699
0.5625 0.0625 0.17155
0.625 0.25 -0.0100438
0.625 0.21875 0.0197292
0.65625 0.21875 0.0311596
0.65625 0.25 0.00410349
0.625 0.25 -0.0100438
0.625 0.21875 0.0197292
0.625 0.1875 0.0501986
0.65625 0.1875 0.0596278
0.65625 0.21875 0.0311596
0.625 0.21875 0.0197292
0.65625 0.25 0.00410349
0.65625 0.21875 0.0311596
0.6875 0.21875 0.0484091
0.6875 0.25 0.0246466
0.65625 0.25 0.00410349
0.65625 0.21875 0.0311596
0.65625 0.1875 0.0596278
0.6875 0.1875 0.0743187
0.6875 0.21875 0.0484091
0.65625 0.21875 0.0311596
0.625 0.1875 0.0501986
0.625 0.15625 0.0808762
0.65625 0.15625 0.0888564
0.65625 0.1875 0.0596278
0.625 0.1875 0.0501986
0.625 0.15625 0.0808762
0.625 0.125 0.111664
0.65625 0.125 0.118668
0.65625 0.15625 0.0888564
0.625 0.15625 0.0808762
0.65625 0.1875 0.0596278
0.65625 0.15625 0.0888564
0.6875 0.15625 0.101504
0.6875 0.1875 0.0743187
0.65625 0.1875 0.0596278
0.65625 0.15625 0.0888564
0.65625 0.125 0.118668
0.6875 0.125 0.129626
0.6875 0.15625 0.101504
0.65625 0.15625 0.0888564
0.6875 0.25 0.0246466
0.6875 0.21875 0.0484091
0.71875 0.21875 0.0691508
0.71875 0.25 0.0481867
0.6875 0.25 0.0246466
0.6875 0.21875 0.0484091
0.6875 0.1875 0.0743187
0.71875 0.1875 0.0926374
0.71875 0.21875 0.0691508
0.6875 0.21875 0.0484091
0.71875 0.25 0.0481867
0.71875 0.21875 0.0691508
0.75 0.21875 0.0922697
0.75 0.25 0.0736275
0.71875 0.25 0.0481867
0.71875 0.21875 0.0691508
0.71875 0.1875 0.0926374
0.75 0.1875 0.11359
0.75 0.21875 0.0922697
0.71875 0.21875 0.0691508
0.6875 0.1875 0.0743187
0.6875 0.15625 0.101504
0.71875 0.15625 0.117678
0.71875 0.1875 0.0926374
0.6875 0.1875 0.0743187
0.6875 0.15625 0.101504
0.6875 0.125 0.129626
0.71875 0.125 0.144107
0.71875 0.15625 0.117678
0.6875 0.15625 0.101504
0.71875 0.1875 0.0926374
0.71875 0.15625 0.117678
0.75 0.15625 0.136643
0.75 0.1875 0.11359
0.71875 0.1875 0.0926374
0.71875 0.15625 0.117678
0.71875 0.125 0.144107
0.75 0.125 0.16133
0.75 0.15625 0.136643
0.71875 0.15625 0.117678
0.625 0.125 0.111664
0.625 0.0625 0.173699
0.6875 0.0625 0.187875
0.6875 0.125 0.129626
0.625 0.125 0.111664
0.625 0.0625 0.173699
0.625 0 0.235898
0.6875 0 0.247973
0.6875 0.0625 0.187875
0.625 0.0625 0.173699
0.6875 0.125 0.129626
0.6875 0.0625 0.187875
0.75 0.0625 0.213701
0.75 0.125 0.16133
0.6875 0.125 0.129626
0.6875 0.0625 0.187875
0.6875 0 0.247973
0.75 0 0.270143
0.75 0.0625 0.213701
0.6875 0.0625 0.187875
0.75 0.5 -0.00569379
0.75 0.46875 0.000731011
0.78125 0.46875 0.0312382
0.78125 0.5 0.0249698
0.75 0.5 -0.00569379
0.75 0.46875 0.000731011
0.75 0.4375 0.00798133
0.78125 0.4375 0.0383384
0.78125 0.46875 0.0312382
0.75 0.46875 0.000731011
0.78125 0.5 0.0249698
0.78125 0.46875 0.0312382
0.8125 0.46875 0.0617853
0.8125 0.5 0.0557247
0.78125 0.5 0.0249698
0.78125 0.46875 0.0312382
0.78125 0.4375 0.0383384
0.8125 0.4375 0.068729
0.8125 0.46875 0.0617853
0.78125 0.46875 0.0312382
0.75 0.4375 0.00798133
0.75 0.40625 0.0156967
0.78125 0.40625 0.0459323
0.78125 0.4375 0.0383384
0.75 0.4375 0.00798133
0.75 0.40625 0.0156967
0.75 0.375 0.0239766
0.78125 0.375 0.0540583
0.78125 0.40625 0.0459323
0.75 0.40625 0.0156967
0.78125 0.4375 0.0383384
0.78125 0.40625 0.0459323
0.8125 0.40625 0.0761967
0.8125 0.4375 0.068729
0.78125 0.4375 0.0383384
0.78125 0.40625 0.0459323
0.78125 0.375 0.0540583
0.8125 0.375 0.0841817
0.8125 0.40625 0.0761967
0.78125 0.40625 0.0459323
0.8125 0.5 0.0557247
0.8125 0.46875 0.0617853
0.84375 0.46875 0.09237
0.84375 0.5 0.0865152
0.8125 0.5 0.0557247
0.8125 0.46875 0.0617853
0.8125 0.4375 0.068729
0.84375 0.4375 0.099153
0.84375 0.46875 0.09237
0.8125 0.46875 0.0617853
0.84375 0.5 0.0865152
0.84375 0.46875 0.09237
0.875 0.46875 0.122991
0.875 0.5 0.117337
0.84375 0.5 0.0865152
0.84375 0.46875 0.09237
0.84375 0.4375 0.099153
0.875 0.4375 0.12961
0.875 0.46875 0.122991
0.84375 0.46875 0.09237
0.8125 0.4375 0.068729
0.8125 0.40625 0.0761967
0.84375 0.40625 0.106492
0.84375 0.4375 0.099153
0.8125 0.4375 0.068729
0.8125 0.40625 0.0761967
0.8125 0.375 0.0841817
0.84375 0.375 0.114341
0.84375 0.40625 0.106492
0.8125 0.40625 0.0761967
0.84375 0.4375 0.099153
0.84375 0.40625 0.106492
0.875 0.40625 0.136819
0.875 0.4375 0.12961
0.84375 0.4375 0.099153
0.84375 0.40625 0.106492
0.84375 0.375 0.114341
0.875 0.375 0.144536
0.875 0.40625 0.136819
0.84375 0.40625 0.106492
0.75 0.375 0.0239766
0.75 0.34375 0.0333832
0.78125 0.34375 0.0630925
0.78125 0.375 0.0540583
0.75 0.375 0.0239766
0.75 0.34375 0.0333832
0.75 0.3125 0.0444069
0.78125 0.3125 0.0734934
0.78125 0.34375 0.0630925
0.75 0.34375 0.0333832
0.78125 0.375 0.0540583
0.78125 0.34375 0.0630925
0.8125 0.34375 0.0929319
0.8125 0.375 0.0841817
0.78125 0.375 0.0540583
0.78125 0.34375 0.0630925
0.78125 0.3125 0.0734934
0.8125 0.3125 0.102835
0.8125 0.34375 0.0929319
0.78125 0.34375 0.0630925
0.75 0.3125 0.0444069
0.75 0.28125 0.0576844
0.78125 0.28125 0.085745
0.78125 0.3125 0.0734934
0.75 0.3125 0.0444069
0.75 0.28125 0.0576844
0.75 0.25 0.0736275
0.78125 0.25 0.100236
0.78125 0.28125 0.085745
0.75 0.28125 0.0576844
0.78125 0.3125 0.0734934
0.78125 0.28125 0.085745
0.8125 0.28125 0.114322
0.8125 0.3125 0.102835
0.78125 0.3125 0.0734934
0.78125 0.28125 0.085745
0.78125 0.25 0.100236
0.8125 0.25 0.127676
0.8125 0.28125 0.114322
0.78125 0.28125 0.085745
0.8125 0.375 0.0841817
0.8125 0.34375 0.0929319
0.84375 0.34375 0.122854
0.84375 0.375 0.114341
0.8125 0.375 0.0841817
0.8125 0.34375 0.0929319
0.8125 0.3125 0.102835
0.84375 0.3125 0.132345
0.84375 0.34375 0.122854
0.8125 0.34375 0.0929319
0.84375 0.375 0.114341
0.84375 0.34375 0.122854
0.875 0.34375 0.152867
0.875 0.375 0.144536
0.84375 0.375 0.114341
0.84375 0.34375 0.122854
0.84375 0.3125 0.132345
0.875 0.3125 0.162024
0.875 0.34375 0.152867
0.84375 0.34375 0.122854
0.8125 0.3125 0.102835
0.8125 0.25 0.127676
0.875 0.25 0.184344
0.875 0.3125 0.162024
0.8125 0.3125 0.102835
0.875 0.5 0.117337
0.875 0.4375 0.12961
0.9375 0.4375 0.190661
0.9375 0.5 0.179106
0.875 0.5 0.117337
0.875 0.4375 0.12961
0.875 0.375 0.144536
0.9375 0.375 0.205013
0.9375 0.4375 0.190661
0.875 0.4375 0.12961
0.9375 0.5 0.179106
0.9375 0.4375 0.190661
1 0.4375 0.251932
1 0.5 0.241048
0.9375 0.5 0.179106
0.9375 0.4375 0.190661
0.9375 0.375 0.205013
1 0.375 0.265701
1 0.4375 0.251932
0.9375 0.4375 0.190661
0.875 0.375 0.144536
0.875 0.3125 0.162024
0.9375 0.3125 0.221715
0.9375 0.375 0.205013
0.875 0.375 0.144536
0.875 0.3125 0.162024
0.875 0.25 0.184344
0.9375 0.25 0.242156
0.9375 0.3125 0.221715
0.875 0.3125 0.162024
0.9375 0.375 0.205013
0.9375 0.3125 0.221715
1 0.3125 0.281786
1 0.375 0.265701
0.9375 0.375 0.205013
0.9375 0.3125 0.221715
0.9375 0.25 0.242156
1 0.25 0.301061
1 0.3125 0.281786
0.9375 0.3125 0.221715
0.75 0.25 0.0736275
0.75 0.21875 0.0922697
0.78125 0.21875 0.117092
0.78125 0.25 0.100236
0.75 0.25 0.0736275
0.75 0.21875 0.0922697
0.75 0.1875 0.11359
0.78125 0.1875 0.136448
0.78125 0.21875 0.117092
0.75 0.21875 0.0922697
0.78125 0.25 0.100236
0.78125 0.21875 0.117092
0.8125 0.21875 0.143137
0.8125 0.25 0.127676
0.78125 0.25 0.100236
0.78125 0.21875 0.117092
0.78125 0.1875 0.136448
0.8125 0.1875 0.160765
0.8125 0.21875 0.143137
0.78125 0.21875 0.117092
0.75 0.1875 0.11359
0.75 0.125 0.16133
0.8125 0.125 0.202624
0.8125 0.1875 0.160765
0.75 0.1875 0.11359
0.8125 0.25 0.127676
0.8125 0.1875 0.160765
0.875 0.1875 0.213198
0.875 0.25 0.184344
0.8125 0.25 0.127676
0.8125 0.1875 0.160765
0.8125 0.125 0.202624
0.875 0.125 0.249412
0.875 0.1875 0.213198
0.8125 0.1875 0.160765
0.75 0.125 0.16133
0.75 0.0625 0.213701
0.8125 0.0625 0.24936
0.8125 0.125 0.202624
0.75 0.125 0.16133
0.75 0.0625 0.213701
0.75 0 0.270143
0.8125 0 0.301588
0.8125 0.0625 0.24936
0.75 0.0625 0.213701
0.8125 0.125 0.202624
0.8125 0.0625 0.24936
0.875 0.0625 0.290814
0.875 0.125 0.249412
0.8125 0.125 0.202624
0.8125 0.0625 0.24936
0.8125 0 0.301588
0.875 0 0.338763
0.875 0.0625 0.290814
0.8125 0.0625 0.24936
0.875 0.25 0.184344
0.875 0.125 0.249412
1 0.125 0.355815
1 0.25 0.301061
0.875 0.25 0.184344
0.875 0.125 0.249412
0.875 0 0.338763
1 0 0.435239
1 0.125 0.355815
0.875 0.125 0.249412
