0 1 0.456953
0 0.875 0.380947
0.125 0.875 0.273314
0.125 1 0.357701
0 1 0.456953
0 0.875 0.380947
0 0.75 0.313243
0.125 0.75 0.201159
0.125 0.875 0.273314
0 0.875 0.380947
0.125 1 0.357701
0.125 0.9375 0.314326
0.1875 0.9375 0.267724
0.1875 1 0.314692
0.125 1 0.357701
0.125 0.9375 0.314326
0.125 0.875 0.273314
0.1875 0.875 0.223291
0.1875 0.9375 0.267724
0.125 0.9375 0.314326
0.1875 1 0.314692
0.1875 0.9375 0.267724
0.25 0.9375 0.224134
0.25 1 0.275533
0.1875 1 0.314692
0.1875 0.9375 0.267724
0.1875 0.875 0.223291
0.25 0.875 0.175027
0.25 0.9375 0.224134
0.1875 0.9375 0.267724
0.125 0.875 0.273314
0.125 0.8125 0.235503
0.1875 0.8125 0.18279
0.1875 0.875 0.223291
0.125 0.875 0.273314
0.125 0.8125 0.235503
0.125 0.75 0.201159
0.1875 0.75 0.146342
0.1875 0.8125 0.18279
0.125 0.8125 0.235503
0.1875 0.875 0.223291
0.1875 0.8125 0.18279
0.25 0.8125 0.131232
0.25 0.875 0.175027
0.1875 0.875 0.223291
0.1875 0.8125 0.18279
0.1875 0.75 0.146342
0.25 0.75 0.0928735
0.25 0.8125 0.131232
0.1875 0.8125 0.18279
0 0.75 0.313243
0 0.6875 0.285077
0.0625 0.6875 0.227066
0.0625 0.75 0.256668
0 0.75 0.313243
0 0.6875 0.285077
0 0.625 0.260182
0.0625 0.625 0.200695
0.0625 0.6875 0.227066
0 0.6875 0.285077
0.0625 0.75 0.256668
0.0625 0.6875 0.227066
0.125 0.6875 0.170323
0.125 0.75 0.201159
0.0625 0.75 0.256668
0.0625 0.6875 0.227066
0.0625 0.625 0.200695
0.125 0.625 0.142337
0.125 0.6875 0.170323
0.0625 0.6875 0.227066
0 0.625 0.260182
0 0.5625 0.2391
0.0625 0.5625 0.178027
0.0625 0.625 0.200695
0 0.625 0.260182
0 0.5625 0.2391
0 0.5 0.223208
0.0625 0.5 0.160799
0.0625 0.5625 0.178027
0 0.5625 0.2391
0.0625 0.625 0.200695
0.0625 0.5625 0.178027
0.125 0.5625 0.117535
0.125 0.625 0.142337
0.0625 0.625 0.200695
0.0625 0.5625 0.178027
0.0625 0.5 0.160799
0.125 0.5 0.0983751
0.125 0.5625 0.117535
0.0625 0.5625 0.178027
0.125 0.75 0.201159
0.125 0.6875 0.170323
0.1875 0.6875 0.114756
0.1875 0.75 0.146342
0.125 0.75 0.201159
0.125 0.6875 0.170323
0.125 0.65625 0.156027
0.15625 0.65625 0.12789
0.15625 0.6875 0.142462
0.125 0.6875 0.170323
0.125 0.65625 0.156027
0.125 0.625 0.142337
0.15625 0.625 0.113832
0.15625 0.65625 0.12789
0.125 0.65625 0.156027
0.15625 0.6875 0.142462
0.15625 0.65625 0.12789
0.1875 0.65625 0.0999423
0.1875 0.6875 0.114756
0.15625 0.6875 0.142462
0.15625 0.65625 0.12789
0.15625 0.625 0.113832
0.1875 0.625 0.0855565
0.1875 0.65625 0.0999423
0.15625 0.65625 0.12789
0.1875 0.75 0.146342
0.1875 0.71875 0.13013
0.21875 0.71875 0.102843
0.21875 0.75 0.119499
0.1875 0.75 0.146342
0.1875 0.71875 0.13013
0.1875 0.6875 0.114756
0.21875 0.6875 0.087189
0.21875 0.71875 0.102843
0.1875 0.71875 0.13013
0.21875 0.75 0.119499
0.21875 0.71875 0.102843
0.25 0.71875 0.0756918
0.25 0.75 0.0928735
0.21875 0.75 0.119499
0.21875 0.71875 0.102843
0.21875 0.6875 0.087189
0.25 0.6875 0.059742
0.25 0.71875 0.0756918
0.21875 0.71875 0.102843
0.1875 0.6875 0.114756
0.1875 0.65625 0.0999423
0.21875 0.65625 0.0721644
0.21875 0.6875 0.087189
0.1875 0.6875 0.114756
0.1875 0.65625 0.0999423
0.1875 0.625 0.0855565
0.21875 0.625 0.0575075
0.21875 0.65625 0.0721644
0.1875 0.65625 0.0999423
0.21875 0.6875 0.087189
0.21875 0.65625 0.0721644
0.25 0.65625 0.0445309
0.25 0.6875 0.059742
0.21875 0.6875 0.087189
0.21875 0.65625 0.0721644
0.21875 0.625 0.0575075
0.25 0.625 0.0296537
0.25 0.65625 0.0445309
0.21875 0.65625 0.0721644
0.125 0.625 0.142337
0.125 0.59375 0.129419
0.15625 0.59375 0.100443
0.15625 0.625 0.113832
0.125 0.625 0.142337
0.125 0.59375 0.129419
0.125 0.5625 0.117535
0.15625 0.5625 0.0879908
0.15625 0.59375 0.100443
0.125 0.59375 0.129419
0.15625 0.625 0.113832
0.15625 0.59375 0.100443
0.1875 0.59375 0.0717118
0.1875 0.625 0.0855565
0.15625 0.625 0.113832
0.15625 0.59375 0.100443
0.15625 0.5625 0.0879908
0.1875 0.5625 0.0586732
0.1875 0.59375 0.0717118
0.15625 0.59375 0.100443
0.125 0.5625 0.117535
0.125 0.53125 0.107034
0.15625 0.53125 0.0768522
0.15625 0.5625 0.0879908
0.125 0.5625 0.117535
0.125 0.53125 0.107034
0.125 0.5 0.0983751
0.15625 0.5 0.0675573
0.15625 0.53125 0.0768522
0.125 0.53125 0.107034
0.15625 0.5625 0.0879908
0.15625 0.53125 0.0768522
0.1875 0.53125 0.0468364
0.1875 0.5625 0.0586732
0.15625 0.5625 0.0879908
0.15625 0.53125 0.0768522
0.15625 0.5 0.0675573
0.1875 0.5 0.0367973
0.1875 0.53125 0.0468364
0.15625 0.53125 0.0768522
0.1875 0.625 0.0855565
0.1875 0.59375 0.0717118
0.21875 0.59375 0.0432806
0.21875 0.625 0.0575075
0.1875 0.625 0.0855565
0.1875 0.59375 0.0717118
0.1875 0.5625 0.0586732
0.21875 0.5625 0.0296722
0.21875 0.59375 0.0432806
0.1875 0.59375 0.0717118
0.21875 0.625 0.0575075
0.21875 0.59375 0.0432806
0.25 0.59375 0.0151473
0.25 0.625 0.0296537
0.21875 0.625 0.0575075
0.21875 0.59375 0.0432806
0.21875 0.5625 0.0296722
0.25 0.5625 0.00102181
0.25 0.59375 0.0151473
0.21875 0.59375 0.0432806
0.1875 0.5625 0.0586732
0.1875 0.53125 0.0468364
0.21875 0.53125 0.0170887
0.21875 0.5625 0.0296722
0.1875 0.5625 0.0586732
0.1875 0.53125 0.0468364
0.1875 0.5 0.0367973
0.21875 0.5 0.00609634
0.21875 0.53125 0.0170887
0.1875 0.53125 0.0468364
0.21875 0.5625 0.0296722
0.21875 0.53125 0.0170887
0.25 0.53125 -0.0120231
0.25 0.5625 0.00102181
0.21875 0.5625 0.0296722
0.21875 0.53125 0.0170887
0.21875 0.5 0.00609634
0.25 0.5 -0.0236074
0.25 0.53125 -0.0120231
0.21875 0.53125 0.0170887
0.25 1 0.275533
0.25 0.9375 0.224134
0.3125 0.9375 0.187852
0.3125 1 0.243985
0.25 1 0.275533
0.25 0.9375 0.224134
0.25 0.875 0.175027
0.3125 0.875 0.133364
0.3125 0.9375 0.187852
0.25 0.9375 0.224134
0.3125 1 0.243985
0.3125 0.9375 0.187852
0.375 0.9375 0.160298
0.375 1 0.220846
0.3125 1 0.243985
0.3125 0.9375 0.187852
0.3125 0.875 0.133364
0.375 0.875 0.100969
0.375 0.9375 0.160298
0.3125 0.9375 0.187852
0.25 0.875 0.175027
0.25 0.84375 0.152476
0.28125 0.84375 0.129633
0.28125 0.875 0.153511
0.25 0.875 0.175027
0.25 0.84375 0.152476
0.25 0.8125 0.131232
0.28125 0.8125 0.107091
0.28125 0.84375 0.129633
0.25 0.84375 0.152476
0.28125 0.875 0.153511
0.28125 0.84375 0.129633
0.3125 0.84375 0.107975
0.3125 0.875 0.133364
0.28125 0.875 0.153511
0.28125 0.84375 0.129633
0.28125 0.8125 0.107091
0.3125 0.8125 0.083872
0.3125 0.84375 0.107975
0.28125 0.84375 0.129633
0.25 0.8125 0.131232
0.25 0.78125 0.111347
0.28125 0.78125 0.0860147
0.28125 0.8125 0.107091
0.25 0.8125 0.131232
0.25 0.78125 0.111347
0.25 0.75 0.0928735
0.28125 0.75 0.0665317
0.28125 0.78125 0.0860147
0.25 0.78125 0.111347
0.28125 0.8125 0.107091
0.28125 0.78125 0.0860147
0.3125 0.78125 0.0612918
0.3125 0.8125 0.083872
0.28125 0.8125 0.107091
0.28125 0.78125 0.0860147
0.28125 0.75 0.0665317
0.3125 0.75 0.0405287
0.3125 0.78125 0.0612918
0.28125 0.78125 0.0860147
0.3125 0.875 0.133364
0.3125 0.84375 0.107975
0.34375 0.84375 0.0884541
0.34375 0.875 0.115574
0.3125 0.875 0.133364
0.3125 0.84375 0.107975
0.3125 0.8125 0.083872
0.34375 0.8125 0.0624031
0.34375 0.84375 0.0884541
0.3125 0.84375 0.107975
0.34375 0.875 0.115574
0.34375 0.84375 0.0884541
0.375 0.84375 0.0719821
0.375 0.875 0.100969
0.34375 0.875 0.115574
0.34375 0.84375 0.0884541
0.34375 0.8125 0.0624031
0.375 0.8125 0.0437089
0.375 0.84375 0.0719821
0.34375 0.84375 0.0884541
0.3125 0.8125 0.083872
0.3125 0.78125 0.0612918
0.34375 0.78125 0.0377688
0.34375 0.8125 0.0624031
0.3125 0.8125 0.083872
0.3125 0.78125 0.0612918
0.3125 0.75 0.0405287
0.34375 0.75 0.0150374
0.34375 0.78125 0.0377688
0.3125 0.78125 0.0612918
0.34375 0.8125 0.0624031
0.34375 0.78125 0.0377688
0.375 0.78125 0.0164817
0.375 0.8125 0.0437089
0.34375 0.8125 0.0624031
0.34375 0.78125 0.0377688
0.34375 0.75 0.0150374
0.375 0.75 -0.0082023
0.375 0.78125 0.0164817
0.34375 0.78125 0.0377688
0.375 1 0.220846
0.375 0.9375 0.160298
0.4375 0.9375 0.150021
0.4375 1 0.212513
0.375 1 0.220846
0.375 0.9375 0.160298
0.375 0.90625 0.130458
0.40625 0.90625 0.121923
0.40625 0.9375 0.152779
0.375 0.9375 0.160298
0.375 0.90625 0.130458
0.375 0.875 0.100969
0.40625 0.875 0.0911315
0.40625 0.90625 0.121923
0.375 0.90625 0.130458
0.40625 0.9375 0.152779
0.40625 0.90625 0.121923
0.4375 0.90625 0.118783
0.4375 0.9375 0.150021
0.40625 0.9375 0.152779
0.40625 0.90625 0.121923
0.40625 0.875 0.0911315
0.4375 0.875 0.0875431
0.4375 0.90625 0.118783
0.40625 0.90625 0.121923
0.4375 1 0.212513
0.4375 0.9375 0.150021
0.5 0.9375 0.156533
0.5 1 0.218099
0.4375 1 0.212513
0.4375 0.9375 0.150021
0.4375 0.90625 0.118783
0.46875 0.90625 0.120355
0.46875 0.9375 0.151435
0.4375 0.9375 0.150021
0.4375 0.90625 0.118783
0.4375 0.875 0.0875431
0.46875 0.875 0.0892984
0.46875 0.90625 0.120355
0.4375 0.90625 0.118783
0.46875 0.9375 0.151435
0.46875 0.90625 0.120355
0.5 0.90625 0.125897
0.5 0.9375 0.156533
0.46875 0.9375 0.151435
0.46875 0.90625 0.120355
0.46875 0.875 0.0892984
0.5 0.875 0.0953619
0.5 0.90625 0.125897
0.46875 0.90625 0.120355
0.375 0.875 0.100969
0.375 0.84375 0.0719821
0.40625 0.84375 0.0604661
0.40625 0.875 0.0911315
0.375 0.875 0.100969
0.375 0.84375 0.0719821
0.375 0.8125 0.0437089
0.40625 0.8125 0.0299765
0.40625 0.84375 0.0604661
0.375 0.84375 0.0719821
0.40625 0.875 0.0911315
0.40625 0.84375 0.0604661
0.4375 0.84375 0.056301
0.4375 0.875 0.0875431
0.40625 0.875 0.0911315
0.40625 0.84375 0.0604661
0.40625 0.8125 0.0299765
0.4375 0.8125 0.0250551
0.4375 0.84375 0.056301
0.40625 0.84375 0.0604661
0.375 0.8125 0.0437089
0.375 0.78125 0.0164817
0.40625 0.78125 -0.000220596
0.40625 0.8125 0.0299765
0.375 0.8125 0.0437089
0.375 0.78125 0.0164817
0.375 0.75 -0.0082023
0.40625 0.75 -0.0275749
0.40625 0.78125 -0.000220596
0.375 0.78125 0.0164817
0.40625 0.8125 0.0299765
0.40625 0.78125 -0.000220596
0.4375 0.78125 -0.00618567
0.4375 0.8125 0.0250551
0.40625 0.8125 0.0299765
0.40625 0.78125 -0.000220596
0.40625 0.75 -0.0275749
0.4375 0.75 -0.0371914
0.4375 0.78125 -0.00618567
0.40625 0.78125 -0.000220596
0.4375 0.875 0.0875431
0.4375 0.84375 0.056301
0.46875 0.84375 0.058278
0.46875 0.875 0.0892984
0.4375 0.875 0.0875431
0.4375 0.84375 0.056301
0.4375 0.8125 0.0250551
0.46875 0.8125 0.0273071
0.46875 0.84375 0.058278
0.4375 0.84375 0.056301
0.46875 0.875 0.0892984
0.46875 0.84375 0.058278
0.5 0.84375 0.0649756
0.5 0.875 0.0953619
0.46875 0.875 0.0892984
0.46875 0.84375 0.058278
0.46875 0.8125 0.0273071
0.5 0.8125 0.0347558
0.5 0.84375 0.0649756
0.46875 0.84375 0.058278
0.4375 0.8125 0.0250551
0.4375 0.78125 -0.00618567
0.46875 0.78125 -0.0035637
0.46875 0.8125 0.0273071
0.4375 0.8125 0.0250551
0.4375 0.78125 -0.00618567
0.4375 0.75 -0.0371914
0.46875 0.75 -0.0339491
0.46875 0.78125 -0.0035637
0.4375 0.78125 -0.00618567
0.46875 0.8125 0.0273071
0.46875 0.78125 -0.0035637
0.5 0.78125 0.00473829
0.5 0.8125 0.0347558
0.46875 0.8125 0.0273071
0.46875 0.78125 -0.0035637
0.46875 0.75 -0.0339491
0.5 0.75 -0.0245873
0.5 0.78125 0.00473829
0.46875 0.78125 -0.0035637
0.25 0.75 0.0928735
0.25 0.71875 0.0756918
0.28125 0.71875 0.0486755
0.28125 0.75 0.0665317
0.25 0.75 0.0928735
0.25 0.71875 0.0756918
0.25 0.6875 0.059742
0.28125 0.6875 0.032401
0.28125 0.71875 0.0486755
0.25 0.71875 0.0756918
0.28125 0.75 0.0665317
0.28125 0.71875 0.0486755
0.3125 0.71875 0.0218008
0.3125 0.75 0.0405287
0.28125 0.75 0.0665317
0.28125 0.71875 0.0486755
0.28125 0.6875 0.032401
0.3125 0.6875 0.00515819
0.3125 0.71875 0.0218008
0.28125 0.71875 0.0486755
0.25 0.6875 0.059742
0.25 0.65625 0.0445309
0.28125 0.65625 0.0170222
0.28125 0.6875 0.032401
0.25 0.6875 0.059742
0.25 0.65625 0.0445309
0.25 0.625 0.0296537
0.28125 0.625 0.00195684
0.28125 0.65625 0.0170222
0.25 0.65625 0.0445309
0.28125 0.6875 0.032401
0.28125 0.65625 0.0170222
0.3125 0.65625 -0.0103404
0.3125 0.6875 0.00515819
0.28125 0.6875 0.032401
0.28125 0.65625 0.0170222
0.28125 0.625 0.00195684
0.3125 0.625 -0.0255082
0.3125 0.65625 -0.0103404
0.28125 0.65625 0.0170222
0.3125 0.75 0.0405287
0.3125 0.71875 0.0218008
0.34375 0.71875 -0.00466024
0.34375 0.75 0.0150374
0.3125 0.75 0.0405287
0.3125 0.71875 0.0218008
0.3125 0.6875 0.00515819
0.34375 0.6875 -0.0216543
0.34375 0.71875 -0.00466024
0.3125 0.71875 0.0218008
0.34375 0.75 0.0150374
0.34375 0.71875 -0.00466024
0.375 0.71875 -0.0295774
0.375 0.75 -0.0082023
0.34375 0.75 0.0150374
0.34375 0.71875 -0.00466024
0.34375 0.6875 -0.0216543
0.375 0.6875 -0.0478888
0.375 0.71875 -0.0295774
0.34375 0.71875 -0.00466024
0.3125 0.6875 0.00515819
0.3125 0.65625 -0.0103404
0.34375 0.65625 -0.0375104
0.34375 0.6875 -0.0216543
0.3125 0.6875 0.00515819
0.3125 0.65625 -0.0103404
0.3125 0.625 -0.0255082
0.34375 0.625 -0.0528707
0.34375 0.65625 -0.0375104
0.3125 0.65625 -0.0103404
0.34375 0.6875 -0.0216543
0.34375 0.65625 -0.0375104
0.375 0.65625 -0.0644221
0.375 0.6875 -0.0478888
0.34375 0.6875 -0.0216543
0.34375 0.65625 -0.0375104
0.34375 0.625 -0.0528707
0.375 0.625 -0.0801002
0.375 0.65625 -0.0644221
0.34375 0.65625 -0.0375104
0.25 0.625 0.0296537
0.25 0.59375 0.0151473
0.28125 0.59375 -0.0126946
0.28125 0.625 0.00195684
0.25 0.625 0.0296537
0.25 0.59375 0.0151473
0.25 0.5625 0.00102181
0.28125 0.5625 -0.0269522
0.28125 0.59375 -0.0126946
0.25 0.59375 0.0151473
0.28125 0.625 0.00195684
0.28125 0.59375 -0.0126946
0.3125 0.59375 -0.0403395
0.3125 0.625 -0.0255082
0.28125 0.625 0.00195684
0.28125 0.59375 -0.0126946
0.28125 0.5625 -0.0269522
0.3125 0.5625 -0.0548027
0.3125 0.59375 -0.0403395
0.28125 0.59375 -0.0126946
0.25 0.5625 0.00102181
0.25 0.53125 -0.0120231
0.28125 0.53125 -0.0404836
0.28125 0.5625 -0.0269522
0.25 0.5625 0.00102181
0.25 0.53125 -0.0120231
0.25 0.5 -0.0236074
0.28125 0.5 -0.0527614
0.28125 0.53125 -0.0404836
0.25 0.53125 -0.0120231
0.28125 0.5625 -0.0269522
0.28125 0.53125 -0.0404836
0.3125 0.53125 -0.0687041
0.3125 0.5625 -0.0548027
0.28125 0.5625 -0.0269522
0.28125 0.53125 -0.0404836
0.28125 0.5 -0.0527614
0.3125 0.5 -0.0816033
0.3125 0.53125 -0.0687041
0.28125 0.53125 -0.0404836
0.3125 0.625 -0.0255082
0.3125 0.59375 -0.0403395
0.34375 0.59375 -0.0678874
0.34375 0.625 -0.0528707
0.3125 0.625 -0.0255082
0.3125 0.59375 -0.0403395
0.3125 0.5625 -0.0548027
0.34375 0.5625 -0.0825466
0.34375 0.59375 -0.0678874
0.3125 0.59375 -0.0403395
0.34375 0.625 -0.0528707
0.34375 0.59375 -0.0678874
0.375 0.59375 -0.0953311
0.375 0.625 -0.0801002
0.34375 0.625 -0.0528707
0.34375 0.59375 -0.0678874
0.34375 0.5625 -0.0825466
0.375 0.5625 -0.11019
0.375 0.59375 -0.0953311
0.34375 0.59375 -0.0678874
0.3125 0.5625 -0.0548027
0.3125 0.53125 -0.0687041
0.34375 0.53125 -0.0967371
0.34375 0.5625 -0.0825466
0.3125 0.5625 -0.0548027
0.3125 0.53125 -0.0687041
0.3125 0.5 -0.0816033
0.34375 0.5 -0.110139
0.34375 0.53125 -0.0967371
0.3125 0.53125 -0.0687041
0.34375 0.5625 -0.0825466
0.34375 0.53125 -0.0967371
0.375 0.53125 -0.124631
0.375 0.5625 -0.11019
0.34375 0.5625 -0.0825466
0.34375 0.53125 -0.0967371
0.34375 0.5 -0.110139
0.375 0.5 -0.138446
0.375 0.53125 -0.124631
0.34375 0.53125 -0.0967371
0.375 0.75 -0.0082023
0.375 0.71875 -0.0295774
0.40625 0.71875 -0.0520095
0.40625 0.75 -0.0275749
0.375 0.75 -0.0082023
0.375 0.71875 -0.0295774
0.375 0.6875 -0.0478888
0.40625 0.6875 -0.0729626
0.40625 0.71875 -0.0520095
0.375 0.71875 -0.0295774
0.40625 0.75 -0.0275749
0.40625 0.71875 -0.0520095
0.4375 0.71875 -0.0669704
0.4375 0.75 -0.0371914
0.40625 0.75 -0.0275749
0.40625 0.71875 -0.0520095
0.40625 0.6875 -0.0729626
0.4375 0.6875 -0.0936759
0.4375 0.71875 -0.0669704
0.40625 0.71875 -0.0520095
0.375 0.6875 -0.0478888
0.375 0.65625 -0.0644221
0.40625 0.65625 -0.0908456
0.40625 0.6875 -0.0729626
0.375 0.6875 -0.0478888
0.375 0.65625 -0.0644221
0.375 0.625 -0.0801002
0.40625 0.625 -0.107116
0.40625 0.65625 -0.0908456
0.375 0.65625 -0.0644221
0.40625 0.6875 -0.0729626
0.40625 0.65625 -0.0908456
0.4375 0.65625 -0.115689
0.4375 0.6875 -0.0936759
0.40625 0.6875 -0.0729626
0.40625 0.65625 -0.0908456
0.40625 0.625 -0.107116
0.4375 0.625 -0.133599
0.4375 0.65625 -0.115689
0.40625 0.65625 -0.0908456
0.4375 0.75 -0.0371914
0.4375 0.71875 -0.0669704
0.46875 0.71875 -0.0639663
0.46875 0.75 -0.0339491
0.4375 0.75 -0.0371914
0.4375 0.71875 -0.0669704
0.4375 0.6875 -0.0936759
0.46875 0.6875 -0.0935932
0.46875 0.71875 -0.0639663
0.4375 0.71875 -0.0669704
0.46875 0.75 -0.0339491
0.46875 0.71875 -0.0639663
0.5 0.71875 -0.053539
0.5 0.75 -0.0245873
0.46875 0.75 -0.0339491
0.46875 0.71875 -0.0639663
0.46875 0.6875 -0.0935932
0.5 0.6875 -0.0821856
0.5 0.71875 -0.053539
0.46875 0.71875 -0.0639663
0.4375 0.6875 -0.0936759
0.4375 0.65625 -0.115689
0.46875 0.65625 -0.122829
0.46875 0.6875 -0.0935932
0.4375 0.6875 -0.0936759
0.4375 0.65625 -0.115689
0.4375 0.625 -0.133599
0.46875 0.625 -0.151387
0.46875 0.65625 -0.122829
0.4375 0.65625 -0.115689
0.46875 0.6875 -0.0935932
0.46875 0.65625 -0.122829
0.5 0.65625 -0.110584
0.5 0.6875 -0.0821856
0.46875 0.6875 -0.0935932
0.46875 0.65625 -0.122829
0.46875 0.625 -0.151387
0.5 0.625 -0.138757
0.5 0.65625 -0.110584
0.46875 0.65625 -0.122829
0.375 0.625 -0.0801002
0.375 0.59375 -0.0953311
0.40625 0.59375 -0.122644
0.40625 0.625 -0.107116
0.375 0.625 -0.0801002
0.375 0.59375 -0.0953311
0.375 0.5625 -0.11019
0.40625 0.5625 -0.137731
0.40625 0.59375 -0.122644
0.375 0.59375 -0.0953311
0.40625 0.625 -0.107116
0.40625 0.59375 -0.122644
0.4375 0.59375 -0.149733
0.4375 0.625 -0.133599
0.40625 0.625 -0.107116
0.40625 0.59375 -0.122644
0.40625 0.5625 -0.137731
0.4375 0.5625 -0.165162
0.4375 0.59375 -0.149733
0.40625 0.59375 -0.122644
0.375 0.5625 -0.11019
0.375 0.5 -0.138446
0.4375 0.5 -0.185855
0.4375 0.5625 -0.165162
0.375 0.5625 -0.11019
0.4375 0.625 -0.133599
0.4375 0.5625 -0.165162
0.5 0.5625 -0.194654
0.5 0.625 -0.138757
0.4375 0.625 -0.133599
0.4375 0.5625 -0.165162
0.4375 0.5 -0.185855
0.5 0.5 -0.229934
0.5 0.5625 -0.194654
0.4375 0.5625 -0.165162
0 0.5 0.223208
0 0.4375 0.215537
0.0625 0.4375 0.153031
0.0625 0.5 0.160799
0 0.5 0.223208
0 0.4375 0.215537
0 0.375 0.223921
0.0625 0.375 0.163072
0.0625 0.4375 0.153031
0 0.4375 0.215537
0.0625 0.5 0.160799
0.0625 0.4375 0.153031
0.125 0.4375 0.0905583
0.125 0.5 0.0983751
0.0625 0.5 0.160799
0.0625 0.4375 0.153031
0.0625 0.375 0.163072
0.125 0.375 0.103534
0.125 0.4375 0.0905583
0.0625 0.4375 0.153031
0 0.375 0.223921
0 0.3125 0.243779
0.0625 0.3125 0.186199
0.0625 0.375 0.163072
0 0.375 0.223921
0 0.3125 0.243779
0 0.25 0.27242
0.0625 0.25 0.219045
0.0625 0.3125 0.186199
0 0.3125 0.243779
0.0625 0.375 0.163072
0.0625 0.3125 0.186199
0.125 0.3125 0.132134
0.125 0.375 0.103534
0.0625 0.375 0.163072
0.0625 0.3125 0.186199
0.0625 0.25 0.219045
0.125 0.25 0.17102
0.125 0.3125 0.132134
0.0625 0.3125 0.186199
0.125 0.5 0.0983751
0.125 0.46875 0.0921739
0.15625 0.46875 0.060914
0.15625 0.5 0.0675573
0.125 0.5 0.0983751
0.125 0.46875 0.0921739
0.125 0.4375 0.0905583
0.15625 0.4375 0.0593275
0.15625 0.46875 0.060914
0.125 0.46875 0.0921739
0.15625 0.5 0.0675573
0.15625 0.46875 0.060914
0.1875 0.46875 0.0296759
0.1875 0.5 0.0367973
0.15625 0.5 0.0675573
0.15625 0.46875 0.060914
0.15625 0.4375 0.0593275
0.1875 0.4375 0.0280935
0.1875 0.46875 0.0296759
0.15625 0.46875 0.060914
0.125 0.4375 0.0905583
0.125 0.40625 0.0947052
0.15625 0.40625 0.0641567
0.15625 0.4375 0.0593275
0.125 0.4375 0.0905583
0.125 0.40625 0.0947052
0.125 0.375 0.103534
0.15625 0.375 0.0745117
0.15625 0.40625 0.0641567
0.125 0.40625 0.0947052
0.15625 0.4375 0.0593275
0.15625 0.40625 0.0641567
0.1875 0.40625 0.0340543
0.1875 0.4375 0.0280935
0.15625 0.4375 0.0593275
0.15625 0.40625 0.0641567
0.15625 0.375 0.0745117
0.1875 0.375 0.0461833
0.1875 0.40625 0.0340543
0.15625 0.40625 0.0641567
0.1875 0.5 0.0367973
0.1875 0.46875 0.0296759
0.21875 0.46875 -0.00153659
0.21875 0.5 0.00609634
0.1875 0.5 0.0367973
0.1875 0.46875 0.0296759
0.1875 0.4375 0.0280935
0.21875 0.4375 -0.00299985
0.21875 0.46875 -0.00153659
0.1875 0.46875 0.0296759
0.21875 0.5 0.00609634
0.21875 0.46875 -0.00153659
0.25 0.46875 -0.0321547
0.25 0.5 -0.0236074
0.21875 0.5 0.00609634
0.21875 0.46875 -0.00153659
0.21875 0.4375 -0.00299985
0.25 0.4375 -0.0322746
0.25 0.46875 -0.0321547
0.21875 0.46875 -0.00153659
0.1875 0.4375 0.0280935
0.1875 0.40625 0.0340543
0.21875 0.40625 0.00434663
0.21875 0.4375 -0.00299985
0.1875 0.4375 0.0280935
0.1875 0.40625 0.0340543
0.1875 0.375 0.0461833
0.21875 0.375 0.0189475
0.21875 0.40625 0.00434663
0.1875 0.40625 0.0340543
0.21875 0.4375 -0.00299985
0.21875 0.40625 0.00434663
0.25 0.40625 -0.0220064
0.25 0.4375 -0.0322746
0.21875 0.4375 -0.00299985
0.21875 0.40625 0.00434663
0.21875 0.375 0.0189475
0.25 0.375 -0.0060318
0.25 0.40625 -0.0220064
0.21875 0.40625 0.00434663
0.125 0.375 0.103534
0.125 0.34375 0.116227
0.15625 0.34375 0.0888991
0.15625 0.375 0.0745117
0.125 0.375 0.103534
0.125 0.34375 0.116227
0.125 0.3125 0.132134
0.15625 0.3125 0.106644
0.15625 0.34375 0.0888991
0.125 0.34375 0.116227
0.15625 0.375 0.0745117
0.15625 0.34375 0.0888991
0.1875 0.34375 0.0627374
0.1875 0.375 0.0461833
0.15625 0.375 0.0745117
0.15625 0.34375 0.0888991
0.15625 0.3125 0.106644
0.1875 0.3125 0.0826006
0.1875 0.34375 0.0627374
0.15625 0.34375 0.0888991
0.125 0.3125 0.132134
0.125 0.28125 0.150514
0.15625 0.28125 0.126722
0.15625 0.3125 0.106644
0.125 0.3125 0.132134
0.125 0.28125 0.150514
0.125 0.25 0.17102
0.15625 0.25 0.148862
0.15625 0.28125 0.126722
0.125 0.28125 0.150514
0.15625 0.3125 0.106644
0.15625 0.28125 0.126722
0.1875 0.28125 0.104628
0.1875 0.3125 0.0826006
0.15625 0.3125 0.106644
0.15625 0.28125 0.126722
0.15625 0.25 0.148862
0.1875 0.25 0.128327
0.1875 0.28125 0.104628
0.15625 0.28125 0.126722
0.1875 0.375 0.0461833
0.1875 0.34375 0.0627374
0.21875 0.34375 0.038029
0.21875 0.375 0.0189475
0.1875 0.375 0.0461833
0.1875 0.34375 0.0627374
0.1875 0.3125 0.0826006
0.21875 0.3125 0.0602637
0.21875 0.34375 0.038029
0.1875 0.34375 0.0627374
0.21875 0.375 0.0189475
0.21875 0.34375 0.038029
0.25 0.34375 0.015827
0.25 0.375 -0.0060318
0.21875 0.375 0.0189475
0.21875 0.34375 0.038029
0.21875 0.3125 0.0602637
0.25 0.3125 0.0401787
0.25 0.34375 0.015827
0.21875 0.34375 0.038029
0.1875 0.3125 0.0826006
0.1875 0.28125 0.104628
0.21875 0.28125 0.0842226
0.21875 0.3125 0.0602637
0.1875 0.3125 0.0826006
0.1875 0.28125 0.104628
0.1875 0.25 0.128327
0.21875 0.25 0.109311
0.21875 0.28125 0.0842226
0.1875 0.28125 0.104628
0.21875 0.3125 0.0602637
0.21875 0.28125 0.0842226
0.25 0.28125 0.0655957
0.25 0.3125 0.0401787
0.21875 0.3125 0.0602637
0.21875 0.28125 0.0842226
0.21875 0.25 0.109311
0.25 0.25 0.0916701
0.25 0.28125 0.0655957
0.21875 0.28125 0.0842226
0 0.25 0.27242
0 0.1875 0.308752
0.0625 0.1875 0.259757
0.0625 0.25 0.219045
0 0.25 0.27242
0 0.1875 0.308752
0 0.125 0.349973
0.0625 0.125 0.305291
0.0625 0.1875 0.259757
0 0.1875 0.308752
0.0625 0.25 0.219045
0.0625 0.1875 0.259757
0.125 0.1875 0.216892
0.125 0.25 0.17102
0.0625 0.25 0.219045
0.0625 0.1875 0.259757
0.0625 0.125 0.305291
0.125 0.125 0.266402
0.125 0.1875 0.216892
0.0625 0.1875 0.259757
0 0.125 0.349973
0 0 0.4486
0.125 0 0.371842
0.125 0.125 0.266402
0 0.125 0.349973
0.125 0.25 0.17102
0.125 0.1875 0.216892
0.1875 0.1875 0.178732
0.1875 0.25 0.128327
0.125 0.25 0.17102
0.125 0.1875 0.216892
0.125 0.125 0.266402
0.1875 0.125 0.231247
0.1875 0.1875 0.178732
0.125 0.1875 0.216892
0.1875 0.25 0.128327
0.1875 0.1875 0.178732
0.25 0.1875 0.144959
0.25 0.25 0.0916701
0.1875 0.25 0.128327
0.1875 0.1875 0.178732
0.1875 0.125 0.231247
0.25 0.125 0.199162
0.25 0.1875 0.144959
0.1875 0.1875 0.178732
0.125 0.125 0.266402
0.125 0 0.371842
0.25 0 0.309157
0.25 0.125 0.199162
0.125 0.125 0.266402
0.25 0.5 -0.0236074
0.25 0.46875 -0.0321547
0.28125 0.46875 -0.0624342
0.28125 0.5 -0.0527614
0.25 0.5 -0.0236074
0.25 0.46875 -0.0321547
0.25 0.4375 -0.0322746
0.28125 0.4375 -0.0596909
0.28125 0.46875 -0.0624342
0.25 0.46875 -0.0321547
0.28125 0.5 -0.0527614
0.28125 0.46875 -0.0624342
0.3125 0.46875 -0.0917851
0.3125 0.5 -0.0816033
0.28125 0.5 -0.0527614
0.28125 0.46875 -0.0624342
0.28125 0.4375 -0.0596909
0.3125 0.4375 -0.0849772
0.3125 0.46875 -0.0917851
0.28125 0.46875 -0.0624342
0.25 0.4375 -0.0322746
0.25 0.40625 -0.0220064
0.28125 0.40625 -0.0461128
0.28125 0.4375 -0.0596909
0.25 0.4375 -0.0322746
0.25 0.40625 -0.0220064
0.25 0.375 -0.0060318
0.28125 0.375 -0.0264997
0.28125 0.40625 -0.0461128
0.25 0.40625 -0.0220064
0.28125 0.4375 -0.0596909
0.28125 0.40625 -0.0461128
0.3125 0.40625 -0.0679026
0.3125 0.4375 -0.0849772
0.28125 0.4375 -0.0596909
0.28125 0.40625 -0.0461128
0.28125 0.375 -0.0264997
0.3125 0.375 -0.045445
0.3125 0.40625 -0.0679026
0.28125 0.40625 -0.0461128
0.3125 0.5 -0.0816033
0.3125 0.46875 -0.0917851
0.34375 0.46875 -0.119455
0.34375 0.5 -0.110139
0.3125 0.5 -0.0816033
0.3125 0.46875 -0.0917851
0.3125 0.4375 -0.0849772
0.34375 0.4375 -0.107898
0.34375 0.46875 -0.119455
0.3125 0.46875 -0.0917851
0.34375 0.5 -0.110139
0.34375 0.46875 -0.119455
0.375 0.46875 -0.144761
0.375 0.5 -0.138446
0.34375 0.5 -0.110139
0.34375 0.46875 -0.119455
0.34375 0.4375 -0.107898
0.375 0.4375 -0.128387
0.375 0.46875 -0.144761
0.34375 0.46875 -0.119455
0.3125 0.4375 -0.0849772
0.3125 0.40625 -0.0679026
0.34375 0.40625 -0.0873543
0.34375 0.4375 -0.107898
0.3125 0.4375 -0.0849772
0.3125 0.40625 -0.0679026
0.3125 0.375 -0.045445
0.34375 0.375 -0.0629401
0.34375 0.40625 -0.0873543
0.3125 0.40625 -0.0679026
0.34375 0.4375 -0.107898
0.34375 0.40625 -0.0873543
0.375 0.40625 -0.104994
0.375 0.4375 -0.128387
0.34375 0.4375 -0.107898
0.34375 0.40625 -0.0873543
0.34375 0.375 -0.0629401
0.375 0.375 -0.079224
0.375 0.40625 -0.104994
0.34375 0.40625 -0.0873543
0.25 0.375 -0.0060318
0.25 0.34375 0.015827
0.28125 0.34375 -0.00376083
0.28125 0.375 -0.0264997
0.25 0.375 -0.0060318
0.25 0.34375 0.015827
0.25 0.3125 0.0401787
0.28125 0.3125 0.0220235
0.28125 0.34375 -0.00376083
0.25 0.34375 0.015827
0.28125 0.375 -0.0264997
0.28125 0.34375 -0.00376083
0.3125 0.34375 -0.0209429
0.3125 0.375 -0.045445
0.28125 0.375 -0.0264997
0.28125 0.34375 -0.00376083
0.28125 0.3125 0.0220235
0.3125 0.3125 0.00536259
0.3125 0.34375 -0.0209429
0.28125 0.34375 -0.00376083
0.25 0.3125 0.0401787
0.25 0.28125 0.0655957
0.28125 0.28125 0.0484257
0.28125 0.3125 0.0220235
0.25 0.3125 0.0401787
0.25 0.28125 0.0655957
0.25 0.25 0.0916701
0.28125 0.25 0.0751777
0.28125 0.28125 0.0484257
0.25 0.28125 0.0655957
0.28125 0.3125 0.0220235
0.28125 0.28125 0.0484257
0.3125 0.28125 0.0323313
0.3125 0.3125 0.00536259
0.28125 0.3125 0.0220235
0.28125 0.28125 0.0484257
0.28125 0.25 0.0751777
0.3125 0.25 0.0594825
0.3125 0.28125 0.0323313
0.28125 0.28125 0.0484257
0.3125 0.375 -0.045445
0.3125 0.34375 -0.0209429
0.34375 0.34375 -0.0370108
0.34375 0.375 -0.0629401
0.3125 0.375 -0.045445
0.3125 0.34375 -0.0209429
0.3125 0.3125 0.00536259
0.34375 0.3125 -0.0103339
0.34375 0.34375 -0.0370108
0.3125 0.34375 -0.0209429
0.34375 0.375 -0.0629401
0.34375 0.34375 -0.0370108
0.375 0.34375 -0.0525369
0.375 0.375 -0.079224
0.34375 0.375 -0.0629401
0.34375 0.34375 -0.0370108
0.34375 0.3125 -0.0103339
0.375 0.3125 -0.0254144
0.375 0.34375 -0.0525369
0.34375 0.34375 -0.0370108
0.3125 0.3125 0.00536259
0.3125 0.28125 0.0323313
0.34375 0.28125 0.0169217
0.34375 0.3125 -0.0103339
0.3125 0.3125 0.00536259
0.3125 0.28125 0.0323313
0.3125 0.25 0.0594825
0.34375 0.25 0.0443126
0.34375 0.28125 0.0169217
0.3125 0.28125 0.0323313
0.34375 0.3125 -0.0103339
0.34375 0.28125 0.0169217
0.375 0.28125 0.00195401
0.375 0.3125 -0.0254144
0.34375 0.3125 -0.0103339
0.34375 0.28125 0.0169217
0.34375 0.25 0.0443126
0.375 0.25 0.0295171
0.375 0.28125 0.00195401
0.34375 0.28125 0.0169217
0.375 0.5 -0.138446
0.375 0.4375 -0.128387
0.4375 0.4375 -0.163276
0.4375 0.5 -0.185855
0.375 0.5 -0.138446
0.375 0.4375 -0.128387
0.375 0.40625 -0.104994
0.40625 0.40625 -0.121381
0.40625 0.4375 -0.146615
0.375 0.4375 -0.128387
0.375 0.40625 -0.104994
0.375 0.375 -0.079224
0.40625 0.375 -0.0947515
0.40625 0.40625 -0.121381
0.375 0.40625 -0.104994
0.40625 0.4375 -0.146615
0.40625 0.40625 -0.121381
0.4375 0.40625 -0.136915
0.4375 0.4375 -0.163276
0.40625 0.4375 -0.146615
0.40625 0.40625 -0.121381
0.40625 0.375 -0.0947515
0.4375 0.375 -0.109759
0.4375 0.40625 -0.136915
0.40625 0.40625 -0.121381
0.4375 0.5 -0.185855
0.4375 0.4375 -0.163276
0.5 0.4375 -0.193251
0.5 0.5 -0.229934
0.4375 0.5 -0.185855
0.4375 0.4375 -0.163276
0.4375 0.375 -0.109759
0.5 0.375 -0.137944
0.5 0.4375 -0.193251
0.4375 0.4375 -0.163276
0.375 0.375 -0.079224
0.375 0.34375 -0.0525369
0.40625 0.34375 -0.0676318
0.40625 0.375 -0.0947515
0.375 0.375 -0.079224
0.375 0.34375 -0.0525369
0.375 0.3125 -0.0254144
0.40625 0.3125 -0.0402127
0.40625 0.34375 -0.0676318
0.375 0.34375 -0.0525369
0.40625 0.375 -0.0947515
0.40625 0.34375 -0.0676318
0.4375 0.34375 -0.0823054
0.4375 0.375 -0.109759
0.40625 0.375 -0.0947515
0.40625 0.34375 -0.0676318
0.40625 0.3125 -0.0402127
0.4375 0.3125 -0.0546544
0.4375 0.34375 -0.0823054
0.40625 0.34375 -0.0676318
0.375 0.3125 -0.0254144
0.375 0.28125 0.00195401
0.40625 0.28125 -0.012673
0.40625 0.3125 -0.0402127
0.375 0.3125 -0.0254144
0.375 0.28125 0.00195401
0.375 0.25 0.0295171
0.40625 0.25 0.0150491
0.40625 0.28125 -0.012673
0.375 0.28125 0.00195401
0.40625 0.3125 -0.0402127
0.40625 0.28125 -0.012673
0.4375 0.28125 -0.0269005
0.4375 0.3125 -0.0546544
0.40625 0.3125 -0.0402127
0.40625 0.28125 -0.012673
0.40625 0.25 0.0150491
0.4375 0.25 0.0009735
0.4375 0.28125 -0.0269005
0.40625 0.28125 -0.012673
0.4375 0.375 -0.109759
0.4375 0.34375 -0.0823054
0.46875 0.34375 -0.0964543
0.46875 0.375 -0.124219
0.4375 0.375 -0.109759
0.4375 0.34375 -0.0823054
0.4375 0.3125 -0.0546544
0.46875 0.3125 -0.068531
0.46875 0.34375 -0.0964543
0.4375 0.34375 -0.0823054
0.46875 0.375 -0.124219
0.46875 0.34375 -0.0964543
0.5 0.34375 -0.109795
0.5 0.375 -0.137944
0.46875 0.375 -0.124219
0.46875 0.34375 -0.0964543
0.46875 0.3125 -0.068531
0.5 0.3125 -0.0814467
0.5 0.34375 -0.109795
0.46875 0.34375 -0.0964543
0.4375 0.3125 -0.0546544
0.4375 0.28125 -0.0269005
0.46875 0.28125 -0.040464
0.46875 0.3125 -0.068531
0.4375 0.3125 -0.0546544
0.4375 0.28125 -0.0269005
0.4375 0.25 0.0009735
0.46875 0.25 -0.0122345
0.46875 0.28125 -0.040464
0.4375 0.28125 -0.0269005
0.46875 0.3125 -0.068531
0.46875 0.28125 -0.040464
0.5 0.28125 -0.0528848
0.5 0.3125 -0.0814467
0.46875 0.3125 -0.068531
0.46875 0.28125 -0.040464
0.46875 0.25 -0.0122345
0.5 0.25 -0.024086
0.5 0.28125 -0.0528848
0.46875 0.28125 -0.040464
0.25 0.25 0.0916701
0.25 0.21875 0.11816
0.28125 0.21875 0.102157
0.28125 0.25 0.0751777
0.25 0.25 0.0916701
0.25 0.21875 0.11816
0.25 0.1875 0.144959
0.28125 0.1875 0.129314
0.28125 0.21875 0.102157
0.25 0.21875 0.11816
0.28125 0.25 0.0751777
0.28125 0.21875 0.102157
0.3125 0.21875 0.0867626
0.3125 0.25 0.0594825
0.28125 0.25 0.0751777
0.28125 0.21875 0.102157
0.28125 0.1875 0.129314
0.3125 0.1875 0.114151
0.3125 0.21875 0.0867626
0.28125 0.21875 0.102157
0.25 0.1875 0.144959
0.25 0.125 0.199162
0.3125 0.125 0.169228
0.3125 0.1875 0.114151
0.25 0.1875 0.144959
0.3125 0.25 0.0594825
0.3125 0.21875 0.0867626
0.34375 0.21875 0.0717953
0.34375 0.25 0.0443126
0.3125 0.25 0.0594825
0.3125 0.21875 0.0867626
0.3125 0.1875 0.114151
0.34375 0.1875 0.0993753
0.34375 0.21875 0.0717953
0.3125 0.21875 0.0867626
0.34375 0.25 0.0443126
0.34375 0.21875 0.0717953
0.375 0.21875 0.0571799
0.375 0.25 0.0295171
0.34375 0.25 0.0443126
0.34375 0.21875 0.0717953
0.34375 0.1875 0.0993753
0.375 0.1875 0.0849502
0.375 0.21875 0.0571799
0.34375 0.21875 0.0717953
0.3125 0.1875 0.114151
0.3125 0.15625 0.14164
0.34375 0.15625 0.127057
0.34375 0.1875 0.0993753
0.3125 0.1875 0.114151
0.3125 0.15625 0.14164
0.3125 0.125 0.169228
0.34375 0.125 0.154847
0.34375 0.15625 0.127057
0.3125 0.15625 0.14164
0.34375 0.1875 0.0993753
0.34375 0.15625 0.127057
0.375 0.15625 0.11284
0.375 0.1875 0.0849502
0.34375 0.1875 0.0993753
0.34375 0.15625 0.127057
0.34375 0.125 0.154847
0.375 0.125 0.140863
0.375 0.15625 0.11284
0.34375 0.15625 0.127057
0.25 0.125 0.199162
0.25 0.0625 0.253812
0.3125 0.0625 0.224774
0.3125 0.125 0.169228
0.25 0.125 0.199162
0.25 0.0625 0.253812
0.25 0 0.309157
0.3125 0 0.281147
0.3125 0.0625 0.224774
0.25 0.0625 0.253812
0.3125 0.125 0.169228
0.3125 0.0625 0.224774
0.375 0.0625 0.197482
0.375 0.125 0.140863
0.3125 0.125 0.169228
0.3125 0.0625 0.224774
0.3125 0 0.281147
0.375 0 0.255189
0.375 0.0625 0.197482
0.3125 0.0625 0.224774
0.375 0.25 0.0295171
0.375 0.21875 0.0571799
0.40625 0.21875 0.0429119
0.40625 0.25 0.0150491
0.375 0.25 0.0295171
0.375 0.21875 0.0571799
0.375 0.1875 0.0849502
0.40625 0.1875 0.0709253
0.40625 0.21875 0.0429119
0.375 0.21875 0.0571799
0.40625 0.25 0.0150491
0.40625 0.21875 0.0429119
0.4375 0.21875 0.0291587
0.4375 0.25 0.0009735
0.40625 0.25 0.0150491
0.40625 0.21875 0.0429119
0.40625 0.1875 0.0709253
0.4375 0.1875 0.0575607
0.4375 0.21875 0.0291587
0.40625 0.21875 0.0429119
0.375 0.1875 0.0849502
0.375 0.15625 0.11284
0.40625 0.15625 0.099106
0.40625 0.1875 0.0709253
0.375 0.1875 0.0849502
0.375 0.15625 0.11284
0.375 0.125 0.140863
0.40625 0.125 0.12747
0.40625 0.15625 0.099106
0.375 0.15625 0.11284
0.40625 0.1875 0.0709253
0.40625 0.15625 0.099106
0.4375 0.15625 0.0861888
0.4375 0.1875 0.0575607
0.40625 0.1875 0.0709253
0.40625 0.15625 0.099106
0.40625 0.125 0.12747
0.4375 0.125 0.115045
0.4375 0.15625 0.0861888
0.40625 0.15625 0.099106
0.4375 0.25 0.0009735
0.4375 0.21875 0.0291587
0.46875 0.21875 0.0163739
0.46875 0.25 -0.0122345
0.4375 0.25 0.0009735
0.4375 0.21875 0.0291587
0.4375 0.1875 0.0575607
0.46875 0.1875 0.0453379
0.46875 0.21875 0.0163739
0.4375 0.21875 0.0291587
0.46875 0.25 -0.0122345
0.46875 0.21875 0.0163739
0.5 0.21875 0.00504893
0.5 0.25 -0.024086
0.46875 0.25 -0.0122345
0.46875 0.21875 0.0163739
0.46875 0.1875 0.0453379
0.5 0.1875 0.0348249
0.5 0.21875 0.00504893
0.46875 0.21875 0.0163739
0.4375 0.1875 0.0575607
0.4375 0.15625 0.0861888
0.46875 0.15625 0.0745888
0.46875 0.1875 0.0453379
0.4375 0.1875 0.0575607
0.4375 0.15625 0.0861888
0.4375 0.125 0.115045
0.46875 0.125 0.104077
0.46875 0.15625 0.0745888
0.4375 0.15625 0.0861888
0.46875 0.1875 0.0453379
0.46875 0.15625 0.0745888
0.5 0.15625 0.0648801
0.5 0.1875 0.0348249
0.46875 0.1875 0.0453379
0.46875 0.15625 0.0745888
0.46875 0.125 0.104077
0.5 0.125 0.095123
0.5 0.15625 0.0648801
0.46875 0.15625 0.0745888
0.375 0.125 0.140863
0.375 0.0625 0.197482
0.4375 0.0625 0.173513
0.4375 0.125 0.115045
0.375 0.125 0.140863
0.375 0.0625 0.197482
0.375 0 0.255189
0.4375 0 0.23314
0.4375 0.0625 0.173513
0.375 0.0625 0.197482
0.4375 0.125 0.115045
0.4375 0.0625 0.173513
0.5 0.0625 0.156136
0.5 0.125 0.095123
0.4375 0.125 0.115045
0.4375 0.0625 0.173513
0.4375 0 0.23314
0.5 0 0.217762
0.5 0.0625 0.156136
0.4375 0.0625 0.173513
0.5 1 0.218099
0.5 0.9375 0.156533
0.5625 0.9375 0.174687
0.5625 1 0.234194
0.5 1 0.218099
0.5 0.9375 0.156533
0.5 0.875 0.0953619
0.5625 0.875 0.11562
0.5625 0.9375 0.174687
0.5 0.9375 0.156533
0.5625 1 0.234194
0.5625 0.9375 0.174687
0.625 0.9375 0.198671
0.625 1 0.256401
0.5625 1 0.234194
0.5625 0.9375 0.174687
0.5625 0.875 0.11562
0.625 0.875 0.141392
0.625 0.9375 0.198671
0.5625 0.9375 0.174687
0.5 0.875 0.0953619
0.5 0.84375 0.0649756
0.53125 0.84375 0.0748118
0.53125 0.875 0.104492
0.5 0.875 0.0953619
0.5 0.84375 0.0649756
0.5 0.8125 0.0347558
0.53125 0.8125 0.0453682
0.53125 0.84375 0.0748118
0.5 0.84375 0.0649756
0.53125 0.875 0.104492
0.53125 0.84375 0.0748118
0.5625 0.84375 0.0865596
0.5625 0.875 0.11562
0.53125 0.875 0.104492
0.53125 0.84375 0.0748118
0.53125 0.8125 0.0453682
0.5625 0.8125 0.0577321
0.5625 0.84375 0.0865596
0.53125 0.84375 0.0748118
0.5 0.8125 0.0347558
0.5 0.78125 0.00473829
0.53125 0.78125 0.0161802
0.53125 0.8125 0.0453682
0.5 0.8125 0.0347558
0.5 0.78125 0.00473829
0.5 0.75 -0.0245873
0.53125 0.75 -0.0125568
0.53125 0.78125 0.0161802
0.5 0.78125 0.00473829
0.53125 0.8125 0.0453682
0.53125 0.78125 0.0161802
0.5625 0.78125 0.0291399
0.5625 0.8125 0.0577321
0.53125 0.8125 0.0453682
0.53125 0.78125 0.0161802
0.53125 0.75 -0.0125568
0.5625 0.75 0.000782769
0.5625 0.78125 0.0291399
0.53125 0.78125 0.0161802
0.5625 0.875 0.11562
0.5625 0.84375 0.0865596
0.59375 0.84375 0.0994842
0.59375 0.875 0.128056
0.5625 0.875 0.11562
0.5625 0.84375 0.0865596
0.5625 0.8125 0.0577321
0.59375 0.8125 0.0711126
0.59375 0.84375 0.0994842
0.5625 0.84375 0.0865596
0.59375 0.875 0.128056
0.59375 0.84375 0.0994842
0.625 0.84375 0.113192
0.625 0.875 0.141392
0.59375 0.875 0.128056
0.59375 0.84375 0.0994842
0.59375 0.8125 0.0711126
0.625 0.8125 0.0851576
0.625 0.84375 0.113192
0.59375 0.84375 0.0994842
0.5625 0.8125 0.0577321
0.5625 0.78125 0.0291399
0.59375 0.78125 0.0429431
0.59375 0.8125 0.0711126
0.5625 0.8125 0.0577321
0.5625 0.78125 0.0291399
0.5625 0.75 0.000782769
0.59375 0.75 0.0149513
0.59375 0.78125 0.0429431
0.5625 0.78125 0.0291399
0.59375 0.8125 0.0711126
0.59375 0.78125 0.0429431
0.625 0.78125 0.0572815
0.625 0.8125 0.0851576
0.59375 0.8125 0.0711126
0.59375 0.78125 0.0429431
0.59375 0.75 0.0149513
0.625 0.75 0.0295514
0.625 0.78125 0.0572815
0.59375 0.78125 0.0429431
0.625 1 0.256401
0.625 0.9375 0.198671
0.6875 0.9375 0.225756
0.6875 1 0.282161
0.625 1 0.256401
0.625 0.9375 0.198671
0.625 0.875 0.141392
0.6875 0.875 0.169762
0.6875 0.9375 0.225756
0.625 0.9375 0.198671
0.6875 1 0.282161
0.6875 0.9375 0.225756
0.75 0.9375 0.255059
0.75 1 0.310271
0.6875 1 0.282161
0.6875 0.9375 0.225756
0.6875 0.875 0.169762
0.75 0.875 0.200233
0.75 0.9375 0.255059
0.6875 0.9375 0.225756
0.625 0.875 0.141392
0.625 0.84375 0.113192
0.65625 0.84375 0.127425
0.65625 0.875 0.155346
0.625 0.875 0.141392
0.625 0.84375 0.113192
0.625 0.8125 0.0851576
0.65625 0.8125 0.0996496
0.65625 0.84375 0.127425
0.625 0.84375 0.113192
0.65625 0.875 0.155346
0.65625 0.84375 0.127425
0.6875 0.84375 0.142091
0.6875 0.875 0.169762
0.65625 0.875 0.155346
0.65625 0.84375 0.127425
0.65625 0.8125 0.0996496
0.6875 0.8125 0.114548
0.6875 0.84375 0.142091
0.65625 0.84375 0.127425
0.625 0.8125 0.0851576
0.625 0.78125 0.0572815
0.65625 0.78125 0.0720042
0.65625 0.8125 0.0996496
0.625 0.8125 0.0851576
0.625 0.78125 0.0572815
0.625 0.75 0.0295514
0.65625 0.75 0.0444898
0.65625 0.78125 0.0720042
0.625 0.78125 0.0572815
0.65625 0.8125 0.0996496
0.65625 0.78125 0.0720042
0.6875 0.78125 0.0871284
0.6875 0.8125 0.114548
0.65625 0.8125 0.0996496
0.65625 0.78125 0.0720042
0.65625 0.75 0.0444898
0.6875 0.75 0.0598317
0.6875 0.78125 0.0871284
0.65625 0.78125 0.0720042
0.6875 0.875 0.169762
0.6875 0.8125 0.114548
0.75 0.8125 0.146014
0.75 0.875 0.200233
0.6875 0.875 0.169762
0.6875 0.8125 0.114548
0.6875 0.78125 0.0871284
0.71875 0.78125 0.10278
0.71875 0.8125 0.129922
0.6875 0.8125 0.114548
0.6875 0.78125 0.0871284
0.6875 0.75 0.0598317
0.71875 0.75 0.0758011
0.71875 0.78125 0.10278
0.6875 0.78125 0.0871284
0.71875 0.8125 0.129922
0.71875 0.78125 0.10278
0.75 0.78125 0.119293
0.75 0.8125 0.146014
0.71875 0.8125 0.129922
0.71875 0.78125 0.10278
0.71875 0.75 0.0758011
0.75 0.75 0.0929128
0.75 0.78125 0.119293
0.71875 0.78125 0.10278
0.5 0.75 -0.0245873
0.5 0.71875 -0.053539
0.53125 0.71875 -0.0408707
0.53125 0.75 -0.0125568
0.5 0.75 -0.0245873
0.5 0.71875 -0.053539
0.5 0.6875 -0.0821856
0.53125 0.6875 -0.0689883
0.53125 0.71875 -0.0408707
0.5 0.71875 -0.053539
0.53125 0.75 -0.0125568
0.53125 0.71875 -0.0408707
0.5625 0.71875 -0.0271326
0.5625 0.75 0.000782769
0.53125 0.75 -0.0125568
0.53125 0.71875 -0.0408707
0.53125 0.6875 -0.0689883
0.5625 0.6875 -0.0549432
0.5625 0.71875 -0.0271326
0.53125 0.71875 -0.0408707
0.5 0.6875 -0.0821856
0.5 0.65625 -0.110584
0.53125 0.65625 -0.096954
0.53125 0.6875 -0.0689883
0.5 0.6875 -0.0821856
0.5 0.65625 -0.110584
0.5 0.625 -0.138757
0.53125 0.625 -0.124786
0.53125 0.65625 -0.096954
0.5 0.65625 -0.110584
0.53125 0.6875 -0.0689883
0.53125 0.65625 -0.096954
0.5625 0.65625 -0.0826485
0.5625 0.6875 -0.0549432
0.53125 0.6875 -0.0689883
0.53125 0.65625 -0.096954
0.53125 0.625 -0.124786
0.5625 0.625 -0.110245
0.5625 0.65625 -0.0826485
0.53125 0.65625 -0.096954
0.5625 0.75 0.000782769
0.5625 0.71875 -0.0271326
0.59375 0.71875 -0.0127853
0.59375 0.75 0.0149513
0.5625 0.75 0.000782769
0.5625 0.71875 -0.0271326
0.5625 0.6875 -0.0549432
0.59375 0.6875 -0.0403964
0.59375 0.71875 -0.0127853
0.5625 0.71875 -0.0271326
0.59375 0.75 0.0149513
0.59375 0.71875 -0.0127853
0.625 0.71875 0.00194824
0.625 0.75 0.0295514
0.59375 0.75 0.0149513
0.59375 0.71875 -0.0127853
0.59375 0.6875 -0.0403964
0.625 0.6875 -0.0254653
0.625 0.71875 0.00194824
0.59375 0.71875 -0.0127853
0.5625 0.6875 -0.0549432
0.5625 0.65625 -0.0826485
0.59375 0.65625 -0.0678941
0.59375 0.6875 -0.0403964
0.5625 0.6875 -0.0549432
0.5625 0.65625 -0.0826485
0.5625 0.625 -0.110245
0.59375 0.625 -0.0952643
0.59375 0.65625 -0.0678941
0.5625 0.65625 -0.0826485
0.59375 0.6875 -0.0403964
0.59375 0.65625 -0.0678941
0.625 0.65625 -0.0527454
0.625 0.6875 -0.0254653
0.59375 0.6875 -0.0403964
0.59375 0.65625 -0.0678941
0.59375 0.625 -0.0952643
0.625 0.625 -0.0798514
0.625 0.65625 -0.0527454
0.59375 0.65625 -0.0678941
0.5 0.625 -0.138757
0.5 0.5625 -0.194654
0.5625 0.5625 -0.165017
0.5625 0.625 -0.110245
0.5 0.625 -0.138757
0.5 0.5625 -0.194654
0.5 0.5 -0.229934
0.5625 0.5 -0.192266
0.5625 0.5625 -0.165017
0.5 0.5625 -0.194654
0.5625 0.625 -0.110245
0.5625 0.59375 -0.137717
0.59375 0.59375 -0.12247
0.59375 0.625 -0.0952643
0.5625 0.625 -0.110245
0.5625 0.59375 -0.137717
0.5625 0.5625 -0.165017
0.59375 0.5625 -0.149385
0.59375 0.59375 -0.12247
0.5625 0.59375 -0.137717
0.59375 0.625 -0.0952643
0.59375 0.59375 -0.12247
0.625 0.59375 -0.106668
0.625 0.625 -0.0798514
0.59375 0.625 -0.0952643
0.59375 0.59375 -0.12247
0.59375 0.5625 -0.149385
0.625 0.5625 -0.132762
0.625 0.59375 -0.106668
0.59375 0.59375 -0.12247
0.5625 0.5625 -0.165017
0.5625 0.5 -0.192266
0.625 0.5 -0.137134
0.625 0.5625 -0.132762
0.5625 0.5625 -0.165017
0.625 0.75 0.0295514
0.625 0.71875 0.00194824
0.65625 0.71875 0.0170812
0.65625 0.75 0.0444898
0.625 0.75 0.0295514
0.625 0.71875 0.00194824
0.625 0.6875 -0.0254653
0.65625 0.6875 -0.0101549
0.65625 0.71875 0.0170812
0.625 0.71875 0.00194824
0.65625 0.75 0.0444898
0.65625 0.71875 0.0170812
0.6875 0.71875 0.0326597
0.6875 0.75 0.0598317
0.65625 0.75 0.0444898
0.65625 0.71875 0.0170812
0.65625 0.6875 -0.0101549
0.6875 0.6875 0.0056285
0.6875 0.71875 0.0326597
0.65625 0.71875 0.0170812
0.625 0.6875 -0.0254653
0.625 0.65625 -0.0527454
0.65625 0.65625 -0.0371695
0.65625 0.6875 -0.0101549
0.625 0.6875 -0.0254653
0.625 0.65625 -0.0527454
0.625 0.625 -0.0798514
0.65625 0.625 -0.0638561
0.65625 0.65625 -0.0371695
0.625 0.65625 -0.0527454
0.65625 0.6875 -0.0101549
0.65625 0.65625 -0.0371695
0.6875 0.65625 -0.0209473
0.6875 0.6875 0.0056285
0.65625 0.6875 -0.0101549
0.65625 0.65625 -0.0371695
0.65625 0.625 -0.0638561
0.6875 0.625 -0.0467906
0.6875 0.65625 -0.0209473
0.65625 0.65625 -0.0371695
0.6875 0.75 0.0598317
0.6875 0.71875 0.0326597
0.71875 0.71875 0.0490296
0.71875 0.75 0.0758011
0.6875 0.75 0.0598317
0.6875 0.71875 0.0326597
0.6875 0.6875 0.0056285
0.71875 0.6875 0.0225235
0.71875 0.71875 0.0490296
0.6875 0.71875 0.0326597
0.71875 0.75 0.0758011
0.71875 0.71875 0.0490296
0.75 0.71875 0.0669181
0.75 0.75 0.0929128
0.71875 0.75 0.0758011
0.71875 0.71875 0.0490296
0.71875 0.6875 0.0225235
0.75 0.6875 0.0415526
0.75 0.71875 0.0669181
0.71875 0.71875 0.0490296
0.6875 0.6875 0.0056285
0.6875 0.65625 -0.0209473
0.71875 0.65625 -0.00348396
0.71875 0.6875 0.0225235
0.6875 0.6875 0.0056285
0.6875 0.65625 -0.0209473
0.6875 0.625 -0.0467906
0.71875 0.625 -0.0276561
0.71875 0.65625 -0.00348396
0.6875 0.65625 -0.0209473
0.71875 0.6875 0.0225235
0.71875 0.65625 -0.00348396
0.75 0.65625 0.017138
0.75 0.6875 0.0415526
0.71875 0.6875 0.0225235
0.71875 0.65625 -0.00348396
0.71875 0.625 -0.0276561
0.75 0.625 -0.00503366
0.75 0.65625 0.017138
0.71875 0.65625 -0.00348396
0.625 0.625 -0.0798514
0.625 0.59375 -0.106668
0.65625 0.59375 -0.0898825
0.65625 0.625 -0.0638561
0.625 0.625 -0.0798514
0.625 0.59375 -0.106668
0.625 0.5625 -0.132762
0.65625 0.5625 -0.113897
0.65625 0.59375 -0.0898825
0.625 0.59375 -0.106668
0.65625 0.625 -0.0638561
0.65625 0.59375 -0.0898825
0.6875 0.59375 -0.0710763
0.6875 0.625 -0.0467906
0.65625 0.625 -0.0638561
0.65625 0.59375 -0.0898825
0.65625 0.5625 -0.113897
0.6875 0.5625 -0.0907119
0.6875 0.59375 -0.0710763
0.65625 0.59375 -0.0898825
0.625 0.5625 -0.132762
0.625 0.53125 -0.148439
0.65625 0.53125 -0.119599
0.65625 0.5625 -0.113897
0.625 0.5625 -0.132762
0.625 0.53125 -0.148439
0.625 0.5 -0.137134
0.65625 0.5 -0.108978
0.65625 0.53125 -0.119599
0.625 0.53125 -0.148439
0.65625 0.5625 -0.113897
0.65625 0.53125 -0.119599
0.6875 0.53125 -0.0905248
0.6875 0.5625 -0.0907119
0.65625 0.5625 -0.113897
0.65625 0.53125 -0.119599
0.65625 0.5 -0.108978
0.6875 0.5 -0.0806491
0.6875 0.53125 -0.0905248
0.65625 0.53125 -0.119599
0.6875 0.625 -0.0467906
0.6875 0.59375 -0.0710763
0.71875 0.59375 -0.0488188
0.71875 0.625 -0.0276561
0.6875 0.625 -0.0467906
0.6875 0.59375 -0.0710763
0.6875 0.5625 -0.0907119
0.71875 0.5625 -0.0634807
0.71875 0.59375 -0.0488188
0.6875 0.59375 -0.0710763
0.71875 0.625 -0.0276561
0.71875 0.59375 -0.0488188
0.75 0.59375 -0.0232467
0.75 0.625 -0.00503366
0.71875 0.625 -0.0276561
0.71875 0.59375 -0.0488188
0.71875 0.5625 -0.0634807
0.75 0.5625 -0.0338372
0.75 0.59375 -0.0232467
0.71875 0.59375 -0.0488188
0.6875 0.5625 -0.0907119
0.6875 0.53125 -0.0905248
0.71875 0.53125 -0.0612114
0.71875 0.5625 -0.0634807
0.6875 0.5625 -0.0907119
0.6875 0.53125 -0.0905248
0.6875 0.5 -0.0806491
0.71875 0.5 -0.0521469
0.71875 0.53125 -0.0612114
0.6875 0.53125 -0.0905248
0.71875 0.5625 -0.0634807
0.71875 0.53125 -0.0612114
0.75 0.53125 -0.0316576
0.75 0.5625 -0.0338372
0.71875 0.5625 -0.0634807
0.71875 0.53125 -0.0612114
0.71875 0.5 -0.0521469
0.75 0.5 -0.023461
0.75 0.53125 -0.0316576
0.71875 0.53125 -0.0612114
0.75 1 0.310271
0.75 0.875 0.200233
0.875 0.875 0.272327
0.875 1 0.37531
0.75 1 0.310271
0.75 0.875 0.200233
0.75 0.8125 0.146014
0.8125 0.8125 0.182152
0.8125 0.875 0.234065
0.75 0.875 0.200233
0.75 0.8125 0.146014
0.75 0.75 0.0929128
0.8125 0.75 0.132214
0.8125 0.8125 0.182152
0.75 0.8125 0.146014
0.8125 0.875 0.234065
0.8125 0.8125 0.182152
0.875 0.8125 0.22381
0.875 0.875 0.272327
0.8125 0.875 0.234065
0.8125 0.8125 0.182152
0.8125 0.75 0.132214
0.875 0.75 0.178292
0.875 0.8125 0.22381
0.8125 0.8125 0.182152
0.875 1 0.37531
0.875 0.875 0.272327
1 0.875 0.369552
1 1 0.460785
0.875 1 0.37531
0.875 0.875 0.272327
0.875 0.75 0.178292
1 0.75 0.286719
1 0.875 0.369552
0.875 0.875 0.272327
0.75 0.75 0.0929128
0.75 0.71875 0.0669181
0.78125 0.71875 0.0868945
0.78125 0.75 0.111611
0.75 0.75 0.0929128
0.75 0.71875 0.0669181
0.75 0.6875 0.0415526
0.78125 0.6875 0.0632129
0.78125 0.71875 0.0868945
0.75 0.71875 0.0669181
0.78125 0.75 0.111611
0.78125 0.71875 0.0868945
0.8125 0.71875 0.10897
0.8125 0.75 0.132214
0.78125 0.75 0.111611
0.78125 0.71875 0.0868945
0.78125 0.6875 0.0632129
0.8125 0.6875 0.0871224
0.8125 0.71875 0.10897
0.78125 0.71875 0.0868945
0.75 0.6875 0.0415526
0.75 0.65625 0.017138
0.78125 0.65625 0.0410722
0.78125 0.6875 0.0632129
0.75 0.6875 0.0415526
0.75 0.65625 0.017138
0.75 0.625 -0.00503366
0.78125 0.625 0.0211847
0.78125 0.65625 0.0410722
0.75 0.65625 0.017138
0.78125 0.6875 0.0632129
0.78125 0.65625 0.0410722
0.8125 0.65625 0.0671131
0.8125 0.6875 0.0871224
0.78125 0.6875 0.0632129
0.78125 0.65625 0.0410722
0.78125 0.625 0.0211847
0.8125 0.625 0.049632
0.8125 0.65625 0.0671131
0.78125 0.65625 0.0410722
0.8125 0.75 0.132214
0.8125 0.71875 0.10897
0.84375 0.71875 0.132878
0.84375 0.75 0.154635
0.8125 0.75 0.132214
0.8125 0.71875 0.10897
0.8125 0.6875 0.0871224
0.84375 0.6875 0.112702
0.84375 0.71875 0.132878
0.8125 0.71875 0.10897
0.84375 0.75 0.154635
0.84375 0.71875 0.132878
0.875 0.71875 0.157907
0.875 0.75 0.178292
0.84375 0.75 0.154635
0.84375 0.71875 0.132878
0.84375 0.6875 0.112702
0.875 0.6875 0.139228
0.875 0.71875 0.157907
0.84375 0.71875 0.132878
0.8125 0.6875 0.0871224
0.8125 0.65625 0.0671131
0.84375 0.65625 0.0945056
0.84375 0.6875 0.112702
0.8125 0.6875 0.0871224
0.8125 0.65625 0.0671131
0.8125 0.625 0.049632
0.84375 0.625 0.0788718
0.84375 0.65625 0.0945056
0.8125 0.65625 0.0671131
0.84375 0.6875 0.112702
0.84375 0.65625 0.0945056
0.875 0.65625 0.122587
0.875 0.6875 0.139228
0.84375 0.6875 0.112702
0.84375 0.65625 0.0945056
0.84375 0.625 0.0788718
0.875 0.625 0.108465
0.875 0.65625 0.122587
0.84375 0.65625 0.0945056
0.75 0.625 -0.00503366
0.75 0.59375 -0.0232467
0.78125 0.59375 0.00487484
0.78125 0.625 0.0211847
0.75 0.625 -0.00503366
0.75 0.59375 -0.0232467
0.75 0.5625 -0.0338372
0.78125 0.5625 -0.00309773
0.78125 0.59375 0.00487484
0.75 0.59375 -0.0232467
0.78125 0.625 0.0211847
0.78125 0.59375 0.00487484
0.8125 0.59375 0.0357831
0.8125 0.625 0.049632
0.78125 0.625 0.0211847
0.78125 0.59375 0.00487484
0.78125 0.5625 -0.00309773
0.8125 0.5625 0.0281066
0.8125 0.59375 0.0357831
0.78125 0.59375 0.00487484
0.75 0.5625 -0.0338372
0.75 0.53125 -0.0316576
0.78125 0.53125 -0.00185925
0.78125 0.5625 -0.00309773
0.75 0.5625 -0.0338372
0.75 0.53125 -0.0316576
0.75 0.5 -0.023461
0.78125 0.5 0.00565958
0.78125 0.53125 -0.00185925
0.75 0.53125 -0.0316576
0.78125 0.5625 -0.00309773
0.78125 0.53125 -0.00185925
0.8125 0.53125 0.0290959
0.8125 0.5625 0.0281066
0.78125 0.5625 -0.00309773
0.78125 0.53125 -0.00185925
0.78125 0.5 0.00565958
0.8125 0.5 0.0356764
0.8125 0.53125 0.0290959
0.78125 0.53125 -0.00185925
0.8125 0.625 0.049632
0.8125 0.59375 0.0357831
0.84375 0.59375 0.066658
0.84375 0.625 0.0788718
0.8125 0.625 0.049632
0.8125 0.59375 0.0357831
0.8125 0.5625 0.0281066
0.84375 0.5625 0.0593559
0.84375 0.59375 0.066658
0.8125 0.59375 0.0357831
0.84375 0.625 0.0788718
0.84375 0.59375 0.066658
0.875 0.59375 0.0975027
0.875 0.625 0.108465
0.84375 0.625 0.0788718
0.84375 0.59375 0.066658
0.84375 0.5625 0.0593559
0.875 0.5625 0.0906009
0.875 0.59375 0.0975027
0.84375 0.59375 0.066658
0.8125 0.5625 0.0281066
0.8125 0.53125 0.0290959
0.84375 0.53125 0.0601328
0.84375 0.5625 0.0593559
0.8125 0.5625 0.0281066
0.8125 0.53125 0.0290959
0.8125 0.5 0.0356764
0.84375 0.5 0.0659306
0.84375 0.53125 0.0601328
0.8125 0.53125 0.0290959
0.84375 0.5625 0.0593559
0.84375 0.53125 0.0601328
0.875 0.53125 0.0912548
0.875 0.5625 0.0906009
0.84375 0.5625 0.0593559
0.84375 0.53125 0.0601328
0.84375 0.5 0.0659306
0.875 0.5 0.0963468
0.875 0.53125 0.0912548
0.84375 0.53125 0.0601328
0.875 0.75 0.178292
0.875 0.6875 0.139228
0.9375 0.6875 0.196478
0.9375 0.75 0.230818
0.875 0.75 0.178292
0.875 0.6875 0.139228
0.875 0.625 0.108465
0.9375 0.625 0.169755
0.9375 0.6875 0.196478
0.875 0.6875 0.139228
0.9375 0.75 0.230818
0.9375 0.6875 0.196478
1 0.6875 0.255415
1 0.75 0.286719
0.9375 0.75 0.230818
0.9375 0.6875 0.196478
0.9375 0.625 0.169755
1 0.625 0.23119
1 0.6875 0.255415
0.9375 0.6875 0.196478
0.875 0.625 0.108465
0.875 0.5625 0.0906009
0.9375 0.5625 0.153093
0.9375 0.625 0.169755
0.875 0.625 0.108465
0.875 0.5625 0.0906009
0.875 0.5 0.0963468
0.9375 0.5 0.157734
0.9375 0.5625 0.153093
0.875 0.5625 0.0906009
0.9375 0.625 0.169755
0.9375 0.5625 0.153093
1 0.5625 0.215596
1 0.625 0.23119
0.9375 0.625 0.169755
0.9375 0.5625 0.153093
0.9375 0.5 0.157734
1 0.5 0.219557
1 0.5625 0.215596
0.9375 0.5625 0.153093
0.5 0.5 -0.229934
0.5 0.4375 -0.193251
0.5625 0.4375 -0.163598
0.5625 0.5 -0.192266
0.5 0.5 -0.229934
0.5 0.4375 -0.193251
0.5 0.375 -0.137944
0.5625 0.375 -0.130272
0.5625 0.4375 -0.163598
0.5 0.4375 -0.193251
0.5625 0.5 -0.192266
0.5625 0.4375 -0.163598
0.625 0.4375 -0.109641
0.625 0.5 -0.137134
0.5625 0.5 -0.192266
0.5625 0.4375 -0.163598
0.5625 0.40625 -0.14761
0.59375 0.40625 -0.121631
0.59375 0.4375 -0.136848
0.5625 0.4375 -0.163598
0.5625 0.40625 -0.14761
0.5625 0.375 -0.130272
0.59375 0.375 -0.105682
0.59375 0.40625 -0.121631
0.5625 0.40625 -0.14761
0.59375 0.4375 -0.136848
0.59375 0.40625 -0.121631
0.625 0.40625 -0.0947955
0.625 0.4375 -0.109641
0.59375 0.4375 -0.136848
0.59375 0.40625 -0.121631
0.59375 0.375 -0.105682
0.625 0.375 -0.0794752
0.625 0.40625 -0.0947955
0.59375 0.40625 -0.121631
0.5 0.375 -0.137944
0.5 0.34375 -0.109795
0.53125 0.34375 -0.121629
0.53125 0.375 -0.148061
0.5 0.375 -0.137944
0.5 0.34375 -0.109795
0.5 0.3125 -0.0814467
0.53125 0.3125 -0.0925665
0.53125 0.34375 -0.121629
0.5 0.34375 -0.109795
0.53125 0.375 -0.148061
0.53125 0.34375 -0.121629
0.5625 0.34375 -0.110977
0.5625 0.375 -0.130272
0.53125 0.375 -0.148061
0.53125 0.34375 -0.121629
0.53125 0.3125 -0.0925665
0.5625 0.3125 -0.0890361
0.5625 0.34375 -0.110977
0.53125 0.34375 -0.121629
0.5 0.3125 -0.0814467
0.5 0.28125 -0.0528848
0.53125 0.28125 -0.0631912
0.53125 0.3125 -0.0925665
0.5 0.3125 -0.0814467
0.5 0.28125 -0.0528848
0.5 0.25 -0.024086
0.53125 0.25 -0.0334948
0.53125 0.28125 -0.0631912
0.5 0.28125 -0.0528848
0.53125 0.3125 -0.0925665
0.53125 0.28125 -0.0631912
0.5625 0.28125 -0.064119
0.5625 0.3125 -0.0890361
0.53125 0.3125 -0.0925665
0.53125 0.28125 -0.0631912
0.53125 0.25 -0.0334948
0.5625 0.25 -0.0361458
0.5625 0.28125 -0.064119
0.53125 0.28125 -0.0631912
0.5625 0.375 -0.130272
0.5625 0.34375 -0.110977
0.59375 0.34375 -0.0886797
0.59375 0.375 -0.105682
0.5625 0.375 -0.130272
0.5625 0.34375 -0.110977
0.5625 0.3125 -0.0890361
0.59375 0.3125 -0.0701
0.59375 0.34375 -0.0886797
0.5625 0.34375 -0.110977
0.59375 0.375 -0.105682
0.59375 0.34375 -0.0886797
0.625 0.34375 -0.0635495
0.625 0.375 -0.0794752
0.59375 0.375 -0.105682
0.59375 0.34375 -0.0886797
0.59375 0.3125 -0.0701
0.625 0.3125 -0.0467399
0.625 0.34375 -0.0635495
0.59375 0.34375 -0.0886797
0.5625 0.3125 -0.0890361
0.5625 0.28125 -0.064119
0.59375 0.28125 -0.0493163
0.59375 0.3125 -0.0701
0.5625 0.3125 -0.0890361
0.5625 0.28125 -0.064119
0.5625 0.25 -0.0361458
0.59375 0.25 -0.0259147
0.59375 0.28125 -0.0493163
0.5625 0.28125 -0.064119
0.59375 0.3125 -0.0701
0.59375 0.28125 -0.0493163
0.625 0.28125 -0.0285769
0.625 0.3125 -0.0467399
0.59375 0.3125 -0.0701
0.59375 0.28125 -0.0493163
0.59375 0.25 -0.0259147
0.625 0.25 -0.00830985
0.625 0.28125 -0.0285769
0.59375 0.28125 -0.0493163
0.625 0.5 -0.137134
0.625 0.46875 -0.123827
0.65625 0.46875 -0.0960793
0.65625 0.5 -0.108978
0.625 0.5 -0.137134
0.625 0.46875 -0.123827
0.625 0.4375 -0.109641
0.65625 0.4375 -0.0822011
0.65625 0.46875 -0.0960793
0.625 0.46875 -0.123827
0.65625 0.5 -0.108978
0.65625 0.46875 -0.0960793
0.6875 0.46875 -0.0681968
0.6875 0.5 -0.0806491
0.65625 0.5 -0.108978
0.65625 0.46875 -0.0960793
0.65625 0.4375 -0.0822011
0.6875 0.4375 -0.0546206
0.6875 0.46875 -0.0681968
0.65625 0.46875 -0.0960793
0.625 0.4375 -0.109641
0.625 0.40625 -0.0947955
0.65625 0.40625 -0.0675971
0.65625 0.4375 -0.0822011
0.625 0.4375 -0.109641
0.625 0.40625 -0.0947955
0.625 0.375 -0.0794752
0.65625 0.375 -0.0526162
0.65625 0.40625 -0.0675971
0.625 0.40625 -0.0947955
0.65625 0.4375 -0.0822011
0.65625 0.40625 -0.0675971
0.6875 0.40625 -0.0402107
0.6875 0.4375 -0.0546206
0.65625 0.4375 -0.0822011
0.65625 0.40625 -0.0675971
0.65625 0.375 -0.0526162
0.6875 0.375 -0.0254525
0.6875 0.40625 -0.0402107
0.65625 0.40625 -0.0675971
0.6875 0.5 -0.0806491
0.6875 0.46875 -0.0681968
0.71875 0.46875 -0.040192
0.71875 0.5 -0.0521469
0.6875 0.5 -0.0806491
0.6875 0.46875 -0.0681968
0.6875 0.4375 -0.0546206
0.71875 0.4375 -0.0269337
0.71875 0.46875 -0.040192
0.6875 0.46875 -0.0681968
0.71875 0.5 -0.0521469
0.71875 0.46875 -0.040192
0.75 0.46875 -0.0120681
0.75 0.5 -0.023461
0.71875 0.5 -0.0521469
0.71875 0.46875 -0.040192
0.71875 0.4375 -0.0269337
0.75 0.4375 0.000850618
0.75 0.46875 -0.0120681
0.71875 0.46875 -0.040192
0.6875 0.4375 -0.0546206
0.6875 0.40625 -0.0402107
0.71875 0.40625 -0.0126944
0.71875 0.4375 -0.0269337
0.6875 0.4375 -0.0546206
0.6875 0.40625 -0.0402107
0.6875 0.375 -0.0254525
0.71875 0.375 0.00189338
0.71875 0.40625 -0.0126944
0.6875 0.40625 -0.0402107
0.71875 0.4375 -0.0269337
0.71875 0.40625 -0.0126944
0.75 0.40625 0.0149857
0.75 0.4375 0.000850618
0.71875 0.4375 -0.0269337
0.71875 0.40625 -0.0126944
0.71875 0.375 0.00189338
0.75 0.375 0.0294561
0.75 0.40625 0.0149857
0.71875 0.40625 -0.0126944
0.625 0.375 -0.0794752
0.625 0.34375 -0.0635495
0.65625 0.34375 -0.0372162
0.65625 0.375 -0.0526162
0.625 0.375 -0.0794752
0.625 0.34375 -0.0635495
0.625 0.3125 -0.0467399
0.65625 0.3125 -0.0212797
0.65625 0.34375 -0.0372162
0.625 0.34375 -0.0635495
0.65625 0.375 -0.0526162
0.65625 0.34375 -0.0372162
0.6875 0.34375 -0.010334
0.6875 0.375 -0.0254525
0.65625 0.375 -0.0526162
0.65625 0.34375 -0.0372162
0.65625 0.3125 -0.0212797
0.6875 0.3125 0.00523159
0.6875 0.34375 -0.010334
0.65625 0.34375 -0.0372162
0.625 0.3125 -0.0467399
0.625 0.28125 -0.0285769
0.65625 0.28125 -0.00463299
0.65625 0.3125 -0.0212797
0.625 0.3125 -0.0467399
0.625 0.28125 -0.0285769
0.625 0.25 -0.00830985
0.65625 0.25 0.0142264
0.65625 0.28125 -0.00463299
0.625 0.28125 -0.0285769
0.65625 0.3125 -0.0212797
0.65625 0.28125 -0.00463299
0.6875 0.28125 0.0214998
0.6875 0.3125 0.00523159
0.65625 0.3125 -0.0212797
0.65625 0.28125 -0.00463299
0.65625 0.25 0.0142264
0.6875 0.25 0.0391076
0.6875 0.28125 0.0214998
0.65625 0.28125 -0.00463299
0.6875 0.375 -0.0254525
0.6875 0.34375 -0.010334
0.71875 0.34375 0.0168713
0.71875 0.375 0.00189338
0.6875 0.375 -0.0254525
0.6875 0.34375 -0.010334
0.6875 0.3125 0.00523159
0.71875 0.3125 0.0322474
0.71875 0.34375 0.0168713
0.6875 0.34375 -0.010334
0.71875 0.375 0.00189338
0.71875 0.34375 0.0168713
0.75 0.34375 0.0442573
0.75 0.375 0.0294561
0.71875 0.375 0.00189338
0.71875 0.34375 0.0168713
0.71875 0.3125 0.0322474
0.75 0.3125 0.0594156
0.75 0.34375 0.0442573
0.71875 0.34375 0.0168713
0.6875 0.3125 0.00523159
0.6875 0.28125 0.0214998
0.71875 0.28125 0.0481384
0.71875 0.3125 0.0322474
0.6875 0.3125 0.00523159
0.6875 0.28125 0.0214998
0.6875 0.25 0.0391076
0.71875 0.25 0.0649204
0.71875 0.28125 0.0481384
0.6875 0.28125 0.0214998
0.71875 0.3125 0.0322474
0.71875 0.28125 0.0481384
0.75 0.28125 0.075008
0.75 0.3125 0.0594156
0.71875 0.3125 0.0322474
0.71875 0.28125 0.0481384
0.71875 0.25 0.0649204
0.75 0.25 0.0912512
0.75 0.28125 0.075008
0.71875 0.28125 0.0481384
0.5 0.25 -0.024086
0.5 0.21875 0.00504893
0.53125 0.21875 -0.00348995
0.53125 0.25 -0.0334948
0.5 0.25 -0.024086
0.5 0.21875 0.00504893
0.5 0.1875 0.0348249
0.53125 0.1875 0.0272611
0.53125 0.21875 -0.00348995
0.5 0.21875 0.00504893
0.53125 0.25 -0.0334948
0.53125 0.21875 -0.00348995
0.5625 0.21875 -0.00627121
0.5625 0.25 -0.0361458
0.53125 0.25 -0.0334948
0.53125 0.21875 -0.00348995
0.53125 0.1875 0.0272611
0.5625 0.1875 0.0249637
0.5625 0.21875 -0.00627121
0.53125 0.21875 -0.00348995
0.5 0.1875 0.0348249
0.5 0.15625 0.0648801
0.53125 0.15625 0.0581731
0.53125 0.1875 0.0272611
0.5 0.1875 0.0348249
0.5 0.15625 0.0648801
0.5 0.125 0.095123
0.53125 0.125 0.0891602
0.53125 0.15625 0.0581731
0.5 0.15625 0.0648801
0.53125 0.1875 0.0272611
0.53125 0.15625 0.0581731
0.5625 0.15625 0.0562092
0.5625 0.1875 0.0249637
0.53125 0.1875 0.0272611
0.53125 0.15625 0.0581731
0.53125 0.125 0.0891602
0.5625 0.125 0.0874522
0.5625 0.15625 0.0562092
0.53125 0.15625 0.0581731
0.5625 0.25 -0.0361458
0.5625 0.21875 -0.00627121
0.59375 0.21875 0.00012391
0.59375 0.25 -0.0259147
0.5625 0.25 -0.0361458
0.5625 0.21875 -0.00627121
0.5625 0.1875 0.0249637
0.59375 0.1875 0.0299183
0.59375 0.21875 0.00012391
0.5625 0.21875 -0.00627121
0.59375 0.25 -0.0259147
0.59375 0.21875 0.00012391
0.625 0.21875 0.0157427
0.625 0.25 -0.00830985
0.59375 0.25 -0.0259147
0.59375 0.21875 0.00012391
0.59375 0.1875 0.0299183
0.625 0.1875 0.0424514
0.625 0.21875 0.0157427
0.59375 0.21875 0.00012391
0.5625 0.1875 0.0249637
0.5625 0.15625 0.0562092
0.59375 0.15625 0.0602222
0.59375 0.1875 0.0299183
0.5625 0.1875 0.0249637
0.5625 0.15625 0.0562092
0.5625 0.125 0.0874522
0.59375 0.125 0.0908306
0.59375 0.15625 0.0602222
0.5625 0.15625 0.0562092
0.59375 0.1875 0.0299183
0.59375 0.15625 0.0602222
0.625 0.15625 0.0706446
0.625 0.1875 0.0424514
0.59375 0.1875 0.0299183
0.59375 0.15625 0.0602222
0.59375 0.125 0.0908306
0.625 0.125 0.0996388
0.625 0.15625 0.0706446
0.59375 0.15625 0.0602222
0.5 0.125 0.095123
0.5 0.09375 0.125571
0.53125 0.09375 0.120186
0.53125 0.125 0.0891602
0.5 0.125 0.095123
0.5 0.09375 0.125571
0.5 0.0625 0.156136
0.53125 0.0625 0.151269
0.53125 0.09375 0.120186
0.5 0.09375 0.125571
0.53125 0.125 0.0891602
0.53125 0.09375 0.120186
0.5625 0.09375 0.118689
0.5625 0.125 0.0874522
0.53125 0.125 0.0891602
0.53125 0.09375 0.120186
0.53125 0.0625 0.151269
0.5625 0.0625 0.14992
0.5625 0.09375 0.118689
0.53125 0.09375 0.120186
0.5 0.0625 0.156136
0.5 0 0.217762
0.5625 0 0.212403
0.5625 0.0625 0.14992
0.5 0.0625 0.156136
0.5625 0.125 0.0874522
0.5625 0.09375 0.118689
0.59375 0.09375 0.12158
0.59375 0.125 0.0908306
0.5625 0.125 0.0874522
0.5625 0.09375 0.118689
0.5625 0.0625 0.14992
0.59375 0.0625 0.15248
0.59375 0.09375 0.12158
0.5625 0.09375 0.118689
0.59375 0.125 0.0908306
0.59375 0.09375 0.12158
0.625 0.09375 0.129198
0.625 0.125 0.0996388
0.59375 0.125 0.0908306
0.59375 0.09375 0.12158
0.59375 0.0625 0.15248
0.625 0.0625 0.159079
0.625 0.09375 0.129198
0.59375 0.09375 0.12158
0.5625 0.0625 0.14992
0.5625 0 0.212403
0.625 0 0.219964
0.625 0.0625 0.159079
0.5625 0.0625 0.14992
0.625 0.25 -0.00830985
0.625 0.21875 0.0157427
0.65625 0.21875 0.0356925
0.65625 0.25 0.0142264
0.625 0.25 -0.00830985
0.625 0.21875 0.0157427
0.625 0.1875 0.0424514
0.65625 0.1875 0.0597195
0.65625 0.21875 0.0356925
0.625 0.21875 0.0157427
0.65625 0.25 0.0142264
0.65625 0.21875 0.0356925
0.6875 0.21875 0.0585741
0.6875 0.25 0.0391076
0.65625 0.25 0.0142264
0.65625 0.21875 0.0356925
0.65625 0.1875 0.0597195
0.6875 0.1875 0.0802719
0.6875 0.21875 0.0585741
0.65625 0.21875 0.0356925
0.625 0.1875 0.0424514
0.625 0.15625 0.0706446
0.65625 0.15625 0.0855084
0.65625 0.1875 0.0597195
0.625 0.1875 0.0424514
0.625 0.15625 0.0706446
0.625 0.125 0.0996388
0.65625 0.125 0.112673
0.65625 0.15625 0.0855084
0.625 0.15625 0.0706446
0.65625 0.1875 0.0597195
0.65625 0.15625 0.0855084
0.6875 0.15625 0.103809
0.6875 0.1875 0.0802719
0.65625 0.1875 0.0597195
0.65625 0.15625 0.0855084
0.65625 0.125 0.112673
0.6875 0.125 0.128984
0.6875 0.15625 0.103809
0.65625 0.15625 0.0855084
0.6875 0.25 0.0391076
0.6875 0.21875 0.0585741
0.71875 0.21875 0.0830388
0.71875 0.25 0.0649204
0.6875 0.25 0.0391076
0.6875 0.21875 0.0585741
0.6875 0.1875 0.0802719
0.71875 0.1875 0.102876
0.71875 0.21875 0.0830388
0.6875 0.21875 0.0585741
0.71875 0.25 0.0649204
0.71875 0.21875 0.0830388
0.75 0.21875 0.108507
0.75 0.25 0.0912512
0.71875 0.25 0.0649204
0.71875 0.21875 0.0830388
0.71875 0.1875 0.102876
0.75 0.1875 0.127054
0.75 0.21875 0.108507
0.71875 0.21875 0.0830388
0.6875 0.1875 0.0802719
0.6875 0.15625 0.103809
0.71875 0.15625 0.124462
0.71875 0.1875 0.102876
0.6875 0.1875 0.0802719
0.6875 0.15625 0.103809
0.6875 0.125 0.128984
0.71875 0.125 0.147836
0.71875 0.15625 0.124462
0.6875 0.15625 0.103809
0.71875 0.1875 0.102876
0.71875 0.15625 0.124462
0.75 0.15625 0.147108
0.75 0.1875 0.127054
0.71875 0.1875 0.102876
0.71875 0.15625 0.124462
0.71875 0.125 0.147836
0.75 0.125 0.168804
0.75 0.15625 0.147108
0.71875 0.15625 0.124462
0.625 0.125 0.0996388
0.625 0.0625 0.159079
0.6875 0.0625 0.182634
0.6875 0.125 0.128984
0.625 0.125 0.0996388
0.625 0.0625 0.159079
0.625 0 0.219964
0.6875 0 0.240048
0.6875 0.0625 0.182634
0.625 0.0625 0.159079
0.6875 0.125 0.128984
0.6875 0.0625 0.182634
0.75 0.0625 0.216126
0.75 0.125 0.168804
0.6875 0.125 0.128984
0.6875 0.0625 0.182634
0.6875 0 0.240048
0.75 0 0.269154
0.75 0.0625 0.216126
0.6875 0.0625 0.182634
0.75 0.5 -0.023461
0.75 0.46875 -0.0120681
0.78125 0.46875 0.016544
0.78125 0.5 0.00565958
0.75 0.5 -0.023461
0.75 0.46875 -0.0120681
0.75 0.4375 0.000850618
0.78125 0.4375 0.029079
0.78125 0.46875 0.016544
0.75 0.46875 -0.0120681
0.78125 0.5 0.00565958
0.78125 0.46875 0.016544
0.8125 0.46875 0.0456704
0.8125 0.5 0.0356764
0.78125 0.5 0.00565958
0.78125 0.46875 0.016544
0.78125 0.4375 0.029079
0.8125 0.4375 0.0575554
0.8125 0.46875 0.0456704
0.78125 0.46875 0.016544
0.75 0.4375 0.000850618
0.75 0.40625 0.0149857
0.78125 0.40625 0.042832
0.78125 0.4375 0.029079
0.75 0.4375 0.000850618
0.75 0.40625 0.0149857
0.75 0.375 0.0294561
0.78125 0.375 0.0571149
0.78125 0.40625 0.042832
0.75 0.40625 0.0149857
0.78125 0.4375 0.029079
0.78125 0.40625 0.042832
0.8125 0.40625 0.0708499
0.8125 0.4375 0.0575554
0.78125 0.4375 0.029079
0.78125 0.40625 0.042832
0.78125 0.375 0.0571149
0.8125 0.375 0.084881
0.8125 0.40625 0.0708499
0.78125 0.40625 0.042832
0.8125 0.5 0.0356764
0.8125 0.46875 0.0456704
0.84375 0.46875 0.075086
0.84375 0.5 0.0659306
0.8125 0.5 0.0356764
0.8125 0.46875 0.0456704
0.8125 0.4375 0.0575554
0.84375 0.4375 0.0862846
0.84375 0.46875 0.075086
0.8125 0.46875 0.0456704
0.84375 0.5 0.0659306
0.84375 0.46875 0.075086
0.875 0.46875 0.104728
0.875 0.5 0.0963468
0.84375 0.5 0.0659306
0.84375 0.46875 0.075086
0.84375 0.4375 0.0862846
0.875 0.4375 0.115253
0.875 0.46875 0.104728
0.84375 0.46875 0.075086
0.8125 0.4375 0.0575554
0.8125 0.40625 0.0708499
0.84375 0.40625 0.0990562
0.84375 0.4375 0.0862846
0.8125 0.4375 0.0575554
0.8125 0.40625 0.0708499
0.8125 0.375 0.084881
0.84375 0.375 0.112771
0.84375 0.40625 0.0990562
0.8125 0.40625 0.0708499
0.84375 0.4375 0.0862846
0.84375 0.40625 0.0990562
0.875 0.40625 0.127465
0.875 0.4375 0.115253
0.84375 0.4375 0.0862846
0.84375 0.40625 0.0990562
0.84375 0.375 0.112771
0.875 0.375 0.140802
0.875 0.40625 0.127465
0.84375 0.40625 0.0990562
0.75 0.375 0.0294561
0.75 0.34375 0.0442573
0.78125 0.34375 0.0717372
0.78125 0.375 0.0571149
0.75 0.375 0.0294561
0.75 0.34375 0.0442573
0.75 0.3125 0.0594156
0.78125 0.3125 0.0867022
0.78125 0.34375 0.0717372
0.75 0.34375 0.0442573
0.78125 0.375 0.0571149
0.78125 0.34375 0.0717372
0.8125 0.34375 0.0993141
0.8125 0.375 0.084881
0.78125 0.375 0.0571149
0.78125 0.34375 0.0717372
0.78125 0.3125 0.0867022
0.8125 0.3125 0.114093
0.8125 0.34375 0.0993141
0.78125 0.34375 0.0717372
0.75 0.3125 0.0594156
0.75 0.28125 0.075008
0.78125 0.28125 0.102047
0.78125 0.3125 0.0867022
0.75 0.3125 0.0594156
0.75 0.28125 0.075008
0.75 0.25 0.0912512
0.78125 0.25 0.1179
0.78125 0.28125 0.102047
0.75 0.28125 0.075008
0.78125 0.3125 0.0867022
0.78125 0.28125 0.102047
0.8125 0.28125 0.12923
0.8125 0.3125 0.114093
0.78125 0.3125 0.0867022
0.78125 0.28125 0.102047
0.78125 0.25 0.1179
0.8125 0.25 0.144789
0.8125 0.28125 0.12923
0.78125 0.28125 0.102047
0.8125 0.375 0.084881
0.8125 0.34375 0.0993141
0.84375 0.34375 0.126993
0.84375 0.375 0.112771
0.8125 0.375 0.084881
0.8125 0.34375 0.0993141
0.8125 0.3125 0.114093
0.84375 0.3125 0.14158
0.84375 0.34375 0.126993
0.8125 0.34375 0.0993141
0.84375 0.375 0.112771
0.84375 0.34375 0.126993
0.875 0.34375 0.15478
0.875 0.375 0.140802
0.84375 0.375 0.112771
0.84375 0.34375 0.126993
0.84375 0.3125 0.14158
0.875 0.3125 0.169169
0.875 0.34375 0.15478
0.84375 0.34375 0.126993
0.8125 0.3125 0.114093
0.8125 0.25 0.144789
0.875 0.25 0.199059
0.875 0.3125 0.169169
0.8125 0.3125 0.114093
0.875 0.5 0.0963468
0.875 0.4375 0.115253
0.9375 0.4375 0.173966
0.9375 0.5 0.157734
0.875 0.5 0.0963468
0.875 0.4375 0.115253
0.875 0.375 0.140802
0.9375 0.375 0.197491
0.9375 0.4375 0.173966
0.875 0.4375 0.115253
0.9375 0.5 0.157734
0.9375 0.4375 0.173966
1 0.4375 0.233834
1 0.5 0.219557
0.9375 0.5 0.157734
0.9375 0.4375 0.173966
0.9375 0.375 0.197491
1 0.375 0.255336
1 0.4375 0.233834
0.9375 0.4375 0.173966
0.875 0.375 0.140802
0.875 0.3125 0.169169
0.9375 0.3125 0.224726
0.9375 0.375 0.197491
0.875 0.375 0.140802
0.875 0.3125 0.169169
0.875 0.25 0.199059
0.9375 0.25 0.253737
0.9375 0.3125 0.224726
0.875 0.3125 0.169169
0.9375 0.375 0.197491
0.9375 0.3125 0.224726
1 0.3125 0.281147
1 0.375 0.255336
0.9375 0.375 0.197491
0.9375 0.3125 0.224726
0.9375 0.25 0.253737
1 0.25 0.309094
1 0.3125 0.281147
0.9375 0.3125 0.224726
0.75 0.25 0.0912512
0.75 0.1875 0.127054
0.8125 0.1875 0.178093
0.8125 0.25 0.144789
0.75 0.25 0.0912512
0.75 0.1875 0.127054
0.75 0.125 0.168804
0.8125 0.125 0.215543
0.8125 0.1875 0.178093
0.75 0.1875 0.127054
0.8125 0.25 0.144789
0.8125 0.1875 0.178093
0.875 0.1875 0.230893
0.875 0.25 0.199059
0.8125 0.25 0.144789
0.8125 0.1875 0.178093
0.8125 0.125 0.215543
0.875 0.125 0.265582
0.875 0.1875 0.230893
0.8125 0.1875 0.178093
0.75 0.125 0.168804
0.75 0.0625 0.216126
0.8125 0.0625 0.257684
0.8125 0.125 0.215543
0.75 0.125 0.168804
0.75 0.0625 0.216126
0.75 0 0.269154
0.8125 0 0.306172
0.8125 0.0625 0.257684
0.75 0.0625 0.216126
0.8125 0.125 0.215543
0.8125 0.0625 0.257684
0.875 0.0625 0.303899
0.875 0.125 0.265582
0.8125 0.125 0.215543
0.8125 0.0625 0.257684
0.8125 0 0.306172
0.875 0 0.348016
0.875 0.0625 0.303899
0.8125 0.0625 0.257684
0.875 0.25 0.199059
0.875 0.125 0.265582
1 0.125 0.371387
1 0.25 0.309094
0.875 0.25 0.199059
0.875 0.125 0.265582
0.875 0 0.348016
1 0 0.447305
1 0.125 0.371387
0.875 0.125 0.265582
