0 1 0.455615
0 0.875 0.379998
0.125 0.875 0.271625
0.125 1 0.356163
0 1 0.455615
0 0.875 0.379998
0 0.75 0.313307
0.125 0.75 0.200284
0.125 0.875 0.271625
0 0.875 0.379998
0.125 1 0.356163
0.125 0.9375 0.312654
0.1875 0.9375 0.26614
0.1875 1 0.313419
0.125 1 0.356163
0.125 0.9375 0.312654
0.125 0.875 0.271625
0.1875 0.875 0.221475
0.1875 0.9375 0.26614
0.125 0.9375 0.312654
0.1875 1 0.313419
0.1875 0.9375 0.26614
0.25 0.9375 0.222834
0.25 1 0.27469
0.1875 1 0.313419
0.1875 0.9375 0.26614
0.1875 0.875 0.221475
0.25 0.875 0.173273
0.25 0.9375 0.222834
0.1875 0.9375 0.26614
0.125 0.875 0.271625
0.125 0.8125 0.23403
0.1875 0.8125 0.180929
0.1875 0.875 0.221475
0.125 0.875 0.271625
0.125 0.8125 0.23403
0.125 0.75 0.200284
0.1875 0.75 0.144786
0.1875 0.8125 0.180929
0.125 0.8125 0.23403
0.1875 0.875 0.221475
0.1875 0.8125 0.180929
0.25 0.8125 0.129144
0.25 0.875 0.173273
0.1875 0.875 0.221475
0.1875 0.8125 0.180929
0.1875 0.75 0.144786
0.25 0.75 0.0908213
0.25 0.8125 0.129144
0.1875 0.8125 0.180929
0 0.75 0.313307
0 0.6875 0.286028
0.0625 0.6875 0.227693
0.0625 0.75 0.256338
0 0.75 0.313307
0 0.6875 0.286028
0 0.625 0.261986
0.0625 0.625 0.202335
0.0625 0.6875 0.227693
0 0.6875 0.286028
0.0625 0.75 0.256338
0.0625 0.6875 0.227693
0.125 0.6875 0.170399
0.125 0.75 0.200284
0.0625 0.75 0.256338
0.0625 0.6875 0.227693
0.0625 0.625 0.202335
0.125 0.625 0.143685
0.125 0.6875 0.170399
0.0625 0.6875 0.227693
0 0.625 0.261986
0 0.5625 0.241534
0.0625 0.5625 0.180445
0.0625 0.625 0.202335
0 0.625 0.261986
0 0.5625 0.241534
0 0.5 0.225904
0.0625 0.5 0.163574
0.0625 0.5625 0.180445
0 0.5625 0.241534
0.0625 0.625 0.202335
0.0625 0.5625 0.180445
0.125 0.5625 0.119902
0.125 0.625 0.143685
0.0625 0.625 0.202335
0.0625 0.5625 0.180445
0.0625 0.5 0.163574
0.125 0.5 0.101238
0.125 0.5625 0.119902
0.0625 0.5625 0.180445
0.125 0.75 0.200284
0.125 0.6875 0.170399
0.1875 0.6875 0.114162
0.1875 0.75 0.144786
0.125 0.75 0.200284
0.125 0.6875 0.170399
0.125 0.65625 0.156759
0.15625 0.65625 0.128329
0.15625 0.6875 0.142216
0.125 0.6875 0.170399
0.125 0.65625 0.156759
0.125 0.625 0.143685
0.15625 0.625 0.114935
0.15625 0.65625 0.128329
0.125 0.65625 0.156759
0.15625 0.6875 0.142216
0.15625 0.65625 0.128329
0.1875 0.65625 0.100052
0.1875 0.6875 0.114162
0.15625 0.6875 0.142216
0.15625 0.65625 0.128329
0.15625 0.625 0.114935
0.1875 0.625 0.0863706
0.1875 0.65625 0.100052
0.15625 0.65625 0.128329
0.1875 0.75 0.144786
0.1875 0.71875 0.129014
0.21875 0.71875 0.101405
0.21875 0.75 0.117683
0.1875 0.75 0.144786
0.1875 0.71875 0.129014
0.1875 0.6875 0.114162
0.21875 0.6875 0.0862273
0.21875 0.71875 0.101405
0.1875 0.71875 0.129014
0.21875 0.75 0.117683
0.21875 0.71875 0.101405
0.25 0.71875 0.0739362
0.25 0.75 0.0908213
0.21875 0.75 0.117683
0.21875 0.71875 0.101405
0.21875 0.6875 0.0862273
0.25 0.6875 0.0583998
0.25 0.71875 0.0739362
0.21875 0.71875 0.101405
0.1875 0.6875 0.114162
0.1875 0.65625 0.100052
0.21875 0.65625 0.0719135
0.21875 0.6875 0.0862273
0.1875 0.6875 0.114162
0.1875 0.65625 0.100052
0.1875 0.625 0.0863706
0.21875 0.625 0.0579874
0.21875 0.65625 0.0719135
0.1875 0.65625 0.100052
0.21875 0.6875 0.0862273
0.21875 0.65625 0.0719135
0.25 0.65625 0.0438959
0.25 0.6875 0.0583998
0.21875 0.6875 0.0862273
0.21875 0.65625 0.0719135
0.21875 0.625 0.0579874
0.25 0.625 0.0297619
0.25 0.65625 0.0438959
0.21875 0.65625 0.0719135
0.125 0.625 0.143685
0.125 0.59375 0.131321
0.15625 0.59375 0.102165
0.15625 0.625 0.114935
0.125 0.625 0.143685
0.125 0.59375 0.131321
0.125 0.5625 0.119902
0.15625 0.5625 0.0902525
0.15625 0.59375 0.102165
0.125 0.59375 0.131321
0.15625 0.625 0.114935
0.15625 0.59375 0.102165
0.1875 0.59375 0.0732101
0.1875 0.625 0.0863706
0.15625 0.625 0.114935
0.15625 0.59375 0.102165
0.15625 0.5625 0.0902525
0.1875 0.5625 0.0607935
0.1875 0.59375 0.0732101
0.15625 0.59375 0.102165
0.125 0.5625 0.119902
0.125 0.53125 0.109738
0.15625 0.53125 0.0795307
0.15625 0.5625 0.0902525
0.125 0.5625 0.119902
0.125 0.53125 0.109738
0.125 0.5 0.101238
0.15625 0.5 0.0704602
0.15625 0.53125 0.0795307
0.125 0.53125 0.109738
0.15625 0.5625 0.0902525
0.15625 0.53125 0.0795307
0.1875 0.53125 0.0494708
0.1875 0.5625 0.0607935
0.15625 0.5625 0.0902525
0.15625 0.53125 0.0795307
0.15625 0.5 0.0704602
0.1875 0.5 0.0397548
0.1875 0.53125 0.0494708
0.15625 0.53125 0.0795307
0.1875 0.625 0.0863706
0.1875 0.59375 0.0732101
0.21875 0.59375 0.0444955
0.21875 0.625 0.0579874
0.1875 0.625 0.0863706
0.1875 0.59375 0.0732101
0.1875 0.5625 0.0607935
0.21875 0.5625 0.0315873
0.21875 0.59375 0.0444955
0.1875 0.59375 0.0732101
0.21875 0.625 0.0579874
0.21875 0.59375 0.0444955
0.25 0.59375 0.0160269
0.25 0.625 0.0297619
0.21875 0.625 0.0579874
0.21875 0.59375 0.0444955
0.21875 0.5625 0.0315873
0.25 0.5625 0.00266457
0.25 0.59375 0.0160269
0.21875 0.59375 0.0444955
0.1875 0.5625 0.0607935
0.1875 0.53125 0.0494708
0.21875 0.53125 0.0196279
0.21875 0.5625 0.0315873
0.1875 0.5625 0.0607935
0.1875 0.53125 0.0494708
0.1875 0.5 0.0397548
0.21875 0.5 0.00914965
0.21875 0.53125 0.0196279
0.1875 0.53125 0.0494708
0.21875 0.5625 0.0315873
0.21875 0.53125 0.0196279
0.25 0.53125 -0.00972051
0.25 0.5625 0.00266457
0.21875 0.5625 0.0315873
0.21875 0.53125 0.0196279
0.21875 0.5 0.00914965
0.25 0.5 -0.0207567
0.25 0.53125 -0.00972051
0.21875 0.53125 0.0196279
0.25 1 0.27469
0.25 0.9375 0.222834
0.3125 0.9375 0.187359
0.3125 1 0.243996
0.25 1 0.27469
0.25 0.9375 0.222834
0.25 0.875 0.173273
0.3125 0.875 0.132234
0.3125 0.9375 0.187359
0.25 0.9375 0.222834
0.3125 1 0.243996
0.3125 0.9375 0.187359
0.375 0.9375 0.161432
0.375 1 0.222179
0.3125 1 0.243996
0.3125 0.9375 0.187359
0.3125 0.875 0.132234
0.375 0.875 0.101225
0.375 0.9375 0.161432
0.3125 0.9375 0.187359
0.25 0.875 0.173273
0.25 0.84375 0.150524
0.28125 0.84375 0.127852
0.28125 0.875 0.152005
0.25 0.875 0.173273
0.25 0.84375 0.150524
0.25 0.8125 0.129144
0.28125 0.8125 0.105064
0.28125 0.84375 0.127852
0.25 0.84375 0.150524
0.28125 0.875 0.152005
0.28125 0.84375 0.127852
0.3125 0.84375 0.106495
0.3125 0.875 0.132234
0.28125 0.875 0.152005
0.28125 0.84375 0.127852
0.28125 0.8125 0.105064
0.3125 0.8125 0.0820388
0.3125 0.84375 0.106495
0.28125 0.84375 0.127852
0.25 0.8125 0.129144
0.25 0.78125 0.109224
0.28125 0.78125 0.0838113
0.28125 0.8125 0.105064
0.25 0.8125 0.129144
0.25 0.78125 0.109224
0.25 0.75 0.0908213
0.28125 0.75 0.064289
0.28125 0.78125 0.0838113
0.25 0.78125 0.109224
0.28125 0.8125 0.105064
0.28125 0.78125 0.0838113
0.3125 0.78125 0.0591344
0.3125 0.8125 0.0820388
0.28125 0.8125 0.105064
0.28125 0.78125 0.0838113
0.28125 0.75 0.064289
0.3125 0.75 0.0381512
0.3125 0.78125 0.0591344
0.28125 0.78125 0.0838113
0.3125 0.875 0.132234
0.3125 0.84375 0.106495
0.34375 0.84375 0.0874937
0.34375 0.875 0.115023
0.3125 0.875 0.132234
0.3125 0.84375 0.106495
0.3125 0.8125 0.0820388
0.34375 0.8125 0.0609864
0.34375 0.84375 0.0874937
0.3125 0.84375 0.106495
0.34375 0.875 0.115023
0.34375 0.84375 0.0874937
0.375 0.84375 0.0718873
0.375 0.875 0.101225
0.34375 0.875 0.115023
0.34375 0.84375 0.0874937
0.34375 0.8125 0.0609864
0.375 0.8125 0.0431819
0.375 0.84375 0.0718873
0.34375 0.84375 0.0874937
0.3125 0.8125 0.0820388
0.3125 0.78125 0.0591344
0.34375 0.78125 0.0358419
0.34375 0.8125 0.0609864
0.3125 0.8125 0.0820388
0.3125 0.78125 0.0591344
0.3125 0.75 0.0381512
0.34375 0.75 0.0125822
0.34375 0.78125 0.0358419
0.3125 0.78125 0.0591344
0.34375 0.8125 0.0609864
0.34375 0.78125 0.0358419
0.375 0.78125 0.0153927
0.375 0.8125 0.0431819
0.34375 0.8125 0.0609864
0.34375 0.78125 0.0358419
0.34375 0.75 0.0125822
0.375 0.75 -0.00995109
0.375 0.78125 0.0153927
0.34375 0.78125 0.0358419
0.375 1 0.222179
0.375 0.9375 0.161432
0.4375 0.9375 0.152135
0.4375 1 0.214641
0.375 1 0.222179
0.375 0.9375 0.161432
0.375 0.875 0.101225
0.4375 0.875 0.0896318
0.4375 0.9375 0.152135
0.375 0.9375 0.161432
0.4375 1 0.214641
0.4375 0.9375 0.152135
0.5 0.9375 0.159693
0.5 1 0.221183
0.4375 1 0.214641
0.4375 0.9375 0.152135
0.4375 0.875 0.0896318
0.5 0.875 0.0983871
0.5 0.9375 0.159693
0.4375 0.9375 0.152135
0.375 0.875 0.101225
0.375 0.84375 0.0718873
0.40625 0.84375 0.0614497
0.40625 0.875 0.0922742
0.375 0.875 0.101225
0.375 0.84375 0.0718873
0.375 0.8125 0.0431819
0.40625 0.8125 0.0307237
0.40625 0.84375 0.0614497
0.375 0.84375 0.0718873
0.40625 0.875 0.0922742
0.40625 0.84375 0.0614497
0.4375 0.84375 0.0583816
0.4375 0.875 0.0896318
0.40625 0.875 0.0922742
0.40625 0.84375 0.0614497
0.40625 0.8125 0.0307237
0.4375 0.8125 0.0271323
0.4375 0.84375 0.0583816
0.40625 0.84375 0.0614497
0.375 0.8125 0.0431819
0.375 0.78125 0.0153927
0.40625 0.78125 0.000162784
0.40625 0.8125 0.0307237
0.375 0.8125 0.0431819
0.375 0.78125 0.0153927
0.375 0.75 -0.00995109
0.40625 0.75 -0.0279992
0.40625 0.78125 0.000162784
0.375 0.78125 0.0153927
0.40625 0.8125 0.0307237
0.40625 0.78125 0.000162784
0.4375 0.78125 -0.00411588
0.4375 0.8125 0.0271323
0.40625 0.8125 0.0307237
0.40625 0.78125 0.000162784
0.40625 0.75 -0.0279992
0.4375 0.75 -0.0353239
0.4375 0.78125 -0.00411588
0.40625 0.78125 0.000162784
0.4375 0.875 0.0896318
0.4375 0.84375 0.0583816
0.46875 0.84375 0.0610709
0.46875 0.875 0.092023
0.4375 0.875 0.0896318
0.4375 0.84375 0.0583816
0.4375 0.8125 0.0271323
0.46875 0.8125 0.0301669
0.46875 0.84375 0.0610709
0.4375 0.84375 0.0583816
0.46875 0.875 0.092023
0.46875 0.84375 0.0610709
0.5 0.84375 0.0680122
0.5 0.875 0.0983871
0.46875 0.875 0.092023
0.46875 0.84375 0.0610709
0.46875 0.8125 0.0301669
0.5 0.8125 0.0377997
0.5 0.84375 0.0680122
0.46875 0.84375 0.0610709
0.4375 0.8125 0.0271323
0.4375 0.78125 -0.00411588
0.46875 0.78125 -0.000656979
0.46875 0.8125 0.0301669
0.4375 0.8125 0.0271323
0.4375 0.78125 -0.00411588
0.4375 0.75 -0.0353239
0.46875 0.75 -0.0309758
0.46875 0.78125 -0.000656979
0.4375 0.78125 -0.00411588
0.46875 0.8125 0.0301669
0.46875 0.78125 -0.000656979
0.5 0.78125 0.00777239
0.5 0.8125 0.0377997
0.46875 0.8125 0.0301669
0.46875 0.78125 -0.000656979
0.46875 0.75 -0.0309758
0.5 0.75 -0.0217178
0.5 0.78125 0.00777239
0.46875 0.78125 -0.000656979
0.25 0.75 0.0908213
0.25 0.71875 0.0739362
0.28125 0.71875 0.0466175
0.28125 0.75 0.064289
0.25 0.75 0.0908213
0.25 0.71875 0.0739362
0.25 0.6875 0.0583998
0.28125 0.6875 0.0306713
0.28125 0.71875 0.0466175
0.25 0.71875 0.0739362
0.28125 0.75 0.064289
0.28125 0.71875 0.0466175
0.3125 0.71875 0.0194611
0.3125 0.75 0.0381512
0.28125 0.75 0.064289
0.28125 0.71875 0.0466175
0.28125 0.6875 0.0306713
0.3125 0.6875 0.0030379
0.3125 0.71875 0.0194611
0.28125 0.71875 0.0466175
0.25 0.6875 0.0583998
0.25 0.65625 0.0438959
0.28125 0.65625 0.0159853
0.28125 0.6875 0.0306713
0.25 0.6875 0.0583998
0.25 0.65625 0.0438959
0.25 0.625 0.0297619
0.28125 0.625 0.00166657
0.28125 0.65625 0.0159853
0.25 0.65625 0.0438959
0.28125 0.6875 0.0306713
0.28125 0.65625 0.0159853
0.3125 0.65625 -0.0117708
0.3125 0.6875 0.0030379
0.28125 0.6875 0.0306713
0.28125 0.65625 0.0159853
0.28125 0.625 0.00166657
0.3125 0.625 -0.0262025
0.3125 0.65625 -0.0117708
0.28125 0.65625 0.0159853
0.3125 0.75 0.0381512
0.3125 0.71875 0.0194611
0.34375 0.71875 -0.0070789
0.34375 0.75 0.0125822
0.3125 0.75 0.0381512
0.3125 0.71875 0.0194611
0.3125 0.6875 0.0030379
0.34375 0.6875 -0.0240285
0.34375 0.71875 -0.0070789
0.3125 0.71875 0.0194611
0.34375 0.75 0.0125822
0.34375 0.71875 -0.0070789
0.375 0.71875 -0.0318178
0.375 0.75 -0.00995109
0.34375 0.75 0.0125822
0.34375 0.71875 -0.0070789
0.34375 0.6875 -0.0240285
0.375 0.6875 -0.0503742
0.375 0.71875 -0.0318178
0.34375 0.71875 -0.0070789
0.3125 0.6875 0.0030379
0.3125 0.65625 -0.0117708
0.34375 0.65625 -0.0393114
0.34375 0.6875 -0.0240285
0.3125 0.6875 0.0030379
0.3125 0.65625 -0.0117708
0.3125 0.625 -0.0262025
0.34375 0.625 -0.0539645
0.34375 0.65625 -0.0393114
0.3125 0.65625 -0.0117708
0.34375 0.6875 -0.0240285
0.34375 0.65625 -0.0393114
0.375 0.65625 -0.0665438
0.375 0.6875 -0.0503742
0.34375 0.6875 -0.0240285
0.34375 0.65625 -0.0393114
0.34375 0.625 -0.0539645
0.375 0.625 -0.0815825
0.375 0.65625 -0.0665438
0.34375 0.65625 -0.0393114
0.25 0.625 0.0297619
0.25 0.59375 0.0160269
0.28125 0.59375 -0.0121964
0.28125 0.625 0.00166657
0.25 0.625 0.0297619
0.25 0.59375 0.0160269
0.25 0.5625 0.00266457
0.28125 0.5625 -0.0256823
0.28125 0.59375 -0.0121964
0.25 0.59375 0.0160269
0.28125 0.625 0.00166657
0.28125 0.59375 -0.0121964
0.3125 0.59375 -0.040253
0.3125 0.625 -0.0262025
0.28125 0.625 0.00166657
0.28125 0.59375 -0.0121964
0.28125 0.5625 -0.0256823
0.3125 0.5625 -0.0539215
0.3125 0.59375 -0.040253
0.28125 0.59375 -0.0121964
0.25 0.5625 0.00266457
0.25 0.53125 -0.00972051
0.28125 0.53125 -0.0384804
0.28125 0.5625 -0.0256823
0.25 0.5625 0.00266457
0.25 0.53125 -0.00972051
0.25 0.5 -0.0207567
0.28125 0.5 -0.0501155
0.28125 0.53125 -0.0384804
0.25 0.53125 -0.00972051
0.28125 0.5625 -0.0256823
0.28125 0.53125 -0.0384804
0.3125 0.53125 -0.0670438
0.3125 0.5625 -0.0539215
0.28125 0.5625 -0.0256823
0.28125 0.53125 -0.0384804
0.28125 0.5 -0.0501155
0.3125 0.5 -0.0792201
0.3125 0.53125 -0.0670438
0.28125 0.53125 -0.0384804
0.3125 0.625 -0.0262025
0.3125 0.59375 -0.040253
0.34375 0.59375 -0.0682133
0.34375 0.625 -0.0539645
0.3125 0.625 -0.0262025
0.3125 0.59375 -0.040253
0.3125 0.5625 -0.0539215
0.34375 0.5625 -0.0820717
0.34375 0.59375 -0.0682133
0.3125 0.59375 -0.040253
0.34375 0.625 -0.0539645
0.34375 0.59375 -0.0682133
0.375 0.59375 -0.0960673
0.375 0.625 -0.0815825
0.34375 0.625 -0.0539645
0.34375 0.59375 -0.0682133
0.34375 0.5625 -0.0820717
0.375 0.5625 -0.110131
0.375 0.59375 -0.0960673
0.34375 0.59375 -0.0682133
0.3125 0.5625 -0.0539215
0.3125 0.53125 -0.0670438
0.34375 0.53125 -0.0954555
0.34375 0.5625 -0.0820717
0.3125 0.5625 -0.0539215
0.3125 0.53125 -0.0670438
0.3125 0.5 -0.0792201
0.34375 0.5 -0.108077
0.34375 0.53125 -0.0954555
0.3125 0.53125 -0.0670438
0.34375 0.5625 -0.0820717
0.34375 0.53125 -0.0954555
0.375 0.53125 -0.12375
0.375 0.5625 -0.110131
0.34375 0.5625 -0.0820717
0.34375 0.53125 -0.0954555
0.34375 0.5 -0.108077
0.375 0.5 -0.136743
0.375 0.53125 -0.12375
0.34375 0.53125 -0.0954555
0.375 0.75 -0.00995109
0.375 0.71875 -0.0318178
0.40625 0.71875 -0.0533983
0.40625 0.75 -0.0279992
0.375 0.75 -0.00995109
0.375 0.71875 -0.0318178
0.375 0.6875 -0.0503742
0.40625 0.6875 -0.0751818
0.40625 0.71875 -0.0533983
0.375 0.71875 -0.0318178
0.40625 0.75 -0.0279992
0.40625 0.71875 -0.0533983
0.4375 0.71875 -0.0658779
0.4375 0.75 -0.0353239
0.40625 0.75 -0.0279992
0.40625 0.71875 -0.0533983
0.40625 0.6875 -0.0751818
0.4375 0.6875 -0.0940208
0.4375 0.71875 -0.0658779
0.40625 0.71875 -0.0533983
0.375 0.6875 -0.0503742
0.375 0.65625 -0.0665438
0.40625 0.65625 -0.0931576
0.40625 0.6875 -0.0751818
0.375 0.6875 -0.0503742
0.375 0.65625 -0.0665438
0.375 0.625 -0.0815825
0.40625 0.625 -0.108953
0.40625 0.65625 -0.0931576
0.375 0.65625 -0.0665438
0.40625 0.6875 -0.0751818
0.40625 0.65625 -0.0931576
0.4375 0.65625 -0.117432
0.4375 0.6875 -0.0940208
0.40625 0.6875 -0.0751818
0.40625 0.65625 -0.0931576
0.40625 0.625 -0.108953
0.4375 0.625 -0.135607
0.4375 0.65625 -0.117432
0.40625 0.65625 -0.0931576
0.4375 0.75 -0.0353239
0.4375 0.71875 -0.0658779
0.46875 0.71875 -0.0609991
0.46875 0.75 -0.0309758
0.4375 0.75 -0.0353239
0.4375 0.71875 -0.0658779
0.4375 0.6875 -0.0940208
0.46875 0.6875 -0.0907159
0.46875 0.71875 -0.0609991
0.4375 0.71875 -0.0658779
0.46875 0.75 -0.0309758
0.46875 0.71875 -0.0609991
0.5 0.71875 -0.050879
0.5 0.75 -0.0217178
0.46875 0.75 -0.0309758
0.46875 0.71875 -0.0609991
0.46875 0.6875 -0.0907159
0.5 0.6875 -0.0798014
0.5 0.71875 -0.050879
0.46875 0.71875 -0.0609991
0.4375 0.6875 -0.0940208
0.4375 0.65625 -0.117432
0.46875 0.65625 -0.120122
0.46875 0.6875 -0.0907159
0.4375 0.6875 -0.0940208
0.4375 0.65625 -0.117432
0.4375 0.625 -0.135607
0.46875 0.625 -0.149248
0.46875 0.65625 -0.120122
0.4375 0.65625 -0.117432
0.46875 0.6875 -0.0907159
0.46875 0.65625 -0.120122
0.5 0.65625 -0.108524
0.5 0.6875 -0.0798014
0.46875 0.6875 -0.0907159
0.46875 0.65625 -0.120122
0.46875 0.625 -0.149248
0.5 0.625 -0.137067
0.5 0.65625 -0.108524
0.46875 0.65625 -0.120122
0.375 0.625 -0.0815825
0.375 0.59375 -0.0960673
0.40625 0.59375 -0.123785
0.40625 0.625 -0.108953
0.375 0.625 -0.0815825
0.375 0.59375 -0.0960673
0.375 0.5625 -0.110131
0.40625 0.5625 -0.138095
0.40625 0.59375 -0.123785
0.375 0.59375 -0.0960673
0.40625 0.625 -0.108953
0.40625 0.59375 -0.123785
0.4375 0.59375 -0.151238
0.4375 0.625 -0.135607
0.40625 0.625 -0.108953
0.40625 0.59375 -0.123785
0.40625 0.5625 -0.138095
0.4375 0.5625 -0.165955
0.4375 0.59375 -0.151238
0.40625 0.59375 -0.123785
0.375 0.5625 -0.110131
0.375 0.5 -0.136743
0.4375 0.5 -0.185315
0.4375 0.5625 -0.165955
0.375 0.5625 -0.110131
0.4375 0.625 -0.135607
0.4375 0.5625 -0.165955
0.5 0.5625 -0.193783
0.5 0.625 -0.137067
0.4375 0.625 -0.135607
0.4375 0.5625 -0.165955
0.4375 0.5 -0.185315
0.5 0.5 -0.229325
0.5 0.5625 -0.193783
0.4375 0.5625 -0.165955
0 0.5 0.225904
0 0.4375 0.217516
0.0625 0.4375 0.154982
0.0625 0.5 0.163574
0 0.5 0.225904
0 0.4375 0.217516
0 0.375 0.224973
0.0625 0.375 0.16391
0.0625 0.4375 0.154982
0 0.4375 0.217516
0.0625 0.5 0.163574
0.0625 0.4375 0.154982
0.125 0.4375 0.0924795
0.125 0.5 0.101238
0.0625 0.5 0.163574
0.0625 0.4375 0.154982
0.0625 0.375 0.16391
0.125 0.375 0.104
0.125 0.4375 0.0924795
0.0625 0.4375 0.154982
0 0.375 0.224973
0 0.3125 0.243937
0.0625 0.3125 0.186024
0.0625 0.375 0.16391
0 0.375 0.224973
0 0.3125 0.243937
0 0.25 0.271859
0.0625 0.25 0.218056
0.0625 0.3125 0.186024
0 0.3125 0.243937
0.0625 0.375 0.16391
0.0625 0.3125 0.186024
0.125 0.3125 0.131395
0.125 0.375 0.104
0.0625 0.375 0.16391
0.0625 0.3125 0.186024
0.0625 0.25 0.218056
0.125 0.25 0.169434
0.125 0.3125 0.131395
0.0625 0.3125 0.186024
0.125 0.5 0.101238
0.125 0.46875 0.0949697
0.15625 0.46875 0.0637191
0.15625 0.5 0.0704602
0.125 0.5 0.101238
0.125 0.46875 0.0949697
0.125 0.4375 0.0924795
0.15625 0.4375 0.0612321
0.15625 0.46875 0.0637191
0.125 0.46875 0.0949697
0.15625 0.5 0.0704602
0.15625 0.46875 0.0637191
0.1875 0.46875 0.0324719
0.1875 0.5 0.0397548
0.15625 0.5 0.0704602
0.15625 0.46875 0.0637191
0.15625 0.4375 0.0612321
0.1875 0.4375 0.0299863
0.1875 0.46875 0.0324719
0.15625 0.46875 0.0637191
0.125 0.4375 0.0924795
0.125 0.40625 0.095907
0.15625 0.40625 0.0652105
0.15625 0.4375 0.0612321
0.125 0.4375 0.0924795
0.125 0.40625 0.095907
0.125 0.375 0.104
0.15625 0.375 0.0747055
0.15625 0.40625 0.0652105
0.125 0.40625 0.095907
0.15625 0.4375 0.0612321
0.15625 0.40625 0.0652105
0.1875 0.40625 0.0348634
0.1875 0.4375 0.0299863
0.15625 0.4375 0.0612321
0.15625 0.40625 0.0652105
0.15625 0.375 0.0747055
0.1875 0.375 0.0460073
0.1875 0.40625 0.0348634
0.15625 0.40625 0.0652105
0.1875 0.5 0.0397548
0.1875 0.46875 0.0324719
0.21875 0.46875 0.00122236
0.21875 0.5 0.00914965
0.1875 0.5 0.0397548
0.1875 0.46875 0.0324719
0.1875 0.4375 0.0299863
0.21875 0.4375 -0.0012424
0.21875 0.46875 0.00122236
0.1875 0.46875 0.0324719
0.21875 0.5 0.00914965
0.21875 0.46875 0.00122236
0.25 0.46875 -0.0293135
0.25 0.5 -0.0207567
0.21875 0.5 0.00914965
0.21875 0.46875 0.00122236
0.21875 0.4375 -0.0012424
0.25 0.4375 -0.0309321
0.25 0.46875 -0.0293135
0.21875 0.46875 0.00122236
0.1875 0.4375 0.0299863
0.1875 0.40625 0.0348634
0.21875 0.40625 0.00481948
0.21875 0.4375 -0.0012424
0.1875 0.4375 0.0299863
0.1875 0.40625 0.0348634
0.1875 0.375 0.0460073
0.21875 0.375 0.0182858
0.21875 0.40625 0.00481948
0.1875 0.40625 0.0348634
0.21875 0.4375 -0.0012424
0.21875 0.40625 0.00481948
0.25 0.40625 -0.0221565
0.25 0.4375 -0.0309321
0.21875 0.4375 -0.0012424
0.21875 0.40625 0.00481948
0.21875 0.375 0.0182858
0.25 0.375 -0.00724963
0.25 0.40625 -0.0221565
0.21875 0.40625 0.00481948
0.125 0.375 0.104
0.125 0.34375 0.116077
0.15625 0.34375 0.0884147
0.15625 0.375 0.0747055
0.125 0.375 0.104
0.125 0.34375 0.116077
0.125 0.3125 0.131395
0.15625 0.3125 0.105543
0.15625 0.34375 0.0884147
0.125 0.34375 0.116077
0.15625 0.375 0.0747055
0.15625 0.34375 0.0884147
0.1875 0.34375 0.0618339
0.1875 0.375 0.0460073
0.15625 0.375 0.0747055
0.15625 0.34375 0.0884147
0.15625 0.3125 0.105543
0.1875 0.3125 0.081081
0.1875 0.34375 0.0618339
0.15625 0.34375 0.0884147
0.125 0.3125 0.131395
0.125 0.28125 0.149311
0.15625 0.28125 0.125177
0.15625 0.3125 0.105543
0.125 0.3125 0.131395
0.125 0.28125 0.149311
0.125 0.25 0.169434
0.15625 0.25 0.146949
0.15625 0.28125 0.125177
0.125 0.28125 0.149311
0.15625 0.3125 0.105543
0.15625 0.28125 0.125177
0.1875 0.28125 0.102734
0.1875 0.3125 0.081081
0.15625 0.3125 0.105543
0.15625 0.28125 0.125177
0.15625 0.25 0.146949
0.1875 0.25 0.126168
0.1875 0.28125 0.102734
0.15625 0.28125 0.125177
0.1875 0.375 0.0460073
0.1875 0.34375 0.0618339
0.21875 0.34375 0.0366125
0.21875 0.375 0.0182858
0.1875 0.375 0.0460073
0.1875 0.34375 0.0618339
0.1875 0.3125 0.081081
0.21875 0.3125 0.0582937
0.21875 0.34375 0.0366125
0.1875 0.34375 0.0618339
0.21875 0.375 0.0182858
0.21875 0.34375 0.0366125
0.25 0.34375 0.0138054
0.25 0.375 -0.00724963
0.21875 0.375 0.0182858
0.21875 0.34375 0.0366125
0.21875 0.3125 0.0582937
0.25 0.3125 0.0379175
0.25 0.34375 0.0138054
0.21875 0.34375 0.0366125
0.1875 0.3125 0.081081
0.1875 0.28125 0.102734
0.21875 0.28125 0.0820057
0.21875 0.3125 0.0582937
0.1875 0.3125 0.081081
0.1875 0.28125 0.102734
0.1875 0.25 0.126168
0.21875 0.25 0.107032
0.21875 0.28125 0.0820057
0.1875 0.28125 0.102734
0.21875 0.3125 0.0582937
0.21875 0.28125 0.0820057
0.25 0.28125 0.0633114
0.25 0.3125 0.0379175
0.21875 0.3125 0.0582937
0.21875 0.28125 0.0820057
0.21875 0.25 0.107032
0.25 0.25 0.0894904
0.25 0.28125 0.0633114
0.21875 0.28125 0.0820057
0 0.25 0.271859
0 0.1875 0.307481
0.0625 0.1875 0.258003
0.0625 0.25 0.218056
0 0.25 0.271859
0 0.1875 0.307481
0 0.125 0.348178
0.0625 0.125 0.303078
0.0625 0.1875 0.258003
0 0.1875 0.307481
0.0625 0.25 0.218056
0.0625 0.1875 0.258003
0.125 0.1875 0.214723
0.125 0.25 0.169434
0.0625 0.25 0.218056
0.0625 0.1875 0.258003
0.0625 0.125 0.303078
0.125 0.125 0.264121
0.125 0.1875 0.214723
0.0625 0.1875 0.258003
0 0.125 0.348178
0 0 0.446926
0.125 0 0.370326
0.125 0.125 0.264121
0 0.125 0.348178
0.125 0.25 0.169434
0.125 0.1875 0.214723
0.1875 0.1875 0.176467
0.1875 0.25 0.126168
0.125 0.25 0.169434
0.125 0.1875 0.214723
0.125 0.125 0.264121
0.1875 0.125 0.229296
0.1875 0.1875 0.176467
0.125 0.1875 0.214723
0.1875 0.25 0.126168
0.1875 0.1875 0.176467
0.25 0.1875 0.143209
0.25 0.25 0.0894904
0.1875 0.25 0.126168
0.1875 0.1875 0.176467
0.1875 0.125 0.229296
0.25 0.125 0.19804
0.25 0.1875 0.143209
0.1875 0.1875 0.176467
0.125 0.125 0.264121
0.125 0 0.370326
0.25 0 0.309309
0.25 0.125 0.19804
0.125 0.125 0.264121
0.25 0.5 -0.0207567
0.25 0.46875 -0.0293135
0.28125 0.46875 -0.0595668
0.28125 0.5 -0.0501155
0.25 0.5 -0.0207567
0.25 0.46875 -0.0293135
0.25 0.4375 -0.0309321
0.28125 0.4375 -0.0589689
0.28125 0.46875 -0.0595668
0.25 0.46875 -0.0293135
0.28125 0.5 -0.0501155
0.28125 0.46875 -0.0595668
0.3125 0.46875 -0.0893726
0.3125 0.5 -0.0792201
0.28125 0.5 -0.0501155
0.28125 0.46875 -0.0595668
0.28125 0.4375 -0.0589689
0.3125 0.4375 -0.0849636
0.3125 0.46875 -0.0893726
0.28125 0.46875 -0.0595668
0.25 0.4375 -0.0309321
0.25 0.40625 -0.0221565
0.28125 0.40625 -0.0469083
0.28125 0.4375 -0.0589689
0.25 0.4375 -0.0309321
0.25 0.40625 -0.0221565
0.25 0.375 -0.00724963
0.28125 0.375 -0.0282269
0.28125 0.40625 -0.0469083
0.25 0.40625 -0.0221565
0.28125 0.4375 -0.0589689
0.28125 0.40625 -0.0469083
0.3125 0.40625 -0.0691894
0.3125 0.4375 -0.0849636
0.28125 0.4375 -0.0589689
0.28125 0.40625 -0.0469083
0.28125 0.375 -0.0282269
0.3125 0.375 -0.0473699
0.3125 0.40625 -0.0691894
0.28125 0.40625 -0.0469083
0.3125 0.5 -0.0792201
0.3125 0.46875 -0.0893726
0.34375 0.46875 -0.117791
0.34375 0.5 -0.108077
0.3125 0.5 -0.0792201
0.3125 0.46875 -0.0893726
0.3125 0.4375 -0.0849636
0.34375 0.4375 -0.108506
0.34375 0.46875 -0.117791
0.3125 0.46875 -0.0893726
0.34375 0.5 -0.108077
0.34375 0.46875 -0.117791
0.375 0.46875 -0.143933
0.375 0.5 -0.136743
0.34375 0.5 -0.108077
0.34375 0.46875 -0.117791
0.34375 0.4375 -0.108506
0.375 0.4375 -0.129373
0.375 0.46875 -0.143933
0.34375 0.46875 -0.117791
0.3125 0.4375 -0.0849636
0.3125 0.40625 -0.0691894
0.34375 0.40625 -0.0888933
0.34375 0.4375 -0.108506
0.3125 0.4375 -0.0849636
0.3125 0.40625 -0.0691894
0.3125 0.375 -0.0473699
0.34375 0.375 -0.0647131
0.34375 0.40625 -0.0888933
0.3125 0.40625 -0.0691894
0.34375 0.4375 -0.108506
0.34375 0.40625 -0.0888933
0.375 0.40625 -0.106387
0.375 0.4375 -0.129373
0.34375 0.4375 -0.108506
0.34375 0.40625 -0.0888933
0.34375 0.375 -0.0647131
0.375 0.375 -0.0805348
0.375 0.40625 -0.106387
0.34375 0.40625 -0.0888933
0.25 0.375 -0.00724963
0.25 0.34375 0.0138054
0.28125 0.34375 -0.00602472
0.28125 0.375 -0.0282269
0.25 0.375 -0.00724963
0.25 0.34375 0.0138054
0.25 0.3125 0.0379175
0.28125 0.3125 0.01975
0.28125 0.34375 -0.00602472
0.25 0.34375 0.0138054
0.28125 0.375 -0.0282269
0.28125 0.34375 -0.00602472
0.3125 0.34375 -0.0229621
0.3125 0.375 -0.0473699
0.28125 0.375 -0.0282269
0.28125 0.34375 -0.00602472
0.28125 0.3125 0.01975
0.3125 0.3125 0.00339611
0.3125 0.34375 -0.0229621
0.28125 0.34375 -0.00602472
0.25 0.3125 0.0379175
0.25 0.28125 0.0633114
0.28125 0.28125 0.0463283
0.28125 0.3125 0.01975
0.25 0.3125 0.0379175
0.25 0.28125 0.0633114
0.25 0.25 0.0894904
0.28125 0.25 0.0733292
0.28125 0.28125 0.0463283
0.25 0.28125 0.0633114
0.28125 0.3125 0.01975
0.28125 0.28125 0.0463283
0.3125 0.28125 0.0306768
0.3125 0.3125 0.00339611
0.28125 0.3125 0.01975
0.28125 0.28125 0.0463283
0.28125 0.25 0.0733292
0.3125 0.25 0.0581704
0.3125 0.28125 0.0306768
0.28125 0.28125 0.0463283
0.3125 0.375 -0.0473699
0.3125 0.34375 -0.0229621
0.34375 0.34375 -0.0386171
0.34375 0.375 -0.0647131
0.3125 0.375 -0.0473699
0.3125 0.34375 -0.0229621
0.3125 0.3125 0.00339611
0.34375 0.3125 -0.0117197
0.34375 0.34375 -0.0386171
0.3125 0.34375 -0.0229621
0.34375 0.375 -0.0647131
0.34375 0.34375 -0.0386171
0.375 0.34375 -0.0535449
0.375 0.375 -0.0805348
0.34375 0.375 -0.0647131
0.34375 0.34375 -0.0386171
0.34375 0.3125 -0.0117197
0.375 0.3125 -0.0260842
0.375 0.34375 -0.0535449
0.34375 0.34375 -0.0386171
0.3125 0.3125 0.00339611
0.3125 0.28125 0.0306768
0.34375 0.28125 0.0158988
0.34375 0.3125 -0.0117197
0.3125 0.3125 0.00339611
0.3125 0.28125 0.0306768
0.3125 0.25 0.0581704
0.34375 0.25 0.0436744
0.34375 0.28125 0.0158988
0.3125 0.28125 0.0306768
0.34375 0.3125 -0.0117197
0.34375 0.28125 0.0158988
0.375 0.28125 0.00166447
0.375 0.3125 -0.0260842
0.34375 0.3125 -0.0117197
0.34375 0.28125 0.0158988
0.34375 0.25 0.0436744
0.375 0.25 0.0296193
0.375 0.28125 0.00166447
0.34375 0.28125 0.0158988
0.375 0.5 -0.136743
0.375 0.4375 -0.129373
0.4375 0.4375 -0.163791
0.4375 0.5 -0.185315
0.375 0.5 -0.136743
0.375 0.4375 -0.129373
0.375 0.40625 -0.106387
0.40625 0.40625 -0.122326
0.40625 0.4375 -0.147565
0.375 0.4375 -0.129373
0.375 0.40625 -0.106387
0.375 0.375 -0.0805348
0.40625 0.375 -0.0954148
0.40625 0.40625 -0.122326
0.375 0.40625 -0.106387
0.40625 0.4375 -0.147565
0.40625 0.40625 -0.122326
0.4375 0.40625 -0.137189
0.4375 0.4375 -0.163791
0.40625 0.4375 -0.147565
0.40625 0.40625 -0.122326
0.40625 0.375 -0.0954148
0.4375 0.375 -0.109691
0.4375 0.40625 -0.137189
0.40625 0.40625 -0.122326
0.4375 0.5 -0.185315
0.4375 0.4375 -0.163791
0.5 0.4375 -0.192475
0.5 0.5 -0.229325
0.4375 0.5 -0.185315
0.4375 0.4375 -0.163791
0.4375 0.375 -0.109691
0.5 0.375 -0.136356
0.5 0.4375 -0.192475
0.4375 0.4375 -0.163791
0.375 0.375 -0.0805348
0.375 0.34375 -0.0535449
0.40625 0.34375 -0.0679267
0.40625 0.375 -0.0954148
0.375 0.375 -0.0805348
0.375 0.34375 -0.0535449
0.375 0.3125 -0.0260842
0.40625 0.3125 -0.0401278
0.40625 0.34375 -0.0679267
0.375 0.34375 -0.0535449
0.40625 0.375 -0.0954148
0.40625 0.34375 -0.0679267
0.4375 0.34375 -0.0818436
0.4375 0.375 -0.109691
0.40625 0.375 -0.0954148
0.40625 0.34375 -0.0679267
0.40625 0.3125 -0.0401278
0.4375 0.3125 -0.0537972
0.4375 0.34375 -0.0818436
0.40625 0.34375 -0.0679267
0.375 0.3125 -0.0260842
0.375 0.28125 0.00166447
0.40625 0.28125 -0.0121964
0.40625 0.3125 -0.0401278
0.375 0.3125 -0.0260842
0.375 0.28125 0.00166447
0.375 0.25 0.0296193
0.40625 0.25 0.0159201
0.40625 0.28125 -0.0121964
0.375 0.28125 0.00166447
0.40625 0.3125 -0.0401278
0.40625 0.28125 -0.0121964
0.4375 0.28125 -0.0256536
0.4375 0.3125 -0.0537972
0.40625 0.3125 -0.0401278
0.40625 0.28125 -0.0121964
0.40625 0.25 0.0159201
0.4375 0.25 0.00260804
0.4375 0.28125 -0.0256536
0.40625 0.28125 -0.0121964
0.4375 0.375 -0.109691
0.4375 0.34375 -0.0818436
0.46875 0.34375 -0.0952312
0.46875 0.375 -0.123387
0.4375 0.375 -0.109691
0.4375 0.34375 -0.0818436
0.4375 0.3125 -0.0537972
0.46875 0.3125 -0.0669295
0.46875 0.34375 -0.0952312
0.4375 0.34375 -0.0818436
0.46875 0.375 -0.123387
0.46875 0.34375 -0.0952312
0.5 0.34375 -0.107845
0.5 0.375 -0.136356
0.46875 0.375 -0.123387
0.46875 0.34375 -0.0952312
0.46875 0.3125 -0.0669295
0.5 0.3125 -0.0791687
0.5 0.34375 -0.107845
0.46875 0.34375 -0.0952312
0.4375 0.3125 -0.0537972
0.4375 0.28125 -0.0256536
0.46875 0.28125 -0.0385086
0.46875 0.3125 -0.0669295
0.4375 0.3125 -0.0537972
0.4375 0.28125 -0.0256536
0.4375 0.25 0.00260804
0.46875 0.25 -0.00995661
0.46875 0.28125 -0.0385086
0.4375 0.28125 -0.0256536
0.46875 0.3125 -0.0669295
0.46875 0.28125 -0.0385086
0.5 0.28125 -0.0503169
0.5 0.3125 -0.0791687
0.46875 0.3125 -0.0669295
0.46875 0.28125 -0.0385086
0.46875 0.25 -0.00995661
0.5 0.25 -0.0212715
0.5 0.28125 -0.0503169
0.46875 0.28125 -0.0385086
0.25 0.25 0.0894904
0.25 0.21875 0.116164
0.28125 0.21875 0.100603
0.28125 0.25 0.0733292
0.25 0.25 0.0894904
0.25 0.21875 0.116164
0.25 0.1875 0.143209
0.28125 0.1875 0.128089
0.28125 0.21875 0.100603
0.25 0.21875 0.116164
0.28125 0.25 0.0733292
0.28125 0.21875 0.100603
0.3125 0.21875 0.085811
0.3125 0.25 0.0581704
0.28125 0.25 0.0733292
0.28125 0.21875 0.100603
0.28125 0.1875 0.128089
0.3125 0.1875 0.113564
0.3125 0.21875 0.085811
0.28125 0.21875 0.100603
0.25 0.1875 0.143209
0.25 0.125 0.19804
0.3125 0.125 0.169364
0.3125 0.1875 0.113564
0.25 0.1875 0.143209
0.3125 0.25 0.0581704
0.3125 0.21875 0.085811
0.34375 0.21875 0.0715398
0.34375 0.25 0.0436744
0.3125 0.25 0.0581704
0.3125 0.21875 0.085811
0.3125 0.1875 0.113564
0.34375 0.1875 0.0994932
0.34375 0.21875 0.0715398
0.3125 0.21875 0.085811
0.34375 0.25 0.0436744
0.34375 0.21875 0.0715398
0.375 0.21875 0.0576642
0.375 0.25 0.0296193
0.34375 0.25 0.0436744
0.34375 0.21875 0.0715398
0.34375 0.1875 0.0994932
0.375 0.1875 0.0858031
0.375 0.21875 0.0576642
0.34375 0.21875 0.0715398
0.3125 0.1875 0.113564
0.3125 0.15625 0.141418
0.34375 0.15625 0.127539
0.34375 0.1875 0.0994932
0.3125 0.1875 0.113564
0.3125 0.15625 0.141418
0.3125 0.125 0.169364
0.34375 0.125 0.155679
0.34375 0.15625 0.127539
0.3125 0.15625 0.141418
0.34375 0.1875 0.0994932
0.34375 0.15625 0.127539
0.375 0.15625 0.114042
0.375 0.1875 0.0858031
0.34375 0.1875 0.0994932
0.34375 0.15625 0.127539
0.34375 0.125 0.155679
0.375 0.125 0.14239
0.375 0.15625 0.114042
0.34375 0.15625 0.127539
0.25 0.125 0.19804
0.25 0.0625 0.253346
0.3125 0.0625 0.225569
0.3125 0.125 0.169364
0.25 0.125 0.19804
0.25 0.0625 0.253346
0.25 0 0.309309
0.3125 0 0.282469
0.3125 0.0625 0.225569
0.25 0.0625 0.253346
0.3125 0.125 0.169364
0.3125 0.0625 0.225569
0.375 0.0625 0.199546
0.375 0.125 0.14239
0.3125 0.125 0.169364
0.3125 0.0625 0.225569
0.3125 0 0.282469
0.375 0 0.257595
0.375 0.0625 0.199546
0.3125 0.0625 0.225569
0.375 0.25 0.0296193
0.375 0.21875 0.0576642
0.40625 0.21875 0.0441521
0.40625 0.25 0.0159201
0.375 0.25 0.0296193
0.375 0.21875 0.0576642
0.375 0.1875 0.0858031
0.40625 0.1875 0.0725054
0.40625 0.21875 0.0441521
0.375 0.21875 0.0576642
0.40625 0.25 0.0159201
0.40625 0.21875 0.0441521
0.4375 0.21875 0.0311123
0.4375 0.25 0.00260804
0.40625 0.25 0.0159201
0.40625 0.21875 0.0441521
0.40625 0.1875 0.0725054
0.4375 0.1875 0.0597916
0.4375 0.21875 0.0311123
0.40625 0.21875 0.0441521
0.375 0.1875 0.0858031
0.375 0.15625 0.114042
0.40625 0.15625 0.100992
0.40625 0.1875 0.0725054
0.375 0.1875 0.0858031
0.375 0.15625 0.114042
0.375 0.125 0.14239
0.40625 0.125 0.129622
0.40625 0.15625 0.100992
0.375 0.15625 0.114042
0.40625 0.1875 0.0725054
0.40625 0.15625 0.100992
0.4375 0.15625 0.0886513
0.4375 0.1875 0.0597916
0.40625 0.1875 0.0725054
0.40625 0.15625 0.100992
0.40625 0.125 0.129622
0.4375 0.125 0.117694
0.4375 0.15625 0.0886513
0.40625 0.15625 0.100992
0.4375 0.25 0.00260804
0.4375 0.21875 0.0311123
0.46875 0.21875 0.0189241
0.46875 0.25 -0.00995661
0.4375 0.25 0.00260804
0.4375 0.21875 0.0311123
0.4375 0.1875 0.0597916
0.46875 0.1875 0.0480905
0.46875 0.21875 0.0189241
0.4375 0.21875 0.0311123
0.46875 0.25 -0.00995661
0.46875 0.21875 0.0189241
0.5 0.21875 0.00808944
0.5 0.25 -0.0212715
0.46875 0.25 -0.00995661
0.46875 0.21875 0.0189241
0.46875 0.1875 0.0480905
0.5 0.1875 0.0379282
0.5 0.21875 0.00808944
0.46875 0.21875 0.0189241
0.4375 0.1875 0.0597916
0.4375 0.15625 0.0886513
0.46875 0.15625 0.0774769
0.46875 0.1875 0.0480905
0.4375 0.1875 0.0597916
0.4375 0.15625 0.0886513
0.4375 0.125 0.117694
0.46875 0.125 0.107058
0.46875 0.15625 0.0774769
0.4375 0.15625 0.0886513
0.46875 0.1875 0.0480905
0.46875 0.15625 0.0774769
0.5 0.15625 0.0679872
0.5 0.1875 0.0379282
0.46875 0.1875 0.0480905
0.46875 0.15625 0.0774769
0.46875 0.125 0.107058
0.5 0.125 0.0982186
0.5 0.15625 0.0679872
0.46875 0.15625 0.0774769
0.375 0.125 0.14239
0.375 0.0625 0.199546
0.4375 0.0625 0.17642
0.4375 0.125 0.117694
0.375 0.125 0.14239
0.375 0.0625 0.199546
0.375 0 0.257595
0.4375 0 0.236147
0.4375 0.0625 0.17642
0.375 0.0625 0.199546
0.4375 0.125 0.117694
0.4375 0.0625 0.17642
0.5 0.0625 0.15925
0.5 0.125 0.0982186
0.4375 0.125 0.117694
0.4375 0.0625 0.17642
0.4375 0 0.236147
0.5 0 0.220811
0.5 0.0625 0.15925
0.4375 0.0625 0.17642
0.5 1 0.221183
0.5 0.9375 0.159693
0.5625 0.9375 0.177418
0.5625 1 0.237061
0.5 1 0.221183
0.5 0.9375 0.159693
0.5 0.875 0.0983871
0.5625 0.875 0.118153
0.5625 0.9375 0.177418
0.5 0.9375 0.159693
0.5625 1 0.237061
0.5625 0.9375 0.177418
0.625 0.9375 0.200507
0.625 1 0.258585
0.5625 1 0.237061
0.5625 0.9375 0.177418
0.5625 0.875 0.118153
0.625 0.875 0.142808
0.625 0.9375 0.200507
0.5625 0.9375 0.177418
0.5 0.875 0.0983871
0.5 0.84375 0.0680122
0.53125 0.84375 0.0776548
0.53125 0.875 0.107401
0.5 0.875 0.0983871
0.5 0.84375 0.0680122
0.5 0.8125 0.0377997
0.53125 0.8125 0.048109
0.53125 0.84375 0.0776548
0.5 0.84375 0.0680122
0.53125 0.875 0.107401
0.53125 0.84375 0.0776548
0.5625 0.84375 0.0889371
0.5625 0.875 0.118153
0.53125 0.875 0.107401
0.53125 0.84375 0.0776548
0.53125 0.8125 0.048109
0.5625 0.8125 0.0599114
0.5625 0.84375 0.0889371
0.53125 0.84375 0.0776548
0.5 0.8125 0.0377997
0.5 0.78125 0.00777239
0.53125 0.78125 0.018775
0.53125 0.8125 0.048109
0.5 0.8125 0.0377997
0.5 0.78125 0.00777239
0.5 0.75 -0.0217178
0.53125 0.75 -0.0102222
0.53125 0.78125 0.018775
0.5 0.78125 0.00777239
0.53125 0.8125 0.048109
0.53125 0.78125 0.018775
0.5625 0.78125 0.0310773
0.5625 0.8125 0.0599114
0.53125 0.8125 0.048109
0.53125 0.78125 0.018775
0.53125 0.75 -0.0102222
0.5625 0.75 0.00242998
0.5625 0.78125 0.0310773
0.53125 0.78125 0.018775
0.5625 0.875 0.118153
0.5625 0.84375 0.0889371
0.59375 0.84375 0.101281
0.59375 0.875 0.130078
0.5625 0.875 0.118153
0.5625 0.84375 0.0889371
0.5625 0.8125 0.0599114
0.59375 0.8125 0.0726438
0.59375 0.84375 0.101281
0.5625 0.84375 0.0889371
0.59375 0.875 0.130078
0.59375 0.84375 0.101281
0.625 0.84375 0.114324
0.625 0.875 0.142808
0.59375 0.875 0.130078
0.59375 0.84375 0.101281
0.59375 0.8125 0.0726438
0.625 0.8125 0.0859768
0.625 0.84375 0.114324
0.59375 0.84375 0.101281
0.5625 0.8125 0.0599114
0.5625 0.78125 0.0310773
0.59375 0.78125 0.0441698
0.59375 0.8125 0.0726438
0.5625 0.8125 0.0599114
0.5625 0.78125 0.0310773
0.5625 0.75 0.00242998
0.59375 0.75 0.0158387
0.59375 0.78125 0.0441698
0.5625 0.78125 0.0310773
0.59375 0.8125 0.0726438
0.59375 0.78125 0.0441698
0.625 0.78125 0.0577568
0.625 0.8125 0.0859768
0.59375 0.8125 0.0726438
0.59375 0.78125 0.0441698
0.59375 0.75 0.0158387
0.625 0.75 0.0296593
0.625 0.78125 0.0577568
0.59375 0.78125 0.0441698
0.625 1 0.258585
0.625 0.9375 0.200507
0.6875 0.9375 0.226392
0.6875 1 0.283286
0.625 1 0.258585
0.625 0.9375 0.200507
0.625 0.875 0.142808
0.6875 0.875 0.169856
0.6875 0.9375 0.226392
0.625 0.9375 0.200507
0.6875 1 0.283286
0.6875 0.9375 0.226392
0.75 0.9375 0.254589
0.75 1 0.310342
0.6875 1 0.283286
0.6875 0.9375 0.226392
0.6875 0.875 0.169856
0.75 0.875 0.199192
0.75 0.9375 0.254589
0.6875 0.9375 0.226392
0.625 0.875 0.142808
0.625 0.84375 0.114324
0.65625 0.84375 0.127865
0.65625 0.875 0.156099
0.625 0.875 0.142808
0.625 0.84375 0.114324
0.625 0.8125 0.0859768
0.65625 0.8125 0.0997493
0.65625 0.84375 0.127865
0.625 0.84375 0.114324
0.65625 0.875 0.156099
0.65625 0.84375 0.127865
0.6875 0.84375 0.141854
0.6875 0.875 0.169856
0.65625 0.875 0.156099
0.65625 0.84375 0.127865
0.65625 0.8125 0.0997493
0.6875 0.8125 0.113964
0.6875 0.84375 0.141854
0.65625 0.84375 0.127865
0.625 0.8125 0.0859768
0.625 0.78125 0.0577568
0.65625 0.78125 0.0717517
0.65625 0.8125 0.0997493
0.625 0.8125 0.0859768
0.625 0.78125 0.0577568
0.625 0.75 0.0296593
0.65625 0.75 0.0438627
0.65625 0.78125 0.0717517
0.625 0.78125 0.0577568
0.65625 0.8125 0.0997493
0.65625 0.78125 0.0717517
0.6875 0.78125 0.0861907
0.6875 0.8125 0.113964
0.65625 0.8125 0.0997493
0.65625 0.78125 0.0717517
0.65625 0.75 0.0438627
0.6875 0.75 0.058534
0.6875 0.78125 0.0861907
0.65625 0.78125 0.0717517
0.6875 0.875 0.169856
0.6875 0.8125 0.113964
0.75 0.8125 0.144404
0.75 0.875 0.199192
0.6875 0.875 0.169856
0.6875 0.8125 0.113964
0.6875 0.78125 0.0861907
0.71875 0.78125 0.101287
0.71875 0.8125 0.12874
0.6875 0.8125 0.113964
0.6875 0.78125 0.0861907
0.6875 0.75 0.058534
0.71875 0.75 0.0740117
0.71875 0.78125 0.101287
0.6875 0.78125 0.0861907
0.71875 0.8125 0.12874
0.71875 0.78125 0.101287
0.75 0.78125 0.117449
0.75 0.8125 0.144404
0.71875 0.8125 0.12874
0.71875 0.78125 0.101287
0.71875 0.75 0.0740117
0.75 0.75 0.0909025
0.75 0.78125 0.117449
0.71875 0.78125 0.101287
0.5 0.75 -0.0217178
0.5 0.71875 -0.050879
0.53125 0.71875 -0.0388536
0.53125 0.75 -0.0102222
0.5 0.75 -0.0217178
0.5 0.71875 -0.050879
0.5 0.6875 -0.0798014
0.53125 0.6875 -0.0673261
0.53125 0.71875 -0.0388536
0.5 0.71875 -0.050879
0.53125 0.75 -0.0102222
0.53125 0.71875 -0.0388536
0.5625 0.71875 -0.02586
0.5625 0.75 0.00242998
0.53125 0.75 -0.0102222
0.53125 0.71875 -0.0388536
0.53125 0.6875 -0.0673261
0.5625 0.6875 -0.0540596
0.5625 0.71875 -0.02586
0.53125 0.71875 -0.0388536
0.5 0.6875 -0.0798014
0.5 0.65625 -0.108524
0.53125 0.65625 -0.0956722
0.53125 0.6875 -0.0673261
0.5 0.6875 -0.0798014
0.5 0.65625 -0.108524
0.5 0.625 -0.137067
0.53125 0.625 -0.123909
0.53125 0.65625 -0.0956722
0.5 0.65625 -0.108524
0.53125 0.6875 -0.0673261
0.53125 0.65625 -0.0956722
0.5625 0.65625 -0.0821677
0.5625 0.6875 -0.0540596
0.53125 0.6875 -0.0673261
0.53125 0.65625 -0.0956722
0.53125 0.625 -0.123909
0.5625 0.625 -0.110175
0.5625 0.65625 -0.0821677
0.53125 0.65625 -0.0956722
0.5625 0.75 0.00242998
0.5625 0.71875 -0.02586
0.59375 0.71875 -0.0122855
0.59375 0.75 0.0158387
0.5625 0.75 0.00242998
0.5625 0.71875 -0.02586
0.5625 0.6875 -0.0540596
0.59375 0.6875 -0.0402995
0.59375 0.71875 -0.0122855
0.5625 0.71875 -0.02586
0.59375 0.75 0.0158387
0.59375 0.71875 -0.0122855
0.625 0.71875 0.00167176
0.625 0.75 0.0296593
0.59375 0.75 0.0158387
0.59375 0.71875 -0.0122855
0.59375 0.6875 -0.0402995
0.625 0.6875 -0.0261413
0.625 0.71875 0.00167176
0.59375 0.71875 -0.0122855
0.5625 0.6875 -0.0540596
0.5625 0.65625 -0.0821677
0.59375 0.65625 -0.0682035
0.59375 0.6875 -0.0402995
0.5625 0.6875 -0.0540596
0.5625 0.65625 -0.0821677
0.5625 0.625 -0.110175
0.59375 0.625 -0.0959808
0.59375 0.65625 -0.0682035
0.5625 0.65625 -0.0821677
0.59375 0.6875 -0.0402995
0.59375 0.65625 -0.0682035
0.625 0.65625 -0.0538131
0.625 0.6875 -0.0261413
0.59375 0.6875 -0.0402995
0.59375 0.65625 -0.0682035
0.59375 0.625 -0.0959808
0.625 0.625 -0.081293
0.625 0.65625 -0.0538131
0.59375 0.65625 -0.0682035
0.5 0.625 -0.137067
0.5 0.5625 -0.193783
0.5625 0.5625 -0.16577
0.5625 0.625 -0.110175
0.5 0.625 -0.137067
0.5 0.5625 -0.193783
0.5 0.5 -0.229325
0.5625 0.5 -0.191371
0.5625 0.5625 -0.16577
0.5 0.5625 -0.193783
0.5625 0.625 -0.110175
0.5625 0.59375 -0.138061
0.59375 0.59375 -0.123585
0.59375 0.625 -0.0959808
0.5625 0.625 -0.110175
0.5625 0.59375 -0.138061
0.5625 0.5625 -0.16577
0.59375 0.5625 -0.150847
0.59375 0.59375 -0.123585
0.5625 0.59375 -0.138061
0.59375 0.625 -0.0959808
0.59375 0.59375 -0.123585
0.625 0.59375 -0.108432
0.625 0.625 -0.081293
0.59375 0.625 -0.0959808
0.59375 0.59375 -0.123585
0.59375 0.5625 -0.150847
0.625 0.5625 -0.134612
0.625 0.59375 -0.108432
0.59375 0.59375 -0.123585
0.5625 0.5625 -0.16577
0.5625 0.5 -0.191371
0.625 0.5 -0.135567
0.625 0.5625 -0.134612
0.5625 0.5625 -0.16577
0.625 0.75 0.0296593
0.625 0.71875 0.00167176
0.65625 0.71875 0.0160748
0.65625 0.75 0.0438627
0.625 0.75 0.0296593
0.625 0.71875 0.00167176
0.625 0.6875 -0.0261413
0.65625 0.6875 -0.0115348
0.65625 0.71875 0.0160748
0.625 0.71875 0.00167176
0.65625 0.75 0.0438627
0.65625 0.71875 0.0160748
0.6875 0.71875 0.0310045
0.6875 0.75 0.058534
0.65625 0.75 0.0438627
0.65625 0.71875 0.0160748
0.65625 0.6875 -0.0115348
0.6875 0.6875 0.00362262
0.6875 0.71875 0.0310045
0.65625 0.71875 0.0160748
0.625 0.6875 -0.0261413
0.625 0.65625 -0.0538131
0.65625 0.65625 -0.0388959
0.65625 0.6875 -0.0115348
0.625 0.6875 -0.0261413
0.625 0.65625 -0.0538131
0.625 0.625 -0.081293
0.65625 0.625 -0.0658645
0.65625 0.65625 -0.0388959
0.625 0.65625 -0.0538131
0.65625 0.6875 -0.0115348
0.65625 0.65625 -0.0388959
0.6875 0.65625 -0.0231693
0.6875 0.6875 0.00362262
0.65625 0.6875 -0.0115348
0.65625 0.65625 -0.0388959
0.65625 0.625 -0.0658645
0.6875 0.625 -0.0490445
0.6875 0.65625 -0.0231693
0.65625 0.65625 -0.0388959
0.6875 0.75 0.058534
0.6875 0.71875 0.0310045
0.71875 0.71875 0.0469826
0.71875 0.75 0.0740117
0.6875 0.75 0.058534
0.6875 0.71875 0.0310045
0.6875 0.6875 0.00362262
0.71875 0.6875 0.0202796
0.71875 0.71875 0.0469826
0.6875 0.71875 0.0310045
0.71875 0.75 0.0740117
0.71875 0.71875 0.0469826
0.75 0.71875 0.0647992
0.75 0.75 0.0909025
0.71875 0.75 0.0740117
0.71875 0.71875 0.0469826
0.71875 0.6875 0.0202796
0.75 0.6875 0.03945
0.75 0.71875 0.0647992
0.71875 0.71875 0.0469826
0.6875 0.6875 0.00362262
0.6875 0.65625 -0.0231693
0.71875 0.65625 -0.00569885
0.71875 0.6875 0.0202796
0.6875 0.6875 0.00362262
0.6875 0.65625 -0.0231693
0.6875 0.625 -0.0490445
0.71875 0.625 -0.0294951
0.71875 0.65625 -0.00569885
0.6875 0.65625 -0.0231693
0.71875 0.6875 0.0202796
0.71875 0.65625 -0.00569885
0.75 0.65625 0.0152263
0.75 0.6875 0.03945
0.71875 0.6875 0.0202796
0.71875 0.65625 -0.00569885
0.71875 0.625 -0.0294951
0.75 0.625 -0.00626586
0.75 0.65625 0.0152263
0.71875 0.65625 -0.00569885
0.625 0.625 -0.081293
0.625 0.59375 -0.108432
0.65625 0.59375 -0.091993
0.65625 0.625 -0.0658645
0.625 0.625 -0.081293
0.625 0.59375 -0.108432
0.625 0.5625 -0.134612
0.65625 0.5625 -0.115255
0.65625 0.59375 -0.091993
0.625 0.59375 -0.108432
0.65625 0.625 -0.0658645
0.65625 0.59375 -0.091993
0.6875 0.59375 -0.0728695
0.6875 0.625 -0.0490445
0.65625 0.625 -0.0658645
0.65625 0.59375 -0.091993
0.65625 0.5625 -0.115255
0.6875 0.5625 -0.090899
0.6875 0.59375 -0.0728695
0.65625 0.59375 -0.091993
0.625 0.5625 -0.134612
0.625 0.53125 -0.146443
0.65625 0.53125 -0.117383
0.65625 0.5625 -0.115255
0.625 0.5625 -0.134612
0.625 0.53125 -0.146443
0.625 0.5 -0.135567
0.65625 0.5 -0.10707
0.65625 0.53125 -0.117383
0.625 0.53125 -0.146443
0.65625 0.5625 -0.115255
0.65625 0.53125 -0.117383
0.6875 0.53125 -0.0881331
0.6875 0.5625 -0.090899
0.65625 0.5625 -0.115255
0.65625 0.53125 -0.117383
0.65625 0.5 -0.10707
0.6875 0.5 -0.0784248
0.6875 0.53125 -0.0881331
0.65625 0.53125 -0.117383
0.6875 0.625 -0.0490445
0.6875 0.59375 -0.0728695
0.71875 0.59375 -0.0498592
0.71875 0.625 -0.0294951
0.6875 0.625 -0.0490445
0.6875 0.59375 -0.0728695
0.6875 0.5625 -0.090899
0.71875 0.5625 -0.0625776
0.71875 0.59375 -0.0498592
0.6875 0.59375 -0.0728695
0.71875 0.625 -0.0294951
0.71875 0.59375 -0.0498592
0.75 0.59375 -0.0235872
0.75 0.625 -0.00626586
0.71875 0.625 -0.0294951
0.71875 0.59375 -0.0498592
0.71875 0.5625 -0.0625776
0.75 0.5625 -0.0323118
0.75 0.59375 -0.0235872
0.71875 0.59375 -0.0498592
0.6875 0.5625 -0.090899
0.6875 0.53125 -0.0881331
0.71875 0.53125 -0.0586899
0.71875 0.5625 -0.0625776
0.6875 0.5625 -0.090899
0.6875 0.53125 -0.0881331
0.6875 0.5 -0.0784248
0.71875 0.5 -0.0496364
0.71875 0.53125 -0.0586899
0.6875 0.53125 -0.0881331
0.71875 0.5625 -0.0625776
0.71875 0.53125 -0.0586899
0.75 0.53125 -0.0290531
0.75 0.5625 -0.0323118
0.71875 0.5625 -0.0625776
0.71875 0.53125 -0.0586899
0.71875 0.5 -0.0496364
0.75 0.5 -0.0207022
0.75 0.53125 -0.0290531
0.71875 0.53125 -0.0586899
0.75 1 0.310342
0.75 0.875 0.199192
0.875 0.875 0.270724
0.875 1 0.374138
0.75 1 0.310342
0.75 0.875 0.199192
0.75 0.8125 0.144404
0.8125 0.8125 0.180421
0.8125 0.875 0.232516
0.75 0.875 0.199192
0.75 0.8125 0.144404
0.75 0.75 0.0909025
0.8125 0.75 0.130469
0.8125 0.8125 0.180421
0.75 0.8125 0.144404
0.8125 0.875 0.232516
0.8125 0.8125 0.180421
0.875 0.8125 0.22225
0.875 0.875 0.270724
0.8125 0.875 0.232516
0.8125 0.8125 0.180421
0.8125 0.75 0.130469
0.875 0.75 0.177015
0.875 0.8125 0.22225
0.8125 0.8125 0.180421
0.875 1 0.374138
0.875 0.875 0.270724
1 0.875 0.368446
1 1 0.459625
0.875 1 0.374138
0.875 0.875 0.270724
0.875 0.75 0.177015
1 0.75 0.286103
1 0.875 0.368446
0.875 0.875 0.270724
0.75 0.75 0.0909025
0.75 0.71875 0.0647992
0.78125 0.71875 0.0849966
0.78125 0.75 0.109636
0.75 0.75 0.0909025
0.75 0.71875 0.0647992
0.75 0.6875 0.03945
0.78125 0.6875 0.0615371
0.78125 0.71875 0.0849966
0.75 0.71875 0.0647992
0.78125 0.75 0.109636
0.78125 0.71875 0.0849966
0.8125 0.71875 0.107401
0.8125 0.75 0.130469
0.78125 0.75 0.109636
0.78125 0.71875 0.0849966
0.78125 0.6875 0.0615371
0.8125 0.6875 0.0858366
0.8125 0.71875 0.107401
0.78125 0.71875 0.0849966
0.75 0.6875 0.03945
0.75 0.65625 0.0152263
0.78125 0.65625 0.0397654
0.78125 0.6875 0.0615371
0.75 0.6875 0.03945
0.75 0.65625 0.0152263
0.75 0.625 -0.00626586
0.78125 0.625 0.0204739
0.78125 0.65625 0.0397654
0.75 0.65625 0.0152263
0.78125 0.6875 0.0615371
0.78125 0.65625 0.0397654
0.8125 0.65625 0.0662327
0.8125 0.6875 0.0858366
0.78125 0.6875 0.0615371
0.78125 0.65625 0.0397654
0.78125 0.625 0.0204739
0.8125 0.625 0.0493004
0.8125 0.65625 0.0662327
0.78125 0.65625 0.0397654
0.8125 0.75 0.130469
0.8125 0.71875 0.107401
0.84375 0.71875 0.131597
0.84375 0.75 0.15314
0.8125 0.75 0.130469
0.8125 0.71875 0.107401
0.8125 0.6875 0.0858366
0.84375 0.6875 0.111728
0.84375 0.71875 0.131597
0.8125 0.71875 0.107401
0.84375 0.75 0.15314
0.84375 0.71875 0.131597
0.875 0.71875 0.156874
0.875 0.75 0.177015
0.84375 0.75 0.15314
0.84375 0.71875 0.131597
0.84375 0.6875 0.111728
0.875 0.6875 0.138511
0.875 0.71875 0.156874
0.84375 0.71875 0.131597
0.8125 0.6875 0.0858366
0.8125 0.65625 0.0662327
0.84375 0.65625 0.0939322
0.84375 0.6875 0.111728
0.8125 0.6875 0.0858366
0.8125 0.65625 0.0662327
0.8125 0.625 0.0493004
0.84375 0.625 0.0788053
0.84375 0.65625 0.0939322
0.8125 0.65625 0.0662327
0.84375 0.6875 0.111728
0.84375 0.65625 0.0939322
0.875 0.65625 0.12226
0.875 0.6875 0.138511
0.84375 0.6875 0.111728
0.84375 0.65625 0.0939322
0.84375 0.625 0.0788053
0.875 0.625 0.108611
0.875 0.65625 0.12226
0.84375 0.65625 0.0939322
0.75 0.625 -0.00626586
0.75 0.59375 -0.0235872
0.78125 0.59375 0.00506808
0.78125 0.625 0.0204739
0.75 0.625 -0.00626586
0.75 0.59375 -0.0235872
0.75 0.5625 -0.0323118
0.78125 0.5625 -0.00143021
0.78125 0.59375 0.00506808
0.75 0.59375 -0.0235872
0.78125 0.625 0.0204739
0.78125 0.59375 0.00506808
0.8125 0.59375 0.0361704
0.8125 0.625 0.0493004
0.78125 0.625 0.0204739
0.78125 0.59375 0.00506808
0.78125 0.5625 -0.00143021
0.8125 0.5625 0.0298017
0.8125 0.59375 0.0361704
0.78125 0.59375 0.00506808
0.75 0.5625 -0.0323118
0.75 0.53125 -0.0290531
0.78125 0.53125 0.000827242
0.78125 0.5625 -0.00143021
0.75 0.5625 -0.0323118
0.75 0.53125 -0.0290531
0.75 0.5 -0.0207022
0.78125 0.5 0.00865048
0.78125 0.53125 0.000827242
0.75 0.53125 -0.0290531
0.78125 0.5625 -0.00143021
0.78125 0.53125 0.000827242
0.8125 0.53125 0.0317263
0.8125 0.5625 0.0298017
0.78125 0.5625 -0.00143021
0.78125 0.53125 0.000827242
0.78125 0.5 0.00865048
0.8125 0.5 0.0386723
0.8125 0.53125 0.0317263
0.78125 0.53125 0.000827242
0.8125 0.625 0.0493004
0.8125 0.59375 0.0361704
0.84375 0.59375 0.067232
0.84375 0.625 0.0788053
0.8125 0.625 0.0493004
0.8125 0.59375 0.0361704
0.8125 0.5625 0.0298017
0.84375 0.5625 0.061051
0.84375 0.59375 0.067232
0.8125 0.59375 0.0361704
0.84375 0.625 0.0788053
0.84375 0.59375 0.067232
0.875 0.59375 0.0982353
0.875 0.625 0.108611
0.84375 0.625 0.0788053
0.84375 0.59375 0.067232
0.84375 0.5625 0.061051
0.875 0.5625 0.092298
0.875 0.59375 0.0982353
0.84375 0.59375 0.067232
0.8125 0.5625 0.0298017
0.8125 0.53125 0.0317263
0.84375 0.53125 0.0626942
0.84375 0.5625 0.061051
0.8125 0.5625 0.0298017
0.8125 0.53125 0.0317263
0.8125 0.5 0.0386723
0.84375 0.5 0.0689004
0.84375 0.53125 0.0626942
0.8125 0.53125 0.0317263
0.84375 0.5625 0.061051
0.84375 0.53125 0.0626942
0.875 0.53125 0.0937528
0.875 0.5625 0.092298
0.84375 0.5625 0.061051
0.84375 0.53125 0.0626942
0.84375 0.5 0.0689004
0.875 0.5 0.0992791
0.875 0.53125 0.0937528
0.84375 0.53125 0.0626942
0.875 0.75 0.177015
0.875 0.6875 0.138511
0.9375 0.6875 0.196148
0.9375 0.75 0.22994
0.875 0.75 0.177015
0.875 0.6875 0.138511
0.875 0.625 0.108611
0.9375 0.625 0.170204
0.9375 0.6875 0.196148
0.875 0.6875 0.138511
0.9375 0.75 0.22994
0.9375 0.6875 0.196148
1 0.6875 0.255337
1 0.75 0.286103
0.9375 0.75 0.22994
0.9375 0.6875 0.196148
0.9375 0.625 0.170204
1 0.625 0.231836
1 0.6875 0.255337
0.9375 0.6875 0.196148
0.875 0.625 0.108611
0.875 0.5625 0.092298
0.9375 0.5625 0.154794
0.9375 0.625 0.170204
0.875 0.625 0.108611
0.875 0.5625 0.092298
0.875 0.5 0.0992791
0.9375 0.5 0.16056
0.9375 0.5625 0.154794
0.875 0.5625 0.092298
0.9375 0.625 0.170204
0.9375 0.5625 0.154794
1 0.5625 0.2173
1 0.625 0.231836
0.9375 0.625 0.170204
0.9375 0.5625 0.154794
0.9375 0.5 0.16056
1 0.5 0.222295
1 0.5625 0.2173
0.9375 0.5625 0.154794
0.5 0.5 -0.229325
0.5 0.4375 -0.192475
0.5625 0.4375 -0.164189
0.5625 0.5 -0.191371
0.5 0.5 -0.229325
0.5 0.4375 -0.192475
0.5 0.375 -0.136356
0.5625 0.375 -0.131599
0.5625 0.4375 -0.164189
0.5 0.4375 -0.192475
0.5625 0.5 -0.191371
0.5625 0.4375 -0.164189
0.625 0.4375 -0.109553
0.625 0.5 -0.135567
0.5625 0.5 -0.191371
0.5625 0.4375 -0.164189
0.5625 0.40625 -0.148708
0.59375 0.40625 -0.122605
0.59375 0.4375 -0.137131
0.5625 0.4375 -0.164189
0.5625 0.40625 -0.148708
0.5625 0.375 -0.131599
0.59375 0.375 -0.107187
0.59375 0.40625 -0.122605
0.5625 0.40625 -0.148708
0.59375 0.4375 -0.137131
0.59375 0.40625 -0.122605
0.625 0.40625 -0.0954633
0.625 0.4375 -0.109553
0.59375 0.4375 -0.137131
0.59375 0.40625 -0.122605
0.59375 0.375 -0.107187
0.625 0.375 -0.0808139
0.625 0.40625 -0.0954633
0.59375 0.40625 -0.122605
0.5 0.375 -0.136356
0.5 0.34375 -0.107845
0.53125 0.34375 -0.119107
0.53125 0.375 -0.147639
0.5 0.375 -0.136356
0.5 0.34375 -0.107845
0.5 0.3125 -0.0791687
0.53125 0.3125 -0.089829
0.53125 0.34375 -0.119107
0.5 0.34375 -0.107845
0.53125 0.375 -0.147639
0.53125 0.34375 -0.119107
0.5625 0.34375 -0.112079
0.5625 0.375 -0.131599
0.53125 0.375 -0.147639
0.53125 0.34375 -0.119107
0.53125 0.3125 -0.089829
0.5625 0.3125 -0.0895146
0.5625 0.34375 -0.112079
0.53125 0.34375 -0.119107
0.5 0.3125 -0.0791687
0.5 0.28125 -0.0503169
0.53125 0.28125 -0.0603024
0.53125 0.3125 -0.089829
0.5 0.3125 -0.0791687
0.5 0.28125 -0.0503169
0.5 0.25 -0.0212715
0.53125 0.25 -0.0305213
0.53125 0.28125 -0.0603024
0.5 0.28125 -0.0503169
0.53125 0.3125 -0.089829
0.53125 0.28125 -0.0603024
0.5625 0.28125 -0.0636283
0.5625 0.3125 -0.0895146
0.53125 0.3125 -0.089829
0.53125 0.28125 -0.0603024
0.53125 0.25 -0.0305213
0.5625 0.25 -0.0347997
0.5625 0.28125 -0.0636283
0.53125 0.28125 -0.0603024
0.5625 0.375 -0.131599
0.5625 0.34375 -0.112079
0.59375 0.34375 -0.0904653
0.59375 0.375 -0.107187
0.5625 0.375 -0.131599
0.5625 0.34375 -0.112079
0.5625 0.3125 -0.0895146
0.59375 0.3125 -0.0717989
0.59375 0.34375 -0.0904653
0.5625 0.34375 -0.112079
0.59375 0.375 -0.107187
0.59375 0.34375 -0.0904653
0.625 0.34375 -0.0654134
0.625 0.375 -0.0808139
0.59375 0.375 -0.107187
0.59375 0.34375 -0.0904653
0.59375 0.3125 -0.0717989
0.625 0.3125 -0.0488849
0.625 0.34375 -0.0654134
0.59375 0.34375 -0.0904653
0.5625 0.3125 -0.0895146
0.5625 0.28125 -0.0636283
0.59375 0.28125 -0.0505706
0.59375 0.3125 -0.0717989
0.5625 0.3125 -0.0895146
0.5625 0.28125 -0.0636283
0.5625 0.25 -0.0347997
0.59375 0.25 -0.0264141
0.59375 0.28125 -0.0505706
0.5625 0.28125 -0.0636283
0.59375 0.3125 -0.0717989
0.59375 0.28125 -0.0505706
0.625 0.28125 -0.030646
0.625 0.3125 -0.0488849
0.59375 0.3125 -0.0717989
0.59375 0.28125 -0.0505706
0.59375 0.25 -0.0264141
0.625 0.25 -0.00995688
0.625 0.28125 -0.030646
0.59375 0.28125 -0.0505706
0.625 0.5 -0.135567
0.625 0.46875 -0.123003
0.65625 0.46875 -0.0948835
0.65625 0.5 -0.10707
0.625 0.5 -0.135567
0.625 0.46875 -0.123003
0.625 0.4375 -0.109553
0.65625 0.4375 -0.0817267
0.65625 0.46875 -0.0948835
0.625 0.46875 -0.123003
0.65625 0.5 -0.10707
0.65625 0.46875 -0.0948835
0.6875 0.46875 -0.0666396
0.6875 0.5 -0.0784248
0.65625 0.5 -0.10707
0.65625 0.46875 -0.0948835
0.65625 0.4375 -0.0817267
0.6875 0.4375 -0.0537513
0.6875 0.46875 -0.0666396
0.65625 0.46875 -0.0948835
0.625 0.4375 -0.109553
0.625 0.40625 -0.0954633
0.65625 0.40625 -0.067901
0.65625 0.4375 -0.0817267
0.625 0.4375 -0.109553
0.625 0.40625 -0.0954633
0.625 0.375 -0.0808139
0.65625 0.375 -0.0536538
0.65625 0.40625 -0.067901
0.625 0.40625 -0.0954633
0.65625 0.4375 -0.0817267
0.65625 0.40625 -0.067901
0.6875 0.40625 -0.0401243
0.6875 0.4375 -0.0537513
0.65625 0.4375 -0.0817267
0.65625 0.40625 -0.067901
0.65625 0.375 -0.0536538
0.6875 0.375 -0.0261304
0.6875 0.40625 -0.0401243
0.65625 0.40625 -0.067901
0.6875 0.5 -0.0784248
0.6875 0.46875 -0.0666396
0.71875 0.46875 -0.0382902
0.71875 0.5 -0.0496364
0.6875 0.5 -0.0784248
0.6875 0.46875 -0.0666396
0.6875 0.4375 -0.0537513
0.71875 0.4375 -0.0256662
0.71875 0.46875 -0.0382902
0.6875 0.46875 -0.0666396
0.71875 0.5 -0.0496364
0.71875 0.46875 -0.0382902
0.75 0.46875 -0.00984282
0.75 0.5 -0.0207022
0.71875 0.5 -0.0496364
0.71875 0.46875 -0.0382902
0.71875 0.4375 -0.0256662
0.75 0.4375 0.00252392
0.75 0.46875 -0.00984282
0.71875 0.46875 -0.0382902
0.6875 0.4375 -0.0537513
0.6875 0.40625 -0.0401243
0.71875 0.40625 -0.0122034
0.71875 0.4375 -0.0256662
0.6875 0.4375 -0.0537513
0.6875 0.40625 -0.0401243
0.6875 0.375 -0.0261304
0.71875 0.375 0.00160181
0.71875 0.40625 -0.0122034
0.6875 0.40625 -0.0401243
0.71875 0.4375 -0.0256662
0.71875 0.40625 -0.0122034
0.75 0.40625 0.0158735
0.75 0.4375 0.00252392
0.71875 0.4375 -0.0256662
0.71875 0.40625 -0.0122034
0.71875 0.375 0.00160181
0.75 0.375 0.0295665
0.75 0.40625 0.0158735
0.71875 0.40625 -0.0122034
0.625 0.375 -0.0808139
0.625 0.34375 -0.0654134
0.65625 0.34375 -0.0389096
0.65625 0.375 -0.0536538
0.625 0.375 -0.0808139
0.625 0.34375 -0.0654134
0.625 0.3125 -0.0488849
0.65625 0.3125 -0.0235003
0.65625 0.34375 -0.0389096
0.625 0.34375 -0.0654134
0.65625 0.375 -0.0536538
0.65625 0.34375 -0.0389096
0.6875 0.34375 -0.0117236
0.6875 0.375 -0.0261304
0.65625 0.375 -0.0536538
0.65625 0.34375 -0.0389096
0.65625 0.3125 -0.0235003
0.6875 0.3125 0.00316741
0.6875 0.34375 -0.0117236
0.65625 0.34375 -0.0389096
0.625 0.3125 -0.0488849
0.625 0.28125 -0.030646
0.65625 0.28125 -0.00709243
0.65625 0.3125 -0.0235003
0.625 0.3125 -0.0488849
0.625 0.28125 -0.030646
0.625 0.25 -0.00995688
0.65625 0.25 0.0118728
0.65625 0.28125 -0.00709243
0.625 0.28125 -0.030646
0.65625 0.3125 -0.0235003
0.65625 0.28125 -0.00709243
0.6875 0.28125 0.0190105
0.6875 0.3125 0.00316741
0.65625 0.3125 -0.0235003
0.65625 0.28125 -0.00709243
0.65625 0.25 0.0118728
0.6875 0.25 0.036553
0.6875 0.28125 0.0190105
0.65625 0.28125 -0.00709243
0.6875 0.375 -0.0261304
0.6875 0.34375 -0.0117236
0.71875 0.34375 0.0158424
0.71875 0.375 0.00160181
0.6875 0.375 -0.0261304
0.6875 0.34375 -0.0117236
0.6875 0.3125 0.00316741
0.71875 0.3125 0.0305415
0.71875 0.34375 0.0158424
0.6875 0.34375 -0.0117236
0.71875 0.375 0.00160181
0.71875 0.34375 0.0158424
0.75 0.34375 0.0436174
0.75 0.375 0.0295665
0.71875 0.375 0.00160181
0.71875 0.34375 0.0158424
0.71875 0.3125 0.0305415
0.75 0.3125 0.0580747
0.75 0.34375 0.0436174
0.71875 0.34375 0.0158424
0.6875 0.3125 0.00316741
0.6875 0.28125 0.0190105
0.71875 0.28125 0.0458979
0.71875 0.3125 0.0305415
0.6875 0.3125 0.00316741
0.6875 0.28125 0.0190105
0.6875 0.25 0.036553
0.71875 0.25 0.062401
0.71875 0.28125 0.0458979
0.6875 0.28125 0.0190105
0.71875 0.3125 0.0305415
0.71875 0.28125 0.0458979
0.75 0.28125 0.0730672
0.75 0.3125 0.0580747
0.71875 0.3125 0.0305415
0.71875 0.28125 0.0458979
0.71875 0.25 0.062401
0.75 0.25 0.0888946
0.75 0.28125 0.0730672
0.71875 0.28125 0.0458979
0.5 0.25 -0.0212715
0.5 0.21875 0.00808944
0.53125 0.21875 -0.000493935
0.53125 0.25 -0.0305213
0.5 0.25 -0.0212715
0.5 0.21875 0.00808944
0.5 0.1875 0.0379282
0.53125 0.1875 0.0302254
0.53125 0.21875 -0.000493935
0.5 0.21875 0.00808944
0.53125 0.25 -0.0305213
0.53125 0.21875 -0.000493935
0.5625 0.21875 -0.00416359
0.5625 0.25 -0.0347997
0.53125 0.25 -0.0305213
0.53125 0.21875 -0.000493935
0.53125 0.1875 0.0302254
0.5625 0.1875 0.0270823
0.5625 0.21875 -0.00416359
0.53125 0.21875 -0.000493935
0.5 0.1875 0.0379282
0.5 0.15625 0.0679872
0.53125 0.15625 0.0610489
0.53125 0.1875 0.0302254
0.5 0.1875 0.0379282
0.5 0.15625 0.0679872
0.5 0.125 0.0982186
0.53125 0.125 0.0920037
0.53125 0.15625 0.0610489
0.5 0.15625 0.0679872
0.53125 0.1875 0.0302254
0.53125 0.15625 0.0610489
0.5625 0.15625 0.0583313
0.5625 0.1875 0.0270823
0.53125 0.1875 0.0302254
0.53125 0.15625 0.0610489
0.53125 0.125 0.0920037
0.5625 0.125 0.0895794
0.5625 0.15625 0.0583313
0.53125 0.15625 0.0610489
0.5625 0.25 -0.0347997
0.5625 0.21875 -0.00416359
0.59375 0.21875 0.000378027
0.59375 0.25 -0.0264141
0.5625 0.25 -0.0347997
0.5625 0.21875 -0.00416359
0.5625 0.1875 0.0270823
0.59375 0.1875 0.0307061
0.59375 0.21875 0.000378027
0.5625 0.21875 -0.00416359
0.59375 0.25 -0.0264141
0.59375 0.21875 0.000378027
0.625 0.21875 0.0146895
0.625 0.25 -0.00995688
0.59375 0.25 -0.0264141
0.59375 0.21875 0.000378027
0.59375 0.1875 0.0307061
0.625 0.1875 0.0421028
0.625 0.21875 0.0146895
0.59375 0.21875 0.000378027
0.5625 0.1875 0.0270823
0.5625 0.15625 0.0583313
0.59375 0.15625 0.0612868
0.59375 0.1875 0.0307061
0.5625 0.1875 0.0270823
0.5625 0.15625 0.0583313
0.5625 0.125 0.0895794
0.59375 0.125 0.0921265
0.59375 0.15625 0.0612868
0.5625 0.15625 0.0583313
0.59375 0.1875 0.0307061
0.59375 0.15625 0.0612868
0.625 0.15625 0.0706925
0.625 0.1875 0.0421028
0.59375 0.1875 0.0307061
0.59375 0.15625 0.0612868
0.59375 0.125 0.0921265
0.625 0.125 0.0999795
0.625 0.15625 0.0706925
0.59375 0.15625 0.0612868
0.5 0.125 0.0982186
0.5 0.0625 0.15925
0.5625 0.0625 0.152077
0.5625 0.125 0.0895794
0.5 0.125 0.0982186
0.5 0.0625 0.15925
0.5 0 0.220811
0.5625 0 0.214583
0.5625 0.0625 0.152077
0.5 0.0625 0.15925
0.5625 0.125 0.0895794
0.5625 0.0625 0.152077
0.625 0.0625 0.160024
0.625 0.125 0.0999795
0.5625 0.125 0.0895794
0.5625 0.0625 0.152077
0.5625 0 0.214583
0.625 0 0.221178
0.625 0.0625 0.160024
0.5625 0.0625 0.152077
0.625 0.25 -0.00995688
0.625 0.21875 0.0146895
0.65625 0.21875 0.0338704
0.65625 0.25 0.0118728
0.625 0.25 -0.00995688
0.625 0.21875 0.0146895
0.625 0.1875 0.0421028
0.65625 0.1875 0.0585529
0.65625 0.21875 0.0338704
0.625 0.21875 0.0146895
0.65625 0.25 0.0118728
0.65625 0.21875 0.0338704
0.6875 0.21875 0.0562662
0.6875 0.25 0.036553
0.65625 0.25 0.0118728
0.65625 0.21875 0.0338704
0.65625 0.1875 0.0585529
0.6875 0.1875 0.0784788
0.6875 0.21875 0.0562662
0.65625 0.21875 0.0338704
0.625 0.1875 0.0421028
0.625 0.15625 0.0706925
0.65625 0.15625 0.0848049
0.65625 0.1875 0.0585529
0.625 0.1875 0.0421028
0.625 0.15625 0.0706925
0.625 0.125 0.0999795
0.65625 0.125 0.112269
0.65625 0.15625 0.0848049
0.625 0.15625 0.0706925
0.65625 0.1875 0.0585529
0.65625 0.15625 0.0848049
0.6875 0.15625 0.102502
0.6875 0.1875 0.0784788
0.65625 0.1875 0.0585529
0.65625 0.15625 0.0848049
0.65625 0.125 0.112269
0.6875 0.125 0.127997
0.6875 0.15625 0.102502
0.65625 0.15625 0.0848049
0.6875 0.25 0.036553
0.6875 0.21875 0.0562662
0.71875 0.21875 0.0805249
0.71875 0.25 0.062401
0.6875 0.25 0.036553
0.6875 0.21875 0.0562662
0.6875 0.1875 0.0784788
0.71875 0.1875 0.100671
0.71875 0.21875 0.0805249
0.6875 0.21875 0.0562662
0.71875 0.25 0.062401
0.71875 0.21875 0.0805249
0.75 0.21875 0.105977
0.75 0.25 0.0888946
0.71875 0.25 0.062401
0.71875 0.21875 0.0805249
0.71875 0.1875 0.100671
0.75 0.1875 0.124596
0.75 0.21875 0.105977
0.71875 0.21875 0.0805249
0.6875 0.1875 0.0784788
0.6875 0.15625 0.102502
0.71875 0.15625 0.122624
0.71875 0.1875 0.100671
0.6875 0.1875 0.0784788
0.6875 0.15625 0.102502
0.6875 0.125 0.127997
0.71875 0.125 0.146337
0.71875 0.15625 0.122624
0.6875 0.15625 0.102502
0.71875 0.1875 0.100671
0.71875 0.15625 0.122624
0.75 0.15625 0.144877
0.75 0.1875 0.124596
0.71875 0.1875 0.100671
0.71875 0.15625 0.122624
0.71875 0.125 0.146337
0.75 0.125 0.166896
0.75 0.15625 0.144877
0.71875 0.15625 0.122624
0.625 0.125 0.0999795
0.625 0.0625 0.160024
0.6875 0.0625 0.182356
0.6875 0.125 0.127997
0.625 0.125 0.0999795
0.625 0.0625 0.160024
0.625 0 0.221178
0.6875 0 0.240197
0.6875 0.0625 0.182356
0.625 0.0625 0.160024
0.6875 0.125 0.127997
0.6875 0.0625 0.182356
0.75 0.0625 0.21487
0.75 0.125 0.166896
0.6875 0.125 0.127997
0.6875 0.0625 0.182356
0.6875 0 0.240197
0.75 0 0.268412
0.75 0.0625 0.21487
0.6875 0.0625 0.182356
0.75 0.5 -0.0207022
0.75 0.46875 -0.00984282
0.78125 0.46875 0.0190655
0.78125 0.5 0.00865048
0.75 0.5 -0.0207022
0.75 0.46875 -0.00984282
0.75 0.4375 0.00252392
0.78125 0.4375 0.0310602
0.78125 0.46875 0.0190655
0.75 0.46875 -0.00984282
0.78125 0.5 0.00865048
0.78125 0.46875 0.0190655
0.8125 0.46875 0.0483612
0.8125 0.5 0.0386723
0.78125 0.5 0.00865048
0.78125 0.46875 0.0190655
0.78125 0.4375 0.0310602
0.8125 0.4375 0.059795
0.8125 0.46875 0.0483612
0.78125 0.46875 0.0190655
0.75 0.4375 0.00252392
0.75 0.40625 0.0158735
0.78125 0.40625 0.0440948
0.78125 0.4375 0.0310602
0.75 0.4375 0.00252392
0.75 0.40625 0.0158735
0.75 0.375 0.0295665
0.78125 0.375 0.0576138
0.78125 0.40625 0.0440948
0.75 0.40625 0.0158735
0.78125 0.4375 0.0310602
0.78125 0.40625 0.0440948
0.8125 0.40625 0.0724523
0.8125 0.4375 0.059795
0.78125 0.4375 0.0310602
0.78125 0.40625 0.0440948
0.78125 0.375 0.0576138
0.8125 0.375 0.0857525
0.8125 0.40625 0.0724523
0.78125 0.40625 0.0440948
0.8125 0.5 0.0386723
0.8125 0.46875 0.0483612
0.84375 0.46875 0.0778866
0.84375 0.5 0.0689004
0.8125 0.5 0.0386723
0.8125 0.46875 0.0483612
0.8125 0.4375 0.059795
0.84375 0.4375 0.088731
0.84375 0.46875 0.0778866
0.8125 0.46875 0.0483612
0.84375 0.5 0.0689004
0.84375 0.46875 0.0778866
0.875 0.46875 0.107603
0.875 0.5 0.0992791
0.84375 0.5 0.0689004
0.84375 0.46875 0.0778866
0.84375 0.4375 0.088731
0.875 0.4375 0.117864
0.875 0.46875 0.107603
0.84375 0.46875 0.0778866
0.8125 0.4375 0.059795
0.8125 0.40625 0.0724523
0.84375 0.40625 0.100957
0.84375 0.4375 0.088731
0.8125 0.4375 0.059795
0.8125 0.40625 0.0724523
0.8125 0.375 0.0857525
0.84375 0.375 0.113993
0.84375 0.40625 0.100957
0.8125 0.40625 0.0724523
0.84375 0.4375 0.088731
0.84375 0.40625 0.100957
0.875 0.40625 0.129621
0.875 0.4375 0.117864
0.84375 0.4375 0.088731
0.84375 0.40625 0.100957
0.84375 0.375 0.113993
0.875 0.375 0.142346
0.875 0.40625 0.129621
0.84375 0.40625 0.100957
0.75 0.375 0.0295665
0.75 0.34375 0.0436174
0.78125 0.34375 0.0714871
0.78125 0.375 0.0576138
0.75 0.375 0.0295665
0.75 0.34375 0.0436174
0.75 0.3125 0.0580747
0.78125 0.3125 0.0857364
0.78125 0.34375 0.0714871
0.75 0.34375 0.0436174
0.78125 0.375 0.0576138
0.78125 0.34375 0.0714871
0.8125 0.34375 0.0994433
0.8125 0.375 0.0857525
0.78125 0.375 0.0576138
0.78125 0.34375 0.0714871
0.78125 0.3125 0.0857364
0.8125 0.3125 0.113502
0.8125 0.34375 0.0994433
0.78125 0.34375 0.0714871
0.75 0.3125 0.0580747
0.75 0.28125 0.0730672
0.78125 0.28125 0.100435
0.78125 0.3125 0.0857364
0.75 0.3125 0.0580747
0.75 0.28125 0.0730672
0.75 0.25 0.0888946
0.78125 0.25 0.115777
0.78125 0.28125 0.100435
0.75 0.28125 0.0730672
0.78125 0.3125 0.0857364
0.78125 0.28125 0.100435
0.8125 0.28125 0.12797
0.8125 0.3125 0.113502
0.78125 0.3125 0.0857364
0.78125 0.28125 0.100435
0.78125 0.25 0.115777
0.8125 0.25 0.14295
0.8125 0.28125 0.12797
0.78125 0.28125 0.100435
0.8125 0.375 0.0857525
0.8125 0.34375 0.0994433
0.84375 0.34375 0.12749
0.84375 0.375 0.113993
0.8125 0.375 0.0857525
0.8125 0.34375 0.0994433
0.8125 0.3125 0.113502
0.84375 0.3125 0.141362
0.84375 0.34375 0.12749
0.8125 0.34375 0.0994433
0.84375 0.375 0.113993
0.84375 0.34375 0.12749
0.875 0.34375 0.15563
0.875 0.375 0.142346
0.84375 0.375 0.113993
0.84375 0.34375 0.12749
0.84375 0.3125 0.141362
0.875 0.3125 0.169311
0.875 0.34375 0.15563
0.84375 0.34375 0.12749
0.8125 0.3125 0.113502
0.8125 0.25 0.14295
0.875 0.25 0.19789
0.875 0.3125 0.169311
0.8125 0.3125 0.113502
0.875 0.5 0.0992791
0.875 0.4375 0.117864
0.9375 0.4375 0.176787
0.9375 0.5 0.16056
0.875 0.5 0.0992791
0.875 0.4375 0.117864
0.875 0.375 0.142346
0.9375 0.375 0.199555
0.9375 0.4375 0.176787
0.875 0.4375 0.117864
0.9375 0.5 0.16056
0.9375 0.4375 0.176787
1 0.4375 0.236715
1 0.5 0.222295
0.9375 0.5 0.16056
0.9375 0.4375 0.176787
0.9375 0.375 0.199555
1 0.375 0.257712
1 0.4375 0.236715
0.9375 0.4375 0.176787
0.875 0.375 0.142346
0.875 0.3125 0.169311
0.9375 0.3125 0.225531
0.9375 0.375 0.199555
0.875 0.375 0.142346
0.875 0.3125 0.169311
0.875 0.25 0.19789
0.9375 0.25 0.253252
0.9375 0.3125 0.225531
0.875 0.3125 0.169311
0.9375 0.375 0.199555
0.9375 0.3125 0.225531
1 0.3125 0.28247
1 0.375 0.257712
0.9375 0.375 0.199555
0.9375 0.3125 0.225531
0.9375 0.25 0.253252
1 0.25 0.309239
1 0.3125 0.28247
0.9375 0.3125 0.225531
0.75 0.25 0.0888946
0.75 0.1875 0.124596
0.8125 0.1875 0.175616
0.8125 0.25 0.14295
0.75 0.25 0.0888946
0.75 0.1875 0.124596
0.75 0.125 0.166896
0.8125 0.125 0.213085
0.8125 0.1875 0.175616
0.75 0.1875 0.124596
0.8125 0.25 0.14295
0.8125 0.1875 0.175616
0.875 0.1875 0.228801
0.875 0.25 0.19789
0.8125 0.25 0.14295
0.8125 0.1875 0.175616
0.8125 0.125 0.213085
0.875 0.125 0.263072
0.875 0.1875 0.228801
0.8125 0.1875 0.175616
0.75 0.125 0.166896
0.75 0.0625 0.21487
0.8125 0.0625 0.255627
0.8125 0.125 0.213085
0.75 0.125 0.166896
0.75 0.0625 0.21487
0.75 0 0.268412
0.8125 0 0.304641
0.8125 0.0625 0.255627
0.75 0.0625 0.21487
0.8125 0.125 0.213085
0.8125 0.0625 0.255627
0.875 0.0625 0.301405
0.875 0.125 0.263072
0.8125 0.125 0.213085
0.8125 0.0625 0.255627
0.8125 0 0.304641
0.875 0 0.345934
0.875 0.0625 0.301405
0.8125 0.0625 0.255627
0.875 0.25 0.19789
0.875 0.125 0.263072
1 0.125 0.369744
1 0.25 0.309239
0.875 0.25 0.19789
0.875 0.125 0.263072
0.875 0 0.345934
1 0 0.445406
1 0.125 0.369744
0.875 0.125 0.263072
