0 1 0.425998
0 0.875 0.331116
0.125 0.875 0.237742
0.125 1 0.344692
0 1 0.425998
0 0.875 0.331116
0 0.8125 0.291456
0.0625 0.8125 0.237211
0.0625 0.875 0.280869
0 0.875 0.331116
0 0.8125 0.291456
0 0.75 0.257642
0.0625 0.75 0.199368
0.0625 0.8125 0.237211
0 0.8125 0.291456
0.0625 0.875 0.280869
0.0625 0.8125 0.237211
0.125 0.8125 0.188103
0.125 0.875 0.237742
0.0625 0.875 0.280869
0.0625 0.8125 0.237211
0.0625 0.75 0.199368
0.125 0.75 0.143307
0.125 0.8125 0.188103
0.0625 0.8125 0.237211
0.125 1 0.344692
0.125 0.875 0.237742
0.25 0.875 0.176788
0.25 1 0.297134
0.125 1 0.344692
0.125 0.875 0.237742
0.125 0.8125 0.188103
0.1875 0.8125 0.145672
0.1875 0.875 0.201757
0.125 0.875 0.237742
0.125 0.8125 0.188103
0.125 0.75 0.143307
0.1875 0.75 0.0946079
0.1875 0.8125 0.145672
0.125 0.8125 0.188103
0.1875 0.875 0.201757
0.1875 0.8125 0.145672
0.25 0.8125 0.116873
0.25 0.875 0.176788
0.1875 0.875 0.201757
0.1875 0.8125 0.145672
0.1875 0.78125 0.119478
0.21875 0.78125 0.10132
0.21875 0.8125 0.129468
0.1875 0.8125 0.145672
0.1875 0.78125 0.119478
0.1875 0.75 0.0946079
0.21875 0.75 0.0740335
0.21875 0.78125 0.10132
0.1875 0.78125 0.119478
0.21875 0.8125 0.129468
0.21875 0.78125 0.10132
0.25 0.78125 0.0872788
0.25 0.8125 0.116873
0.21875 0.8125 0.129468
0.21875 0.78125 0.10132
0.21875 0.75 0.0740335
0.25 0.75 0.0579676
0.25 0.78125 0.0872788
0.21875 0.78125 0.10132
0 0.75 0.257642
0 0.6875 0.231443
0.0625 0.6875 0.170099
0.0625 0.75 0.199368
0 0.75 0.257642
0 0.6875 0.231443
0 0.625 0.214843
0.0625 0.625 0.152277
0.0625 0.6875 0.170099
0 0.6875 0.231443
0.0625 0.75 0.199368
0.0625 0.6875 0.170099
0.125 0.6875 0.108955
0.125 0.75 0.143307
0.0625 0.75 0.199368
0.0625 0.6875 0.170099
0.0625 0.625 0.152277
0.125 0.625 0.0897726
0.125 0.6875 0.108955
0.0625 0.6875 0.170099
0 0.625 0.214843
0 0.5625 0.221703
0.0625 0.5625 0.159995
0.0625 0.625 0.152277
0 0.625 0.214843
0 0.5625 0.221703
0 0.5 0.234946
0.0625 0.5 0.174064
0.0625 0.5625 0.159995
0 0.5625 0.221703
0.0625 0.625 0.152277
0.0625 0.5625 0.159995
0.125 0.5625 0.0986106
0.125 0.625 0.0897726
0.0625 0.625 0.152277
0.0625 0.5625 0.159995
0.0625 0.5 0.174064
0.125 0.5 0.113378
0.125 0.5625 0.0986106
0.0625 0.5625 0.159995
0.125 0.75 0.143307
0.125 0.71875 0.124709
0.15625 0.71875 0.0975928
0.15625 0.75 0.118195
0.125 0.75 0.143307
0.125 0.71875 0.124709
0.125 0.6875 0.108955
0.15625 0.6875 0.0798044
0.15625 0.71875 0.0975928
0.125 0.71875 0.124709
0.15625 0.75 0.118195
0.15625 0.71875 0.0975928
0.1875 0.71875 0.0715943
0.1875 0.75 0.0946079
0.15625 0.75 0.118195
0.15625 0.71875 0.0975928
0.15625 0.6875 0.0798044
0.1875 0.6875 0.0512249
0.1875 0.71875 0.0715943
0.15625 0.71875 0.0975928
0.125 0.6875 0.108955
0.125 0.65625 0.0968313
0.15625 0.65625 0.0659451
0.15625 0.6875 0.0798044
0.125 0.6875 0.108955
0.125 0.65625 0.0968313
0.125 0.625 0.0897726
0.15625 0.625 0.0585318
0.15625 0.65625 0.0659451
0.125 0.65625 0.0968313
0.15625 0.6875 0.0798044
0.15625 0.65625 0.0659451
0.1875 0.65625 0.034959
0.1875 0.6875 0.0512249
0.15625 0.6875 0.0798044
0.15625 0.65625 0.0659451
0.15625 0.625 0.0585318
0.1875 0.625 0.0273003
0.1875 0.65625 0.034959
0.15625 0.65625 0.0659451
0.1875 0.75 0.0946079
0.1875 0.71875 0.0715943
0.21875 0.71875 0.048066
0.21875 0.75 0.0740335
0.1875 0.75 0.0946079
0.1875 0.71875 0.0715943
0.1875 0.6875 0.0512249
0.21875 0.6875 0.0241503
0.21875 0.71875 0.048066
0.1875 0.71875 0.0715943
0.21875 0.75 0.0740335
0.21875 0.71875 0.048066
0.25 0.71875 0.0290405
0.25 0.75 0.0579676
0.21875 0.75 0.0740335
0.21875 0.71875 0.048066
0.21875 0.6875 0.0241503
0.25 0.6875 0.000740035
0.25 0.71875 0.0290405
0.21875 0.71875 0.048066
0.1875 0.6875 0.0512249
0.1875 0.65625 0.034959
0.21875 0.65625 0.0038961
0.21875 0.6875 0.0241503
0.1875 0.6875 0.0512249
0.1875 0.65625 0.034959
0.1875 0.625 0.0273003
0.21875 0.625 -0.0038669
0.21875 0.65625 0.0038961
0.1875 0.65625 0.034959
0.21875 0.6875 0.0241503
0.21875 0.65625 0.0038961
0.25 0.65625 -0.0223221
0.25 0.6875 0.000740035
0.21875 0.6875 0.0241503
0.21875 0.65625 0.0038961
0.21875 0.625 -0.0038669
0.25 0.625 -0.0345806
0.25 0.65625 -0.0223221
0.21875 0.65625 0.0038961
0.125 0.625 0.0897726
0.125 0.59375 0.092721
0.15625 0.59375 0.0618167
0.15625 0.625 0.0585318
0.125 0.625 0.0897726
0.125 0.59375 0.092721
0.125 0.5625 0.0986106
0.15625 0.5625 0.068084
0.15625 0.59375 0.0618167
0.125 0.59375 0.092721
0.15625 0.625 0.0585318
0.15625 0.59375 0.0618167
0.1875 0.59375 0.030961
0.1875 0.625 0.0273003
0.15625 0.625 0.0585318
0.15625 0.59375 0.0618167
0.15625 0.5625 0.068084
0.1875 0.5625 0.0376147
0.1875 0.59375 0.030961
0.15625 0.59375 0.0618167
0.125 0.5625 0.0986106
0.125 0.53125 0.105785
0.15625 0.53125 0.0754341
0.15625 0.5625 0.068084
0.125 0.5625 0.0986106
0.125 0.53125 0.105785
0.125 0.5 0.113378
0.15625 0.5 0.0830821
0.15625 0.53125 0.0754341
0.125 0.53125 0.105785
0.15625 0.5625 0.068084
0.15625 0.53125 0.0754341
0.1875 0.53125 0.0451079
0.1875 0.5625 0.0376147
0.15625 0.5625 0.068084
0.15625 0.53125 0.0754341
0.15625 0.5 0.0830821
0.1875 0.5 0.0527935
0.1875 0.53125 0.0451079
0.15625 0.53125 0.0754341
0.1875 0.625 0.0273003
0.1875 0.59375 0.030961
0.21875 0.59375 0.000170707
0.21875 0.625 -0.0038669
0.1875 0.625 0.0273003
0.1875 0.59375 0.030961
0.1875 0.5625 0.0376147
0.21875 0.5625 0.00720529
0.21875 0.59375 0.000170707
0.1875 0.59375 0.030961
0.21875 0.625 -0.0038669
0.21875 0.59375 0.000170707
0.25 0.59375 -0.0302081
0.25 0.625 -0.0345806
0.21875 0.625 -0.0038669
0.21875 0.59375 0.000170707
0.21875 0.5625 0.00720529
0.25 0.5625 -0.0231165
0.25 0.59375 -0.0302081
0.21875 0.59375 0.000170707
0.1875 0.5625 0.0376147
0.1875 0.53125 0.0451079
0.21875 0.53125 0.0148019
0.21875 0.5625 0.00720529
0.1875 0.5625 0.0376147
0.1875 0.53125 0.0451079
0.1875 0.5 0.0527935
0.21875 0.5 0.0225098
0.21875 0.53125 0.0148019
0.1875 0.53125 0.0451079
0.21875 0.5625 0.00720529
0.21875 0.53125 0.0148019
0.25 0.53125 -0.0154876
0.25 0.5625 -0.0231165
0.21875 0.5625 0.00720529
0.21875 0.53125 0.0148019
0.21875 0.5 0.0225098
0.25 0.5 -0.00777083
0.25 0.53125 -0.0154876
0.21875 0.53125 0.0148019
0.25 1 0.297134
0.25 0.9375 0.236919
0.3125 0.9375 0.220295
0.3125 1 0.280847
0.25 1 0.297134
0.25 0.9375 0.236919
0.25 0.875 0.176788
0.3125 0.875 0.159744
0.3125 0.9375 0.220295
0.25 0.9375 0.236919
0.3125 1 0.280847
0.3125 0.9375 0.220295
0.375 0.9375 0.204836
0.375 1 0.26541
0.3125 1 0.280847
0.3125 0.9375 0.220295
0.3125 0.875 0.159744
0.375 0.875 0.144268
0.375 0.9375 0.204836
0.3125 0.9375 0.220295
0.25 0.875 0.176788
0.25 0.8125 0.116873
0.3125 0.8125 0.0991979
0.3125 0.875 0.159744
0.25 0.875 0.176788
0.25 0.8125 0.116873
0.25 0.78125 0.0872788
0.28125 0.78125 0.0771105
0.28125 0.8125 0.10726
0.25 0.8125 0.116873
0.25 0.78125 0.0872788
0.25 0.75 0.0579676
0.28125 0.75 0.0469965
0.28125 0.78125 0.0771105
0.25 0.78125 0.0872788
0.28125 0.8125 0.10726
0.28125 0.78125 0.0771105
0.3125 0.78125 0.0689274
0.3125 0.8125 0.0991979
0.28125 0.8125 0.10726
0.28125 0.78125 0.0771105
0.28125 0.75 0.0469965
0.3125 0.75 0.0386596
0.3125 0.78125 0.0689274
0.28125 0.78125 0.0771105
0.3125 0.875 0.159744
0.3125 0.84375 0.12947
0.34375 0.84375 0.121722
0.34375 0.875 0.152
0.3125 0.875 0.159744
0.3125 0.84375 0.12947
0.3125 0.8125 0.0991979
0.34375 0.8125 0.0914439
0.34375 0.84375 0.121722
0.3125 0.84375 0.12947
0.34375 0.875 0.152
0.34375 0.84375 0.121722
0.375 0.84375 0.11399
0.375 0.875 0.144268
0.34375 0.875 0.152
0.34375 0.84375 0.121722
0.34375 0.8125 0.0914439
0.375 0.8125 0.0837113
0.375 0.84375 0.11399
0.34375 0.84375 0.121722
0.3125 0.8125 0.0991979
0.3125 0.78125 0.0689274
0.34375 0.78125 0.0611658
0.34375 0.8125 0.0914439
0.3125 0.8125 0.0991979
0.3125 0.78125 0.0689274
0.3125 0.75 0.0386596
0.34375 0.75 0.0308878
0.34375 0.78125 0.0611658
0.3125 0.78125 0.0689274
0.34375 0.8125 0.0914439
0.34375 0.78125 0.0611658
0.375 0.78125 0.0534329
0.375 0.8125 0.0837113
0.34375 0.8125 0.0914439
0.34375 0.78125 0.0611658
0.34375 0.75 0.0308878
0.375 0.75 0.0231545
0.375 0.78125 0.0534329
0.34375 0.78125 0.0611658
0.375 1 0.26541
0.375 0.9375 0.204836
0.4375 0.9375 0.189422
0.4375 1 0.250059
0.375 1 0.26541
0.375 0.9375 0.204836
0.375 0.875 0.144268
0.4375 0.875 0.128811
0.4375 0.9375 0.189422
0.375 0.9375 0.204836
0.4375 1 0.250059
0.4375 0.9375 0.189422
0.5 0.9375 0.174235
0.5 1 0.235126
0.4375 1 0.250059
0.4375 0.9375 0.189422
0.4375 0.875 0.128811
0.5 0.875 0.113422
0.5 0.9375 0.174235
0.4375 0.9375 0.189422
0.375 0.875 0.144268
0.375 0.84375 0.11399
0.40625 0.84375 0.106259
0.40625 0.875 0.136538
0.375 0.875 0.144268
0.375 0.84375 0.11399
0.375 0.8125 0.0837113
0.40625 0.8125 0.0759798
0.40625 0.84375 0.106259
0.375 0.84375 0.11399
0.40625 0.875 0.136538
0.40625 0.84375 0.106259
0.4375 0.84375 0.0985291
0.4375 0.875 0.128811
0.40625 0.875 0.136538
0.40625 0.84375 0.106259
0.40625 0.8125 0.0759798
0.4375 0.8125 0.068249
0.4375 0.84375 0.0985291
0.40625 0.84375 0.106259
0.375 0.8125 0.0837113
0.375 0.78125 0.0534329
0.40625 0.78125 0.0457011
0.40625 0.8125 0.0759798
0.375 0.8125 0.0837113
0.375 0.78125 0.0534329
0.375 0.75 0.0231545
0.40625 0.75 0.0154227
0.40625 0.78125 0.0457011
0.375 0.78125 0.0534329
0.40625 0.8125 0.0759798
0.40625 0.78125 0.0457011
0.4375 0.78125 0.0379698
0.4375 0.8125 0.068249
0.40625 0.8125 0.0759798
0.40625 0.78125 0.0457011
0.40625 0.75 0.0154227
0.4375 0.75 0.00769098
0.4375 0.78125 0.0379698
0.40625 0.78125 0.0457011
0.4375 0.875 0.128811
0.4375 0.84375 0.0985291
0.46875 0.84375 0.0908059
0.46875 0.875 0.121096
0.4375 0.875 0.128811
0.4375 0.84375 0.0985291
0.4375 0.8125 0.068249
0.46875 0.8125 0.060521
0.46875 0.84375 0.0908059
0.4375 0.84375 0.0985291
0.46875 0.875 0.121096
0.46875 0.84375 0.0908059
0.5 0.84375 0.0831062
0.5 0.875 0.113422
0.46875 0.875 0.121096
0.46875 0.84375 0.0908059
0.46875 0.8125 0.060521
0.5 0.8125 0.0528051
0.5 0.84375 0.0831062
0.46875 0.84375 0.0908059
0.4375 0.8125 0.068249
0.4375 0.78125 0.0379698
0.46875 0.78125 0.0302393
0.46875 0.8125 0.060521
0.4375 0.8125 0.068249
0.4375 0.78125 0.0379698
0.4375 0.75 0.00769098
0.46875 0.75 -4.05362e-005
0.46875 0.78125 0.0302393
0.4375 0.78125 0.0379698
0.46875 0.8125 0.060521
0.46875 0.78125 0.0302393
0.5 0.78125 0.0225125
0.5 0.8125 0.0528051
0.46875 0.8125 0.060521
0.46875 0.78125 0.0302393
0.46875 0.75 -4.05362e-005
0.5 0.75 -0.0077701
0.5 0.78125 0.0225125
0.46875 0.78125 0.0302393
0.25 0.75 0.0579676
0.25 0.71875 0.0290405
0.28125 0.71875 0.0169339
0.28125 0.75 0.0469965
0.25 0.75 0.0579676
0.25 0.71875 0.0290405
0.25 0.6875 0.000740035
0.28125 0.6875 -0.0127671
0.28125 0.71875 0.0169339
0.25 0.71875 0.0290405
0.28125 0.75 0.0469965
0.28125 0.71875 0.0169339
0.3125 0.71875 0.008395
0.3125 0.75 0.0386596
0.28125 0.75 0.0469965
0.28125 0.71875 0.0169339
0.28125 0.6875 -0.0127671
0.3125 0.6875 -0.0217701
0.3125 0.71875 0.008395
0.28125 0.71875 0.0169339
0.25 0.6875 0.000740035
0.25 0.65625 -0.0223221
0.28125 0.65625 -0.0409851
0.28125 0.6875 -0.0127671
0.25 0.6875 0.000740035
0.25 0.65625 -0.0223221
0.25 0.625 -0.0345806
0.28125 0.625 -0.0620702
0.28125 0.65625 -0.0409851
0.25 0.65625 -0.0223221
0.28125 0.6875 -0.0127671
0.28125 0.65625 -0.0409851
0.3125 0.65625 -0.0516842
0.3125 0.6875 -0.0217701
0.28125 0.6875 -0.0127671
0.28125 0.65625 -0.0409851
0.28125 0.625 -0.0620702
0.3125 0.625 -0.0803017
0.3125 0.65625 -0.0516842
0.28125 0.65625 -0.0409851
0.3125 0.75 0.0386596
0.3125 0.71875 0.008395
0.34375 0.71875 0.000609865
0.34375 0.75 0.0308878
0.3125 0.75 0.0386596
0.3125 0.71875 0.008395
0.3125 0.6875 -0.0217701
0.34375 0.6875 -0.0296542
0.34375 0.71875 0.000609865
0.3125 0.71875 0.008395
0.34375 0.75 0.0308878
0.34375 0.71875 0.000609865
0.375 0.71875 -0.00712382
0.375 0.75 0.0231545
0.34375 0.75 0.0308878
0.34375 0.71875 0.000609865
0.34375 0.6875 -0.0296542
0.375 0.6875 -0.0374008
0.375 0.71875 -0.00712382
0.34375 0.71875 0.000609865
0.3125 0.6875 -0.0217701
0.3125 0.65625 -0.0516842
0.34375 0.65625 -0.0598826
0.34375 0.6875 -0.0296542
0.3125 0.6875 -0.0217701
0.3125 0.65625 -0.0516842
0.3125 0.625 -0.0803017
0.34375 0.625 -0.0899471
0.34375 0.65625 -0.0598826
0.3125 0.65625 -0.0516842
0.34375 0.6875 -0.0296542
0.34375 0.65625 -0.0598826
0.375 0.65625 -0.0676732
0.375 0.6875 -0.0374008
0.34375 0.6875 -0.0296542
0.34375 0.65625 -0.0598826
0.34375 0.625 -0.0899471
0.375 0.625 -0.097926
0.375 0.65625 -0.0676732
0.34375 0.65625 -0.0598826
0.25 0.625 -0.0345806
0.25 0.59375 -0.0302081
0.28125 0.59375 -0.0605763
0.28125 0.625 -0.0620702
0.25 0.625 -0.0345806
0.25 0.59375 -0.0302081
0.25 0.5625 -0.0231165
0.28125 0.5625 -0.0534085
0.28125 0.59375 -0.0605763
0.25 0.59375 -0.0302081
0.28125 0.625 -0.0620702
0.28125 0.59375 -0.0605763
0.3125 0.59375 -0.0909362
0.3125 0.625 -0.0803017
0.28125 0.625 -0.0620702
0.28125 0.59375 -0.0605763
0.28125 0.5625 -0.0534085
0.3125 0.5625 -0.0836995
0.3125 0.59375 -0.0909362
0.28125 0.59375 -0.0605763
0.25 0.5625 -0.0231165
0.25 0.53125 -0.0154876
0.28125 0.53125 -0.045768
0.28125 0.5625 -0.0534085
0.25 0.5625 -0.0231165
0.25 0.53125 -0.0154876
0.25 0.5 -0.00777083
0.28125 0.5 -0.0380495
0.28125 0.53125 -0.045768
0.25 0.53125 -0.0154876
0.28125 0.5625 -0.0534085
0.28125 0.53125 -0.045768
0.3125 0.53125 -0.0760482
0.3125 0.5625 -0.0836995
0.28125 0.5625 -0.0534085
0.28125 0.53125 -0.045768
0.28125 0.5 -0.0380495
0.3125 0.5 -0.068328
0.3125 0.53125 -0.0760482
0.28125 0.53125 -0.045768
0.3125 0.625 -0.0803017
0.3125 0.59375 -0.0909362
0.34375 0.59375 -0.115234
0.34375 0.625 -0.0899471
0.3125 0.625 -0.0803017
0.3125 0.59375 -0.0909362
0.3125 0.5625 -0.0836995
0.34375 0.5625 -0.113989
0.34375 0.59375 -0.115234
0.3125 0.59375 -0.0909362
0.34375 0.625 -0.0899471
0.34375 0.59375 -0.115234
0.375 0.59375 -0.127309
0.375 0.625 -0.097926
0.34375 0.625 -0.0899471
0.34375 0.59375 -0.115234
0.34375 0.5625 -0.113989
0.375 0.5625 -0.143805
0.375 0.59375 -0.127309
0.34375 0.59375 -0.115234
0.3125 0.5625 -0.0836995
0.3125 0.53125 -0.0760482
0.34375 0.53125 -0.106328
0.34375 0.5625 -0.113989
0.3125 0.5625 -0.0836995
0.3125 0.53125 -0.0760482
0.3125 0.5 -0.068328
0.34375 0.5 -0.0986057
0.34375 0.53125 -0.106328
0.3125 0.53125 -0.0760482
0.34375 0.5625 -0.113989
0.34375 0.53125 -0.106328
0.375 0.53125 -0.136607
0.375 0.5625 -0.143805
0.34375 0.5625 -0.113989
0.34375 0.53125 -0.106328
0.34375 0.5 -0.0986057
0.375 0.5 -0.128882
0.375 0.53125 -0.136607
0.34375 0.53125 -0.106328
0.375 0.75 0.0231545
0.375 0.71875 -0.00712382
0.40625 0.71875 -0.0148558
0.40625 0.75 0.0154227
0.375 0.75 0.0231545
0.375 0.71875 -0.00712382
0.375 0.6875 -0.0374008
0.40625 0.6875 -0.0451341
0.40625 0.71875 -0.0148558
0.375 0.71875 -0.00712382
0.40625 0.75 0.0154227
0.40625 0.71875 -0.0148558
0.4375 0.71875 -0.0225875
0.4375 0.75 0.00769098
0.40625 0.75 0.0154227
0.40625 0.71875 -0.0148558
0.40625 0.6875 -0.0451341
0.4375 0.6875 -0.0528659
0.4375 0.71875 -0.0225875
0.40625 0.71875 -0.0148558
0.375 0.6875 -0.0374008
0.375 0.65625 -0.0676732
0.40625 0.65625 -0.0754118
0.40625 0.6875 -0.0451341
0.375 0.6875 -0.0374008
0.375 0.65625 -0.0676732
0.375 0.625 -0.097926
0.40625 0.625 -0.105687
0.40625 0.65625 -0.0754118
0.375 0.65625 -0.0676732
0.40625 0.6875 -0.0451341
0.40625 0.65625 -0.0754118
0.4375 0.65625 -0.0831443
0.4375 0.6875 -0.0528659
0.40625 0.6875 -0.0451341
0.40625 0.65625 -0.0754118
0.40625 0.625 -0.105687
0.4375 0.625 -0.113422
0.4375 0.65625 -0.0831443
0.40625 0.65625 -0.0754118
0.4375 0.75 0.00769098
0.4375 0.71875 -0.0225875
0.46875 0.71875 -0.030319
0.46875 0.75 -4.05362e-005
0.4375 0.75 0.00769098
0.4375 0.71875 -0.0225875
0.4375 0.6875 -0.0528659
0.46875 0.6875 -0.0605975
0.46875 0.71875 -0.030319
0.4375 0.71875 -0.0225875
0.46875 0.75 -4.05362e-005
0.46875 0.71875 -0.030319
0.5 0.71875 -0.0380492
0.5 0.75 -0.0077701
0.46875 0.75 -4.05362e-005
0.46875 0.71875 -0.030319
0.46875 0.6875 -0.0605975
0.5 0.6875 -0.0683281
0.5 0.71875 -0.0380492
0.46875 0.71875 -0.030319
0.4375 0.6875 -0.0528659
0.4375 0.65625 -0.0831443
0.46875 0.65625 -0.090876
0.46875 0.6875 -0.0605975
0.4375 0.6875 -0.0528659
0.4375 0.65625 -0.0831443
0.4375 0.625 -0.113422
0.46875 0.625 -0.121154
0.46875 0.65625 -0.090876
0.4375 0.65625 -0.0831443
0.46875 0.6875 -0.0605975
0.46875 0.65625 -0.090876
0.5 0.65625 -0.0986069
0.5 0.6875 -0.0683281
0.46875 0.6875 -0.0605975
0.46875 0.65625 -0.090876
0.46875 0.625 -0.121154
0.5 0.625 -0.128886
0.5 0.65625 -0.0986069
0.46875 0.65625 -0.090876
0.375 0.625 -0.097926
0.375 0.5625 -0.143805
0.4375 0.5625 -0.172465
0.4375 0.625 -0.113422
0.375 0.625 -0.097926
0.375 0.5625 -0.143805
0.375 0.5 -0.128882
0.4375 0.5 -0.187958
0.4375 0.5625 -0.172465
0.375 0.5625 -0.143805
0.4375 0.625 -0.113422
0.4375 0.5625 -0.172465
0.5 0.5625 -0.190175
0.5 0.625 -0.128886
0.4375 0.625 -0.113422
0.4375 0.5625 -0.172465
0.4375 0.5 -0.187958
0.5 0.5 -0.228263
0.5 0.5625 -0.190175
0.4375 0.5625 -0.172465
0 0.5 0.234946
0 0.4375 0.249995
0.0625 0.4375 0.189376
0.0625 0.5 0.174064
0 0.5 0.234946
0 0.4375 0.249995
0 0.375 0.265388
0.0625 0.375 0.204823
0.0625 0.4375 0.189376
0 0.4375 0.249995
0.0625 0.5 0.174064
0.0625 0.4375 0.189376
0.125 0.4375 0.128805
0.125 0.5 0.113378
0.0625 0.5 0.174064
0.0625 0.4375 0.189376
0.0625 0.375 0.204823
0.125 0.375 0.144269
0.125 0.4375 0.128805
0.0625 0.4375 0.189376
0 0.375 0.265388
0 0.3125 0.280864
0.0625 0.3125 0.220322
0.0625 0.375 0.204823
0 0.375 0.265388
0 0.3125 0.280864
0 0.25 0.296993
0.0625 0.25 0.236703
0.0625 0.3125 0.220322
0 0.3125 0.280864
0.0625 0.375 0.204823
0.0625 0.3125 0.220322
0.125 0.3125 0.159783
0.125 0.375 0.144269
0.0625 0.375 0.204823
0.0625 0.3125 0.220322
0.0625 0.25 0.236703
0.125 0.25 0.176631
0.125 0.3125 0.159783
0.0625 0.3125 0.220322
0.125 0.5 0.113378
0.125 0.46875 0.12108
0.15625 0.46875 0.0907976
0.15625 0.5 0.0830821
0.125 0.5 0.113378
0.125 0.46875 0.12108
0.125 0.4375 0.128805
0.15625 0.4375 0.0985264
0.15625 0.46875 0.0907976
0.125 0.46875 0.12108
0.15625 0.5 0.0830821
0.15625 0.46875 0.0907976
0.1875 0.46875 0.0605173
0.1875 0.5 0.0527935
0.15625 0.5 0.0830821
0.15625 0.46875 0.0907976
0.15625 0.4375 0.0985264
0.1875 0.4375 0.0682476
0.1875 0.46875 0.0605173
0.15625 0.46875 0.0907976
0.125 0.4375 0.128805
0.125 0.40625 0.136536
0.15625 0.40625 0.106258
0.15625 0.4375 0.0985264
0.125 0.4375 0.128805
0.125 0.40625 0.136536
0.125 0.375 0.144269
0.15625 0.375 0.113991
0.15625 0.40625 0.106258
0.125 0.40625 0.136536
0.15625 0.4375 0.0985264
0.15625 0.40625 0.106258
0.1875 0.40625 0.0759795
0.1875 0.4375 0.0682476
0.15625 0.4375 0.0985264
0.15625 0.40625 0.106258
0.15625 0.375 0.113991
0.1875 0.375 0.0837136
0.1875 0.40625 0.0759795
0.15625 0.40625 0.106258
0.1875 0.5 0.0527935
0.1875 0.46875 0.0605173
0.21875 0.46875 0.0302379
0.21875 0.5 0.0225098
0.1875 0.5 0.0527935
0.1875 0.46875 0.0605173
0.1875 0.4375 0.0682476
0.21875 0.4375 0.0379691
0.21875 0.46875 0.0302379
0.1875 0.46875 0.0605173
0.21875 0.5 0.0225098
0.21875 0.46875 0.0302379
0.25 0.46875 -4.08129e-005
0.25 0.5 -0.00777083
0.21875 0.5 0.0225098
0.21875 0.46875 0.0302379
0.21875 0.4375 0.0379691
0.25 0.4375 0.00769079
0.25 0.46875 -4.08129e-005
0.21875 0.46875 0.0302379
0.1875 0.4375 0.0682476
0.1875 0.40625 0.0759795
0.21875 0.40625 0.0457014
0.21875 0.4375 0.0379691
0.1875 0.4375 0.0682476
0.1875 0.40625 0.0759795
0.1875 0.375 0.0837136
0.21875 0.375 0.0534362
0.21875 0.40625 0.0457014
0.1875 0.40625 0.0759795
0.21875 0.4375 0.0379691
0.21875 0.40625 0.0457014
0.25 0.40625 0.0154232
0.25 0.4375 0.00769079
0.21875 0.4375 0.0379691
0.21875 0.40625 0.0457014
0.21875 0.375 0.0534362
0.25 0.375 0.023159
0.25 0.40625 0.0154232
0.21875 0.40625 0.0457014
0.125 0.375 0.144269
0.125 0.34375 0.152007
0.15625 0.34375 0.121732
0.15625 0.375 0.113991
0.125 0.375 0.144269
0.125 0.34375 0.152007
0.125 0.3125 0.159783
0.15625 0.3125 0.129528
0.15625 0.34375 0.121732
0.125 0.34375 0.152007
0.15625 0.375 0.113991
0.15625 0.34375 0.121732
0.1875 0.34375 0.091457
0.1875 0.375 0.0837136
0.15625 0.375 0.113991
0.15625 0.34375 0.121732
0.15625 0.3125 0.129528
0.1875 0.3125 0.0992802
0.1875 0.34375 0.091457
0.15625 0.34375 0.121732
0.125 0.3125 0.159783
0.125 0.25 0.176631
0.1875 0.25 0.116884
0.1875 0.3125 0.0992802
0.125 0.3125 0.159783
0.1875 0.375 0.0837136
0.1875 0.34375 0.091457
0.21875 0.34375 0.0611834
0.21875 0.375 0.0534362
0.1875 0.375 0.0837136
0.1875 0.34375 0.091457
0.1875 0.3125 0.0992802
0.21875 0.3125 0.0690447
0.21875 0.34375 0.0611834
0.1875 0.34375 0.091457
0.21875 0.375 0.0534362
0.21875 0.34375 0.0611834
0.25 0.34375 0.0309114
0.25 0.375 0.023159
0.21875 0.375 0.0534362
0.21875 0.34375 0.0611834
0.21875 0.3125 0.0690447
0.25 0.3125 0.0388246
0.25 0.34375 0.0309114
0.21875 0.34375 0.0611834
0.1875 0.3125 0.0992802
0.1875 0.28125 0.107551
0.21875 0.28125 0.0774912
0.21875 0.3125 0.0690447
0.1875 0.3125 0.0992802
0.1875 0.28125 0.107551
0.1875 0.25 0.116884
0.21875 0.25 0.0873954
0.21875 0.28125 0.0774912
0.1875 0.28125 0.107551
0.21875 0.3125 0.0690447
0.21875 0.28125 0.0774912
0.25 0.28125 0.0475524
0.25 0.3125 0.0388246
0.21875 0.3125 0.0690447
0.21875 0.28125 0.0774912
0.21875 0.25 0.0873954
0.25 0.25 0.0581631
0.25 0.28125 0.0475524
0.21875 0.28125 0.0774912
0 0.25 0.296993
0 0.1875 0.315829
0.0625 0.1875 0.256691
0.0625 0.25 0.236703
0 0.25 0.296993
0 0.1875 0.315829
0 0.125 0.339545
0.0625 0.125 0.282836
0.0625 0.1875 0.256691
0 0.1875 0.315829
0.0625 0.25 0.236703
0.0625 0.1875 0.256691
0.125 0.1875 0.198723
0.125 0.25 0.176631
0.0625 0.25 0.236703
0.0625 0.1875 0.256691
0.0625 0.125 0.282836
0.125 0.125 0.229076
0.125 0.1875 0.198723
0.0625 0.1875 0.256691
0 0.125 0.339545
0 0 0.413435
0.125 0 0.312695
0.125 0.125 0.229076
0 0.125 0.339545
0.125 0.25 0.176631
0.125 0.1875 0.198723
0.1875 0.1875 0.142022
0.1875 0.25 0.116884
0.125 0.25 0.176631
0.125 0.1875 0.198723
0.125 0.125 0.229076
0.1875 0.125 0.178116
0.1875 0.1875 0.142022
0.125 0.1875 0.198723
0.1875 0.25 0.116884
0.1875 0.21875 0.1282
0.21875 0.21875 0.0997834
0.21875 0.25 0.0873954
0.1875 0.25 0.116884
0.1875 0.21875 0.1282
0.1875 0.1875 0.142022
0.21875 0.1875 0.115324
0.21875 0.21875 0.0997834
0.1875 0.21875 0.1282
0.21875 0.25 0.0873954
0.21875 0.21875 0.0997834
0.25 0.21875 0.07208
0.25 0.25 0.0581631
0.21875 0.25 0.0873954
0.21875 0.21875 0.0997834
0.21875 0.1875 0.115324
0.25 0.1875 0.0899957
0.25 0.21875 0.07208
0.21875 0.21875 0.0997834
0.1875 0.1875 0.142022
0.1875 0.125 0.178116
0.25 0.125 0.134792
0.25 0.1875 0.0899957
0.1875 0.1875 0.142022
0.125 0.125 0.229076
0.125 0.0625 0.266565
0.1875 0.0625 0.222499
0.1875 0.125 0.178116
0.125 0.125 0.229076
0.125 0.0625 0.266565
0.125 0 0.312695
0.1875 0 0.274489
0.1875 0.0625 0.222499
0.125 0.0625 0.266565
0.1875 0.125 0.178116
0.1875 0.0625 0.222499
0.25 0.0625 0.187068
0.25 0.125 0.134792
0.1875 0.125 0.178116
0.1875 0.0625 0.222499
0.1875 0 0.274489
0.25 0 0.243815
0.25 0.0625 0.187068
0.1875 0.0625 0.222499
0.25 0.5 -0.00777083
0.25 0.46875 -4.08129e-005
0.28125 0.46875 -0.0303192
0.28125 0.5 -0.0380495
0.25 0.5 -0.00777083
0.25 0.46875 -4.08129e-005
0.25 0.4375 0.00769079
0.28125 0.4375 -0.0225873
0.28125 0.46875 -0.0303192
0.25 0.46875 -4.08129e-005
0.28125 0.5 -0.0380495
0.28125 0.46875 -0.0303192
0.3125 0.46875 -0.0605971
0.3125 0.5 -0.068328
0.28125 0.5 -0.0380495
0.28125 0.46875 -0.0303192
0.28125 0.4375 -0.0225873
0.3125 0.4375 -0.0528637
0.3125 0.46875 -0.0605971
0.28125 0.46875 -0.0303192
0.25 0.4375 0.00769079
0.25 0.40625 0.0154232
0.28125 0.40625 -0.014854
0.28125 0.4375 -0.0225873
0.25 0.4375 0.00769079
0.25 0.40625 0.0154232
0.25 0.375 0.023159
0.28125 0.375 -0.00711576
0.28125 0.40625 -0.014854
0.25 0.40625 0.0154232
0.28125 0.4375 -0.0225873
0.28125 0.40625 -0.014854
0.3125 0.40625 -0.0451238
0.3125 0.4375 -0.0528637
0.28125 0.4375 -0.0225873
0.28125 0.40625 -0.014854
0.28125 0.375 -0.00711576
0.3125 0.375 -0.0373576
0.3125 0.40625 -0.0451238
0.28125 0.40625 -0.014854
0.3125 0.5 -0.068328
0.3125 0.46875 -0.0605971
0.34375 0.46875 -0.0908733
0.34375 0.5 -0.0986057
0.3125 0.5 -0.068328
0.3125 0.46875 -0.0605971
0.3125 0.4375 -0.0528637
0.34375 0.4375 -0.0831332
0.34375 0.46875 -0.0908733
0.3125 0.46875 -0.0605971
0.34375 0.5 -0.0986057
0.34375 0.46875 -0.0908733
0.375 0.46875 -0.121143
0.375 0.5 -0.128882
0.34375 0.5 -0.0986057
0.34375 0.46875 -0.0908733
0.34375 0.4375 -0.0831332
0.375 0.4375 -0.113375
0.375 0.46875 -0.121143
0.34375 0.46875 -0.0908733
0.3125 0.4375 -0.0528637
0.3125 0.40625 -0.0451238
0.34375 0.40625 -0.0753661
0.34375 0.4375 -0.0831332
0.3125 0.4375 -0.0528637
0.3125 0.40625 -0.0451238
0.3125 0.375 -0.0373576
0.34375 0.375 -0.0674933
0.34375 0.40625 -0.0753661
0.3125 0.40625 -0.0451238
0.34375 0.4375 -0.0831332
0.34375 0.40625 -0.0753661
0.375 0.40625 -0.105502
0.375 0.4375 -0.113375
0.34375 0.4375 -0.0831332
0.34375 0.40625 -0.0753661
0.34375 0.375 -0.0674933
0.375 0.375 -0.0972299
0.375 0.40625 -0.105502
0.34375 0.40625 -0.0753661
0.25 0.375 0.023159
0.25 0.34375 0.0309114
0.28125 0.34375 0.000641374
0.28125 0.375 -0.00711576
0.25 0.375 0.023159
0.25 0.34375 0.0309114
0.25 0.3125 0.0388246
0.28125 0.3125 0.00862534
0.28125 0.34375 0.000641374
0.25 0.34375 0.0309114
0.28125 0.375 -0.00711576
0.28125 0.34375 0.000641374
0.3125 0.34375 -0.0294773
0.3125 0.375 -0.0373576
0.28125 0.375 -0.00711576
0.28125 0.34375 0.000641374
0.28125 0.3125 0.00862534
0.3125 0.3125 -0.0211123
0.3125 0.34375 -0.0294773
0.28125 0.34375 0.000641374
0.25 0.3125 0.0388246
0.25 0.28125 0.0475524
0.28125 0.28125 0.0177269
0.28125 0.3125 0.00862534
0.25 0.3125 0.0388246
0.25 0.28125 0.0475524
0.25 0.25 0.0581631
0.28125 0.25 0.0293238
0.28125 0.28125 0.0177269
0.25 0.28125 0.0475524
0.28125 0.3125 0.00862534
0.28125 0.28125 0.0177269
0.3125 0.28125 -0.0113004
0.3125 0.3125 -0.0211123
0.28125 0.3125 0.00862534
0.28125 0.28125 0.0177269
0.28125 0.25 0.0293238
0.3125 0.25 0.00118856
0.3125 0.28125 -0.0113004
0.28125 0.28125 0.0177269
0.3125 0.375 -0.0373576
0.3125 0.34375 -0.0294773
0.34375 0.34375 -0.0592256
0.34375 0.375 -0.0674933
0.3125 0.375 -0.0373576
0.3125 0.34375 -0.0294773
0.3125 0.3125 -0.0211123
0.34375 0.3125 -0.0497163
0.34375 0.34375 -0.0592256
0.3125 0.34375 -0.0294773
0.34375 0.375 -0.0674933
0.34375 0.34375 -0.0592256
0.375 0.34375 -0.0876711
0.375 0.375 -0.0972299
0.34375 0.375 -0.0674933
0.34375 0.34375 -0.0592256
0.34375 0.3125 -0.0497163
0.375 0.3125 -0.0749474
0.375 0.34375 -0.0876711
0.34375 0.34375 -0.0592256
0.3125 0.3125 -0.0211123
0.3125 0.28125 -0.0113004
0.34375 0.28125 -0.0373409
0.34375 0.3125 -0.0497163
0.3125 0.3125 -0.0211123
0.3125 0.28125 -0.0113004
0.3125 0.25 0.00118856
0.34375 0.25 -0.0203225
0.34375 0.28125 -0.0373409
0.3125 0.28125 -0.0113004
0.34375 0.3125 -0.0497163
0.34375 0.28125 -0.0373409
0.375 0.28125 -0.0570105
0.375 0.3125 -0.0749474
0.34375 0.3125 -0.0497163
0.34375 0.28125 -0.0373409
0.34375 0.25 -0.0203225
0.375 0.25 -0.0329774
0.375 0.28125 -0.0570105
0.34375 0.28125 -0.0373409
0.375 0.5 -0.128882
0.375 0.4375 -0.113375
0.4375 0.4375 -0.169618
0.4375 0.5 -0.187958
0.375 0.5 -0.128882
0.375 0.4375 -0.113375
0.375 0.375 -0.0972299
0.4375 0.375 -0.141915
0.4375 0.4375 -0.169618
0.375 0.4375 -0.113375
0.4375 0.5 -0.187958
0.4375 0.4375 -0.169618
0.5 0.4375 -0.186699
0.5 0.5 -0.228263
0.4375 0.5 -0.187958
0.4375 0.4375 -0.169618
0.4375 0.375 -0.141915
0.5 0.375 -0.128886
0.5 0.4375 -0.186699
0.4375 0.4375 -0.169618
0.375 0.375 -0.0972299
0.375 0.34375 -0.0876711
0.40625 0.34375 -0.110551
0.40625 0.375 -0.12512
0.375 0.375 -0.0972299
0.375 0.34375 -0.0876711
0.375 0.3125 -0.0749474
0.40625 0.3125 -0.0897455
0.40625 0.34375 -0.110551
0.375 0.34375 -0.0876711
0.40625 0.375 -0.12512
0.40625 0.34375 -0.110551
0.4375 0.34375 -0.114
0.4375 0.375 -0.141915
0.40625 0.375 -0.12512
0.40625 0.34375 -0.110551
0.40625 0.3125 -0.0897455
0.4375 0.3125 -0.0837101
0.4375 0.34375 -0.114
0.40625 0.34375 -0.110551
0.375 0.3125 -0.0749474
0.375 0.28125 -0.0570105
0.40625 0.28125 -0.0606767
0.40625 0.3125 -0.0897455
0.375 0.3125 -0.0749474
0.375 0.28125 -0.0570105
0.375 0.25 -0.0329774
0.40625 0.25 -0.0302658
0.40625 0.28125 -0.0606767
0.375 0.28125 -0.0570105
0.40625 0.3125 -0.0897455
0.40625 0.28125 -0.0606767
0.4375 0.28125 -0.0534097
0.4375 0.3125 -0.0837101
0.40625 0.3125 -0.0897455
0.40625 0.28125 -0.0606767
0.40625 0.25 -0.0302658
0.4375 0.25 -0.0231029
0.4375 0.28125 -0.0534097
0.40625 0.28125 -0.0606767
0.4375 0.375 -0.141915
0.4375 0.34375 -0.114
0.46875 0.34375 -0.10633
0.46875 0.375 -0.136596
0.4375 0.375 -0.141915
0.4375 0.34375 -0.114
0.4375 0.3125 -0.0837101
0.46875 0.3125 -0.0760483
0.46875 0.34375 -0.10633
0.4375 0.34375 -0.114
0.46875 0.375 -0.136596
0.46875 0.34375 -0.10633
0.5 0.34375 -0.0986069
0.5 0.375 -0.128886
0.46875 0.375 -0.136596
0.46875 0.34375 -0.10633
0.46875 0.3125 -0.0760483
0.5 0.3125 -0.0683281
0.5 0.34375 -0.0986069
0.46875 0.34375 -0.10633
0.4375 0.3125 -0.0837101
0.4375 0.28125 -0.0534097
0.46875 0.28125 -0.0457659
0.46875 0.3125 -0.0760483
0.4375 0.3125 -0.0837101
0.4375 0.28125 -0.0534097
0.4375 0.25 -0.0231029
0.46875 0.25 -0.0154825
0.46875 0.28125 -0.0457659
0.4375 0.28125 -0.0534097
0.46875 0.3125 -0.0760483
0.46875 0.28125 -0.0457659
0.5 0.28125 -0.0380491
0.5 0.3125 -0.0683281
0.46875 0.3125 -0.0760483
0.46875 0.28125 -0.0457659
0.46875 0.25 -0.0154825
0.5 0.25 -0.00776997
0.5 0.28125 -0.0380491
0.46875 0.28125 -0.0457659
0.25 0.25 0.0581631
0.25 0.21875 0.07208
0.28125 0.21875 0.0455945
0.28125 0.25 0.0293238
0.25 0.25 0.0581631
0.25 0.21875 0.07208
0.25 0.1875 0.0899957
0.28125 0.1875 0.0667484
0.28125 0.21875 0.0455945
0.25 0.21875 0.07208
0.28125 0.25 0.0293238
0.28125 0.21875 0.0455945
0.3125 0.21875 0.0218729
0.3125 0.25 0.00118856
0.28125 0.25 0.0293238
0.28125 0.21875 0.0455945
0.28125 0.1875 0.0667484
0.3125 0.1875 0.0469323
0.3125 0.21875 0.0218729
0.28125 0.21875 0.0455945
0.25 0.1875 0.0899957
0.25 0.15625 0.111189
0.28125 0.15625 0.0907289
0.28125 0.1875 0.0667484
0.25 0.1875 0.0899957
0.25 0.15625 0.111189
0.25 0.125 0.134792
0.28125 0.125 0.116757
0.28125 0.15625 0.0907289
0.25 0.15625 0.111189
0.28125 0.1875 0.0667484
0.28125 0.15625 0.0907289
0.3125 0.15625 0.0741321
0.3125 0.1875 0.0469323
0.28125 0.1875 0.0667484
0.28125 0.15625 0.0907289
0.28125 0.125 0.116757
0.3125 0.125 0.102572
0.3125 0.15625 0.0741321
0.28125 0.15625 0.0907289
0.3125 0.25 0.00118856
0.3125 0.21875 0.0218729
0.34375 0.21875 0.00295767
0.34375 0.25 -0.0203225
0.3125 0.25 0.00118856
0.3125 0.21875 0.0218729
0.3125 0.1875 0.0469323
0.34375 0.1875 0.0324406
0.34375 0.21875 0.00295767
0.3125 0.21875 0.0218729
0.34375 0.25 -0.0203225
0.34375 0.21875 0.00295767
0.375 0.21875 -0.00390388
0.375 0.25 -0.0329774
0.34375 0.25 -0.0203225
0.34375 0.21875 0.00295767
0.34375 0.1875 0.0324406
0.375 0.1875 0.0273274
0.375 0.21875 -0.00390388
0.34375 0.21875 0.00295767
0.3125 0.1875 0.0469323
0.3125 0.15625 0.0741321
0.34375 0.15625 0.0625038
0.34375 0.1875 0.0324406
0.3125 0.1875 0.0469323
0.3125 0.15625 0.0741321
0.3125 0.125 0.102572
0.34375 0.125 0.0930739
0.34375 0.15625 0.0625038
0.3125 0.15625 0.0741321
0.34375 0.1875 0.0324406
0.34375 0.15625 0.0625038
0.375 0.15625 0.0585739
0.375 0.1875 0.0273274
0.34375 0.1875 0.0324406
0.34375 0.15625 0.0625038
0.34375 0.125 0.0930739
0.375 0.125 0.0898119
0.375 0.15625 0.0585739
0.34375 0.15625 0.0625038
0.25 0.125 0.134792
0.25 0.0625 0.187068
0.3125 0.0625 0.161735
0.3125 0.125 0.102572
0.25 0.125 0.134792
0.25 0.0625 0.187068
0.25 0 0.243815
0.3125 0 0.222454
0.3125 0.0625 0.161735
0.25 0.0625 0.187068
0.3125 0.125 0.102572
0.3125 0.0625 0.161735
0.375 0.0625 0.152288
0.375 0.125 0.0898119
0.3125 0.125 0.102572
0.3125 0.0625 0.161735
0.3125 0 0.222454
0.375 0 0.214757
0.375 0.0625 0.152288
0.3125 0.0625 0.161735
0.375 0.25 -0.0329774
0.375 0.21875 -0.00390388
0.40625 0.21875 0.000185014
0.40625 0.25 -0.0302658
0.375 0.25 -0.0329774
0.375 0.21875 -0.00390388
0.375 0.1875 0.0273274
0.40625 0.1875 0.030972
0.40625 0.21875 0.000185014
0.375 0.21875 -0.00390388
0.40625 0.25 -0.0302658
0.40625 0.21875 0.000185014
0.4375 0.21875 0.00722411
0.4375 0.25 -0.0231029
0.40625 0.25 -0.0302658
0.40625 0.21875 0.000185014
0.40625 0.1875 0.030972
0.4375 0.1875 0.037633
0.4375 0.21875 0.00722411
0.40625 0.21875 0.000185014
0.375 0.1875 0.0273274
0.375 0.15625 0.0585739
0.40625 0.15625 0.0618356
0.40625 0.1875 0.030972
0.375 0.1875 0.0273274
0.375 0.15625 0.0585739
0.375 0.125 0.0898119
0.40625 0.125 0.0927465
0.40625 0.15625 0.0618356
0.375 0.15625 0.0585739
0.40625 0.1875 0.030972
0.40625 0.15625 0.0618356
0.4375 0.15625 0.0681047
0.4375 0.1875 0.037633
0.40625 0.1875 0.030972
0.40625 0.15625 0.0618356
0.40625 0.125 0.0927465
0.4375 0.125 0.0986339
0.4375 0.15625 0.0681047
0.40625 0.15625 0.0618356
0.4375 0.25 -0.0231029
0.4375 0.21875 0.00722411
0.46875 0.21875 0.0148085
0.46875 0.25 -0.0154825
0.4375 0.25 -0.0231029
0.4375 0.21875 0.00722411
0.4375 0.1875 0.037633
0.46875 0.1875 0.0451164
0.46875 0.21875 0.0148085
0.4375 0.21875 0.00722411
0.46875 0.25 -0.0154825
0.46875 0.21875 0.0148085
0.5 0.21875 0.0225112
0.5 0.25 -0.00776997
0.46875 0.25 -0.0154825
0.46875 0.21875 0.0148085
0.46875 0.1875 0.0451164
0.5 0.1875 0.0527958
0.5 0.21875 0.0225112
0.46875 0.21875 0.0148085
0.4375 0.1875 0.037633
0.4375 0.15625 0.0681047
0.46875 0.15625 0.0754448
0.46875 0.1875 0.0451164
0.4375 0.1875 0.037633
0.4375 0.15625 0.0681047
0.4375 0.125 0.0986339
0.46875 0.125 0.105798
0.46875 0.15625 0.0754448
0.4375 0.15625 0.0681047
0.46875 0.1875 0.0451164
0.46875 0.15625 0.0754448
0.5 0.15625 0.0830855
0.5 0.1875 0.0527958
0.46875 0.1875 0.0451164
0.46875 0.15625 0.0754448
0.46875 0.125 0.105798
0.5 0.125 0.113383
0.5 0.15625 0.0830855
0.46875 0.15625 0.0754448
0.375 0.125 0.0898119
0.375 0.0625 0.152288
0.4375 0.0625 0.160034
0.4375 0.125 0.0986339
0.375 0.125 0.0898119
0.375 0.0625 0.152288
0.375 0 0.214757
0.4375 0 0.221711
0.4375 0.0625 0.160034
0.375 0.0625 0.152288
0.4375 0.125 0.0986339
0.4375 0.0625 0.160034
0.5 0.0625 0.174072
0.5 0.125 0.113383
0.4375 0.125 0.0986339
0.4375 0.0625 0.160034
0.4375 0 0.221711
0.5 0 0.234951
0.5 0.0625 0.174072
0.4375 0.0625 0.160034
0.5 1 0.235126
0.5 0.9375 0.174235
0.5625 0.9375 0.160288
0.5625 1 0.221916
0.5 1 0.235126
0.5 0.9375 0.174235
0.5 0.875 0.113422
0.5625 0.875 0.0987512
0.5625 0.9375 0.160288
0.5 0.9375 0.174235
0.5625 1 0.221916
0.5625 0.9375 0.160288
0.625 0.9375 0.15199
0.625 1 0.214477
0.5625 1 0.221916
0.5625 0.9375 0.160288
0.5625 0.875 0.0987512
0.625 0.875 0.0895019
0.625 0.9375 0.15199
0.5625 0.9375 0.160288
0.5 0.875 0.113422
0.5 0.84375 0.0831062
0.53125 0.84375 0.0754942
0.53125 0.875 0.105883
0.5 0.875 0.113422
0.5 0.84375 0.0831062
0.5 0.8125 0.0528051
0.53125 0.8125 0.0451376
0.53125 0.84375 0.0754942
0.5 0.84375 0.0831062
0.53125 0.875 0.105883
0.53125 0.84375 0.0754942
0.5625 0.84375 0.0681817
0.5625 0.875 0.0987512
0.53125 0.875 0.105883
0.53125 0.84375 0.0754942
0.53125 0.8125 0.0451376
0.5625 0.8125 0.0376661
0.5625 0.84375 0.0681817
0.53125 0.84375 0.0754942
0.5 0.8125 0.0528051
0.5 0.78125 0.0225125
0.53125 0.78125 0.0148064
0.53125 0.8125 0.0451376
0.5 0.8125 0.0528051
0.5 0.78125 0.0225125
0.5 0.75 -0.0077701
0.53125 0.75 -0.0154871
0.53125 0.78125 0.0148064
0.5 0.78125 0.0225125
0.53125 0.8125 0.0451376
0.53125 0.78125 0.0148064
0.5625 0.78125 0.00720592
0.5625 0.8125 0.0376661
0.53125 0.8125 0.0451376
0.53125 0.78125 0.0148064
0.53125 0.75 -0.0154871
0.5625 0.75 -0.0231294
0.5625 0.78125 0.00720592
0.53125 0.78125 0.0148064
0.5625 0.875 0.0987512
0.5625 0.84375 0.0681817
0.59375 0.84375 0.0618192
0.59375 0.875 0.0927364
0.5625 0.875 0.0987512
0.5625 0.84375 0.0681817
0.5625 0.8125 0.0376661
0.59375 0.8125 0.0309481
0.59375 0.84375 0.0618192
0.5625 0.84375 0.0681817
0.59375 0.875 0.0927364
0.59375 0.84375 0.0618192
0.625 0.84375 0.0582601
0.625 0.875 0.0895019
0.59375 0.875 0.0927364
0.59375 0.84375 0.0618192
0.59375 0.8125 0.0309481
0.625 0.8125 0.0270138
0.625 0.84375 0.0582601
0.59375 0.84375 0.0618192
0.5625 0.8125 0.0376661
0.5625 0.78125 0.00720592
0.59375 0.78125 0.000130495
0.59375 0.8125 0.0309481
0.5625 0.8125 0.0376661
0.5625 0.78125 0.00720592
0.5625 0.75 -0.0231294
0.59375 0.75 -0.0303475
0.59375 0.78125 0.000130495
0.5625 0.78125 0.00720592
0.59375 0.8125 0.0309481
0.59375 0.78125 0.000130495
0.625 0.78125 -0.00422025
0.625 0.8125 0.0270138
0.59375 0.8125 0.0309481
0.59375 0.78125 0.000130495
0.59375 0.75 -0.0303475
0.625 0.75 -0.0350212
0.625 0.78125 -0.00422025
0.59375 0.78125 0.000130495
0.625 1 0.214477
0.625 0.9375 0.15199
0.6875 0.9375 0.163833
0.6875 1 0.22395
0.625 1 0.214477
0.625 0.9375 0.15199
0.625 0.875 0.0895019
0.6875 0.875 0.104514
0.6875 0.9375 0.163833
0.625 0.9375 0.15199
0.6875 1 0.22395
0.6875 0.9375 0.163833
0.75 0.9375 0.193608
0.75 1 0.248485
0.6875 1 0.22395
0.6875 0.9375 0.163833
0.6875 0.875 0.104514
0.75 0.875 0.140977
0.75 0.9375 0.193608
0.6875 0.9375 0.163833
0.625 0.875 0.0895019
0.625 0.84375 0.0582601
0.65625 0.84375 0.0626668
0.65625 0.875 0.0931106
0.625 0.875 0.0895019
0.625 0.84375 0.0582601
0.625 0.8125 0.0270138
0.65625 0.8125 0.0324558
0.65625 0.84375 0.0626668
0.625 0.84375 0.0582601
0.65625 0.875 0.0931106
0.65625 0.84375 0.0626668
0.6875 0.84375 0.0761553
0.6875 0.875 0.104514
0.65625 0.875 0.0931106
0.65625 0.84375 0.0626668
0.65625 0.8125 0.0324558
0.6875 0.8125 0.0489016
0.6875 0.84375 0.0761553
0.65625 0.84375 0.0626668
0.625 0.8125 0.0270138
0.625 0.78125 -0.00422025
0.65625 0.78125 0.00267815
0.65625 0.8125 0.0324558
0.625 0.8125 0.0270138
0.625 0.78125 -0.00422025
0.625 0.75 -0.0350212
0.65625 0.75 -0.0228748
0.65625 0.78125 0.00267815
0.625 0.78125 -0.00422025
0.65625 0.8125 0.0324558
0.65625 0.78125 0.00267815
0.6875 0.78125 0.0233589
0.6875 0.8125 0.0489016
0.65625 0.8125 0.0324558
0.65625 0.78125 0.00267815
0.65625 0.75 -0.0228748
0.6875 0.75 0.000748334
0.6875 0.78125 0.0233589
0.65625 0.78125 0.00267815
0.6875 0.875 0.104514
0.6875 0.84375 0.0761553
0.71875 0.84375 0.0951352
0.71875 0.875 0.121136
0.6875 0.875 0.104514
0.6875 0.84375 0.0761553
0.6875 0.8125 0.0489016
0.71875 0.8125 0.0707764
0.71875 0.84375 0.0951352
0.6875 0.84375 0.0761553
0.71875 0.875 0.121136
0.71875 0.84375 0.0951352
0.75 0.84375 0.117196
0.75 0.875 0.140977
0.71875 0.875 0.121136
0.71875 0.84375 0.0951352
0.71875 0.8125 0.0707764
0.75 0.8125 0.0952695
0.75 0.84375 0.117196
0.71875 0.84375 0.0951352
0.6875 0.8125 0.0489016
0.6875 0.78125 0.0233589
0.71875 0.78125 0.0486995
0.71875 0.8125 0.0707764
0.6875 0.8125 0.0489016
0.6875 0.78125 0.0233589
0.6875 0.75 0.000748334
0.71875 0.75 0.0299914
0.71875 0.78125 0.0486995
0.6875 0.78125 0.0233589
0.71875 0.8125 0.0707764
0.71875 0.78125 0.0486995
0.75 0.78125 0.0757649
0.75 0.8125 0.0952695
0.71875 0.8125 0.0707764
0.71875 0.78125 0.0486995
0.71875 0.75 0.0299914
0.75 0.75 0.0593984
0.75 0.78125 0.0757649
0.71875 0.78125 0.0486995
0.5 0.75 -0.0077701
0.5 0.71875 -0.0380492
0.53125 0.71875 -0.0457701
0.53125 0.75 -0.0154871
0.5 0.75 -0.0077701
0.5 0.71875 -0.0380492
0.5 0.6875 -0.0683281
0.53125 0.6875 -0.0760518
0.53125 0.71875 -0.0457701
0.5 0.71875 -0.0380492
0.53125 0.75 -0.0154871
0.53125 0.71875 -0.0457701
0.5625 0.71875 -0.053435
0.5625 0.75 -0.0231294
0.53125 0.75 -0.0154871
0.53125 0.71875 -0.0457701
0.53125 0.6875 -0.0760518
0.5625 0.6875 -0.083734
0.5625 0.71875 -0.053435
0.53125 0.71875 -0.0457701
0.5 0.6875 -0.0683281
0.5 0.65625 -0.0986069
0.53125 0.65625 -0.106333
0.53125 0.6875 -0.0760518
0.5 0.6875 -0.0683281
0.5 0.65625 -0.0986069
0.5 0.625 -0.128886
0.53125 0.625 -0.136613
0.53125 0.65625 -0.106333
0.5 0.65625 -0.0986069
0.53125 0.6875 -0.0760518
0.53125 0.65625 -0.106333
0.5625 0.65625 -0.114028
0.5625 0.6875 -0.083734
0.53125 0.6875 -0.0760518
0.53125 0.65625 -0.106333
0.53125 0.625 -0.136613
0.5625 0.625 -0.143839
0.5625 0.65625 -0.114028
0.53125 0.65625 -0.106333
0.5625 0.75 -0.0231294
0.5625 0.71875 -0.053435
0.59375 0.71875 -0.0607796
0.59375 0.75 -0.0303475
0.5625 0.75 -0.0231294
0.5625 0.71875 -0.053435
0.5625 0.6875 -0.083734
0.59375 0.6875 -0.0911782
0.59375 0.71875 -0.0607796
0.5625 0.71875 -0.053435
0.59375 0.75 -0.0303475
0.59375 0.71875 -0.0607796
0.625 0.71875 -0.0624427
0.625 0.75 -0.0350212
0.59375 0.75 -0.0303475
0.59375 0.71875 -0.0607796
0.59375 0.6875 -0.0911782
0.625 0.6875 -0.0804191
0.625 0.71875 -0.0624427
0.59375 0.71875 -0.0607796
0.5625 0.6875 -0.083734
0.5625 0.65625 -0.114028
0.59375 0.65625 -0.115369
0.59375 0.6875 -0.0911782
0.5625 0.6875 -0.083734
0.5625 0.65625 -0.114028
0.5625 0.625 -0.143839
0.59375 0.625 -0.127321
0.59375 0.65625 -0.115369
0.5625 0.65625 -0.114028
0.59375 0.6875 -0.0911782
0.59375 0.65625 -0.115369
0.625 0.65625 -0.0899683
0.625 0.6875 -0.0804191
0.59375 0.6875 -0.0911782
0.59375 0.65625 -0.115369
0.59375 0.625 -0.127321
0.625 0.625 -0.0979293
0.625 0.65625 -0.0899683
0.59375 0.65625 -0.115369
0.5 0.625 -0.128886
0.5 0.5625 -0.190175
0.5625 0.5625 -0.173105
0.5625 0.625 -0.143839
0.5 0.625 -0.128886
0.5 0.5625 -0.190175
0.5 0.5 -0.228263
0.5625 0.5 -0.184484
0.5625 0.5625 -0.173105
0.5 0.5625 -0.190175
0.5625 0.625 -0.143839
0.5625 0.5625 -0.173105
0.625 0.5625 -0.113422
0.625 0.625 -0.0979293
0.5625 0.625 -0.143839
0.5625 0.5625 -0.173105
0.5625 0.5 -0.184484
0.625 0.5 -0.128884
0.625 0.5625 -0.113422
0.5625 0.5625 -0.173105
0.625 0.75 -0.0350212
0.625 0.71875 -0.0624427
0.65625 0.71875 -0.0411941
0.65625 0.75 -0.0228748
0.625 0.75 -0.0350212
0.625 0.71875 -0.0624427
0.625 0.6875 -0.0804191
0.65625 0.6875 -0.0517356
0.65625 0.71875 -0.0411941
0.625 0.71875 -0.0624427
0.65625 0.75 -0.0228748
0.65625 0.71875 -0.0411941
0.6875 0.71875 -0.0129097
0.6875 0.75 0.000748334
0.65625 0.75 -0.0228748
0.65625 0.71875 -0.0411941
0.65625 0.6875 -0.0517356
0.6875 0.6875 -0.0217972
0.6875 0.71875 -0.0129097
0.65625 0.71875 -0.0411941
0.625 0.6875 -0.0804191
0.625 0.65625 -0.0899683
0.65625 0.65625 -0.059891
0.65625 0.6875 -0.0517356
0.625 0.6875 -0.0804191
0.625 0.65625 -0.0899683
0.625 0.625 -0.0979293
0.65625 0.625 -0.0676745
0.65625 0.65625 -0.059891
0.625 0.65625 -0.0899683
0.65625 0.6875 -0.0517356
0.65625 0.65625 -0.059891
0.6875 0.65625 -0.0296575
0.6875 0.6875 -0.0217972
0.65625 0.6875 -0.0517356
0.65625 0.65625 -0.059891
0.65625 0.625 -0.0676745
0.6875 0.625 -0.0374013
0.6875 0.65625 -0.0296575
0.65625 0.65625 -0.059891
0.6875 0.75 0.000748334
0.6875 0.71875 -0.0129097
0.71875 0.71875 0.0167918
0.71875 0.75 0.0299914
0.6875 0.75 0.000748334
0.6875 0.71875 -0.0129097
0.6875 0.6875 -0.0217972
0.71875 0.6875 0.00837815
0.71875 0.71875 0.0167918
0.6875 0.71875 -0.0129097
0.71875 0.75 0.0299914
0.71875 0.71875 0.0167918
0.75 0.71875 0.0469831
0.75 0.75 0.0593984
0.71875 0.75 0.0299914
0.71875 0.71875 0.0167918
0.71875 0.6875 0.00837815
0.75 0.6875 0.0386519
0.75 0.71875 0.0469831
0.71875 0.71875 0.0167918
0.6875 0.6875 -0.0217972
0.6875 0.65625 -0.0296575
0.71875 0.65625 0.000608961
0.71875 0.6875 0.00837815
0.6875 0.6875 -0.0217972
0.6875 0.65625 -0.0296575
0.6875 0.625 -0.0374013
0.71875 0.625 -0.00712398
0.71875 0.65625 0.000608961
0.6875 0.65625 -0.0296575
0.71875 0.6875 0.00837815
0.71875 0.65625 0.000608961
0.75 0.65625 0.0308872
0.75 0.6875 0.0386519
0.71875 0.6875 0.00837815
0.71875 0.65625 0.000608961
0.71875 0.625 -0.00712398
0.75 0.625 0.0231544
0.75 0.65625 0.0308872
0.71875 0.65625 0.000608961
0.625 0.625 -0.0979293
0.625 0.59375 -0.105688
0.65625 0.59375 -0.075412
0.65625 0.625 -0.0676745
0.625 0.625 -0.0979293
0.625 0.59375 -0.105688
0.625 0.5625 -0.113422
0.65625 0.5625 -0.0831443
0.65625 0.59375 -0.075412
0.625 0.59375 -0.105688
0.65625 0.625 -0.0676745
0.65625 0.59375 -0.075412
0.6875 0.59375 -0.0451342
0.6875 0.625 -0.0374013
0.65625 0.625 -0.0676745
0.65625 0.59375 -0.075412
0.65625 0.5625 -0.0831443
0.6875 0.5625 -0.0528659
0.6875 0.59375 -0.0451342
0.65625 0.59375 -0.075412
0.625 0.5625 -0.113422
0.625 0.53125 -0.121154
0.65625 0.53125 -0.0908758
0.65625 0.5625 -0.0831443
0.625 0.5625 -0.113422
0.625 0.53125 -0.121154
0.625 0.5 -0.128884
0.65625 0.5 -0.0986049
0.65625 0.53125 -0.0908758
0.625 0.53125 -0.121154
0.65625 0.5625 -0.0831443
0.65625 0.53125 -0.0908758
0.6875 0.53125 -0.0605972
0.6875 0.5625 -0.0528659
0.65625 0.5625 -0.0831443
0.65625 0.53125 -0.0908758
0.65625 0.5 -0.0986049
0.6875 0.5 -0.0683252
0.6875 0.53125 -0.0605972
0.65625 0.53125 -0.0908758
0.6875 0.625 -0.0374013
0.6875 0.59375 -0.0451342
0.71875 0.59375 -0.0148558
0.71875 0.625 -0.00712398
0.6875 0.625 -0.0374013
0.6875 0.59375 -0.0451342
0.6875 0.5625 -0.0528659
0.71875 0.5625 -0.0225874
0.71875 0.59375 -0.0148558
0.6875 0.59375 -0.0451342
0.71875 0.625 -0.00712398
0.71875 0.59375 -0.0148558
0.75 0.59375 0.0154226
0.75 0.625 0.0231544
0.71875 0.625 -0.00712398
0.71875 0.59375 -0.0148558
0.71875 0.5625 -0.0225874
0.75 0.5625 0.00769109
0.75 0.59375 0.0154226
0.71875 0.59375 -0.0148558
0.6875 0.5625 -0.0528659
0.6875 0.53125 -0.0605972
0.71875 0.53125 -0.0303187
0.71875 0.5625 -0.0225874
0.6875 0.5625 -0.0528659
0.6875 0.53125 -0.0605972
0.6875 0.5 -0.0683252
0.71875 0.5 -0.0380452
0.71875 0.53125 -0.0303187
0.6875 0.53125 -0.0605972
0.71875 0.5625 -0.0225874
0.71875 0.53125 -0.0303187
0.75 0.53125 -4.0034e-005
0.75 0.5625 0.00769109
0.71875 0.5625 -0.0225874
0.71875 0.53125 -0.0303187
0.71875 0.5 -0.0380452
0.75 0.5 -0.00776449
0.75 0.53125 -4.0034e-005
0.71875 0.53125 -0.0303187
0.75 1 0.248485
0.75 0.9375 0.193608
0.8125 0.9375 0.234534
0.8125 1 0.283731
0.75 1 0.248485
0.75 0.9375 0.193608
0.75 0.875 0.140977
0.8125 0.875 0.188576
0.8125 0.9375 0.234534
0.75 0.9375 0.193608
0.8125 1 0.283731
0.8125 0.9375 0.234534
0.875 0.9375 0.281435
0.875 1 0.32527
0.8125 1 0.283731
0.8125 0.9375 0.234534
0.8125 0.875 0.188576
0.875 0.875 0.240962
0.875 0.9375 0.281435
0.8125 0.9375 0.234534
0.75 0.875 0.140977
0.75 0.8125 0.0952695
0.8125 0.8125 0.148351
0.8125 0.875 0.188576
0.75 0.875 0.140977
0.75 0.8125 0.0952695
0.75 0.78125 0.0757649
0.78125 0.78125 0.103727
0.78125 0.8125 0.1214
0.75 0.8125 0.0952695
0.75 0.78125 0.0757649
0.75 0.75 0.0593984
0.78125 0.75 0.0888919
0.78125 0.78125 0.103727
0.75 0.78125 0.0757649
0.78125 0.8125 0.1214
0.78125 0.78125 0.103727
0.8125 0.78125 0.132136
0.8125 0.8125 0.148351
0.78125 0.8125 0.1214
0.78125 0.78125 0.103727
0.78125 0.75 0.0888919
0.8125 0.75 0.118481
0.8125 0.78125 0.132136
0.78125 0.78125 0.103727
0.8125 0.875 0.188576
0.8125 0.8125 0.148351
0.875 0.8125 0.205965
0.875 0.875 0.240962
0.8125 0.875 0.188576
0.8125 0.8125 0.148351
0.8125 0.75 0.118481
0.875 0.75 0.178682
0.875 0.8125 0.205965
0.8125 0.8125 0.148351
0.875 1 0.32527
0.875 0.875 0.240962
1 0.875 0.351968
1 1 0.425982
0.875 1 0.32527
0.875 0.875 0.240962
0.875 0.75 0.178682
1 0.75 0.298976
1 0.875 0.351968
0.875 0.875 0.240962
0.75 0.75 0.0593984
0.75 0.71875 0.0469831
0.78125 0.71875 0.0771796
0.78125 0.75 0.0888919
0.75 0.75 0.0593984
0.75 0.71875 0.0469831
0.75 0.6875 0.0386519
0.78125 0.6875 0.0689257
0.78125 0.71875 0.0771796
0.75 0.71875 0.0469831
0.78125 0.75 0.0888919
0.78125 0.71875 0.0771796
0.8125 0.71875 0.107389
0.8125 0.75 0.118481
0.78125 0.75 0.0888919
0.78125 0.71875 0.0771796
0.78125 0.6875 0.0689257
0.8125 0.6875 0.0991996
0.8125 0.71875 0.107389
0.78125 0.71875 0.0771796
0.75 0.6875 0.0386519
0.75 0.65625 0.0308872
0.78125 0.65625 0.0611655
0.78125 0.6875 0.0689257
0.75 0.6875 0.0386519
0.75 0.65625 0.0308872
0.75 0.625 0.0231544
0.78125 0.625 0.0534329
0.78125 0.65625 0.0611655
0.75 0.65625 0.0308872
0.78125 0.6875 0.0689257
0.78125 0.65625 0.0611655
0.8125 0.65625 0.0914439
0.8125 0.6875 0.0991996
0.78125 0.6875 0.0689257
0.78125 0.65625 0.0611655
0.78125 0.625 0.0534329
0.8125 0.625 0.0837116
0.8125 0.65625 0.0914439
0.78125 0.65625 0.0611655
0.8125 0.75 0.118481
0.8125 0.6875 0.0991996
0.875 0.6875 0.159748
0.875 0.75 0.178682
0.8125 0.75 0.118481
0.8125 0.6875 0.0991996
0.8125 0.65625 0.0914439
0.84375 0.65625 0.121722
0.84375 0.6875 0.129474
0.8125 0.6875 0.0991996
0.8125 0.65625 0.0914439
0.8125 0.625 0.0837116
0.84375 0.625 0.113991
0.84375 0.65625 0.121722
0.8125 0.65625 0.0914439
0.84375 0.6875 0.129474
0.84375 0.65625 0.121722
0.875 0.65625 0.152002
0.875 0.6875 0.159748
0.84375 0.6875 0.129474
0.84375 0.65625 0.121722
0.84375 0.625 0.113991
0.875 0.625 0.144271
0.875 0.65625 0.152002
0.84375 0.65625 0.121722
0.75 0.625 0.0231544
0.75 0.59375 0.0154226
0.78125 0.59375 0.0457013
0.78125 0.625 0.0534329
0.75 0.625 0.0231544
0.75 0.59375 0.0154226
0.75 0.5625 0.00769109
0.78125 0.5625 0.0379705
0.78125 0.59375 0.0457013
0.75 0.59375 0.0154226
0.78125 0.625 0.0534329
0.78125 0.59375 0.0457013
0.8125 0.59375 0.0759806
0.8125 0.625 0.0837116
0.78125 0.625 0.0534329
0.78125 0.59375 0.0457013
0.78125 0.5625 0.0379705
0.8125 0.5625 0.0682523
0.8125 0.59375 0.0759806
0.78125 0.59375 0.0457013
0.75 0.5625 0.00769109
0.75 0.53125 -4.0034e-005
0.78125 0.53125 0.0302429
0.78125 0.5625 0.0379705
0.75 0.5625 0.00769109
0.75 0.53125 -4.0034e-005
0.75 0.5 -0.00776449
0.78125 0.5 0.0225301
0.78125 0.53125 0.0302429
0.75 0.53125 -4.0034e-005
0.78125 0.5625 0.0379705
0.78125 0.53125 0.0302429
0.8125 0.53125 0.0605337
0.8125 0.5625 0.0682523
0.78125 0.5625 0.0379705
0.78125 0.53125 0.0302429
0.78125 0.5 0.0225301
0.8125 0.5 0.0528494
0.8125 0.53125 0.0605337
0.78125 0.53125 0.0302429
0.8125 0.625 0.0837116
0.8125 0.59375 0.0759806
0.84375 0.59375 0.106261
0.84375 0.625 0.113991
0.8125 0.625 0.0837116
0.8125 0.59375 0.0759806
0.8125 0.5625 0.0682523
0.84375 0.5625 0.0985388
0.84375 0.59375 0.106261
0.8125 0.59375 0.0759806
0.84375 0.625 0.113991
0.84375 0.59375 0.106261
0.875 0.59375 0.136545
0.875 0.625 0.144271
0.84375 0.625 0.113991
0.84375 0.59375 0.106261
0.84375 0.5625 0.0985388
0.875 0.5625 0.128833
0.875 0.59375 0.136545
0.84375 0.59375 0.106261
0.8125 0.5625 0.0682523
0.8125 0.53125 0.0605337
0.84375 0.53125 0.0908381
0.84375 0.5625 0.0985388
0.8125 0.5625 0.0682523
0.8125 0.53125 0.0605337
0.8125 0.5 0.0528494
0.84375 0.5 0.0832044
0.84375 0.53125 0.0908381
0.8125 0.53125 0.0605337
0.84375 0.5625 0.0985388
0.84375 0.53125 0.0908381
0.875 0.53125 0.121162
0.875 0.5625 0.128833
0.84375 0.5625 0.0985388
0.84375 0.53125 0.0908381
0.84375 0.5 0.0832044
0.875 0.5 0.113601
0.875 0.53125 0.121162
0.84375 0.53125 0.0908381
0.875 0.75 0.178682
0.875 0.6875 0.159748
0.9375 0.6875 0.220313
0.9375 0.75 0.238791
0.875 0.75 0.178682
0.875 0.6875 0.159748
0.875 0.625 0.144271
0.9375 0.625 0.204861
0.9375 0.6875 0.220313
0.875 0.6875 0.159748
0.9375 0.75 0.238791
0.9375 0.6875 0.220313
1 0.6875 0.280928
1 0.75 0.298976
0.9375 0.75 0.238791
0.9375 0.6875 0.220313
0.9375 0.625 0.204861
1 0.625 0.265551
1 0.6875 0.280928
0.9375 0.6875 0.220313
0.875 0.625 0.144271
0.875 0.5625 0.128833
0.9375 0.5625 0.189542
0.9375 0.625 0.204861
0.875 0.625 0.144271
0.875 0.5625 0.128833
0.875 0.5 0.113601
0.9375 0.5 0.174761
0.9375 0.5625 0.189542
0.875 0.5625 0.128833
0.9375 0.625 0.204861
0.9375 0.5625 0.189542
1 0.5625 0.250478
1 0.625 0.265551
0.9375 0.625 0.204861
0.9375 0.5625 0.189542
0.9375 0.5 0.174761
1 0.5 0.236206
1 0.5625 0.250478
0.9375 0.5625 0.189542
0.5 0.5 -0.228263
0.5 0.4375 -0.186699
0.5625 0.4375 -0.165479
0.5625 0.5 -0.184484
0.5 0.5 -0.228263
0.5 0.4375 -0.186699
0.5 0.375 -0.128886
0.5625 0.375 -0.113384
0.5625 0.4375 -0.165479
0.5 0.4375 -0.186699
0.5625 0.5 -0.184484
0.5625 0.4375 -0.165479
0.625 0.4375 -0.138852
0.625 0.5 -0.128884
0.5625 0.5 -0.184484
0.5625 0.4375 -0.165479
0.5625 0.375 -0.113384
0.625 0.375 -0.0973371
0.625 0.4375 -0.138852
0.5625 0.4375 -0.165479
0.5 0.375 -0.128886
0.5 0.34375 -0.0986069
0.53125 0.34375 -0.0908747
0.53125 0.375 -0.121146
0.5 0.375 -0.128886
0.5 0.34375 -0.0986069
0.5 0.3125 -0.0683281
0.53125 0.3125 -0.0605977
0.53125 0.34375 -0.0908747
0.5 0.34375 -0.0986069
0.53125 0.375 -0.121146
0.53125 0.34375 -0.0908747
0.5625 0.34375 -0.0831379
0.5625 0.375 -0.113384
0.53125 0.375 -0.121146
0.53125 0.34375 -0.0908747
0.53125 0.3125 -0.0605977
0.5625 0.3125 -0.0528652
0.5625 0.34375 -0.0831379
0.53125 0.34375 -0.0908747
0.5 0.3125 -0.0683281
0.5 0.28125 -0.0380491
0.53125 0.28125 -0.0303192
0.53125 0.3125 -0.0605977
0.5 0.3125 -0.0683281
0.5 0.28125 -0.0380491
0.5 0.25 -0.00776997
0.53125 0.25 -4.0732e-005
0.53125 0.28125 -0.0303192
0.5 0.28125 -0.0380491
0.53125 0.3125 -0.0605977
0.53125 0.28125 -0.0303192
0.5625 0.28125 -0.0225877
0.5625 0.3125 -0.0528652
0.53125 0.3125 -0.0605977
0.53125 0.28125 -0.0303192
0.53125 0.25 -4.0732e-005
0.5625 0.25 0.00769078
0.5625 0.28125 -0.0225877
0.53125 0.28125 -0.0303192
0.5625 0.375 -0.113384
0.5625 0.34375 -0.0831379
0.59375 0.34375 -0.0753837
0.59375 0.375 -0.105534
0.5625 0.375 -0.113384
0.5625 0.34375 -0.0831379
0.5625 0.3125 -0.0528652
0.59375 0.3125 -0.0451304
0.59375 0.34375 -0.0753837
0.5625 0.34375 -0.0831379
0.59375 0.375 -0.105534
0.59375 0.34375 -0.0753837
0.625 0.34375 -0.0675558
0.625 0.375 -0.0973371
0.59375 0.375 -0.105534
0.59375 0.34375 -0.0753837
0.59375 0.3125 -0.0451304
0.625 0.3125 -0.0373855
0.625 0.34375 -0.0675558
0.59375 0.34375 -0.0753837
0.5625 0.3125 -0.0528652
0.5625 0.28125 -0.0225877
0.59375 0.28125 -0.0148559
0.59375 0.3125 -0.0451304
0.5625 0.3125 -0.0528652
0.5625 0.28125 -0.0225877
0.5625 0.25 0.00769078
0.59375 0.25 0.0154225
0.59375 0.28125 -0.0148559
0.5625 0.28125 -0.0225877
0.59375 0.3125 -0.0451304
0.59375 0.28125 -0.0148559
0.625 0.28125 -0.00712399
0.625 0.3125 -0.0373855
0.59375 0.3125 -0.0451304
0.59375 0.28125 -0.0148559
0.59375 0.25 0.0154225
0.625 0.25 0.0231543
0.625 0.28125 -0.00712399
0.59375 0.28125 -0.0148559
0.625 0.5 -0.128884
0.625 0.46875 -0.136602
0.65625 0.46875 -0.106321
0.65625 0.5 -0.0986049
0.625 0.5 -0.128884
0.625 0.46875 -0.136602
0.625 0.4375 -0.138852
0.65625 0.4375 -0.113384
0.65625 0.46875 -0.106321
0.625 0.46875 -0.136602
0.65625 0.5 -0.0986049
0.65625 0.46875 -0.106321
0.6875 0.46875 -0.0760351
0.6875 0.5 -0.0683252
0.65625 0.5 -0.0986049
0.65625 0.46875 -0.106321
0.65625 0.4375 -0.113384
0.6875 0.4375 -0.0836667
0.6875 0.46875 -0.0760351
0.65625 0.46875 -0.106321
0.625 0.4375 -0.138852
0.625 0.40625 -0.123681
0.65625 0.40625 -0.108711
0.65625 0.4375 -0.113384
0.625 0.4375 -0.138852
0.625 0.40625 -0.123681
0.625 0.375 -0.0973371
0.65625 0.375 -0.0879012
0.65625 0.40625 -0.108711
0.625 0.40625 -0.123681
0.65625 0.4375 -0.113384
0.65625 0.40625 -0.108711
0.6875 0.40625 -0.0869669
0.6875 0.4375 -0.0836667
0.65625 0.4375 -0.113384
0.65625 0.40625 -0.108711
0.65625 0.375 -0.0879012
0.6875 0.375 -0.0748855
0.6875 0.40625 -0.0869669
0.65625 0.40625 -0.108711
0.6875 0.5 -0.0683252
0.6875 0.46875 -0.0760351
0.71875 0.46875 -0.0457476
0.71875 0.5 -0.0380452
0.6875 0.5 -0.0683252
0.6875 0.46875 -0.0760351
0.6875 0.4375 -0.0836667
0.71875 0.4375 -0.0533468
0.71875 0.46875 -0.0457476
0.6875 0.46875 -0.0760351
0.71875 0.5 -0.0380452
0.71875 0.46875 -0.0457476
0.75 0.46875 -0.0154572
0.75 0.5 -0.00776449
0.71875 0.5 -0.0380452
0.71875 0.46875 -0.0457476
0.71875 0.4375 -0.0533468
0.75 0.4375 -0.023017
0.75 0.46875 -0.0154572
0.71875 0.46875 -0.0457476
0.6875 0.4375 -0.0836667
0.6875 0.40625 -0.0869669
0.71875 0.40625 -0.0601368
0.71875 0.4375 -0.0533468
0.6875 0.4375 -0.0836667
0.6875 0.40625 -0.0869669
0.6875 0.375 -0.0748855
0.71875 0.375 -0.0558273
0.71875 0.40625 -0.0601368
0.6875 0.40625 -0.0869669
0.71875 0.4375 -0.0533468
0.71875 0.40625 -0.0601368
0.75 0.40625 -0.0301332
0.75 0.4375 -0.023017
0.71875 0.4375 -0.0533468
0.71875 0.40625 -0.0601368
0.71875 0.375 -0.0558273
0.75 0.375 -0.0313473
0.75 0.40625 -0.0301332
0.71875 0.40625 -0.0601368
0.625 0.375 -0.0973371
0.625 0.34375 -0.0675558
0.65625 0.34375 -0.0594244
0.65625 0.375 -0.0879012
0.625 0.375 -0.0973371
0.625 0.34375 -0.0675558
0.625 0.3125 -0.0373855
0.65625 0.3125 -0.0295985
0.65625 0.34375 -0.0594244
0.625 0.34375 -0.0675558
0.65625 0.375 -0.0879012
0.65625 0.34375 -0.0594244
0.6875 0.34375 -0.0501391
0.6875 0.375 -0.0748855
0.65625 0.375 -0.0879012
0.65625 0.34375 -0.0594244
0.65625 0.3125 -0.0295985
0.6875 0.3125 -0.0216292
0.6875 0.34375 -0.0501391
0.65625 0.34375 -0.0594244
0.625 0.3125 -0.0373855
0.625 0.28125 -0.00712399
0.65625 0.28125 0.000610471
0.65625 0.3125 -0.0295985
0.625 0.3125 -0.0373855
0.625 0.28125 -0.00712399
0.625 0.25 0.0231543
0.65625 0.25 0.030888
0.65625 0.28125 0.000610471
0.625 0.28125 -0.00712399
0.65625 0.3125 -0.0295985
0.65625 0.28125 0.000610471
0.6875 0.28125 0.00843131
0.6875 0.3125 -0.0216292
0.65625 0.3125 -0.0295985
0.65625 0.28125 0.000610471
0.65625 0.25 0.030888
0.6875 0.25 0.0386818
0.6875 0.28125 0.00843131
0.65625 0.28125 0.000610471
0.6875 0.375 -0.0748855
0.6875 0.34375 -0.0501391
0.71875 0.34375 -0.0375434
0.71875 0.375 -0.0558273
0.6875 0.375 -0.0748855
0.6875 0.34375 -0.0501391
0.6875 0.3125 -0.0216292
0.71875 0.3125 -0.0125661
0.71875 0.34375 -0.0375434
0.6875 0.34375 -0.0501391
0.71875 0.375 -0.0558273
0.71875 0.34375 -0.0375434
0.75 0.34375 -0.0195723
0.75 0.375 -0.0313473
0.71875 0.375 -0.0558273
0.71875 0.34375 -0.0375434
0.71875 0.3125 -0.0125661
0.75 0.3125 0.000312021
0.75 0.34375 -0.0195723
0.71875 0.34375 -0.0375434
0.6875 0.3125 -0.0216292
0.6875 0.28125 0.00843131
0.71875 0.28125 0.0169743
0.71875 0.3125 -0.0125661
0.6875 0.3125 -0.0216292
0.6875 0.28125 0.00843131
0.6875 0.25 0.0386818
0.71875 0.25 0.0469915
0.71875 0.28125 0.0169743
0.6875 0.28125 0.00843131
0.71875 0.3125 -0.0125661
0.71875 0.28125 0.0169743
0.75 0.28125 0.0283774
0.75 0.3125 0.000312021
0.71875 0.3125 -0.0125661
0.71875 0.28125 0.0169743
0.71875 0.25 0.0469915
0.75 0.25 0.0572949
0.75 0.28125 0.0283774
0.71875 0.28125 0.0169743
0.5 0.25 -0.00776997
0.5 0.21875 0.0225112
0.53125 0.21875 0.0302382
0.53125 0.25 -4.0732e-005
0.5 0.25 -0.00776997
0.5 0.21875 0.0225112
0.5 0.1875 0.0527958
0.53125 0.1875 0.0605177
0.53125 0.21875 0.0302382
0.5 0.21875 0.0225112
0.53125 0.25 -4.0732e-005
0.53125 0.21875 0.0302382
0.5625 0.21875 0.0379693
0.5625 0.25 0.00769078
0.53125 0.25 -4.0732e-005
0.53125 0.21875 0.0302382
0.53125 0.1875 0.0605177
0.5625 0.1875 0.0682479
0.5625 0.21875 0.0379693
0.53125 0.21875 0.0302382
0.5 0.1875 0.0527958
0.5 0.15625 0.0830855
0.53125 0.15625 0.0907984
0.53125 0.1875 0.0605177
0.5 0.1875 0.0527958
0.5 0.15625 0.0830855
0.5 0.125 0.113383
0.53125 0.125 0.121081
0.53125 0.15625 0.0907984
0.5 0.15625 0.0830855
0.53125 0.1875 0.0605177
0.53125 0.15625 0.0907984
0.5625 0.15625 0.0985267
0.5625 0.1875 0.0682479
0.53125 0.1875 0.0605177
0.53125 0.15625 0.0907984
0.53125 0.125 0.121081
0.5625 0.125 0.128806
0.5625 0.15625 0.0985267
0.53125 0.15625 0.0907984
0.5625 0.25 0.00769078
0.5625 0.21875 0.0379693
0.59375 0.21875 0.0457009
0.59375 0.25 0.0154225
0.5625 0.25 0.00769078
0.5625 0.21875 0.0379693
0.5625 0.1875 0.0682479
0.59375 0.1875 0.0759793
0.59375 0.21875 0.0457009
0.5625 0.21875 0.0379693
0.59375 0.25 0.0154225
0.59375 0.21875 0.0457009
0.625 0.21875 0.0534327
0.625 0.25 0.0231543
0.59375 0.25 0.0154225
0.59375 0.21875 0.0457009
0.59375 0.1875 0.0759793
0.625 0.1875 0.0837111
0.625 0.21875 0.0534327
0.59375 0.21875 0.0457009
0.5625 0.1875 0.0682479
0.5625 0.15625 0.0985267
0.59375 0.15625 0.106258
0.59375 0.1875 0.0759793
0.5625 0.1875 0.0682479
0.5625 0.15625 0.0985267
0.5625 0.125 0.128806
0.59375 0.125 0.136536
0.59375 0.15625 0.106258
0.5625 0.15625 0.0985267
0.59375 0.1875 0.0759793
0.59375 0.15625 0.106258
0.625 0.15625 0.113989
0.625 0.1875 0.0837111
0.59375 0.1875 0.0759793
0.59375 0.15625 0.106258
0.59375 0.125 0.136536
0.625 0.125 0.144268
0.625 0.15625 0.113989
0.59375 0.15625 0.106258
0.5 0.125 0.113383
0.5 0.0625 0.174072
0.5625 0.0625 0.189377
0.5625 0.125 0.128806
0.5 0.125 0.113383
0.5 0.0625 0.174072
0.5 0 0.234951
0.5625 0 0.249995
0.5625 0.0625 0.189377
0.5 0.0625 0.174072
0.5625 0.125 0.128806
0.5625 0.0625 0.189377
0.625 0.0625 0.204825
0.625 0.125 0.144268
0.5625 0.125 0.128806
0.5625 0.0625 0.189377
0.5625 0 0.249995
0.625 0 0.265392
0.625 0.0625 0.204825
0.5625 0.0625 0.189377
0.625 0.25 0.0231543
0.625 0.21875 0.0534327
0.65625 0.21875 0.0611658
0.65625 0.25 0.030888
0.625 0.25 0.0231543
0.625 0.21875 0.0534327
0.625 0.1875 0.0837111
0.65625 0.1875 0.0914438
0.65625 0.21875 0.0611658
0.625 0.21875 0.0534327
0.65625 0.25 0.030888
0.65625 0.21875 0.0611658
0.6875 0.21875 0.0689401
0.6875 0.25 0.0386818
0.65625 0.25 0.030888
0.65625 0.21875 0.0611658
0.65625 0.1875 0.0914438
0.6875 0.1875 0.0992041
0.6875 0.21875 0.0689401
0.65625 0.21875 0.0611658
0.625 0.1875 0.0837111
0.625 0.15625 0.113989
0.65625 0.15625 0.121722
0.65625 0.1875 0.0914438
0.625 0.1875 0.0837111
0.625 0.15625 0.113989
0.625 0.125 0.144268
0.65625 0.125 0.152
0.65625 0.15625 0.121722
0.625 0.15625 0.113989
0.65625 0.1875 0.0914438
0.65625 0.15625 0.121722
0.6875 0.15625 0.129472
0.6875 0.1875 0.0992041
0.65625 0.1875 0.0914438
0.65625 0.15625 0.121722
0.65625 0.125 0.152
0.6875 0.125 0.159744
0.6875 0.15625 0.129472
0.65625 0.15625 0.121722
0.6875 0.25 0.0386818
0.6875 0.21875 0.0689401
0.71875 0.21875 0.0770763
0.71875 0.25 0.0469915
0.6875 0.25 0.0386818
0.6875 0.21875 0.0689401
0.6875 0.1875 0.0992041
0.71875 0.1875 0.107235
0.71875 0.21875 0.0770763
0.6875 0.21875 0.0689401
0.71875 0.25 0.0469915
0.71875 0.21875 0.0770763
0.75 0.21875 0.0866542
0.75 0.25 0.0572949
0.71875 0.25 0.0469915
0.71875 0.21875 0.0770763
0.71875 0.1875 0.107235
0.75 0.1875 0.116267
0.75 0.21875 0.0866542
0.71875 0.21875 0.0770763
0.6875 0.1875 0.0992041
0.6875 0.125 0.159744
0.75 0.125 0.176229
0.75 0.1875 0.116267
0.6875 0.1875 0.0992041
0.625 0.125 0.144268
0.625 0.0625 0.204825
0.6875 0.0625 0.220296
0.6875 0.125 0.159744
0.625 0.125 0.144268
0.625 0.0625 0.204825
0.625 0 0.265392
0.6875 0 0.280847
0.6875 0.0625 0.220296
0.625 0.0625 0.204825
0.6875 0.125 0.159744
0.6875 0.0625 0.220296
0.75 0.0625 0.236434
0.75 0.125 0.176229
0.6875 0.125 0.159744
0.6875 0.0625 0.220296
0.6875 0 0.280847
0.75 0 0.296797
0.75 0.0625 0.236434
0.6875 0.0625 0.220296
0.75 0.5 -0.00776449
0.75 0.46875 -0.0154572
0.78125 0.46875 0.0148714
0.78125 0.5 0.0225301
0.75 0.5 -0.00776449
0.75 0.46875 -0.0154572
0.75 0.4375 -0.023017
0.78125 0.4375 0.00739758
0.78125 0.46875 0.0148714
0.75 0.46875 -0.0154572
0.78125 0.5 0.0225301
0.78125 0.46875 0.0148714
0.8125 0.46875 0.045275
0.8125 0.5 0.0528494
0.78125 0.5 0.0225301
0.78125 0.46875 0.0148714
0.78125 0.4375 0.00739758
0.8125 0.4375 0.0380407
0.8125 0.46875 0.045275
0.78125 0.46875 0.0148714
0.75 0.4375 -0.023017
0.75 0.40625 -0.0301332
0.78125 0.40625 0.000572176
0.78125 0.4375 0.00739758
0.75 0.4375 -0.023017
0.75 0.40625 -0.0301332
0.75 0.375 -0.0313473
0.78125 0.375 -0.0030208
0.78125 0.40625 0.000572176
0.75 0.40625 -0.0301332
0.78125 0.4375 0.00739758
0.78125 0.40625 0.000572176
0.8125 0.40625 0.0317333
0.8125 0.4375 0.0380407
0.78125 0.4375 0.00739758
0.78125 0.40625 0.000572176
0.78125 0.375 -0.0030208
0.8125 0.375 0.0280645
0.8125 0.40625 0.0317333
0.78125 0.40625 0.000572176
0.8125 0.5 0.0528494
0.8125 0.46875 0.045275
0.84375 0.46875 0.0757606
0.84375 0.5 0.0832044
0.8125 0.5 0.0528494
0.8125 0.46875 0.045275
0.8125 0.4375 0.0380407
0.84375 0.4375 0.0687966
0.84375 0.46875 0.0757606
0.8125 0.46875 0.045275
0.84375 0.5 0.0832044
0.84375 0.46875 0.0757606
0.875 0.46875 0.10631
0.875 0.5 0.113601
0.84375 0.5 0.0832044
0.84375 0.46875 0.0757606
0.84375 0.4375 0.0687966
0.875 0.4375 0.0996081
0.875 0.46875 0.10631
0.84375 0.46875 0.0757606
0.8125 0.4375 0.0380407
0.8125 0.40625 0.0317333
0.84375 0.40625 0.0628899
0.84375 0.4375 0.0687966
0.8125 0.4375 0.0380407
0.8125 0.40625 0.0317333
0.8125 0.375 0.0280645
0.84375 0.375 0.0593162
0.84375 0.40625 0.0628899
0.8125 0.40625 0.0317333
0.84375 0.4375 0.0687966
0.84375 0.40625 0.0628899
0.875 0.40625 0.0940333
0.875 0.4375 0.0996081
0.84375 0.4375 0.0687966
0.84375 0.40625 0.0628899
0.84375 0.375 0.0593162
0.875 0.375 0.0905579
0.875 0.40625 0.0940333
0.84375 0.40625 0.0628899
0.75 0.375 -0.0313473
0.75 0.34375 -0.0195723
0.78125 0.34375 0.00374113
0.78125 0.375 -0.0030208
0.75 0.375 -0.0313473
0.75 0.34375 -0.0195723
0.75 0.3125 0.000312021
0.78125 0.3125 0.0218175
0.78125 0.34375 0.00374113
0.75 0.34375 -0.0195723
0.78125 0.375 -0.0030208
0.78125 0.34375 0.00374113
0.8125 0.34375 0.0332179
0.8125 0.375 0.0280645
0.78125 0.375 -0.0030208
0.78125 0.34375 0.00374113
0.78125 0.3125 0.0218175
0.8125 0.3125 0.0472983
0.8125 0.34375 0.0332179
0.78125 0.34375 0.00374113
0.75 0.3125 0.000312021
0.75 0.28125 0.0283774
0.78125 0.28125 0.0450577
0.78125 0.3125 0.0218175
0.75 0.3125 0.000312021
0.75 0.28125 0.0283774
0.75 0.25 0.0572949
0.78125 0.25 0.0712873
0.78125 0.28125 0.0450577
0.75 0.28125 0.0283774
0.78125 0.3125 0.0218175
0.78125 0.28125 0.0450577
0.8125 0.28125 0.0666439
0.8125 0.3125 0.0472983
0.78125 0.3125 0.0218175
0.78125 0.28125 0.0450577
0.78125 0.25 0.0712873
0.8125 0.25 0.0895756
0.8125 0.28125 0.0666439
0.78125 0.28125 0.0450577
0.8125 0.375 0.0280645
0.8125 0.34375 0.0332179
0.84375 0.34375 0.0632372
0.84375 0.375 0.0593162
0.8125 0.375 0.0280645
0.8125 0.34375 0.0332179
0.8125 0.3125 0.0472983
0.84375 0.3125 0.0746822
0.84375 0.34375 0.0632372
0.8125 0.34375 0.0332179
0.84375 0.375 0.0593162
0.84375 0.34375 0.0632372
0.875 0.34375 0.0938286
0.875 0.375 0.0905579
0.84375 0.375 0.0593162
0.84375 0.34375 0.0632372
0.84375 0.3125 0.0746822
0.875 0.3125 0.103194
0.875 0.34375 0.0938286
0.84375 0.34375 0.0632372
0.8125 0.3125 0.0472983
0.8125 0.28125 0.0666439
0.84375 0.28125 0.0908678
0.84375 0.3125 0.0746822
0.8125 0.3125 0.0472983
0.8125 0.28125 0.0666439
0.8125 0.25 0.0895756
0.84375 0.25 0.111006
0.84375 0.28125 0.0908678
0.8125 0.28125 0.0666439
0.84375 0.3125 0.0746822
0.84375 0.28125 0.0908678
0.875 0.28125 0.117049
0.875 0.3125 0.103194
0.84375 0.3125 0.0746822
0.84375 0.28125 0.0908678
0.84375 0.25 0.111006
0.875 0.25 0.134786
0.875 0.28125 0.117049
0.84375 0.28125 0.0908678
0.875 0.5 0.113601
0.875 0.4375 0.0996081
0.9375 0.4375 0.161741
0.9375 0.5 0.174761
0.875 0.5 0.113601
0.875 0.4375 0.0996081
0.875 0.375 0.0905579
0.9375 0.375 0.153034
0.9375 0.4375 0.161741
0.875 0.4375 0.0996081
0.9375 0.5 0.174761
0.9375 0.4375 0.161741
1 0.4375 0.223881
1 0.5 0.236206
0.9375 0.5 0.174761
0.9375 0.4375 0.161741
0.9375 0.375 0.153034
1 0.375 0.215495
1 0.4375 0.223881
0.9375 0.4375 0.161741
0.875 0.375 0.0905579
0.875 0.3125 0.103194
0.9375 0.3125 0.162405
0.9375 0.375 0.153034
0.875 0.375 0.0905579
0.875 0.3125 0.103194
0.875 0.25 0.134786
0.9375 0.25 0.18733
0.9375 0.3125 0.162405
0.875 0.3125 0.103194
0.9375 0.375 0.153034
0.9375 0.3125 0.162405
1 0.3125 0.223138
1 0.375 0.215495
0.9375 0.375 0.153034
0.9375 0.3125 0.162405
0.9375 0.25 0.18733
1 0.25 0.2442
1 0.3125 0.223138
0.9375 0.3125 0.162405
0.75 0.25 0.0572949
0.75 0.21875 0.0866542
0.78125 0.21875 0.0989384
0.78125 0.25 0.0712873
0.75 0.25 0.0572949
0.75 0.21875 0.0866542
0.75 0.1875 0.116267
0.78125 0.1875 0.127405
0.78125 0.21875 0.0989384
0.75 0.21875 0.0866542
0.78125 0.25 0.0712873
0.78125 0.21875 0.0989384
0.8125 0.21875 0.114619
0.8125 0.25 0.0895756
0.78125 0.25 0.0712873
0.78125 0.21875 0.0989384
0.78125 0.1875 0.127405
0.8125 0.1875 0.141224
0.8125 0.21875 0.114619
0.78125 0.21875 0.0989384
0.75 0.1875 0.116267
0.75 0.125 0.176229
0.8125 0.125 0.198028
0.8125 0.1875 0.141224
0.75 0.1875 0.116267
0.8125 0.25 0.0895756
0.8125 0.1875 0.141224
0.875 0.1875 0.177683
0.875 0.25 0.134786
0.8125 0.25 0.0895756
0.8125 0.1875 0.141224
0.8125 0.125 0.198028
0.875 0.125 0.228495
0.875 0.1875 0.177683
0.8125 0.1875 0.141224
0.75 0.125 0.176229
0.75 0.0625 0.236434
0.8125 0.0625 0.256137
0.8125 0.125 0.198028
0.75 0.125 0.176229
0.75 0.0625 0.236434
0.75 0 0.296797
0.8125 0 0.315381
0.8125 0.0625 0.256137
0.75 0.0625 0.236434
0.8125 0.125 0.198028
0.8125 0.0625 0.256137
0.875 0.0625 0.282199
0.875 0.125 0.228495
0.8125 0.125 0.198028
0.8125 0.0625 0.256137
0.8125 0 0.315381
0.875 0 0.33895
0.875 0.0625 0.282199
0.8125 0.0625 0.256137
0.875 0.25 0.134786
0.875 0.1875 0.177683
0.9375 0.1875 0.222382
0.9375 0.25 0.18733
0.875 0.25 0.134786
0.875 0.1875 0.177683
0.875 0.125 0.228495
0.9375 0.125 0.266163
0.9375 0.1875 0.222382
0.875 0.1875 0.177683
0.9375 0.25 0.18733
0.9375 0.1875 0.222382
1 0.1875 0.274558
1 0.25 0.2442
0.9375 0.25 0.18733
0.9375 0.1875 0.222382
0.9375 0.125 0.266163
1 0.125 0.312496
1 0.1875 0.274558
0.9375 0.1875 0.222382
0.875 0.125 0.228495
0.875 0 0.33895
1 0 0.413061
1 0.125 0.312496
0.875 0.125 0.228495
