0 1 0.448384
0 0.875 0.372356
0.125 0.875 0.261288
0.125 1 0.34923
0 1 0.448384
0 0.875 0.372356
0 0.75 0.308816
0.125 0.75 0.191483
0.125 0.875 0.261288
0 0.875 0.372356
0.125 1 0.34923
0.125 0.9375 0.303824
0.1875 0.9375 0.259191
0.1875 1 0.308954
0.125 1 0.34923
0.125 0.9375 0.303824
0.125 0.875 0.261288
0.1875 0.875 0.211961
0.1875 0.9375 0.259191
0.125 0.9375 0.303824
0.1875 1 0.308954
0.1875 0.9375 0.259191
0.25 0.9375 0.219311
0.25 1 0.273828
0.1875 1 0.308954
0.1875 0.9375 0.259191
0.1875 0.875 0.211961
0.25 0.875 0.166717
0.25 0.9375 0.219311
0.1875 0.9375 0.259191
0.125 0.875 0.261288
0.125 0.8125 0.22343
0.1875 0.8125 0.169029
0.1875 0.875 0.211961
0.125 0.875 0.261288
0.125 0.8125 0.22343
0.125 0.75 0.191483
0.1875 0.75 0.133799
0.1875 0.8125 0.169029
0.125 0.8125 0.22343
0.1875 0.875 0.211961
0.1875 0.8125 0.169029
0.25 0.8125 0.119388
0.25 0.875 0.166717
0.1875 0.875 0.211961
0.1875 0.8125 0.169029
0.1875 0.78125 0.150497
0.21875 0.78125 0.12392
0.21875 0.8125 0.143742
0.1875 0.8125 0.169029
0.1875 0.78125 0.150497
0.1875 0.75 0.133799
0.21875 0.75 0.106024
0.21875 0.78125 0.12392
0.1875 0.78125 0.150497
0.21875 0.8125 0.143742
0.21875 0.78125 0.12392
0.25 0.78125 0.0980511
0.25 0.8125 0.119388
0.21875 0.8125 0.143742
0.21875 0.78125 0.12392
0.21875 0.75 0.106024
0.25 0.75 0.0786992
0.25 0.78125 0.0980511
0.21875 0.78125 0.12392
0 0.75 0.308816
0 0.6875 0.285578
0.0625 0.6875 0.225267
0.0625 0.75 0.2498
0 0.75 0.308816
0 0.6875 0.285578
0 0.625 0.267658
0.0625 0.625 0.206624
0.0625 0.6875 0.225267
0 0.6875 0.285578
0.0625 0.75 0.2498
0.0625 0.6875 0.225267
0.125 0.6875 0.165351
0.125 0.75 0.191483
0.0625 0.75 0.2498
0.0625 0.6875 0.225267
0.0625 0.625 0.206624
0.125 0.625 0.145861
0.125 0.6875 0.165351
0.0625 0.6875 0.225267
0 0.625 0.267658
0 0.5625 0.252695
0.0625 0.5625 0.191037
0.0625 0.625 0.206624
0 0.625 0.267658
0 0.5625 0.252695
0 0.5 0.240868
0.0625 0.5 0.178606
0.0625 0.5625 0.191037
0 0.5625 0.252695
0.0625 0.625 0.206624
0.0625 0.5625 0.191037
0.125 0.5625 0.129597
0.125 0.625 0.145861
0.0625 0.625 0.206624
0.0625 0.5625 0.191037
0.0625 0.5 0.178606
0.125 0.5 0.116381
0.125 0.5625 0.129597
0.0625 0.5625 0.191037
0.125 0.75 0.191483
0.125 0.6875 0.165351
0.1875 0.6875 0.106175
0.1875 0.75 0.133799
0.125 0.75 0.191483
0.125 0.6875 0.165351
0.125 0.65625 0.155066
0.15625 0.65625 0.125115
0.15625 0.6875 0.135717
0.125 0.6875 0.165351
0.125 0.65625 0.155066
0.125 0.625 0.145861
0.15625 0.625 0.115713
0.15625 0.65625 0.125115
0.125 0.65625 0.155066
0.15625 0.6875 0.135717
0.15625 0.65625 0.125115
0.1875 0.65625 0.0952187
0.1875 0.6875 0.106175
0.15625 0.6875 0.135717
0.15625 0.65625 0.125115
0.15625 0.625 0.115713
0.1875 0.625 0.0856116
0.1875 0.65625 0.0952187
0.15625 0.65625 0.125115
0.1875 0.75 0.133799
0.1875 0.71875 0.119023
0.21875 0.71875 0.0902567
0.21875 0.75 0.106024
0.1875 0.75 0.133799
0.1875 0.71875 0.119023
0.1875 0.6875 0.106175
0.21875 0.6875 0.0767325
0.21875 0.71875 0.0902567
0.1875 0.71875 0.119023
0.21875 0.75 0.106024
0.21875 0.71875 0.0902567
0.25 0.71875 0.0617127
0.25 0.75 0.0786992
0.21875 0.75 0.106024
0.21875 0.71875 0.0902567
0.21875 0.6875 0.0767325
0.25 0.6875 0.0473923
0.25 0.71875 0.0617127
0.21875 0.71875 0.0902567
0.1875 0.6875 0.106175
0.1875 0.65625 0.0952187
0.21875 0.65625 0.0653781
0.21875 0.6875 0.0767325
0.1875 0.6875 0.106175
0.1875 0.65625 0.0952187
0.1875 0.625 0.0856116
0.21875 0.625 0.0555548
0.21875 0.65625 0.0653781
0.1875 0.65625 0.0952187
0.21875 0.6875 0.0767325
0.21875 0.65625 0.0653781
0.25 0.65625 0.0355934
0.25 0.6875 0.0473923
0.21875 0.6875 0.0767325
0.21875 0.65625 0.0653781
0.21875 0.625 0.0555548
0.25 0.625 0.0255424
0.25 0.65625 0.0355934
0.21875 0.65625 0.0653781
0.125 0.625 0.145861
0.125 0.59375 0.137421
0.15625 0.59375 0.107116
0.15625 0.625 0.115713
0.125 0.625 0.145861
0.125 0.59375 0.137421
0.125 0.5625 0.129597
0.15625 0.5625 0.0991072
0.15625 0.59375 0.107116
0.125 0.59375 0.137421
0.15625 0.625 0.115713
0.15625 0.59375 0.107116
0.1875 0.59375 0.0768596
0.1875 0.625 0.0856116
0.15625 0.625 0.115713
0.15625 0.59375 0.107116
0.15625 0.5625 0.0991072
0.1875 0.5625 0.0686698
0.1875 0.59375 0.0768596
0.15625 0.59375 0.107116
0.125 0.5625 0.129597
0.125 0.53125 0.122513
0.15625 0.53125 0.0918046
0.15625 0.5625 0.0991072
0.125 0.5625 0.129597
0.125 0.53125 0.122513
0.125 0.5 0.116381
0.15625 0.5 0.0854437
0.15625 0.53125 0.0918046
0.125 0.53125 0.122513
0.15625 0.5625 0.0991072
0.15625 0.53125 0.0918046
0.1875 0.53125 0.06114
0.1875 0.5625 0.0686698
0.15625 0.5625 0.0991072
0.15625 0.53125 0.0918046
0.15625 0.5 0.0854437
0.1875 0.5 0.0545329
0.1875 0.53125 0.06114
0.15625 0.53125 0.0918046
0.1875 0.625 0.0856116
0.1875 0.59375 0.0768596
0.21875 0.59375 0.0466514
0.21875 0.625 0.0555548
0.1875 0.625 0.0856116
0.1875 0.59375 0.0768596
0.1875 0.5625 0.0686698
0.21875 0.5625 0.0382916
0.21875 0.59375 0.0466514
0.1875 0.59375 0.0768596
0.21875 0.625 0.0555548
0.21875 0.59375 0.0466514
0.25 0.59375 0.0164894
0.25 0.625 0.0255424
0.21875 0.625 0.0555548
0.21875 0.59375 0.0466514
0.21875 0.5625 0.0382916
0.25 0.5625 0.00797998
0.25 0.59375 0.0164894
0.21875 0.59375 0.0466514
0.1875 0.5625 0.0686698
0.1875 0.53125 0.06114
0.21875 0.53125 0.0305262
0.21875 0.5625 0.0382916
0.1875 0.5625 0.0686698
0.1875 0.53125 0.06114
0.1875 0.5 0.0545329
0.21875 0.5 0.0236561
0.21875 0.53125 0.0305262
0.1875 0.53125 0.06114
0.21875 0.5625 0.0382916
0.21875 0.53125 0.0305262
0.25 0.53125 -2.69972e-005
0.25 0.5625 0.00797998
0.21875 0.5625 0.0382916
0.21875 0.53125 0.0305262
0.21875 0.5 0.0236561
0.25 0.5 -0.00709076
0.25 0.53125 -2.69972e-005
0.21875 0.53125 0.0305262
0.25 1 0.273828
0.25 0.9375 0.219311
0.3125 0.9375 0.188993
0.3125 1 0.248098
0.25 1 0.273828
0.25 0.9375 0.219311
0.25 0.875 0.166717
0.3125 0.875 0.130831
0.3125 0.9375 0.188993
0.25 0.9375 0.219311
0.3125 1 0.248098
0.3125 0.9375 0.188993
0.375 0.9375 0.171348
0.375 1 0.233393
0.3125 1 0.248098
0.3125 0.9375 0.188993
0.3125 0.875 0.130831
0.375 0.875 0.109387
0.375 0.9375 0.171348
0.3125 0.9375 0.188993
0.25 0.875 0.166717
0.25 0.84375 0.142377
0.28125 0.84375 0.12153
0.28125 0.875 0.147602
0.25 0.875 0.166717
0.25 0.84375 0.142377
0.25 0.8125 0.119388
0.28125 0.8125 0.0966922
0.28125 0.84375 0.12153
0.25 0.84375 0.142377
0.28125 0.875 0.147602
0.28125 0.84375 0.12153
0.3125 0.84375 0.102989
0.3125 0.875 0.130831
0.28125 0.875 0.147602
0.28125 0.84375 0.12153
0.28125 0.8125 0.0966922
0.3125 0.8125 0.0760958
0.3125 0.84375 0.102989
0.28125 0.84375 0.12153
0.25 0.8125 0.119388
0.25 0.78125 0.0980511
0.28125 0.78125 0.0734033
0.28125 0.8125 0.0966922
0.25 0.8125 0.119388
0.25 0.78125 0.0980511
0.25 0.75 0.0786992
0.28125 0.75 0.0521334
0.28125 0.78125 0.0734033
0.25 0.78125 0.0980511
0.28125 0.8125 0.0966922
0.28125 0.78125 0.0734033
0.3125 0.78125 0.0504853
0.3125 0.8125 0.0760958
0.28125 0.8125 0.0966922
0.28125 0.78125 0.0734033
0.28125 0.75 0.0521334
0.3125 0.75 0.0267026
0.3125 0.78125 0.0504853
0.28125 0.78125 0.0734033
0.3125 0.875 0.130831
0.3125 0.84375 0.102989
0.34375 0.84375 0.0881901
0.34375 0.875 0.117744
0.3125 0.875 0.130831
0.3125 0.84375 0.102989
0.3125 0.8125 0.0760958
0.34375 0.8125 0.0591318
0.34375 0.84375 0.0881901
0.3125 0.84375 0.102989
0.34375 0.875 0.117744
0.34375 0.84375 0.0881901
0.375 0.84375 0.0786685
0.375 0.875 0.109387
0.34375 0.875 0.117744
0.34375 0.84375 0.0881901
0.34375 0.8125 0.0591318
0.375 0.8125 0.0481184
0.375 0.84375 0.0786685
0.34375 0.84375 0.0881901
0.3125 0.8125 0.0760958
0.3125 0.78125 0.0504853
0.34375 0.78125 0.0308116
0.34375 0.8125 0.0591318
0.3125 0.8125 0.0760958
0.3125 0.78125 0.0504853
0.3125 0.75 0.0267026
0.34375 0.75 0.00361864
0.34375 0.78125 0.0308116
0.3125 0.78125 0.0504853
0.34375 0.8125 0.0591318
0.34375 0.78125 0.0308116
0.375 0.78125 0.0177897
0.375 0.8125 0.0481184
0.34375 0.8125 0.0591318
0.34375 0.78125 0.0308116
0.34375 0.75 0.00361864
0.375 0.75 -0.0118676
0.375 0.78125 0.0177897
0.34375 0.78125 0.0308116
0.375 1 0.233393
0.375 0.9375 0.171348
0.4375 0.9375 0.1684
0.4375 1 0.230862
0.375 1 0.233393
0.375 0.9375 0.171348
0.375 0.875 0.109387
0.4375 0.875 0.105945
0.4375 0.9375 0.1684
0.375 0.9375 0.171348
0.4375 1 0.230862
0.4375 0.9375 0.1684
0.5 0.9375 0.176408
0.5 1 0.23814
0.4375 1 0.230862
0.4375 0.9375 0.1684
0.4375 0.875 0.105945
0.5 0.875 0.114761
0.5 0.9375 0.176408
0.4375 0.9375 0.1684
0.375 0.875 0.109387
0.375 0.84375 0.0786685
0.40625 0.84375 0.0742324
0.40625 0.875 0.105464
0.375 0.875 0.109387
0.375 0.84375 0.0786685
0.375 0.8125 0.0481184
0.40625 0.8125 0.0430051
0.40625 0.84375 0.0742324
0.375 0.84375 0.0786685
0.40625 0.875 0.105464
0.40625 0.84375 0.0742324
0.4375 0.84375 0.0747521
0.4375 0.875 0.105945
0.40625 0.875 0.105464
0.40625 0.84375 0.0742324
0.40625 0.8125 0.0430051
0.4375 0.8125 0.0435709
0.4375 0.84375 0.0747521
0.40625 0.84375 0.0742324
0.375 0.8125 0.0481184
0.375 0.78125 0.0177897
0.40625 0.78125 0.0117776
0.40625 0.8125 0.0430051
0.375 0.8125 0.0481184
0.375 0.78125 0.0177897
0.375 0.75 -0.0118676
0.40625 0.75 -0.0193635
0.40625 0.78125 0.0117776
0.375 0.78125 0.0177897
0.40625 0.8125 0.0430051
0.40625 0.78125 0.0117776
0.4375 0.78125 0.0123995
0.4375 0.8125 0.0435709
0.40625 0.8125 0.0430051
0.40625 0.78125 0.0117776
0.40625 0.75 -0.0193635
0.4375 0.75 -0.0186993
0.4375 0.78125 0.0123995
0.40625 0.78125 0.0117776
0.4375 0.875 0.105945
0.4375 0.84375 0.0747521
0.46875 0.84375 0.07847
0.46875 0.875 0.109429
0.4375 0.875 0.105945
0.4375 0.84375 0.0747521
0.4375 0.8125 0.0435709
0.46875 0.8125 0.0475493
0.46875 0.84375 0.07847
0.4375 0.84375 0.0747521
0.46875 0.875 0.109429
0.46875 0.84375 0.07847
0.5 0.84375 0.084053
0.5 0.875 0.114761
0.46875 0.875 0.109429
0.46875 0.84375 0.07847
0.46875 0.8125 0.0475493
0.5 0.8125 0.0533935
0.5 0.84375 0.084053
0.46875 0.84375 0.07847
0.4375 0.8125 0.0435709
0.4375 0.78125 0.0123995
0.46875 0.78125 0.0166682
0.46875 0.8125 0.0475493
0.4375 0.8125 0.0435709
0.4375 0.78125 0.0123995
0.4375 0.75 -0.0186993
0.46875 0.75 -0.0141166
0.46875 0.78125 0.0166682
0.4375 0.78125 0.0123995
0.46875 0.8125 0.0475493
0.46875 0.78125 0.0166682
0.5 0.78125 0.0227827
0.5 0.8125 0.0533935
0.46875 0.8125 0.0475493
0.46875 0.78125 0.0166682
0.46875 0.75 -0.0141166
0.5 0.75 -0.00775425
0.5 0.78125 0.0227827
0.46875 0.78125 0.0166682
0.25 0.75 0.0786992
0.25 0.71875 0.0617127
0.28125 0.71875 0.0334845
0.28125 0.75 0.0521334
0.25 0.75 0.0786992
0.25 0.71875 0.0617127
0.25 0.6875 0.0473923
0.28125 0.6875 0.018178
0.28125 0.71875 0.0334845
0.25 0.71875 0.0617127
0.28125 0.75 0.0521334
0.28125 0.71875 0.0334845
0.3125 0.71875 0.0056405
0.3125 0.75 0.0267026
0.28125 0.75 0.0521334
0.28125 0.71875 0.0334845
0.28125 0.6875 0.018178
0.3125 0.6875 -0.0103721
0.3125 0.71875 0.0056405
0.28125 0.71875 0.0334845
0.25 0.6875 0.0473923
0.25 0.65625 0.0355934
0.28125 0.65625 0.00586926
0.28125 0.6875 0.018178
0.25 0.6875 0.0473923
0.25 0.65625 0.0355934
0.25 0.625 0.0255424
0.28125 0.625 -0.0043758
0.28125 0.65625 0.00586926
0.25 0.65625 0.0355934
0.28125 0.6875 0.018178
0.28125 0.65625 0.00586926
0.3125 0.65625 -0.0233223
0.3125 0.6875 -0.0103721
0.28125 0.6875 0.018178
0.28125 0.65625 0.00586926
0.28125 0.625 -0.0043758
0.3125 0.625 -0.0340541
0.3125 0.65625 -0.0233223
0.28125 0.65625 0.00586926
0.3125 0.75 0.0267026
0.3125 0.71875 0.0056405
0.34375 0.71875 -0.0192478
0.34375 0.75 0.00361864
0.3125 0.75 0.0267026
0.3125 0.71875 0.0056405
0.3125 0.6875 -0.0103721
0.34375 0.6875 -0.0376322
0.34375 0.71875 -0.0192478
0.3125 0.71875 0.0056405
0.34375 0.75 0.00361864
0.34375 0.71875 -0.0192478
0.375 0.71875 -0.0390924
0.375 0.75 -0.0118676
0.34375 0.75 0.00361864
0.34375 0.71875 -0.0192478
0.34375 0.6875 -0.0376322
0.375 0.6875 -0.0621585
0.375 0.71875 -0.0390924
0.34375 0.71875 -0.0192478
0.3125 0.6875 -0.0103721
0.3125 0.65625 -0.0233223
0.34375 0.65625 -0.0520148
0.34375 0.6875 -0.0376322
0.3125 0.6875 -0.0103721
0.3125 0.65625 -0.0233223
0.3125 0.625 -0.0340541
0.34375 0.625 -0.0635305
0.34375 0.65625 -0.0520148
0.3125 0.65625 -0.0233223
0.34375 0.6875 -0.0376322
0.34375 0.65625 -0.0520148
0.375 0.65625 -0.0797621
0.375 0.6875 -0.0621585
0.34375 0.6875 -0.0376322
0.34375 0.65625 -0.0520148
0.34375 0.625 -0.0635305
0.375 0.625 -0.0926895
0.375 0.65625 -0.0797621
0.34375 0.65625 -0.0520148
0.25 0.625 0.0255424
0.25 0.59375 0.0164894
0.28125 0.59375 -0.0135607
0.28125 0.625 -0.0043758
0.25 0.625 0.0255424
0.25 0.59375 0.0164894
0.25 0.5625 0.00797998
0.28125 0.5625 -0.0221903
0.28125 0.59375 -0.0135607
0.25 0.59375 0.0164894
0.28125 0.625 -0.0043758
0.28125 0.59375 -0.0135607
0.3125 0.59375 -0.0434958
0.3125 0.625 -0.0340541
0.28125 0.625 -0.0043758
0.28125 0.59375 -0.0135607
0.28125 0.5625 -0.0221903
0.3125 0.5625 -0.052282
0.3125 0.59375 -0.0434958
0.28125 0.59375 -0.0135607
0.25 0.5625 0.00797998
0.25 0.53125 -2.69972e-005
0.28125 0.53125 -0.0302942
0.28125 0.5625 -0.0221903
0.25 0.5625 0.00797998
0.25 0.53125 -2.69972e-005
0.25 0.5 -0.00709076
0.28125 0.5 -0.0375988
0.28125 0.53125 -0.0302942
0.25 0.53125 -2.69972e-005
0.28125 0.5625 -0.0221903
0.28125 0.53125 -0.0302942
0.3125 0.53125 -0.0605267
0.3125 0.5625 -0.052282
0.28125 0.5625 -0.0221903
0.28125 0.53125 -0.0302942
0.28125 0.5 -0.0375988
0.3125 0.5 -0.0680467
0.3125 0.53125 -0.0605267
0.28125 0.53125 -0.0302942
0.3125 0.625 -0.0340541
0.3125 0.59375 -0.0434958
0.34375 0.59375 -0.0733445
0.34375 0.625 -0.0635305
0.3125 0.625 -0.0340541
0.3125 0.59375 -0.0434958
0.3125 0.5625 -0.052282
0.34375 0.5625 -0.0823255
0.34375 0.59375 -0.0733445
0.3125 0.59375 -0.0434958
0.34375 0.625 -0.0635305
0.34375 0.59375 -0.0733445
0.375 0.59375 -0.103077
0.375 0.625 -0.0926895
0.34375 0.625 -0.0635305
0.34375 0.59375 -0.0733445
0.34375 0.5625 -0.0823255
0.375 0.5625 -0.112312
0.375 0.59375 -0.103077
0.34375 0.59375 -0.0733445
0.3125 0.5625 -0.052282
0.3125 0.53125 -0.0605267
0.34375 0.53125 -0.0907249
0.34375 0.5625 -0.0823255
0.3125 0.5625 -0.052282
0.3125 0.53125 -0.0605267
0.3125 0.5 -0.0680467
0.34375 0.5 -0.0984398
0.34375 0.53125 -0.0907249
0.3125 0.53125 -0.0605267
0.34375 0.5625 -0.0823255
0.34375 0.53125 -0.0907249
0.375 0.53125 -0.120888
0.375 0.5625 -0.112312
0.34375 0.5625 -0.0823255
0.34375 0.53125 -0.0907249
0.34375 0.5 -0.0984398
0.375 0.5 -0.128788
0.375 0.53125 -0.120888
0.34375 0.53125 -0.0907249
0.375 0.75 -0.0118676
0.375 0.71875 -0.0390924
0.40625 0.71875 -0.0501069
0.40625 0.75 -0.0193635
0.375 0.75 -0.0118676
0.375 0.71875 -0.0390924
0.375 0.6875 -0.0621585
0.40625 0.6875 -0.0792048
0.40625 0.71875 -0.0501069
0.375 0.71875 -0.0390924
0.40625 0.75 -0.0193635
0.40625 0.71875 -0.0501069
0.4375 0.71875 -0.0497088
0.4375 0.75 -0.0186993
0.40625 0.75 -0.0193635
0.40625 0.71875 -0.0501069
0.40625 0.6875 -0.0792048
0.4375 0.6875 -0.0806656
0.4375 0.71875 -0.0497088
0.40625 0.71875 -0.0501069
0.375 0.6875 -0.0621585
0.375 0.65625 -0.0797621
0.40625 0.65625 -0.103692
0.40625 0.6875 -0.0792048
0.375 0.6875 -0.0621585
0.375 0.65625 -0.0797621
0.375 0.625 -0.0926895
0.40625 0.625 -0.120517
0.40625 0.65625 -0.103692
0.375 0.65625 -0.0797621
0.40625 0.6875 -0.0792048
0.40625 0.65625 -0.103692
0.4375 0.65625 -0.111566
0.4375 0.6875 -0.0806656
0.40625 0.6875 -0.0792048
0.40625 0.65625 -0.103692
0.40625 0.625 -0.120517
0.4375 0.625 -0.140021
0.4375 0.65625 -0.111566
0.40625 0.65625 -0.103692
0.4375 0.75 -0.0186993
0.4375 0.71875 -0.0497088
0.46875 0.71875 -0.0447876
0.46875 0.75 -0.0141166
0.4375 0.75 -0.0186993
0.4375 0.71875 -0.0497088
0.4375 0.6875 -0.0806656
0.46875 0.6875 -0.075405
0.46875 0.71875 -0.0447876
0.4375 0.71875 -0.0497088
0.46875 0.75 -0.0141166
0.46875 0.71875 -0.0447876
0.5 0.71875 -0.0381827
0.5 0.75 -0.00775425
0.46875 0.75 -0.0141166
0.46875 0.71875 -0.0447876
0.46875 0.6875 -0.075405
0.5 0.6875 -0.0685628
0.5 0.71875 -0.0381827
0.46875 0.71875 -0.0447876
0.4375 0.6875 -0.0806656
0.4375 0.65625 -0.111566
0.46875 0.65625 -0.105969
0.46875 0.6875 -0.075405
0.4375 0.6875 -0.0806656
0.4375 0.65625 -0.111566
0.4375 0.625 -0.140021
0.46875 0.625 -0.136477
0.46875 0.65625 -0.105969
0.4375 0.65625 -0.111566
0.46875 0.6875 -0.075405
0.46875 0.65625 -0.105969
0.5 0.65625 -0.0988991
0.5 0.6875 -0.0685628
0.46875 0.6875 -0.075405
0.46875 0.65625 -0.105969
0.46875 0.625 -0.136477
0.5 0.625 -0.129177
0.5 0.65625 -0.0988991
0.46875 0.65625 -0.105969
0.375 0.625 -0.0926895
0.375 0.5625 -0.112312
0.4375 0.5625 -0.171436
0.4375 0.625 -0.140021
0.375 0.625 -0.0926895
0.375 0.5625 -0.112312
0.375 0.5 -0.128788
0.4375 0.5 -0.18373
0.4375 0.5625 -0.171436
0.375 0.5625 -0.112312
0.4375 0.625 -0.140021
0.4375 0.5625 -0.171436
0.5 0.5625 -0.190178
0.5 0.625 -0.129177
0.4375 0.625 -0.140021
0.4375 0.5625 -0.171436
0.4375 0.5 -0.18373
0.5 0.5 -0.227623
0.5 0.5625 -0.190178
0.4375 0.5625 -0.171436
0 0.5 0.240868
0 0.4375 0.233227
0.0625 0.4375 0.170711
0.0625 0.5 0.178606
0 0.5 0.240868
0 0.4375 0.233227
0 0.375 0.236366
0.0625 0.375 0.174475
0.0625 0.4375 0.170711
0 0.4375 0.233227
0.0625 0.5 0.178606
0.0625 0.4375 0.170711
0.125 0.4375 0.108212
0.125 0.5 0.116381
0.0625 0.5 0.178606
0.0625 0.4375 0.170711
0.0625 0.375 0.174475
0.125 0.375 0.11295
0.125 0.4375 0.108212
0.0625 0.4375 0.170711
0 0.375 0.236366
0 0.3125 0.250092
0.0625 0.3125 0.190397
0.0625 0.375 0.174475
0 0.375 0.236366
0 0.3125 0.250092
0 0.25 0.273236
0.0625 0.25 0.217144
0.0625 0.3125 0.190397
0 0.3125 0.250092
0.0625 0.375 0.174475
0.0625 0.3125 0.190397
0.125 0.3125 0.132711
0.125 0.375 0.11295
0.0625 0.375 0.174475
0.0625 0.3125 0.190397
0.0625 0.25 0.217144
0.125 0.25 0.165052
0.125 0.3125 0.132711
0.0625 0.3125 0.190397
0.125 0.5 0.116381
0.125 0.46875 0.111488
0.15625 0.46875 0.0803404
0.15625 0.5 0.0854437
0.125 0.5 0.116381
0.125 0.46875 0.111488
0.125 0.4375 0.108212
0.15625 0.4375 0.0769645
0.15625 0.46875 0.0803404
0.125 0.46875 0.111488
0.15625 0.5 0.0854437
0.15625 0.46875 0.0803404
0.1875 0.46875 0.049195
0.1875 0.5 0.0545329
0.15625 0.5 0.0854437
0.15625 0.46875 0.0803404
0.15625 0.4375 0.0769645
0.1875 0.4375 0.0457172
0.1875 0.46875 0.049195
0.15625 0.46875 0.0803404
0.125 0.4375 0.108212
0.125 0.40625 0.108719
0.15625 0.40625 0.0775849
0.15625 0.4375 0.0769645
0.125 0.4375 0.108212
0.125 0.40625 0.108719
0.125 0.375 0.11295
0.15625 0.375 0.0824325
0.15625 0.40625 0.0775849
0.125 0.40625 0.108719
0.15625 0.4375 0.0769645
0.15625 0.40625 0.0775849
0.1875 0.40625 0.0464633
0.1875 0.4375 0.0457172
0.15625 0.4375 0.0769645
0.15625 0.40625 0.0775849
0.15625 0.375 0.0824325
0.1875 0.375 0.0520688
0.1875 0.40625 0.0464633
0.15625 0.40625 0.0775849
0.1875 0.5 0.0545329
0.1875 0.46875 0.049195
0.21875 0.46875 0.0180504
0.21875 0.5 0.0236561
0.1875 0.5 0.0545329
0.1875 0.46875 0.049195
0.1875 0.4375 0.0457172
0.21875 0.4375 0.0144683
0.21875 0.46875 0.0180504
0.1875 0.46875 0.049195
0.21875 0.5 0.0236561
0.21875 0.46875 0.0180504
0.25 0.46875 -0.0129403
0.25 0.5 -0.00709076
0.21875 0.5 0.0236561
0.21875 0.46875 0.0180504
0.21875 0.4375 0.0144683
0.25 0.4375 -0.0166116
0.25 0.46875 -0.0129403
0.21875 0.46875 0.0180504
0.1875 0.4375 0.0457172
0.1875 0.40625 0.0464633
0.21875 0.40625 0.0153536
0.21875 0.4375 0.0144683
0.1875 0.4375 0.0457172
0.1875 0.40625 0.0464633
0.1875 0.375 0.0520688
0.21875 0.375 0.0220229
0.21875 0.40625 0.0153536
0.1875 0.40625 0.0464633
0.21875 0.4375 0.0144683
0.21875 0.40625 0.0153536
0.25 0.40625 -0.0148202
0.25 0.4375 -0.0166116
0.21875 0.4375 0.0144683
0.21875 0.40625 0.0153536
0.21875 0.375 0.0220229
0.25 0.375 -0.00690412
0.25 0.40625 -0.0148202
0.21875 0.40625 0.0153536
0.125 0.375 0.11295
0.125 0.34375 0.12104
0.15625 0.34375 0.0915826
0.15625 0.375 0.0824325
0.125 0.375 0.11295
0.125 0.34375 0.12104
0.125 0.3125 0.132711
0.15625 0.3125 0.104883
0.15625 0.34375 0.0915826
0.125 0.34375 0.12104
0.15625 0.375 0.0824325
0.15625 0.34375 0.0915826
0.1875 0.34375 0.0627679
0.1875 0.375 0.0520688
0.15625 0.375 0.0824325
0.15625 0.34375 0.0915826
0.15625 0.3125 0.104883
0.1875 0.3125 0.0779878
0.1875 0.34375 0.0627679
0.15625 0.34375 0.0915826
0.125 0.3125 0.132711
0.125 0.28125 0.147603
0.15625 0.28125 0.121356
0.15625 0.3125 0.104883
0.125 0.3125 0.132711
0.125 0.28125 0.147603
0.125 0.25 0.165052
0.15625 0.25 0.140454
0.15625 0.28125 0.121356
0.125 0.28125 0.147603
0.15625 0.3125 0.104883
0.15625 0.28125 0.121356
0.1875 0.28125 0.0964664
0.1875 0.3125 0.0779878
0.15625 0.3125 0.104883
0.15625 0.28125 0.121356
0.15625 0.25 0.140454
0.1875 0.25 0.117421
0.1875 0.28125 0.0964664
0.15625 0.28125 0.121356
0.1875 0.375 0.0520688
0.1875 0.34375 0.0627679
0.21875 0.34375 0.0346744
0.21875 0.375 0.0220229
0.1875 0.375 0.0520688
0.1875 0.34375 0.0627679
0.1875 0.3125 0.0779878
0.21875 0.3125 0.0522588
0.21875 0.34375 0.0346744
0.1875 0.34375 0.0627679
0.21875 0.375 0.0220229
0.21875 0.34375 0.0346744
0.25 0.34375 0.00804893
0.25 0.375 -0.00690412
0.21875 0.375 0.0220229
0.21875 0.34375 0.0346744
0.21875 0.3125 0.0522588
0.25 0.3125 0.0285596
0.25 0.34375 0.00804893
0.21875 0.34375 0.0346744
0.1875 0.3125 0.0779878
0.1875 0.28125 0.0964664
0.21875 0.28125 0.0730312
0.21875 0.3125 0.0522588
0.1875 0.3125 0.0779878
0.1875 0.28125 0.0964664
0.1875 0.25 0.117421
0.21875 0.25 0.0960428
0.21875 0.28125 0.0730312
0.1875 0.28125 0.0964664
0.21875 0.3125 0.0522588
0.21875 0.28125 0.0730312
0.25 0.28125 0.0519494
0.25 0.3125 0.0285596
0.21875 0.3125 0.0522588
0.21875 0.28125 0.0730312
0.21875 0.25 0.0960428
0.25 0.25 0.0771781
0.25 0.28125 0.0519494
0.21875 0.28125 0.0730312
0 0.25 0.273236
0 0.1875 0.3051
0.0625 0.1875 0.253092
0.0625 0.25 0.217144
0 0.25 0.273236
0 0.1875 0.3051
0 0.125 0.342476
0.0625 0.125 0.294615
0.0625 0.1875 0.253092
0 0.1875 0.3051
0.0625 0.25 0.217144
0.0625 0.1875 0.253092
0.125 0.1875 0.206421
0.125 0.25 0.165052
0.0625 0.25 0.217144
0.0625 0.1875 0.253092
0.0625 0.125 0.294615
0.125 0.125 0.253125
0.125 0.1875 0.206421
0.0625 0.1875 0.253092
0 0.125 0.342476
0 0 0.438834
0.125 0 0.359267
0.125 0.125 0.253125
0 0.125 0.342476
0.125 0.25 0.165052
0.125 0.1875 0.206421
0.1875 0.1875 0.164464
0.1875 0.25 0.117421
0.125 0.25 0.165052
0.125 0.1875 0.206421
0.125 0.125 0.253125
0.1875 0.125 0.216725
0.1875 0.1875 0.164464
0.125 0.1875 0.206421
0.1875 0.25 0.117421
0.1875 0.21875 0.140237
0.21875 0.21875 0.120726
0.21875 0.25 0.0960428
0.1875 0.25 0.117421
0.1875 0.21875 0.140237
0.1875 0.1875 0.164464
0.21875 0.1875 0.146646
0.21875 0.21875 0.120726
0.1875 0.21875 0.140237
0.21875 0.25 0.0960428
0.21875 0.21875 0.120726
0.25 0.21875 0.103616
0.25 0.25 0.0771781
0.21875 0.25 0.0960428
0.21875 0.21875 0.120726
0.21875 0.1875 0.146646
0.25 0.1875 0.130914
0.25 0.21875 0.103616
0.21875 0.21875 0.120726
0.1875 0.1875 0.164464
0.1875 0.125 0.216725
0.25 0.125 0.187318
0.25 0.1875 0.130914
0.1875 0.1875 0.164464
0.125 0.125 0.253125
0.125 0 0.359267
0.25 0 0.303353
0.25 0.125 0.187318
0.125 0.125 0.253125
0.25 0.5 -0.00709076
0.25 0.46875 -0.0129403
0.28125 0.46875 -0.0437251
0.28125 0.5 -0.0375988
0.25 0.5 -0.00709076
0.25 0.46875 -0.0129403
0.25 0.4375 -0.0166116
0.28125 0.4375 -0.0472125
0.28125 0.46875 -0.0437251
0.25 0.46875 -0.0129403
0.28125 0.5 -0.0375988
0.28125 0.46875 -0.0437251
0.3125 0.46875 -0.0744539
0.3125 0.5 -0.0680467
0.28125 0.5 -0.0375988
0.28125 0.46875 -0.0437251
0.28125 0.4375 -0.0472125
0.3125 0.4375 -0.0769193
0.3125 0.46875 -0.0744539
0.28125 0.46875 -0.0437251
0.25 0.4375 -0.0166116
0.25 0.40625 -0.0148202
0.28125 0.40625 -0.0434375
0.28125 0.4375 -0.0472125
0.25 0.4375 -0.0166116
0.25 0.40625 -0.0148202
0.25 0.375 -0.00690412
0.28125 0.375 -0.032277
0.28125 0.40625 -0.0434375
0.25 0.40625 -0.0148202
0.28125 0.4375 -0.0472125
0.28125 0.40625 -0.0434375
0.3125 0.40625 -0.0699477
0.3125 0.4375 -0.0769193
0.28125 0.4375 -0.0472125
0.28125 0.40625 -0.0434375
0.28125 0.375 -0.032277
0.3125 0.375 -0.0549336
0.3125 0.40625 -0.0699477
0.28125 0.40625 -0.0434375
0.3125 0.5 -0.0680467
0.3125 0.46875 -0.0744539
0.34375 0.46875 -0.105124
0.34375 0.5 -0.0984398
0.3125 0.5 -0.0680467
0.3125 0.46875 -0.0744539
0.3125 0.4375 -0.0769193
0.34375 0.4375 -0.104961
0.34375 0.46875 -0.105124
0.3125 0.46875 -0.0744539
0.34375 0.5 -0.0984398
0.34375 0.46875 -0.105124
0.375 0.46875 -0.135009
0.375 0.5 -0.128788
0.34375 0.5 -0.0984398
0.34375 0.46875 -0.105124
0.34375 0.4375 -0.104961
0.375 0.4375 -0.130173
0.375 0.46875 -0.135009
0.34375 0.46875 -0.105124
0.3125 0.4375 -0.0769193
0.3125 0.40625 -0.0699477
0.34375 0.40625 -0.0935355
0.34375 0.4375 -0.104961
0.3125 0.4375 -0.0769193
0.3125 0.40625 -0.0699477
0.3125 0.375 -0.0549336
0.34375 0.375 -0.0741676
0.34375 0.40625 -0.0935355
0.3125 0.40625 -0.0699477
0.34375 0.4375 -0.104961
0.34375 0.40625 -0.0935355
0.375 0.40625 -0.113367
0.375 0.4375 -0.130173
0.34375 0.4375 -0.104961
0.34375 0.40625 -0.0935355
0.34375 0.375 -0.0741676
0.375 0.375 -0.0895978
0.375 0.40625 -0.113367
0.34375 0.40625 -0.0935355
0.25 0.375 -0.00690412
0.25 0.34375 0.00804893
0.28125 0.34375 -0.0150324
0.28125 0.375 -0.032277
0.25 0.375 -0.00690412
0.25 0.34375 0.00804893
0.25 0.3125 0.0285596
0.28125 0.3125 0.00773331
0.28125 0.34375 -0.0150324
0.25 0.34375 0.00804893
0.28125 0.375 -0.032277
0.28125 0.34375 -0.0150324
0.3125 0.34375 -0.0336677
0.3125 0.375 -0.0549336
0.28125 0.375 -0.032277
0.28125 0.34375 -0.0150324
0.28125 0.3125 0.00773331
0.3125 0.3125 -0.00916331
0.3125 0.34375 -0.0336677
0.28125 0.34375 -0.0150324
0.25 0.3125 0.0285596
0.25 0.28125 0.0519494
0.28125 0.28125 0.0337159
0.28125 0.3125 0.00773331
0.25 0.3125 0.0285596
0.25 0.28125 0.0519494
0.25 0.25 0.0771781
0.28125 0.25 0.0609039
0.28125 0.28125 0.0337159
0.25 0.28125 0.0519494
0.28125 0.3125 0.00773331
0.28125 0.28125 0.0337159
0.3125 0.28125 0.0186485
0.3125 0.3125 -0.00916331
0.28125 0.3125 0.00773331
0.28125 0.28125 0.0337159
0.28125 0.25 0.0609039
0.3125 0.25 0.0471999
0.3125 0.28125 0.0186485
0.28125 0.28125 0.0337159
0.3125 0.375 -0.0549336
0.3125 0.34375 -0.0336677
0.34375 0.34375 -0.0493485
0.34375 0.375 -0.0741676
0.3125 0.375 -0.0549336
0.3125 0.34375 -0.0336677
0.3125 0.3125 -0.00916331
0.34375 0.3125 -0.0223748
0.34375 0.34375 -0.0493485
0.3125 0.34375 -0.0336677
0.34375 0.375 -0.0741676
0.34375 0.34375 -0.0493485
0.375 0.34375 -0.0621551
0.375 0.375 -0.0895978
0.34375 0.375 -0.0741676
0.34375 0.34375 -0.0493485
0.34375 0.3125 -0.0223748
0.375 0.3125 -0.0334235
0.375 0.34375 -0.0621551
0.34375 0.34375 -0.0493485
0.3125 0.3125 -0.00916331
0.3125 0.28125 0.0186485
0.34375 0.28125 0.00629971
0.34375 0.3125 -0.0223748
0.3125 0.3125 -0.00916331
0.3125 0.28125 0.0186485
0.3125 0.25 0.0471999
0.34375 0.25 0.0356249
0.34375 0.28125 0.00629971
0.3125 0.28125 0.0186485
0.34375 0.3125 -0.0223748
0.34375 0.28125 0.00629971
0.375 0.28125 -0.00421242
0.375 0.3125 -0.0334235
0.34375 0.3125 -0.0223748
0.34375 0.28125 0.00629971
0.34375 0.25 0.0356249
0.375 0.25 0.0255175
0.375 0.28125 -0.00421242
0.34375 0.28125 0.00629971
0.375 0.5 -0.128788
0.375 0.4375 -0.130173
0.4375 0.4375 -0.161789
0.4375 0.5 -0.18373
0.375 0.5 -0.128788
0.375 0.4375 -0.130173
0.375 0.375 -0.0895978
0.4375 0.375 -0.111759
0.4375 0.4375 -0.161789
0.375 0.4375 -0.130173
0.4375 0.5 -0.18373
0.4375 0.4375 -0.161789
0.5 0.4375 -0.186066
0.5 0.5 -0.227623
0.4375 0.5 -0.18373
0.4375 0.4375 -0.161789
0.4375 0.375 -0.111759
0.5 0.375 -0.128899
0.5 0.4375 -0.186066
0.4375 0.4375 -0.161789
0.375 0.375 -0.0895978
0.375 0.34375 -0.0621551
0.40625 0.34375 -0.0727935
0.40625 0.375 -0.101684
0.375 0.375 -0.0895978
0.375 0.34375 -0.0621551
0.375 0.3125 -0.0334235
0.40625 0.3125 -0.0432813
0.40625 0.34375 -0.0727935
0.375 0.34375 -0.0621551
0.40625 0.375 -0.101684
0.40625 0.34375 -0.0727935
0.4375 0.34375 -0.082156
0.4375 0.375 -0.111759
0.40625 0.375 -0.101684
0.40625 0.34375 -0.0727935
0.40625 0.3125 -0.0432813
0.4375 0.3125 -0.0522705
0.4375 0.34375 -0.082156
0.40625 0.34375 -0.0727935
0.375 0.3125 -0.0334235
0.375 0.28125 -0.00421242
0.40625 0.28125 -0.0135803
0.40625 0.3125 -0.0432813
0.375 0.3125 -0.0334235
0.375 0.28125 -0.00421242
0.375 0.25 0.0255175
0.40625 0.25 0.0163503
0.40625 0.28125 -0.0135803
0.375 0.28125 -0.00421242
0.40625 0.3125 -0.0432813
0.40625 0.28125 -0.0135803
0.4375 0.28125 -0.0222956
0.4375 0.3125 -0.0522705
0.40625 0.3125 -0.0432813
0.40625 0.28125 -0.0135803
0.40625 0.25 0.0163503
0.4375 0.25 0.00777844
0.4375 0.28125 -0.0222956
0.40625 0.28125 -0.0135803
0.4375 0.375 -0.111759
0.4375 0.34375 -0.082156
0.46875 0.34375 -0.0907605
0.46875 0.375 -0.120743
0.4375 0.375 -0.111759
0.4375 0.34375 -0.082156
0.4375 0.3125 -0.0522705
0.46875 0.3125 -0.0606466
0.46875 0.34375 -0.0907605
0.4375 0.34375 -0.082156
0.46875 0.375 -0.120743
0.46875 0.34375 -0.0907605
0.5 0.34375 -0.0986488
0.5 0.375 -0.128899
0.46875 0.375 -0.120743
0.46875 0.34375 -0.0907605
0.46875 0.3125 -0.0606466
0.5 0.3125 -0.0683422
0.5 0.34375 -0.0986488
0.46875 0.34375 -0.0907605
0.4375 0.3125 -0.0522705
0.4375 0.28125 -0.0222956
0.46875 0.28125 -0.0304772
0.46875 0.3125 -0.0606466
0.4375 0.3125 -0.0522705
0.4375 0.28125 -0.0222956
0.4375 0.25 0.00777844
0.46875 0.25 -0.000266739
0.46875 0.28125 -0.0304772
0.4375 0.28125 -0.0222956
0.46875 0.3125 -0.0606466
0.46875 0.28125 -0.0304772
0.5 0.28125 -0.0379914
0.5 0.3125 -0.0683422
0.46875 0.3125 -0.0606466
0.46875 0.28125 -0.0304772
0.46875 0.25 -0.000266739
0.5 0.25 -0.00759858
0.5 0.28125 -0.0379914
0.46875 0.28125 -0.0304772
0.25 0.25 0.0771781
0.25 0.21875 0.103616
0.28125 0.21875 0.0887849
0.28125 0.25 0.0609039
0.25 0.25 0.0771781
0.25 0.21875 0.103616
0.25 0.1875 0.130914
0.28125 0.1875 0.1172
0.28125 0.21875 0.0887849
0.25 0.21875 0.103616
0.28125 0.25 0.0609039
0.28125 0.21875 0.0887849
0.3125 0.21875 0.0760919
0.3125 0.25 0.0471999
0.28125 0.25 0.0609039
0.28125 0.21875 0.0887849
0.28125 0.1875 0.1172
0.3125 0.1875 0.10524
0.3125 0.21875 0.0760919
0.28125 0.21875 0.0887849
0.25 0.1875 0.130914
0.25 0.125 0.187318
0.3125 0.125 0.164034
0.3125 0.1875 0.10524
0.25 0.1875 0.130914
0.3125 0.25 0.0471999
0.3125 0.21875 0.0760919
0.34375 0.21875 0.0651103
0.34375 0.25 0.0356249
0.3125 0.25 0.0471999
0.3125 0.21875 0.0760919
0.3125 0.1875 0.10524
0.34375 0.1875 0.0947187
0.34375 0.21875 0.0651103
0.3125 0.21875 0.0760919
0.34375 0.25 0.0356249
0.34375 0.21875 0.0651103
0.375 0.21875 0.0553331
0.375 0.25 0.0255175
0.34375 0.25 0.0356249
0.34375 0.21875 0.0651103
0.34375 0.1875 0.0947187
0.375 0.1875 0.0852048
0.375 0.21875 0.0553331
0.34375 0.21875 0.0651103
0.3125 0.1875 0.10524
0.3125 0.15625 0.134554
0.34375 0.15625 0.124412
0.34375 0.1875 0.0947187
0.3125 0.1875 0.10524
0.3125 0.15625 0.134554
0.3125 0.125 0.164034
0.34375 0.125 0.154196
0.34375 0.15625 0.124412
0.3125 0.15625 0.134554
0.34375 0.1875 0.0947187
0.34375 0.15625 0.124412
0.375 0.15625 0.115125
0.375 0.1875 0.0852048
0.34375 0.1875 0.0947187
0.34375 0.15625 0.124412
0.34375 0.125 0.154196
0.375 0.125 0.145095
0.375 0.15625 0.115125
0.34375 0.15625 0.124412
0.25 0.125 0.187318
0.25 0.0625 0.244803
0.3125 0.0625 0.223288
0.3125 0.125 0.164034
0.25 0.125 0.187318
0.25 0.0625 0.244803
0.25 0 0.303353
0.3125 0 0.282954
0.3125 0.0625 0.223288
0.25 0.0625 0.244803
0.3125 0.125 0.164034
0.3125 0.0625 0.223288
0.375 0.0625 0.205159
0.375 0.125 0.145095
0.3125 0.125 0.164034
0.3125 0.0625 0.223288
0.3125 0 0.282954
0.375 0 0.265488
0.375 0.0625 0.205159
0.3125 0.0625 0.223288
0.375 0.25 0.0255175
0.375 0.21875 0.0553331
0.40625 0.21875 0.0463464
0.40625 0.25 0.0163503
0.375 0.25 0.0255175
0.375 0.21875 0.0553331
0.375 0.1875 0.0852048
0.40625 0.1875 0.0763842
0.40625 0.21875 0.0463464
0.375 0.21875 0.0553331
0.40625 0.25 0.0163503
0.40625 0.21875 0.0463464
0.4375 0.21875 0.0379251
0.4375 0.25 0.00777844
0.40625 0.25 0.0163503
0.40625 0.21875 0.0463464
0.40625 0.1875 0.0763842
0.4375 0.1875 0.0681147
0.4375 0.21875 0.0379251
0.40625 0.21875 0.0463464
0.375 0.1875 0.0852048
0.375 0.15625 0.115125
0.40625 0.15625 0.106465
0.40625 0.1875 0.0763842
0.375 0.1875 0.0852048
0.375 0.15625 0.115125
0.375 0.125 0.145095
0.40625 0.125 0.136588
0.40625 0.15625 0.106465
0.375 0.15625 0.115125
0.40625 0.1875 0.0763842
0.40625 0.15625 0.106465
0.4375 0.15625 0.0983466
0.4375 0.1875 0.0681147
0.40625 0.1875 0.0763842
0.40625 0.15625 0.106465
0.40625 0.125 0.136588
0.4375 0.125 0.12862
0.4375 0.15625 0.0983466
0.40625 0.15625 0.106465
0.4375 0.25 0.00777844
0.4375 0.21875 0.0379251
0.46875 0.21875 0.0300437
0.46875 0.25 -0.000266739
0.4375 0.25 0.00777844
0.4375 0.21875 0.0379251
0.4375 0.1875 0.0681147
0.46875 0.1875 0.0604021
0.46875 0.21875 0.0300437
0.4375 0.21875 0.0379251
0.46875 0.25 -0.000266739
0.46875 0.21875 0.0300437
0.5 0.21875 0.0229071
0.5 0.25 -0.00759858
0.46875 0.25 -0.000266739
0.46875 0.21875 0.0300437
0.46875 0.1875 0.0604021
0.5 0.1875 0.0534853
0.5 0.21875 0.0229071
0.46875 0.21875 0.0300437
0.4375 0.1875 0.0681147
0.4375 0.15625 0.0983466
0.46875 0.15625 0.0908073
0.46875 0.1875 0.0604021
0.4375 0.1875 0.0681147
0.4375 0.15625 0.0983466
0.4375 0.125 0.12862
0.46875 0.125 0.121258
0.46875 0.15625 0.0908073
0.4375 0.15625 0.0983466
0.46875 0.1875 0.0604021
0.46875 0.15625 0.0908073
0.5 0.15625 0.0841133
0.5 0.1875 0.0534853
0.46875 0.1875 0.0604021
0.46875 0.15625 0.0908073
0.46875 0.125 0.121258
0.5 0.125 0.114788
0.5 0.15625 0.0841133
0.46875 0.15625 0.0908073
0.375 0.125 0.145095
0.375 0.0625 0.205159
0.4375 0.0625 0.189327
0.4375 0.125 0.12862
0.375 0.125 0.145095
0.375 0.0625 0.205159
0.375 0 0.265488
0.4375 0 0.250306
0.4375 0.0625 0.189327
0.375 0.0625 0.205159
0.4375 0.125 0.12862
0.4375 0.0625 0.189327
0.5 0.0625 0.176311
0.5 0.125 0.114788
0.4375 0.125 0.12862
0.4375 0.0625 0.189327
0.4375 0 0.250306
0.5 0 0.238074
0.5 0.0625 0.176311
0.4375 0.0625 0.189327
0.5 1 0.23814
0.5 0.9375 0.176408
0.5625 0.9375 0.189534
0.5625 1 0.2505
0.5 1 0.23814
0.5 0.9375 0.176408
0.5 0.875 0.114761
0.5625 0.875 0.128682
0.5625 0.9375 0.189534
0.5 0.9375 0.176408
0.5625 1 0.2505
0.5625 0.9375 0.189534
0.625 0.9375 0.205428
0.625 1 0.265715
0.5625 1 0.2505
0.5625 0.9375 0.189534
0.5625 0.875 0.128682
0.625 0.875 0.145277
0.625 0.9375 0.205428
0.5625 0.9375 0.189534
0.5 0.875 0.114761
0.5 0.84375 0.084053
0.53125 0.84375 0.0908021
0.53125 0.875 0.121292
0.5 0.875 0.114761
0.5 0.84375 0.084053
0.5 0.8125 0.0533935
0.53125 0.8125 0.0603591
0.53125 0.84375 0.0908021
0.5 0.84375 0.084053
0.53125 0.875 0.121292
0.53125 0.84375 0.0908021
0.5625 0.84375 0.0983731
0.5625 0.875 0.128682
0.53125 0.875 0.121292
0.53125 0.84375 0.0908021
0.53125 0.8125 0.0603591
0.5625 0.8125 0.068108
0.5625 0.84375 0.0983731
0.53125 0.84375 0.0908021
0.5 0.8125 0.0533935
0.5 0.78125 0.0227827
0.53125 0.78125 0.0299635
0.53125 0.8125 0.0603591
0.5 0.8125 0.0533935
0.5 0.78125 0.0227827
0.5 0.75 -0.00775425
0.53125 0.75 -0.000383181
0.53125 0.78125 0.0299635
0.5 0.78125 0.0227827
0.53125 0.8125 0.0603591
0.53125 0.78125 0.0299635
0.5625 0.78125 0.0378875
0.5625 0.8125 0.068108
0.53125 0.8125 0.0603591
0.53125 0.78125 0.0299635
0.53125 0.75 -0.000383181
0.5625 0.75 0.00771183
0.5625 0.78125 0.0378875
0.53125 0.78125 0.0299635
0.5625 0.875 0.128682
0.5625 0.84375 0.0983731
0.59375 0.84375 0.106547
0.59375 0.875 0.136699
0.5625 0.875 0.128682
0.5625 0.84375 0.0983731
0.5625 0.8125 0.068108
0.59375 0.8125 0.0764395
0.59375 0.84375 0.106547
0.5625 0.84375 0.0983731
0.59375 0.875 0.136699
0.59375 0.84375 0.106547
0.625 0.84375 0.115283
0.625 0.875 0.145277
0.59375 0.875 0.136699
0.59375 0.84375 0.106547
0.59375 0.8125 0.0764395
0.625 0.8125 0.085337
0.625 0.84375 0.115283
0.59375 0.84375 0.106547
0.5625 0.8125 0.068108
0.5625 0.78125 0.0378875
0.59375 0.78125 0.0463773
0.59375 0.8125 0.0764395
0.5625 0.8125 0.068108
0.5625 0.78125 0.0378875
0.5625 0.75 0.00771183
0.59375 0.75 0.0163609
0.59375 0.78125 0.0463773
0.5625 0.78125 0.0378875
0.59375 0.8125 0.0764395
0.59375 0.78125 0.0463773
0.625 0.78125 0.055441
0.625 0.8125 0.085337
0.59375 0.8125 0.0764395
0.59375 0.78125 0.0463773
0.59375 0.75 0.0163609
0.625 0.75 0.0255966
0.625 0.78125 0.055441
0.59375 0.78125 0.0463773
0.625 1 0.265715
0.625 0.9375 0.205428
0.6875 0.9375 0.223975
0.6875 1 0.283499
0.625 1 0.265715
0.625 0.9375 0.205428
0.625 0.875 0.145277
0.6875 0.875 0.164627
0.6875 0.9375 0.223975
0.625 0.9375 0.205428
0.6875 1 0.283499
0.6875 0.9375 0.223975
0.75 0.9375 0.247094
0.75 1 0.305028
0.6875 1 0.283499
0.6875 0.9375 0.223975
0.6875 0.875 0.164627
0.75 0.875 0.189673
0.75 0.9375 0.247094
0.6875 0.9375 0.223975
0.625 0.875 0.145277
0.625 0.84375 0.115283
0.65625 0.84375 0.124704
0.65625 0.875 0.154494
0.625 0.875 0.145277
0.625 0.84375 0.115283
0.625 0.8125 0.085337
0.65625 0.8125 0.0949857
0.65625 0.84375 0.124704
0.625 0.84375 0.115283
0.65625 0.875 0.154494
0.65625 0.84375 0.124704
0.6875 0.84375 0.135161
0.6875 0.875 0.164627
0.65625 0.875 0.154494
0.65625 0.84375 0.124704
0.65625 0.8125 0.0949857
0.6875 0.8125 0.105829
0.6875 0.84375 0.135161
0.65625 0.84375 0.124704
0.625 0.8125 0.085337
0.625 0.78125 0.055441
0.65625 0.78125 0.065345
0.65625 0.8125 0.0949857
0.625 0.8125 0.085337
0.625 0.78125 0.055441
0.625 0.75 0.0255966
0.65625 0.75 0.0358027
0.65625 0.78125 0.065345
0.625 0.78125 0.055441
0.65625 0.8125 0.0949857
0.65625 0.78125 0.065345
0.6875 0.78125 0.0766692
0.6875 0.8125 0.105829
0.65625 0.8125 0.0949857
0.65625 0.78125 0.065345
0.65625 0.75 0.0358027
0.6875 0.75 0.0477228
0.6875 0.78125 0.0766692
0.65625 0.78125 0.065345
0.6875 0.875 0.164627
0.6875 0.8125 0.105829
0.75 0.8125 0.133394
0.75 0.875 0.189673
0.6875 0.875 0.164627
0.6875 0.8125 0.105829
0.6875 0.78125 0.0766692
0.71875 0.78125 0.0901433
0.71875 0.8125 0.118458
0.6875 0.8125 0.105829
0.6875 0.78125 0.0766692
0.6875 0.75 0.0477228
0.71875 0.75 0.0622621
0.71875 0.78125 0.0901433
0.6875 0.78125 0.0766692
0.71875 0.8125 0.118458
0.71875 0.78125 0.0901433
0.75 0.78125 0.106256
0.75 0.8125 0.133394
0.71875 0.8125 0.118458
0.71875 0.78125 0.0901433
0.71875 0.75 0.0622621
0.75 0.75 0.0799414
0.75 0.78125 0.106256
0.71875 0.78125 0.0901433
0.5 0.75 -0.00775425
0.5 0.71875 -0.0381827
0.53125 0.71875 -0.0306211
0.53125 0.75 -0.000383181
0.5 0.75 -0.00775425
0.5 0.71875 -0.0381827
0.5 0.6875 -0.0685628
0.53125 0.6875 -0.0608205
0.53125 0.71875 -0.0306211
0.5 0.71875 -0.0381827
0.53125 0.75 -0.000383181
0.53125 0.71875 -0.0306211
0.5625 0.71875 -0.0223802
0.5625 0.75 0.00771183
0.53125 0.75 -0.000383181
0.53125 0.71875 -0.0306211
0.53125 0.6875 -0.0608205
0.5625 0.6875 -0.0524229
0.5625 0.71875 -0.0223802
0.53125 0.71875 -0.0306211
0.5 0.6875 -0.0685628
0.5 0.65625 -0.0988991
0.53125 0.65625 -0.0909807
0.53125 0.6875 -0.0608205
0.5 0.6875 -0.0685628
0.5 0.65625 -0.0988991
0.5 0.625 -0.129177
0.53125 0.625 -0.121096
0.53125 0.65625 -0.0909807
0.5 0.65625 -0.0988991
0.53125 0.6875 -0.0608205
0.53125 0.65625 -0.0909807
0.5625 0.65625 -0.0824104
0.5625 0.6875 -0.0524229
0.53125 0.6875 -0.0608205
0.53125 0.65625 -0.0909807
0.53125 0.625 -0.121096
0.5625 0.625 -0.112329
0.5625 0.65625 -0.0824104
0.53125 0.65625 -0.0909807
0.5625 0.75 0.00771183
0.5625 0.71875 -0.0223802
0.59375 0.71875 -0.0135817
0.59375 0.75 0.0163609
0.5625 0.75 0.00771183
0.5625 0.71875 -0.0223802
0.5625 0.6875 -0.0524229
0.59375 0.6875 -0.0434431
0.59375 0.71875 -0.0135817
0.5625 0.71875 -0.0223802
0.59375 0.75 0.0163609
0.59375 0.71875 -0.0135817
0.625 0.71875 -0.00417416
0.625 0.75 0.0255966
0.59375 0.75 0.0163609
0.59375 0.71875 -0.0135817
0.59375 0.6875 -0.0434431
0.625 0.6875 -0.0337352
0.625 0.71875 -0.00417416
0.59375 0.71875 -0.0135817
0.5625 0.6875 -0.0524229
0.5625 0.65625 -0.0824104
0.59375 0.65625 -0.0732058
0.59375 0.6875 -0.0434431
0.5625 0.6875 -0.0524229
0.5625 0.65625 -0.0824104
0.5625 0.625 -0.112329
0.59375 0.625 -0.102816
0.59375 0.65625 -0.0732058
0.5625 0.65625 -0.0824104
0.59375 0.6875 -0.0434431
0.59375 0.65625 -0.0732058
0.625 0.65625 -0.0630453
0.625 0.6875 -0.0337352
0.59375 0.6875 -0.0434431
0.59375 0.65625 -0.0732058
0.59375 0.625 -0.102816
0.625 0.625 -0.0918942
0.625 0.65625 -0.0630453
0.59375 0.65625 -0.0732058
0.5 0.625 -0.129177
0.5 0.5625 -0.190178
0.5625 0.5625 -0.170347
0.5625 0.625 -0.112329
0.5 0.625 -0.129177
0.5 0.5625 -0.190178
0.5 0.5 -0.227623
0.5625 0.5 -0.186431
0.5625 0.5625 -0.170347
0.5 0.5625 -0.190178
0.5625 0.625 -0.112329
0.5625 0.5625 -0.170347
0.625 0.5625 -0.138044
0.625 0.625 -0.0918942
0.5625 0.625 -0.112329
0.5625 0.5625 -0.170347
0.5625 0.5 -0.186431
0.625 0.5 -0.128235
0.625 0.5625 -0.138044
0.5625 0.5625 -0.170347
0.625 0.75 0.0255966
0.625 0.71875 -0.00417416
0.65625 0.71875 0.00637879
0.65625 0.75 0.0358027
0.625 0.75 0.0255966
0.625 0.71875 -0.00417416
0.625 0.6875 -0.0337352
0.65625 0.6875 -0.0225691
0.65625 0.71875 0.00637879
0.625 0.71875 -0.00417416
0.65625 0.75 0.0358027
0.65625 0.71875 0.00637879
0.6875 0.71875 0.0190627
0.6875 0.75 0.0477228
0.65625 0.75 0.0358027
0.65625 0.71875 0.00637879
0.65625 0.6875 -0.0225691
0.6875 0.6875 -0.00891021
0.6875 0.71875 0.0190627
0.65625 0.71875 0.00637879
0.625 0.6875 -0.0337352
0.625 0.65625 -0.0630453
0.65625 0.65625 -0.0508525
0.65625 0.6875 -0.0225691
0.625 0.6875 -0.0337352
0.625 0.65625 -0.0630453
0.625 0.625 -0.0918942
0.65625 0.625 -0.0776849
0.65625 0.65625 -0.0508525
0.625 0.65625 -0.0630453
0.65625 0.6875 -0.0225691
0.65625 0.65625 -0.0508525
0.6875 0.65625 -0.0350863
0.6875 0.6875 -0.00891021
0.65625 0.6875 -0.0225691
0.65625 0.65625 -0.0508525
0.65625 0.625 -0.0776849
0.6875 0.625 -0.0581423
0.6875 0.65625 -0.0350863
0.65625 0.65625 -0.0508525
0.6875 0.75 0.0477228
0.6875 0.71875 0.0190627
0.71875 0.71875 0.0350222
0.71875 0.75 0.0622621
0.6875 0.75 0.0477228
0.6875 0.71875 0.0190627
0.6875 0.6875 -0.00891021
0.71875 0.6875 0.00872456
0.71875 0.71875 0.0350222
0.6875 0.71875 0.0190627
0.71875 0.75 0.0622621
0.71875 0.71875 0.0350222
0.75 0.71875 0.0547368
0.75 0.75 0.0799414
0.71875 0.75 0.0622621
0.71875 0.71875 0.0350222
0.71875 0.6875 0.00872456
0.75 0.6875 0.0310904
0.75 0.71875 0.0547368
0.71875 0.71875 0.0350222
0.6875 0.6875 -0.00891021
0.6875 0.65625 -0.0350863
0.71875 0.65625 -0.014686
0.71875 0.6875 0.00872456
0.6875 0.6875 -0.00891021
0.6875 0.65625 -0.0350863
0.6875 0.625 -0.0581423
0.71875 0.625 -0.0338768
0.71875 0.65625 -0.014686
0.6875 0.65625 -0.0350863
0.71875 0.6875 0.00872456
0.71875 0.65625 -0.014686
0.75 0.65625 0.00976292
0.75 0.6875 0.0310904
0.71875 0.6875 0.00872456
0.71875 0.65625 -0.014686
0.71875 0.625 -0.0338768
0.75 0.625 -0.00645874
0.75 0.65625 0.00976292
0.71875 0.65625 -0.014686
0.625 0.625 -0.0918942
0.625 0.59375 -0.119066
0.65625 0.59375 -0.100398
0.65625 0.625 -0.0776849
0.625 0.625 -0.0918942
0.625 0.59375 -0.119066
0.625 0.5625 -0.138044
0.65625 0.5625 -0.109466
0.65625 0.59375 -0.100398
0.625 0.59375 -0.119066
0.65625 0.625 -0.0776849
0.65625 0.59375 -0.100398
0.6875 0.59375 -0.0751923
0.6875 0.625 -0.0581423
0.65625 0.625 -0.0776849
0.65625 0.59375 -0.100398
0.65625 0.5625 -0.109466
0.6875 0.5625 -0.0787102
0.6875 0.59375 -0.0751923
0.65625 0.59375 -0.100398
0.625 0.5625 -0.138044
0.625 0.53125 -0.135087
0.65625 0.53125 -0.104693
0.65625 0.5625 -0.109466
0.625 0.5625 -0.138044
0.625 0.53125 -0.135087
0.625 0.5 -0.128235
0.65625 0.5 -0.0980917
0.65625 0.53125 -0.104693
0.625 0.53125 -0.135087
0.65625 0.5625 -0.109466
0.65625 0.53125 -0.104693
0.6875 0.53125 -0.0742436
0.6875 0.5625 -0.0787102
0.65625 0.5625 -0.109466
0.65625 0.53125 -0.104693
0.65625 0.5 -0.0980917
0.6875 0.5 -0.0678809
0.6875 0.53125 -0.0742436
0.65625 0.53125 -0.104693
0.6875 0.625 -0.0581423
0.6875 0.59375 -0.0751923
0.71875 0.59375 -0.0465252
0.71875 0.625 -0.0338768
0.6875 0.625 -0.0581423
0.6875 0.59375 -0.0751923
0.6875 0.5625 -0.0787102
0.71875 0.5625 -0.0479075
0.71875 0.59375 -0.0465252
0.6875 0.59375 -0.0751923
0.71875 0.625 -0.0338768
0.71875 0.59375 -0.0465252
0.75 0.59375 -0.0163607
0.75 0.625 -0.00645874
0.71875 0.625 -0.0338768
0.71875 0.59375 -0.0465252
0.71875 0.5625 -0.0479075
0.75 0.5625 -0.0170601
0.75 0.59375 -0.0163607
0.71875 0.59375 -0.0465252
0.6875 0.5625 -0.0787102
0.6875 0.53125 -0.0742436
0.71875 0.53125 -0.0437459
0.71875 0.5625 -0.0479075
0.6875 0.5625 -0.0787102
0.6875 0.53125 -0.0742436
0.6875 0.5 -0.0678809
0.71875 0.5 -0.0376222
0.71875 0.53125 -0.0437459
0.6875 0.53125 -0.0742436
0.71875 0.5625 -0.0479075
0.71875 0.53125 -0.0437459
0.75 0.53125 -0.0132027
0.75 0.5625 -0.0170601
0.71875 0.5625 -0.0479075
0.71875 0.53125 -0.0437459
0.71875 0.5 -0.0376222
0.75 0.5 -0.00732307
0.75 0.53125 -0.0132027
0.71875 0.53125 -0.0437459
0.75 1 0.305028
0.75 0.875 0.189673
0.875 0.875 0.262778
0.875 1 0.365236
0.75 1 0.305028
0.75 0.875 0.189673
0.75 0.8125 0.133394
0.8125 0.8125 0.170394
0.8125 0.875 0.222194
0.75 0.875 0.189673
0.75 0.8125 0.133394
0.75 0.78125 0.106256
0.78125 0.78125 0.125211
0.78125 0.8125 0.150835
0.75 0.8125 0.133394
0.75 0.78125 0.106256
0.75 0.75 0.0799414
0.78125 0.75 0.100692
0.78125 0.78125 0.125211
0.75 0.78125 0.106256
0.78125 0.8125 0.150835
0.78125 0.78125 0.125211
0.8125 0.78125 0.146328
0.8125 0.8125 0.170394
0.78125 0.8125 0.150835
0.78125 0.78125 0.125211
0.78125 0.75 0.100692
0.8125 0.75 0.123571
0.8125 0.78125 0.146328
0.78125 0.78125 0.125211
0.8125 0.875 0.222194
0.8125 0.8125 0.170394
0.875 0.8125 0.216025
0.875 0.875 0.262778
0.8125 0.875 0.222194
0.8125 0.8125 0.170394
0.8125 0.75 0.123571
0.875 0.75 0.173707
0.875 0.8125 0.216025
0.8125 0.8125 0.170394
0.875 1 0.365236
0.875 0.875 0.262778
1 0.875 0.35905
1 1 0.450472
0.875 1 0.365236
0.875 0.875 0.262778
0.875 0.8125 0.216025
0.9375 0.8125 0.2661
0.9375 0.875 0.308261
0.875 0.875 0.262778
0.875 0.8125 0.216025
0.875 0.75 0.173707
0.9375 0.75 0.229162
0.9375 0.8125 0.2661
0.875 0.8125 0.216025
0.9375 0.875 0.308261
0.9375 0.8125 0.2661
1 0.8125 0.320346
1 0.875 0.35905
0.9375 0.875 0.308261
0.9375 0.8125 0.2661
0.9375 0.75 0.229162
1 0.75 0.286815
1 0.8125 0.320346
0.9375 0.8125 0.2661
0.75 0.75 0.0799414
0.75 0.71875 0.0547368
0.78125 0.71875 0.0776137
0.78125 0.75 0.100692
0.75 0.75 0.0799414
0.75 0.71875 0.0547368
0.75 0.6875 0.0310904
0.78125 0.6875 0.0564642
0.78125 0.71875 0.0776137
0.75 0.71875 0.0547368
0.78125 0.75 0.100692
0.78125 0.71875 0.0776137
0.8125 0.71875 0.102438
0.8125 0.75 0.123571
0.78125 0.75 0.100692
0.78125 0.71875 0.0776137
0.78125 0.6875 0.0564642
0.8125 0.6875 0.0833667
0.8125 0.71875 0.102438
0.78125 0.71875 0.0776137
0.75 0.6875 0.0310904
0.75 0.65625 0.00976292
0.78125 0.65625 0.0379975
0.78125 0.6875 0.0564642
0.75 0.6875 0.0310904
0.75 0.65625 0.00976292
0.75 0.625 -0.00645874
0.78125 0.625 0.0234522
0.78125 0.65625 0.0379975
0.75 0.65625 0.00976292
0.78125 0.6875 0.0564642
0.78125 0.65625 0.0379975
0.8125 0.65625 0.066973
0.8125 0.6875 0.0833667
0.78125 0.6875 0.0564642
0.78125 0.65625 0.0379975
0.78125 0.625 0.0234522
0.8125 0.625 0.0540921
0.8125 0.65625 0.066973
0.78125 0.65625 0.0379975
0.8125 0.75 0.123571
0.8125 0.71875 0.102438
0.84375 0.71875 0.128631
0.84375 0.75 0.148137
0.8125 0.75 0.123571
0.8125 0.71875 0.102438
0.8125 0.6875 0.0833667
0.84375 0.6875 0.111232
0.84375 0.71875 0.128631
0.8125 0.71875 0.102438
0.84375 0.75 0.148137
0.84375 0.71875 0.128631
0.875 0.71875 0.155603
0.875 0.75 0.173707
0.84375 0.75 0.148137
0.84375 0.71875 0.128631
0.84375 0.6875 0.111232
0.875 0.6875 0.139617
0.875 0.71875 0.155603
0.84375 0.71875 0.128631
0.8125 0.6875 0.0833667
0.8125 0.65625 0.066973
0.84375 0.65625 0.0964082
0.84375 0.6875 0.111232
0.8125 0.6875 0.0833667
0.8125 0.65625 0.066973
0.8125 0.625 0.0540921
0.84375 0.625 0.0847624
0.84375 0.65625 0.0964082
0.8125 0.65625 0.066973
0.84375 0.6875 0.111232
0.84375 0.65625 0.0964082
0.875 0.65625 0.126091
0.875 0.6875 0.139617
0.84375 0.6875 0.111232
0.84375 0.65625 0.0964082
0.84375 0.625 0.0847624
0.875 0.625 0.115465
0.875 0.65625 0.126091
0.84375 0.65625 0.0964082
0.75 0.625 -0.00645874
0.75 0.59375 -0.0163607
0.78125 0.59375 0.0145088
0.78125 0.625 0.0234522
0.75 0.625 -0.00645874
0.75 0.59375 -0.0163607
0.75 0.5625 -0.0170601
0.78125 0.5625 0.0139721
0.78125 0.59375 0.0145088
0.75 0.59375 -0.0163607
0.78125 0.625 0.0234522
0.78125 0.59375 0.0145088
0.8125 0.59375 0.0457549
0.8125 0.625 0.0540921
0.78125 0.625 0.0234522
0.78125 0.59375 0.0145088
0.78125 0.5625 0.0139721
0.8125 0.5625 0.04519
0.8125 0.59375 0.0457549
0.78125 0.59375 0.0145088
0.75 0.5625 -0.0170601
0.75 0.53125 -0.0132027
0.78125 0.53125 0.017545
0.78125 0.5625 0.0139721
0.75 0.5625 -0.0170601
0.75 0.53125 -0.0132027
0.75 0.5 -0.00732307
0.78125 0.5 0.0231791
0.78125 0.53125 0.017545
0.75 0.53125 -0.0132027
0.78125 0.5625 0.0139721
0.78125 0.53125 0.017545
0.8125 0.53125 0.0484783
0.8125 0.5625 0.04519
0.78125 0.5625 0.0139721
0.78125 0.53125 0.017545
0.78125 0.5 0.0231791
0.8125 0.5 0.0538185
0.8125 0.53125 0.0484783
0.78125 0.53125 0.017545
0.8125 0.625 0.0540921
0.8125 0.59375 0.0457549
0.84375 0.59375 0.0769936
0.84375 0.625 0.0847624
0.8125 0.625 0.0540921
0.8125 0.59375 0.0457549
0.8125 0.5625 0.04519
0.84375 0.5625 0.0764109
0.84375 0.59375 0.0769936
0.8125 0.59375 0.0457549
0.84375 0.625 0.0847624
0.84375 0.59375 0.0769936
0.875 0.59375 0.108235
0.875 0.625 0.115465
0.84375 0.625 0.0847624
0.84375 0.59375 0.0769936
0.84375 0.5625 0.0764109
0.875 0.5625 0.107632
0.875 0.59375 0.108235
0.84375 0.59375 0.0769936
0.8125 0.5625 0.04519
0.8125 0.53125 0.0484783
0.84375 0.53125 0.0794449
0.84375 0.5625 0.0764109
0.8125 0.5625 0.04519
0.8125 0.53125 0.0484783
0.8125 0.5 0.0538185
0.84375 0.5 0.0845071
0.84375 0.53125 0.0794449
0.8125 0.53125 0.0484783
0.84375 0.5625 0.0764109
0.84375 0.53125 0.0794449
0.875 0.53125 0.11045
0.875 0.5625 0.107632
0.84375 0.5625 0.0764109
0.84375 0.53125 0.0794449
0.84375 0.5 0.0845071
0.875 0.5 0.115239
0.875 0.53125 0.11045
0.84375 0.53125 0.0794449
0.875 0.75 0.173707
0.875 0.6875 0.139617
0.9375 0.6875 0.199238
0.9375 0.75 0.229162
0.875 0.75 0.173707
0.875 0.6875 0.139617
0.875 0.625 0.115465
0.9375 0.625 0.177891
0.9375 0.6875 0.199238
0.875 0.6875 0.139617
0.9375 0.75 0.229162
0.9375 0.6875 0.199238
1 0.6875 0.25968
1 0.75 0.286815
0.9375 0.75 0.229162
0.9375 0.6875 0.199238
0.9375 0.625 0.177891
1 0.625 0.24028
1 0.6875 0.25968
0.9375 0.6875 0.199238
0.875 0.625 0.115465
0.875 0.5625 0.107632
0.9375 0.5625 0.170118
0.9375 0.625 0.177891
0.875 0.625 0.115465
0.875 0.5625 0.107632
0.875 0.5 0.115239
0.9375 0.5 0.176864
0.9375 0.5625 0.170118
0.875 0.5625 0.107632
0.9375 0.625 0.177891
0.9375 0.5625 0.170118
1 0.5625 0.232614
1 0.625 0.24028
0.9375 0.625 0.177891
0.9375 0.5625 0.170118
0.9375 0.5 0.176864
1 0.5 0.238712
1 0.5625 0.232614
0.9375 0.5625 0.170118
0.5 0.5 -0.227623
0.5 0.4375 -0.186066
0.5625 0.4375 -0.165565
0.5625 0.5 -0.186431
0.5 0.5 -0.227623
0.5 0.4375 -0.186066
0.5 0.375 -0.128899
0.5625 0.375 -0.134258
0.5625 0.4375 -0.165565
0.5 0.4375 -0.186066
0.5625 0.5 -0.186431
0.5625 0.4375 -0.165565
0.625 0.4375 -0.111482
0.625 0.5 -0.128235
0.5625 0.5 -0.186431
0.5625 0.4375 -0.165565
0.5625 0.375 -0.134258
0.625 0.375 -0.0899705
0.625 0.4375 -0.111482
0.5625 0.4375 -0.165565
0.5 0.375 -0.128899
0.5 0.34375 -0.0986488
0.53125 0.34375 -0.105629
0.53125 0.375 -0.136118
0.5 0.375 -0.128899
0.5 0.34375 -0.0986488
0.5 0.3125 -0.0683422
0.53125 0.3125 -0.075092
0.53125 0.34375 -0.105629
0.5 0.34375 -0.0986488
0.53125 0.375 -0.136118
0.53125 0.34375 -0.105629
0.5625 0.34375 -0.109702
0.5625 0.375 -0.134258
0.53125 0.375 -0.136118
0.53125 0.34375 -0.105629
0.53125 0.3125 -0.075092
0.5625 0.3125 -0.0802409
0.5625 0.34375 -0.109702
0.53125 0.34375 -0.105629
0.5 0.3125 -0.0683422
0.5 0.28125 -0.0379914
0.53125 0.28125 -0.044504
0.53125 0.3125 -0.075092
0.5 0.3125 -0.0683422
0.5 0.28125 -0.0379914
0.5 0.25 -0.00759858
0.53125 0.25 -0.0138637
0.53125 0.28125 -0.044504
0.5 0.28125 -0.0379914
0.53125 0.3125 -0.075092
0.53125 0.28125 -0.044504
0.5625 0.28125 -0.0493207
0.5625 0.3125 -0.0802409
0.53125 0.3125 -0.075092
0.53125 0.28125 -0.044504
0.53125 0.25 -0.0138637
0.5625 0.25 -0.0183492
0.5625 0.28125 -0.0493207
0.53125 0.28125 -0.044504
0.5625 0.375 -0.134258
0.5625 0.34375 -0.109702
0.59375 0.34375 -0.0971655
0.59375 0.375 -0.115296
0.5625 0.375 -0.134258
0.5625 0.34375 -0.109702
0.5625 0.3125 -0.0802409
0.59375 0.3125 -0.0747924
0.59375 0.34375 -0.0971655
0.5625 0.34375 -0.109702
0.59375 0.375 -0.115296
0.59375 0.34375 -0.0971655
0.625 0.34375 -0.0756842
0.625 0.375 -0.0899705
0.59375 0.375 -0.115296
0.59375 0.34375 -0.0971655
0.59375 0.3125 -0.0747924
0.625 0.3125 -0.057968
0.625 0.34375 -0.0756842
0.59375 0.34375 -0.0971655
0.5625 0.3125 -0.0802409
0.5625 0.28125 -0.0493207
0.59375 0.28125 -0.0481067
0.59375 0.3125 -0.0747924
0.5625 0.3125 -0.0802409
0.5625 0.28125 -0.0493207
0.5625 0.25 -0.0183492
0.59375 0.25 -0.0189356
0.59375 0.28125 -0.0481067
0.5625 0.28125 -0.0493207
0.59375 0.3125 -0.0747924
0.59375 0.28125 -0.0481067
0.625 0.28125 -0.0363159
0.625 0.3125 -0.057968
0.59375 0.3125 -0.0747924
0.59375 0.28125 -0.0481067
0.59375 0.25 -0.0189356
0.625 0.25 -0.0113721
0.625 0.28125 -0.0363159
0.59375 0.28125 -0.0481067
0.625 0.5 -0.128235
0.625 0.46875 -0.120296
0.65625 0.46875 -0.0903938
0.65625 0.5 -0.0980917
0.625 0.5 -0.128235
0.625 0.46875 -0.120296
0.625 0.4375 -0.111482
0.65625 0.4375 -0.0819024
0.65625 0.46875 -0.0903938
0.625 0.46875 -0.120296
0.65625 0.5 -0.0980917
0.65625 0.46875 -0.0903938
0.6875 0.46875 -0.0603885
0.6875 0.5 -0.0678809
0.65625 0.5 -0.0980917
0.65625 0.46875 -0.0903938
0.65625 0.4375 -0.0819024
0.6875 0.4375 -0.0520936
0.6875 0.46875 -0.0603885
0.65625 0.46875 -0.0903938
0.625 0.4375 -0.111482
0.625 0.40625 -0.10159
0.65625 0.40625 -0.0726818
0.65625 0.4375 -0.0819024
0.625 0.4375 -0.111482
0.625 0.40625 -0.10159
0.625 0.375 -0.0899705
0.65625 0.375 -0.0623467
0.65625 0.40625 -0.0726818
0.625 0.40625 -0.10159
0.65625 0.4375 -0.0819024
0.65625 0.40625 -0.0726818
0.6875 0.40625 -0.0432467
0.6875 0.4375 -0.0520936
0.65625 0.4375 -0.0819024
0.65625 0.40625 -0.0726818
0.65625 0.375 -0.0623467
0.6875 0.375 -0.033659
0.6875 0.40625 -0.0432467
0.65625 0.40625 -0.0726818
0.6875 0.5 -0.0678809
0.6875 0.46875 -0.0603885
0.71875 0.46875 -0.0303114
0.71875 0.5 -0.0376222
0.6875 0.5 -0.0678809
0.6875 0.46875 -0.0603885
0.6875 0.4375 -0.0520936
0.71875 0.4375 -0.0221568
0.71875 0.46875 -0.0303114
0.6875 0.46875 -0.0603885
0.71875 0.5 -0.0376222
0.71875 0.46875 -0.0303114
0.75 0.46875 -0.000184
0.75 0.5 -0.00732307
0.71875 0.5 -0.0376222
0.71875 0.46875 -0.0303114
0.71875 0.4375 -0.0221568
0.75 0.4375 0.00787549
0.75 0.46875 -0.000184
0.71875 0.46875 -0.0303114
0.6875 0.4375 -0.0520936
0.6875 0.40625 -0.0432467
0.71875 0.40625 -0.0135288
0.71875 0.4375 -0.0221568
0.6875 0.4375 -0.0520936
0.6875 0.40625 -0.0432467
0.6875 0.375 -0.033659
0.71875 0.375 -0.00439563
0.71875 0.40625 -0.0135288
0.6875 0.40625 -0.0432467
0.71875 0.4375 -0.0221568
0.71875 0.40625 -0.0135288
0.75 0.40625 0.016382
0.75 0.4375 0.00787549
0.71875 0.4375 -0.0221568
0.71875 0.40625 -0.0135288
0.71875 0.375 -0.00439563
0.75 0.375 0.0253757
0.75 0.40625 0.016382
0.71875 0.40625 -0.0135288
0.625 0.375 -0.0899705
0.625 0.34375 -0.0756842
0.65625 0.34375 -0.0502081
0.65625 0.375 -0.0623467
0.625 0.375 -0.0899705
0.625 0.34375 -0.0756842
0.625 0.3125 -0.057968
0.65625 0.3125 -0.0355763
0.65625 0.34375 -0.0502081
0.625 0.34375 -0.0756842
0.65625 0.375 -0.0623467
0.65625 0.34375 -0.0502081
0.6875 0.34375 -0.0227148
0.6875 0.375 -0.033659
0.65625 0.375 -0.0623467
0.65625 0.34375 -0.0502081
0.65625 0.3125 -0.0355763
0.6875 0.3125 -0.0100813
0.6875 0.34375 -0.0227148
0.65625 0.34375 -0.0502081
0.625 0.3125 -0.057968
0.625 0.28125 -0.0363159
0.65625 0.28125 -0.0176207
0.65625 0.3125 -0.0355763
0.625 0.3125 -0.057968
0.625 0.28125 -0.0363159
0.625 0.25 -0.0113721
0.65625 0.25 0.0041249
0.65625 0.28125 -0.0176207
0.625 0.28125 -0.0363159
0.65625 0.3125 -0.0355763
0.65625 0.28125 -0.0176207
0.6875 0.28125 0.00562872
0.6875 0.3125 -0.0100813
0.65625 0.3125 -0.0355763
0.65625 0.28125 -0.0176207
0.65625 0.25 0.0041249
0.6875 0.25 0.0254842
0.6875 0.28125 0.00562872
0.65625 0.28125 -0.0176207
0.6875 0.375 -0.033659
0.6875 0.34375 -0.0227148
0.71875 0.34375 0.00592008
0.71875 0.375 -0.00439563
0.6875 0.375 -0.033659
0.6875 0.34375 -0.0227148
0.6875 0.3125 -0.0100813
0.71875 0.3125 0.0177547
0.71875 0.34375 0.00592008
0.6875 0.34375 -0.0227148
0.71875 0.375 -0.00439563
0.71875 0.34375 0.00592008
0.75 0.34375 0.0353064
0.75 0.375 0.0253757
0.71875 0.375 -0.00439563
0.71875 0.34375 0.00592008
0.71875 0.3125 0.0177547
0.75 0.3125 0.0465302
0.75 0.34375 0.0353064
0.71875 0.34375 0.00592008
0.6875 0.3125 -0.0100813
0.6875 0.28125 0.00562872
0.71875 0.28125 0.032144
0.71875 0.3125 0.0177547
0.6875 0.3125 -0.0100813
0.6875 0.28125 0.00562872
0.6875 0.25 0.0254842
0.71875 0.25 0.0495151
0.71875 0.28125 0.032144
0.6875 0.28125 0.00562872
0.71875 0.3125 0.0177547
0.71875 0.28125 0.032144
0.75 0.28125 0.0597104
0.75 0.3125 0.0465302
0.71875 0.3125 0.0177547
0.71875 0.28125 0.032144
0.71875 0.25 0.0495151
0.75 0.25 0.0753206
0.75 0.28125 0.0597104
0.71875 0.28125 0.032144
0.5 0.25 -0.00759858
0.5 0.21875 0.0229071
0.53125 0.21875 0.0168917
0.53125 0.25 -0.0138637
0.5 0.25 -0.00759858
0.5 0.21875 0.0229071
0.5 0.1875 0.0534853
0.53125 0.1875 0.0477503
0.53125 0.21875 0.0168917
0.5 0.21875 0.0229071
0.53125 0.25 -0.0138637
0.53125 0.21875 0.0168917
0.5625 0.21875 0.0127166
0.5625 0.25 -0.0183492
0.53125 0.25 -0.0138637
0.53125 0.21875 0.0168917
0.53125 0.1875 0.0477503
0.5625 0.1875 0.043884
0.5625 0.21875 0.0127166
0.53125 0.21875 0.0168917
0.5 0.1875 0.0534853
0.5 0.15625 0.0841133
0.53125 0.15625 0.0786491
0.53125 0.1875 0.0477503
0.5 0.1875 0.0534853
0.5 0.15625 0.0841133
0.5 0.125 0.114788
0.53125 0.125 0.109591
0.53125 0.15625 0.0786491
0.5 0.15625 0.0841133
0.53125 0.1875 0.0477503
0.53125 0.15625 0.0786491
0.5625 0.15625 0.0750618
0.5625 0.1875 0.043884
0.53125 0.1875 0.0477503
0.53125 0.15625 0.0786491
0.53125 0.125 0.109591
0.5625 0.125 0.106247
0.5625 0.15625 0.0750618
0.53125 0.15625 0.0786491
0.5625 0.25 -0.0183492
0.5625 0.21875 0.0127166
0.59375 0.21875 0.0121381
0.59375 0.25 -0.0189356
0.5625 0.25 -0.0183492
0.5625 0.21875 0.0127166
0.5625 0.1875 0.043884
0.59375 0.1875 0.0433648
0.59375 0.21875 0.0121381
0.5625 0.21875 0.0127166
0.59375 0.25 -0.0189356
0.59375 0.21875 0.0121381
0.625 0.21875 0.017822
0.625 0.25 -0.0113721
0.59375 0.25 -0.0189356
0.59375 0.21875 0.0121381
0.59375 0.1875 0.0433648
0.625 0.1875 0.0480638
0.625 0.21875 0.017822
0.59375 0.21875 0.0121381
0.5625 0.1875 0.043884
0.5625 0.15625 0.0750618
0.59375 0.15625 0.0745906
0.59375 0.1875 0.0433648
0.5625 0.1875 0.043884
0.5625 0.15625 0.0750618
0.5625 0.125 0.106247
0.59375 0.125 0.105818
0.59375 0.15625 0.0745906
0.5625 0.15625 0.0750618
0.59375 0.1875 0.0433648
0.59375 0.15625 0.0745906
0.625 0.15625 0.0785992
0.625 0.1875 0.0480638
0.59375 0.1875 0.0433648
0.59375 0.15625 0.0745906
0.59375 0.125 0.105818
0.625 0.125 0.10928
0.625 0.15625 0.0785992
0.59375 0.15625 0.0745906
0.5 0.125 0.114788
0.5 0.0625 0.176311
0.5625 0.0625 0.168678
0.5625 0.125 0.106247
0.5 0.125 0.114788
0.5 0.0625 0.176311
0.5 0 0.238074
0.5625 0 0.231136
0.5625 0.0625 0.168678
0.5 0.0625 0.176311
0.5625 0.125 0.106247
0.5625 0.0625 0.168678
0.625 0.0625 0.171188
0.625 0.125 0.10928
0.5625 0.125 0.106247
0.5625 0.0625 0.168678
0.5625 0 0.231136
0.625 0 0.233314
0.625 0.0625 0.171188
0.5625 0.0625 0.168678
0.625 0.25 -0.0113721
0.625 0.21875 0.017822
0.65625 0.21875 0.0304918
0.65625 0.25 0.0041249
0.625 0.25 -0.0113721
0.625 0.21875 0.017822
0.625 0.1875 0.0480638
0.65625 0.1875 0.058541
0.65625 0.21875 0.0304918
0.625 0.21875 0.017822
0.65625 0.25 0.0041249
0.65625 0.21875 0.0304918
0.6875 0.21875 0.048592
0.6875 0.25 0.0254842
0.65625 0.25 0.0041249
0.65625 0.21875 0.0304918
0.65625 0.1875 0.058541
0.6875 0.1875 0.0740037
0.6875 0.21875 0.048592
0.65625 0.21875 0.0304918
0.625 0.1875 0.0480638
0.625 0.15625 0.0785992
0.65625 0.15625 0.0873775
0.65625 0.1875 0.058541
0.625 0.1875 0.0480638
0.625 0.15625 0.0785992
0.625 0.125 0.10928
0.65625 0.125 0.116936
0.65625 0.15625 0.0873775
0.625 0.15625 0.0785992
0.65625 0.1875 0.058541
0.65625 0.15625 0.0873775
0.6875 0.15625 0.100781
0.6875 0.1875 0.0740037
0.65625 0.1875 0.058541
0.65625 0.15625 0.0873775
0.65625 0.125 0.116936
0.6875 0.125 0.128579
0.6875 0.15625 0.100781
0.65625 0.15625 0.0873775
0.6875 0.25 0.0254842
0.6875 0.21875 0.048592
0.71875 0.21875 0.0699045
0.71875 0.25 0.0495151
0.6875 0.25 0.0254842
0.6875 0.21875 0.048592
0.6875 0.1875 0.0740037
0.71875 0.1875 0.0929305
0.71875 0.21875 0.0699045
0.6875 0.21875 0.048592
0.71875 0.25 0.0495151
0.71875 0.21875 0.0699045
0.75 0.21875 0.0935137
0.75 0.25 0.0753206
0.71875 0.25 0.0495151
0.71875 0.21875 0.0699045
0.71875 0.1875 0.0929305
0.75 0.1875 0.114367
0.75 0.21875 0.0935137
0.71875 0.21875 0.0699045
0.6875 0.1875 0.0740037
0.6875 0.15625 0.100781
0.71875 0.15625 0.117571
0.71875 0.1875 0.0929305
0.6875 0.1875 0.0740037
0.6875 0.15625 0.100781
0.6875 0.125 0.128579
0.71875 0.125 0.143636
0.71875 0.15625 0.117571
0.6875 0.15625 0.100781
0.71875 0.1875 0.0929305
0.71875 0.15625 0.117571
0.75 0.15625 0.137012
0.75 0.1875 0.114367
0.71875 0.1875 0.0929305
0.71875 0.15625 0.117571
0.71875 0.125 0.143636
0.75 0.125 0.161335
0.75 0.15625 0.137012
0.71875 0.15625 0.117571
0.625 0.125 0.10928
0.625 0.0625 0.171188
0.6875 0.0625 0.186396
0.6875 0.125 0.128579
0.625 0.125 0.10928
0.625 0.0625 0.171188
0.625 0 0.233314
0.6875 0 0.246247
0.6875 0.0625 0.186396
0.625 0.0625 0.171188
0.6875 0.125 0.128579
0.6875 0.0625 0.186396
0.75 0.0625 0.213128
0.75 0.125 0.161335
0.6875 0.125 0.128579
0.6875 0.0625 0.186396
0.6875 0 0.246247
0.75 0 0.269212
0.75 0.0625 0.213128
0.6875 0.0625 0.186396
0.75 0.5 -0.00732307
0.75 0.46875 -0.000184
0.78125 0.46875 0.0301441
0.78125 0.5 0.0231791
0.75 0.5 -0.00732307
0.75 0.46875 -0.000184
0.75 0.4375 0.00787549
0.78125 0.4375 0.0380281
0.78125 0.46875 0.0301441
0.75 0.46875 -0.000184
0.78125 0.5 0.0231791
0.78125 0.46875 0.0301441
0.8125 0.46875 0.0605273
0.8125 0.5 0.0538185
0.78125 0.5 0.0231791
0.78125 0.46875 0.0301441
0.78125 0.4375 0.0380281
0.8125 0.4375 0.0682236
0.8125 0.46875 0.0605273
0.78125 0.46875 0.0301441
0.75 0.4375 0.00787549
0.75 0.40625 0.016382
0.78125 0.40625 0.0464021
0.78125 0.4375 0.0380281
0.75 0.4375 0.00787549
0.75 0.40625 0.016382
0.75 0.375 0.0253757
0.78125 0.375 0.0552537
0.78125 0.40625 0.0464021
0.75 0.40625 0.016382
0.78125 0.4375 0.0380281
0.78125 0.40625 0.0464021
0.8125 0.40625 0.0764605
0.8125 0.4375 0.0682236
0.78125 0.4375 0.0380281
0.78125 0.40625 0.0464021
0.78125 0.375 0.0552537
0.8125 0.375 0.0851731
0.8125 0.40625 0.0764605
0.78125 0.40625 0.0464021
0.8125 0.5 0.0538185
0.8125 0.46875 0.0605273
0.84375 0.46875 0.0909621
0.84375 0.5 0.0845071
0.8125 0.5 0.0538185
0.8125 0.46875 0.0605273
0.8125 0.4375 0.0682236
0.84375 0.4375 0.0984621
0.84375 0.46875 0.0909621
0.8125 0.46875 0.0605273
0.84375 0.5 0.0845071
0.84375 0.46875 0.0909621
0.875 0.46875 0.121446
0.875 0.5 0.115239
0.84375 0.5 0.0845071
0.84375 0.46875 0.0909621
0.84375 0.4375 0.0984621
0.875 0.4375 0.128744
0.875 0.46875 0.121446
0.84375 0.46875 0.0909621
0.8125 0.4375 0.0682236
0.8125 0.40625 0.0764605
0.84375 0.40625 0.106557
0.84375 0.4375 0.0984621
0.8125 0.4375 0.0682236
0.8125 0.40625 0.0764605
0.8125 0.375 0.0851731
0.84375 0.375 0.115131
0.84375 0.40625 0.106557
0.8125 0.40625 0.0764605
0.84375 0.4375 0.0984621
0.84375 0.40625 0.106557
0.875 0.40625 0.136691
0.875 0.4375 0.128744
0.84375 0.4375 0.0984621
0.84375 0.40625 0.106557
0.84375 0.375 0.115131
0.875 0.375 0.145127
0.875 0.40625 0.136691
0.84375 0.40625 0.106557
0.75 0.375 0.0253757
0.75 0.34375 0.0353064
0.78125 0.34375 0.0648595
0.78125 0.375 0.0552537
0.75 0.375 0.0253757
0.75 0.34375 0.0353064
0.75 0.3125 0.0465302
0.78125 0.3125 0.0755689
0.78125 0.34375 0.0648595
0.75 0.34375 0.0353064
0.78125 0.375 0.0552537
0.78125 0.34375 0.0648595
0.8125 0.34375 0.0945299
0.8125 0.375 0.0851731
0.78125 0.375 0.0552537
0.78125 0.34375 0.0648595
0.78125 0.3125 0.0755689
0.8125 0.3125 0.104822
0.8125 0.34375 0.0945299
0.78125 0.34375 0.0648595
0.75 0.3125 0.0465302
0.75 0.28125 0.0597104
0.78125 0.28125 0.0878535
0.78125 0.3125 0.0755689
0.75 0.3125 0.0465302
0.75 0.28125 0.0597104
0.75 0.25 0.0753206
0.78125 0.25 0.102155
0.78125 0.28125 0.0878535
0.75 0.28125 0.0597104
0.78125 0.3125 0.0755689
0.78125 0.28125 0.0878535
0.8125 0.28125 0.116447
0.8125 0.3125 0.104822
0.78125 0.3125 0.0755689
0.78125 0.28125 0.0878535
0.78125 0.25 0.102155
0.8125 0.25 0.129723
0.8125 0.28125 0.116447
0.78125 0.28125 0.0878535
0.8125 0.375 0.0851731
0.8125 0.34375 0.0945299
0.84375 0.34375 0.124277
0.84375 0.375 0.115131
0.8125 0.375 0.0851731
0.8125 0.34375 0.0945299
0.8125 0.3125 0.104822
0.84375 0.3125 0.134222
0.84375 0.34375 0.124277
0.8125 0.34375 0.0945299
0.84375 0.375 0.115131
0.84375 0.34375 0.124277
0.875 0.34375 0.154107
0.875 0.375 0.145127
0.84375 0.375 0.115131
0.84375 0.34375 0.124277
0.84375 0.3125 0.134222
0.875 0.3125 0.163771
0.875 0.34375 0.154107
0.84375 0.34375 0.124277
0.8125 0.3125 0.104822
0.8125 0.25 0.129723
0.875 0.25 0.186489
0.875 0.3125 0.163771
0.8125 0.3125 0.104822
0.875 0.5 0.115239
0.875 0.4375 0.128744
0.9375 0.4375 0.189489
0.9375 0.5 0.176864
0.875 0.5 0.115239
0.875 0.4375 0.128744
0.875 0.375 0.145127
0.9375 0.375 0.205237
0.9375 0.4375 0.189489
0.875 0.4375 0.128744
0.9375 0.5 0.176864
0.9375 0.4375 0.189489
1 0.4375 0.250523
1 0.5 0.238712
0.9375 0.5 0.176864
0.9375 0.4375 0.189489
0.9375 0.375 0.205237
1 0.375 0.265605
1 0.4375 0.250523
0.9375 0.4375 0.189489
0.875 0.375 0.145127
0.875 0.3125 0.163771
0.9375 0.3125 0.223137
0.9375 0.375 0.205237
0.875 0.375 0.145127
0.875 0.3125 0.163771
0.875 0.25 0.186489
0.9375 0.25 0.244226
0.9375 0.3125 0.223137
0.875 0.3125 0.163771
0.9375 0.375 0.205237
0.9375 0.3125 0.223137
1 0.3125 0.282877
1 0.375 0.265605
0.9375 0.375 0.205237
0.9375 0.3125 0.223137
0.9375 0.25 0.244226
1 0.25 0.302928
1 0.3125 0.282877
0.9375 0.3125 0.223137
0.75 0.25 0.0753206
0.75 0.21875 0.0935137
0.78125 0.21875 0.118681
0.78125 0.25 0.102155
0.75 0.25 0.0753206
0.75 0.21875 0.0935137
0.75 0.1875 0.114367
0.78125 0.1875 0.137603
0.78125 0.21875 0.118681
0.75 0.21875 0.0935137
0.78125 0.25 0.102155
0.78125 0.21875 0.118681
0.8125 0.21875 0.144952
0.8125 0.25 0.129723
0.78125 0.25 0.102155
0.78125 0.21875 0.118681
0.78125 0.1875 0.137603
0.8125 0.1875 0.162243
0.8125 0.21875 0.144952
0.78125 0.21875 0.118681
0.75 0.1875 0.114367
0.75 0.125 0.161335
0.8125 0.125 0.203379
0.8125 0.1875 0.162243
0.75 0.1875 0.114367
0.8125 0.25 0.129723
0.8125 0.1875 0.162243
0.875 0.1875 0.215118
0.875 0.25 0.186489
0.8125 0.25 0.129723
0.8125 0.1875 0.162243
0.8125 0.125 0.203379
0.875 0.125 0.25071
0.875 0.1875 0.215118
0.8125 0.1875 0.162243
0.75 0.125 0.161335
0.75 0.0625 0.213128
0.8125 0.0625 0.249523
0.8125 0.125 0.203379
0.75 0.125 0.161335
0.75 0.0625 0.213128
0.75 0 0.269212
0.8125 0 0.301335
0.8125 0.0625 0.249523
0.75 0.0625 0.213128
0.8125 0.125 0.203379
0.8125 0.0625 0.249523
0.875 0.0625 0.29156
0.875 0.125 0.25071
0.8125 0.125 0.203379
0.8125 0.0625 0.249523
0.8125 0 0.301335
0.875 0 0.339078
0.875 0.0625 0.29156
0.8125 0.0625 0.249523
0.875 0.25 0.186489
0.875 0.125 0.25071
1 0.125 0.357715
1 0.25 0.302928
0.875 0.25 0.186489
0.875 0.125 0.25071
0.875 0 0.339078
1 0 0.436267
1 0.125 0.357715
0.875 0.125 0.25071
