0 1 0.452752
0 0.875 0.377377
0.125 0.875 0.267362
0.125 1 0.353012
0 1 0.452752
0 0.875 0.377377
0 0.75 0.312645
0.125 0.75 0.197818
0.125 0.875 0.267362
0 0.875 0.377377
0.125 1 0.353012
0.125 0.9375 0.308845
0.1875 0.9375 0.262931
0.1875 1 0.311093
0.125 1 0.353012
0.125 0.9375 0.308845
0.125 0.875 0.267362
0.1875 0.875 0.217342
0.1875 0.9375 0.262931
0.125 0.9375 0.308845
0.1875 1 0.311093
0.1875 0.9375 0.262931
0.25 0.9375 0.22092
0.25 1 0.27366
0.1875 1 0.311093
0.1875 0.9375 0.262931
0.1875 0.875 0.217342
0.25 0.875 0.170347
0.25 0.9375 0.22092
0.1875 0.9375 0.262931
0.125 0.875 0.267362
0.125 0.8125 0.229973
0.1875 0.8125 0.175948
0.1875 0.875 0.217342
0.125 0.875 0.267362
0.125 0.8125 0.229973
0.125 0.75 0.197818
0.1875 0.75 0.141315
0.1875 0.8125 0.175948
0.125 0.8125 0.229973
0.1875 0.875 0.217342
0.1875 0.8125 0.175948
0.25 0.8125 0.125388
0.25 0.875 0.170347
0.1875 0.875 0.217342
0.1875 0.8125 0.175948
0.1875 0.78125 0.157918
0.21875 0.78125 0.131301
0.21875 0.8125 0.150337
0.1875 0.8125 0.175948
0.1875 0.78125 0.157918
0.1875 0.75 0.141315
0.21875 0.75 0.113843
0.21875 0.78125 0.131301
0.1875 0.78125 0.157918
0.21875 0.8125 0.150337
0.21875 0.78125 0.131301
0.25 0.78125 0.10517
0.25 0.8125 0.125388
0.21875 0.8125 0.150337
0.21875 0.78125 0.131301
0.21875 0.75 0.113843
0.25 0.75 0.0866784
0.25 0.78125 0.10517
0.21875 0.78125 0.131301
0 0.75 0.312645
0 0.6875 0.286993
0.0625 0.6875 0.227945
0.0625 0.75 0.254852
0 0.75 0.312645
0 0.6875 0.286993
0 0.625 0.264917
0.0625 0.625 0.204871
0.0625 0.6875 0.227945
0 0.6875 0.286993
0.0625 0.75 0.254852
0.0625 0.6875 0.227945
0.125 0.6875 0.169675
0.125 0.75 0.197818
0.0625 0.75 0.254852
0.0625 0.6875 0.227945
0.0625 0.625 0.204871
0.125 0.625 0.145571
0.125 0.6875 0.169675
0.0625 0.6875 0.227945
0 0.625 0.264917
0 0.5625 0.24599
0.0625 0.5625 0.184803
0.0625 0.625 0.204871
0 0.625 0.264917
0 0.5625 0.24599
0 0.5 0.231168
0.0625 0.5 0.168963
0.0625 0.5625 0.184803
0 0.5625 0.24599
0.0625 0.625 0.204871
0.0625 0.5625 0.184803
0.125 0.5625 0.124061
0.125 0.625 0.145571
0.0625 0.625 0.204871
0.0625 0.5625 0.184803
0.0625 0.5 0.168963
0.125 0.5 0.106791
0.125 0.5625 0.124061
0.0625 0.5625 0.184803
0.125 0.75 0.197818
0.125 0.6875 0.169675
0.1875 0.6875 0.112205
0.1875 0.75 0.141315
0.125 0.75 0.197818
0.125 0.6875 0.169675
0.125 0.65625 0.157351
0.15625 0.65625 0.128352
0.15625 0.6875 0.140892
0.125 0.6875 0.169675
0.125 0.65625 0.157351
0.125 0.625 0.145571
0.15625 0.625 0.116326
0.15625 0.65625 0.128352
0.125 0.65625 0.157351
0.15625 0.6875 0.140892
0.15625 0.65625 0.128352
0.1875 0.65625 0.0994538
0.1875 0.6875 0.112205
0.15625 0.6875 0.140892
0.15625 0.65625 0.128352
0.15625 0.625 0.116326
0.1875 0.625 0.0871962
0.1875 0.65625 0.0994538
0.15625 0.65625 0.128352
0.1875 0.75 0.141315
0.1875 0.71875 0.126181
0.21875 0.71875 0.0980418
0.21875 0.75 0.113843
0.1875 0.75 0.141315
0.1875 0.71875 0.126181
0.1875 0.6875 0.112205
0.21875 0.6875 0.0836117
0.21875 0.71875 0.0980418
0.1875 0.71875 0.126181
0.21875 0.75 0.113843
0.21875 0.71875 0.0980418
0.25 0.71875 0.0700714
0.25 0.75 0.0866784
0.21875 0.75 0.113843
0.21875 0.71875 0.0980418
0.21875 0.6875 0.0836117
0.25 0.6875 0.0551123
0.25 0.71875 0.0700714
0.21875 0.71875 0.0980418
0.1875 0.6875 0.112205
0.1875 0.65625 0.0994538
0.21875 0.65625 0.0706493
0.21875 0.6875 0.0836117
0.1875 0.6875 0.112205
0.1875 0.65625 0.0994538
0.1875 0.625 0.0871962
0.21875 0.625 0.0581769
0.21875 0.65625 0.0706493
0.1875 0.65625 0.0994538
0.21875 0.6875 0.0836117
0.21875 0.65625 0.0706493
0.25 0.65625 0.0419325
0.25 0.6875 0.0551123
0.21875 0.6875 0.0836117
0.21875 0.65625 0.0706493
0.21875 0.625 0.0581769
0.25 0.625 0.0292571
0.25 0.65625 0.0419325
0.21875 0.65625 0.0706493
0.125 0.625 0.145571
0.125 0.59375 0.134419
0.15625 0.59375 0.104876
0.15625 0.625 0.116326
0.125 0.625 0.145571
0.125 0.59375 0.134419
0.125 0.5625 0.124061
0.15625 0.5625 0.0941534
0.15625 0.59375 0.104876
0.125 0.59375 0.134419
0.15625 0.625 0.116326
0.15625 0.59375 0.104876
0.1875 0.59375 0.0754661
0.1875 0.625 0.0871962
0.15625 0.625 0.116326
0.15625 0.59375 0.104876
0.15625 0.5625 0.0941534
0.1875 0.5625 0.0643775
0.1875 0.59375 0.0754661
0.15625 0.59375 0.104876
0.125 0.5625 0.124061
0.125 0.53125 0.11474
0.15625 0.53125 0.0844124
0.15625 0.5625 0.0941534
0.125 0.5625 0.124061
0.125 0.53125 0.11474
0.125 0.5 0.106791
0.15625 0.5 0.0760219
0.15625 0.53125 0.0844124
0.125 0.53125 0.11474
0.15625 0.5625 0.0941534
0.15625 0.53125 0.0844124
0.1875 0.53125 0.0541915
0.1875 0.5625 0.0643775
0.15625 0.5625 0.0941534
0.15625 0.53125 0.0844124
0.15625 0.5 0.0760219
0.1875 0.5 0.0453129
0.1875 0.53125 0.0541915
0.15625 0.53125 0.0844124
0.1875 0.625 0.0871962
0.1875 0.59375 0.0754661
0.21875 0.59375 0.0462055
0.21875 0.625 0.0581769
0.1875 0.625 0.0871962
0.1875 0.59375 0.0754661
0.1875 0.5625 0.0643775
0.21875 0.5625 0.0347646
0.21875 0.59375 0.0462055
0.1875 0.59375 0.0754661
0.21875 0.625 0.0581769
0.21875 0.59375 0.0462055
0.25 0.59375 0.0170976
0.25 0.625 0.0292571
0.21875 0.625 0.0581769
0.21875 0.59375 0.0462055
0.21875 0.5625 0.0347646
0.25 0.5625 0.00533365
0.25 0.59375 0.0170976
0.21875 0.59375 0.0462055
0.1875 0.5625 0.0643775
0.1875 0.53125 0.0541915
0.21875 0.53125 0.0241162
0.21875 0.5625 0.0347646
0.1875 0.5625 0.0643775
0.1875 0.53125 0.0541915
0.1875 0.5 0.0453129
0.21875 0.5 0.0146948
0.21875 0.53125 0.0241162
0.1875 0.53125 0.0541915
0.21875 0.5625 0.0347646
0.21875 0.53125 0.0241162
0.25 0.53125 -0.005668
0.25 0.5625 0.00533365
0.21875 0.5625 0.0347646
0.21875 0.53125 0.0241162
0.21875 0.5 0.0146948
0.25 0.5 -0.0154995
0.25 0.53125 -0.005668
0.21875 0.53125 0.0241162
0.25 1 0.27366
0.25 0.9375 0.22092
0.3125 0.9375 0.186909
0.3125 1 0.244441
0.25 1 0.27366
0.25 0.9375 0.22092
0.25 0.875 0.170347
0.3125 0.875 0.130719
0.3125 0.9375 0.186909
0.25 0.9375 0.22092
0.3125 1 0.244441
0.3125 0.9375 0.186909
0.375 0.9375 0.163701
0.375 1 0.22502
0.3125 1 0.244441
0.3125 0.9375 0.186909
0.3125 0.875 0.130719
0.375 0.875 0.102716
0.375 0.9375 0.163701
0.3125 0.9375 0.186909
0.25 0.875 0.170347
0.25 0.84375 0.147167
0.28125 0.84375 0.124904
0.28125 0.875 0.149643
0.25 0.875 0.170347
0.25 0.84375 0.147167
0.25 0.8125 0.125388
0.28125 0.8125 0.101542
0.28125 0.84375 0.124904
0.25 0.84375 0.147167
0.28125 0.875 0.149643
0.28125 0.84375 0.124904
0.3125 0.84375 0.104296
0.3125 0.875 0.130719
0.28125 0.875 0.149643
0.28125 0.84375 0.124904
0.28125 0.8125 0.101542
0.3125 0.8125 0.0790888
0.3125 0.84375 0.104296
0.28125 0.84375 0.124904
0.25 0.8125 0.125388
0.25 0.78125 0.10517
0.28125 0.78125 0.0797942
0.28125 0.8125 0.101542
0.25 0.8125 0.125388
0.25 0.78125 0.10517
0.25 0.75 0.0866784
0.28125 0.75 0.0599573
0.28125 0.78125 0.0797942
0.25 0.78125 0.10517
0.28125 0.8125 0.101542
0.28125 0.78125 0.0797942
0.3125 0.78125 0.0554208
0.3125 0.8125 0.0790888
0.28125 0.8125 0.101542
0.28125 0.78125 0.0797942
0.28125 0.75 0.0599573
0.3125 0.75 0.0337814
0.3125 0.78125 0.0554208
0.28125 0.78125 0.0797942
0.3125 0.875 0.130719
0.3125 0.84375 0.104296
0.34375 0.84375 0.0864763
0.34375 0.875 0.114734
0.3125 0.875 0.130719
0.3125 0.84375 0.104296
0.3125 0.8125 0.0790888
0.34375 0.8125 0.059076
0.34375 0.84375 0.0864763
0.3125 0.84375 0.104296
0.34375 0.875 0.114734
0.34375 0.84375 0.0864763
0.375 0.84375 0.0727871
0.375 0.875 0.102716
0.34375 0.875 0.114734
0.34375 0.84375 0.0864763
0.34375 0.8125 0.059076
0.375 0.8125 0.0433054
0.375 0.84375 0.0727871
0.34375 0.84375 0.0864763
0.3125 0.8125 0.0790888
0.3125 0.78125 0.0554208
0.34375 0.78125 0.0328672
0.34375 0.8125 0.059076
0.3125 0.8125 0.0790888
0.3125 0.78125 0.0554208
0.3125 0.75 0.0337814
0.34375 0.75 0.00839597
0.34375 0.78125 0.0328672
0.3125 0.78125 0.0554208
0.34375 0.8125 0.059076
0.34375 0.78125 0.0328672
0.375 0.78125 0.0144623
0.375 0.8125 0.0433054
0.34375 0.8125 0.059076
0.34375 0.78125 0.0328672
0.34375 0.75 0.00839597
0.375 0.75 -0.0124025
0.375 0.78125 0.0144623
0.34375 0.78125 0.0328672
0.375 1 0.22502
0.375 0.9375 0.163701
0.4375 0.9375 0.157032
0.4375 1 0.219533
0.375 1 0.22502
0.375 0.9375 0.163701
0.375 0.875 0.102716
0.4375 0.875 0.0945337
0.4375 0.9375 0.157032
0.375 0.9375 0.163701
0.4375 1 0.219533
0.4375 0.9375 0.157032
0.5 0.9375 0.165599
0.5 1 0.227062
0.4375 1 0.219533
0.4375 0.9375 0.157032
0.4375 0.875 0.0945337
0.5 0.875 0.104302
0.5 0.9375 0.165599
0.4375 0.9375 0.157032
0.375 0.875 0.102716
0.375 0.84375 0.0727871
0.40625 0.84375 0.0646235
0.40625 0.875 0.0956896
0.375 0.875 0.102716
0.375 0.84375 0.0727871
0.375 0.8125 0.0433054
0.40625 0.8125 0.0335928
0.40625 0.84375 0.0646235
0.375 0.84375 0.0727871
0.40625 0.875 0.0956896
0.40625 0.84375 0.0646235
0.4375 0.84375 0.0632987
0.4375 0.875 0.0945337
0.40625 0.875 0.0956896
0.40625 0.84375 0.0646235
0.40625 0.8125 0.0335928
0.4375 0.8125 0.03207
0.4375 0.84375 0.0632987
0.40625 0.84375 0.0646235
0.375 0.8125 0.0433054
0.375 0.78125 0.0144623
0.40625 0.78125 0.00261503
0.40625 0.8125 0.0335928
0.375 0.8125 0.0433054
0.375 0.78125 0.0144623
0.375 0.75 -0.0124025
0.40625 0.75 -0.0270867
0.40625 0.78125 0.00261503
0.375 0.78125 0.0144623
0.40625 0.8125 0.0335928
0.40625 0.78125 0.00261503
0.4375 0.78125 0.000844249
0.4375 0.8125 0.03207
0.40625 0.8125 0.0335928
0.40625 0.78125 0.00261503
0.40625 0.75 -0.0270867
0.4375 0.75 -0.0302658
0.4375 0.78125 0.000844249
0.40625 0.78125 0.00261503
0.4375 0.875 0.0945337
0.4375 0.84375 0.0632987
0.46875 0.84375 0.0669371
0.46875 0.875 0.0978273
0.4375 0.875 0.0945337
0.4375 0.84375 0.0632987
0.4375 0.8125 0.03207
0.46875 0.8125 0.0361086
0.46875 0.84375 0.0669371
0.4375 0.84375 0.0632987
0.46875 0.875 0.0978273
0.46875 0.84375 0.0669371
0.5 0.84375 0.0738965
0.5 0.875 0.104302
0.46875 0.875 0.0978273
0.46875 0.84375 0.0669371
0.46875 0.8125 0.0361086
0.5 0.8125 0.0436143
0.5 0.84375 0.0738965
0.46875 0.84375 0.0669371
0.4375 0.8125 0.03207
0.4375 0.78125 0.000844249
0.46875 0.78125 0.00535739
0.46875 0.8125 0.0361086
0.4375 0.8125 0.03207
0.4375 0.78125 0.000844249
0.4375 0.75 -0.0302658
0.46875 0.75 -0.0250341
0.46875 0.78125 0.00535739
0.4375 0.78125 0.000844249
0.46875 0.8125 0.0361086
0.46875 0.78125 0.00535739
0.5 0.78125 0.0134668
0.5 0.8125 0.0436143
0.46875 0.8125 0.0361086
0.46875 0.78125 0.00535739
0.46875 0.75 -0.0250341
0.5 0.75 -0.0163818
0.5 0.78125 0.0134668
0.46875 0.78125 0.00535739
0.25 0.75 0.0866784
0.25 0.71875 0.0700714
0.28125 0.71875 0.0423174
0.28125 0.75 0.0599573
0.25 0.75 0.0866784
0.25 0.71875 0.0700714
0.25 0.6875 0.0551123
0.28125 0.6875 0.0267079
0.28125 0.71875 0.0423174
0.25 0.71875 0.0700714
0.28125 0.75 0.0599573
0.28125 0.71875 0.0423174
0.3125 0.71875 0.0148117
0.3125 0.75 0.0337814
0.28125 0.75 0.0599573
0.28125 0.71875 0.0423174
0.28125 0.6875 0.0267079
0.3125 0.6875 -0.00153274
0.3125 0.71875 0.0148117
0.28125 0.71875 0.0423174
0.25 0.6875 0.0551123
0.25 0.65625 0.0419325
0.28125 0.65625 0.0132994
0.28125 0.6875 0.0267079
0.25 0.6875 0.0551123
0.25 0.65625 0.0419325
0.25 0.625 0.0292571
0.28125 0.625 0.00043596
0.28125 0.65625 0.0132994
0.25 0.65625 0.0419325
0.28125 0.6875 0.0267079
0.28125 0.65625 0.0132994
0.3125 0.65625 -0.0151335
0.3125 0.6875 -0.00153274
0.28125 0.6875 0.0267079
0.28125 0.65625 0.0132994
0.28125 0.625 0.00043596
0.3125 0.625 -0.0281592
0.3125 0.65625 -0.0151335
0.28125 0.65625 0.0132994
0.3125 0.75 0.0337814
0.3125 0.71875 0.0148117
0.34375 0.71875 -0.0115091
0.34375 0.75 0.00839597
0.3125 0.75 0.0337814
0.3125 0.71875 0.0148117
0.3125 0.6875 -0.00153274
0.34375 0.6875 -0.0288309
0.34375 0.71875 -0.0115091
0.3125 0.71875 0.0148117
0.34375 0.75 0.00839597
0.34375 0.71875 -0.0115091
0.375 0.71875 -0.0355091
0.375 0.75 -0.0124025
0.34375 0.75 0.00839597
0.34375 0.71875 -0.0115091
0.34375 0.6875 -0.0288309
0.375 0.6875 -0.0550661
0.375 0.71875 -0.0355091
0.34375 0.71875 -0.0115091
0.3125 0.6875 -0.00153274
0.3125 0.65625 -0.0151335
0.34375 0.65625 -0.0432723
0.34375 0.6875 -0.0288309
0.3125 0.6875 -0.00153274
0.3125 0.65625 -0.0151335
0.3125 0.625 -0.0281592
0.34375 0.625 -0.0566277
0.34375 0.65625 -0.0432723
0.3125 0.65625 -0.0151335
0.34375 0.6875 -0.0288309
0.34375 0.65625 -0.0432723
0.375 0.65625 -0.0709609
0.375 0.6875 -0.0550661
0.34375 0.6875 -0.0288309
0.34375 0.65625 -0.0432723
0.34375 0.625 -0.0566277
0.375 0.625 -0.0849145
0.375 0.65625 -0.0709609
0.34375 0.65625 -0.0432723
0.25 0.625 0.0292571
0.25 0.59375 0.0170976
0.28125 0.59375 -0.0118347
0.28125 0.625 0.00043596
0.25 0.625 0.0292571
0.25 0.59375 0.0170976
0.25 0.5625 0.00533365
0.28125 0.5625 -0.0237214
0.28125 0.59375 -0.0118347
0.25 0.59375 0.0170976
0.28125 0.625 0.00043596
0.28125 0.59375 -0.0118347
0.3125 0.59375 -0.0406251
0.3125 0.625 -0.0281592
0.28125 0.625 0.00043596
0.28125 0.59375 -0.0118347
0.28125 0.5625 -0.0237214
0.3125 0.5625 -0.0526746
0.3125 0.59375 -0.0406251
0.28125 0.59375 -0.0118347
0.25 0.5625 0.00533365
0.25 0.53125 -0.005668
0.28125 0.53125 -0.0349934
0.28125 0.5625 -0.0237214
0.25 0.5625 0.00533365
0.25 0.53125 -0.005668
0.25 0.5 -0.0154995
0.28125 0.5 -0.0452651
0.28125 0.53125 -0.0349934
0.25 0.53125 -0.005668
0.28125 0.5625 -0.0237214
0.28125 0.53125 -0.0349934
0.3125 0.53125 -0.0641948
0.3125 0.5625 -0.0526746
0.28125 0.5625 -0.0237214
0.28125 0.53125 -0.0349934
0.28125 0.5 -0.0452651
0.3125 0.5 -0.0748674
0.3125 0.53125 -0.0641948
0.28125 0.53125 -0.0349934
0.3125 0.625 -0.0281592
0.3125 0.59375 -0.0406251
0.34375 0.59375 -0.0693259
0.34375 0.625 -0.0566277
0.3125 0.625 -0.0281592
0.3125 0.59375 -0.0406251
0.3125 0.5625 -0.0526746
0.34375 0.5625 -0.0815613
0.34375 0.59375 -0.0693259
0.3125 0.59375 -0.0406251
0.34375 0.625 -0.0566277
0.34375 0.59375 -0.0693259
0.375 0.59375 -0.0979211
0.375 0.625 -0.0849145
0.34375 0.625 -0.0566277
0.34375 0.59375 -0.0693259
0.34375 0.5625 -0.0815613
0.375 0.5625 -0.110368
0.375 0.59375 -0.0979211
0.34375 0.59375 -0.0693259
0.3125 0.5625 -0.0526746
0.3125 0.53125 -0.0641948
0.34375 0.53125 -0.0933006
0.34375 0.5625 -0.0815613
0.3125 0.5625 -0.0526746
0.3125 0.53125 -0.0641948
0.3125 0.5 -0.0748674
0.34375 0.5 -0.104316
0.34375 0.53125 -0.0933006
0.3125 0.53125 -0.0641948
0.34375 0.5625 -0.0815613
0.34375 0.53125 -0.0933006
0.375 0.53125 -0.122322
0.375 0.5625 -0.110368
0.34375 0.5625 -0.0815613
0.34375 0.53125 -0.0933006
0.34375 0.5 -0.104316
0.375 0.5 -0.133639
0.375 0.53125 -0.122322
0.34375 0.53125 -0.0933006
0.375 0.75 -0.0124025
0.375 0.71875 -0.0355091
0.40625 0.71875 -0.0546154
0.40625 0.75 -0.0270867
0.375 0.75 -0.0124025
0.375 0.71875 -0.0355091
0.375 0.6875 -0.0550661
0.40625 0.6875 -0.0785351
0.40625 0.71875 -0.0546154
0.375 0.71875 -0.0355091
0.40625 0.75 -0.0270867
0.40625 0.71875 -0.0546154
0.4375 0.71875 -0.0612538
0.4375 0.75 -0.0302658
0.40625 0.75 -0.0270867
0.40625 0.71875 -0.0546154
0.40625 0.6875 -0.0785351
0.4375 0.6875 -0.0917176
0.4375 0.71875 -0.0612538
0.40625 0.71875 -0.0546154
0.375 0.6875 -0.0550661
0.375 0.65625 -0.0709609
0.40625 0.65625 -0.0976157
0.40625 0.6875 -0.0785351
0.375 0.6875 -0.0550661
0.375 0.65625 -0.0709609
0.375 0.625 -0.0849145
0.40625 0.625 -0.112849
0.40625 0.65625 -0.0976157
0.375 0.65625 -0.0709609
0.40625 0.6875 -0.0785351
0.40625 0.65625 -0.0976157
0.4375 0.65625 -0.118738
0.4375 0.6875 -0.0917176
0.40625 0.6875 -0.0785351
0.40625 0.65625 -0.0976157
0.40625 0.625 -0.112849
0.4375 0.625 -0.139284
0.4375 0.65625 -0.118738
0.40625 0.65625 -0.0976157
0.4375 0.75 -0.0302658
0.4375 0.71875 -0.0612538
0.46875 0.71875 -0.0551971
0.46875 0.75 -0.0250341
0.4375 0.75 -0.0302658
0.4375 0.71875 -0.0612538
0.4375 0.6875 -0.0917176
0.46875 0.6875 -0.0851771
0.46875 0.71875 -0.0551971
0.4375 0.71875 -0.0612538
0.46875 0.75 -0.0250341
0.46875 0.71875 -0.0551971
0.5 0.71875 -0.045985
0.5 0.75 -0.0163818
0.46875 0.75 -0.0250341
0.46875 0.71875 -0.0551971
0.46875 0.6875 -0.0851771
0.5 0.6875 -0.0754422
0.5 0.71875 -0.045985
0.46875 0.71875 -0.0551971
0.4375 0.6875 -0.0917176
0.4375 0.65625 -0.118738
0.46875 0.65625 -0.114981
0.46875 0.6875 -0.0851771
0.4375 0.6875 -0.0917176
0.4375 0.65625 -0.118738
0.4375 0.625 -0.139284
0.46875 0.625 -0.144615
0.46875 0.65625 -0.114981
0.4375 0.65625 -0.118738
0.46875 0.6875 -0.0851771
0.46875 0.65625 -0.114981
0.5 0.65625 -0.104779
0.5 0.6875 -0.0754422
0.46875 0.6875 -0.0851771
0.46875 0.65625 -0.114981
0.46875 0.625 -0.144615
0.5 0.625 -0.133992
0.5 0.65625 -0.104779
0.46875 0.65625 -0.114981
0.375 0.625 -0.0849145
0.375 0.59375 -0.0979211
0.40625 0.59375 -0.126361
0.40625 0.625 -0.112849
0.375 0.625 -0.0849145
0.375 0.59375 -0.0979211
0.375 0.5625 -0.110368
0.40625 0.5625 -0.139107
0.40625 0.59375 -0.126361
0.375 0.59375 -0.0979211
0.40625 0.625 -0.112849
0.40625 0.59375 -0.126361
0.4375 0.59375 -0.154386
0.4375 0.625 -0.139284
0.40625 0.625 -0.112849
0.40625 0.59375 -0.126361
0.40625 0.5625 -0.139107
0.4375 0.5625 -0.167773
0.4375 0.59375 -0.154386
0.40625 0.59375 -0.126361
0.375 0.5625 -0.110368
0.375 0.5 -0.133639
0.4375 0.5 -0.18565
0.4375 0.5625 -0.167773
0.375 0.5625 -0.110368
0.4375 0.625 -0.139284
0.4375 0.5625 -0.167773
0.5 0.5625 -0.192205
0.5 0.625 -0.133992
0.4375 0.625 -0.139284
0.4375 0.5625 -0.167773
0.4375 0.5 -0.18565
0.5 0.5 -0.22958
0.5 0.5625 -0.192205
0.4375 0.5625 -0.167773
0 0.5 0.231168
0 0.4375 0.222119
0.0625 0.4375 0.159589
0.0625 0.5 0.168963
0 0.5 0.231168
0 0.4375 0.222119
0 0.375 0.227772
0.0625 0.375 0.166362
0.0625 0.4375 0.159589
0 0.4375 0.222119
0.0625 0.5 0.168963
0.0625 0.4375 0.159589
0.125 0.4375 0.0970885
0.125 0.5 0.106791
0.0625 0.5 0.168963
0.0625 0.4375 0.159589
0.0625 0.375 0.166362
0.125 0.375 0.105816
0.125 0.4375 0.0970885
0.0625 0.4375 0.159589
0 0.375 0.227772
0 0.3125 0.245
0.0625 0.3125 0.186453
0.0625 0.375 0.166362
0 0.375 0.227772
0 0.3125 0.245
0 0.25 0.271333
0.0625 0.25 0.216741
0.0625 0.3125 0.186453
0 0.3125 0.245
0.0625 0.375 0.166362
0.0625 0.3125 0.186453
0.125 0.3125 0.130736
0.125 0.375 0.105816
0.0625 0.375 0.166362
0.0625 0.3125 0.186453
0.0625 0.25 0.216741
0.125 0.25 0.16694
0.125 0.3125 0.130736
0.0625 0.3125 0.186453
0.125 0.5 0.106791
0.125 0.46875 0.100663
0.15625 0.46875 0.0695031
0.15625 0.5 0.0760219
0.125 0.5 0.106791
0.125 0.46875 0.100663
0.125 0.4375 0.0970885
0.15625 0.4375 0.0658417
0.15625 0.46875 0.0695031
0.125 0.46875 0.100663
0.15625 0.5 0.0760219
0.15625 0.46875 0.0695031
0.1875 0.46875 0.038337
0.1875 0.5 0.0453129
0.15625 0.5 0.0760219
0.15625 0.46875 0.0695031
0.15625 0.4375 0.0658417
0.1875 0.4375 0.0345956
0.1875 0.46875 0.038337
0.15625 0.46875 0.0695031
0.125 0.4375 0.0970885
0.125 0.40625 0.0991305
0.15625 0.40625 0.0682061
0.15625 0.4375 0.0658417
0.125 0.4375 0.0970885
0.125 0.40625 0.0991305
0.125 0.375 0.105816
0.15625 0.375 0.076058
0.15625 0.40625 0.0682061
0.125 0.40625 0.0991305
0.15625 0.4375 0.0658417
0.15625 0.40625 0.0682061
0.1875 0.40625 0.0374743
0.1875 0.4375 0.0345956
0.15625 0.4375 0.0658417
0.15625 0.40625 0.0682061
0.15625 0.375 0.076058
0.1875 0.375 0.0466952
0.1875 0.40625 0.0374743
0.15625 0.40625 0.0682061
0.1875 0.5 0.0453129
0.1875 0.46875 0.038337
0.21875 0.46875 0.00716171
0.21875 0.5 0.0146948
0.1875 0.5 0.0453129
0.1875 0.46875 0.038337
0.1875 0.4375 0.0345956
0.21875 0.4375 0.00334769
0.21875 0.46875 0.00716171
0.1875 0.46875 0.038337
0.21875 0.5 0.0146948
0.21875 0.46875 0.00716171
0.25 0.46875 -0.0235298
0.25 0.5 -0.0154995
0.21875 0.5 0.0146948
0.21875 0.46875 0.00716171
0.21875 0.4375 0.00334769
0.25 0.4375 -0.0270122
0.25 0.46875 -0.0235298
0.21875 0.46875 0.00716171
0.1875 0.4375 0.0345956
0.1875 0.40625 0.0374743
0.21875 0.40625 0.00690644
0.21875 0.4375 0.00334769
0.1875 0.4375 0.0345956
0.1875 0.40625 0.0374743
0.1875 0.375 0.0466952
0.21875 0.375 0.0180851
0.21875 0.40625 0.00690644
0.1875 0.40625 0.0374743
0.21875 0.4375 0.00334769
0.21875 0.40625 0.00690644
0.25 0.40625 -0.0213576
0.25 0.4375 -0.0270122
0.21875 0.4375 0.00334769
0.21875 0.40625 0.00690644
0.21875 0.375 0.0180851
0.25 0.375 -0.00859782
0.25 0.40625 -0.0213576
0.21875 0.40625 0.00690644
0.125 0.375 0.105816
0.125 0.34375 0.116649
0.15625 0.34375 0.0883377
0.15625 0.375 0.076058
0.125 0.375 0.105816
0.125 0.34375 0.116649
0.125 0.3125 0.130736
0.15625 0.3125 0.104167
0.15625 0.34375 0.0883377
0.125 0.34375 0.116649
0.15625 0.375 0.076058
0.15625 0.34375 0.0883377
0.1875 0.34375 0.0609198
0.1875 0.375 0.0466952
0.15625 0.375 0.076058
0.15625 0.34375 0.0883377
0.15625 0.3125 0.104167
0.1875 0.3125 0.0788352
0.1875 0.34375 0.0609198
0.15625 0.34375 0.0883377
0.125 0.3125 0.130736
0.125 0.28125 0.147685
0.15625 0.28125 0.122821
0.15625 0.3125 0.104167
0.125 0.3125 0.130736
0.125 0.28125 0.147685
0.125 0.25 0.16694
0.15625 0.25 0.143744
0.15625 0.28125 0.122821
0.125 0.28125 0.147685
0.15625 0.3125 0.104167
0.15625 0.28125 0.122821
0.1875 0.28125 0.0995601
0.1875 0.3125 0.0788352
0.15625 0.3125 0.104167
0.15625 0.28125 0.122821
0.15625 0.25 0.143744
0.1875 0.25 0.122296
0.1875 0.28125 0.0995601
0.15625 0.28125 0.122821
0.1875 0.375 0.0466952
0.1875 0.34375 0.0609198
0.21875 0.34375 0.0346536
0.21875 0.375 0.0180851
0.1875 0.375 0.0466952
0.1875 0.34375 0.0609198
0.1875 0.3125 0.0788352
0.21875 0.3125 0.0550474
0.21875 0.34375 0.0346536
0.1875 0.34375 0.0609198
0.21875 0.375 0.0180851
0.21875 0.34375 0.0346536
0.25 0.34375 0.0105114
0.25 0.375 -0.00859782
0.21875 0.375 0.0180851
0.21875 0.34375 0.0346536
0.21875 0.3125 0.0550474
0.25 0.3125 0.0337635
0.25 0.34375 0.0105114
0.21875 0.34375 0.0346536
0.1875 0.3125 0.0788352
0.1875 0.28125 0.0995601
0.21875 0.28125 0.0779964
0.21875 0.3125 0.0550474
0.1875 0.3125 0.0788352
0.1875 0.28125 0.0995601
0.1875 0.25 0.122296
0.21875 0.25 0.102628
0.21875 0.28125 0.0779964
0.1875 0.28125 0.0995601
0.21875 0.3125 0.0550474
0.21875 0.28125 0.0779964
0.25 0.28125 0.0588563
0.25 0.3125 0.0337635
0.21875 0.3125 0.0550474
0.21875 0.28125 0.0779964
0.21875 0.25 0.102628
0.25 0.25 0.0850425
0.25 0.28125 0.0588563
0.21875 0.28125 0.0779964
0 0.25 0.271333
0 0.1875 0.305798
0.0625 0.1875 0.255465
0.0625 0.25 0.216741
0 0.25 0.271333
0 0.1875 0.305798
0 0.125 0.345358
0.0625 0.125 0.299224
0.0625 0.1875 0.255465
0 0.1875 0.305798
0.0625 0.25 0.216741
0.0625 0.1875 0.255465
0.125 0.1875 0.211068
0.125 0.25 0.16694
0.0625 0.25 0.216741
0.0625 0.1875 0.255465
0.0625 0.125 0.299224
0.125 0.125 0.259674
0.125 0.1875 0.211068
0.0625 0.1875 0.255465
0 0.125 0.345358
0 0 0.443769
0.125 0 0.366756
0.125 0.125 0.259674
0 0.125 0.345358
0.125 0.25 0.16694
0.125 0.1875 0.211068
0.1875 0.1875 0.171744
0.1875 0.25 0.122296
0.125 0.25 0.16694
0.125 0.1875 0.211068
0.125 0.125 0.259674
0.1875 0.125 0.224962
0.1875 0.1875 0.171744
0.125 0.1875 0.211068
0.1875 0.25 0.122296
0.1875 0.21875 0.146468
0.21875 0.21875 0.128316
0.21875 0.25 0.102628
0.1875 0.25 0.122296
0.1875 0.21875 0.146468
0.1875 0.1875 0.171744
0.21875 0.1875 0.154781
0.21875 0.21875 0.128316
0.1875 0.21875 0.146468
0.21875 0.25 0.102628
0.21875 0.21875 0.128316
0.25 0.21875 0.111903
0.25 0.25 0.0850425
0.21875 0.25 0.102628
0.21875 0.21875 0.128316
0.21875 0.1875 0.154781
0.25 0.1875 0.139262
0.25 0.21875 0.111903
0.21875 0.21875 0.128316
0.1875 0.1875 0.171744
0.1875 0.125 0.224962
0.25 0.125 0.195056
0.25 0.1875 0.139262
0.1875 0.1875 0.171744
0.125 0.125 0.259674
0.125 0 0.366756
0.25 0 0.308496
0.25 0.125 0.195056
0.125 0.125 0.259674
0.25 0.5 -0.0154995
0.25 0.46875 -0.0235298
0.28125 0.46875 -0.0538814
0.28125 0.5 -0.0452651
0.25 0.5 -0.0154995
0.25 0.46875 -0.0235298
0.25 0.4375 -0.0270122
0.28125 0.4375 -0.0561974
0.28125 0.46875 -0.0538814
0.25 0.46875 -0.0235298
0.28125 0.5 -0.0452651
0.28125 0.46875 -0.0538814
0.3125 0.46875 -0.0840593
0.3125 0.5 -0.0748674
0.28125 0.5 -0.0452651
0.28125 0.46875 -0.0538814
0.28125 0.4375 -0.0561974
0.3125 0.4375 -0.0836728
0.3125 0.46875 -0.0840593
0.28125 0.46875 -0.0538814
0.25 0.4375 -0.0270122
0.25 0.40625 -0.0213576
0.28125 0.40625 -0.0474917
0.28125 0.4375 -0.0561974
0.25 0.4375 -0.0270122
0.25 0.40625 -0.0213576
0.25 0.375 -0.00859782
0.28125 0.375 -0.0309958
0.28125 0.40625 -0.0474917
0.25 0.40625 -0.0213576
0.28125 0.4375 -0.0561974
0.28125 0.40625 -0.0474917
0.3125 0.40625 -0.0709607
0.3125 0.4375 -0.0836728
0.28125 0.4375 -0.0561974
0.28125 0.40625 -0.0474917
0.28125 0.375 -0.0309958
0.3125 0.375 -0.0509208
0.3125 0.40625 -0.0709607
0.28125 0.40625 -0.0474917
0.3125 0.5 -0.0748674
0.3125 0.46875 -0.0840593
0.34375 0.46875 -0.113618
0.34375 0.5 -0.104316
0.3125 0.5 -0.0748674
0.3125 0.46875 -0.0840593
0.3125 0.4375 -0.0836728
0.34375 0.4375 -0.108732
0.34375 0.46875 -0.113618
0.3125 0.46875 -0.0840593
0.34375 0.5 -0.104316
0.34375 0.46875 -0.113618
0.375 0.46875 -0.141344
0.375 0.5 -0.133639
0.34375 0.5 -0.104316
0.34375 0.46875 -0.113618
0.34375 0.4375 -0.108732
0.375 0.4375 -0.130716
0.375 0.46875 -0.141344
0.34375 0.46875 -0.113618
0.3125 0.4375 -0.0836728
0.3125 0.40625 -0.0709607
0.34375 0.40625 -0.0915427
0.34375 0.4375 -0.108732
0.3125 0.4375 -0.0836728
0.3125 0.40625 -0.0709607
0.3125 0.375 -0.0509208
0.34375 0.375 -0.0683204
0.34375 0.40625 -0.0915427
0.3125 0.40625 -0.0709607
0.34375 0.4375 -0.108732
0.34375 0.40625 -0.0915427
0.375 0.40625 -0.109157
0.375 0.4375 -0.130716
0.34375 0.4375 -0.108732
0.34375 0.40625 -0.0915427
0.34375 0.375 -0.0683204
0.375 0.375 -0.0834124
0.375 0.40625 -0.109157
0.34375 0.40625 -0.0915427
0.25 0.375 -0.00859782
0.25 0.34375 0.0105114
0.28125 0.34375 -0.0101657
0.28125 0.375 -0.0309958
0.25 0.375 -0.00859782
0.25 0.34375 0.0105114
0.25 0.3125 0.0337635
0.28125 0.3125 0.0152157
0.28125 0.34375 -0.0101657
0.25 0.34375 0.0105114
0.28125 0.375 -0.0309958
0.28125 0.34375 -0.0101657
0.3125 0.34375 -0.0268127
0.3125 0.375 -0.0509208
0.28125 0.375 -0.0309958
0.28125 0.34375 -0.0101657
0.28125 0.3125 0.0152157
0.3125 0.3125 -0.000817608
0.3125 0.34375 -0.0268127
0.28125 0.34375 -0.0101657
0.25 0.3125 0.0337635
0.25 0.28125 0.0588563
0.28125 0.28125 0.0419448
0.28125 0.3125 0.0152157
0.25 0.3125 0.0337635
0.25 0.28125 0.0588563
0.25 0.25 0.0850425
0.28125 0.25 0.069275
0.28125 0.28125 0.0419448
0.25 0.28125 0.0588563
0.28125 0.3125 0.0152157
0.28125 0.28125 0.0419448
0.3125 0.28125 0.0269383
0.3125 0.3125 -0.000817608
0.28125 0.3125 0.0152157
0.28125 0.28125 0.0419448
0.28125 0.25 0.069275
0.3125 0.25 0.0549869
0.3125 0.28125 0.0269383
0.28125 0.28125 0.0419448
0.3125 0.375 -0.0509208
0.3125 0.34375 -0.0268127
0.34375 0.34375 -0.0420865
0.34375 0.375 -0.0683204
0.3125 0.375 -0.0509208
0.3125 0.34375 -0.0268127
0.3125 0.3125 -0.000817608
0.34375 0.3125 -0.0149143
0.34375 0.34375 -0.0420865
0.3125 0.34375 -0.0268127
0.34375 0.375 -0.0683204
0.34375 0.34375 -0.0420865
0.375 0.34375 -0.0559702
0.375 0.375 -0.0834124
0.34375 0.375 -0.0683204
0.34375 0.34375 -0.0420865
0.34375 0.3125 -0.0149143
0.375 0.3125 -0.0279217
0.375 0.34375 -0.0559702
0.34375 0.34375 -0.0420865
0.3125 0.3125 -0.000817608
0.3125 0.28125 0.0269383
0.34375 0.28125 0.0132869
0.34375 0.3125 -0.0149143
0.3125 0.3125 -0.000817608
0.3125 0.28125 0.0269383
0.3125 0.25 0.0549869
0.34375 0.25 0.0417296
0.34375 0.28125 0.0132869
0.3125 0.28125 0.0269383
0.34375 0.3125 -0.0149143
0.34375 0.28125 0.0132869
0.375 0.28125 0.000456209
0.375 0.3125 -0.0279217
0.34375 0.3125 -0.0149143
0.34375 0.28125 0.0132869
0.34375 0.25 0.0417296
0.375 0.25 0.0291188
0.375 0.28125 0.000456209
0.34375 0.28125 0.0132869
0.375 0.5 -0.133639
0.375 0.4375 -0.130716
0.4375 0.4375 -0.164927
0.4375 0.5 -0.18565
0.375 0.5 -0.133639
0.375 0.4375 -0.130716
0.375 0.40625 -0.109157
0.40625 0.40625 -0.12443
0.40625 0.4375 -0.149356
0.375 0.4375 -0.130716
0.375 0.40625 -0.109157
0.375 0.375 -0.0834124
0.40625 0.375 -0.0971056
0.40625 0.40625 -0.12443
0.375 0.40625 -0.109157
0.40625 0.4375 -0.149356
0.40625 0.40625 -0.12443
0.4375 0.40625 -0.138014
0.4375 0.4375 -0.164927
0.40625 0.4375 -0.149356
0.40625 0.40625 -0.12443
0.40625 0.375 -0.0971056
0.4375 0.375 -0.10991
0.4375 0.40625 -0.138014
0.40625 0.40625 -0.12443
0.4375 0.5 -0.18565
0.4375 0.4375 -0.164927
0.5 0.4375 -0.191118
0.5 0.5 -0.22958
0.4375 0.5 -0.18565
0.4375 0.4375 -0.164927
0.4375 0.375 -0.10991
0.5 0.375 -0.13346
0.5 0.4375 -0.191118
0.4375 0.4375 -0.164927
0.375 0.375 -0.0834124
0.375 0.34375 -0.0559702
0.40625 0.34375 -0.0689764
0.40625 0.375 -0.0971056
0.375 0.375 -0.0834124
0.375 0.34375 -0.0559702
0.375 0.3125 -0.0279217
0.40625 0.3125 -0.0404955
0.40625 0.34375 -0.0689764
0.375 0.34375 -0.0559702
0.40625 0.375 -0.0971056
0.40625 0.34375 -0.0689764
0.4375 0.34375 -0.0813646
0.4375 0.375 -0.10991
0.40625 0.375 -0.0971056
0.40625 0.34375 -0.0689764
0.40625 0.3125 -0.0404955
0.4375 0.3125 -0.0526022
0.4375 0.34375 -0.0813646
0.40625 0.34375 -0.0689764
0.375 0.3125 -0.0279217
0.375 0.28125 0.000456209
0.40625 0.28125 -0.011866
0.40625 0.3125 -0.0404955
0.375 0.3125 -0.0279217
0.375 0.28125 0.000456209
0.375 0.25 0.0291188
0.40625 0.25 0.0169623
0.40625 0.28125 -0.011866
0.375 0.28125 0.000456209
0.40625 0.3125 -0.0404955
0.40625 0.28125 -0.011866
0.4375 0.28125 -0.0237435
0.4375 0.3125 -0.0526022
0.40625 0.3125 -0.0404955
0.40625 0.28125 -0.011866
0.40625 0.25 0.0169623
0.4375 0.25 0.00522623
0.4375 0.28125 -0.0237435
0.40625 0.28125 -0.011866
0.4375 0.375 -0.10991
0.4375 0.34375 -0.0813646
0.46875 0.34375 -0.093186
0.46875 0.375 -0.122051
0.4375 0.375 -0.10991
0.4375 0.34375 -0.0813646
0.4375 0.3125 -0.0526022
0.46875 0.3125 -0.0641862
0.46875 0.34375 -0.093186
0.4375 0.34375 -0.0813646
0.46875 0.375 -0.122051
0.46875 0.34375 -0.093186
0.5 0.34375 -0.104284
0.5 0.375 -0.13346
0.46875 0.375 -0.122051
0.46875 0.34375 -0.093186
0.46875 0.3125 -0.0641862
0.5 0.3125 -0.0749934
0.5 0.34375 -0.104284
0.46875 0.34375 -0.093186
0.4375 0.3125 -0.0526022
0.4375 0.28125 -0.0237435
0.46875 0.28125 -0.0351017
0.46875 0.3125 -0.0641862
0.4375 0.3125 -0.0526022
0.4375 0.28125 -0.0237435
0.4375 0.25 0.00522623
0.46875 0.25 -0.00593162
0.46875 0.28125 -0.0351017
0.4375 0.28125 -0.0237435
0.46875 0.3125 -0.0641862
0.46875 0.28125 -0.0351017
0.5 0.28125 -0.0455882
0.5 0.3125 -0.0749934
0.46875 0.3125 -0.0641862
0.46875 0.28125 -0.0351017
0.46875 0.25 -0.00593162
0.5 0.25 -0.0160597
0.5 0.28125 -0.0455882
0.46875 0.28125 -0.0351017
0.25 0.25 0.0850425
0.25 0.21875 0.111903
0.28125 0.21875 0.0969806
0.28125 0.25 0.069275
0.25 0.25 0.0850425
0.25 0.21875 0.111903
0.25 0.1875 0.139262
0.28125 0.1875 0.124981
0.28125 0.21875 0.0969806
0.25 0.21875 0.111903
0.28125 0.25 0.069275
0.28125 0.21875 0.0969806
0.3125 0.21875 0.0832263
0.3125 0.25 0.0549869
0.28125 0.25 0.069275
0.28125 0.21875 0.0969806
0.28125 0.1875 0.124981
0.3125 0.1875 0.111606
0.3125 0.21875 0.0832263
0.28125 0.21875 0.0969806
0.25 0.1875 0.139262
0.25 0.125 0.195056
0.3125 0.125 0.16868
0.3125 0.1875 0.111606
0.25 0.1875 0.139262
0.3125 0.25 0.0549869
0.3125 0.21875 0.0832263
0.34375 0.21875 0.0702689
0.34375 0.25 0.0417296
0.3125 0.25 0.0549869
0.3125 0.21875 0.0832263
0.3125 0.1875 0.111606
0.34375 0.1875 0.0988934
0.34375 0.21875 0.0702689
0.3125 0.21875 0.0832263
0.34375 0.25 0.0417296
0.34375 0.21875 0.0702689
0.375 0.21875 0.057854
0.375 0.25 0.0291188
0.34375 0.25 0.0417296
0.34375 0.21875 0.0702689
0.34375 0.1875 0.0988934
0.375 0.1875 0.0866655
0.375 0.21875 0.057854
0.34375 0.21875 0.0702689
0.3125 0.1875 0.111606
0.3125 0.15625 0.140094
0.34375 0.15625 0.127596
0.34375 0.1875 0.0988934
0.3125 0.1875 0.111606
0.3125 0.15625 0.140094
0.3125 0.125 0.16868
0.34375 0.125 0.156377
0.34375 0.15625 0.127596
0.3125 0.15625 0.140094
0.34375 0.1875 0.0988934
0.34375 0.15625 0.127596
0.375 0.15625 0.115554
0.375 0.1875 0.0866655
0.34375 0.1875 0.0988934
0.34375 0.15625 0.127596
0.34375 0.125 0.156377
0.375 0.125 0.144521
0.375 0.15625 0.115554
0.34375 0.15625 0.127596
0.25 0.125 0.195056
0.25 0.0625 0.251434
0.3125 0.0625 0.226088
0.3125 0.125 0.16868
0.25 0.125 0.195056
0.25 0.0625 0.251434
0.25 0 0.308496
0.3125 0 0.284016
0.3125 0.0625 0.226088
0.25 0.0625 0.251434
0.3125 0.125 0.16868
0.3125 0.0625 0.226088
0.375 0.0625 0.202749
0.375 0.125 0.144521
0.3125 0.125 0.16868
0.3125 0.0625 0.226088
0.3125 0 0.284016
0.375 0 0.261563
0.375 0.0625 0.202749
0.3125 0.0625 0.226088
0.375 0.25 0.0291188
0.375 0.21875 0.057854
0.40625 0.21875 0.0458761
0.40625 0.25 0.0169623
0.375 0.25 0.0291188
0.375 0.21875 0.057854
0.375 0.1875 0.0866655
0.40625 0.1875 0.0748727
0.40625 0.21875 0.0458761
0.375 0.21875 0.057854
0.40625 0.25 0.0169623
0.40625 0.21875 0.0458761
0.4375 0.21875 0.0343459
0.4375 0.25 0.00522623
0.40625 0.25 0.0169623
0.40625 0.21875 0.0458761
0.40625 0.1875 0.0748727
0.4375 0.1875 0.0635732
0.4375 0.21875 0.0343459
0.40625 0.21875 0.0458761
0.375 0.1875 0.0866655
0.375 0.15625 0.115554
0.40625 0.15625 0.103955
0.40625 0.1875 0.0748727
0.375 0.1875 0.0866655
0.375 0.15625 0.115554
0.375 0.125 0.144521
0.40625 0.125 0.133128
0.40625 0.15625 0.103955
0.375 0.15625 0.115554
0.40625 0.1875 0.0748727
0.40625 0.15625 0.103955
0.4375 0.15625 0.0929114
0.4375 0.1875 0.0635732
0.40625 0.1875 0.0748727
0.40625 0.15625 0.103955
0.40625 0.125 0.133128
0.4375 0.125 0.122364
0.4375 0.15625 0.0929114
0.40625 0.15625 0.103955
0.4375 0.25 0.00522623
0.4375 0.21875 0.0343459
0.46875 0.21875 0.0234725
0.46875 0.25 -0.00593162
0.4375 0.25 0.00522623
0.4375 0.21875 0.0343459
0.4375 0.1875 0.0635732
0.46875 0.1875 0.0530413
0.46875 0.21875 0.0234725
0.4375 0.21875 0.0343459
0.46875 0.25 -0.00593162
0.46875 0.21875 0.0234725
0.5 0.21875 0.0137144
0.5 0.25 -0.0160597
0.46875 0.25 -0.00593162
0.46875 0.21875 0.0234725
0.46875 0.1875 0.0530413
0.5 0.1875 0.043755
0.5 0.21875 0.0137144
0.46875 0.21875 0.0234725
0.4375 0.1875 0.0635732
0.4375 0.15625 0.0929114
0.46875 0.15625 0.0827477
0.46875 0.1875 0.0530413
0.4375 0.1875 0.0635732
0.4375 0.15625 0.0929114
0.4375 0.125 0.122364
0.46875 0.125 0.112584
0.46875 0.15625 0.0827477
0.4375 0.15625 0.0929114
0.46875 0.1875 0.0530413
0.46875 0.15625 0.0827477
0.5 0.15625 0.0739404
0.5 0.1875 0.043755
0.46875 0.1875 0.0530413
0.46875 0.15625 0.0827477
0.46875 0.125 0.112584
0.5 0.125 0.104251
0.5 0.15625 0.0739404
0.46875 0.15625 0.0827477
0.375 0.125 0.144521
0.375 0.0625 0.202749
0.4375 0.0625 0.181698
0.4375 0.125 0.122364
0.375 0.125 0.144521
0.375 0.0625 0.202749
0.375 0 0.261563
0.4375 0 0.241731
0.4375 0.0625 0.181698
0.375 0.0625 0.202749
0.4375 0.125 0.122364
0.4375 0.0625 0.181698
0.5 0.0625 0.16528
0.5 0.125 0.104251
0.4375 0.125 0.122364
0.4375 0.0625 0.181698
0.4375 0 0.241731
0.5 0 0.226793
0.5 0.0625 0.16528
0.4375 0.0625 0.181698
0.5 1 0.227062
0.5 0.9375 0.165599
0.5625 0.9375 0.182348
0.5625 1 0.242341
0.5 1 0.227062
0.5 0.9375 0.165599
0.5 0.875 0.104302
0.5625 0.875 0.122627
0.5625 0.9375 0.182348
0.5 0.9375 0.165599
0.5625 1 0.242341
0.5625 0.9375 0.182348
0.625 0.9375 0.203362
0.625 1 0.262191
0.5625 1 0.242341
0.5625 0.9375 0.182348
0.5625 0.875 0.122627
0.625 0.875 0.144799
0.625 0.9375 0.203362
0.5625 0.9375 0.182348
0.5 0.875 0.104302
0.5 0.84375 0.0738965
0.53125 0.84375 0.0828575
0.53125 0.875 0.112801
0.5 0.875 0.104302
0.5 0.84375 0.0738965
0.5 0.8125 0.0436143
0.53125 0.8125 0.0530467
0.53125 0.84375 0.0828575
0.5 0.84375 0.0738965
0.53125 0.875 0.112801
0.53125 0.84375 0.0828575
0.5625 0.84375 0.0930611
0.5625 0.875 0.122627
0.53125 0.875 0.112801
0.53125 0.84375 0.0828575
0.53125 0.8125 0.0530467
0.5625 0.8125 0.0636156
0.5625 0.84375 0.0930611
0.53125 0.84375 0.0828575
0.5 0.8125 0.0436143
0.5 0.78125 0.0134668
0.53125 0.78125 0.0233725
0.53125 0.8125 0.0530467
0.5 0.8125 0.0436143
0.5 0.78125 0.0134668
0.5 0.75 -0.0163818
0.53125 0.75 -0.0061187
0.53125 0.78125 0.0233725
0.5 0.78125 0.0134668
0.53125 0.8125 0.0530467
0.53125 0.78125 0.0233725
0.5625 0.78125 0.0342915
0.5625 0.8125 0.0636156
0.53125 0.8125 0.0530467
0.53125 0.78125 0.0233725
0.53125 0.75 -0.0061187
0.5625 0.75 0.00508309
0.5625 0.78125 0.0342915
0.53125 0.78125 0.0233725
0.5625 0.875 0.122627
0.5625 0.84375 0.0930611
0.59375 0.84375 0.104126
0.59375 0.875 0.133396
0.5625 0.875 0.122627
0.5625 0.84375 0.0930611
0.5625 0.8125 0.0636156
0.59375 0.8125 0.0749587
0.59375 0.84375 0.104126
0.5625 0.84375 0.0930611
0.59375 0.875 0.133396
0.59375 0.84375 0.104126
0.625 0.84375 0.115759
0.625 0.875 0.144799
0.59375 0.875 0.133396
0.59375 0.84375 0.104126
0.59375 0.8125 0.0749587
0.625 0.8125 0.0868093
0.625 0.84375 0.115759
0.59375 0.84375 0.104126
0.5625 0.8125 0.0636156
0.5625 0.78125 0.0342915
0.59375 0.78125 0.0458934
0.59375 0.8125 0.0749587
0.5625 0.8125 0.0636156
0.5625 0.78125 0.0342915
0.5625 0.75 0.00508309
0.59375 0.75 0.0169221
0.59375 0.78125 0.0458934
0.5625 0.78125 0.0342915
0.59375 0.8125 0.0749587
0.59375 0.78125 0.0458934
0.625 0.78125 0.0579509
0.625 0.8125 0.0868093
0.59375 0.8125 0.0749587
0.59375 0.78125 0.0458934
0.59375 0.75 0.0169221
0.625 0.75 0.0291784
0.625 0.78125 0.0579509
0.59375 0.78125 0.0458934
0.625 1 0.262191
0.625 0.9375 0.203362
0.6875 0.9375 0.226744
0.6875 1 0.284591
0.625 1 0.262191
0.625 0.9375 0.203362
0.625 0.875 0.144799
0.6875 0.875 0.169146
0.6875 0.9375 0.226744
0.625 0.9375 0.203362
0.6875 1 0.284591
0.6875 0.9375 0.226744
0.75 0.9375 0.252853
0.75 1 0.309556
0.6875 1 0.284591
0.6875 0.9375 0.226744
0.6875 0.875 0.169146
0.75 0.875 0.196479
0.75 0.9375 0.252853
0.6875 0.9375 0.226744
0.625 0.875 0.144799
0.625 0.84375 0.115759
0.65625 0.84375 0.127885
0.65625 0.875 0.156714
0.625 0.875 0.144799
0.625 0.84375 0.115759
0.625 0.8125 0.0868093
0.65625 0.8125 0.099145
0.65625 0.84375 0.127885
0.625 0.84375 0.115759
0.65625 0.875 0.156714
0.65625 0.84375 0.127885
0.6875 0.84375 0.140536
0.6875 0.875 0.169146
0.65625 0.875 0.156714
0.65625 0.84375 0.127885
0.65625 0.8125 0.099145
0.6875 0.8125 0.112028
0.6875 0.84375 0.140536
0.65625 0.84375 0.127885
0.625 0.8125 0.0868093
0.625 0.78125 0.0579509
0.65625 0.78125 0.0704931
0.65625 0.8125 0.099145
0.625 0.8125 0.0868093
0.625 0.78125 0.0579509
0.625 0.75 0.0291784
0.65625 0.75 0.0419325
0.65625 0.78125 0.0704931
0.625 0.78125 0.0579509
0.65625 0.8125 0.099145
0.65625 0.78125 0.0704931
0.6875 0.78125 0.0836278
0.6875 0.8125 0.112028
0.65625 0.8125 0.099145
0.65625 0.78125 0.0704931
0.65625 0.75 0.0419325
0.6875 0.75 0.0553507
0.6875 0.78125 0.0836278
0.65625 0.78125 0.0704931
0.6875 0.875 0.169146
0.6875 0.8125 0.112028
0.75 0.8125 0.140814
0.75 0.875 0.196479
0.6875 0.875 0.169146
0.6875 0.8125 0.112028
0.6875 0.78125 0.0836278
0.71875 0.78125 0.0978105
0.71875 0.8125 0.125753
0.6875 0.8125 0.112028
0.6875 0.78125 0.0836278
0.6875 0.75 0.0553507
0.71875 0.75 0.0701037
0.71875 0.78125 0.0978105
0.6875 0.78125 0.0836278
0.71875 0.8125 0.125753
0.71875 0.78125 0.0978105
0.75 0.78125 0.113569
0.75 0.8125 0.140814
0.71875 0.8125 0.125753
0.71875 0.78125 0.0978105
0.71875 0.75 0.0701037
0.75 0.75 0.0868775
0.75 0.78125 0.113569
0.71875 0.78125 0.0978105
0.5 0.75 -0.0163818
0.5 0.71875 -0.045985
0.53125 0.71875 -0.0353512
0.53125 0.75 -0.0061187
0.5 0.75 -0.0163818
0.5 0.71875 -0.045985
0.5 0.6875 -0.0754422
0.53125 0.6875 -0.0644823
0.53125 0.71875 -0.0353512
0.5 0.71875 -0.045985
0.53125 0.75 -0.0061187
0.53125 0.71875 -0.0353512
0.5625 0.71875 -0.0239011
0.5625 0.75 0.00508309
0.53125 0.75 -0.0061187
0.53125 0.71875 -0.0353512
0.53125 0.6875 -0.0644823
0.5625 0.6875 -0.0528143
0.5625 0.71875 -0.0239011
0.53125 0.71875 -0.0353512
0.5 0.6875 -0.0754422
0.5 0.65625 -0.104779
0.53125 0.65625 -0.0935295
0.53125 0.6875 -0.0644823
0.5 0.6875 -0.0754422
0.5 0.65625 -0.104779
0.5 0.625 -0.133992
0.53125 0.625 -0.122496
0.53125 0.65625 -0.0935295
0.5 0.65625 -0.104779
0.53125 0.6875 -0.0644823
0.53125 0.65625 -0.0935295
0.5625 0.65625 -0.0816547
0.5625 0.6875 -0.0528143
0.53125 0.6875 -0.0644823
0.53125 0.65625 -0.0935295
0.53125 0.625 -0.122496
0.5625 0.625 -0.110406
0.5625 0.65625 -0.0816547
0.53125 0.65625 -0.0935295
0.5625 0.75 0.00508309
0.5625 0.71875 -0.0239011
0.59375 0.71875 -0.0119115
0.59375 0.75 0.0169221
0.5625 0.75 0.00508309
0.5625 0.71875 -0.0239011
0.5625 0.6875 -0.0528143
0.59375 0.6875 -0.0406502
0.59375 0.71875 -0.0119115
0.5625 0.71875 -0.0239011
0.59375 0.75 0.0169221
0.59375 0.71875 -0.0119115
0.625 0.71875 0.000483373
0.625 0.75 0.0291784
0.59375 0.75 0.0169221
0.59375 0.71875 -0.0119115
0.59375 0.6875 -0.0406502
0.625 0.6875 -0.0280457
0.625 0.71875 0.000483373
0.59375 0.71875 -0.0119115
0.5625 0.6875 -0.0528143
0.5625 0.65625 -0.0816547
0.59375 0.65625 -0.0692883
0.59375 0.6875 -0.0406502
0.5625 0.6875 -0.0528143
0.5625 0.65625 -0.0816547
0.5625 0.625 -0.110406
0.59375 0.625 -0.097799
0.59375 0.65625 -0.0692883
0.5625 0.65625 -0.0816547
0.59375 0.6875 -0.0406502
0.59375 0.65625 -0.0692883
0.625 0.65625 -0.0564101
0.625 0.6875 -0.0280457
0.59375 0.6875 -0.0406502
0.59375 0.65625 -0.0692883
0.59375 0.625 -0.097799
0.625 0.625 -0.0845311
0.625 0.65625 -0.0564101
0.59375 0.65625 -0.0692883
0.5 0.625 -0.133992
0.5 0.5625 -0.192205
0.5625 0.5625 -0.167479
0.5625 0.625 -0.110406
0.5 0.625 -0.133992
0.5 0.5625 -0.192205
0.5 0.5 -0.22958
0.5625 0.5 -0.189664
0.5625 0.5625 -0.167479
0.5 0.5625 -0.192205
0.5625 0.625 -0.110406
0.5625 0.59375 -0.139043
0.59375 0.59375 -0.126113
0.59375 0.625 -0.097799
0.5625 0.625 -0.110406
0.5625 0.59375 -0.139043
0.5625 0.5625 -0.167479
0.59375 0.5625 -0.153907
0.59375 0.59375 -0.126113
0.5625 0.59375 -0.139043
0.59375 0.625 -0.097799
0.59375 0.59375 -0.126113
0.625 0.59375 -0.112164
0.625 0.625 -0.0845311
0.59375 0.625 -0.097799
0.59375 0.59375 -0.126113
0.59375 0.5625 -0.153907
0.625 0.5625 -0.137932
0.625 0.59375 -0.112164
0.59375 0.59375 -0.126113
0.5625 0.5625 -0.167479
0.5625 0.5 -0.189664
0.625 0.5 -0.132709
0.625 0.5625 -0.137932
0.5625 0.5625 -0.167479
0.625 0.75 0.0291784
0.625 0.71875 0.000483373
0.65625 0.71875 0.0134681
0.65625 0.75 0.0419325
0.625 0.75 0.0291784
0.625 0.71875 0.000483373
0.625 0.6875 -0.0280457
0.65625 0.6875 -0.0147799
0.65625 0.71875 0.0134681
0.625 0.71875 0.000483373
0.65625 0.75 0.0419325
0.65625 0.71875 0.0134681
0.6875 0.71875 0.0272163
0.6875 0.75 0.0553507
0.65625 0.75 0.0419325
0.65625 0.71875 0.0134681
0.65625 0.6875 -0.0147799
0.6875 0.6875 -0.000731613
0.6875 0.71875 0.0272163
0.65625 0.71875 0.0134681
0.625 0.6875 -0.0280457
0.625 0.65625 -0.0564101
0.65625 0.65625 -0.0427033
0.65625 0.6875 -0.0147799
0.625 0.6875 -0.0280457
0.625 0.65625 -0.0564101
0.625 0.625 -0.0845311
0.65625 0.625 -0.0700356
0.65625 0.65625 -0.0427033
0.625 0.65625 -0.0564101
0.65625 0.6875 -0.0147799
0.65625 0.65625 -0.0427033
0.6875 0.65625 -0.027708
0.6875 0.6875 -0.000731613
0.65625 0.6875 -0.0147799
0.65625 0.65625 -0.0427033
0.65625 0.625 -0.0700356
0.6875 0.625 -0.0531737
0.6875 0.65625 -0.027708
0.65625 0.65625 -0.0427033
0.6875 0.75 0.0553507
0.6875 0.71875 0.0272163
0.71875 0.71875 0.0427571
0.71875 0.75 0.0701037
0.6875 0.75 0.0553507
0.6875 0.71875 0.0272163
0.6875 0.6875 -0.000731613
0.71875 0.6875 0.0159197
0.71875 0.71875 0.0427571
0.6875 0.71875 0.0272163
0.71875 0.75 0.0701037
0.71875 0.71875 0.0427571
0.75 0.71875 0.0608033
0.75 0.75 0.0868775
0.71875 0.75 0.0701037
0.71875 0.71875 0.0427571
0.71875 0.6875 0.0159197
0.75 0.6875 0.0357547
0.75 0.71875 0.0608033
0.71875 0.71875 0.0427571
0.6875 0.6875 -0.000731613
0.6875 0.65625 -0.027708
0.71875 0.65625 -0.00954688
0.71875 0.6875 0.0159197
0.6875 0.6875 -0.000731613
0.6875 0.65625 -0.027708
0.6875 0.625 -0.0531737
0.71875 0.625 -0.032243
0.71875 0.65625 -0.00954688
0.6875 0.65625 -0.027708
0.71875 0.6875 0.0159197
0.71875 0.65625 -0.00954688
0.75 0.65625 0.0122329
0.75 0.6875 0.0357547
0.71875 0.6875 0.0159197
0.71875 0.65625 -0.00954688
0.71875 0.625 -0.032243
0.75 0.625 -0.0077227
0.75 0.65625 0.0122329
0.71875 0.65625 -0.00954688
0.625 0.625 -0.0845311
0.625 0.59375 -0.112164
0.65625 0.59375 -0.0959963
0.65625 0.625 -0.0700356
0.625 0.625 -0.0845311
0.625 0.59375 -0.112164
0.625 0.5625 -0.137932
0.65625 0.5625 -0.116108
0.65625 0.59375 -0.0959963
0.625 0.59375 -0.112164
0.65625 0.625 -0.0700356
0.65625 0.59375 -0.0959963
0.6875 0.59375 -0.0754403
0.6875 0.625 -0.0531737
0.65625 0.625 -0.0700356
0.65625 0.59375 -0.0959963
0.65625 0.5625 -0.116108
0.6875 0.5625 -0.0886331
0.6875 0.59375 -0.0754403
0.65625 0.59375 -0.0959963
0.625 0.5625 -0.137932
0.625 0.53125 -0.142437
0.65625 0.53125 -0.112894
0.65625 0.5625 -0.116108
0.625 0.5625 -0.137932
0.625 0.53125 -0.142437
0.625 0.5 -0.132709
0.65625 0.5 -0.103586
0.65625 0.53125 -0.112894
0.625 0.53125 -0.142437
0.65625 0.5625 -0.116108
0.65625 0.53125 -0.112894
0.6875 0.53125 -0.0832251
0.6875 0.5625 -0.0886331
0.65625 0.5625 -0.116108
0.65625 0.53125 -0.112894
0.65625 0.5 -0.103586
0.6875 0.5 -0.0743539
0.6875 0.53125 -0.0832251
0.65625 0.53125 -0.112894
0.6875 0.625 -0.0531737
0.6875 0.59375 -0.0754403
0.71875 0.59375 -0.0505773
0.71875 0.625 -0.032243
0.6875 0.625 -0.0531737
0.6875 0.59375 -0.0754403
0.6875 0.5625 -0.0886331
0.71875 0.5625 -0.0584092
0.71875 0.59375 -0.0505773
0.6875 0.59375 -0.0754403
0.71875 0.625 -0.032243
0.71875 0.59375 -0.0505773
0.75 0.59375 -0.0228789
0.75 0.625 -0.0077227
0.71875 0.625 -0.032243
0.71875 0.59375 -0.0505773
0.71875 0.5625 -0.0584092
0.75 0.5625 -0.0278016
0.75 0.59375 -0.0228789
0.71875 0.59375 -0.0505773
0.6875 0.5625 -0.0886331
0.6875 0.53125 -0.0832251
0.71875 0.53125 -0.0534355
0.71875 0.5625 -0.0584092
0.6875 0.5625 -0.0886331
0.6875 0.53125 -0.0832251
0.6875 0.5 -0.0743539
0.71875 0.5 -0.0450245
0.71875 0.53125 -0.0534355
0.6875 0.53125 -0.0832251
0.71875 0.5625 -0.0584092
0.71875 0.53125 -0.0534355
0.75 0.53125 -0.0235243
0.75 0.5625 -0.0278016
0.71875 0.5625 -0.0584092
0.71875 0.53125 -0.0534355
0.71875 0.5 -0.0450245
0.75 0.5 -0.0156016
0.75 0.53125 -0.0235243
0.71875 0.53125 -0.0534355
0.75 1 0.309556
0.75 0.875 0.196479
0.875 0.875 0.267524
0.875 1 0.371338
0.75 1 0.309556
0.75 0.875 0.196479
0.75 0.8125 0.140814
0.8125 0.8125 0.176135
0.8125 0.875 0.2287
0.75 0.875 0.196479
0.75 0.8125 0.140814
0.75 0.78125 0.113569
0.78125 0.78125 0.131406
0.78125 0.8125 0.157519
0.75 0.8125 0.140814
0.75 0.78125 0.113569
0.75 0.75 0.0868775
0.78125 0.75 0.106027
0.78125 0.78125 0.131406
0.75 0.78125 0.113569
0.78125 0.8125 0.157519
0.78125 0.78125 0.131406
0.8125 0.78125 0.151234
0.8125 0.8125 0.176135
0.78125 0.8125 0.157519
0.78125 0.78125 0.131406
0.78125 0.75 0.106027
0.8125 0.75 0.127416
0.8125 0.78125 0.151234
0.78125 0.78125 0.131406
0.8125 0.875 0.2287
0.8125 0.8125 0.176135
0.875 0.8125 0.219408
0.875 0.875 0.267524
0.8125 0.875 0.2287
0.8125 0.8125 0.176135
0.8125 0.75 0.127416
0.875 0.75 0.175051
0.875 0.8125 0.219408
0.8125 0.8125 0.176135
0.875 1 0.371338
0.875 0.875 0.267524
1 0.875 0.36097
1 1 0.454409
0.875 1 0.371338
0.875 0.875 0.267524
0.875 0.8125 0.219408
0.9375 0.8125 0.267677
0.9375 0.875 0.311402
0.875 0.875 0.267524
0.875 0.8125 0.219408
0.875 0.75 0.175051
0.9375 0.75 0.228727
0.9375 0.8125 0.267677
0.875 0.8125 0.219408
0.9375 0.875 0.311402
0.9375 0.8125 0.267677
1 0.8125 0.320723
1 0.875 0.36097
0.9375 0.875 0.311402
0.9375 0.8125 0.267677
0.9375 0.75 0.228727
1 0.75 0.285298
1 0.8125 0.320723
0.9375 0.8125 0.267677
0.75 0.75 0.0868775
0.75 0.71875 0.0608033
0.78125 0.71875 0.0817397
0.78125 0.75 0.106027
0.75 0.75 0.0868775
0.75 0.71875 0.0608033
0.75 0.6875 0.0357547
0.78125 0.6875 0.0588764
0.78125 0.71875 0.0817397
0.75 0.71875 0.0608033
0.78125 0.75 0.106027
0.78125 0.71875 0.0817397
0.8125 0.71875 0.104888
0.8125 0.75 0.127416
0.78125 0.75 0.106027
0.78125 0.71875 0.0817397
0.78125 0.6875 0.0588764
0.8125 0.6875 0.0840319
0.8125 0.71875 0.104888
0.78125 0.71875 0.0817397
0.75 0.6875 0.0357547
0.75 0.65625 0.0122329
0.78125 0.65625 0.0380333
0.78125 0.6875 0.0588764
0.75 0.6875 0.0357547
0.75 0.65625 0.0122329
0.75 0.625 -0.0077227
0.78125 0.625 0.0201201
0.78125 0.65625 0.0380333
0.75 0.65625 0.0122329
0.78125 0.6875 0.0588764
0.78125 0.65625 0.0380333
0.8125 0.65625 0.0653663
0.8125 0.6875 0.0840319
0.78125 0.6875 0.0588764
0.78125 0.65625 0.0380333
0.78125 0.625 0.0201201
0.8125 0.625 0.0496334
0.8125 0.65625 0.0653663
0.78125 0.65625 0.0380333
0.8125 0.75 0.127416
0.8125 0.71875 0.104888
0.84375 0.71875 0.129708
0.84375 0.75 0.150649
0.8125 0.75 0.127416
0.8125 0.71875 0.104888
0.8125 0.6875 0.0840319
0.84375 0.6875 0.110561
0.84375 0.71875 0.129708
0.8125 0.71875 0.104888
0.84375 0.75 0.150649
0.84375 0.71875 0.129708
0.875 0.71875 0.155517
0.875 0.75 0.175051
0.84375 0.75 0.150649
0.84375 0.71875 0.129708
0.84375 0.6875 0.110561
0.875 0.6875 0.137861
0.875 0.71875 0.155517
0.84375 0.71875 0.129708
0.8125 0.6875 0.0840319
0.8125 0.65625 0.0653663
0.84375 0.65625 0.0936458
0.84375 0.6875 0.110561
0.8125 0.6875 0.0840319
0.8125 0.65625 0.0653663
0.8125 0.625 0.0496334
0.84375 0.625 0.0795615
0.84375 0.65625 0.0936458
0.8125 0.65625 0.0653663
0.84375 0.6875 0.110561
0.84375 0.65625 0.0936458
0.875 0.65625 0.122428
0.875 0.6875 0.137861
0.84375 0.6875 0.110561
0.84375 0.65625 0.0936458
0.84375 0.625 0.0795615
0.875 0.625 0.109708
0.875 0.65625 0.122428
0.84375 0.65625 0.0936458
0.75 0.625 -0.0077227
0.75 0.59375 -0.0228789
0.78125 0.59375 0.00670606
0.78125 0.625 0.0201201
0.75 0.625 -0.0077227
0.75 0.59375 -0.0228789
0.75 0.5625 -0.0278016
0.78125 0.5625 0.0029708
0.78125 0.59375 0.00670606
0.75 0.59375 -0.0228789
0.78125 0.625 0.0201201
0.78125 0.59375 0.00670606
0.8125 0.59375 0.0379481
0.8125 0.625 0.0496334
0.78125 0.625 0.0201201
0.78125 0.59375 0.00670606
0.78125 0.5625 0.0029708
0.8125 0.5625 0.0342191
0.8125 0.59375 0.0379481
0.78125 0.59375 0.00670606
0.75 0.5625 -0.0278016
0.75 0.53125 -0.0235243
0.78125 0.53125 0.00670874
0.78125 0.5625 0.0029708
0.75 0.5625 -0.0278016
0.75 0.53125 -0.0235243
0.75 0.5 -0.0156016
0.78125 0.5 0.0141683
0.78125 0.53125 0.00670874
0.75 0.53125 -0.0235243
0.78125 0.5625 0.0029708
0.78125 0.53125 0.00670874
0.8125 0.53125 0.0375091
0.8125 0.5625 0.0342191
0.78125 0.5625 0.0029708
0.78125 0.53125 0.00670874
0.78125 0.5 0.0141683
0.8125 0.5 0.0443446
0.8125 0.53125 0.0375091
0.78125 0.53125 0.00670874
0.8125 0.625 0.0496334
0.8125 0.59375 0.0379481
0.84375 0.59375 0.0691807
0.84375 0.625 0.0795615
0.8125 0.625 0.0496334
0.8125 0.59375 0.0379481
0.8125 0.5625 0.0342191
0.84375 0.5625 0.0654654
0.84375 0.59375 0.0691807
0.8125 0.59375 0.0379481
0.84375 0.625 0.0795615
0.84375 0.59375 0.0691807
0.875 0.59375 0.100398
0.875 0.625 0.109708
0.84375 0.625 0.0795615
0.84375 0.59375 0.0691807
0.84375 0.5625 0.0654654
0.875 0.5625 0.0967077
0.875 0.59375 0.100398
0.84375 0.59375 0.0691807
0.8125 0.5625 0.0342191
0.8125 0.53125 0.0375091
0.84375 0.53125 0.0683786
0.84375 0.5625 0.0654654
0.8125 0.5625 0.0342191
0.8125 0.53125 0.0375091
0.8125 0.5 0.0443446
0.84375 0.5 0.0746578
0.84375 0.53125 0.0683786
0.8125 0.53125 0.0375091
0.84375 0.5625 0.0654654
0.84375 0.53125 0.0683786
0.875 0.53125 0.099339
0.875 0.5625 0.0967077
0.84375 0.5625 0.0654654
0.84375 0.53125 0.0683786
0.84375 0.5 0.0746578
0.875 0.5 0.105081
0.875 0.53125 0.099339
0.84375 0.53125 0.0683786
0.875 0.75 0.175051
0.875 0.6875 0.137861
0.9375 0.6875 0.196199
0.9375 0.75 0.228727
0.875 0.75 0.175051
0.875 0.6875 0.137861
0.875 0.625 0.109708
0.9375 0.625 0.171783
0.9375 0.6875 0.196199
0.875 0.6875 0.137861
0.9375 0.75 0.228727
0.9375 0.6875 0.196199
1 0.6875 0.25586
1 0.75 0.285298
0.9375 0.75 0.228727
0.9375 0.6875 0.196199
0.9375 0.625 0.171783
1 0.625 0.233805
1 0.6875 0.25586
0.9375 0.6875 0.196199
0.875 0.625 0.109708
0.875 0.5625 0.0967077
0.9375 0.5625 0.159196
0.9375 0.625 0.171783
0.875 0.625 0.109708
0.875 0.5625 0.0967077
0.875 0.5 0.105081
0.9375 0.5 0.166305
0.9375 0.5625 0.159196
0.875 0.5625 0.0967077
0.9375 0.625 0.171783
0.9375 0.5625 0.159196
1 0.5625 0.221693
1 0.625 0.233805
0.9375 0.625 0.171783
0.9375 0.5625 0.159196
0.9375 0.5 0.166305
1 0.5 0.227953
1 0.5625 0.221693
0.9375 0.5625 0.159196
0.5 0.5 -0.22958
0.5 0.4375 -0.191118
0.5625 0.4375 -0.16548
0.5625 0.5 -0.189664
0.5 0.5 -0.22958
0.5 0.4375 -0.191118
0.5 0.375 -0.13346
0.5625 0.375 -0.133689
0.5625 0.4375 -0.16548
0.5 0.4375 -0.191118
0.5625 0.5 -0.189664
0.5625 0.4375 -0.16548
0.625 0.4375 -0.109735
0.625 0.5 -0.132709
0.5625 0.5 -0.189664
0.5625 0.4375 -0.16548
0.5625 0.40625 -0.150778
0.59375 0.40625 -0.124747
0.59375 0.4375 -0.137969
0.5625 0.4375 -0.16548
0.5625 0.40625 -0.150778
0.5625 0.375 -0.133689
0.59375 0.375 -0.110182
0.59375 0.40625 -0.124747
0.5625 0.40625 -0.150778
0.59375 0.4375 -0.137969
0.59375 0.40625 -0.124747
0.625 0.40625 -0.0971436
0.625 0.4375 -0.109735
0.59375 0.4375 -0.137969
0.59375 0.40625 -0.124747
0.59375 0.375 -0.110182
0.625 0.375 -0.0837567
0.625 0.40625 -0.0971436
0.59375 0.40625 -0.124747
0.5 0.375 -0.13346
0.5 0.34375 -0.104284
0.53125 0.34375 -0.114247
0.53125 0.375 -0.143829
0.5 0.375 -0.13346
0.5 0.34375 -0.104284
0.5 0.3125 -0.0749934
0.53125 0.3125 -0.0845176
0.53125 0.34375 -0.114247
0.5 0.34375 -0.104284
0.53125 0.375 -0.143829
0.53125 0.34375 -0.114247
0.5625 0.34375 -0.113152
0.5625 0.375 -0.133689
0.53125 0.375 -0.143829
0.53125 0.34375 -0.114247
0.53125 0.3125 -0.0845176
0.5625 0.3125 -0.0886368
0.5625 0.34375 -0.113152
0.53125 0.34375 -0.114247
0.5 0.3125 -0.0749934
0.5 0.28125 -0.0455882
0.53125 0.28125 -0.0546326
0.53125 0.3125 -0.0845176
0.5 0.3125 -0.0749934
0.5 0.28125 -0.0455882
0.5 0.25 -0.0160597
0.53125 0.25 -0.02459
0.53125 0.28125 -0.0546326
0.5 0.28125 -0.0455882
0.53125 0.3125 -0.0845176
0.53125 0.28125 -0.0546326
0.5625 0.28125 -0.0607896
0.5625 0.3125 -0.0886368
0.53125 0.3125 -0.0845176
0.53125 0.28125 -0.0546326
0.53125 0.25 -0.02459
0.5625 0.25 -0.0299942
0.5625 0.28125 -0.0607896
0.53125 0.28125 -0.0546326
0.5625 0.375 -0.133689
0.5625 0.34375 -0.113152
0.59375 0.34375 -0.093634
0.59375 0.375 -0.110182
0.5625 0.375 -0.133689
0.5625 0.34375 -0.113152
0.5625 0.3125 -0.0886368
0.59375 0.3125 -0.0742696
0.59375 0.34375 -0.093634
0.5625 0.34375 -0.113152
0.59375 0.375 -0.110182
0.59375 0.34375 -0.093634
0.625 0.34375 -0.0691834
0.625 0.375 -0.0837567
0.59375 0.375 -0.110182
0.59375 0.34375 -0.093634
0.59375 0.3125 -0.0742696
0.625 0.3125 -0.0528202
0.625 0.34375 -0.0691834
0.59375 0.34375 -0.093634
0.5625 0.3125 -0.0886368
0.5625 0.28125 -0.0607896
0.59375 0.28125 -0.0516682
0.59375 0.3125 -0.0742696
0.5625 0.3125 -0.0886368
0.5625 0.28125 -0.0607896
0.5625 0.25 -0.0299942
0.59375 0.25 -0.0258492
0.59375 0.28125 -0.0516682
0.5625 0.28125 -0.0607896
0.59375 0.3125 -0.0742696
0.59375 0.28125 -0.0516682
0.625 0.28125 -0.03395
0.625 0.3125 -0.0528202
0.59375 0.3125 -0.0742696
0.59375 0.28125 -0.0516682
0.59375 0.25 -0.0258492
0.625 0.25 -0.0121802
0.625 0.28125 -0.03395
0.59375 0.28125 -0.0516682
0.625 0.5 -0.132709
0.625 0.46875 -0.121665
0.65625 0.46875 -0.0928601
0.65625 0.5 -0.103586
0.625 0.5 -0.132709
0.625 0.46875 -0.121665
0.625 0.4375 -0.109735
0.65625 0.4375 -0.0812003
0.65625 0.46875 -0.0928601
0.625 0.46875 -0.121665
0.65625 0.5 -0.103586
0.65625 0.46875 -0.0928601
0.6875 0.46875 -0.0639416
0.6875 0.5 -0.0743539
0.65625 0.5 -0.103586
0.65625 0.46875 -0.0928601
0.65625 0.4375 -0.0812003
0.6875 0.4375 -0.0525087
0.6875 0.46875 -0.0639416
0.65625 0.46875 -0.0928601
0.625 0.4375 -0.109735
0.625 0.40625 -0.0971436
0.65625 0.40625 -0.0689573
0.65625 0.4375 -0.0812003
0.625 0.4375 -0.109735
0.625 0.40625 -0.0971436
0.625 0.375 -0.0837567
0.65625 0.375 -0.0561615
0.65625 0.40625 -0.0689573
0.625 0.40625 -0.0971436
0.65625 0.4375 -0.0812003
0.65625 0.40625 -0.0689573
0.6875 0.40625 -0.0404848
0.6875 0.4375 -0.0525087
0.65625 0.4375 -0.0812003
0.65625 0.40625 -0.0689573
0.65625 0.375 -0.0561615
0.6875 0.375 -0.0280399
0.6875 0.40625 -0.0404848
0.65625 0.40625 -0.0689573
0.6875 0.5 -0.0743539
0.6875 0.46875 -0.0639416
0.71875 0.46875 -0.0349395
0.71875 0.5 -0.0450245
0.6875 0.5 -0.0743539
0.6875 0.46875 -0.0639416
0.6875 0.4375 -0.0525087
0.71875 0.4375 -0.0237
0.71875 0.46875 -0.0349395
0.6875 0.46875 -0.0639416
0.71875 0.5 -0.0450245
0.71875 0.46875 -0.0349395
0.75 0.46875 -0.00586698
0.75 0.5 -0.0156016
0.71875 0.5 -0.0450245
0.71875 0.46875 -0.0349395
0.71875 0.4375 -0.0237
0.75 0.4375 0.00521515
0.75 0.46875 -0.00586698
0.71875 0.46875 -0.0349395
0.6875 0.4375 -0.0525087
0.6875 0.40625 -0.0404848
0.71875 0.40625 -0.0118377
0.71875 0.4375 -0.0237
0.6875 0.4375 -0.0525087
0.6875 0.40625 -0.0404848
0.6875 0.375 -0.0280399
0.71875 0.375 0.000372959
0.71875 0.40625 -0.0118377
0.6875 0.40625 -0.0404848
0.71875 0.4375 -0.0237
0.71875 0.40625 -0.0118377
0.75 0.40625 0.0169582
0.75 0.4375 0.00521515
0.71875 0.4375 -0.0237
0.71875 0.40625 -0.0118377
0.71875 0.375 0.000372959
0.75 0.375 0.0290722
0.75 0.40625 0.0169582
0.71875 0.40625 -0.0118377
0.625 0.375 -0.0837567
0.625 0.34375 -0.0691834
0.65625 0.34375 -0.0426128
0.65625 0.375 -0.0561615
0.625 0.375 -0.0837567
0.625 0.34375 -0.0691834
0.625 0.3125 -0.0528202
0.65625 0.3125 -0.0280035
0.65625 0.34375 -0.0426128
0.625 0.34375 -0.0691834
0.65625 0.375 -0.0561615
0.65625 0.34375 -0.0426128
0.6875 0.34375 -0.0149928
0.6875 0.375 -0.0280399
0.65625 0.375 -0.0561615
0.65625 0.34375 -0.0426128
0.65625 0.3125 -0.0280035
0.6875 0.3125 -0.0013964
0.6875 0.34375 -0.0149928
0.65625 0.34375 -0.0426128
0.625 0.3125 -0.0528202
0.625 0.28125 -0.03395
0.65625 0.28125 -0.0114931
0.65625 0.3125 -0.0280035
0.625 0.3125 -0.0528202
0.625 0.28125 -0.03395
0.625 0.25 -0.0121802
0.65625 0.25 0.00798466
0.65625 0.28125 -0.0114931
0.625 0.28125 -0.03395
0.65625 0.3125 -0.0280035
0.65625 0.28125 -0.0114931
0.6875 0.28125 0.0140545
0.6875 0.3125 -0.0013964
0.65625 0.3125 -0.0280035
0.65625 0.28125 -0.0114931
0.65625 0.25 0.00798466
0.6875 0.25 0.0319189
0.6875 0.28125 0.0140545
0.65625 0.28125 -0.0114931
0.6875 0.375 -0.0280399
0.6875 0.34375 -0.0149928
0.71875 0.34375 0.0131892
0.71875 0.375 0.000372959
0.6875 0.375 -0.0280399
0.6875 0.34375 -0.0149928
0.6875 0.3125 -0.0013964
0.71875 0.3125 0.0265906
0.71875 0.34375 0.0131892
0.6875 0.34375 -0.0149928
0.71875 0.375 0.000372959
0.71875 0.34375 0.0131892
0.75 0.34375 0.0416443
0.75 0.375 0.0290722
0.71875 0.375 0.000372959
0.71875 0.34375 0.0131892
0.71875 0.3125 0.0265906
0.75 0.3125 0.0547583
0.75 0.34375 0.0416443
0.71875 0.34375 0.0131892
0.6875 0.3125 -0.0013964
0.6875 0.28125 0.0140545
0.71875 0.28125 0.0411494
0.71875 0.3125 0.0265906
0.6875 0.3125 -0.0013964
0.6875 0.28125 0.0140545
0.6875 0.25 0.0319189
0.71875 0.25 0.0574942
0.71875 0.28125 0.0411494
0.6875 0.28125 0.0140545
0.71875 0.3125 0.0265906
0.71875 0.28125 0.0411494
0.75 0.28125 0.068734
0.75 0.3125 0.0547583
0.71875 0.3125 0.0265906
0.71875 0.28125 0.0411494
0.71875 0.25 0.0574942
0.75 0.25 0.0840479
0.75 0.28125 0.068734
0.71875 0.28125 0.0411494
0.5 0.25 -0.0160597
0.5 0.21875 0.0137144
0.53125 0.21875 0.0056706
0.53125 0.25 -0.02459
0.5 0.25 -0.0160597
0.5 0.21875 0.0137144
0.5 0.1875 0.043755
0.53125 0.1875 0.0363323
0.53125 0.21875 0.0056706
0.5 0.21875 0.0137144
0.53125 0.25 -0.02459
0.53125 0.21875 0.0056706
0.5625 0.21875 0.000952187
0.5625 0.25 -0.0299942
0.53125 0.25 -0.02459
0.53125 0.21875 0.0056706
0.53125 0.1875 0.0363323
0.5625 0.1875 0.0321725
0.5625 0.21875 0.000952187
0.53125 0.21875 0.0056706
0.5 0.1875 0.043755
0.5 0.15625 0.0739404
0.53125 0.15625 0.0670856
0.53125 0.1875 0.0363323
0.5 0.1875 0.043755
0.5 0.15625 0.0739404
0.5 0.125 0.104251
0.53125 0.125 0.0979596
0.53125 0.15625 0.0670856
0.5 0.15625 0.0739404
0.53125 0.1875 0.0363323
0.53125 0.15625 0.0670856
0.5625 0.15625 0.0633973
0.5625 0.1875 0.0321725
0.53125 0.1875 0.0363323
0.53125 0.15625 0.0670856
0.53125 0.125 0.0979596
0.5625 0.125 0.0946242
0.5625 0.15625 0.0633973
0.53125 0.15625 0.0670856
0.5625 0.25 -0.0299942
0.5625 0.21875 0.000952187
0.59375 0.21875 0.00279393
0.59375 0.25 -0.0258492
0.5625 0.25 -0.0299942
0.5625 0.21875 0.000952187
0.5625 0.1875 0.0321725
0.59375 0.1875 0.0336978
0.59375 0.21875 0.00279393
0.5625 0.21875 0.000952187
0.59375 0.25 -0.0258492
0.59375 0.21875 0.00279393
0.625 0.21875 0.0139162
0.625 0.25 -0.0121802
0.59375 0.25 -0.0258492
0.59375 0.21875 0.00279393
0.59375 0.1875 0.0336978
0.625 0.1875 0.0424644
0.625 0.21875 0.0139162
0.59375 0.21875 0.00279393
0.5625 0.1875 0.0321725
0.5625 0.15625 0.0633973
0.59375 0.15625 0.0646776
0.59375 0.1875 0.0336978
0.5625 0.1875 0.0321725
0.5625 0.15625 0.0633973
0.5625 0.125 0.0946242
0.59375 0.125 0.0957405
0.59375 0.15625 0.0646776
0.5625 0.15625 0.0633973
0.59375 0.1875 0.0336978
0.59375 0.15625 0.0646776
0.625 0.15625 0.0718914
0.625 0.1875 0.0424644
0.59375 0.1875 0.0336978
0.59375 0.15625 0.0646776
0.59375 0.125 0.0957405
0.625 0.125 0.101744
0.625 0.15625 0.0718914
0.59375 0.15625 0.0646776
0.5 0.125 0.104251
0.5 0.0625 0.16528
0.5625 0.0625 0.157101
0.5625 0.125 0.0946242
0.5 0.125 0.104251
0.5 0.0625 0.16528
0.5 0 0.226793
0.5625 0 0.219594
0.5625 0.0625 0.157101
0.5 0.0625 0.16528
0.5625 0.125 0.0946242
0.5625 0.0625 0.157101
0.625 0.0625 0.162618
0.625 0.125 0.101744
0.5625 0.125 0.0946242
0.5625 0.0625 0.157101
0.5625 0 0.219594
0.625 0 0.224213
0.625 0.0625 0.162618
0.5625 0.0625 0.157101
0.625 0.25 -0.0121802
0.625 0.21875 0.0139162
0.65625 0.21875 0.0313485
0.65625 0.25 0.00798466
0.625 0.25 -0.0121802
0.625 0.21875 0.0139162
0.625 0.1875 0.0424644
0.65625 0.1875 0.057184
0.65625 0.21875 0.0313485
0.625 0.21875 0.0139162
0.65625 0.25 0.00798466
0.65625 0.21875 0.0313485
0.6875 0.21875 0.052449
0.6875 0.25 0.0319189
0.65625 0.25 0.00798466
0.65625 0.21875 0.0313485
0.65625 0.1875 0.057184
0.6875 0.1875 0.075684
0.6875 0.21875 0.052449
0.65625 0.21875 0.0313485
0.625 0.1875 0.0424644
0.625 0.15625 0.0718914
0.65625 0.15625 0.0843775
0.65625 0.1875 0.057184
0.625 0.1875 0.0424644
0.625 0.15625 0.0718914
0.625 0.125 0.101744
0.65625 0.125 0.11258
0.65625 0.15625 0.0843775
0.625 0.15625 0.0718914
0.65625 0.1875 0.057184
0.65625 0.15625 0.0843775
0.6875 0.15625 0.100634
0.6875 0.1875 0.075684
0.65625 0.1875 0.057184
0.65625 0.15625 0.0843775
0.65625 0.125 0.11258
0.6875 0.125 0.126933
0.6875 0.15625 0.100634
0.65625 0.15625 0.0843775
0.6875 0.25 0.0319189
0.6875 0.21875 0.052449
0.71875 0.21875 0.0760115
0.71875 0.25 0.0574942
0.6875 0.25 0.0319189
0.6875 0.21875 0.052449
0.6875 0.1875 0.075684
0.71875 0.1875 0.0970016
0.71875 0.21875 0.0760115
0.6875 0.21875 0.052449
0.71875 0.25 0.0574942
0.71875 0.21875 0.0760115
0.75 0.21875 0.101103
0.75 0.25 0.0840479
0.71875 0.25 0.0574942
0.71875 0.21875 0.0760115
0.71875 0.1875 0.0970016
0.75 0.1875 0.120193
0.75 0.21875 0.101103
0.71875 0.21875 0.0760115
0.6875 0.1875 0.075684
0.6875 0.15625 0.100634
0.71875 0.15625 0.119804
0.71875 0.1875 0.0970016
0.6875 0.1875 0.075684
0.6875 0.15625 0.100634
0.6875 0.125 0.126933
0.71875 0.125 0.144278
0.71875 0.15625 0.119804
0.6875 0.15625 0.100634
0.71875 0.1875 0.0970016
0.71875 0.15625 0.119804
0.75 0.15625 0.141174
0.75 0.1875 0.120193
0.71875 0.1875 0.0970016
0.71875 0.15625 0.119804
0.71875 0.125 0.144278
0.75 0.125 0.16396
0.75 0.15625 0.141174
0.71875 0.15625 0.119804
0.625 0.125 0.101744
0.625 0.0625 0.162618
0.6875 0.0625 0.182525
0.6875 0.125 0.126933
0.625 0.125 0.101744
0.625 0.0625 0.162618
0.625 0 0.224213
0.6875 0 0.241102
0.6875 0.0625 0.182525
0.625 0.0625 0.162618
0.6875 0.125 0.126933
0.6875 0.0625 0.182525
0.75 0.0625 0.213237
0.75 0.125 0.16396
0.6875 0.125 0.126933
0.6875 0.0625 0.182525
0.6875 0 0.241102
0.75 0 0.267666
0.75 0.0625 0.213237
0.6875 0.0625 0.182525
0.75 0.5 -0.0156016
0.75 0.46875 -0.00586698
0.78125 0.46875 0.0235761
0.78125 0.5 0.0141683
0.75 0.5 -0.0156016
0.75 0.46875 -0.00586698
0.75 0.4375 0.00521515
0.78125 0.4375 0.0343479
0.78125 0.46875 0.0235761
0.75 0.46875 -0.00586698
0.78125 0.5 0.0141683
0.78125 0.46875 0.0235761
0.8125 0.46875 0.0532326
0.8125 0.5 0.0443446
0.78125 0.5 0.0141683
0.78125 0.46875 0.0235761
0.78125 0.4375 0.0343479
0.8125 0.4375 0.063602
0.8125 0.46875 0.0532326
0.78125 0.46875 0.0235761
0.75 0.4375 0.00521515
0.75 0.40625 0.0169582
0.78125 0.40625 0.0458765
0.78125 0.4375 0.0343479
0.75 0.4375 0.00521515
0.75 0.40625 0.0169582
0.75 0.375 0.0290722
0.78125 0.375 0.0578288
0.78125 0.40625 0.0458765
0.75 0.40625 0.0169582
0.78125 0.4375 0.0343479
0.78125 0.40625 0.0458765
0.8125 0.40625 0.0748793
0.8125 0.4375 0.063602
0.78125 0.4375 0.0343479
0.78125 0.40625 0.0458765
0.78125 0.375 0.0578288
0.8125 0.375 0.086654
0.8125 0.40625 0.0748793
0.78125 0.40625 0.0458765
0.8125 0.5 0.0443446
0.8125 0.46875 0.0532326
0.84375 0.46875 0.0830359
0.84375 0.5 0.0746578
0.8125 0.5 0.0443446
0.8125 0.46875 0.0532326
0.8125 0.4375 0.063602
0.84375 0.4375 0.09298
0.84375 0.46875 0.0830359
0.8125 0.46875 0.0532326
0.84375 0.5 0.0746578
0.84375 0.46875 0.0830359
0.875 0.46875 0.112969
0.875 0.5 0.105081
0.84375 0.5 0.0746578
0.84375 0.46875 0.0830359
0.84375 0.4375 0.09298
0.875 0.4375 0.122483
0.875 0.46875 0.112969
0.84375 0.46875 0.0830359
0.8125 0.4375 0.063602
0.8125 0.40625 0.0748793
0.84375 0.40625 0.103971
0.84375 0.4375 0.09298
0.8125 0.4375 0.063602
0.8125 0.40625 0.0748793
0.8125 0.375 0.086654
0.84375 0.375 0.115552
0.84375 0.40625 0.103971
0.8125 0.40625 0.0748793
0.84375 0.4375 0.09298
0.84375 0.40625 0.103971
0.875 0.40625 0.133158
0.875 0.4375 0.122483
0.84375 0.4375 0.09298
0.84375 0.40625 0.103971
0.84375 0.375 0.115552
0.875 0.375 0.144526
0.875 0.40625 0.133158
0.84375 0.40625 0.103971
0.75 0.375 0.0290722
0.75 0.34375 0.0416443
0.78125 0.34375 0.0702047
0.78125 0.375 0.0578288
0.75 0.375 0.0290722
0.75 0.34375 0.0416443
0.75 0.3125 0.0547583
0.78125 0.3125 0.0830671
0.78125 0.34375 0.0702047
0.75 0.34375 0.0416443
0.78125 0.375 0.0578288
0.78125 0.34375 0.0702047
0.8125 0.34375 0.098849
0.8125 0.375 0.086654
0.78125 0.375 0.0578288
0.78125 0.34375 0.0702047
0.78125 0.3125 0.0830671
0.8125 0.3125 0.111493
0.8125 0.34375 0.098849
0.78125 0.34375 0.0702047
0.75 0.3125 0.0547583
0.75 0.28125 0.068734
0.78125 0.28125 0.0966083
0.78125 0.3125 0.0830671
0.75 0.3125 0.0547583
0.75 0.28125 0.068734
0.75 0.25 0.0840479
0.78125 0.25 0.111183
0.78125 0.28125 0.0966083
0.75 0.28125 0.068734
0.78125 0.3125 0.0830671
0.78125 0.28125 0.0966083
0.8125 0.28125 0.124718
0.8125 0.3125 0.111493
0.78125 0.3125 0.0830671
0.78125 0.28125 0.0966083
0.78125 0.25 0.111183
0.8125 0.25 0.138741
0.8125 0.28125 0.124718
0.78125 0.28125 0.0966083
0.8125 0.375 0.086654
0.8125 0.34375 0.098849
0.84375 0.34375 0.127566
0.84375 0.375 0.115552
0.8125 0.375 0.086654
0.8125 0.34375 0.098849
0.8125 0.3125 0.111493
0.84375 0.3125 0.140014
0.84375 0.34375 0.127566
0.8125 0.34375 0.098849
0.84375 0.375 0.115552
0.84375 0.34375 0.127566
0.875 0.34375 0.156359
0.875 0.375 0.144526
0.84375 0.375 0.115552
0.84375 0.34375 0.127566
0.84375 0.3125 0.140014
0.875 0.3125 0.168621
0.875 0.34375 0.156359
0.84375 0.34375 0.127566
0.8125 0.3125 0.111493
0.8125 0.25 0.138741
0.875 0.25 0.194751
0.875 0.3125 0.168621
0.8125 0.3125 0.111493
0.875 0.5 0.105081
0.875 0.4375 0.122483
0.9375 0.4375 0.181946
0.9375 0.5 0.166305
0.875 0.5 0.105081
0.875 0.4375 0.122483
0.875 0.375 0.144526
0.9375 0.375 0.202786
0.9375 0.4375 0.181946
0.875 0.4375 0.122483
0.9375 0.5 0.166305
0.9375 0.4375 0.181946
1 0.4375 0.242124
1 0.5 0.227953
0.9375 0.5 0.166305
0.9375 0.4375 0.181946
0.9375 0.375 0.202786
1 0.375 0.261663
1 0.4375 0.242124
0.9375 0.4375 0.181946
0.875 0.375 0.144526
0.875 0.3125 0.168621
0.9375 0.3125 0.22607
0.9375 0.375 0.202786
0.875 0.375 0.144526
0.875 0.3125 0.168621
0.875 0.25 0.194751
0.9375 0.25 0.251263
0.9375 0.3125 0.22607
0.875 0.3125 0.168621
0.9375 0.375 0.202786
0.9375 0.3125 0.22607
1 0.3125 0.284037
1 0.375 0.261663
0.9375 0.375 0.202786
0.9375 0.3125 0.22607
0.9375 0.25 0.251263
1 0.25 0.308391
1 0.3125 0.284037
0.9375 0.3125 0.22607
0.75 0.25 0.0840479
0.75 0.21875 0.101103
0.78125 0.21875 0.12715
0.78125 0.25 0.111183
0.75 0.25 0.0840479
0.75 0.21875 0.101103
0.75 0.1875 0.120193
0.78125 0.1875 0.144803
0.78125 0.21875 0.12715
0.75 0.21875 0.101103
0.78125 0.25 0.111183
0.78125 0.21875 0.12715
0.8125 0.21875 0.1539
0.8125 0.25 0.138741
0.78125 0.25 0.111183
0.78125 0.21875 0.12715
0.78125 0.1875 0.144803
0.8125 0.1875 0.170432
0.8125 0.21875 0.1539
0.78125 0.21875 0.12715
0.75 0.1875 0.120193
0.75 0.125 0.16396
0.8125 0.125 0.208815
0.8125 0.1875 0.170432
0.75 0.1875 0.120193
0.8125 0.25 0.138741
0.8125 0.1875 0.170432
0.875 0.1875 0.224127
0.875 0.25 0.194751
0.8125 0.25 0.138741
0.8125 0.1875 0.170432
0.8125 0.125 0.208815
0.875 0.125 0.258129
0.875 0.1875 0.224127
0.8125 0.1875 0.170432
0.75 0.125 0.16396
0.75 0.0625 0.213237
0.8125 0.0625 0.252524
0.8125 0.125 0.208815
0.75 0.125 0.16396
0.75 0.0625 0.213237
0.75 0 0.267666
0.8125 0 0.302527
0.8125 0.0625 0.252524
0.75 0.0625 0.213237
0.8125 0.125 0.208815
0.8125 0.0625 0.252524
0.875 0.0625 0.296981
0.875 0.125 0.258129
0.8125 0.125 0.208815
0.8125 0.0625 0.252524
0.8125 0 0.302527
0.875 0 0.342591
0.875 0.0625 0.296981
0.8125 0.0625 0.252524
0.875 0.25 0.194751
0.875 0.125 0.258129
1 0.125 0.365877
1 0.25 0.308391
0.875 0.25 0.194751
0.875 0.125 0.258129
0.875 0 0.342591
1 0 0.441823
1 0.125 0.365877
0.875 0.125 0.258129
