0 1 0.458336
0 0.875 0.381468
0.125 0.875 0.27418
0.125 1 0.359838
0 1 0.458336
0 0.875 0.381468
0 0.75 0.313121
0.125 0.75 0.201518
0.125 0.875 0.27418
0 0.875 0.381468
0.125 1 0.359838
0.125 0.9375 0.317009
0.1875 0.9375 0.270376
0.1875 1 0.316911
0.125 1 0.359838
0.125 0.9375 0.317009
0.125 0.875 0.27418
0.1875 0.875 0.224234
0.1875 0.9375 0.270376
0.125 0.9375 0.317009
0.1875 1 0.316911
0.1875 0.9375 0.270376
0.25 0.9375 0.225142
0.25 1 0.276449
0.1875 1 0.316911
0.1875 0.9375 0.270376
0.1875 0.875 0.224234
0.25 0.875 0.175964
0.25 0.9375 0.225142
0.1875 0.9375 0.270376
0.125 0.875 0.27418
0.125 0.8125 0.236199
0.1875 0.8125 0.183709
0.1875 0.875 0.224234
0.125 0.875 0.27418
0.125 0.8125 0.236199
0.125 0.75 0.201518
0.1875 0.75 0.14706
0.1875 0.8125 0.183709
0.125 0.8125 0.236199
0.1875 0.875 0.224234
0.1875 0.8125 0.183709
0.25 0.8125 0.132309
0.25 0.875 0.175964
0.1875 0.875 0.224234
0.1875 0.8125 0.183709
0.1875 0.75 0.14706
0.25 0.75 0.0938787
0.25 0.8125 0.132309
0.1875 0.8125 0.183709
0 0.75 0.313121
0 0.6875 0.284509
0.0625 0.6875 0.226662
0.0625 0.75 0.256748
0 0.75 0.313121
0 0.6875 0.284509
0 0.625 0.25921
0.0625 0.625 0.199809
0.0625 0.6875 0.226662
0 0.6875 0.284509
0.0625 0.75 0.256748
0.0625 0.6875 0.226662
0.125 0.6875 0.170171
0.125 0.75 0.201518
0.0625 0.75 0.256748
0.0625 0.6875 0.226662
0.0625 0.625 0.199809
0.125 0.625 0.141569
0.125 0.6875 0.170171
0.0625 0.6875 0.226662
0 0.625 0.25921
0 0.5625 0.237839
0.0625 0.5625 0.176787
0.0625 0.625 0.199809
0 0.625 0.25921
0 0.5625 0.237839
0 0.5 0.221829
0.0625 0.5 0.159402
0.0625 0.5625 0.176787
0 0.5625 0.237839
0.0625 0.625 0.199809
0.0625 0.5625 0.176787
0.125 0.5625 0.116297
0.125 0.625 0.141569
0.0625 0.625 0.199809
0.0625 0.5625 0.176787
0.0625 0.5 0.159402
0.125 0.5 0.0969489
0.125 0.5625 0.116297
0.0625 0.5625 0.176787
0.125 0.75 0.201518
0.125 0.6875 0.170171
0.1875 0.6875 0.11495
0.1875 0.75 0.14706
0.125 0.75 0.201518
0.125 0.6875 0.170171
0.125 0.65625 0.155554
0.15625 0.65625 0.127565
0.15625 0.6875 0.142476
0.125 0.6875 0.170171
0.125 0.65625 0.155554
0.125 0.625 0.141569
0.15625 0.625 0.113183
0.15625 0.65625 0.127565
0.125 0.65625 0.155554
0.15625 0.6875 0.142476
0.15625 0.65625 0.127565
0.1875 0.65625 0.0997833
0.1875 0.6875 0.11495
0.15625 0.6875 0.142476
0.15625 0.65625 0.127565
0.15625 0.625 0.113183
0.1875 0.625 0.0850512
0.1875 0.65625 0.0997833
0.15625 0.65625 0.127565
0.1875 0.75 0.14706
0.1875 0.71875 0.130612
0.21875 0.71875 0.103501
0.21875 0.75 0.120365
0.1875 0.75 0.14706
0.1875 0.71875 0.130612
0.1875 0.6875 0.11495
0.21875 0.6875 0.0875744
0.21875 0.71875 0.103501
0.1875 0.71875 0.130612
0.21875 0.75 0.120365
0.21875 0.71875 0.103501
0.25 0.71875 0.0765266
0.25 0.75 0.0938787
0.21875 0.75 0.120365
0.21875 0.71875 0.103501
0.21875 0.6875 0.0875744
0.25 0.6875 0.0603279
0.25 0.71875 0.0765266
0.21875 0.71875 0.103501
0.1875 0.6875 0.11495
0.1875 0.65625 0.0997833
0.21875 0.65625 0.0721904
0.21875 0.6875 0.0875744
0.1875 0.6875 0.11495
0.1875 0.65625 0.0997833
0.1875 0.625 0.0850512
0.21875 0.625 0.0571701
0.21875 0.65625 0.0721904
0.1875 0.65625 0.0997833
0.21875 0.6875 0.0875744
0.21875 0.65625 0.0721904
0.25 0.65625 0.0447566
0.25 0.6875 0.0603279
0.21875 0.6875 0.0875744
0.21875 0.65625 0.0721904
0.21875 0.625 0.0571701
0.25 0.625 0.0295065
0.25 0.65625 0.0447566
0.21875 0.65625 0.0721904
0.125 0.625 0.141569
0.125 0.59375 0.128391
0.15625 0.59375 0.0995008
0.15625 0.625 0.113183
0.125 0.625 0.141569
0.125 0.59375 0.128391
0.125 0.5625 0.116297
0.15625 0.5625 0.0867978
0.15625 0.59375 0.0995008
0.125 0.59375 0.128391
0.15625 0.625 0.113183
0.15625 0.59375 0.0995008
0.1875 0.59375 0.0708775
0.1875 0.625 0.0850512
0.15625 0.625 0.113183
0.15625 0.59375 0.0995008
0.15625 0.5625 0.0867978
0.1875 0.5625 0.0575438
0.1875 0.59375 0.0708775
0.15625 0.59375 0.0995008
0.125 0.5625 0.116297
0.125 0.53125 0.105654
0.15625 0.53125 0.0754746
0.15625 0.5625 0.0867978
0.125 0.5625 0.116297
0.125 0.53125 0.105654
0.125 0.5 0.0969489
0.15625 0.5 0.066101
0.15625 0.53125 0.0754746
0.125 0.53125 0.105654
0.15625 0.5625 0.0867978
0.15625 0.53125 0.0754746
0.1875 0.53125 0.0454695
0.1875 0.5625 0.0575438
0.15625 0.5625 0.0867978
0.15625 0.53125 0.0754746
0.15625 0.5 0.066101
0.1875 0.5 0.0352969
0.1875 0.53125 0.0454695
0.15625 0.53125 0.0754746
0.1875 0.625 0.0850512
0.1875 0.59375 0.0708775
0.21875 0.59375 0.0425859
0.21875 0.625 0.0571701
0.1875 0.625 0.0850512
0.1875 0.59375 0.0708775
0.1875 0.5625 0.0575438
0.21875 0.5625 0.0286418
0.21875 0.59375 0.0425859
0.1875 0.59375 0.0708775
0.21875 0.625 0.0571701
0.21875 0.59375 0.0425859
0.25 0.59375 0.0146215
0.25 0.625 0.0295065
0.21875 0.625 0.0571701
0.21875 0.59375 0.0425859
0.21875 0.5625 0.0286418
0.25 0.5625 0.00012881
0.25 0.59375 0.0146215
0.21875 0.59375 0.0425859
0.1875 0.5625 0.0575438
0.1875 0.53125 0.0454695
0.21875 0.53125 0.0157611
0.21875 0.5625 0.0286418
0.1875 0.5625 0.0575438
0.1875 0.53125 0.0454695
0.1875 0.5 0.0352969
0.21875 0.5 0.00453172
0.21875 0.53125 0.0157611
0.1875 0.53125 0.0454695
0.21875 0.5625 0.0286418
0.21875 0.53125 0.0157611
0.25 0.53125 -0.0132366
0.25 0.5625 0.00012881
0.21875 0.5625 0.0286418
0.21875 0.53125 0.0157611
0.21875 0.5 0.00453172
0.25 0.5 -0.0250526
0.25 0.53125 -0.0132366
0.21875 0.53125 0.0157611
0.25 1 0.276449
0.25 0.9375 0.225142
0.3125 0.9375 0.188162
0.3125 1 0.24396
0.25 1 0.276449
0.25 0.9375 0.225142
0.25 0.875 0.175964
0.3125 0.875 0.134034
0.3125 0.9375 0.188162
0.25 0.9375 0.225142
0.3125 1 0.24396
0.3125 0.9375 0.188162
0.375 0.9375 0.160096
0.375 1 0.22047
0.3125 1 0.24396
0.3125 0.9375 0.188162
0.3125 0.875 0.134034
0.375 0.875 0.101005
0.375 0.9375 0.160096
0.3125 0.9375 0.188162
0.25 0.875 0.175964
0.25 0.84375 0.153501
0.28125 0.84375 0.130594
0.28125 0.875 0.154342
0.25 0.875 0.175964
0.25 0.84375 0.153501
0.25 0.8125 0.132309
0.28125 0.8125 0.108159
0.28125 0.84375 0.130594
0.25 0.84375 0.153501
0.28125 0.875 0.154342
0.28125 0.84375 0.130594
0.3125 0.84375 0.108813
0.3125 0.875 0.134034
0.28125 0.875 0.154342
0.28125 0.84375 0.130594
0.28125 0.8125 0.108159
0.3125 0.8125 0.084873
0.3125 0.84375 0.108813
0.28125 0.84375 0.130594
0.25 0.8125 0.132309
0.25 0.78125 0.112421
0.28125 0.78125 0.0871471
0.28125 0.8125 0.108159
0.25 0.8125 0.132309
0.25 0.78125 0.112421
0.25 0.75 0.0938787
0.28125 0.75 0.0676576
0.28125 0.78125 0.0871471
0.25 0.78125 0.112421
0.28125 0.8125 0.108159
0.28125 0.78125 0.0871471
0.3125 0.78125 0.0624349
0.3125 0.8125 0.084873
0.28125 0.8125 0.108159
0.28125 0.78125 0.0871471
0.28125 0.75 0.0676576
0.3125 0.75 0.0417526
0.3125 0.78125 0.0624349
0.28125 0.78125 0.0871471
0.3125 0.875 0.134034
0.3125 0.84375 0.108813
0.34375 0.84375 0.0890572
0.34375 0.875 0.115994
0.3125 0.875 0.134034
0.3125 0.84375 0.108813
0.3125 0.8125 0.084873
0.34375 0.8125 0.063219
0.34375 0.84375 0.0890572
0.3125 0.84375 0.108813
0.34375 0.875 0.115994
0.34375 0.84375 0.0890572
0.375 0.84375 0.0721852
0.375 0.875 0.101005
0.34375 0.875 0.115994
0.34375 0.84375 0.0890572
0.34375 0.8125 0.063219
0.375 0.8125 0.0441265
0.375 0.84375 0.0721852
0.34375 0.84375 0.0890572
0.3125 0.8125 0.084873
0.3125 0.78125 0.0624349
0.34375 0.78125 0.0388214
0.34375 0.8125 0.063219
0.3125 0.8125 0.084873
0.3125 0.78125 0.0624349
0.3125 0.75 0.0417526
0.34375 0.75 0.0163244
0.34375 0.78125 0.0388214
0.3125 0.78125 0.0624349
0.34375 0.8125 0.063219
0.34375 0.78125 0.0388214
0.375 0.78125 0.0171778
0.375 0.8125 0.0441265
0.34375 0.8125 0.063219
0.34375 0.78125 0.0388214
0.34375 0.75 0.0163244
0.375 0.75 -0.00723325
0.375 0.78125 0.0171778
0.34375 0.78125 0.0388214
0.375 1 0.22047
0.375 0.9375 0.160096
0.4375 0.9375 0.149055
0.4375 1 0.211542
0.375 1 0.22047
0.375 0.9375 0.160096
0.375 0.90625 0.130364
0.40625 0.90625 0.121395
0.40625 0.9375 0.152184
0.375 0.9375 0.160096
0.375 0.90625 0.130364
0.375 0.875 0.101005
0.40625 0.875 0.0906861
0.40625 0.90625 0.121395
0.375 0.90625 0.130364
0.40625 0.9375 0.152184
0.40625 0.90625 0.121395
0.4375 0.90625 0.117828
0.4375 0.9375 0.149055
0.40625 0.9375 0.152184
0.40625 0.90625 0.121395
0.40625 0.875 0.0906861
0.4375 0.875 0.0865997
0.4375 0.90625 0.117828
0.40625 0.90625 0.121395
0.4375 1 0.211542
0.4375 0.9375 0.149055
0.5 0.9375 0.155076
0.5 1 0.216683
0.4375 1 0.211542
0.4375 0.9375 0.149055
0.4375 0.90625 0.117828
0.46875 0.90625 0.119049
0.46875 0.9375 0.150151
0.4375 0.9375 0.149055
0.4375 0.90625 0.117828
0.4375 0.875 0.0865997
0.46875 0.875 0.0879675
0.46875 0.90625 0.119049
0.4375 0.90625 0.117828
0.46875 0.9375 0.150151
0.46875 0.90625 0.119049
0.5 0.90625 0.124419
0.5 0.9375 0.155076
0.46875 0.9375 0.150151
0.46875 0.90625 0.119049
0.46875 0.875 0.0879675
0.5 0.875 0.0938636
0.5 0.90625 0.124419
0.46875 0.90625 0.119049
0.375 0.875 0.101005
0.375 0.84375 0.0721852
0.40625 0.84375 0.0601274
0.40625 0.875 0.0906861
0.375 0.875 0.101005
0.375 0.84375 0.0721852
0.375 0.8125 0.0441265
0.40625 0.8125 0.0297865
0.40625 0.84375 0.0601274
0.375 0.84375 0.0721852
0.40625 0.875 0.0906861
0.40625 0.84375 0.0601274
0.4375 0.84375 0.0553696
0.4375 0.875 0.0865997
0.40625 0.875 0.0906861
0.40625 0.84375 0.0601274
0.40625 0.8125 0.0297865
0.4375 0.8125 0.0241364
0.4375 0.84375 0.0553696
0.40625 0.84375 0.0601274
0.375 0.8125 0.0441265
0.375 0.78125 0.0171778
0.40625 0.78125 -0.00019158
0.40625 0.8125 0.0297865
0.375 0.8125 0.0441265
0.375 0.78125 0.0171778
0.375 0.75 -0.00723325
0.40625 0.75 -0.0271501
0.40625 0.78125 -0.00019158
0.375 0.78125 0.0171778
0.40625 0.8125 0.0297865
0.40625 0.78125 -0.00019158
0.4375 0.78125 -0.00708374
0.4375 0.8125 0.0241364
0.40625 0.8125 0.0297865
0.40625 0.78125 -0.00019158
0.40625 0.75 -0.0271501
0.4375 0.75 -0.0379116
0.4375 0.78125 -0.00708374
0.40625 0.78125 -0.00019158
0.4375 0.875 0.0865997
0.4375 0.84375 0.0553696
0.46875 0.84375 0.0569173
0.46875 0.875 0.0879675
0.4375 0.875 0.0865997
0.4375 0.84375 0.0553696
0.4375 0.8125 0.0241364
0.46875 0.8125 0.0259106
0.46875 0.84375 0.0569173
0.4375 0.84375 0.0553696
0.46875 0.875 0.0879675
0.46875 0.84375 0.0569173
0.5 0.84375 0.0634573
0.5 0.875 0.0938636
0.46875 0.875 0.0879675
0.46875 0.84375 0.0569173
0.46875 0.8125 0.0259106
0.5 0.8125 0.0332209
0.5 0.84375 0.0634573
0.46875 0.84375 0.0569173
0.4375 0.8125 0.0241364
0.4375 0.78125 -0.00708374
0.46875 0.78125 -0.00499043
0.46875 0.8125 0.0259106
0.4375 0.8125 0.0241364
0.4375 0.78125 -0.00708374
0.4375 0.75 -0.0379116
0.46875 0.75 -0.0354238
0.46875 0.78125 -0.00499043
0.4375 0.78125 -0.00708374
0.46875 0.8125 0.0259106
0.46875 0.78125 -0.00499043
0.5 0.78125 0.00319431
0.5 0.8125 0.0332209
0.46875 0.8125 0.0259106
0.46875 0.78125 -0.00499043
0.46875 0.75 -0.0354238
0.5 0.75 -0.0260594
0.5 0.78125 0.00319431
0.46875 0.78125 -0.00499043
0.25 0.75 0.0938787
0.25 0.71875 0.0765266
0.28125 0.71875 0.0496839
0.28125 0.75 0.0676576
0.25 0.75 0.0938787
0.25 0.71875 0.0765266
0.25 0.6875 0.0603279
0.28125 0.6875 0.0331924
0.28125 0.71875 0.0496839
0.25 0.71875 0.0765266
0.28125 0.75 0.0676576
0.28125 0.71875 0.0496839
0.3125 0.71875 0.0229747
0.3125 0.75 0.0417526
0.28125 0.75 0.0676576
0.28125 0.71875 0.0496839
0.28125 0.6875 0.0331924
0.3125 0.6875 0.0061571
0.3125 0.71875 0.0229747
0.28125 0.71875 0.0496839
0.25 0.6875 0.0603279
0.25 0.65625 0.0447566
0.28125 0.65625 0.0174593
0.28125 0.6875 0.0331924
0.25 0.6875 0.0603279
0.25 0.65625 0.0447566
0.25 0.625 0.0295065
0.28125 0.625 0.00201927
0.28125 0.65625 0.0174593
0.25 0.65625 0.0447566
0.28125 0.6875 0.0331924
0.28125 0.65625 0.0174593
0.3125 0.65625 -0.00969523
0.3125 0.6875 0.0061571
0.28125 0.6875 0.0331924
0.28125 0.65625 0.0174593
0.28125 0.625 0.00201927
0.3125 0.625 -0.0252341
0.3125 0.65625 -0.00969523
0.28125 0.65625 0.0174593
0.3125 0.75 0.0417526
0.3125 0.71875 0.0229747
0.34375 0.71875 -0.00340887
0.34375 0.75 0.0163244
0.3125 0.75 0.0417526
0.3125 0.71875 0.0229747
0.3125 0.6875 0.0061571
0.34375 0.6875 -0.0205019
0.34375 0.71875 -0.00340887
0.3125 0.71875 0.0229747
0.34375 0.75 0.0163244
0.34375 0.71875 -0.00340887
0.375 0.71875 -0.0283748
0.375 0.75 -0.00723325
0.34375 0.75 0.0163244
0.34375 0.71875 -0.00340887
0.34375 0.6875 -0.0205019
0.375 0.6875 -0.0466447
0.375 0.71875 -0.0283748
0.34375 0.71875 -0.00340887
0.3125 0.6875 0.0061571
0.3125 0.65625 -0.00969523
0.34375 0.65625 -0.0366656
0.34375 0.6875 -0.0205019
0.3125 0.6875 0.0061571
0.3125 0.65625 -0.00969523
0.3125 0.625 -0.0252341
0.34375 0.625 -0.0523859
0.34375 0.65625 -0.0366656
0.3125 0.65625 -0.00969523
0.34375 0.6875 -0.0205019
0.34375 0.65625 -0.0366656
0.375 0.65625 -0.0633985
0.375 0.6875 -0.0466447
0.34375 0.6875 -0.0205019
0.34375 0.65625 -0.0366656
0.34375 0.625 -0.0523859
0.375 0.625 -0.079409
0.375 0.65625 -0.0633985
0.34375 0.65625 -0.0366656
0.25 0.625 0.0295065
0.25 0.59375 0.0146215
0.28125 0.59375 -0.013024
0.28125 0.625 0.00201927
0.25 0.625 0.0295065
0.25 0.59375 0.0146215
0.25 0.5625 0.00012881
0.28125 0.5625 -0.0276586
0.28125 0.59375 -0.013024
0.25 0.59375 0.0146215
0.28125 0.625 0.00201927
0.28125 0.59375 -0.013024
0.3125 0.59375 -0.0404545
0.3125 0.625 -0.0252341
0.28125 0.625 0.00201927
0.28125 0.59375 -0.013024
0.28125 0.5625 -0.0276586
0.3125 0.5625 -0.0553096
0.3125 0.59375 -0.0404545
0.28125 0.59375 -0.013024
0.25 0.5625 0.00012881
0.25 0.53125 -0.0132366
0.28125 0.53125 -0.0415456
0.28125 0.5625 -0.0276586
0.25 0.5625 0.00012881
0.25 0.53125 -0.0132366
0.25 0.5 -0.0250526
0.28125 0.5 -0.0541173
0.28125 0.53125 -0.0415456
0.25 0.53125 -0.0132366
0.28125 0.5625 -0.0276586
0.28125 0.53125 -0.0415456
0.3125 0.53125 -0.0695919
0.3125 0.5625 -0.0553096
0.28125 0.5625 -0.0276586
0.28125 0.53125 -0.0415456
0.28125 0.5 -0.0541173
0.3125 0.5 -0.0828344
0.3125 0.53125 -0.0695919
0.28125 0.53125 -0.0415456
0.3125 0.625 -0.0252341
0.3125 0.59375 -0.0404545
0.34375 0.59375 -0.0677862
0.34375 0.625 -0.0523859
0.3125 0.625 -0.0252341
0.3125 0.59375 -0.0404545
0.3125 0.5625 -0.0553096
0.34375 0.5625 -0.0828416
0.34375 0.59375 -0.0677862
0.3125 0.59375 -0.0404545
0.34375 0.625 -0.0523859
0.34375 0.59375 -0.0677862
0.375 0.59375 -0.0950145
0.375 0.625 -0.079409
0.34375 0.625 -0.0523859
0.34375 0.59375 -0.0677862
0.34375 0.5625 -0.0828416
0.375 0.5625 -0.110268
0.375 0.59375 -0.0950145
0.34375 0.59375 -0.0677862
0.3125 0.5625 -0.0553096
0.3125 0.53125 -0.0695919
0.34375 0.53125 -0.097429
0.34375 0.5625 -0.0828416
0.3125 0.5625 -0.0553096
0.3125 0.53125 -0.0695919
0.3125 0.5 -0.0828344
0.34375 0.5 -0.11121
0.34375 0.53125 -0.097429
0.3125 0.53125 -0.0695919
0.34375 0.5625 -0.0828416
0.34375 0.53125 -0.097429
0.375 0.53125 -0.125115
0.375 0.5625 -0.110268
0.34375 0.5625 -0.0828416
0.34375 0.53125 -0.097429
0.34375 0.5 -0.11121
0.375 0.5 -0.139332
0.375 0.53125 -0.125115
0.34375 0.53125 -0.097429
0.375 0.75 -0.00723325
0.375 0.71875 -0.0283748
0.40625 0.71875 -0.0511474
0.40625 0.75 -0.0271501
0.375 0.75 -0.00723325
0.375 0.71875 -0.0283748
0.375 0.6875 -0.0466447
0.40625 0.6875 -0.0717639
0.40625 0.71875 -0.0511474
0.375 0.71875 -0.0283748
0.40625 0.75 -0.0271501
0.40625 0.71875 -0.0511474
0.4375 0.71875 -0.0672182
0.4375 0.75 -0.0379116
0.40625 0.75 -0.0271501
0.40625 0.71875 -0.0511474
0.40625 0.6875 -0.0717639
0.4375 0.6875 -0.0932125
0.4375 0.71875 -0.0672182
0.40625 0.71875 -0.0511474
0.375 0.6875 -0.0466447
0.375 0.65625 -0.0633985
0.40625 0.65625 -0.0896932
0.40625 0.6875 -0.0717639
0.375 0.6875 -0.0466447
0.375 0.65625 -0.0633985
0.375 0.625 -0.079409
0.40625 0.625 -0.106231
0.40625 0.65625 -0.0896932
0.375 0.65625 -0.0633985
0.40625 0.6875 -0.0717639
0.40625 0.65625 -0.0896932
0.4375 0.65625 -0.114646
0.4375 0.6875 -0.0932125
0.40625 0.6875 -0.0717639
0.40625 0.65625 -0.0896932
0.40625 0.625 -0.106231
0.4375 0.625 -0.132582
0.4375 0.65625 -0.114646
0.40625 0.65625 -0.0896932
0.4375 0.75 -0.0379116
0.4375 0.71875 -0.0672182
0.46875 0.71875 -0.065454
0.46875 0.75 -0.0354238
0.4375 0.75 -0.0379116
0.4375 0.71875 -0.0672182
0.4375 0.6875 -0.0932125
0.46875 0.6875 -0.0950493
0.46875 0.71875 -0.065454
0.4375 0.71875 -0.0672182
0.46875 0.75 -0.0354238
0.46875 0.71875 -0.065454
0.5 0.71875 -0.0549155
0.5 0.75 -0.0260594
0.46875 0.75 -0.0354238
0.46875 0.71875 -0.065454
0.46875 0.6875 -0.0950493
0.5 0.6875 -0.0834246
0.5 0.71875 -0.0549155
0.46875 0.71875 -0.065454
0.4375 0.6875 -0.0932125
0.4375 0.65625 -0.114646
0.46875 0.65625 -0.124205
0.46875 0.6875 -0.0950493
0.4375 0.6875 -0.0932125
0.4375 0.65625 -0.114646
0.4375 0.625 -0.132582
0.46875 0.625 -0.151901
0.46875 0.65625 -0.124205
0.4375 0.65625 -0.114646
0.46875 0.6875 -0.0950493
0.46875 0.65625 -0.124205
0.5 0.65625 -0.111658
0.5 0.6875 -0.0834246
0.46875 0.6875 -0.0950493
0.46875 0.65625 -0.124205
0.46875 0.625 -0.151901
0.5 0.625 -0.139638
0.5 0.65625 -0.111658
0.46875 0.65625 -0.124205
0.375 0.625 -0.079409
0.375 0.59375 -0.0950145
0.40625 0.59375 -0.122114
0.40625 0.625 -0.106231
0.375 0.625 -0.079409
0.375 0.59375 -0.0950145
0.375 0.5625 -0.110268
0.40625 0.5625 -0.137589
0.40625 0.59375 -0.122114
0.375 0.59375 -0.0950145
0.40625 0.625 -0.106231
0.40625 0.59375 -0.122114
0.4375 0.59375 -0.149004
0.4375 0.625 -0.132582
0.40625 0.625 -0.106231
0.40625 0.59375 -0.122114
0.40625 0.5625 -0.137589
0.4375 0.5625 -0.164796
0.4375 0.59375 -0.149004
0.40625 0.59375 -0.122114
0.375 0.5625 -0.110268
0.375 0.5 -0.139332
0.4375 0.5 -0.186532
0.4375 0.5625 -0.164796
0.375 0.5625 -0.110268
0.4375 0.625 -0.132582
0.4375 0.5625 -0.164796
0.5 0.5625 -0.195108
0.5 0.625 -0.139638
0.4375 0.625 -0.132582
0.4375 0.5625 -0.164796
0.4375 0.5 -0.186532
0.5 0.5 -0.230599
0.5 0.5625 -0.195108
0.4375 0.5625 -0.164796
0 0.5 0.221829
0 0.4375 0.214593
0.0625 0.4375 0.152093
0.0625 0.5 0.159402
0 0.5 0.221829
0 0.4375 0.214593
0 0.375 0.223467
0.0625 0.375 0.162736
0.0625 0.4375 0.152093
0 0.4375 0.214593
0.0625 0.5 0.159402
0.0625 0.4375 0.152093
0.125 0.4375 0.0896371
0.125 0.5 0.0969489
0.0625 0.5 0.159402
0.0625 0.4375 0.152093
0.0625 0.375 0.162736
0.125 0.375 0.103386
0.125 0.4375 0.0896371
0.0625 0.4375 0.152093
0 0.375 0.223467
0 0.3125 0.24376
0.0625 0.3125 0.186371
0.0625 0.375 0.162736
0 0.375 0.223467
0 0.3125 0.24376
0 0.25 0.272752
0.0625 0.25 0.219611
0.0625 0.3125 0.186371
0 0.3125 0.24376
0.0625 0.375 0.162736
0.0625 0.3125 0.186371
0.125 0.3125 0.132594
0.125 0.375 0.103386
0.0625 0.375 0.162736
0.0625 0.3125 0.186371
0.0625 0.25 0.219611
0.125 0.25 0.171897
0.125 0.3125 0.132594
0.0625 0.3125 0.186371
0.125 0.5 0.0969489
0.125 0.46875 0.0908237
0.15625 0.46875 0.0595643
0.15625 0.5 0.066101
0.125 0.5 0.0969489
0.125 0.46875 0.0908237
0.125 0.4375 0.0896371
0.15625 0.4375 0.0584303
0.15625 0.46875 0.0595643
0.125 0.46875 0.0908237
0.15625 0.5 0.066101
0.15625 0.46875 0.0595643
0.1875 0.46875 0.0283314
0.1875 0.5 0.0352969
0.15625 0.5 0.066101
0.15625 0.46875 0.0595643
0.15625 0.4375 0.0584303
0.1875 0.4375 0.0272225
0.1875 0.46875 0.0283314
0.15625 0.46875 0.0595643
0.125 0.4375 0.0896371
0.125 0.40625 0.0941951
0.15625 0.40625 0.0637361
0.15625 0.4375 0.0584303
0.125 0.4375 0.0896371
0.125 0.40625 0.0941951
0.125 0.375 0.103386
0.15625 0.375 0.0745248
0.15625 0.40625 0.0637361
0.125 0.40625 0.0941951
0.15625 0.4375 0.0584303
0.15625 0.40625 0.0637361
0.1875 0.40625 0.0337743
0.1875 0.4375 0.0272225
0.15625 0.4375 0.0584303
0.15625 0.40625 0.0637361
0.15625 0.375 0.0745248
0.1875 0.375 0.0464031
0.1875 0.40625 0.0337743
0.15625 0.40625 0.0637361
0.1875 0.5 0.0352969
0.1875 0.46875 0.0283314
0.21875 0.46875 -0.00286027
0.21875 0.5 0.00453172
0.1875 0.5 0.0352969
0.1875 0.46875 0.0283314
0.1875 0.4375 0.0272225
0.21875 0.4375 -0.00376474
0.21875 0.46875 -0.00286027
0.1875 0.46875 0.0283314
0.21875 0.5 0.00453172
0.21875 0.46875 -0.00286027
0.25 0.46875 -0.0335795
0.25 0.5 -0.0250526
0.21875 0.5 0.00453172
0.21875 0.46875 -0.00286027
0.21875 0.4375 -0.00376474
0.25 0.4375 -0.0327941
0.25 0.46875 -0.0335795
0.21875 0.46875 -0.00286027
0.1875 0.4375 0.0272225
0.1875 0.40625 0.0337743
0.21875 0.40625 0.00426177
0.21875 0.4375 -0.00376474
0.1875 0.4375 0.0272225
0.1875 0.40625 0.0337743
0.1875 0.375 0.0464031
0.21875 0.375 0.0194182
0.21875 0.40625 0.00426177
0.1875 0.40625 0.0337743
0.21875 0.4375 -0.00376474
0.21875 0.40625 0.00426177
0.25 0.40625 -0.0217812
0.25 0.4375 -0.0327941
0.21875 0.4375 -0.00376474
0.21875 0.40625 0.00426177
0.21875 0.375 0.0194182
0.25 0.375 -0.0052902
0.25 0.40625 -0.0217812
0.21875 0.40625 0.00426177
0.125 0.375 0.103386
0.125 0.34375 0.116417
0.15625 0.34375 0.0892688
0.15625 0.375 0.0745248
0.125 0.375 0.103386
0.125 0.34375 0.116417
0.125 0.3125 0.132594
0.15625 0.3125 0.107298
0.15625 0.34375 0.0892688
0.125 0.34375 0.116417
0.15625 0.375 0.0745248
0.15625 0.34375 0.0892688
0.1875 0.34375 0.0633235
0.1875 0.375 0.0464031
0.15625 0.375 0.0745248
0.15625 0.34375 0.0892688
0.15625 0.3125 0.107298
0.1875 0.3125 0.0834753
0.1875 0.34375 0.0633235
0.15625 0.34375 0.0892688
0.125 0.3125 0.132594
0.125 0.28125 0.15121
0.15625 0.28125 0.127611
0.15625 0.3125 0.107298
0.125 0.3125 0.132594
0.125 0.28125 0.15121
0.125 0.25 0.171897
0.15625 0.25 0.149904
0.15625 0.28125 0.127611
0.125 0.28125 0.15121
0.15625 0.3125 0.107298
0.15625 0.28125 0.127611
0.1875 0.28125 0.10567
0.1875 0.3125 0.0834753
0.15625 0.3125 0.107298
0.15625 0.28125 0.127611
0.15625 0.25 0.149904
0.1875 0.25 0.129462
0.1875 0.28125 0.10567
0.15625 0.28125 0.127611
0.1875 0.375 0.0464031
0.1875 0.34375 0.0633235
0.21875 0.34375 0.0388739
0.21875 0.375 0.0194182
0.1875 0.375 0.0464031
0.1875 0.34375 0.0633235
0.1875 0.3125 0.0834753
0.21875 0.3125 0.0613252
0.21875 0.34375 0.0388739
0.1875 0.34375 0.0633235
0.21875 0.375 0.0194182
0.21875 0.34375 0.0388739
0.25 0.34375 0.016909
0.25 0.375 -0.0052902
0.21875 0.375 0.0194182
0.21875 0.34375 0.0388739
0.21875 0.3125 0.0613252
0.25 0.3125 0.0413394
0.25 0.34375 0.016909
0.21875 0.34375 0.0388739
0.1875 0.3125 0.0834753
0.1875 0.28125 0.10567
0.21875 0.28125 0.0853711
0.21875 0.3125 0.0613252
0.1875 0.3125 0.0834753
0.1875 0.28125 0.10567
0.1875 0.25 0.129462
0.21875 0.25 0.110462
0.21875 0.28125 0.0853711
0.1875 0.28125 0.10567
0.21875 0.3125 0.0613252
0.21875 0.28125 0.0853711
0.25 0.28125 0.0667378
0.25 0.3125 0.0413394
0.21875 0.3125 0.0613252
0.21875 0.28125 0.0853711
0.21875 0.25 0.110462
0.25 0.25 0.0927333
0.25 0.28125 0.0667378
0.21875 0.28125 0.0853711
0 0.25 0.272752
0 0.1875 0.309448
0.0625 0.1875 0.260702
0.0625 0.25 0.219611
0 0.25 0.272752
0 0.1875 0.309448
0 0.125 0.350924
0.0625 0.125 0.306437
0.0625 0.1875 0.260702
0 0.1875 0.309448
0.0625 0.25 0.219611
0.0625 0.1875 0.260702
0.125 0.1875 0.218022
0.125 0.25 0.171897
0.0625 0.25 0.219611
0.0625 0.1875 0.260702
0.0625 0.125 0.306437
0.125 0.125 0.267539
0.125 0.1875 0.218022
0.0625 0.1875 0.260702
0 0.125 0.350924
0 0 0.449432
0.125 0 0.372514
0.125 0.125 0.267539
0 0.125 0.350924
0.125 0.25 0.171897
0.125 0.1875 0.218022
0.1875 0.1875 0.179858
0.1875 0.25 0.129462
0.125 0.25 0.171897
0.125 0.1875 0.218022
0.125 0.125 0.267539
0.1875 0.125 0.232165
0.1875 0.1875 0.179858
0.125 0.1875 0.218022
0.1875 0.25 0.129462
0.1875 0.1875 0.179858
0.25 0.1875 0.145761
0.25 0.25 0.0927333
0.1875 0.25 0.129462
0.1875 0.1875 0.179858
0.1875 0.125 0.232165
0.25 0.125 0.199616
0.25 0.1875 0.145761
0.1875 0.1875 0.179858
0.125 0.125 0.267539
0.125 0 0.372514
0.25 0 0.308938
0.25 0.125 0.199616
0.125 0.125 0.267539
0.25 0.5 -0.0250526
0.25 0.46875 -0.0335795
0.28125 0.46875 -0.0637534
0.28125 0.5 -0.0541173
0.25 0.5 -0.0250526
0.25 0.46875 -0.0335795
0.25 0.4375 -0.0327941
0.28125 0.4375 -0.0598845
0.28125 0.46875 -0.0637534
0.25 0.46875 -0.0335795
0.28125 0.5 -0.0541173
0.28125 0.46875 -0.0637534
0.3125 0.46875 -0.092812
0.3125 0.5 -0.0828344
0.28125 0.5 -0.0541173
0.28125 0.46875 -0.0637534
0.28125 0.4375 -0.0598845
0.3125 0.4375 -0.0848299
0.3125 0.46875 -0.092812
0.28125 0.46875 -0.0637534
0.25 0.4375 -0.0327941
0.25 0.40625 -0.0217812
0.28125 0.40625 -0.0455797
0.28125 0.4375 -0.0598845
0.25 0.4375 -0.0327941
0.25 0.40625 -0.0217812
0.25 0.375 -0.0052902
0.28125 0.375 -0.0255684
0.28125 0.40625 -0.0455797
0.25 0.40625 -0.0217812
0.28125 0.4375 -0.0598845
0.28125 0.40625 -0.0455797
0.3125 0.40625 -0.0671609
0.3125 0.4375 -0.0848299
0.28125 0.4375 -0.0598845
0.28125 0.40625 -0.0455797
0.28125 0.375 -0.0255684
0.3125 0.375 -0.0444629
0.3125 0.40625 -0.0671609
0.28125 0.40625 -0.0455797
0.3125 0.5 -0.0828344
0.3125 0.46875 -0.092812
0.34375 0.46875 -0.120082
0.34375 0.5 -0.11121
0.3125 0.5 -0.0828344
0.3125 0.46875 -0.092812
0.3125 0.4375 -0.0848299
0.34375 0.4375 -0.107477
0.34375 0.46875 -0.120082
0.3125 0.46875 -0.092812
0.34375 0.5 -0.11121
0.34375 0.46875 -0.120082
0.375 0.46875 -0.144985
0.375 0.5 -0.139332
0.34375 0.5 -0.11121
0.34375 0.46875 -0.120082
0.34375 0.4375 -0.107477
0.375 0.4375 -0.127824
0.375 0.46875 -0.144985
0.34375 0.46875 -0.120082
0.3125 0.4375 -0.0848299
0.3125 0.40625 -0.0671609
0.34375 0.40625 -0.0865457
0.34375 0.4375 -0.107477
0.3125 0.4375 -0.0848299
0.3125 0.40625 -0.0671609
0.3125 0.375 -0.0444629
0.34375 0.375 -0.0620715
0.34375 0.40625 -0.0865457
0.3125 0.40625 -0.0671609
0.34375 0.4375 -0.107477
0.34375 0.40625 -0.0865457
0.375 0.40625 -0.104302
0.375 0.4375 -0.127824
0.34375 0.4375 -0.107477
0.34375 0.40625 -0.0865457
0.34375 0.375 -0.0620715
0.375 0.375 -0.0786065
0.375 0.40625 -0.104302
0.34375 0.40625 -0.0865457
0.25 0.375 -0.0052902
0.25 0.34375 0.016909
0.28125 0.34375 -0.0026006
0.28125 0.375 -0.0255684
0.25 0.375 -0.0052902
0.25 0.34375 0.016909
0.25 0.3125 0.0413394
0.28125 0.3125 0.0231478
0.28125 0.34375 -0.0026006
0.25 0.34375 0.016909
0.28125 0.375 -0.0255684
0.28125 0.34375 -0.0026006
0.3125 0.34375 -0.0199326
0.3125 0.375 -0.0444629
0.28125 0.375 -0.0255684
0.28125 0.34375 -0.0026006
0.28125 0.3125 0.0231478
0.3125 0.3125 0.0062985
0.3125 0.34375 -0.0199326
0.28125 0.34375 -0.0026006
0.25 0.3125 0.0413394
0.25 0.28125 0.0667378
0.28125 0.28125 0.0494379
0.28125 0.3125 0.0231478
0.25 0.3125 0.0413394
0.25 0.28125 0.0667378
0.25 0.25 0.0927333
0.28125 0.25 0.0760429
0.28125 0.28125 0.0494379
0.25 0.28125 0.0667378
0.28125 0.3125 0.0231478
0.28125 0.28125 0.0494379
0.3125 0.28125 0.0330951
0.3125 0.3125 0.0062985
0.28125 0.3125 0.0231478
0.28125 0.28125 0.0494379
0.28125 0.25 0.0760429
0.3125 0.25 0.060058
0.3125 0.28125 0.0330951
0.28125 0.28125 0.0494379
0.3125 0.375 -0.0444629
0.3125 0.34375 -0.0199326
0.34375 0.34375 -0.0362424
0.34375 0.375 -0.0620715
0.3125 0.375 -0.0444629
0.3125 0.34375 -0.0199326
0.3125 0.3125 0.0062985
0.34375 0.3125 -0.00970161
0.34375 0.34375 -0.0362424
0.3125 0.34375 -0.0199326
0.34375 0.375 -0.0620715
0.34375 0.34375 -0.0362424
0.375 0.34375 -0.0520871
0.375 0.375 -0.0786065
0.34375 0.375 -0.0620715
0.34375 0.34375 -0.0362424
0.34375 0.3125 -0.00970161
0.375 0.3125 -0.0251464
0.375 0.34375 -0.0520871
0.34375 0.34375 -0.0362424
0.3125 0.3125 0.0062985
0.3125 0.28125 0.0330951
0.34375 0.28125 0.0173565
0.34375 0.3125 -0.00970161
0.3125 0.3125 0.0062985
0.3125 0.28125 0.0330951
0.3125 0.25 0.060058
0.34375 0.25 0.0445418
0.34375 0.28125 0.0173565
0.3125 0.28125 0.0330951
0.34375 0.3125 -0.00970161
0.34375 0.28125 0.0173565
0.375 0.28125 0.00201748
0.375 0.3125 -0.0251464
0.34375 0.3125 -0.00970161
0.34375 0.28125 0.0173565
0.34375 0.25 0.0445418
0.375 0.25 0.0293751
0.375 0.28125 0.00201748
0.34375 0.28125 0.0173565
0.375 0.5 -0.139332
0.375 0.4375 -0.127824
0.4375 0.4375 -0.163027
0.4375 0.5 -0.186532
0.375 0.5 -0.139332
0.375 0.4375 -0.127824
0.375 0.40625 -0.104302
0.40625 0.40625 -0.120935
0.40625 0.4375 -0.146122
0.375 0.4375 -0.127824
0.375 0.40625 -0.104302
0.375 0.375 -0.0786065
0.40625 0.375 -0.0944665
0.40625 0.40625 -0.120935
0.375 0.40625 -0.104302
0.40625 0.4375 -0.146122
0.40625 0.40625 -0.120935
0.4375 0.40625 -0.13681
0.4375 0.4375 -0.163027
0.40625 0.4375 -0.146122
0.40625 0.40625 -0.120935
0.40625 0.375 -0.0944665
0.4375 0.375 -0.109838
0.4375 0.40625 -0.13681
0.40625 0.40625 -0.120935
0.4375 0.5 -0.186532
0.4375 0.4375 -0.163027
0.5 0.4375 -0.193657
0.5 0.5 -0.230599
0.4375 0.5 -0.186532
0.4375 0.4375 -0.163027
0.4375 0.375 -0.109838
0.5 0.375 -0.138771
0.5 0.4375 -0.193657
0.4375 0.4375 -0.163027
0.375 0.375 -0.0786065
0.375 0.34375 -0.0520871
0.40625 0.34375 -0.0675395
0.40625 0.375 -0.0944665
0.375 0.375 -0.0786065
0.375 0.34375 -0.0520871
0.375 0.3125 -0.0251464
0.40625 0.3125 -0.0403233
0.40625 0.34375 -0.0675395
0.375 0.34375 -0.0520871
0.40625 0.375 -0.0944665
0.40625 0.34375 -0.0675395
0.4375 0.34375 -0.0825891
0.4375 0.375 -0.109838
0.40625 0.375 -0.0944665
0.40625 0.34375 -0.0675395
0.40625 0.3125 -0.0403233
0.4375 0.3125 -0.0551452
0.4375 0.34375 -0.0825891
0.40625 0.34375 -0.0675395
0.375 0.3125 -0.0251464
0.375 0.28125 0.00201748
0.40625 0.28125 -0.01299
0.40625 0.3125 -0.0403233
0.375 0.3125 -0.0251464
0.375 0.28125 0.00201748
0.375 0.25 0.0293751
0.40625 0.25 0.0145272
0.40625 0.28125 -0.01299
0.375 0.28125 0.00201748
0.40625 0.3125 -0.0403233
0.40625 0.28125 -0.01299
0.4375 0.28125 -0.0275929
0.4375 0.3125 -0.0551452
0.40625 0.3125 -0.0403233
0.40625 0.28125 -0.01299
0.40625 0.25 0.0145272
0.4375 0.25 8.12474e-005
0.4375 0.28125 -0.0275929
0.40625 0.28125 -0.01299
0.4375 0.375 -0.109838
0.4375 0.34375 -0.0825891
0.46875 0.34375 -0.0971126
0.46875 0.375 -0.124675
0.4375 0.375 -0.109838
0.4375 0.34375 -0.0825891
0.4375 0.3125 -0.0551452
0.46875 0.3125 -0.0693849
0.46875 0.34375 -0.0971126
0.4375 0.34375 -0.0825891
0.46875 0.375 -0.124675
0.46875 0.34375 -0.0971126
0.5 0.34375 -0.110807
0.5 0.375 -0.138771
0.46875 0.375 -0.124675
0.46875 0.34375 -0.0971126
0.46875 0.3125 -0.0693849
0.5 0.3125 -0.0826252
0.5 0.34375 -0.110807
0.46875 0.34375 -0.0971126
0.4375 0.3125 -0.0551452
0.4375 0.28125 -0.0275929
0.46875 0.28125 -0.0414989
0.46875 0.3125 -0.0693849
0.4375 0.3125 -0.0551452
0.4375 0.28125 -0.0275929
0.4375 0.25 8.12474e-005
0.46875 0.25 -0.013433
0.46875 0.28125 -0.0414989
0.4375 0.28125 -0.0275929
0.46875 0.3125 -0.0693849
0.46875 0.28125 -0.0414989
0.5 0.28125 -0.0542104
0.5 0.3125 -0.0826252
0.46875 0.3125 -0.0693849
0.46875 0.28125 -0.0414989
0.46875 0.25 -0.013433
0.5 0.25 -0.0255326
0.5 0.28125 -0.0542104
0.46875 0.28125 -0.0414989
0.25 0.25 0.0927333
0.25 0.21875 0.119107
0.28125 0.21875 0.102856
0.28125 0.25 0.0760429
0.25 0.25 0.0927333
0.25 0.21875 0.119107
0.25 0.1875 0.145761
0.28125 0.1875 0.129831
0.28125 0.21875 0.102856
0.25 0.21875 0.119107
0.28125 0.25 0.0760429
0.28125 0.21875 0.102856
0.3125 0.21875 0.0871444
0.3125 0.25 0.060058
0.28125 0.25 0.0760429
0.28125 0.21875 0.102856
0.28125 0.1875 0.129831
0.3125 0.1875 0.114339
0.3125 0.21875 0.0871444
0.28125 0.21875 0.102856
0.25 0.1875 0.145761
0.25 0.125 0.199616
0.3125 0.125 0.169038
0.3125 0.1875 0.114339
0.25 0.1875 0.145761
0.3125 0.25 0.060058
0.3125 0.21875 0.0871444
0.34375 0.21875 0.0718236
0.34375 0.25 0.0445418
0.3125 0.25 0.060058
0.3125 0.21875 0.0871444
0.3125 0.1875 0.114339
0.34375 0.1875 0.099208
0.34375 0.21875 0.0718236
0.3125 0.21875 0.0871444
0.34375 0.25 0.0445418
0.34375 0.21875 0.0718236
0.375 0.21875 0.0568388
0.375 0.25 0.0293751
0.34375 0.25 0.0445418
0.34375 0.21875 0.0718236
0.34375 0.1875 0.099208
0.375 0.1875 0.0844188
0.375 0.21875 0.0568388
0.34375 0.21875 0.0718236
0.3125 0.1875 0.114339
0.3125 0.15625 0.141635
0.34375 0.15625 0.126701
0.34375 0.1875 0.099208
0.3125 0.1875 0.114339
0.3125 0.15625 0.141635
0.3125 0.125 0.169038
0.34375 0.125 0.154309
0.34375 0.15625 0.126701
0.3125 0.15625 0.141635
0.34375 0.1875 0.099208
0.34375 0.15625 0.126701
0.375 0.15625 0.11213
0.375 0.1875 0.0844188
0.34375 0.1875 0.099208
0.34375 0.15625 0.126701
0.34375 0.125 0.154309
0.375 0.125 0.139991
0.375 0.15625 0.11213
0.34375 0.15625 0.126701
0.25 0.125 0.199616
0.25 0.0625 0.253914
0.3125 0.0625 0.224245
0.3125 0.125 0.169038
0.25 0.125 0.199616
0.25 0.0625 0.253914
0.25 0 0.308938
0.3125 0 0.280359
0.3125 0.0625 0.224245
0.25 0.0625 0.253914
0.3125 0.125 0.169038
0.3125 0.0625 0.224245
0.375 0.0625 0.196347
0.375 0.125 0.139991
0.3125 0.125 0.169038
0.3125 0.0625 0.224245
0.3125 0 0.280359
0.375 0 0.253901
0.375 0.0625 0.196347
0.3125 0.0625 0.224245
0.375 0.25 0.0293751
0.375 0.21875 0.0568388
0.40625 0.21875 0.0422006
0.40625 0.25 0.0145272
0.375 0.25 0.0293751
0.375 0.21875 0.0568388
0.375 0.1875 0.0844188
0.40625 0.1875 0.0700423
0.40625 0.21875 0.0422006
0.375 0.21875 0.0568388
0.40625 0.25 0.0145272
0.40625 0.21875 0.0422006
0.4375 0.21875 0.0281048
0.4375 0.25 8.12474e-005
0.40625 0.25 0.0145272
0.40625 0.21875 0.0422006
0.40625 0.1875 0.0700423
0.4375 0.1875 0.0563698
0.4375 0.21875 0.0281048
0.40625 0.21875 0.0422006
0.375 0.1875 0.0844188
0.375 0.15625 0.11213
0.40625 0.15625 0.0980717
0.40625 0.1875 0.0700423
0.375 0.1875 0.0844188
0.375 0.15625 0.11213
0.375 0.125 0.139991
0.40625 0.125 0.126306
0.40625 0.15625 0.0980717
0.375 0.15625 0.11213
0.40625 0.1875 0.0700423
0.40625 0.15625 0.0980717
0.4375 0.15625 0.084887
0.4375 0.1875 0.0563698
0.40625 0.1875 0.0700423
0.40625 0.15625 0.0980717
0.40625 0.125 0.126306
0.4375 0.125 0.113657
0.4375 0.15625 0.084887
0.40625 0.15625 0.0980717
0.4375 0.25 8.12474e-005
0.4375 0.21875 0.0281048
0.46875 0.21875 0.0150345
0.46875 0.25 -0.013433
0.4375 0.25 8.12474e-005
0.4375 0.21875 0.0281048
0.4375 0.1875 0.0563698
0.46875 0.1875 0.0439053
0.46875 0.21875 0.0150345
0.4375 0.21875 0.0281048
0.46875 0.25 -0.013433
0.46875 0.21875 0.0150345
0.5 0.21875 0.00348635
0.5 0.25 -0.0255326
0.46875 0.25 -0.013433
0.46875 0.21875 0.0150345
0.46875 0.1875 0.0439053
0.5 0.1875 0.0332506
0.5 0.21875 0.00348635
0.46875 0.21875 0.0150345
0.4375 0.1875 0.0563698
0.4375 0.15625 0.084887
0.46875 0.15625 0.0730981
0.46875 0.1875 0.0439053
0.4375 0.1875 0.0563698
0.4375 0.15625 0.084887
0.4375 0.125 0.113657
0.46875 0.125 0.102549
0.46875 0.15625 0.0730981
0.4375 0.15625 0.084887
0.46875 0.1875 0.0439053
0.46875 0.15625 0.0730981
0.5 0.15625 0.0633161
0.5 0.1875 0.0332506
0.46875 0.1875 0.0439053
0.46875 0.15625 0.0730981
0.46875 0.125 0.102549
0.5 0.125 0.0935774
0.5 0.15625 0.0633161
0.46875 0.15625 0.0730981
0.375 0.125 0.139991
0.375 0.0625 0.196347
0.4375 0.0625 0.172018
0.4375 0.125 0.113657
0.375 0.125 0.139991
0.375 0.0625 0.196347
0.375 0 0.253901
0.4375 0 0.231618
0.4375 0.0625 0.172018
0.375 0.0625 0.196347
0.4375 0.125 0.113657
0.4375 0.0625 0.172018
0.5 0.0625 0.154642
0.5 0.125 0.0935774
0.4375 0.125 0.113657
0.4375 0.0625 0.172018
0.4375 0 0.231618
0.5 0 0.21631
0.5 0.0625 0.154642
0.4375 0.0625 0.172018
0.5 1 0.216683
0.5 0.9375 0.155076
0.5625 0.9375 0.173291
0.5625 1 0.232757
0.5 1 0.216683
0.5 0.9375 0.155076
0.5 0.875 0.0938636
0.5625 0.875 0.114292
0.5625 0.9375 0.173291
0.5 0.9375 0.155076
0.5625 1 0.232757
0.5625 0.9375 0.173291
0.625 0.9375 0.197664
0.625 1 0.255235
0.5625 1 0.232757
0.5625 0.9375 0.173291
0.5625 0.875 0.114292
0.625 0.875 0.140582
0.625 0.9375 0.197664
0.5625 0.9375 0.173291
0.5 0.875 0.0938636
0.5 0.84375 0.0634573
0.53125 0.84375 0.0733411
0.53125 0.875 0.103001
0.5 0.875 0.0938636
0.5 0.84375 0.0634573
0.5 0.8125 0.0332209
0.53125 0.8125 0.0439359
0.53125 0.84375 0.0733411
0.5 0.84375 0.0634573
0.53125 0.875 0.103001
0.53125 0.84375 0.0733411
0.5625 0.84375 0.0853008
0.5625 0.875 0.114292
0.53125 0.875 0.103001
0.53125 0.84375 0.0733411
0.53125 0.8125 0.0439359
0.5625 0.8125 0.0565664
0.5625 0.84375 0.0853008
0.53125 0.84375 0.0733411
0.5 0.8125 0.0332209
0.5 0.78125 0.00319431
0.53125 0.78125 0.0148096
0.53125 0.8125 0.0439359
0.5 0.8125 0.0332209
0.5 0.78125 0.00319431
0.5 0.75 -0.0260594
0.53125 0.75 -0.0137909
0.53125 0.78125 0.0148096
0.5 0.78125 0.00319431
0.53125 0.8125 0.0439359
0.53125 0.78125 0.0148096
0.5625 0.78125 0.0280928
0.5625 0.8125 0.0565664
0.53125 0.8125 0.0439359
0.53125 0.78125 0.0148096
0.53125 0.75 -0.0137909
0.5625 0.75 -0.000116528
0.5625 0.78125 0.0280928
0.53125 0.78125 0.0148096
0.5625 0.875 0.114292
0.5625 0.84375 0.0853008
0.59375 0.84375 0.0984968
0.59375 0.875 0.12696
0.5625 0.875 0.114292
0.5625 0.84375 0.0853008
0.5625 0.8125 0.0565664
0.59375 0.8125 0.0702557
0.59375 0.84375 0.0984968
0.5625 0.84375 0.0853008
0.59375 0.875 0.12696
0.59375 0.84375 0.0984968
0.625 0.84375 0.112523
0.625 0.875 0.140582
0.59375 0.875 0.12696
0.59375 0.84375 0.0984968
0.59375 0.8125 0.0702557
0.625 0.8125 0.0846475
0.625 0.84375 0.112523
0.59375 0.84375 0.0984968
0.5625 0.8125 0.0565664
0.5625 0.78125 0.0280928
0.59375 0.78125 0.042239
0.59375 0.8125 0.0702557
0.5625 0.8125 0.0565664
0.5625 0.78125 0.0280928
0.5625 0.75 -0.000116528
0.59375 0.75 0.01442
0.59375 0.78125 0.042239
0.5625 0.78125 0.0280928
0.59375 0.8125 0.0702557
0.59375 0.78125 0.042239
0.625 0.78125 0.0569473
0.625 0.8125 0.0846475
0.59375 0.8125 0.0702557
0.59375 0.78125 0.042239
0.59375 0.75 0.01442
0.625 0.75 0.0294076
0.625 0.78125 0.0569473
0.59375 0.78125 0.042239
0.625 1 0.255235
0.625 0.9375 0.197664
0.6875 0.9375 0.225317
0.6875 1 0.281481
0.625 1 0.255235
0.625 0.9375 0.197664
0.625 0.875 0.140582
0.6875 0.875 0.169597
0.6875 0.9375 0.225317
0.625 0.9375 0.197664
0.6875 1 0.281481
0.6875 0.9375 0.225317
0.75 0.9375 0.25518
0.75 1 0.310107
0.6875 1 0.281481
0.6875 0.9375 0.225317
0.6875 0.875 0.169597
0.75 0.875 0.200659
0.75 0.9375 0.25518
0.6875 0.9375 0.225317
0.625 0.875 0.140582
0.625 0.84375 0.112523
0.65625 0.84375 0.127096
0.65625 0.875 0.154856
0.625 0.875 0.140582
0.625 0.84375 0.112523
0.625 0.8125 0.0846475
0.65625 0.8125 0.0994938
0.65625 0.84375 0.127096
0.625 0.84375 0.112523
0.65625 0.875 0.154856
0.65625 0.84375 0.127096
0.6875 0.84375 0.142097
0.6875 0.875 0.169597
0.65625 0.875 0.154856
0.65625 0.84375 0.127096
0.65625 0.8125 0.0994938
0.6875 0.8125 0.114736
0.6875 0.84375 0.142097
0.65625 0.84375 0.127096
0.625 0.8125 0.0846475
0.625 0.78125 0.0569473
0.65625 0.78125 0.0720324
0.65625 0.8125 0.0994938
0.625 0.8125 0.0846475
0.625 0.78125 0.0569473
0.625 0.75 0.0294076
0.65625 0.75 0.0447145
0.65625 0.78125 0.0720324
0.625 0.78125 0.0569473
0.65625 0.8125 0.0994938
0.65625 0.78125 0.0720324
0.6875 0.78125 0.0875021
0.6875 0.8125 0.114736
0.65625 0.8125 0.0994938
0.65625 0.78125 0.0720324
0.65625 0.75 0.0447145
0.6875 0.75 0.0603983
0.6875 0.78125 0.0875021
0.65625 0.78125 0.0720324
0.6875 0.875 0.169597
0.6875 0.8125 0.114736
0.75 0.8125 0.146757
0.75 0.875 0.200659
0.6875 0.875 0.169597
0.6875 0.8125 0.114736
0.6875 0.78125 0.0875021
0.71875 0.78125 0.103453
0.71875 0.8125 0.130423
0.6875 0.8125 0.114736
0.6875 0.78125 0.0875021
0.6875 0.75 0.0603983
0.71875 0.75 0.0766414
0.71875 0.78125 0.103453
0.6875 0.78125 0.0875021
0.71875 0.8125 0.130423
0.71875 0.78125 0.103453
0.75 0.78125 0.120175
0.75 0.8125 0.146757
0.71875 0.8125 0.130423
0.71875 0.78125 0.103453
0.71875 0.75 0.0766414
0.75 0.75 0.0939052
0.75 0.78125 0.120175
0.71875 0.78125 0.103453
0.5 0.75 -0.0260594
0.5 0.71875 -0.0549155
0.53125 0.71875 -0.0419439
0.53125 0.75 -0.0137909
0.5 0.75 -0.0260594
0.5 0.71875 -0.0549155
0.5 0.6875 -0.0834246
0.53125 0.6875 -0.0698777
0.53125 0.71875 -0.0419439
0.5 0.71875 -0.0549155
0.53125 0.75 -0.0137909
0.53125 0.71875 -0.0419439
0.5625 0.71875 -0.0278418
0.5625 0.75 -0.000116528
0.53125 0.75 -0.0137909
0.53125 0.71875 -0.0419439
0.53125 0.6875 -0.0698777
0.5625 0.6875 -0.0554483
0.5625 0.71875 -0.0278418
0.53125 0.71875 -0.0419439
0.5 0.6875 -0.0834246
0.5 0.65625 -0.111658
0.53125 0.65625 -0.0976455
0.53125 0.6875 -0.0698777
0.5 0.6875 -0.0834246
0.5 0.65625 -0.111658
0.5 0.625 -0.139638
0.53125 0.625 -0.125265
0.53125 0.65625 -0.0976455
0.5 0.65625 -0.111658
0.53125 0.6875 -0.0698777
0.53125 0.65625 -0.0976455
0.5625 0.65625 -0.0829424
0.5625 0.6875 -0.0554483
0.53125 0.6875 -0.0698777
0.53125 0.65625 -0.0976455
0.53125 0.625 -0.125265
0.5625 0.625 -0.110323
0.5625 0.65625 -0.0829424
0.53125 0.65625 -0.0976455
0.5625 0.75 -0.000116528
0.5625 0.71875 -0.0278418
0.59375 0.71875 -0.0131142
0.59375 0.75 0.01442
0.5625 0.75 -0.000116528
0.5625 0.71875 -0.0278418
0.5625 0.6875 -0.0554483
0.59375 0.6875 -0.0405114
0.59375 0.71875 -0.0131142
0.5625 0.71875 -0.0278418
0.59375 0.75 0.01442
0.59375 0.71875 -0.0131142
0.625 0.71875 0.00200536
0.625 0.75 0.0294076
0.59375 0.75 0.01442
0.59375 0.71875 -0.0131142
0.59375 0.6875 -0.0405114
0.625 0.6875 -0.0251996
0.625 0.71875 0.00200536
0.59375 0.71875 -0.0131142
0.5625 0.6875 -0.0554483
0.5625 0.65625 -0.0829424
0.59375 0.65625 -0.0677963
0.59375 0.6875 -0.0405114
0.5625 0.6875 -0.0554483
0.5625 0.65625 -0.0829424
0.5625 0.625 -0.110323
0.59375 0.625 -0.0949542
0.59375 0.65625 -0.0677963
0.5625 0.65625 -0.0829424
0.59375 0.6875 -0.0405114
0.59375 0.65625 -0.0677963
0.625 0.65625 -0.0522735
0.625 0.6875 -0.0251996
0.59375 0.6875 -0.0405114
0.59375 0.65625 -0.0677963
0.59375 0.625 -0.0949542
0.625 0.625 -0.0791796
0.625 0.65625 -0.0522735
0.59375 0.65625 -0.0677963
0.5 0.625 -0.139638
0.5 0.5625 -0.195108
0.5625 0.5625 -0.164664
0.5625 0.625 -0.110323
0.5 0.625 -0.139638
0.5 0.5625 -0.195108
0.5 0.5 -0.230599
0.5625 0.5 -0.192718
0.5625 0.5625 -0.164664
0.5 0.5625 -0.195108
0.5625 0.625 -0.110323
0.5625 0.59375 -0.137579
0.59375 0.59375 -0.121951
0.59375 0.625 -0.0949542
0.5625 0.625 -0.110323
0.5625 0.59375 -0.137579
0.5625 0.5625 -0.164664
0.59375 0.5625 -0.148674
0.59375 0.59375 -0.121951
0.5625 0.59375 -0.137579
0.59375 0.625 -0.0949542
0.59375 0.59375 -0.121951
0.625 0.59375 -0.105815
0.625 0.625 -0.0791796
0.59375 0.625 -0.0949542
0.59375 0.59375 -0.121951
0.59375 0.5625 -0.148674
0.625 0.5625 -0.131815
0.625 0.59375 -0.105815
0.59375 0.59375 -0.121951
0.5625 0.5625 -0.164664
0.5625 0.5 -0.192718
0.625 0.5 -0.13794
0.625 0.5625 -0.131815
0.5625 0.5625 -0.164664
0.625 0.75 0.0294076
0.625 0.71875 0.00200536
0.65625 0.71875 0.0175056
0.65625 0.75 0.0447145
0.625 0.75 0.0294076
0.625 0.71875 0.00200536
0.625 0.6875 -0.0251996
0.65625 0.6875 -0.00953125
0.65625 0.71875 0.0175056
0.625 0.71875 0.00200536
0.65625 0.75 0.0447145
0.65625 0.71875 0.0175056
0.6875 0.71875 0.0334179
0.6875 0.75 0.0603983
0.65625 0.75 0.0447145
0.65625 0.71875 0.0175056
0.65625 0.6875 -0.00953125
0.6875 0.6875 0.00657609
0.6875 0.71875 0.0334179
0.65625 0.71875 0.0175056
0.625 0.6875 -0.0251996
0.625 0.65625 -0.0522735
0.65625 0.65625 -0.0363567
0.65625 0.6875 -0.00953125
0.625 0.6875 -0.0251996
0.625 0.65625 -0.0522735
0.625 0.625 -0.0791796
0.65625 0.625 -0.0628788
0.65625 0.65625 -0.0363567
0.625 0.65625 -0.0522735
0.65625 0.6875 -0.00953125
0.65625 0.65625 -0.0363567
0.6875 0.65625 -0.0198606
0.6875 0.6875 0.00657609
0.65625 0.6875 -0.00953125
0.65625 0.65625 -0.0363567
0.65625 0.625 -0.0628788
0.6875 0.625 -0.045637
0.6875 0.65625 -0.0198606
0.65625 0.65625 -0.0363567
0.6875 0.75 0.0603983
0.6875 0.71875 0.0334179
0.71875 0.71875 0.0500236
0.71875 0.75 0.0766414
0.6875 0.75 0.0603983
0.6875 0.71875 0.0334179
0.6875 0.6875 0.00657609
0.71875 0.6875 0.0236487
0.71875 0.71875 0.0500236
0.6875 0.71875 0.0334179
0.71875 0.75 0.0766414
0.71875 0.71875 0.0500236
0.75 0.71875 0.0679949
0.75 0.75 0.0939052
0.71875 0.75 0.0766414
0.71875 0.71875 0.0500236
0.71875 0.6875 0.0236487
0.75 0.6875 0.0426569
0.75 0.71875 0.0679949
0.71875 0.71875 0.0500236
0.6875 0.6875 0.00657609
0.6875 0.65625 -0.0198606
0.71875 0.65625 -0.00231243
0.71875 0.6875 0.0236487
0.6875 0.6875 0.00657609
0.6875 0.65625 -0.0198606
0.6875 0.625 -0.045637
0.71875 0.625 -0.0265938
0.71875 0.65625 -0.00231243
0.6875 0.65625 -0.0198606
0.71875 0.6875 0.0236487
0.71875 0.65625 -0.00231243
0.75 0.65625 0.0181856
0.75 0.6875 0.0426569
0.71875 0.6875 0.0236487
0.71875 0.65625 -0.00231243
0.71875 0.625 -0.0265938
0.75 0.625 -0.00430204
0.75 0.65625 0.0181856
0.71875 0.65625 -0.00231243
0.625 0.625 -0.0791796
0.625 0.59375 -0.105815
0.65625 0.59375 -0.0888098
0.65625 0.625 -0.0628788
0.625 0.625 -0.0791796
0.625 0.59375 -0.105815
0.625 0.5625 -0.131815
0.65625 0.5625 -0.113044
0.65625 0.59375 -0.0888098
0.625 0.59375 -0.105815
0.65625 0.625 -0.0628788
0.65625 0.59375 -0.0888098
0.6875 0.59375 -0.0700521
0.6875 0.625 -0.045637
0.65625 0.625 -0.0628788
0.65625 0.59375 -0.0888098
0.65625 0.5625 -0.113044
0.6875 0.5625 -0.0903386
0.6875 0.59375 -0.0700521
0.65625 0.59375 -0.0888098
0.625 0.5625 -0.131815
0.625 0.53125 -0.149264
0.65625 0.53125 -0.120704
0.65625 0.5625 -0.113044
0.625 0.5625 -0.131815
0.625 0.53125 -0.149264
0.625 0.5 -0.13794
0.65625 0.5 -0.10996
0.65625 0.53125 -0.120704
0.625 0.53125 -0.149264
0.65625 0.5625 -0.113044
0.65625 0.53125 -0.120704
0.6875 0.53125 -0.0917045
0.6875 0.5625 -0.0903386
0.65625 0.5625 -0.113044
0.65625 0.53125 -0.120704
0.65625 0.5 -0.10996
0.6875 0.5 -0.081794
0.6875 0.53125 -0.0917045
0.65625 0.53125 -0.120704
0.6875 0.625 -0.045637
0.6875 0.59375 -0.0700521
0.71875 0.59375 -0.0481363
0.71875 0.625 -0.0265938
0.6875 0.625 -0.045637
0.6875 0.59375 -0.0700521
0.6875 0.5625 -0.0903386
0.71875 0.5625 -0.0636475
0.71875 0.59375 -0.0481363
0.6875 0.59375 -0.0700521
0.71875 0.625 -0.0265938
0.71875 0.59375 -0.0481363
0.75 0.59375 -0.0229293
0.75 0.625 -0.00430204
0.71875 0.625 -0.0265938
0.71875 0.59375 -0.0481363
0.71875 0.5625 -0.0636475
0.75 0.5625 -0.0343615
0.75 0.59375 -0.0229293
0.71875 0.59375 -0.0481363
0.6875 0.5625 -0.0903386
0.6875 0.53125 -0.0917045
0.71875 0.53125 -0.0624428
0.71875 0.5625 -0.0636475
0.6875 0.5625 -0.0903386
0.6875 0.53125 -0.0917045
0.6875 0.5 -0.081794
0.71875 0.5 -0.053436
0.71875 0.53125 -0.0624428
0.6875 0.53125 -0.0917045
0.71875 0.5625 -0.0636475
0.71875 0.53125 -0.0624428
0.75 0.53125 -0.0329139
0.75 0.5625 -0.0343615
0.71875 0.5625 -0.0636475
0.71875 0.53125 -0.0624428
0.71875 0.5 -0.053436
0.75 0.5 -0.0248715
0.75 0.53125 -0.0329139
0.71875 0.53125 -0.0624428
0.75 1 0.310107
0.75 0.875 0.200659
0.875 0.875 0.273421
0.875 1 0.37595
0.75 1 0.310107
0.75 0.875 0.200659
0.75 0.8125 0.146757
0.8125 0.8125 0.183056
0.8125 0.875 0.234814
0.75 0.875 0.200659
0.75 0.8125 0.146757
0.75 0.75 0.0939052
0.8125 0.75 0.133154
0.8125 0.8125 0.183056
0.75 0.8125 0.146757
0.8125 0.875 0.234814
0.8125 0.8125 0.183056
0.875 0.8125 0.225206
0.875 0.875 0.273421
0.8125 0.875 0.234814
0.8125 0.8125 0.183056
0.8125 0.75 0.133154
0.875 0.75 0.180214
0.875 0.8125 0.225206
0.8125 0.8125 0.183056
0.875 1 0.37595
0.875 0.875 0.273421
1 0.875 0.370401
1 1 0.461513
0.875 1 0.37595
0.875 0.875 0.273421
0.875 0.75 0.180214
1 0.75 0.287431
1 0.875 0.370401
0.875 0.875 0.273421
0.75 0.75 0.0939052
0.75 0.71875 0.0679949
0.78125 0.71875 0.0879017
0.78125 0.75 0.112632
0.75 0.75 0.0939052
0.75 0.71875 0.0679949
0.75 0.6875 0.0426569
0.78125 0.6875 0.0641351
0.78125 0.71875 0.0879017
0.75 0.71875 0.0679949
0.78125 0.75 0.112632
0.78125 0.71875 0.0879017
0.8125 0.71875 0.109821
0.8125 0.75 0.133154
0.78125 0.75 0.112632
0.78125 0.71875 0.0879017
0.78125 0.6875 0.0641351
0.8125 0.6875 0.0878548
0.8125 0.71875 0.109821
0.78125 0.71875 0.0879017
0.75 0.6875 0.0426569
0.75 0.65625 0.0181856
0.78125 0.65625 0.0418343
0.78125 0.6875 0.0641351
0.75 0.6875 0.0426569
0.75 0.65625 0.0181856
0.75 0.625 -0.00430204
0.78125 0.625 0.0216774
0.78125 0.65625 0.0418343
0.75 0.65625 0.0181856
0.78125 0.6875 0.0641351
0.78125 0.65625 0.0418343
0.8125 0.65625 0.0676665
0.8125 0.6875 0.0878548
0.78125 0.6875 0.0641351
0.78125 0.65625 0.0418343
0.78125 0.625 0.0216774
0.8125 0.625 0.0499288
0.8125 0.65625 0.0676665
0.78125 0.65625 0.0418343
0.8125 0.75 0.133154
0.8125 0.71875 0.109821
0.84375 0.71875 0.134125
0.84375 0.75 0.156107
0.8125 0.75 0.133154
0.8125 0.71875 0.109821
0.8125 0.6875 0.0878548
0.84375 0.6875 0.113304
0.84375 0.71875 0.134125
0.8125 0.71875 0.109821
0.84375 0.75 0.156107
0.84375 0.71875 0.134125
0.875 0.71875 0.159439
0.875 0.75 0.180214
0.84375 0.75 0.156107
0.84375 0.71875 0.134125
0.84375 0.6875 0.113304
0.875 0.6875 0.139741
0.875 0.71875 0.159439
0.84375 0.71875 0.134125
0.8125 0.6875 0.0878548
0.8125 0.65625 0.0676665
0.84375 0.65625 0.0949058
0.84375 0.6875 0.113304
0.8125 0.6875 0.0878548
0.8125 0.65625 0.0676665
0.8125 0.625 0.0499288
0.84375 0.625 0.079023
0.84375 0.65625 0.0949058
0.8125 0.65625 0.0676665
0.84375 0.6875 0.113304
0.84375 0.65625 0.0949058
0.875 0.65625 0.122865
0.875 0.6875 0.139741
0.84375 0.6875 0.113304
0.84375 0.65625 0.0949058
0.84375 0.625 0.079023
0.875 0.625 0.1085
0.875 0.65625 0.122865
0.84375 0.65625 0.0949058
0.75 0.625 -0.00430204
0.75 0.59375 -0.0229293
0.78125 0.59375 0.00494989
0.78125 0.625 0.0216774
0.75 0.625 -0.00430204
0.75 0.59375 -0.0229293
0.75 0.5625 -0.0343615
0.78125 0.5625 -0.00379703
0.78125 0.59375 0.00494989
0.75 0.59375 -0.0229293
0.78125 0.625 0.0216774
0.78125 0.59375 0.00494989
0.8125 0.59375 0.0357268
0.8125 0.625 0.0499288
0.78125 0.625 0.0216774
0.78125 0.59375 0.00494989
0.78125 0.5625 -0.00379703
0.8125 0.5625 0.02739
0.8125 0.59375 0.0357268
0.78125 0.59375 0.00494989
0.75 0.5625 -0.0343615
0.75 0.53125 -0.0329139
0.78125 0.53125 -0.00311545
0.78125 0.5625 -0.00379703
0.75 0.5625 -0.0343615
0.75 0.53125 -0.0329139
0.75 0.5 -0.0248715
0.78125 0.5 0.00412154
0.78125 0.53125 -0.00311545
0.75 0.53125 -0.0329139
0.78125 0.5625 -0.00379703
0.78125 0.53125 -0.00311545
0.8125 0.53125 0.0278435
0.8125 0.5625 0.02739
0.78125 0.5625 -0.00379703
0.78125 0.53125 -0.00311545
0.78125 0.5 0.00412154
0.8125 0.5 0.034156
0.8125 0.53125 0.0278435
0.78125 0.53125 -0.00311545
0.8125 0.625 0.0499288
0.8125 0.59375 0.0357268
0.84375 0.59375 0.0664806
0.84375 0.625 0.079023
0.8125 0.625 0.0499288
0.8125 0.59375 0.0357268
0.8125 0.5625 0.02739
0.84375 0.5625 0.0586387
0.84375 0.59375 0.0664806
0.8125 0.59375 0.0357268
0.84375 0.625 0.079023
0.84375 0.59375 0.0664806
0.875 0.59375 0.0972374
0.875 0.625 0.1085
0.84375 0.625 0.079023
0.84375 0.59375 0.0664806
0.84375 0.5625 0.0586387
0.875 0.5625 0.0898808
0.875 0.59375 0.0972374
0.84375 0.59375 0.0664806
0.8125 0.5625 0.02739
0.8125 0.53125 0.0278435
0.84375 0.53125 0.0589181
0.84375 0.5625 0.0586387
0.8125 0.5625 0.02739
0.8125 0.53125 0.0278435
0.8125 0.5 0.034156
0.84375 0.5 0.06444
0.84375 0.53125 0.0589181
0.8125 0.53125 0.0278435
0.84375 0.5625 0.0586387
0.84375 0.53125 0.0589181
0.875 0.53125 0.0900642
0.875 0.5625 0.0898808
0.84375 0.5625 0.0586387
0.84375 0.53125 0.0589181
0.84375 0.5 0.06444
0.875 0.5 0.0948869
0.875 0.53125 0.0900642
0.84375 0.53125 0.0589181
0.875 0.75 0.180214
0.875 0.6875 0.139741
0.9375 0.6875 0.196841
0.9375 0.75 0.231891
0.875 0.75 0.180214
0.875 0.6875 0.139741
0.875 0.625 0.1085
0.9375 0.625 0.169635
0.9375 0.6875 0.196841
0.875 0.6875 0.139741
0.9375 0.75 0.231891
0.9375 0.6875 0.196841
1 0.6875 0.255627
1 0.75 0.287431
0.9375 0.75 0.231891
0.9375 0.6875 0.196841
0.9375 0.625 0.169635
1 0.625 0.230966
1 0.6875 0.255627
0.9375 0.6875 0.196841
0.875 0.625 0.1085
0.875 0.5625 0.0898808
0.9375 0.5625 0.152367
0.9375 0.625 0.169635
0.875 0.625 0.1085
0.875 0.5625 0.0898808
0.875 0.5 0.0948869
0.9375 0.5 0.156342
0.9375 0.5625 0.152367
0.875 0.5625 0.0898808
0.9375 0.625 0.169635
0.9375 0.5625 0.152367
1 0.5625 0.214862
1 0.625 0.230966
0.9375 0.625 0.169635
0.9375 0.5625 0.152367
0.9375 0.5 0.156342
1 0.5 0.218216
1 0.5625 0.214862
0.9375 0.5625 0.152367
0.5 0.5 -0.230599
0.5 0.4375 -0.193657
0.5625 0.4375 -0.163321
0.5625 0.5 -0.192718
0.5 0.5 -0.230599
0.5 0.4375 -0.193657
0.5 0.375 -0.138771
0.5625 0.375 -0.129563
0.5625 0.4375 -0.163321
0.5 0.4375 -0.193657
0.5625 0.5 -0.192718
0.5625 0.4375 -0.163321
0.625 0.4375 -0.109726
0.625 0.5 -0.13794
0.5625 0.5 -0.192718
0.5625 0.4375 -0.163321
0.5625 0.40625 -0.147062
0.59375 0.40625 -0.12117
0.59375 0.4375 -0.136741
0.5625 0.4375 -0.163321
0.5625 0.40625 -0.147062
0.5625 0.375 -0.129563
0.59375 0.375 -0.104938
0.59375 0.40625 -0.12117
0.5625 0.40625 -0.147062
0.59375 0.4375 -0.136741
0.59375 0.40625 -0.12117
0.625 0.40625 -0.0945056
0.625 0.4375 -0.109726
0.59375 0.4375 -0.136741
0.59375 0.40625 -0.12117
0.59375 0.375 -0.104938
0.625 0.375 -0.078841
0.625 0.40625 -0.0945056
0.59375 0.40625 -0.12117
0.5 0.375 -0.138771
0.5 0.34375 -0.110807
0.53125 0.34375 -0.122905
0.53125 0.375 -0.148533
0.5 0.375 -0.138771
0.5 0.34375 -0.110807
0.5 0.3125 -0.0826252
0.53125 0.3125 -0.0939469
0.53125 0.34375 -0.122905
0.5 0.34375 -0.110807
0.53125 0.375 -0.148533
0.53125 0.34375 -0.122905
0.5625 0.34375 -0.110337
0.5625 0.375 -0.129563
0.53125 0.375 -0.148533
0.53125 0.34375 -0.122905
0.53125 0.3125 -0.0939469
0.5625 0.3125 -0.0886511
0.5625 0.34375 -0.110337
0.53125 0.34375 -0.122905
0.5 0.3125 -0.0826252
0.5 0.28125 -0.0542104
0.53125 0.28125 -0.0646374
0.53125 0.3125 -0.0939469
0.5 0.3125 -0.0826252
0.5 0.28125 -0.0542104
0.5 0.25 -0.0255326
0.53125 0.25 -0.0349694
0.53125 0.28125 -0.0646374
0.5 0.28125 -0.0542104
0.53125 0.3125 -0.0939469
0.53125 0.28125 -0.0646374
0.5625 0.28125 -0.064156
0.5625 0.3125 -0.0886511
0.53125 0.3125 -0.0939469
0.53125 0.28125 -0.0646374
0.53125 0.25 -0.0349694
0.5625 0.25 -0.0365916
0.5625 0.28125 -0.064156
0.53125 0.28125 -0.0646374
0.5625 0.375 -0.129563
0.5625 0.34375 -0.110337
0.59375 0.34375 -0.0877535
0.59375 0.375 -0.104938
0.5625 0.375 -0.129563
0.5625 0.34375 -0.110337
0.5625 0.3125 -0.0886511
0.59375 0.3125 -0.0691675
0.59375 0.34375 -0.0877535
0.5625 0.34375 -0.110337
0.59375 0.375 -0.104938
0.59375 0.34375 -0.0877535
0.625 0.34375 -0.0626289
0.625 0.375 -0.078841
0.59375 0.375 -0.104938
0.59375 0.34375 -0.0877535
0.59375 0.3125 -0.0691675
0.625 0.3125 -0.0456336
0.625 0.34375 -0.0626289
0.59375 0.34375 -0.0877535
0.5625 0.3125 -0.0886511
0.5625 0.28125 -0.064156
0.59375 0.28125 -0.0485568
0.59375 0.3125 -0.0691675
0.5625 0.3125 -0.0886511
0.5625 0.28125 -0.064156
0.5625 0.25 -0.0365916
0.59375 0.25 -0.0254719
0.59375 0.28125 -0.0485568
0.5625 0.28125 -0.064156
0.59375 0.3125 -0.0691675
0.59375 0.28125 -0.0485568
0.625 0.28125 -0.0274465
0.625 0.3125 -0.0456336
0.59375 0.3125 -0.0691675
0.59375 0.28125 -0.0485568
0.59375 0.25 -0.0254719
0.625 0.25 -0.00735814
0.625 0.28125 -0.0274465
0.59375 0.28125 -0.0485568
0.625 0.5 -0.13794
0.625 0.46875 -0.124284
0.65625 0.46875 -0.0967292
0.65625 0.5 -0.10996
0.625 0.5 -0.13794
0.625 0.46875 -0.124284
0.625 0.4375 -0.109726
0.65625 0.4375 -0.0824877
0.65625 0.46875 -0.0967292
0.625 0.46875 -0.124284
0.65625 0.5 -0.10996
0.65625 0.46875 -0.0967292
0.6875 0.46875 -0.0690326
0.6875 0.5 -0.081794
0.65625 0.5 -0.10996
0.65625 0.46875 -0.0967292
0.65625 0.4375 -0.0824877
0.6875 0.4375 -0.0551124
0.6875 0.46875 -0.0690326
0.65625 0.46875 -0.0967292
0.625 0.4375 -0.109726
0.625 0.40625 -0.0945056
0.65625 0.40625 -0.0675033
0.65625 0.4375 -0.0824877
0.625 0.4375 -0.109726
0.625 0.40625 -0.0945056
0.625 0.375 -0.078841
0.65625 0.375 -0.0521526
0.65625 0.40625 -0.0675033
0.625 0.40625 -0.0945056
0.65625 0.4375 -0.0824877
0.65625 0.40625 -0.0675033
0.6875 0.40625 -0.0403235
0.6875 0.4375 -0.0551124
0.65625 0.4375 -0.0824877
0.65625 0.40625 -0.0675033
0.65625 0.375 -0.0521526
0.6875 0.375 -0.0251837
0.6875 0.40625 -0.0403235
0.65625 0.40625 -0.0675033
0.6875 0.5 -0.081794
0.6875 0.46875 -0.0690326
0.71875 0.46875 -0.0412042
0.71875 0.5 -0.053436
0.6875 0.5 -0.081794
0.6875 0.46875 -0.0690326
0.6875 0.4375 -0.0551124
0.71875 0.4375 -0.0276323
0.71875 0.46875 -0.0412042
0.6875 0.46875 -0.0690326
0.71875 0.5 -0.053436
0.71875 0.46875 -0.0412042
0.75 0.46875 -0.0132453
0.75 0.5 -0.0248715
0.71875 0.5 -0.053436
0.71875 0.46875 -0.0412042
0.71875 0.4375 -0.0276323
0.75 0.4375 -6.04134e-005
0.75 0.46875 -0.0132453
0.71875 0.46875 -0.0412042
0.6875 0.4375 -0.0551124
0.6875 0.40625 -0.0403235
0.71875 0.40625 -0.0130171
0.71875 0.4375 -0.0276323
0.6875 0.4375 -0.0551124
0.6875 0.40625 -0.0403235
0.6875 0.375 -0.0251837
0.71875 0.375 0.0019569
0.71875 0.40625 -0.0130171
0.6875 0.40625 -0.0403235
0.71875 0.4375 -0.0276323
0.71875 0.40625 -0.0130171
0.75 0.40625 0.0144562
0.75 0.4375 -6.04134e-005
0.71875 0.4375 -0.0276323
0.71875 0.40625 -0.0130171
0.71875 0.375 0.0019569
0.75 0.375 0.0293118
0.75 0.40625 0.0144562
0.71875 0.40625 -0.0130171
0.625 0.375 -0.078841
0.625 0.34375 -0.0626289
0.65625 0.34375 -0.0364131
0.65625 0.375 -0.0521526
0.625 0.375 -0.078841
0.625 0.34375 -0.0626289
0.625 0.3125 -0.0456336
0.65625 0.3125 -0.0201866
0.65625 0.34375 -0.0364131
0.625 0.34375 -0.0626289
0.65625 0.375 -0.0521526
0.65625 0.34375 -0.0364131
0.6875 0.34375 -0.00970384
0.6875 0.375 -0.0251837
0.65625 0.375 -0.0521526
0.65625 0.34375 -0.0364131
0.65625 0.3125 -0.0201866
0.6875 0.3125 0.00620115
0.6875 0.34375 -0.00970384
0.65625 0.34375 -0.0364131
0.625 0.3125 -0.0456336
0.625 0.28125 -0.0274465
0.65625 0.28125 -0.00334958
0.65625 0.3125 -0.0201866
0.625 0.3125 -0.0456336
0.625 0.28125 -0.0274465
0.625 0.25 -0.00735814
0.65625 0.25 0.0154927
0.65625 0.28125 -0.00334958
0.625 0.28125 -0.0274465
0.65625 0.3125 -0.0201866
0.65625 0.28125 -0.00334958
0.6875 0.28125 0.0227266
0.6875 0.3125 0.00620115
0.65625 0.3125 -0.0201866
0.65625 0.28125 -0.00334958
0.65625 0.25 0.0154927
0.6875 0.25 0.0404241
0.6875 0.28125 0.0227266
0.65625 0.28125 -0.00334958
0.6875 0.375 -0.0251837
0.6875 0.34375 -0.00970384
0.71875 0.34375 0.017308
0.71875 0.375 0.0019569
0.6875 0.375 -0.0251837
0.6875 0.34375 -0.00970384
0.6875 0.3125 0.00620115
0.71875 0.3125 0.0330287
0.71875 0.34375 0.017308
0.6875 0.34375 -0.00970384
0.71875 0.375 0.0019569
0.71875 0.34375 0.017308
0.75 0.34375 0.0444876
0.75 0.375 0.0293118
0.71875 0.375 0.0019569
0.71875 0.34375 0.017308
0.71875 0.3125 0.0330287
0.75 0.3125 0.0600009
0.75 0.34375 0.0444876
0.71875 0.34375 0.017308
0.6875 0.3125 0.00620115
0.6875 0.28125 0.0227266
0.71875 0.28125 0.0492122
0.71875 0.3125 0.0330287
0.6875 0.3125 0.00620115
0.6875 0.28125 0.0227266
0.6875 0.25 0.0404241
0.71875 0.25 0.0661783
0.71875 0.28125 0.0492122
0.6875 0.28125 0.0227266
0.71875 0.3125 0.0330287
0.71875 0.28125 0.0492122
0.75 0.28125 0.07591
0.75 0.3125 0.0600009
0.71875 0.3125 0.0330287
0.71875 0.28125 0.0492122
0.71875 0.25 0.0661783
0.75 0.25 0.0923949
0.75 0.28125 0.07591
0.71875 0.28125 0.0492122
0.5 0.25 -0.0255326
0.5 0.21875 0.00348635
0.53125 0.21875 -0.004959
0.53125 0.25 -0.0349694
0.5 0.25 -0.0255326
0.5 0.21875 0.00348635
0.5 0.1875 0.0332506
0.53125 0.1875 0.0258206
0.53125 0.21875 -0.004959
0.5 0.21875 0.00348635
0.53125 0.25 -0.0349694
0.53125 0.21875 -0.004959
0.5625 0.21875 -0.00717023
0.5625 0.25 -0.0365916
0.53125 0.25 -0.0349694
0.53125 0.21875 -0.004959
0.53125 0.1875 0.0258206
0.5625 0.1875 0.0240202
0.5625 0.21875 -0.00717023
0.53125 0.21875 -0.004959
0.5 0.1875 0.0332506
0.5 0.15625 0.0633161
0.53125 0.15625 0.0567776
0.53125 0.1875 0.0258206
0.5 0.1875 0.0332506
0.5 0.15625 0.0633161
0.5 0.125 0.0935774
0.53125 0.125 0.0878008
0.53125 0.15625 0.0567776
0.5 0.15625 0.0633161
0.53125 0.1875 0.0258206
0.53125 0.15625 0.0567776
0.5625 0.15625 0.0552524
0.5625 0.1875 0.0240202
0.53125 0.1875 0.0258206
0.53125 0.15625 0.0567776
0.53125 0.125 0.0878008
0.5625 0.125 0.0864825
0.5625 0.15625 0.0552524
0.53125 0.15625 0.0567776
0.5625 0.25 -0.0365916
0.5625 0.21875 -0.00717023
0.59375 0.21875 0.000245827
0.59375 0.25 -0.0254719
0.5625 0.25 -0.0365916
0.5625 0.21875 -0.00717023
0.5625 0.1875 0.0240202
0.59375 0.1875 0.0297594
0.59375 0.21875 0.000245827
0.5625 0.21875 -0.00717023
0.59375 0.25 -0.0254719
0.59375 0.21875 0.000245827
0.625 0.21875 0.0164005
0.625 0.25 -0.00735814
0.59375 0.25 -0.0254719
0.59375 0.21875 0.000245827
0.59375 0.1875 0.0297594
0.625 0.1875 0.0428221
0.625 0.21875 0.0164005
0.59375 0.21875 0.000245827
0.5625 0.1875 0.0240202
0.5625 0.15625 0.0552524
0.59375 0.15625 0.0598665
0.59375 0.1875 0.0297594
0.5625 0.1875 0.0240202
0.5625 0.15625 0.0552524
0.5625 0.125 0.0864825
0.59375 0.125 0.0903518
0.59375 0.15625 0.0598665
0.5625 0.15625 0.0552524
0.59375 0.1875 0.0297594
0.59375 0.15625 0.0598665
0.625 0.15625 0.0707929
0.625 0.1875 0.0428221
0.59375 0.1875 0.0297594
0.59375 0.15625 0.0598665
0.59375 0.125 0.0903518
0.625 0.125 0.0996087
0.625 0.15625 0.0707929
0.59375 0.15625 0.0598665
0.5 0.125 0.0935774
0.5 0.09375 0.124051
0.53125 0.09375 0.118856
0.53125 0.125 0.0878008
0.5 0.125 0.0935774
0.5 0.09375 0.124051
0.5 0.0625 0.154642
0.53125 0.0625 0.14996
0.53125 0.09375 0.118856
0.5 0.09375 0.124051
0.53125 0.125 0.0878008
0.53125 0.09375 0.118856
0.5625 0.09375 0.117706
0.5625 0.125 0.0864825
0.53125 0.125 0.0878008
0.53125 0.09375 0.118856
0.53125 0.0625 0.14996
0.5625 0.0625 0.148923
0.5625 0.09375 0.117706
0.53125 0.09375 0.118856
0.5 0.0625 0.154642
0.5 0 0.21631
0.5625 0 0.211399
0.5625 0.0625 0.148923
0.5 0.0625 0.154642
0.5625 0.125 0.0864825
0.5625 0.09375 0.117706
0.59375 0.09375 0.121007
0.59375 0.125 0.0903518
0.5625 0.125 0.0864825
0.5625 0.09375 0.117706
0.5625 0.0625 0.148923
0.59375 0.0625 0.151846
0.59375 0.09375 0.121007
0.5625 0.09375 0.117706
0.59375 0.125 0.0903518
0.59375 0.09375 0.121007
0.625 0.09375 0.129035
0.625 0.125 0.0996087
0.59375 0.125 0.0903518
0.59375 0.09375 0.121007
0.59375 0.0625 0.151846
0.625 0.0625 0.15881
0.625 0.09375 0.129035
0.59375 0.09375 0.121007
0.5625 0.0625 0.148923
0.5625 0 0.211399
0.625 0 0.219568
0.625 0.0625 0.15881
0.5625 0.0625 0.148923
0.625 0.25 -0.00735814
0.625 0.21875 0.0164005
0.65625 0.21875 0.0367551
0.65625 0.25 0.0154927
0.625 0.25 -0.00735814
0.625 0.21875 0.0164005
0.625 0.1875 0.0428221
0.65625 0.1875 0.0604987
0.65625 0.21875 0.0367551
0.625 0.21875 0.0164005
0.65625 0.25 0.0154927
0.65625 0.21875 0.0367551
0.6875 0.21875 0.0598253
0.6875 0.25 0.0404241
0.65625 0.25 0.0154927
0.65625 0.21875 0.0367551
0.65625 0.1875 0.0604987
0.6875 0.1875 0.0813074
0.6875 0.21875 0.0598253
0.65625 0.21875 0.0367551
0.625 0.1875 0.0428221
0.625 0.15625 0.0707929
0.65625 0.15625 0.086059
0.65625 0.1875 0.0604987
0.625 0.1875 0.0428221
0.625 0.15625 0.0707929
0.625 0.125 0.0996087
0.65625 0.125 0.113032
0.65625 0.15625 0.086059
0.625 0.15625 0.0707929
0.65625 0.1875 0.0604987
0.65625 0.15625 0.086059
0.6875 0.15625 0.104624
0.6875 0.1875 0.0813074
0.65625 0.1875 0.0604987
0.65625 0.15625 0.086059
0.65625 0.125 0.113032
0.6875 0.125 0.129622
0.6875 0.15625 0.104624
0.65625 0.15625 0.086059
0.6875 0.25 0.0404241
0.6875 0.21875 0.0598253
0.71875 0.21875 0.084347
0.71875 0.25 0.0661783
0.6875 0.25 0.0404241
0.6875 0.21875 0.0598253
0.6875 0.1875 0.0813074
0.71875 0.1875 0.104104
0.71875 0.21875 0.084347
0.6875 0.21875 0.0598253
0.71875 0.25 0.0661783
0.71875 0.21875 0.084347
0.75 0.21875 0.109784
0.75 0.25 0.0923949
0.71875 0.25 0.0661783
0.71875 0.21875 0.084347
0.71875 0.1875 0.104104
0.75 0.1875 0.128349
0.75 0.21875 0.109784
0.71875 0.21875 0.084347
0.6875 0.1875 0.0813074
0.6875 0.15625 0.104624
0.71875 0.15625 0.125536
0.71875 0.1875 0.104104
0.6875 0.1875 0.0813074
0.6875 0.15625 0.104624
0.6875 0.125 0.129622
0.71875 0.125 0.148726
0.71875 0.15625 0.125536
0.6875 0.15625 0.104624
0.71875 0.1875 0.104104
0.71875 0.15625 0.125536
0.75 0.15625 0.148332
0.75 0.1875 0.128349
0.71875 0.1875 0.104104
0.71875 0.15625 0.125536
0.71875 0.125 0.148726
0.75 0.125 0.16988
0.75 0.15625 0.148332
0.71875 0.15625 0.125536
0.625 0.125 0.0996087
0.625 0.0625 0.15881
0.6875 0.0625 0.182937
0.6875 0.125 0.129622
0.625 0.125 0.0996087
0.625 0.0625 0.15881
0.625 0 0.219568
0.6875 0 0.240155
0.6875 0.0625 0.182937
0.625 0.0625 0.15881
0.6875 0.125 0.129622
0.6875 0.0625 0.182937
0.75 0.0625 0.216894
0.75 0.125 0.16988
0.6875 0.125 0.129622
0.6875 0.0625 0.182937
0.6875 0 0.240155
0.75 0 0.269676
0.75 0.0625 0.216894
0.6875 0.0625 0.182937
0.75 0.5 -0.0248715
0.75 0.46875 -0.0132453
0.78125 0.46875 0.01521
0.78125 0.5 0.00412154
0.75 0.5 -0.0248715
0.75 0.46875 -0.0132453
0.75 0.4375 -6.04134e-005
0.78125 0.4375 0.0280096
0.78125 0.46875 0.01521
0.75 0.46875 -0.0132453
0.78125 0.5 0.00412154
0.78125 0.46875 0.01521
0.8125 0.46875 0.0442582
0.8125 0.5 0.034156
0.78125 0.5 0.00412154
0.78125 0.46875 0.01521
0.78125 0.4375 0.0280096
0.8125 0.4375 0.0563563
0.8125 0.46875 0.0442582
0.78125 0.46875 0.01521
0.75 0.4375 -6.04134e-005
0.75 0.40625 0.0144562
0.78125 0.40625 0.0421106
0.78125 0.4375 0.0280096
0.75 0.4375 -6.04134e-005
0.75 0.40625 0.0144562
0.75 0.375 0.0293118
0.78125 0.375 0.0567689
0.78125 0.40625 0.0421106
0.75 0.40625 0.0144562
0.78125 0.4375 0.0280096
0.78125 0.40625 0.0421106
0.8125 0.40625 0.0699561
0.8125 0.4375 0.0563563
0.78125 0.4375 0.0280096
0.78125 0.40625 0.0421106
0.78125 0.375 0.0567689
0.8125 0.375 0.0843422
0.8125 0.40625 0.0699561
0.78125 0.40625 0.0421106
0.8125 0.5 0.034156
0.8125 0.46875 0.0442582
0.84375 0.46875 0.07363
0.84375 0.5 0.06444
0.8125 0.5 0.034156
0.8125 0.46875 0.0442582
0.8125 0.4375 0.0563563
0.84375 0.4375 0.0849856
0.84375 0.46875 0.07363
0.8125 0.46875 0.0442582
0.84375 0.5 0.06444
0.84375 0.46875 0.07363
0.875 0.46875 0.103248
0.875 0.5 0.0948869
0.84375 0.5 0.06444
0.84375 0.46875 0.07363
0.84375 0.4375 0.0849856
0.875 0.4375 0.113879
0.875 0.46875 0.103248
0.84375 0.46875 0.07363
0.8125 0.4375 0.0563563
0.8125 0.40625 0.0699561
0.84375 0.40625 0.0980129
0.84375 0.4375 0.0849856
0.8125 0.4375 0.0563563
0.8125 0.40625 0.0699561
0.8125 0.375 0.0843422
0.84375 0.375 0.112052
0.84375 0.40625 0.0980129
0.8125 0.40625 0.0699561
0.84375 0.4375 0.0849856
0.84375 0.40625 0.0980129
0.875 0.40625 0.126297
0.875 0.4375 0.113879
0.84375 0.4375 0.0849856
0.84375 0.40625 0.0980129
0.84375 0.375 0.112052
0.875 0.375 0.139921
0.875 0.40625 0.126297
0.84375 0.40625 0.0980129
0.75 0.375 0.0293118
0.75 0.34375 0.0444876
0.78125 0.34375 0.0717647
0.78125 0.375 0.0567689
0.75 0.375 0.0293118
0.75 0.34375 0.0444876
0.75 0.3125 0.0600009
0.78125 0.3125 0.0870897
0.78125 0.34375 0.0717647
0.75 0.34375 0.0444876
0.78125 0.375 0.0567689
0.78125 0.34375 0.0717647
0.8125 0.34375 0.0991436
0.8125 0.375 0.0843422
0.78125 0.375 0.0567689
0.78125 0.34375 0.0717647
0.78125 0.3125 0.0870897
0.8125 0.3125 0.114282
0.8125 0.34375 0.0991436
0.78125 0.34375 0.0717647
0.75 0.3125 0.0600009
0.75 0.28125 0.07591
0.78125 0.28125 0.102769
0.78125 0.3125 0.0870897
0.75 0.3125 0.0600009
0.75 0.28125 0.07591
0.75 0.25 0.0923949
0.78125 0.25 0.118903
0.78125 0.28125 0.102769
0.75 0.28125 0.07591
0.78125 0.3125 0.0870897
0.78125 0.28125 0.102769
0.8125 0.28125 0.129761
0.8125 0.3125 0.114282
0.78125 0.3125 0.0870897
0.78125 0.28125 0.102769
0.78125 0.25 0.118903
0.8125 0.25 0.145627
0.8125 0.28125 0.129761
0.78125 0.28125 0.102769
0.8125 0.375 0.0843422
0.8125 0.34375 0.0991436
0.84375 0.34375 0.12663
0.84375 0.375 0.112052
0.8125 0.375 0.0843422
0.8125 0.34375 0.0991436
0.8125 0.3125 0.114282
0.84375 0.3125 0.141575
0.84375 0.34375 0.12663
0.8125 0.34375 0.0991436
0.84375 0.375 0.112052
0.84375 0.34375 0.12663
0.875 0.34375 0.154234
0.875 0.375 0.139921
0.84375 0.375 0.112052
0.84375 0.34375 0.12663
0.84375 0.3125 0.141575
0.875 0.3125 0.168975
0.875 0.34375 0.154234
0.84375 0.34375 0.12663
0.8125 0.3125 0.114282
0.8125 0.25 0.145627
0.875 0.25 0.199532
0.875 0.3125 0.168975
0.8125 0.3125 0.114282
0.875 0.5 0.0948869
0.875 0.4375 0.113879
0.9375 0.4375 0.172504
0.9375 0.5 0.156342
0.875 0.5 0.0948869
0.875 0.4375 0.113879
0.875 0.375 0.139921
0.9375 0.375 0.196354
0.9375 0.4375 0.172504
0.875 0.4375 0.113879
0.9375 0.5 0.156342
0.9375 0.4375 0.172504
1 0.4375 0.232362
1 0.5 0.218216
0.9375 0.5 0.156342
0.9375 0.4375 0.172504
0.9375 0.375 0.196354
1 0.375 0.254059
1 0.4375 0.232362
0.9375 0.4375 0.172504
0.875 0.375 0.139921
0.875 0.3125 0.168975
0.9375 0.3125 0.22419
0.9375 0.375 0.196354
0.875 0.375 0.139921
0.875 0.3125 0.168975
0.875 0.25 0.199532
0.9375 0.25 0.253844
0.9375 0.3125 0.22419
0.875 0.3125 0.168975
0.9375 0.375 0.196354
0.9375 0.3125 0.22419
1 0.3125 0.280348
1 0.375 0.254059
0.9375 0.375 0.196354
0.9375 0.3125 0.22419
0.9375 0.25 0.253844
1 0.25 0.308902
1 0.3125 0.280348
0.9375 0.3125 0.22419
0.75 0.25 0.0923949
0.75 0.1875 0.128349
0.8125 0.1875 0.179321
0.8125 0.25 0.145627
0.75 0.25 0.0923949
0.75 0.1875 0.128349
0.75 0.125 0.16988
0.8125 0.125 0.216833
0.8125 0.1875 0.179321
0.75 0.1875 0.128349
0.8125 0.25 0.145627
0.8125 0.1875 0.179321
0.875 0.1875 0.231872
0.875 0.25 0.199532
0.8125 0.25 0.145627
0.8125 0.1875 0.179321
0.8125 0.125 0.216833
0.875 0.125 0.266833
0.875 0.1875 0.231872
0.8125 0.1875 0.179321
0.75 0.125 0.16988
0.75 0.0625 0.216894
0.8125 0.0625 0.258821
0.8125 0.125 0.216833
0.75 0.125 0.16988
0.75 0.0625 0.216894
0.75 0 0.269676
0.8125 0 0.307062
0.8125 0.0625 0.258821
0.75 0.0625 0.216894
0.8125 0.125 0.216833
0.8125 0.0625 0.258821
0.875 0.0625 0.305198
0.875 0.125 0.266833
0.8125 0.125 0.216833
0.8125 0.0625 0.258821
0.8125 0 0.307062
0.875 0 0.349143
0.875 0.0625 0.305198
0.8125 0.0625 0.258821
0.875 0.25 0.199532
0.875 0.125 0.266833
1 0.125 0.372147
1 0.25 0.308902
0.875 0.25 0.199532
0.875 0.125 0.266833
0.875 0 0.349143
1 0 0.448274
1 0.125 0.372147
0.875 0.125 0.266833
