0 1 0.463473
0 0.875 0.383108
0.125 0.875 0.280734
0.125 1 0.3678
0 1 0.463473
0 0.875 0.383108
0 0.75 0.308519
0.125 0.75 0.201647
0.125 0.875 0.280734
0 0.875 0.383108
0.125 1 0.3678
0.125 0.875 0.280734
0.25 0.875 0.186656
0.25 1 0.284261
0.125 1 0.3678
0.125 0.875 0.280734
0.125 0.8125 0.240201
0.1875 0.8125 0.190651
0.1875 0.875 0.23303
0.125 0.875 0.280734
0.125 0.8125 0.240201
0.125 0.75 0.201647
0.1875 0.75 0.150809
0.1875 0.8125 0.190651
0.125 0.8125 0.240201
0.1875 0.875 0.23303
0.1875 0.8125 0.190651
0.25 0.8125 0.14188
0.25 0.875 0.186656
0.1875 0.875 0.23303
0.1875 0.8125 0.190651
0.1875 0.75 0.150809
0.25 0.75 0.101198
0.25 0.8125 0.14188
0.1875 0.8125 0.190651
0 0.75 0.308519
0 0.6875 0.276313
0.0625 0.6875 0.219611
0.0625 0.75 0.253973
0 0.75 0.308519
0 0.6875 0.276313
0 0.625 0.24805
0.0625 0.625 0.189069
0.0625 0.6875 0.219611
0 0.6875 0.276313
0.0625 0.75 0.253973
0.0625 0.6875 0.219611
0.125 0.6875 0.165235
0.125 0.75 0.201647
0.0625 0.75 0.253973
0.0625 0.6875 0.219611
0.0625 0.625 0.189069
0.125 0.625 0.131962
0.125 0.6875 0.165235
0.0625 0.6875 0.219611
0 0.625 0.24805
0 0.5625 0.224861
0.0625 0.5625 0.163472
0.0625 0.625 0.189069
0 0.625 0.24805
0 0.5625 0.224861
0 0.5 0.209362
0.0625 0.5 0.146888
0.0625 0.5625 0.163472
0 0.5625 0.224861
0.0625 0.625 0.189069
0.0625 0.5625 0.163472
0.125 0.5625 0.103794
0.125 0.625 0.131962
0.0625 0.625 0.189069
0.0625 0.5625 0.163472
0.0625 0.53125 0.153911
0.09375 0.53125 0.123269
0.09375 0.5625 0.133527
0.0625 0.5625 0.163472
0.0625 0.53125 0.153911
0.0625 0.5 0.146888
0.09375 0.5 0.115722
0.09375 0.53125 0.123269
0.0625 0.53125 0.153911
0.09375 0.5625 0.133527
0.09375 0.53125 0.123269
0.125 0.53125 0.0927088
0.125 0.5625 0.103794
0.09375 0.5625 0.133527
0.09375 0.53125 0.123269
0.09375 0.5 0.115722
0.125 0.5 0.0845323
0.125 0.53125 0.0927088
0.09375 0.53125 0.123269
0.125 0.75 0.201647
0.125 0.6875 0.165235
0.1875 0.6875 0.113303
0.1875 0.75 0.150809
0.125 0.75 0.201647
0.125 0.6875 0.165235
0.125 0.65625 0.148126
0.15625 0.65625 0.121371
0.15625 0.6875 0.139058
0.125 0.6875 0.165235
0.125 0.65625 0.148126
0.125 0.625 0.131962
0.15625 0.625 0.104449
0.15625 0.65625 0.121371
0.125 0.65625 0.148126
0.15625 0.6875 0.139058
0.15625 0.65625 0.121371
0.1875 0.65625 0.0951025
0.1875 0.6875 0.113303
0.15625 0.6875 0.139058
0.15625 0.65625 0.121371
0.15625 0.625 0.104449
0.1875 0.625 0.0774595
0.1875 0.65625 0.0951025
0.15625 0.65625 0.121371
0.1875 0.75 0.150809
0.1875 0.71875 0.131887
0.21875 0.71875 0.106742
0.21875 0.75 0.12591
0.1875 0.75 0.150809
0.1875 0.71875 0.131887
0.1875 0.6875 0.113303
0.21875 0.6875 0.0878922
0.21875 0.71875 0.106742
0.1875 0.71875 0.131887
0.21875 0.75 0.12591
0.21875 0.71875 0.106742
0.25 0.71875 0.0817857
0.25 0.75 0.101198
0.21875 0.75 0.12591
0.21875 0.71875 0.106742
0.21875 0.6875 0.0878922
0.25 0.6875 0.0627416
0.25 0.71875 0.0817857
0.21875 0.71875 0.106742
0.1875 0.6875 0.113303
0.1875 0.65625 0.0951025
0.21875 0.65625 0.069325
0.21875 0.6875 0.0878922
0.1875 0.6875 0.113303
0.1875 0.65625 0.0951025
0.1875 0.625 0.0774595
0.21875 0.625 0.0511123
0.21875 0.65625 0.069325
0.1875 0.65625 0.0951025
0.21875 0.6875 0.0878922
0.21875 0.65625 0.069325
0.25 0.65625 0.0439391
0.25 0.6875 0.0627416
0.21875 0.6875 0.0878922
0.21875 0.65625 0.069325
0.21875 0.625 0.0511123
0.25 0.625 0.0253499
0.25 0.65625 0.0439391
0.21875 0.65625 0.069325
0.125 0.625 0.131962
0.125 0.59375 0.117043
0.15625 0.59375 0.0886238
0.15625 0.625 0.104449
0.125 0.625 0.131962
0.125 0.59375 0.117043
0.125 0.5625 0.103794
0.15625 0.5625 0.074351
0.15625 0.59375 0.0886238
0.125 0.59375 0.117043
0.15625 0.625 0.104449
0.15625 0.59375 0.0886238
0.1875 0.59375 0.0606869
0.1875 0.625 0.0774595
0.15625 0.625 0.104449
0.15625 0.59375 0.0886238
0.15625 0.5625 0.074351
0.1875 0.5625 0.0452963
0.1875 0.59375 0.0606869
0.15625 0.59375 0.0886238
0.125 0.5625 0.103794
0.125 0.53125 0.0927088
0.15625 0.53125 0.0622621
0.15625 0.5625 0.074351
0.125 0.5625 0.103794
0.125 0.53125 0.0927088
0.125 0.5 0.0845323
0.15625 0.5 0.0533154
0.15625 0.53125 0.0622621
0.125 0.53125 0.0927088
0.15625 0.5625 0.074351
0.15625 0.53125 0.0622621
0.1875 0.53125 0.0319735
0.1875 0.5625 0.0452963
0.15625 0.5625 0.074351
0.15625 0.53125 0.0622621
0.15625 0.5 0.0533154
0.1875 0.5 0.0220833
0.1875 0.53125 0.0319735
0.15625 0.53125 0.0622621
0.1875 0.625 0.0774595
0.1875 0.59375 0.0606869
0.21875 0.59375 0.0334707
0.21875 0.625 0.0511123
0.1875 0.625 0.0774595
0.1875 0.59375 0.0606869
0.1875 0.5625 0.0452963
0.21875 0.5625 0.0168831
0.21875 0.59375 0.0334707
0.1875 0.59375 0.0606869
0.21875 0.625 0.0511123
0.21875 0.59375 0.0334707
0.25 0.59375 0.00707341
0.25 0.625 0.0253499
0.21875 0.625 0.0511123
0.21875 0.59375 0.0334707
0.21875 0.5625 0.0168831
0.25 0.5625 -0.0102787
0.25 0.59375 0.00707341
0.21875 0.59375 0.0334707
0.1875 0.5625 0.0452963
0.1875 0.53125 0.0319735
0.21875 0.53125 0.0019321
0.21875 0.5625 0.0168831
0.1875 0.5625 0.0452963
0.1875 0.53125 0.0319735
0.1875 0.5 0.0220833
0.21875 0.5 -0.00873841
0.21875 0.53125 0.0019321
0.1875 0.53125 0.0319735
0.21875 0.5625 0.0168831
0.21875 0.53125 0.0019321
0.25 0.53125 -0.025987
0.25 0.5625 -0.0102787
0.21875 0.5625 0.0168831
0.21875 0.53125 0.0019321
0.21875 0.5 -0.00873841
0.25 0.5 -0.0384751
0.25 0.53125 -0.025987
0.21875 0.53125 0.0019321
0.25 1 0.284261
0.25 0.9375 0.234493
0.3125 0.9375 0.194782
0.3125 1 0.248576
0.25 1 0.284261
0.25 0.9375 0.234493
0.25 0.875 0.186656
0.3125 0.875 0.142876
0.3125 0.9375 0.194782
0.25 0.9375 0.234493
0.3125 1 0.248576
0.3125 0.9375 0.194782
0.375 0.9375 0.162342
0.375 1 0.220916
0.3125 1 0.248576
0.3125 0.9375 0.194782
0.3125 0.875 0.142876
0.375 0.875 0.105814
0.375 0.9375 0.162342
0.3125 0.9375 0.194782
0.25 0.875 0.186656
0.25 0.8125 0.14188
0.3125 0.8125 0.0954503
0.3125 0.875 0.142876
0.25 0.875 0.186656
0.25 0.8125 0.14188
0.25 0.78125 0.121201
0.28125 0.78125 0.0971154
0.28125 0.8125 0.118425
0.25 0.8125 0.14188
0.25 0.78125 0.121201
0.25 0.75 0.101198
0.28125 0.75 0.0766567
0.28125 0.78125 0.0971154
0.25 0.78125 0.121201
0.28125 0.8125 0.118425
0.28125 0.78125 0.0971154
0.3125 0.78125 0.0733312
0.3125 0.8125 0.0954503
0.28125 0.8125 0.118425
0.28125 0.78125 0.0971154
0.28125 0.75 0.0766567
0.3125 0.75 0.0522893
0.3125 0.78125 0.0733312
0.28125 0.78125 0.0971154
0.3125 0.875 0.142876
0.3125 0.84375 0.118656
0.34375 0.84375 0.0977899
0.34375 0.875 0.1234
0.3125 0.875 0.142876
0.3125 0.84375 0.118656
0.3125 0.8125 0.0954503
0.34375 0.8125 0.0732825
0.34375 0.84375 0.0977899
0.3125 0.84375 0.118656
0.34375 0.875 0.1234
0.34375 0.84375 0.0977899
0.375 0.84375 0.0786091
0.375 0.875 0.105814
0.34375 0.875 0.1234
0.34375 0.84375 0.0977899
0.34375 0.8125 0.0732825
0.375 0.8125 0.0523887
0.375 0.84375 0.0786091
0.34375 0.84375 0.0977899
0.3125 0.8125 0.0954503
0.3125 0.78125 0.0733312
0.34375 0.78125 0.0500272
0.34375 0.8125 0.0732825
0.3125 0.8125 0.0954503
0.3125 0.78125 0.0733312
0.3125 0.75 0.0522893
0.34375 0.75 0.0281311
0.34375 0.78125 0.0500272
0.3125 0.78125 0.0733312
0.34375 0.8125 0.0732825
0.34375 0.78125 0.0500272
0.375 0.78125 0.0274584
0.375 0.8125 0.0523887
0.34375 0.8125 0.0732825
0.34375 0.78125 0.0500272
0.34375 0.75 0.0281311
0.375 0.75 0.00419386
0.375 0.78125 0.0274584
0.34375 0.78125 0.0500272
0.375 1 0.220916
0.375 0.9375 0.162342
0.4375 0.9375 0.14335
0.4375 1 0.205369
0.375 1 0.220916
0.375 0.9375 0.162342
0.375 0.90625 0.133797
0.40625 0.90625 0.120935
0.40625 0.9375 0.150769
0.375 0.9375 0.162342
0.375 0.90625 0.133797
0.375 0.875 0.105814
0.40625 0.875 0.0914265
0.40625 0.90625 0.120935
0.375 0.90625 0.133797
0.40625 0.9375 0.150769
0.40625 0.90625 0.120935
0.4375 0.90625 0.112513
0.4375 0.9375 0.14335
0.40625 0.9375 0.150769
0.40625 0.90625 0.120935
0.40625 0.875 0.0914265
0.4375 0.875 0.0817918
0.4375 0.90625 0.112513
0.40625 0.90625 0.120935
0.4375 1 0.205369
0.4375 0.9375 0.14335
0.5 0.9375 0.142962
0.5 1 0.205069
0.4375 1 0.205369
0.4375 0.9375 0.14335
0.4375 0.90625 0.112513
0.46875 0.90625 0.109209
0.46875 0.9375 0.140447
0.4375 0.9375 0.14335
0.4375 0.90625 0.112513
0.4375 0.875 0.0817918
0.46875 0.875 0.0779714
0.46875 0.90625 0.109209
0.4375 0.90625 0.112513
0.46875 0.9375 0.140447
0.46875 0.90625 0.109209
0.5 0.90625 0.112024
0.5 0.9375 0.142962
0.46875 0.9375 0.140447
0.46875 0.90625 0.109209
0.46875 0.875 0.0779714
0.5 0.875 0.0811579
0.5 0.90625 0.112024
0.46875 0.90625 0.109209
0.375 0.875 0.105814
0.375 0.84375 0.0786091
0.40625 0.84375 0.0623719
0.40625 0.875 0.0914265
0.375 0.875 0.105814
0.375 0.84375 0.0786091
0.375 0.8125 0.0523887
0.40625 0.8125 0.03397
0.40625 0.84375 0.0623719
0.375 0.84375 0.0786091
0.40625 0.875 0.0914265
0.40625 0.84375 0.0623719
0.4375 0.84375 0.0512206
0.4375 0.875 0.0817918
0.40625 0.875 0.0914265
0.40625 0.84375 0.0623719
0.40625 0.8125 0.03397
0.4375 0.8125 0.0208668
0.4375 0.84375 0.0512206
0.40625 0.84375 0.0623719
0.375 0.8125 0.0523887
0.375 0.78125 0.0274584
0.40625 0.78125 0.00651636
0.40625 0.8125 0.03397
0.375 0.8125 0.0523887
0.375 0.78125 0.0274584
0.375 0.75 0.00419386
0.40625 0.75 -0.017862
0.40625 0.78125 0.00651636
0.375 0.78125 0.0274584
0.40625 0.8125 0.03397
0.40625 0.78125 0.00651636
0.4375 0.78125 -0.00881914
0.4375 0.8125 0.0208668
0.40625 0.8125 0.03397
0.40625 0.78125 0.00651636
0.40625 0.75 -0.017862
0.4375 0.75 -0.0363325
0.4375 0.78125 -0.00881914
0.40625 0.78125 0.00651636
0.4375 0.875 0.0817918
0.4375 0.84375 0.0512206
0.46875 0.84375 0.0467302
0.46875 0.875 0.0779714
0.4375 0.875 0.0817918
0.4375 0.84375 0.0512206
0.4375 0.8125 0.0208668
0.46875 0.8125 0.015483
0.46875 0.84375 0.0467302
0.4375 0.84375 0.0512206
0.46875 0.875 0.0779714
0.46875 0.84375 0.0467302
0.5 0.84375 0.0503823
0.5 0.875 0.0811579
0.46875 0.875 0.0779714
0.46875 0.84375 0.0467302
0.46875 0.8125 0.015483
0.5 0.8125 0.0197257
0.5 0.84375 0.0503823
0.46875 0.84375 0.0467302
0.4375 0.8125 0.0208668
0.4375 0.78125 -0.00881914
0.46875 0.78125 -0.0157191
0.46875 0.8125 0.015483
0.4375 0.8125 0.0208668
0.4375 0.78125 -0.00881914
0.4375 0.75 -0.0363325
0.46875 0.75 -0.0465523
0.46875 0.78125 -0.0157191
0.4375 0.78125 -0.00881914
0.46875 0.8125 0.015483
0.46875 0.78125 -0.0157191
0.5 0.78125 -0.0105549
0.5 0.8125 0.0197257
0.46875 0.8125 0.015483
0.46875 0.78125 -0.0157191
0.46875 0.75 -0.0465523
0.5 0.75 -0.0399442
0.5 0.78125 -0.0105549
0.46875 0.78125 -0.0157191
0.25 0.75 0.101198
0.25 0.71875 0.0817857
0.28125 0.71875 0.056973
0.28125 0.75 0.0766567
0.25 0.75 0.101198
0.25 0.71875 0.0817857
0.25 0.6875 0.0627416
0.28125 0.6875 0.0377648
0.28125 0.71875 0.056973
0.25 0.71875 0.0817857
0.28125 0.75 0.0766567
0.28125 0.71875 0.056973
0.3125 0.71875 0.032269
0.3125 0.75 0.0522893
0.28125 0.75 0.0766567
0.28125 0.71875 0.056973
0.28125 0.6875 0.0377648
0.3125 0.6875 0.0129153
0.3125 0.71875 0.032269
0.28125 0.71875 0.056973
0.25 0.6875 0.0627416
0.25 0.65625 0.0439391
0.28125 0.65625 0.0188228
0.28125 0.6875 0.0377648
0.25 0.6875 0.0627416
0.25 0.65625 0.0439391
0.25 0.625 0.0253499
0.28125 0.625 3.38417e-005
0.28125 0.65625 0.0188228
0.25 0.65625 0.0439391
0.28125 0.6875 0.0377648
0.28125 0.65625 0.0188228
0.3125 0.65625 -0.00613019
0.3125 0.6875 0.0129153
0.28125 0.6875 0.0377648
0.28125 0.65625 0.0188228
0.28125 0.625 3.38417e-005
0.3125 0.625 -0.024994
0.3125 0.65625 -0.00613019
0.28125 0.65625 0.0188228
0.3125 0.75 0.0522893
0.3125 0.71875 0.032269
0.34375 0.71875 0.0076608
0.34375 0.75 0.0281311
0.3125 0.75 0.0522893
0.3125 0.71875 0.032269
0.3125 0.6875 0.0129153
0.34375 0.6875 -0.0117792
0.34375 0.71875 0.0076608
0.3125 0.71875 0.032269
0.34375 0.75 0.0281311
0.34375 0.71875 0.0076608
0.375 0.71875 -0.0164607
0.375 0.75 0.00419386
0.34375 0.75 0.0281311
0.34375 0.71875 0.0076608
0.34375 0.6875 -0.0117792
0.375 0.6875 -0.0362456
0.375 0.71875 -0.0164607
0.34375 0.71875 0.0076608
0.3125 0.6875 0.0129153
0.3125 0.65625 -0.00613019
0.34375 0.65625 -0.0309493
0.34375 0.6875 -0.0117792
0.3125 0.6875 0.0129153
0.3125 0.65625 -0.00613019
0.3125 0.625 -0.024994
0.34375 0.625 -0.0499318
0.34375 0.65625 -0.0309493
0.3125 0.65625 -0.00613019
0.34375 0.6875 -0.0117792
0.34375 0.65625 -0.0309493
0.375 0.65625 -0.0556292
0.375 0.6875 -0.0362456
0.34375 0.6875 -0.0117792
0.34375 0.65625 -0.0309493
0.34375 0.625 -0.0499318
0.375 0.625 -0.0747644
0.375 0.65625 -0.0556292
0.34375 0.65625 -0.0309493
0.25 0.625 0.0253499
0.25 0.59375 0.00707341
0.28125 0.59375 -0.0184475
0.28125 0.625 3.38417e-005
0.25 0.625 0.0253499
0.25 0.59375 0.00707341
0.25 0.5625 -0.0102787
0.28125 0.5625 -0.0363326
0.28125 0.59375 -0.0184475
0.25 0.59375 0.00707341
0.28125 0.625 3.38417e-005
0.28125 0.59375 -0.0184475
0.3125 0.59375 -0.0436535
0.3125 0.625 -0.024994
0.28125 0.625 3.38417e-005
0.28125 0.59375 -0.0184475
0.28125 0.5625 -0.0363326
0.3125 0.5625 -0.0619424
0.3125 0.59375 -0.0436535
0.28125 0.59375 -0.0184475
0.25 0.5625 -0.0102787
0.25 0.53125 -0.025987
0.28125 0.53125 -0.0530742
0.28125 0.5625 -0.0363326
0.25 0.5625 -0.0102787
0.25 0.53125 -0.025987
0.25 0.5 -0.0384751
0.28125 0.5 -0.067331
0.28125 0.53125 -0.0530742
0.25 0.53125 -0.025987
0.28125 0.5625 -0.0363326
0.28125 0.53125 -0.0530742
0.3125 0.53125 -0.0794739
0.3125 0.5625 -0.0619424
0.28125 0.5625 -0.0363326
0.28125 0.53125 -0.0530742
0.28125 0.5 -0.067331
0.3125 0.5 -0.0952627
0.3125 0.53125 -0.0794739
0.28125 0.53125 -0.0530742
0.3125 0.625 -0.024994
0.3125 0.59375 -0.0436535
0.34375 0.59375 -0.068734
0.34375 0.625 -0.0499318
0.3125 0.625 -0.024994
0.3125 0.59375 -0.0436535
0.3125 0.5625 -0.0619424
0.34375 0.5625 -0.0872784
0.34375 0.59375 -0.068734
0.3125 0.59375 -0.0436535
0.34375 0.625 -0.0499318
0.34375 0.59375 -0.068734
0.375 0.59375 -0.0937104
0.375 0.625 -0.0747644
0.34375 0.625 -0.0499318
0.34375 0.59375 -0.068734
0.34375 0.5625 -0.0872784
0.375 0.5625 -0.11244
0.375 0.59375 -0.0937104
0.34375 0.59375 -0.068734
0.3125 0.5625 -0.0619424
0.3125 0.53125 -0.0794739
0.34375 0.53125 -0.105327
0.34375 0.5625 -0.0872784
0.3125 0.5625 -0.0619424
0.3125 0.53125 -0.0794739
0.3125 0.5 -0.0952627
0.34375 0.5 -0.122238
0.34375 0.53125 -0.105327
0.3125 0.53125 -0.0794739
0.34375 0.5625 -0.0872784
0.34375 0.53125 -0.105327
0.375 0.53125 -0.130856
0.375 0.5625 -0.11244
0.34375 0.5625 -0.0872784
0.34375 0.53125 -0.105327
0.34375 0.5 -0.122238
0.375 0.5 -0.148565
0.375 0.53125 -0.130856
0.34375 0.53125 -0.105327
0.375 0.75 0.00419386
0.375 0.71875 -0.0164607
0.40625 0.71875 -0.0397881
0.40625 0.75 -0.017862
0.375 0.75 0.00419386
0.375 0.71875 -0.0164607
0.375 0.6875 -0.0362456
0.40625 0.6875 -0.0603224
0.40625 0.71875 -0.0397881
0.375 0.71875 -0.0164607
0.40625 0.75 -0.017862
0.40625 0.71875 -0.0397881
0.4375 0.71875 -0.0612292
0.4375 0.75 -0.0363325
0.40625 0.75 -0.017862
0.40625 0.71875 -0.0397881
0.40625 0.6875 -0.0603224
0.4375 0.6875 -0.083496
0.4375 0.71875 -0.0612292
0.40625 0.71875 -0.0397881
0.375 0.6875 -0.0362456
0.375 0.65625 -0.0556292
0.40625 0.65625 -0.0801
0.40625 0.6875 -0.0603224
0.375 0.6875 -0.0362456
0.375 0.65625 -0.0556292
0.375 0.625 -0.0747644
0.40625 0.625 -0.0994616
0.40625 0.65625 -0.0801
0.375 0.65625 -0.0556292
0.40625 0.6875 -0.0603224
0.40625 0.65625 -0.0801
0.4375 0.65625 -0.104144
0.4375 0.6875 -0.083496
0.40625 0.6875 -0.0603224
0.40625 0.65625 -0.0801
0.40625 0.625 -0.0994616
0.4375 0.625 -0.123939
0.4375 0.65625 -0.104144
0.40625 0.65625 -0.0801
0.4375 0.75 -0.0363325
0.4375 0.71875 -0.0612292
0.46875 0.71875 -0.0761546
0.46875 0.75 -0.0465523
0.4375 0.75 -0.0363325
0.4375 0.71875 -0.0612292
0.4375 0.6875 -0.083496
0.46875 0.6875 -0.103121
0.46875 0.71875 -0.0761546
0.4375 0.71875 -0.0612292
0.46875 0.75 -0.0465523
0.46875 0.71875 -0.0761546
0.5 0.71875 -0.0684297
0.5 0.75 -0.0399442
0.46875 0.75 -0.0465523
0.46875 0.71875 -0.0761546
0.46875 0.6875 -0.103121
0.5 0.6875 -0.0959689
0.5 0.71875 -0.0684297
0.46875 0.71875 -0.0761546
0.4375 0.6875 -0.083496
0.4375 0.65625 -0.104144
0.46875 0.65625 -0.126785
0.46875 0.6875 -0.103121
0.4375 0.6875 -0.083496
0.4375 0.65625 -0.104144
0.4375 0.625 -0.123939
0.46875 0.625 -0.147623
0.46875 0.65625 -0.126785
0.4375 0.65625 -0.104144
0.46875 0.6875 -0.103121
0.46875 0.65625 -0.126785
0.5 0.65625 -0.122721
0.5 0.6875 -0.0959689
0.46875 0.6875 -0.103121
0.46875 0.65625 -0.126785
0.46875 0.625 -0.147623
0.5 0.625 -0.148764
0.5 0.65625 -0.122721
0.46875 0.65625 -0.126785
0.375 0.625 -0.0747644
0.375 0.59375 -0.0937104
0.40625 0.59375 -0.118574
0.40625 0.625 -0.0994616
0.375 0.625 -0.0747644
0.375 0.59375 -0.0937104
0.375 0.5625 -0.11244
0.40625 0.5625 -0.137474
0.40625 0.59375 -0.118574
0.375 0.59375 -0.0937104
0.40625 0.625 -0.0994616
0.40625 0.59375 -0.118574
0.4375 0.59375 -0.143291
0.4375 0.625 -0.123939
0.40625 0.625 -0.0994616
0.40625 0.59375 -0.118574
0.40625 0.5625 -0.137474
0.4375 0.5625 -0.162381
0.4375 0.59375 -0.143291
0.40625 0.59375 -0.118574
0.375 0.5625 -0.11244
0.375 0.5 -0.148565
0.4375 0.5 -0.1943
0.4375 0.5625 -0.162381
0.375 0.5625 -0.11244
0.4375 0.625 -0.123939
0.4375 0.5625 -0.162381
0.5 0.5625 -0.199852
0.5 0.625 -0.148764
0.4375 0.625 -0.123939
0.4375 0.5625 -0.162381
0.4375 0.5 -0.1943
0.5 0.5 -0.238162
0.5 0.5625 -0.199852
0.4375 0.5625 -0.162381
0 0.5 0.209362
0 0.4375 0.207715
0.0625 0.4375 0.145499
0.0625 0.5 0.146888
0 0.5 0.209362
0 0.4375 0.207715
0 0.375 0.221443
0.0625 0.375 0.162057
0.0625 0.4375 0.145499
0 0.4375 0.207715
0.0625 0.5 0.146888
0.0625 0.46875 0.143366
0.09375 0.46875 0.112145
0.09375 0.5 0.115722
0.0625 0.5 0.146888
0.0625 0.46875 0.143366
0.0625 0.4375 0.145499
0.09375 0.4375 0.114656
0.09375 0.46875 0.112145
0.0625 0.46875 0.143366
0.09375 0.5 0.115722
0.09375 0.46875 0.112145
0.125 0.46875 0.0809289
0.125 0.5 0.0845323
0.09375 0.5 0.115722
0.09375 0.46875 0.112145
0.09375 0.4375 0.114656
0.125 0.4375 0.0838947
0.125 0.46875 0.0809289
0.09375 0.46875 0.112145
0.0625 0.4375 0.145499
0.0625 0.40625 0.151965
0.09375 0.40625 0.122081
0.09375 0.4375 0.114656
0.0625 0.4375 0.145499
0.0625 0.40625 0.151965
0.0625 0.375 0.162057
0.09375 0.375 0.133389
0.09375 0.40625 0.122081
0.0625 0.40625 0.151965
0.09375 0.4375 0.114656
0.09375 0.40625 0.122081
0.125 0.40625 0.0925185
0.125 0.4375 0.0838947
0.09375 0.4375 0.114656
0.09375 0.40625 0.122081
0.09375 0.375 0.133389
0.125 0.375 0.105269
0.125 0.40625 0.0925185
0.09375 0.40625 0.122081
0 0.375 0.221443
0 0.3125 0.246084
0.0625 0.3125 0.190746
0.0625 0.375 0.162057
0 0.375 0.221443
0 0.3125 0.246084
0 0.25 0.279368
0.0625 0.25 0.228517
0.0625 0.3125 0.190746
0 0.3125 0.246084
0.0625 0.375 0.162057
0.0625 0.3125 0.190746
0.125 0.3125 0.139974
0.125 0.375 0.105269
0.0625 0.375 0.162057
0.0625 0.3125 0.190746
0.0625 0.25 0.228517
0.125 0.25 0.182458
0.125 0.3125 0.139974
0.0625 0.3125 0.190746
0.125 0.5 0.0845323
0.125 0.46875 0.0809289
0.15625 0.46875 0.0496947
0.15625 0.5 0.0533154
0.125 0.5 0.0845323
0.125 0.46875 0.0809289
0.125 0.4375 0.0838947
0.15625 0.4375 0.0532722
0.15625 0.46875 0.0496947
0.125 0.46875 0.0809289
0.15625 0.5 0.0533154
0.15625 0.46875 0.0496947
0.1875 0.46875 0.0184514
0.1875 0.5 0.0220833
0.15625 0.5 0.0533154
0.15625 0.46875 0.0496947
0.15625 0.4375 0.0532722
0.1875 0.4375 0.0229041
0.1875 0.46875 0.0184514
0.15625 0.46875 0.0496947
0.125 0.4375 0.0838947
0.125 0.40625 0.0925185
0.15625 0.40625 0.0634371
0.15625 0.4375 0.0532722
0.125 0.4375 0.0838947
0.125 0.40625 0.0925185
0.125 0.375 0.105269
0.15625 0.375 0.0780491
0.15625 0.40625 0.0634371
0.125 0.40625 0.0925185
0.15625 0.4375 0.0532722
0.15625 0.40625 0.0634371
0.1875 0.40625 0.0351925
0.1875 0.4375 0.0229041
0.15625 0.4375 0.0532722
0.15625 0.40625 0.0634371
0.15625 0.375 0.0780491
0.1875 0.375 0.0518933
0.1875 0.40625 0.0351925
0.15625 0.40625 0.0634371
0.1875 0.5 0.0220833
0.1875 0.46875 0.0184514
0.21875 0.46875 -0.0120582
0.21875 0.5 -0.00873841
0.1875 0.5 0.0220833
0.1875 0.46875 0.0184514
0.1875 0.4375 0.0229041
0.21875 0.4375 -0.00642506
0.21875 0.46875 -0.0120582
0.1875 0.46875 0.0184514
0.21875 0.5 -0.00873841
0.21875 0.46875 -0.0120582
0.25 0.46875 -0.0413028
0.25 0.5 -0.0384751
0.21875 0.5 -0.00873841
0.21875 0.46875 -0.0120582
0.21875 0.4375 -0.00642506
0.25 0.4375 -0.0322896
0.25 0.46875 -0.0413028
0.21875 0.46875 -0.0120582
0.1875 0.4375 0.0229041
0.1875 0.40625 0.0351925
0.21875 0.40625 0.00803798
0.21875 0.4375 -0.00642506
0.1875 0.4375 0.0229041
0.1875 0.40625 0.0351925
0.1875 0.375 0.0518933
0.21875 0.375 0.0274292
0.21875 0.40625 0.00803798
0.1875 0.40625 0.0351925
0.21875 0.4375 -0.00642506
0.21875 0.40625 0.00803798
0.25 0.40625 -0.016154
0.25 0.4375 -0.0322896
0.21875 0.4375 -0.00642506
0.21875 0.40625 0.00803798
0.21875 0.375 0.0274292
0.25 0.375 0.00481936
0.25 0.40625 -0.016154
0.21875 0.40625 0.00803798
0.125 0.375 0.105269
0.125 0.34375 0.121296
0.15625 0.34375 0.0958474
0.15625 0.375 0.0780491
0.125 0.375 0.105269
0.125 0.34375 0.121296
0.125 0.3125 0.139974
0.15625 0.3125 0.116162
0.15625 0.34375 0.0958474
0.125 0.34375 0.121296
0.15625 0.375 0.0780491
0.15625 0.34375 0.0958474
0.1875 0.34375 0.0718281
0.1875 0.375 0.0518933
0.15625 0.375 0.0780491
0.15625 0.34375 0.0958474
0.15625 0.3125 0.116162
0.1875 0.3125 0.0936172
0.1875 0.34375 0.0718281
0.15625 0.34375 0.0958474
0.125 0.3125 0.139974
0.125 0.25 0.182458
0.1875 0.25 0.140113
0.1875 0.3125 0.0936172
0.125 0.3125 0.139974
0.1875 0.375 0.0518933
0.1875 0.34375 0.0718281
0.21875 0.34375 0.0492404
0.21875 0.375 0.0274292
0.1875 0.375 0.0518933
0.1875 0.34375 0.0718281
0.1875 0.3125 0.0936172
0.21875 0.3125 0.072259
0.21875 0.34375 0.0492404
0.1875 0.34375 0.0718281
0.21875 0.375 0.0274292
0.21875 0.34375 0.0492404
0.25 0.34375 0.0279856
0.25 0.375 0.00481936
0.21875 0.375 0.0274292
0.21875 0.34375 0.0492404
0.21875 0.3125 0.072259
0.25 0.3125 0.0518601
0.25 0.34375 0.0279856
0.21875 0.34375 0.0492404
0.1875 0.3125 0.0936172
0.1875 0.28125 0.116495
0.21875 0.28125 0.095974
0.21875 0.3125 0.072259
0.1875 0.3125 0.0936172
0.1875 0.28125 0.116495
0.1875 0.25 0.140113
0.21875 0.25 0.120141
0.21875 0.28125 0.095974
0.1875 0.28125 0.116495
0.21875 0.3125 0.072259
0.21875 0.28125 0.095974
0.25 0.28125 0.0761287
0.25 0.3125 0.0518601
0.21875 0.3125 0.072259
0.21875 0.28125 0.095974
0.21875 0.25 0.120141
0.25 0.25 0.100637
0.25 0.28125 0.0761287
0.21875 0.28125 0.095974
0 0.25 0.279368
0 0.125 0.364044
0.125 0.125 0.276633
0.125 0.25 0.182458
0 0.25 0.279368
0 0.125 0.364044
0 0 0.458036
0.125 0 0.375625
0.125 0.125 0.276633
0 0.125 0.364044
0.125 0.25 0.182458
0.125 0.1875 0.228782
0.1875 0.1875 0.188571
0.1875 0.25 0.140113
0.125 0.25 0.182458
0.125 0.1875 0.228782
0.125 0.125 0.276633
0.1875 0.125 0.237735
0.1875 0.1875 0.188571
0.125 0.1875 0.228782
0.1875 0.25 0.140113
0.1875 0.1875 0.188571
0.25 0.1875 0.150104
0.25 0.25 0.100637
0.1875 0.25 0.140113
0.1875 0.1875 0.188571
0.1875 0.125 0.237735
0.25 0.125 0.200124
0.25 0.1875 0.150104
0.1875 0.1875 0.188571
0.125 0.125 0.276633
0.125 0 0.375625
0.25 0 0.303074
0.25 0.125 0.200124
0.125 0.125 0.276633
0.25 0.5 -0.0384751
0.25 0.46875 -0.0413028
0.28125 0.46875 -0.0691084
0.28125 0.5 -0.067331
0.25 0.5 -0.0384751
0.25 0.46875 -0.0413028
0.25 0.4375 -0.0322896
0.28125 0.4375 -0.0567283
0.28125 0.46875 -0.0691084
0.25 0.46875 -0.0413028
0.28125 0.5 -0.067331
0.28125 0.46875 -0.0691084
0.3125 0.46875 -0.0953099
0.3125 0.5 -0.0952627
0.28125 0.5 -0.067331
0.28125 0.46875 -0.0691084
0.28125 0.4375 -0.0567283
0.3125 0.4375 -0.0796674
0.3125 0.46875 -0.0953099
0.28125 0.46875 -0.0691084
0.25 0.4375 -0.0322896
0.25 0.40625 -0.016154
0.28125 0.40625 -0.0378997
0.28125 0.4375 -0.0567283
0.25 0.4375 -0.0322896
0.25 0.40625 -0.016154
0.25 0.375 0.00481936
0.28125 0.375 -0.0160168
0.28125 0.40625 -0.0378997
0.25 0.40625 -0.016154
0.28125 0.4375 -0.0567283
0.28125 0.40625 -0.0378997
0.3125 0.40625 -0.0588413
0.3125 0.4375 -0.0796674
0.28125 0.4375 -0.0567283
0.28125 0.40625 -0.0378997
0.28125 0.375 -0.0160168
0.3125 0.375 -0.0357829
0.3125 0.40625 -0.0588413
0.28125 0.40625 -0.0378997
0.3125 0.5 -0.0952627
0.3125 0.46875 -0.0953099
0.34375 0.46875 -0.11984
0.34375 0.5 -0.122238
0.3125 0.5 -0.0952627
0.3125 0.46875 -0.0953099
0.3125 0.4375 -0.0796674
0.34375 0.4375 -0.101288
0.34375 0.46875 -0.11984
0.3125 0.46875 -0.0953099
0.34375 0.5 -0.122238
0.34375 0.46875 -0.11984
0.375 0.46875 -0.142586
0.375 0.5 -0.148565
0.34375 0.5 -0.122238
0.34375 0.46875 -0.11984
0.34375 0.4375 -0.101288
0.375 0.4375 -0.121974
0.375 0.46875 -0.142586
0.34375 0.46875 -0.11984
0.3125 0.4375 -0.0796674
0.3125 0.40625 -0.0588413
0.34375 0.40625 -0.0790204
0.34375 0.4375 -0.101288
0.3125 0.4375 -0.0796674
0.3125 0.40625 -0.0588413
0.3125 0.375 -0.0357829
0.34375 0.375 -0.0552505
0.34375 0.40625 -0.0790204
0.3125 0.40625 -0.0588413
0.34375 0.4375 -0.101288
0.34375 0.40625 -0.0790204
0.375 0.40625 -0.0986713
0.375 0.4375 -0.121974
0.34375 0.4375 -0.101288
0.34375 0.40625 -0.0790204
0.34375 0.375 -0.0552505
0.375 0.375 -0.0744457
0.375 0.40625 -0.0986713
0.34375 0.40625 -0.0790204
0.25 0.375 0.00481936
0.25 0.34375 0.0279856
0.28125 0.34375 0.00776462
0.28125 0.375 -0.0160168
0.25 0.375 0.00481936
0.25 0.34375 0.0279856
0.25 0.3125 0.0518601
0.28125 0.3125 0.0321499
0.28125 0.34375 0.00776462
0.25 0.34375 0.0279856
0.28125 0.375 -0.0160168
0.28125 0.34375 0.00776462
0.3125 0.34375 -0.0117487
0.3125 0.375 -0.0357829
0.28125 0.375 -0.0160168
0.28125 0.34375 0.00776462
0.28125 0.3125 0.0321499
0.3125 0.3125 0.0128718
0.3125 0.34375 -0.0117487
0.28125 0.34375 0.00776462
0.25 0.3125 0.0518601
0.25 0.28125 0.0761287
0.28125 0.28125 0.056742
0.28125 0.3125 0.0321499
0.25 0.3125 0.0518601
0.25 0.28125 0.0761287
0.25 0.25 0.100637
0.28125 0.25 0.0814712
0.28125 0.28125 0.056742
0.25 0.28125 0.0761287
0.28125 0.3125 0.0321499
0.28125 0.28125 0.056742
0.3125 0.28125 0.0376543
0.3125 0.3125 0.0128718
0.28125 0.3125 0.0321499
0.28125 0.28125 0.056742
0.28125 0.25 0.0814712
0.3125 0.25 0.0625425
0.3125 0.28125 0.0376543
0.28125 0.28125 0.056742
0.3125 0.375 -0.0357829
0.3125 0.34375 -0.0117487
0.34375 0.34375 -0.0308329
0.34375 0.375 -0.0552505
0.3125 0.375 -0.0357829
0.3125 0.34375 -0.0117487
0.3125 0.3125 0.0128718
0.34375 0.3125 -0.0061372
0.34375 0.34375 -0.0308329
0.3125 0.34375 -0.0117487
0.34375 0.375 -0.0552505
0.34375 0.34375 -0.0308329
0.375 0.34375 -0.0497622
0.375 0.375 -0.0744457
0.34375 0.375 -0.0552505
0.34375 0.34375 -0.0308329
0.34375 0.3125 -0.0061372
0.375 0.3125 -0.0249117
0.375 0.34375 -0.0497622
0.34375 0.34375 -0.0308329
0.3125 0.3125 0.0128718
0.3125 0.28125 0.0376543
0.34375 0.28125 0.0187782
0.34375 0.3125 -0.0061372
0.3125 0.3125 0.0128718
0.3125 0.28125 0.0376543
0.3125 0.25 0.0625425
0.34375 0.25 0.0438144
0.34375 0.28125 0.0187782
0.3125 0.28125 0.0376543
0.34375 0.3125 -0.0061372
0.34375 0.28125 0.0187782
0.375 0.28125 8.51834e-005
0.375 0.3125 -0.0249117
0.34375 0.3125 -0.0061372
0.34375 0.28125 0.0187782
0.34375 0.25 0.0438144
0.375 0.25 0.0253014
0.375 0.28125 8.51834e-005
0.34375 0.28125 0.0187782
0.375 0.5 -0.148565
0.375 0.4375 -0.121974
0.4375 0.4375 -0.161353
0.4375 0.5 -0.1943
0.375 0.5 -0.148565
0.375 0.4375 -0.121974
0.375 0.40625 -0.0986713
0.40625 0.40625 -0.117953
0.40625 0.4375 -0.141932
0.375 0.4375 -0.121974
0.375 0.40625 -0.0986713
0.375 0.375 -0.0744457
0.40625 0.375 -0.0933717
0.40625 0.40625 -0.117953
0.375 0.40625 -0.0986713
0.40625 0.4375 -0.141932
0.40625 0.40625 -0.117953
0.4375 0.40625 -0.136866
0.4375 0.4375 -0.161353
0.40625 0.4375 -0.141932
0.40625 0.40625 -0.117953
0.40625 0.375 -0.0933717
0.4375 0.375 -0.111969
0.4375 0.40625 -0.136866
0.40625 0.40625 -0.117953
0.4375 0.5 -0.1943
0.4375 0.4375 -0.161353
0.5 0.4375 -0.197851
0.5 0.5 -0.238162
0.4375 0.5 -0.1943
0.4375 0.4375 -0.161353
0.4375 0.375 -0.111969
0.5 0.375 -0.14718
0.5 0.4375 -0.197851
0.4375 0.4375 -0.161353
0.375 0.375 -0.0744457
0.375 0.34375 -0.0497622
0.40625 0.34375 -0.0684718
0.40625 0.375 -0.0933717
0.375 0.375 -0.0744457
0.375 0.34375 -0.0497622
0.375 0.3125 -0.0249117
0.40625 0.3125 -0.0434293
0.40625 0.34375 -0.0684718
0.375 0.34375 -0.0497622
0.40625 0.375 -0.0933717
0.40625 0.34375 -0.0684718
0.4375 0.34375 -0.0868243
0.4375 0.375 -0.111969
0.40625 0.375 -0.0933717
0.40625 0.34375 -0.0684718
0.40625 0.3125 -0.0434293
0.4375 0.3125 -0.0614993
0.4375 0.34375 -0.0868243
0.40625 0.34375 -0.0684718
0.375 0.3125 -0.0249117
0.375 0.28125 8.51834e-005
0.40625 0.28125 -0.0182376
0.40625 0.3125 -0.0434293
0.375 0.3125 -0.0249117
0.375 0.28125 8.51834e-005
0.375 0.25 0.0253014
0.40625 0.25 0.00719996
0.40625 0.28125 -0.0182376
0.375 0.28125 8.51834e-005
0.40625 0.3125 -0.0434293
0.40625 0.28125 -0.0182376
0.4375 0.28125 -0.0359506
0.4375 0.3125 -0.0614993
0.40625 0.3125 -0.0434293
0.40625 0.28125 -0.0182376
0.40625 0.25 0.00719996
0.4375 0.25 -0.0101344
0.4375 0.28125 -0.0359506
0.40625 0.28125 -0.0182376
0.4375 0.375 -0.111969
0.4375 0.34375 -0.0868243
0.46875 0.34375 -0.104551
0.46875 0.375 -0.130059
0.4375 0.375 -0.111969
0.4375 0.34375 -0.0868243
0.4375 0.3125 -0.0614993
0.46875 0.3125 -0.0787243
0.46875 0.34375 -0.104551
0.4375 0.34375 -0.0868243
0.46875 0.375 -0.130059
0.46875 0.34375 -0.104551
0.5 0.34375 -0.120978
0.5 0.375 -0.14718
0.46875 0.375 -0.130059
0.46875 0.34375 -0.104551
0.46875 0.3125 -0.0787243
0.5 0.3125 -0.0943011
0.5 0.34375 -0.120978
0.46875 0.34375 -0.104551
0.4375 0.3125 -0.0614993
0.4375 0.28125 -0.0359506
0.46875 0.28125 -0.0525715
0.46875 0.3125 -0.0787243
0.4375 0.3125 -0.0614993
0.4375 0.28125 -0.0359506
0.4375 0.25 -0.0101344
0.46875 0.25 -0.0259758
0.46875 0.28125 -0.0525715
0.4375 0.28125 -0.0359506
0.46875 0.3125 -0.0787243
0.46875 0.28125 -0.0525715
0.5 0.28125 -0.0669942
0.5 0.3125 -0.0943011
0.46875 0.3125 -0.0787243
0.46875 0.28125 -0.0525715
0.46875 0.25 -0.0259758
0.5 0.25 -0.0390694
0.5 0.28125 -0.0669942
0.46875 0.28125 -0.0525715
0.25 0.25 0.100637
0.25 0.21875 0.125305
0.28125 0.21875 0.106318
0.28125 0.25 0.0814712
0.25 0.25 0.100637
0.25 0.21875 0.125305
0.25 0.1875 0.150104
0.28125 0.1875 0.131289
0.28125 0.21875 0.106318
0.25 0.21875 0.125305
0.28125 0.25 0.0814712
0.28125 0.21875 0.106318
0.3125 0.21875 0.0875503
0.3125 0.25 0.0625425
0.28125 0.25 0.0814712
0.28125 0.21875 0.106318
0.28125 0.1875 0.131289
0.3125 0.1875 0.112697
0.3125 0.21875 0.0875503
0.28125 0.21875 0.106318
0.25 0.1875 0.150104
0.25 0.125 0.200124
0.3125 0.125 0.163555
0.3125 0.1875 0.112697
0.25 0.1875 0.150104
0.3125 0.25 0.0625425
0.3125 0.21875 0.0875503
0.34375 0.21875 0.0689991
0.34375 0.25 0.0438144
0.3125 0.25 0.0625425
0.3125 0.21875 0.0875503
0.3125 0.1875 0.112697
0.34375 0.1875 0.0943756
0.34375 0.21875 0.0689991
0.3125 0.21875 0.0875503
0.34375 0.25 0.0438144
0.34375 0.21875 0.0689991
0.375 0.21875 0.050753
0.375 0.25 0.0253014
0.34375 0.25 0.0438144
0.34375 0.21875 0.0689991
0.34375 0.1875 0.0943756
0.375 0.1875 0.0764973
0.375 0.21875 0.050753
0.34375 0.21875 0.0689991
0.3125 0.1875 0.112697
0.3125 0.15625 0.138021
0.34375 0.15625 0.119995
0.34375 0.1875 0.0943756
0.3125 0.1875 0.112697
0.3125 0.15625 0.138021
0.3125 0.125 0.163555
0.34375 0.125 0.145911
0.34375 0.15625 0.119995
0.3125 0.15625 0.138021
0.34375 0.1875 0.0943756
0.34375 0.15625 0.119995
0.375 0.15625 0.102598
0.375 0.1875 0.0764973
0.34375 0.1875 0.0943756
0.34375 0.15625 0.119995
0.34375 0.125 0.145911
0.375 0.125 0.129106
0.375 0.15625 0.102598
0.34375 0.15625 0.119995
0.25 0.125 0.200124
0.25 0.0625 0.250878
0.3125 0.0625 0.215576
0.3125 0.125 0.163555
0.25 0.125 0.200124
0.25 0.0625 0.250878
0.25 0 0.303074
0.3125 0 0.269646
0.3125 0.0625 0.215576
0.25 0.0625 0.250878
0.3125 0.125 0.163555
0.3125 0.0625 0.215576
0.375 0.0625 0.18357
0.375 0.125 0.129106
0.3125 0.125 0.163555
0.3125 0.0625 0.215576
0.3125 0 0.269646
0.375 0 0.240421
0.375 0.0625 0.18357
0.3125 0.0625 0.215576
0.375 0.25 0.0253014
0.375 0.21875 0.050753
0.40625 0.21875 0.0330698
0.40625 0.25 0.00719996
0.375 0.25 0.0253014
0.375 0.21875 0.050753
0.375 0.1875 0.0764973
0.40625 0.1875 0.0593865
0.40625 0.21875 0.0330698
0.375 0.21875 0.050753
0.40625 0.25 0.00719996
0.40625 0.21875 0.0330698
0.4375 0.21875 0.0163416
0.4375 0.25 -0.0101344
0.40625 0.25 0.00719996
0.40625 0.21875 0.0330698
0.40625 0.1875 0.0593865
0.4375 0.1875 0.0435098
0.4375 0.21875 0.0163416
0.40625 0.21875 0.0330698
0.375 0.1875 0.0764973
0.375 0.15625 0.102598
0.40625 0.15625 0.0861984
0.40625 0.1875 0.0593865
0.375 0.1875 0.0764973
0.375 0.15625 0.102598
0.375 0.125 0.129106
0.40625 0.125 0.113516
0.40625 0.15625 0.0861984
0.375 0.15625 0.102598
0.40625 0.1875 0.0593865
0.40625 0.15625 0.0861984
0.4375 0.15625 0.0713585
0.4375 0.1875 0.0435098
0.40625 0.1875 0.0593865
0.40625 0.15625 0.0861984
0.40625 0.125 0.113516
0.4375 0.125 0.0997276
0.4375 0.15625 0.0713585
0.40625 0.15625 0.0861984
0.4375 0.25 -0.0101344
0.4375 0.21875 0.0163416
0.46875 0.21875 0.00116214
0.46875 0.25 -0.0259758
0.4375 0.25 -0.0101344
0.4375 0.21875 0.0163416
0.4375 0.1875 0.0435098
0.46875 0.1875 0.0297266
0.46875 0.21875 0.00116214
0.4375 0.21875 0.0163416
0.46875 0.25 -0.0259758
0.46875 0.21875 0.00116214
0.5 0.21875 -0.0104393
0.5 0.25 -0.0390694
0.46875 0.25 -0.0259758
0.46875 0.21875 0.00116214
0.46875 0.1875 0.0297266
0.5 0.1875 0.0195705
0.5 0.21875 -0.0104393
0.46875 0.21875 0.00116214
0.4375 0.1875 0.0435098
0.4375 0.15625 0.0713585
0.46875 0.15625 0.0589034
0.46875 0.1875 0.0297266
0.4375 0.1875 0.0435098
0.4375 0.15625 0.0713585
0.4375 0.125 0.0997276
0.46875 0.125 0.0885089
0.46875 0.15625 0.0589034
0.4375 0.15625 0.0713585
0.46875 0.1875 0.0297266
0.46875 0.15625 0.0589034
0.5 0.15625 0.0501287
0.5 0.1875 0.0195705
0.46875 0.1875 0.0297266
0.46875 0.15625 0.0589034
0.46875 0.125 0.0885089
0.5 0.125 0.0808542
0.5 0.15625 0.0501287
0.46875 0.15625 0.0589034
0.375 0.125 0.129106
0.375 0.0625 0.18357
0.4375 0.0625 0.1579
0.4375 0.125 0.0997276
0.375 0.125 0.129106
0.375 0.0625 0.18357
0.375 0 0.240421
0.4375 0 0.217773
0.4375 0.0625 0.1579
0.375 0.0625 0.18357
0.4375 0.125 0.0997276
0.4375 0.09375 0.128645
0.46875 0.09375 0.118453
0.46875 0.125 0.0885089
0.4375 0.125 0.0997276
0.4375 0.09375 0.128645
0.4375 0.0625 0.1579
0.46875 0.0625 0.148612
0.46875 0.09375 0.118453
0.4375 0.09375 0.128645
0.46875 0.125 0.0885089
0.46875 0.09375 0.118453
0.5 0.09375 0.11169
0.5 0.125 0.0808542
0.46875 0.125 0.0885089
0.46875 0.09375 0.118453
0.46875 0.0625 0.148612
0.5 0.0625 0.142591
0.5 0.09375 0.11169
0.46875 0.09375 0.118453
0.4375 0.0625 0.1579
0.4375 0 0.217773
0.5 0 0.2047
0.5 0.0625 0.142591
0.4375 0.0625 0.1579
0.5 1 0.205069
0.5 0.9375 0.142962
0.5625 0.9375 0.159218
0.5625 1 0.218823
0.5 1 0.205069
0.5 0.9375 0.142962
0.5 0.90625 0.112024
0.53125 0.90625 0.119212
0.53125 0.9375 0.149439
0.5 0.9375 0.142962
0.5 0.90625 0.112024
0.5 0.875 0.0811579
0.53125 0.875 0.0891746
0.53125 0.90625 0.119212
0.5 0.90625 0.112024
0.53125 0.9375 0.149439
0.53125 0.90625 0.119212
0.5625 0.90625 0.129835
0.5625 0.9375 0.159218
0.53125 0.9375 0.149439
0.53125 0.90625 0.119212
0.53125 0.875 0.0891746
0.5625 0.875 0.100753
0.5625 0.90625 0.129835
0.53125 0.90625 0.119212
0.5625 1 0.218823
0.5625 0.9375 0.159218
0.625 0.9375 0.186117
0.625 1 0.242671
0.5625 1 0.218823
0.5625 0.9375 0.159218
0.5625 0.875 0.100753
0.625 0.875 0.130483
0.625 0.9375 0.186117
0.5625 0.9375 0.159218
0.5 0.875 0.0811579
0.5 0.84375 0.0503823
0.53125 0.84375 0.0593837
0.53125 0.875 0.0891746
0.5 0.875 0.0811579
0.5 0.84375 0.0503823
0.5 0.8125 0.0197257
0.53125 0.8125 0.0299161
0.53125 0.84375 0.0593837
0.5 0.84375 0.0503823
0.53125 0.875 0.0891746
0.53125 0.84375 0.0593837
0.5625 0.84375 0.0720641
0.5625 0.875 0.100753
0.53125 0.875 0.0891746
0.53125 0.84375 0.0593837
0.53125 0.8125 0.0299161
0.5625 0.8125 0.0438286
0.5625 0.84375 0.0720641
0.53125 0.84375 0.0593837
0.5 0.8125 0.0197257
0.5 0.78125 -0.0105549
0.53125 0.78125 0.000872396
0.53125 0.8125 0.0299161
0.5 0.8125 0.0197257
0.5 0.78125 -0.0105549
0.5 0.75 -0.0399442
0.53125 0.75 -0.0267218
0.53125 0.78125 0.000872396
0.5 0.78125 -0.0105549
0.53125 0.8125 0.0299161
0.53125 0.78125 0.000872396
0.5625 0.78125 0.0161297
0.5625 0.8125 0.0438286
0.53125 0.8125 0.0299161
0.53125 0.78125 0.000872396
0.53125 0.75 -0.0267218
0.5625 0.75 -0.0106187
0.5625 0.78125 0.0161297
0.53125 0.78125 0.000872396
0.5625 0.875 0.100753
0.5625 0.84375 0.0720641
0.59375 0.84375 0.0870821
0.59375 0.875 0.114811
0.5625 0.875 0.100753
0.5625 0.84375 0.0720641
0.5625 0.8125 0.0438286
0.59375 0.8125 0.0598451
0.59375 0.84375 0.0870821
0.5625 0.84375 0.0720641
0.59375 0.875 0.114811
0.59375 0.84375 0.0870821
0.625 0.84375 0.103547
0.625 0.875 0.130483
0.59375 0.875 0.114811
0.59375 0.84375 0.0870821
0.59375 0.8125 0.0598451
0.625 0.8125 0.0770542
0.625 0.84375 0.103547
0.59375 0.84375 0.0870821
0.5625 0.8125 0.0438286
0.5625 0.78125 0.0161297
0.59375 0.78125 0.0331227
0.59375 0.8125 0.0598451
0.5625 0.8125 0.0438286
0.5625 0.78125 0.0161297
0.5625 0.75 -0.0106187
0.59375 0.75 0.0069225
0.59375 0.78125 0.0331227
0.5625 0.78125 0.0161297
0.59375 0.8125 0.0598451
0.59375 0.78125 0.0331227
0.625 0.78125 0.0509812
0.625 0.8125 0.0770542
0.59375 0.8125 0.0598451
0.59375 0.78125 0.0331227
0.59375 0.75 0.0069225
0.625 0.75 0.0253326
0.625 0.78125 0.0509812
0.59375 0.78125 0.0331227
0.625 1 0.242671
0.625 0.9375 0.186117
0.6875 0.9375 0.217955
0.6875 1 0.272092
0.625 1 0.242671
0.625 0.9375 0.186117
0.625 0.875 0.130483
0.6875 0.875 0.164673
0.6875 0.9375 0.217955
0.625 0.9375 0.186117
0.6875 1 0.272092
0.6875 0.9375 0.217955
0.75 0.9375 0.252846
0.75 1 0.305162
0.6875 1 0.272092
0.6875 0.9375 0.217955
0.6875 0.875 0.164673
0.75 0.875 0.201298
0.75 0.9375 0.252846
0.6875 0.9375 0.217955
0.625 0.875 0.130483
0.625 0.84375 0.103547
0.65625 0.84375 0.120884
0.65625 0.875 0.147235
0.625 0.875 0.130483
0.625 0.84375 0.103547
0.625 0.8125 0.0770542
0.65625 0.8125 0.0949192
0.65625 0.84375 0.120884
0.625 0.84375 0.103547
0.65625 0.875 0.147235
0.65625 0.84375 0.120884
0.6875 0.84375 0.138787
0.6875 0.875 0.164673
0.65625 0.875 0.147235
0.65625 0.84375 0.120884
0.65625 0.8125 0.0949192
0.6875 0.8125 0.113205
0.6875 0.84375 0.138787
0.65625 0.84375 0.120884
0.625 0.8125 0.0770542
0.625 0.78125 0.0509812
0.65625 0.78125 0.0692705
0.65625 0.8125 0.0949192
0.625 0.8125 0.0770542
0.625 0.78125 0.0509812
0.625 0.75 0.0253326
0.65625 0.75 0.0439421
0.65625 0.78125 0.0692705
0.625 0.78125 0.0509812
0.65625 0.8125 0.0949192
0.65625 0.78125 0.0692705
0.6875 0.78125 0.0878601
0.6875 0.8125 0.113205
0.65625 0.8125 0.0949192
0.65625 0.78125 0.0692705
0.65625 0.75 0.0439421
0.6875 0.75 0.0627622
0.6875 0.78125 0.0878601
0.65625 0.78125 0.0692705
0.6875 0.875 0.164673
0.6875 0.8125 0.113205
0.75 0.8125 0.150742
0.75 0.875 0.201298
0.6875 0.875 0.164673
0.6875 0.8125 0.113205
0.6875 0.78125 0.0878601
0.71875 0.78125 0.106721
0.71875 0.8125 0.13181
0.6875 0.8125 0.113205
0.6875 0.78125 0.0878601
0.6875 0.75 0.0627622
0.71875 0.75 0.0818328
0.71875 0.78125 0.106721
0.6875 0.78125 0.0878601
0.71875 0.8125 0.13181
0.71875 0.78125 0.106721
0.75 0.78125 0.125907
0.75 0.8125 0.150742
0.71875 0.8125 0.13181
0.71875 0.78125 0.106721
0.71875 0.75 0.0818328
0.75 0.75 0.101265
0.75 0.78125 0.125907
0.71875 0.78125 0.106721
0.5 0.75 -0.0399442
0.5 0.71875 -0.0684297
0.53125 0.71875 -0.053544
0.53125 0.75 -0.0267218
0.5 0.75 -0.0399442
0.5 0.71875 -0.0684297
0.5 0.6875 -0.0959689
0.53125 0.6875 -0.0797454
0.53125 0.71875 -0.053544
0.5 0.71875 -0.0684297
0.53125 0.75 -0.0267218
0.53125 0.71875 -0.053544
0.5625 0.71875 -0.0365119
0.5625 0.75 -0.0106187
0.53125 0.75 -0.0267218
0.53125 0.71875 -0.053544
0.53125 0.6875 -0.0797454
0.5625 0.6875 -0.0620506
0.5625 0.71875 -0.0365119
0.53125 0.71875 -0.053544
0.5 0.6875 -0.0959689
0.5 0.65625 -0.122721
0.53125 0.65625 -0.105508
0.53125 0.6875 -0.0797454
0.5 0.6875 -0.0959689
0.5 0.65625 -0.122721
0.5 0.625 -0.148764
0.53125 0.625 -0.130928
0.53125 0.65625 -0.105508
0.5 0.65625 -0.122721
0.53125 0.6875 -0.0797454
0.53125 0.65625 -0.105508
0.5625 0.65625 -0.0873515
0.5625 0.6875 -0.0620506
0.53125 0.6875 -0.0797454
0.53125 0.65625 -0.105508
0.53125 0.625 -0.130928
0.5625 0.625 -0.112488
0.5625 0.65625 -0.0873515
0.53125 0.65625 -0.105508
0.5625 0.75 -0.0106187
0.5625 0.71875 -0.0365119
0.59375 0.71875 -0.0185065
0.59375 0.75 0.0069225
0.5625 0.75 -0.0106187
0.5625 0.71875 -0.0365119
0.5625 0.6875 -0.0620506
0.59375 0.6875 -0.043702
0.59375 0.71875 -0.0185065
0.5625 0.71875 -0.0365119
0.59375 0.75 0.0069225
0.59375 0.71875 -0.0185065
0.625 0.71875 -2.16348e-006
0.625 0.75 0.0253326
0.59375 0.75 0.0069225
0.59375 0.71875 -0.0185065
0.59375 0.6875 -0.043702
0.625 0.6875 -0.0250119
0.625 0.71875 -2.16348e-006
0.59375 0.71875 -0.0185065
0.5625 0.6875 -0.0620506
0.5625 0.65625 -0.0873515
0.59375 0.65625 -0.0687634
0.59375 0.6875 -0.043702
0.5625 0.6875 -0.0620506
0.5625 0.65625 -0.0873515
0.5625 0.625 -0.112488
0.59375 0.625 -0.0937045
0.59375 0.65625 -0.0687634
0.5625 0.65625 -0.0873515
0.59375 0.6875 -0.043702
0.59375 0.65625 -0.0687634
0.625 0.65625 -0.0499115
0.625 0.6875 -0.0250119
0.59375 0.6875 -0.043702
0.59375 0.65625 -0.0687634
0.59375 0.625 -0.0937045
0.625 0.625 -0.0746807
0.625 0.65625 -0.0499115
0.59375 0.65625 -0.0687634
0.5 0.625 -0.148764
0.5 0.5625 -0.199852
0.5625 0.5625 -0.162326
0.5625 0.625 -0.112488
0.5 0.625 -0.148764
0.5 0.5625 -0.199852
0.5 0.5 -0.238162
0.5625 0.5 -0.197045
0.5625 0.5625 -0.162326
0.5 0.5625 -0.199852
0.5625 0.625 -0.112488
0.5625 0.59375 -0.137484
0.59375 0.59375 -0.118505
0.59375 0.625 -0.0937045
0.5625 0.625 -0.112488
0.5625 0.59375 -0.137484
0.5625 0.5625 -0.162326
0.59375 0.5625 -0.143116
0.59375 0.59375 -0.118505
0.5625 0.59375 -0.137484
0.59375 0.625 -0.0937045
0.59375 0.59375 -0.118505
0.625 0.59375 -0.0992711
0.625 0.625 -0.0746807
0.59375 0.625 -0.0937045
0.59375 0.59375 -0.118505
0.59375 0.5625 -0.143116
0.625 0.5625 -0.123556
0.625 0.59375 -0.0992711
0.59375 0.59375 -0.118505
0.5625 0.5625 -0.162326
0.5625 0.5 -0.197045
0.625 0.5 -0.145799
0.625 0.5625 -0.123556
0.5625 0.5625 -0.162326
0.625 0.75 0.0253326
0.625 0.71875 -2.16348e-006
0.65625 0.71875 0.0188126
0.65625 0.75 0.0439421
0.625 0.75 0.0253326
0.625 0.71875 -2.16348e-006
0.625 0.6875 -0.0250119
0.65625 0.6875 -0.00609679
0.65625 0.71875 0.0188126
0.625 0.71875 -2.16348e-006
0.65625 0.75 0.0439421
0.65625 0.71875 0.0188126
0.6875 0.71875 0.0378244
0.6875 0.75 0.0627622
0.65625 0.75 0.0439421
0.65625 0.71875 0.0188126
0.65625 0.6875 -0.00609679
0.6875 0.6875 0.0130282
0.6875 0.71875 0.0378244
0.65625 0.71875 0.0188126
0.625 0.6875 -0.0250119
0.625 0.65625 -0.0499115
0.65625 0.65625 -0.0308523
0.65625 0.6875 -0.00609679
0.625 0.6875 -0.0250119
0.625 0.65625 -0.0499115
0.625 0.625 -0.0746807
0.65625 0.625 -0.0554258
0.65625 0.65625 -0.0308523
0.625 0.65625 -0.0499115
0.65625 0.6875 -0.00609679
0.65625 0.65625 -0.0308523
0.6875 0.65625 -0.0115689
0.6875 0.6875 0.0130282
0.65625 0.6875 -0.00609679
0.65625 0.65625 -0.0308523
0.65625 0.625 -0.0554258
0.6875 0.625 -0.0358367
0.6875 0.65625 -0.0115689
0.65625 0.65625 -0.0308523
0.6875 0.75 0.0627622
0.6875 0.71875 0.0378244
0.71875 0.71875 0.0570965
0.71875 0.75 0.0818328
0.6875 0.75 0.0627622
0.6875 0.71875 0.0378244
0.6875 0.6875 0.0130282
0.71875 0.6875 0.032521
0.71875 0.71875 0.0570965
0.6875 0.71875 0.0378244
0.71875 0.75 0.0818328
0.71875 0.71875 0.0570965
0.75 0.71875 0.0768426
0.75 0.75 0.101265
0.71875 0.75 0.0818328
0.71875 0.71875 0.0570965
0.71875 0.6875 0.032521
0.75 0.6875 0.0526782
0.75 0.71875 0.0768426
0.71875 0.71875 0.0570965
0.6875 0.6875 0.0130282
0.6875 0.65625 -0.0115689
0.71875 0.65625 0.00814409
0.71875 0.6875 0.032521
0.6875 0.6875 0.0130282
0.6875 0.65625 -0.0115689
0.6875 0.625 -0.0358367
0.71875 0.625 -0.0156457
0.71875 0.65625 0.00814409
0.6875 0.65625 -0.0115689
0.71875 0.6875 0.032521
0.71875 0.65625 0.00814409
0.75 0.65625 0.0288979
0.75 0.6875 0.0526782
0.71875 0.6875 0.032521
0.71875 0.65625 0.00814409
0.71875 0.625 -0.0156457
0.75 0.625 0.00571006
0.75 0.65625 0.0288979
0.71875 0.65625 0.00814409
0.625 0.625 -0.0746807
0.625 0.59375 -0.0992711
0.65625 0.59375 -0.079703
0.65625 0.625 -0.0554258
0.625 0.625 -0.0746807
0.625 0.59375 -0.0992711
0.625 0.5625 -0.123556
0.65625 0.5625 -0.103383
0.65625 0.59375 -0.079703
0.625 0.59375 -0.0992711
0.65625 0.625 -0.0554258
0.65625 0.59375 -0.079703
0.6875 0.59375 -0.0595462
0.6875 0.625 -0.0358367
0.65625 0.625 -0.0554258
0.65625 0.59375 -0.079703
0.65625 0.5625 -0.103383
0.6875 0.5625 -0.0820674
0.6875 0.59375 -0.0595462
0.65625 0.59375 -0.079703
0.625 0.5625 -0.123556
0.625 0.53125 -0.146717
0.65625 0.53125 -0.125124
0.65625 0.5625 -0.103383
0.625 0.5625 -0.123556
0.625 0.53125 -0.146717
0.625 0.5 -0.145799
0.65625 0.5 -0.11933
0.65625 0.53125 -0.125124
0.625 0.53125 -0.146717
0.65625 0.5625 -0.103383
0.65625 0.53125 -0.125124
0.6875 0.53125 -0.10028
0.6875 0.5625 -0.0820674
0.65625 0.5625 -0.103383
0.65625 0.53125 -0.125124
0.65625 0.5 -0.11933
0.6875 0.5 -0.0924346
0.6875 0.53125 -0.10028
0.65625 0.53125 -0.125124
0.6875 0.625 -0.0358367
0.6875 0.59375 -0.0595462
0.71875 0.59375 -0.0383424
0.71875 0.625 -0.0156457
0.6875 0.625 -0.0358367
0.6875 0.59375 -0.0595462
0.6875 0.5625 -0.0820674
0.71875 0.5625 -0.0588338
0.71875 0.59375 -0.0383424
0.6875 0.59375 -0.0595462
0.71875 0.625 -0.0156457
0.71875 0.59375 -0.0383424
0.75 0.59375 -0.0154569
0.75 0.625 0.00571006
0.71875 0.625 -0.0156457
0.71875 0.59375 -0.0383424
0.71875 0.5625 -0.0588338
0.75 0.5625 -0.0331354
0.75 0.59375 -0.0154569
0.71875 0.59375 -0.0383424
0.6875 0.5625 -0.0820674
0.6875 0.53125 -0.10028
0.71875 0.53125 -0.0724666
0.71875 0.5625 -0.0588338
0.6875 0.5625 -0.0820674
0.6875 0.53125 -0.10028
0.6875 0.5 -0.0924346
0.71875 0.5 -0.0649997
0.71875 0.53125 -0.0724666
0.6875 0.53125 -0.10028
0.71875 0.5625 -0.0588338
0.71875 0.53125 -0.0724666
0.75 0.53125 -0.0426636
0.75 0.5625 -0.0331354
0.71875 0.5625 -0.0588338
0.71875 0.53125 -0.0724666
0.71875 0.5 -0.0649997
0.75 0.5 -0.0370105
0.75 0.53125 -0.0426636
0.71875 0.53125 -0.0724666
0.75 1 0.305162
0.75 0.875 0.201298
0.875 0.875 0.280137
0.875 1 0.378163
0.75 1 0.305162
0.75 0.875 0.201298
0.75 0.8125 0.150742
0.8125 0.8125 0.19027
0.8125 0.875 0.239503
0.75 0.875 0.201298
0.75 0.8125 0.150742
0.75 0.75 0.101265
0.8125 0.75 0.142172
0.8125 0.8125 0.19027
0.75 0.8125 0.150742
0.8125 0.875 0.239503
0.8125 0.8125 0.19027
0.875 0.8125 0.233048
0.875 0.875 0.280137
0.8125 0.875 0.239503
0.8125 0.8125 0.19027
0.8125 0.75 0.142172
0.875 0.75 0.188087
0.875 0.8125 0.233048
0.8125 0.8125 0.19027
0.875 1 0.378163
0.875 0.875 0.280137
1 0.875 0.375607
1 1 0.465268
0.875 1 0.378163
0.875 0.875 0.280137
0.875 0.75 0.188087
1 0.75 0.291965
1 0.875 0.375607
0.875 0.875 0.280137
0.75 0.75 0.101265
0.75 0.71875 0.0768426
0.78125 0.71875 0.0973797
0.78125 0.75 0.121294
0.75 0.75 0.101265
0.75 0.71875 0.0768426
0.75 0.6875 0.0526782
0.78125 0.6875 0.0739654
0.78125 0.71875 0.0973797
0.75 0.71875 0.0768426
0.78125 0.75 0.121294
0.78125 0.71875 0.0973797
0.8125 0.71875 0.119068
0.8125 0.75 0.142172
0.78125 0.75 0.121294
0.78125 0.71875 0.0973797
0.78125 0.6875 0.0739654
0.8125 0.6875 0.096699
0.8125 0.71875 0.119068
0.78125 0.71875 0.0973797
0.75 0.6875 0.0526782
0.75 0.65625 0.0288979
0.78125 0.65625 0.0512561
0.78125 0.6875 0.0739654
0.75 0.6875 0.0526782
0.75 0.65625 0.0288979
0.75 0.625 0.00571006
0.78125 0.625 0.0297075
0.78125 0.65625 0.0512561
0.75 0.65625 0.0288979
0.78125 0.6875 0.0739654
0.78125 0.65625 0.0512561
0.8125 0.65625 0.0755116
0.8125 0.6875 0.096699
0.78125 0.6875 0.0739654
0.78125 0.65625 0.0512561
0.78125 0.625 0.0297075
0.8125 0.625 0.0559611
0.8125 0.65625 0.0755116
0.78125 0.65625 0.0512561
0.8125 0.75 0.142172
0.8125 0.6875 0.096699
0.875 0.6875 0.146328
0.875 0.75 0.188087
0.8125 0.75 0.142172
0.8125 0.6875 0.096699
0.8125 0.65625 0.0755116
0.84375 0.65625 0.101307
0.84375 0.6875 0.120977
0.8125 0.6875 0.096699
0.8125 0.65625 0.0755116
0.8125 0.625 0.0559611
0.84375 0.625 0.0834972
0.84375 0.65625 0.101307
0.8125 0.65625 0.0755116
0.84375 0.6875 0.120977
0.84375 0.65625 0.101307
0.875 0.65625 0.128062
0.875 0.6875 0.146328
0.84375 0.6875 0.120977
0.84375 0.65625 0.101307
0.84375 0.625 0.0834972
0.875 0.625 0.111786
0.875 0.65625 0.128062
0.84375 0.65625 0.101307
0.75 0.625 0.00571006
0.75 0.59375 -0.0154569
0.78125 0.59375 0.0101398
0.78125 0.625 0.0297075
0.75 0.625 0.00571006
0.75 0.59375 -0.0154569
0.75 0.5625 -0.0331354
0.78125 0.5625 -0.0050645
0.78125 0.59375 0.0101398
0.75 0.59375 -0.0154569
0.78125 0.625 0.0297075
0.78125 0.59375 0.0101398
0.8125 0.59375 0.0388266
0.8125 0.625 0.0559611
0.78125 0.625 0.0297075
0.78125 0.59375 0.0101398
0.78125 0.5625 -0.0050645
0.8125 0.5625 0.0253977
0.8125 0.59375 0.0388266
0.78125 0.59375 0.0101398
0.75 0.5625 -0.0331354
0.75 0.53125 -0.0426636
0.78125 0.53125 -0.0123419
0.78125 0.5625 -0.0050645
0.75 0.5625 -0.0331354
0.75 0.53125 -0.0426636
0.75 0.5 -0.0370105
0.78125 0.5 -0.00843008
0.78125 0.53125 -0.0123419
0.75 0.53125 -0.0426636
0.78125 0.5625 -0.0050645
0.78125 0.53125 -0.0123419
0.8125 0.53125 0.0185656
0.8125 0.5625 0.0253977
0.78125 0.5625 -0.0050645
0.78125 0.53125 -0.0123419
0.78125 0.5 -0.00843008
0.8125 0.5 0.02161
0.8125 0.53125 0.0185656
0.78125 0.53125 -0.0123419
0.8125 0.625 0.0559611
0.8125 0.59375 0.0388266
0.84375 0.59375 0.068208
0.84375 0.625 0.0834972
0.8125 0.625 0.0559611
0.8125 0.59375 0.0388266
0.8125 0.5625 0.0253977
0.84375 0.5625 0.056392
0.84375 0.59375 0.068208
0.8125 0.59375 0.0388266
0.84375 0.625 0.0834972
0.84375 0.59375 0.068208
0.875 0.59375 0.0979788
0.875 0.625 0.111786
0.84375 0.625 0.0834972
0.84375 0.59375 0.068208
0.84375 0.5625 0.056392
0.875 0.5625 0.0873587
0.875 0.59375 0.0979788
0.84375 0.59375 0.068208
0.8125 0.5625 0.0253977
0.8125 0.53125 0.0185656
0.84375 0.53125 0.0498119
0.84375 0.5625 0.056392
0.8125 0.5625 0.0253977
0.8125 0.53125 0.0185656
0.8125 0.5 0.02161
0.84375 0.5 0.0523947
0.84375 0.53125 0.0498119
0.8125 0.53125 0.0185656
0.84375 0.5625 0.056392
0.84375 0.53125 0.0498119
0.875 0.53125 0.0810536
0.875 0.5625 0.0873587
0.84375 0.5625 0.056392
0.84375 0.53125 0.0498119
0.84375 0.5 0.0523947
0.875 0.5 0.08328
0.875 0.53125 0.0810536
0.84375 0.53125 0.0498119
0.875 0.75 0.188087
0.875 0.6875 0.146328
0.9375 0.6875 0.200716
0.9375 0.75 0.237885
0.875 0.75 0.188087
0.875 0.6875 0.146328
0.875 0.625 0.111786
0.9375 0.625 0.169804
0.9375 0.6875 0.200716
0.875 0.6875 0.146328
0.9375 0.75 0.237885
0.9375 0.6875 0.200716
1 0.6875 0.258105
1 0.75 0.291965
0.9375 0.75 0.237885
0.9375 0.6875 0.200716
0.9375 0.625 0.169804
1 0.625 0.23048
1 0.6875 0.258105
0.9375 0.6875 0.200716
0.875 0.625 0.111786
0.875 0.59375 0.0979788
0.90625 0.59375 0.127983
0.90625 0.625 0.140626
0.875 0.625 0.111786
0.875 0.59375 0.0979788
0.875 0.5625 0.0873587
0.90625 0.5625 0.118286
0.90625 0.59375 0.127983
0.875 0.59375 0.0979788
0.90625 0.625 0.140626
0.90625 0.59375 0.127983
0.9375 0.59375 0.158129
0.9375 0.625 0.169804
0.90625 0.625 0.140626
0.90625 0.59375 0.127983
0.90625 0.5625 0.118286
0.9375 0.5625 0.149198
0.9375 0.59375 0.158129
0.90625 0.59375 0.127983
0.875 0.5625 0.0873587
0.875 0.53125 0.0810536
0.90625 0.53125 0.112282
0.90625 0.5625 0.118286
0.875 0.5625 0.0873587
0.875 0.53125 0.0810536
0.875 0.5 0.08328
0.90625 0.5 0.114206
0.90625 0.53125 0.112282
0.875 0.53125 0.0810536
0.90625 0.5625 0.118286
0.90625 0.53125 0.112282
0.9375 0.53125 0.143518
0.9375 0.5625 0.149198
0.90625 0.5625 0.118286
0.90625 0.53125 0.112282
0.90625 0.5 0.114206
0.9375 0.5 0.145169
0.9375 0.53125 0.143518
0.90625 0.53125 0.112282
0.9375 0.625 0.169804
0.9375 0.5625 0.149198
1 0.5625 0.211604
1 0.625 0.23048
0.9375 0.625 0.169804
0.9375 0.5625 0.149198
0.9375 0.5 0.145169
1 0.5 0.207507
1 0.5625 0.211604
0.9375 0.5625 0.149198
0.5 0.5 -0.238162
0.5 0.4375 -0.197851
0.5625 0.4375 -0.161519
0.5625 0.5 -0.197045
0.5 0.5 -0.238162
0.5 0.4375 -0.197851
0.5 0.375 -0.14718
0.5625 0.375 -0.122758
0.5625 0.4375 -0.161519
0.5 0.4375 -0.197851
0.5625 0.5 -0.197045
0.5625 0.4375 -0.161519
0.625 0.4375 -0.111901
0.625 0.5 -0.145799
0.5625 0.5 -0.197045
0.5625 0.4375 -0.161519
0.5625 0.40625 -0.142415
0.59375 0.40625 -0.118077
0.59375 0.4375 -0.136843
0.5625 0.4375 -0.161519
0.5625 0.40625 -0.142415
0.5625 0.375 -0.122758
0.59375 0.375 -0.0989483
0.59375 0.40625 -0.118077
0.5625 0.40625 -0.142415
0.59375 0.4375 -0.136843
0.59375 0.40625 -0.118077
0.625 0.40625 -0.0933995
0.625 0.4375 -0.111901
0.59375 0.4375 -0.136843
0.59375 0.40625 -0.118077
0.59375 0.375 -0.0989483
0.625 0.375 -0.0745135
0.625 0.40625 -0.0933995
0.59375 0.40625 -0.118077
0.5 0.375 -0.14718
0.5 0.34375 -0.120978
0.53125 0.34375 -0.1231
0.53125 0.375 -0.145454
0.5 0.375 -0.14718
0.5 0.34375 -0.120978
0.5 0.3125 -0.0943011
0.53125 0.3125 -0.0995029
0.53125 0.34375 -0.1231
0.5 0.34375 -0.120978
0.53125 0.375 -0.145454
0.53125 0.34375 -0.1231
0.5625 0.34375 -0.102595
0.5625 0.375 -0.122758
0.53125 0.375 -0.145454
0.53125 0.34375 -0.1231
0.53125 0.3125 -0.0995029
0.5625 0.3125 -0.081398
0.5625 0.34375 -0.102595
0.53125 0.34375 -0.1231
0.5 0.3125 -0.0943011
0.5 0.28125 -0.0669942
0.53125 0.28125 -0.0736561
0.53125 0.3125 -0.0995029
0.5 0.3125 -0.0943011
0.5 0.28125 -0.0669942
0.5 0.25 -0.0390694
0.53125 0.25 -0.0455834
0.53125 0.28125 -0.0736561
0.5 0.28125 -0.0669942
0.53125 0.3125 -0.0995029
0.53125 0.28125 -0.0736561
0.5625 0.28125 -0.0590653
0.5625 0.3125 -0.081398
0.53125 0.3125 -0.0995029
0.53125 0.28125 -0.0736561
0.53125 0.25 -0.0455834
0.5625 0.25 -0.0350436
0.5625 0.28125 -0.0590653
0.53125 0.28125 -0.0736561
0.5625 0.375 -0.122758
0.5625 0.34375 -0.102595
0.59375 0.34375 -0.0794535
0.59375 0.375 -0.0989483
0.5625 0.375 -0.122758
0.5625 0.34375 -0.102595
0.5625 0.3125 -0.081398
0.59375 0.3125 -0.0594983
0.59375 0.34375 -0.0794535
0.5625 0.34375 -0.102595
0.59375 0.375 -0.0989483
0.59375 0.34375 -0.0794535
0.625 0.34375 -0.0553974
0.625 0.375 -0.0745135
0.59375 0.375 -0.0989483
0.59375 0.34375 -0.0794535
0.59375 0.3125 -0.0594983
0.625 0.3125 -0.0359985
0.625 0.34375 -0.0553974
0.59375 0.34375 -0.0794535
0.5625 0.3125 -0.081398
0.5625 0.28125 -0.0590653
0.59375 0.28125 -0.0388284
0.59375 0.3125 -0.0594983
0.5625 0.3125 -0.081398
0.5625 0.28125 -0.0590653
0.5625 0.25 -0.0350436
0.59375 0.25 -0.0171431
0.59375 0.28125 -0.0388284
0.5625 0.28125 -0.0590653
0.59375 0.3125 -0.0594983
0.59375 0.28125 -0.0388284
0.625 0.28125 -0.0162138
0.625 0.3125 -0.0359985
0.59375 0.3125 -0.0594983
0.59375 0.28125 -0.0388284
0.59375 0.25 -0.0171431
0.625 0.25 0.0042814
0.625 0.28125 -0.0162138
0.59375 0.28125 -0.0388284
0.625 0.5 -0.145799
0.625 0.46875 -0.129644
0.65625 0.46875 -0.104067
0.65625 0.5 -0.11933
0.625 0.5 -0.145799
0.625 0.46875 -0.129644
0.625 0.4375 -0.111901
0.65625 0.4375 -0.0867775
0.65625 0.46875 -0.104067
0.625 0.46875 -0.129644
0.65625 0.5 -0.11933
0.65625 0.46875 -0.104067
0.6875 0.46875 -0.0782191
0.6875 0.5 -0.0924346
0.65625 0.5 -0.11933
0.65625 0.46875 -0.104067
0.65625 0.4375 -0.0867775
0.6875 0.4375 -0.0614986
0.6875 0.46875 -0.0782191
0.65625 0.46875 -0.104067
0.625 0.4375 -0.111901
0.625 0.40625 -0.0933995
0.65625 0.40625 -0.068522
0.65625 0.4375 -0.0867775
0.625 0.4375 -0.111901
0.625 0.40625 -0.0933995
0.625 0.375 -0.0745135
0.65625 0.375 -0.0498125
0.65625 0.40625 -0.068522
0.625 0.40625 -0.0933995
0.65625 0.4375 -0.0867775
0.65625 0.40625 -0.068522
0.6875 0.40625 -0.0435138
0.6875 0.4375 -0.0614986
0.65625 0.4375 -0.0867775
0.65625 0.40625 -0.068522
0.65625 0.375 -0.0498125
0.6875 0.375 -0.0249716
0.6875 0.40625 -0.0435138
0.65625 0.40625 -0.068522
0.6875 0.5 -0.0924346
0.6875 0.46875 -0.0782191
0.71875 0.46875 -0.0520842
0.71875 0.5 -0.0649997
0.6875 0.5 -0.0924346
0.6875 0.46875 -0.0782191
0.6875 0.4375 -0.0614986
0.71875 0.4375 -0.0360582
0.71875 0.46875 -0.0520842
0.6875 0.46875 -0.0782191
0.71875 0.5 -0.0649997
0.71875 0.46875 -0.0520842
0.75 0.46875 -0.0255729
0.75 0.5 -0.0370105
0.71875 0.5 -0.0649997
0.71875 0.46875 -0.0520842
0.71875 0.4375 -0.0360582
0.75 0.4375 -0.0104178
0.75 0.46875 -0.0255729
0.71875 0.46875 -0.0520842
0.6875 0.4375 -0.0614986
0.6875 0.40625 -0.0435138
0.71875 0.40625 -0.0183987
0.71875 0.4375 -0.0360582
0.6875 0.4375 -0.0614986
0.6875 0.40625 -0.0435138
0.6875 0.375 -0.0249716
0.71875 0.375 -4.33688e-005
0.71875 0.40625 -0.0183987
0.6875 0.40625 -0.0435138
0.71875 0.4375 -0.0360582
0.71875 0.40625 -0.0183987
0.75 0.40625 0.00691761
0.75 0.4375 -0.0104178
0.71875 0.4375 -0.0360582
0.71875 0.40625 -0.0183987
0.71875 0.375 -4.33688e-005
0.75 0.375 0.0251084
0.75 0.40625 0.00691761
0.71875 0.40625 -0.0183987
0.625 0.375 -0.0745135
0.625 0.34375 -0.0553974
0.65625 0.34375 -0.0308975
0.65625 0.375 -0.0498125
0.625 0.375 -0.0745135
0.625 0.34375 -0.0553974
0.625 0.3125 -0.0359985
0.65625 0.3125 -0.0117755
0.65625 0.34375 -0.0308975
0.625 0.34375 -0.0553974
0.65625 0.375 -0.0498125
0.65625 0.34375 -0.0308975
0.6875 0.34375 -0.00617745
0.6875 0.375 -0.0249716
0.65625 0.375 -0.0498125
0.65625 0.34375 -0.0308975
0.65625 0.3125 -0.0117755
0.6875 0.3125 0.0128336
0.6875 0.34375 -0.00617745
0.65625 0.34375 -0.0308975
0.625 0.3125 -0.0359985
0.625 0.28125 -0.0162138
0.65625 0.28125 0.00764342
0.65625 0.3125 -0.0117755
0.625 0.3125 -0.0359985
0.625 0.28125 -0.0162138
0.625 0.25 0.0042814
0.65625 0.25 0.0276891
0.65625 0.28125 0.00764342
0.625 0.28125 -0.0162138
0.65625 0.3125 -0.0117755
0.65625 0.28125 0.00764342
0.6875 0.28125 0.0320797
0.6875 0.3125 0.0128336
0.65625 0.3125 -0.0117755
0.65625 0.28125 0.00764342
0.65625 0.25 0.0276891
0.6875 0.25 0.0516961
0.6875 0.28125 0.0320797
0.65625 0.28125 0.00764342
0.6875 0.375 -0.0249716
0.6875 0.34375 -0.00617745
0.71875 0.34375 0.0187098
0.71875 0.375 -4.33688e-005
0.6875 0.375 -0.0249716
0.6875 0.34375 -0.00617745
0.6875 0.3125 0.0128336
0.71875 0.3125 0.0376148
0.71875 0.34375 0.0187098
0.6875 0.34375 -0.00617745
0.71875 0.375 -4.33688e-005
0.71875 0.34375 0.0187098
0.75 0.34375 0.0437032
0.75 0.375 0.0251084
0.71875 0.375 -4.33688e-005
0.71875 0.34375 0.0187098
0.71875 0.3125 0.0376148
0.75 0.3125 0.0624841
0.75 0.34375 0.0437032
0.71875 0.34375 0.0187098
0.6875 0.3125 0.0128336
0.6875 0.28125 0.0320797
0.71875 0.28125 0.0566983
0.71875 0.3125 0.0376148
0.6875 0.3125 0.0128336
0.6875 0.28125 0.0320797
0.6875 0.25 0.0516961
0.71875 0.25 0.0760371
0.71875 0.28125 0.0566983
0.6875 0.28125 0.0320797
0.71875 0.3125 0.0376148
0.71875 0.28125 0.0566983
0.75 0.28125 0.0814335
0.75 0.3125 0.0624841
0.71875 0.3125 0.0376148
0.71875 0.28125 0.0566983
0.71875 0.25 0.0760371
0.75 0.25 0.100584
0.75 0.28125 0.0814335
0.71875 0.28125 0.0566983
0.5 0.25 -0.0390694
0.5 0.21875 -0.0104393
0.53125 0.21875 -0.0157991
0.53125 0.25 -0.0455834
0.5 0.25 -0.0390694
0.5 0.21875 -0.0104393
0.5 0.1875 0.0195705
0.53125 0.1875 0.0153963
0.53125 0.21875 -0.0157991
0.5 0.21875 -0.0104393
0.53125 0.25 -0.0455834
0.53125 0.21875 -0.0157991
0.5625 0.21875 -0.00921321
0.5625 0.25 -0.0350436
0.53125 0.25 -0.0455834
0.53125 0.21875 -0.0157991
0.53125 0.1875 0.0153963
0.5625 0.1875 0.0199276
0.5625 0.21875 -0.00921321
0.53125 0.21875 -0.0157991
0.5 0.1875 0.0195705
0.5 0.15625 0.0501287
0.53125 0.15625 0.046643
0.53125 0.1875 0.0153963
0.5 0.1875 0.0195705
0.5 0.15625 0.0501287
0.5 0.125 0.0808542
0.53125 0.125 0.0778866
0.53125 0.15625 0.046643
0.5 0.15625 0.0501287
0.53125 0.1875 0.0153963
0.53125 0.15625 0.046643
0.5625 0.15625 0.0501983
0.5625 0.1875 0.0199276
0.53125 0.1875 0.0153963
0.53125 0.15625 0.046643
0.53125 0.125 0.0778866
0.5625 0.125 0.080805
0.5625 0.15625 0.0501983
0.53125 0.15625 0.046643
0.5625 0.25 -0.0350436
0.5625 0.21875 -0.00921321
0.59375 0.21875 0.00641154
0.59375 0.25 -0.0171431
0.5625 0.25 -0.0350436
0.5625 0.21875 -0.00921321
0.5625 0.1875 0.0199276
0.59375 0.1875 0.0330642
0.59375 0.21875 0.00641154
0.5625 0.21875 -0.00921321
0.59375 0.25 -0.0171431
0.59375 0.21875 0.00641154
0.625 0.21875 0.0264628
0.625 0.25 0.0042814
0.59375 0.25 -0.0171431
0.59375 0.21875 0.00641154
0.59375 0.1875 0.0330642
0.625 0.1875 0.0504505
0.625 0.21875 0.0264628
0.59375 0.21875 0.00641154
0.5625 0.1875 0.0199276
0.5625 0.15625 0.0501983
0.59375 0.15625 0.0609588
0.59375 0.1875 0.0330642
0.5625 0.1875 0.0199276
0.5625 0.15625 0.0501983
0.5625 0.125 0.080805
0.59375 0.125 0.0898567
0.59375 0.15625 0.0609588
0.5625 0.15625 0.0501983
0.59375 0.1875 0.0330642
0.59375 0.15625 0.0609588
0.625 0.15625 0.0761911
0.625 0.1875 0.0504505
0.59375 0.1875 0.0330642
0.59375 0.15625 0.0609588
0.59375 0.125 0.0898567
0.625 0.125 0.103115
0.625 0.15625 0.0761911
0.59375 0.15625 0.0609588
0.5 0.125 0.0808542
0.5 0.09375 0.11169
0.53125 0.09375 0.109122
0.53125 0.125 0.0778866
0.5 0.125 0.0808542
0.5 0.09375 0.11169
0.5 0.0625 0.142591
0.53125 0.0625 0.140353
0.53125 0.09375 0.109122
0.5 0.09375 0.11169
0.53125 0.125 0.0778866
0.53125 0.09375 0.109122
0.5625 0.09375 0.111588
0.5625 0.125 0.080805
0.53125 0.125 0.0778866
0.53125 0.09375 0.109122
0.53125 0.0625 0.140353
0.5625 0.0625 0.142459
0.5625 0.09375 0.111588
0.53125 0.09375 0.109122
0.5 0.0625 0.142591
0.5 0 0.2047
0.5625 0 0.204588
0.5625 0.0625 0.142459
0.5 0.0625 0.142591
0.5625 0.125 0.080805
0.5625 0.09375 0.111588
0.59375 0.09375 0.119284
0.59375 0.125 0.0898567
0.5625 0.125 0.080805
0.5625 0.09375 0.111588
0.5625 0.0625 0.142459
0.59375 0.0625 0.14911
0.59375 0.09375 0.119284
0.5625 0.09375 0.111588
0.59375 0.125 0.0898567
0.59375 0.09375 0.119284
0.625 0.09375 0.131018
0.625 0.125 0.103115
0.59375 0.125 0.0898567
0.59375 0.09375 0.119284
0.59375 0.0625 0.14911
0.625 0.0625 0.159522
0.625 0.09375 0.131018
0.59375 0.09375 0.119284
0.5625 0.0625 0.142459
0.5625 0 0.204588
0.625 0 0.21874
0.625 0.0625 0.159522
0.5625 0.0625 0.142459
0.625 0.25 0.0042814
0.625 0.21875 0.0264628
0.65625 0.21875 0.0486669
0.65625 0.25 0.0276891
0.625 0.25 0.0042814
0.625 0.21875 0.0264628
0.625 0.1875 0.0504505
0.65625 0.1875 0.0709032
0.65625 0.21875 0.0486669
0.625 0.21875 0.0264628
0.65625 0.25 0.0276891
0.65625 0.21875 0.0486669
0.6875 0.21875 0.0719209
0.6875 0.25 0.0516961
0.65625 0.25 0.0276891
0.65625 0.21875 0.0486669
0.65625 0.1875 0.0709032
0.6875 0.1875 0.093029
0.6875 0.21875 0.0719209
0.65625 0.21875 0.0486669
0.625 0.1875 0.0504505
0.625 0.15625 0.0761911
0.65625 0.15625 0.0945544
0.65625 0.1875 0.0709032
0.625 0.1875 0.0504505
0.625 0.15625 0.0761911
0.625 0.125 0.103115
0.65625 0.125 0.119648
0.65625 0.15625 0.0945544
0.625 0.15625 0.0761911
0.65625 0.1875 0.0709032
0.65625 0.15625 0.0945544
0.6875 0.15625 0.115276
0.6875 0.1875 0.093029
0.65625 0.1875 0.0709032
0.65625 0.15625 0.0945544
0.65625 0.125 0.119648
0.6875 0.125 0.138752
0.6875 0.15625 0.115276
0.65625 0.15625 0.0945544
0.6875 0.25 0.0516961
0.6875 0.21875 0.0719209
0.71875 0.21875 0.0957765
0.71875 0.25 0.0760371
0.6875 0.25 0.0516961
0.6875 0.21875 0.0719209
0.6875 0.1875 0.093029
0.71875 0.1875 0.116126
0.71875 0.21875 0.0957765
0.6875 0.21875 0.0719209
0.71875 0.25 0.0760371
0.71875 0.21875 0.0957765
0.75 0.21875 0.120027
0.75 0.25 0.100584
0.71875 0.25 0.0760371
0.71875 0.21875 0.0957765
0.71875 0.1875 0.116126
0.75 0.1875 0.139885
0.75 0.21875 0.120027
0.71875 0.21875 0.0957765
0.6875 0.1875 0.093029
0.6875 0.125 0.138752
0.75 0.125 0.181852
0.75 0.1875 0.139885
0.6875 0.1875 0.093029
0.625 0.125 0.103115
0.625 0.0625 0.159522
0.6875 0.0625 0.188973
0.6875 0.125 0.138752
0.625 0.125 0.103115
0.625 0.0625 0.159522
0.625 0 0.21874
0.6875 0 0.243981
0.6875 0.0625 0.188973
0.625 0.0625 0.159522
0.6875 0.125 0.138752
0.6875 0.0625 0.188973
0.75 0.0625 0.227454
0.75 0.125 0.181852
0.6875 0.125 0.138752
0.6875 0.0625 0.188973
0.6875 0 0.243981
0.75 0 0.2779
0.75 0.0625 0.227454
0.6875 0.0625 0.188973
0.75 0.5 -0.0370105
0.75 0.46875 -0.0255729
0.78125 0.46875 0.00143279
0.78125 0.5 -0.00843008
0.75 0.5 -0.0370105
0.75 0.46875 -0.0255729
0.75 0.4375 -0.0104178
0.78125 0.4375 0.0161225
0.78125 0.46875 0.00143279
0.75 0.46875 -0.0255729
0.78125 0.5 -0.00843008
0.78125 0.46875 0.00143279
0.8125 0.46875 0.0304365
0.8125 0.5 0.02161
0.78125 0.5 -0.00843008
0.78125 0.46875 0.00143279
0.78125 0.4375 0.0161225
0.8125 0.4375 0.0435245
0.8125 0.46875 0.0304365
0.78125 0.46875 0.00143279
0.75 0.4375 -0.0104178
0.75 0.40625 0.00691761
0.78125 0.40625 0.0327538
0.78125 0.4375 0.0161225
0.75 0.4375 -0.0104178
0.75 0.40625 0.00691761
0.75 0.375 0.0251084
0.78125 0.375 0.0505024
0.78125 0.40625 0.0327538
0.75 0.40625 0.00691761
0.78125 0.4375 0.0161225
0.78125 0.40625 0.0327538
0.8125 0.40625 0.0591198
0.8125 0.4375 0.0435245
0.78125 0.4375 0.0161225
0.78125 0.40625 0.0327538
0.78125 0.375 0.0505024
0.8125 0.375 0.076215
0.8125 0.40625 0.0591198
0.78125 0.40625 0.0327538
0.8125 0.5 0.02161
0.8125 0.46875 0.0304365
0.84375 0.46875 0.059987
0.84375 0.5 0.0523947
0.8125 0.5 0.02161
0.8125 0.46875 0.0304365
0.8125 0.4375 0.0435245
0.84375 0.4375 0.071662
0.84375 0.46875 0.059987
0.8125 0.46875 0.0304365
0.84375 0.5 0.0523947
0.84375 0.46875 0.059987
0.875 0.46875 0.0898824
0.875 0.5 0.08328
0.84375 0.5 0.0523947
0.84375 0.46875 0.059987
0.84375 0.4375 0.071662
0.875 0.4375 0.100304
0.875 0.46875 0.0898824
0.84375 0.46875 0.059987
0.8125 0.4375 0.0435245
0.8125 0.40625 0.0591198
0.84375 0.40625 0.0860604
0.84375 0.4375 0.071662
0.8125 0.4375 0.0435245
0.8125 0.40625 0.0591198
0.8125 0.375 0.076215
0.84375 0.375 0.102328
0.84375 0.40625 0.0860604
0.8125 0.40625 0.0591198
0.84375 0.4375 0.071662
0.84375 0.40625 0.0860604
0.875 0.40625 0.113549
0.875 0.4375 0.100304
0.84375 0.4375 0.071662
0.84375 0.40625 0.0860604
0.84375 0.375 0.102328
0.875 0.375 0.128895
0.875 0.40625 0.113549
0.84375 0.40625 0.0860604
0.75 0.375 0.0251084
0.75 0.34375 0.0437032
0.78125 0.34375 0.068835
0.78125 0.375 0.0505024
0.75 0.375 0.0251084
0.75 0.34375 0.0437032
0.75 0.3125 0.0624841
0.78125 0.3125 0.0874574
0.78125 0.34375 0.068835
0.75 0.34375 0.0437032
0.78125 0.375 0.0505024
0.78125 0.34375 0.068835
0.8125 0.34375 0.0941589
0.8125 0.375 0.076215
0.78125 0.375 0.0505024
0.78125 0.34375 0.068835
0.78125 0.3125 0.0874574
0.8125 0.3125 0.112558
0.8125 0.34375 0.0941589
0.78125 0.34375 0.068835
0.75 0.3125 0.0624841
0.75 0.28125 0.0814335
0.78125 0.28125 0.106268
0.78125 0.3125 0.0874574
0.75 0.3125 0.0624841
0.75 0.28125 0.0814335
0.75 0.25 0.100584
0.78125 0.25 0.125266
0.78125 0.28125 0.106268
0.75 0.28125 0.0814335
0.78125 0.3125 0.0874574
0.78125 0.28125 0.106268
0.8125 0.28125 0.131212
0.8125 0.3125 0.112558
0.78125 0.3125 0.0874574
0.78125 0.28125 0.106268
0.78125 0.25 0.125266
0.8125 0.25 0.15006
0.8125 0.28125 0.131212
0.78125 0.28125 0.106268
0.8125 0.375 0.076215
0.8125 0.34375 0.0941589
0.84375 0.34375 0.119739
0.84375 0.375 0.102328
0.8125 0.375 0.076215
0.8125 0.34375 0.0941589
0.8125 0.3125 0.112558
0.84375 0.3125 0.137835
0.84375 0.34375 0.119739
0.8125 0.34375 0.0941589
0.84375 0.375 0.102328
0.84375 0.34375 0.119739
0.875 0.34375 0.145643
0.875 0.375 0.128895
0.84375 0.375 0.102328
0.84375 0.34375 0.119739
0.84375 0.3125 0.137835
0.875 0.3125 0.163328
0.875 0.34375 0.145643
0.84375 0.34375 0.119739
0.8125 0.3125 0.112558
0.8125 0.25 0.15006
0.875 0.25 0.200036
0.875 0.3125 0.163328
0.8125 0.3125 0.112558
0.875 0.5 0.08328
0.875 0.46875 0.0898824
0.90625 0.46875 0.12004
0.90625 0.5 0.114206
0.875 0.5 0.08328
0.875 0.46875 0.0898824
0.875 0.4375 0.100304
0.90625 0.4375 0.129462
0.90625 0.46875 0.12004
0.875 0.46875 0.0898824
0.90625 0.5 0.114206
0.90625 0.46875 0.12004
0.9375 0.46875 0.150373
0.9375 0.5 0.145169
0.90625 0.5 0.114206
0.90625 0.46875 0.12004
0.90625 0.4375 0.129462
0.9375 0.4375 0.158935
0.9375 0.46875 0.150373
0.90625 0.46875 0.12004
0.875 0.4375 0.100304
0.875 0.375 0.128895
0.9375 0.375 0.183597
0.9375 0.4375 0.158935
0.875 0.4375 0.100304
0.9375 0.5 0.145169
0.9375 0.4375 0.158935
1 0.4375 0.219148
1 0.5 0.207507
0.9375 0.5 0.145169
0.9375 0.4375 0.158935
0.9375 0.375 0.183597
1 0.375 0.240771
1 0.4375 0.219148
0.9375 0.4375 0.158935
0.875 0.375 0.128895
0.875 0.3125 0.163328
0.9375 0.3125 0.215345
0.9375 0.375 0.183597
0.875 0.375 0.128895
0.875 0.3125 0.163328
0.875 0.25 0.200036
0.9375 0.25 0.250745
0.9375 0.3125 0.215345
0.875 0.3125 0.163328
0.9375 0.375 0.183597
0.9375 0.3125 0.215345
1 0.3125 0.269547
1 0.375 0.240771
0.9375 0.375 0.183597
0.9375 0.3125 0.215345
0.9375 0.25 0.250745
1 0.25 0.302952
1 0.3125 0.269547
0.9375 0.3125 0.215345
0.75 0.25 0.100584
0.75 0.1875 0.139885
0.8125 0.1875 0.188484
0.8125 0.25 0.15006
0.75 0.25 0.100584
0.75 0.1875 0.139885
0.75 0.125 0.181852
0.8125 0.125 0.228491
0.8125 0.1875 0.188484
0.75 0.1875 0.139885
0.8125 0.25 0.15006
0.8125 0.1875 0.188484
0.875 0.1875 0.237694
0.875 0.25 0.200036
0.8125 0.25 0.15006
0.8125 0.1875 0.188484
0.8125 0.125 0.228491
0.875 0.125 0.276515
0.875 0.1875 0.237694
0.8125 0.1875 0.188484
0.75 0.125 0.181852
0.75 0 0.2779
0.875 0 0.363383
0.875 0.125 0.276515
0.75 0.125 0.181852
0.875 0.25 0.200036
0.875 0.125 0.276515
1 0.125 0.375495
1 0.25 0.302952
0.875 0.25 0.200036
0.875 0.125 0.276515
0.875 0 0.363383
1 0 0.457622
1 0.125 0.375495
0.875 0.125 0.276515
