0 1 0.404805
0 0.875 0.31644
0.125 0.875 0.214442
0.125 1 0.316746
0 1 0.404805
0 0.875 0.31644
0 0.8125 0.28183
0.0625 0.8125 0.224136
0.0625 0.875 0.262707
0 0.875 0.31644
0 0.8125 0.28183
0 0.75 0.254707
0.0625 0.75 0.193882
0.0625 0.8125 0.224136
0 0.8125 0.28183
0.0625 0.875 0.262707
0.0625 0.8125 0.224136
0.125 0.8125 0.168997
0.125 0.875 0.214442
0.0625 0.875 0.262707
0.0625 0.8125 0.224136
0.0625 0.75 0.193882
0.125 0.75 0.133669
0.125 0.8125 0.168997
0.0625 0.8125 0.224136
0.125 1 0.316746
0.125 0.9375 0.264365
0.1875 0.9375 0.230199
0.1875 1 0.28841
0.125 1 0.316746
0.125 0.9375 0.264365
0.125 0.875 0.214442
0.1875 0.875 0.173489
0.1875 0.9375 0.230199
0.125 0.9375 0.264365
0.1875 1 0.28841
0.1875 0.9375 0.230199
0.25 0.9375 0.209137
0.25 1 0.270915
0.1875 1 0.28841
0.1875 0.9375 0.230199
0.1875 0.875 0.173489
0.25 0.875 0.147447
0.25 0.9375 0.209137
0.1875 0.9375 0.230199
0.125 0.875 0.214442
0.125 0.8125 0.168997
0.1875 0.8125 0.121694
0.1875 0.875 0.173489
0.125 0.875 0.214442
0.125 0.8125 0.168997
0.125 0.78125 0.149993
0.15625 0.78125 0.123544
0.15625 0.8125 0.144569
0.125 0.8125 0.168997
0.125 0.78125 0.149993
0.125 0.75 0.133669
0.15625 0.75 0.105173
0.15625 0.78125 0.123544
0.125 0.78125 0.149993
0.15625 0.8125 0.144569
0.15625 0.78125 0.123544
0.1875 0.78125 0.0982333
0.1875 0.8125 0.121694
0.15625 0.8125 0.144569
0.15625 0.78125 0.123544
0.15625 0.75 0.105173
0.1875 0.75 0.0772839
0.1875 0.78125 0.0982333
0.15625 0.78125 0.123544
0.1875 0.875 0.173489
0.1875 0.84375 0.146951
0.21875 0.84375 0.129617
0.21875 0.875 0.158242
0.1875 0.875 0.173489
0.1875 0.84375 0.146951
0.1875 0.8125 0.121694
0.21875 0.8125 0.101855
0.21875 0.84375 0.129617
0.1875 0.84375 0.146951
0.21875 0.875 0.158242
0.21875 0.84375 0.129617
0.25 0.84375 0.117052
0.25 0.875 0.147447
0.21875 0.875 0.158242
0.21875 0.84375 0.129617
0.21875 0.8125 0.101855
0.25 0.8125 0.0868759
0.25 0.84375 0.117052
0.21875 0.84375 0.129617
0.1875 0.8125 0.121694
0.1875 0.78125 0.0982333
0.21875 0.78125 0.0753232
0.21875 0.8125 0.101855
0.1875 0.8125 0.121694
0.1875 0.78125 0.0982333
0.1875 0.75 0.0772839
0.21875 0.75 0.0508203
0.21875 0.78125 0.0753232
0.1875 0.78125 0.0982333
0.21875 0.8125 0.101855
0.21875 0.78125 0.0753232
0.25 0.78125 0.0571026
0.25 0.8125 0.0868759
0.21875 0.8125 0.101855
0.21875 0.78125 0.0753232
0.21875 0.75 0.0508203
0.25 0.75 0.0278553
0.25 0.78125 0.0571026
0.21875 0.78125 0.0753232
0 0.75 0.254707
0 0.6875 0.236608
0.0625 0.6875 0.174092
0.0625 0.75 0.193882
0 0.75 0.254707
0 0.6875 0.236608
0 0.625 0.238933
0.0625 0.625 0.176528
0.0625 0.6875 0.174092
0 0.6875 0.236608
0.0625 0.75 0.193882
0.0625 0.6875 0.174092
0.125 0.6875 0.111637
0.125 0.75 0.133669
0.0625 0.75 0.193882
0.0625 0.6875 0.174092
0.0625 0.625 0.176528
0.125 0.625 0.114143
0.125 0.6875 0.111637
0.0625 0.6875 0.174092
0 0.625 0.238933
0 0.5625 0.243608
0.0625 0.5625 0.18129
0.0625 0.625 0.176528
0 0.625 0.238933
0 0.5625 0.243608
0 0.5 0.248475
0.0625 0.5 0.186165
0.0625 0.5625 0.18129
0 0.5625 0.243608
0.0625 0.625 0.176528
0.0625 0.5625 0.18129
0.125 0.5625 0.118978
0.125 0.625 0.114143
0.0625 0.625 0.176528
0.0625 0.5625 0.18129
0.0625 0.5 0.186165
0.125 0.5 0.123856
0.125 0.5625 0.118978
0.0625 0.5625 0.18129
0.125 0.75 0.133669
0.125 0.71875 0.12063
0.15625 0.71875 0.0903486
0.15625 0.75 0.105173
0.125 0.75 0.133669
0.125 0.71875 0.12063
0.125 0.6875 0.111637
0.15625 0.6875 0.0804219
0.15625 0.71875 0.0903486
0.125 0.71875 0.12063
0.15625 0.75 0.105173
0.15625 0.71875 0.0903486
0.1875 0.71875 0.0601191
0.1875 0.75 0.0772839
0.15625 0.75 0.105173
0.15625 0.71875 0.0903486
0.15625 0.6875 0.0804219
0.1875 0.6875 0.0491937
0.1875 0.71875 0.0601191
0.15625 0.71875 0.0903486
0.125 0.6875 0.111637
0.125 0.65625 0.112048
0.15625 0.65625 0.0808326
0.15625 0.6875 0.0804219
0.125 0.6875 0.111637
0.125 0.65625 0.112048
0.125 0.625 0.114143
0.15625 0.625 0.0829759
0.15625 0.65625 0.0808326
0.125 0.65625 0.112048
0.15625 0.6875 0.0804219
0.15625 0.65625 0.0808326
0.1875 0.65625 0.0496134
0.1875 0.6875 0.0491937
0.15625 0.6875 0.0804219
0.15625 0.65625 0.0808326
0.15625 0.625 0.0829759
0.1875 0.625 0.0518102
0.1875 0.65625 0.0496134
0.15625 0.65625 0.0808326
0.1875 0.75 0.0772839
0.1875 0.71875 0.0601191
0.21875 0.71875 0.0299079
0.21875 0.75 0.0508203
0.1875 0.75 0.0772839
0.1875 0.71875 0.0601191
0.1875 0.6875 0.0491937
0.21875 0.6875 0.0179534
0.21875 0.71875 0.0299079
0.1875 0.71875 0.0601191
0.21875 0.75 0.0508203
0.21875 0.71875 0.0299079
0.25 0.71875 -0.000308934
0.25 0.75 0.0278553
0.21875 0.75 0.0508203
0.21875 0.71875 0.0299079
0.21875 0.6875 0.0179534
0.25 0.6875 -0.0130066
0.25 0.71875 -0.000308934
0.21875 0.71875 0.0299079
0.1875 0.6875 0.0491937
0.1875 0.65625 0.0496134
0.21875 0.65625 0.0183929
0.21875 0.6875 0.0179534
0.1875 0.6875 0.0491937
0.1875 0.65625 0.0496134
0.1875 0.625 0.0518102
0.21875 0.625 0.0206467
0.21875 0.65625 0.0183929
0.1875 0.65625 0.0496134
0.21875 0.6875 0.0179534
0.21875 0.65625 0.0183929
0.25 0.65625 -0.0128007
0.25 0.6875 -0.0130066
0.21875 0.6875 0.0179534
0.21875 0.65625 0.0183929
0.21875 0.625 0.0206467
0.25 0.625 -0.0105125
0.25 0.65625 -0.0128007
0.21875 0.65625 0.0183929
0.125 0.625 0.114143
0.125 0.59375 0.116542
0.15625 0.59375 0.0853862
0.15625 0.625 0.0829759
0.125 0.625 0.114143
0.125 0.59375 0.116542
0.125 0.5625 0.118978
0.15625 0.5625 0.0878234
0.15625 0.59375 0.0853862
0.125 0.59375 0.116542
0.15625 0.625 0.0829759
0.15625 0.59375 0.0853862
0.1875 0.59375 0.0542306
0.1875 0.625 0.0518102
0.15625 0.625 0.0829759
0.15625 0.59375 0.0853862
0.15625 0.5625 0.0878234
0.1875 0.5625 0.0566686
0.1875 0.59375 0.0542306
0.15625 0.59375 0.0853862
0.125 0.5625 0.118978
0.125 0.53125 0.121417
0.15625 0.53125 0.0902623
0.15625 0.5625 0.0878234
0.125 0.5625 0.118978
0.125 0.53125 0.121417
0.125 0.5 0.123856
0.15625 0.5 0.0927013
0.15625 0.53125 0.0902623
0.125 0.53125 0.121417
0.15625 0.5625 0.0878234
0.15625 0.53125 0.0902623
0.1875 0.53125 0.0591076
0.1875 0.5625 0.0566686
0.15625 0.5625 0.0878234
0.15625 0.53125 0.0902623
0.15625 0.5 0.0927013
0.1875 0.5 0.0615466
0.1875 0.53125 0.0591076
0.15625 0.53125 0.0902623
0.1875 0.625 0.0518102
0.1875 0.59375 0.0542306
0.21875 0.59375 0.0230753
0.21875 0.625 0.0206467
0.1875 0.625 0.0518102
0.1875 0.59375 0.0542306
0.1875 0.5625 0.0566686
0.21875 0.5625 0.0255139
0.21875 0.59375 0.0230753
0.1875 0.59375 0.0542306
0.21875 0.625 0.0206467
0.21875 0.59375 0.0230753
0.25 0.59375 -0.0080796
0.25 0.625 -0.0105125
0.21875 0.625 0.0206467
0.21875 0.59375 0.0230753
0.21875 0.5625 0.0255139
0.25 0.5625 -0.00564075
0.25 0.59375 -0.0080796
0.21875 0.59375 0.0230753
0.1875 0.5625 0.0566686
0.1875 0.53125 0.0591076
0.21875 0.53125 0.0279529
0.21875 0.5625 0.0255139
0.1875 0.5625 0.0566686
0.1875 0.53125 0.0591076
0.1875 0.5 0.0615466
0.21875 0.5 0.030392
0.21875 0.53125 0.0279529
0.1875 0.53125 0.0591076
0.21875 0.5625 0.0255139
0.21875 0.53125 0.0279529
0.25 0.53125 -0.00320173
0.25 0.5625 -0.00564075
0.21875 0.5625 0.0255139
0.21875 0.53125 0.0279529
0.21875 0.5 0.030392
0.25 0.5 -0.000762704
0.25 0.53125 -0.00320173
0.21875 0.53125 0.0279529
0.25 1 0.270915
0.25 0.9375 0.209137
0.3125 0.9375 0.200809
0.3125 1 0.263116
0.25 1 0.270915
0.25 0.9375 0.209137
0.25 0.875 0.147447
0.3125 0.875 0.138501
0.3125 0.9375 0.200809
0.25 0.9375 0.209137
0.3125 1 0.263116
0.3125 0.9375 0.200809
0.375 0.9375 0.195922
0.375 1 0.258231
0.3125 1 0.263116
0.3125 0.9375 0.200809
0.3125 0.875 0.138501
0.375 0.875 0.133612
0.375 0.9375 0.195922
0.3125 0.9375 0.200809
0.25 0.875 0.147447
0.25 0.84375 0.117052
0.28125 0.84375 0.110344
0.28125 0.875 0.141422
0.25 0.875 0.147447
0.25 0.84375 0.117052
0.25 0.8125 0.0868759
0.28125 0.8125 0.0792758
0.28125 0.84375 0.110344
0.25 0.84375 0.117052
0.28125 0.875 0.141422
0.28125 0.84375 0.110344
0.3125 0.84375 0.107348
0.3125 0.875 0.138501
0.28125 0.875 0.141422
0.28125 0.84375 0.110344
0.28125 0.8125 0.0792758
0.3125 0.8125 0.0761959
0.3125 0.84375 0.107348
0.28125 0.84375 0.110344
0.25 0.8125 0.0868759
0.25 0.78125 0.0571026
0.28125 0.78125 0.0482173
0.28125 0.8125 0.0792758
0.25 0.8125 0.0868759
0.25 0.78125 0.0571026
0.25 0.75 0.0278553
0.28125 0.75 0.0171685
0.28125 0.78125 0.0482173
0.25 0.78125 0.0571026
0.28125 0.8125 0.0792758
0.28125 0.78125 0.0482173
0.3125 0.78125 0.0450435
0.3125 0.8125 0.0761959
0.28125 0.8125 0.0792758
0.28125 0.78125 0.0482173
0.28125 0.75 0.0171685
0.3125 0.75 0.0138911
0.3125 0.78125 0.0450435
0.28125 0.78125 0.0482173
0.3125 0.875 0.138501
0.3125 0.84375 0.107348
0.34375 0.84375 0.104897
0.34375 0.875 0.136051
0.3125 0.875 0.138501
0.3125 0.84375 0.107348
0.3125 0.8125 0.0761959
0.34375 0.8125 0.0737422
0.34375 0.84375 0.104897
0.3125 0.84375 0.107348
0.34375 0.875 0.136051
0.34375 0.84375 0.104897
0.375 0.84375 0.102458
0.375 0.875 0.133612
0.34375 0.875 0.136051
0.34375 0.84375 0.104897
0.34375 0.8125 0.0737422
0.375 0.8125 0.0713029
0.375 0.84375 0.102458
0.34375 0.84375 0.104897
0.3125 0.8125 0.0761959
0.3125 0.78125 0.0450435
0.34375 0.78125 0.0425876
0.34375 0.8125 0.0737422
0.3125 0.8125 0.0761959
0.3125 0.78125 0.0450435
0.3125 0.75 0.0138911
0.34375 0.75 0.0114329
0.34375 0.78125 0.0425876
0.3125 0.78125 0.0450435
0.34375 0.8125 0.0737422
0.34375 0.78125 0.0425876
0.375 0.78125 0.0401483
0.375 0.8125 0.0713029
0.34375 0.8125 0.0737422
0.34375 0.78125 0.0425876
0.34375 0.75 0.0114329
0.375 0.75 0.00899359
0.375 0.78125 0.0401483
0.34375 0.78125 0.0425876
0.375 1 0.258231
0.375 0.9375 0.195922
0.4375 0.9375 0.191044
0.4375 1 0.253353
0.375 1 0.258231
0.375 0.9375 0.195922
0.375 0.875 0.133612
0.4375 0.875 0.128734
0.4375 0.9375 0.191044
0.375 0.9375 0.195922
0.4375 1 0.253353
0.4375 0.9375 0.191044
0.5 0.9375 0.186166
0.5 1 0.248476
0.4375 1 0.253353
0.4375 0.9375 0.191044
0.4375 0.875 0.128734
0.5 0.875 0.123856
0.5 0.9375 0.186166
0.4375 0.9375 0.191044
0.375 0.875 0.133612
0.375 0.84375 0.102458
0.40625 0.84375 0.100019
0.40625 0.875 0.131173
0.375 0.875 0.133612
0.375 0.84375 0.102458
0.375 0.8125 0.0713029
0.40625 0.8125 0.0688639
0.40625 0.84375 0.100019
0.375 0.84375 0.102458
0.40625 0.875 0.131173
0.40625 0.84375 0.100019
0.4375 0.84375 0.0975796
0.4375 0.875 0.128734
0.40625 0.875 0.131173
0.40625 0.84375 0.100019
0.40625 0.8125 0.0688639
0.4375 0.8125 0.0664249
0.4375 0.84375 0.0975796
0.40625 0.84375 0.100019
0.375 0.8125 0.0713029
0.375 0.78125 0.0401483
0.40625 0.78125 0.0377092
0.40625 0.8125 0.0688639
0.375 0.8125 0.0713029
0.375 0.78125 0.0401483
0.375 0.75 0.00899359
0.40625 0.75 0.00655456
0.40625 0.78125 0.0377092
0.375 0.78125 0.0401483
0.40625 0.8125 0.0688639
0.40625 0.78125 0.0377092
0.4375 0.78125 0.0352702
0.4375 0.8125 0.0664249
0.40625 0.8125 0.0688639
0.40625 0.78125 0.0377092
0.40625 0.75 0.00655456
0.4375 0.75 0.00411554
0.4375 0.78125 0.0352702
0.40625 0.78125 0.0377092
0.4375 0.875 0.128734
0.4375 0.84375 0.0975796
0.46875 0.84375 0.0951405
0.46875 0.875 0.126295
0.4375 0.875 0.128734
0.4375 0.84375 0.0975796
0.4375 0.8125 0.0664249
0.46875 0.8125 0.0639859
0.46875 0.84375 0.0951405
0.4375 0.84375 0.0975796
0.46875 0.875 0.126295
0.46875 0.84375 0.0951405
0.5 0.84375 0.0927015
0.5 0.875 0.123856
0.46875 0.875 0.126295
0.46875 0.84375 0.0951405
0.46875 0.8125 0.0639859
0.5 0.8125 0.0615468
0.5 0.84375 0.0927015
0.46875 0.84375 0.0951405
0.4375 0.8125 0.0664249
0.4375 0.78125 0.0352702
0.46875 0.78125 0.0328312
0.46875 0.8125 0.0639859
0.4375 0.8125 0.0664249
0.4375 0.78125 0.0352702
0.4375 0.75 0.00411554
0.46875 0.75 0.00167652
0.46875 0.78125 0.0328312
0.4375 0.78125 0.0352702
0.46875 0.8125 0.0639859
0.46875 0.78125 0.0328312
0.5 0.78125 0.0303922
0.5 0.8125 0.0615468
0.46875 0.8125 0.0639859
0.46875 0.78125 0.0328312
0.46875 0.75 0.00167652
0.5 0.75 -0.000762504
0.5 0.78125 0.0303922
0.46875 0.78125 0.0328312
0.25 0.75 0.0278553
0.25 0.71875 -0.000308934
0.28125 0.71875 -0.0135259
0.28125 0.75 0.0171685
0.25 0.75 0.0278553
0.25 0.71875 -0.000308934
0.25 0.6875 -0.0130066
0.28125 0.6875 -0.0382706
0.28125 0.71875 -0.0135259
0.25 0.71875 -0.000308934
0.28125 0.75 0.0171685
0.28125 0.71875 -0.0135259
0.3125 0.71875 -0.0172365
0.3125 0.75 0.0138911
0.28125 0.75 0.0171685
0.28125 0.71875 -0.0135259
0.28125 0.6875 -0.0382706
0.3125 0.6875 -0.0480185
0.3125 0.71875 -0.0172365
0.28125 0.71875 -0.0135259
0.25 0.6875 -0.0130066
0.25 0.65625 -0.0128007
0.28125 0.65625 -0.0439709
0.28125 0.6875 -0.0382706
0.25 0.6875 -0.0130066
0.25 0.65625 -0.0128007
0.25 0.625 -0.0105125
0.28125 0.625 -0.0416681
0.28125 0.65625 -0.0439709
0.25 0.65625 -0.0128007
0.28125 0.6875 -0.0382706
0.28125 0.65625 -0.0439709
0.3125 0.65625 -0.0709183
0.3125 0.6875 -0.0480185
0.28125 0.6875 -0.0382706
0.28125 0.65625 -0.0439709
0.28125 0.625 -0.0416681
0.3125 0.625 -0.0728231
0.3125 0.65625 -0.0709183
0.28125 0.65625 -0.0439709
0.3125 0.75 0.0138911
0.3125 0.71875 -0.0172365
0.34375 0.71875 -0.0197208
0.34375 0.75 0.0114329
0.3125 0.75 0.0138911
0.3125 0.71875 -0.0172365
0.3125 0.6875 -0.0480185
0.34375 0.6875 -0.0508638
0.34375 0.71875 -0.0197208
0.3125 0.71875 -0.0172365
0.34375 0.75 0.0114329
0.34375 0.71875 -0.0197208
0.375 0.71875 -0.0221611
0.375 0.75 0.00899359
0.34375 0.75 0.0114329
0.34375 0.71875 -0.0197208
0.34375 0.6875 -0.0508638
0.375 0.6875 -0.0533154
0.375 0.71875 -0.0221611
0.34375 0.71875 -0.0197208
0.3125 0.6875 -0.0480185
0.3125 0.65625 -0.0709183
0.34375 0.65625 -0.0815827
0.34375 0.6875 -0.0508638
0.3125 0.6875 -0.0480185
0.3125 0.65625 -0.0709183
0.3125 0.625 -0.0728231
0.34375 0.625 -0.101601
0.34375 0.65625 -0.0815827
0.3125 0.65625 -0.0709183
0.34375 0.6875 -0.0508638
0.34375 0.65625 -0.0815827
0.375 0.65625 -0.0844576
0.375 0.6875 -0.0533154
0.34375 0.6875 -0.0508638
0.34375 0.65625 -0.0815827
0.34375 0.625 -0.101601
0.375 0.625 -0.114937
0.375 0.65625 -0.0844576
0.34375 0.65625 -0.0815827
0.25 0.625 -0.0105125
0.25 0.59375 -0.0080796
0.28125 0.59375 -0.0392343
0.28125 0.625 -0.0416681
0.25 0.625 -0.0105125
0.25 0.59375 -0.0080796
0.25 0.5625 -0.00564075
0.28125 0.5625 -0.0367954
0.28125 0.59375 -0.0392343
0.25 0.59375 -0.0080796
0.28125 0.625 -0.0416681
0.28125 0.59375 -0.0392343
0.3125 0.59375 -0.070389
0.3125 0.625 -0.0728231
0.28125 0.625 -0.0416681
0.28125 0.59375 -0.0392343
0.28125 0.5625 -0.0367954
0.3125 0.5625 -0.0679501
0.3125 0.59375 -0.070389
0.28125 0.59375 -0.0392343
0.25 0.5625 -0.00564075
0.25 0.53125 -0.00320173
0.28125 0.53125 -0.0343564
0.28125 0.5625 -0.0367954
0.25 0.5625 -0.00564075
0.25 0.53125 -0.00320173
0.25 0.5 -0.000762704
0.28125 0.5 -0.0319174
0.28125 0.53125 -0.0343564
0.25 0.53125 -0.00320173
0.28125 0.5625 -0.0367954
0.28125 0.53125 -0.0343564
0.3125 0.53125 -0.0655111
0.3125 0.5625 -0.0679501
0.28125 0.5625 -0.0367954
0.28125 0.53125 -0.0343564
0.28125 0.5 -0.0319174
0.3125 0.5 -0.063072
0.3125 0.53125 -0.0655111
0.28125 0.53125 -0.0343564
0.3125 0.625 -0.0728231
0.3125 0.59375 -0.070389
0.34375 0.59375 -0.101543
0.34375 0.625 -0.101601
0.3125 0.625 -0.0728231
0.3125 0.59375 -0.070389
0.3125 0.5625 -0.0679501
0.34375 0.5625 -0.0991048
0.34375 0.59375 -0.101543
0.3125 0.59375 -0.070389
0.34375 0.625 -0.101601
0.34375 0.59375 -0.101543
0.375 0.59375 -0.131681
0.375 0.625 -0.114937
0.34375 0.625 -0.101601
0.34375 0.59375 -0.101543
0.34375 0.5625 -0.0991048
0.375 0.5625 -0.130258
0.375 0.59375 -0.131681
0.34375 0.59375 -0.101543
0.3125 0.5625 -0.0679501
0.3125 0.53125 -0.0655111
0.34375 0.53125 -0.0966657
0.34375 0.5625 -0.0991048
0.3125 0.5625 -0.0679501
0.3125 0.53125 -0.0655111
0.3125 0.5 -0.063072
0.34375 0.5 -0.0942267
0.34375 0.53125 -0.0966657
0.3125 0.53125 -0.0655111
0.34375 0.5625 -0.0991048
0.34375 0.53125 -0.0966657
0.375 0.53125 -0.12782
0.375 0.5625 -0.130258
0.34375 0.5625 -0.0991048
0.34375 0.53125 -0.0966657
0.34375 0.5 -0.0942267
0.375 0.5 -0.125381
0.375 0.53125 -0.12782
0.34375 0.53125 -0.0966657
0.375 0.75 0.00899359
0.375 0.71875 -0.0221611
0.40625 0.71875 -0.0246001
0.40625 0.75 0.00655456
0.375 0.75 0.00899359
0.375 0.71875 -0.0221611
0.375 0.6875 -0.0533154
0.40625 0.6875 -0.0557548
0.40625 0.71875 -0.0246001
0.375 0.71875 -0.0221611
0.40625 0.75 0.00655456
0.40625 0.71875 -0.0246001
0.4375 0.71875 -0.0270391
0.4375 0.75 0.00411554
0.40625 0.75 0.00655456
0.40625 0.71875 -0.0246001
0.40625 0.6875 -0.0557548
0.4375 0.6875 -0.0581938
0.4375 0.71875 -0.0270391
0.40625 0.71875 -0.0246001
0.375 0.6875 -0.0533154
0.375 0.65625 -0.0844576
0.40625 0.65625 -0.0869091
0.40625 0.6875 -0.0557548
0.375 0.6875 -0.0533154
0.375 0.65625 -0.0844576
0.375 0.625 -0.114937
0.40625 0.625 -0.118044
0.40625 0.65625 -0.0869091
0.375 0.65625 -0.0844576
0.40625 0.6875 -0.0557548
0.40625 0.65625 -0.0869091
0.4375 0.65625 -0.0893485
0.4375 0.6875 -0.0581938
0.40625 0.6875 -0.0557548
0.40625 0.65625 -0.0869091
0.40625 0.625 -0.118044
0.4375 0.625 -0.120503
0.4375 0.65625 -0.0893485
0.40625 0.65625 -0.0869091
0.4375 0.75 0.00411554
0.4375 0.71875 -0.0270391
0.46875 0.71875 -0.0294782
0.46875 0.75 0.00167652
0.4375 0.75 0.00411554
0.4375 0.71875 -0.0270391
0.4375 0.6875 -0.0581938
0.46875 0.6875 -0.0606328
0.46875 0.71875 -0.0294782
0.4375 0.71875 -0.0270391
0.46875 0.75 0.00167652
0.46875 0.71875 -0.0294782
0.5 0.71875 -0.0319172
0.5 0.75 -0.000762504
0.46875 0.75 0.00167652
0.46875 0.71875 -0.0294782
0.46875 0.6875 -0.0606328
0.5 0.6875 -0.0630719
0.5 0.71875 -0.0319172
0.46875 0.71875 -0.0294782
0.4375 0.6875 -0.0581938
0.4375 0.65625 -0.0893485
0.46875 0.65625 -0.0917875
0.46875 0.6875 -0.0606328
0.4375 0.6875 -0.0581938
0.4375 0.65625 -0.0893485
0.4375 0.625 -0.120503
0.46875 0.625 -0.122942
0.46875 0.65625 -0.0917875
0.4375 0.65625 -0.0893485
0.46875 0.6875 -0.0606328
0.46875 0.65625 -0.0917875
0.5 0.65625 -0.0942265
0.5 0.6875 -0.0630719
0.46875 0.6875 -0.0606328
0.46875 0.65625 -0.0917875
0.46875 0.625 -0.122942
0.5 0.625 -0.125381
0.5 0.65625 -0.0942265
0.46875 0.65625 -0.0917875
0.375 0.625 -0.114937
0.375 0.5625 -0.130258
0.4375 0.5625 -0.176367
0.4375 0.625 -0.120503
0.375 0.625 -0.114937
0.375 0.5625 -0.130258
0.375 0.5 -0.125381
0.4375 0.5 -0.184132
0.4375 0.5625 -0.176367
0.375 0.5625 -0.130258
0.4375 0.625 -0.120503
0.4375 0.5625 -0.176367
0.5 0.5625 -0.187879
0.5 0.625 -0.125381
0.4375 0.625 -0.120503
0.4375 0.5625 -0.176367
0.4375 0.5 -0.184132
0.5 0.5 -0.226565
0.5 0.5625 -0.187879
0.4375 0.5625 -0.176367
0 0.5 0.248475
0 0.4375 0.253353
0.0625 0.4375 0.191043
0.0625 0.5 0.186165
0 0.5 0.248475
0 0.4375 0.253353
0 0.375 0.258231
0.0625 0.375 0.195922
0.0625 0.4375 0.191043
0 0.4375 0.253353
0.0625 0.5 0.186165
0.0625 0.4375 0.191043
0.125 0.4375 0.128734
0.125 0.5 0.123856
0.0625 0.5 0.186165
0.0625 0.4375 0.191043
0.0625 0.375 0.195922
0.125 0.375 0.133612
0.125 0.4375 0.128734
0.0625 0.4375 0.191043
0 0.375 0.258231
0 0.3125 0.263178
0.0625 0.3125 0.200883
0.0625 0.375 0.195922
0 0.375 0.258231
0 0.3125 0.263178
0 0.25 0.270677
0.0625 0.25 0.208869
0.0625 0.3125 0.200883
0 0.3125 0.263178
0.0625 0.375 0.195922
0.0625 0.3125 0.200883
0.125 0.3125 0.138596
0.125 0.375 0.133612
0.0625 0.375 0.195922
0.0625 0.3125 0.200883
0.0625 0.25 0.208869
0.125 0.25 0.147353
0.125 0.3125 0.138596
0.0625 0.3125 0.200883
0.125 0.5 0.123856
0.125 0.46875 0.126295
0.15625 0.46875 0.0951403
0.15625 0.5 0.0927013
0.125 0.5 0.123856
0.125 0.46875 0.126295
0.125 0.4375 0.128734
0.15625 0.4375 0.0975794
0.15625 0.46875 0.0951403
0.125 0.46875 0.126295
0.15625 0.5 0.0927013
0.15625 0.46875 0.0951403
0.1875 0.46875 0.0639857
0.1875 0.5 0.0615466
0.15625 0.5 0.0927013
0.15625 0.46875 0.0951403
0.15625 0.4375 0.0975794
0.1875 0.4375 0.0664247
0.1875 0.46875 0.0639857
0.15625 0.46875 0.0951403
0.125 0.4375 0.128734
0.125 0.40625 0.131173
0.15625 0.40625 0.100018
0.15625 0.4375 0.0975794
0.125 0.4375 0.128734
0.125 0.40625 0.131173
0.125 0.375 0.133612
0.15625 0.375 0.102458
0.15625 0.40625 0.100018
0.125 0.40625 0.131173
0.15625 0.4375 0.0975794
0.15625 0.40625 0.100018
0.1875 0.40625 0.0688637
0.1875 0.4375 0.0664247
0.15625 0.4375 0.0975794
0.15625 0.40625 0.100018
0.15625 0.375 0.102458
0.1875 0.375 0.071303
0.1875 0.40625 0.0688637
0.15625 0.40625 0.100018
0.1875 0.5 0.0615466
0.1875 0.46875 0.0639857
0.21875 0.46875 0.032831
0.21875 0.5 0.030392
0.1875 0.5 0.0615466
0.1875 0.46875 0.0639857
0.1875 0.4375 0.0664247
0.21875 0.4375 0.03527
0.21875 0.46875 0.032831
0.1875 0.46875 0.0639857
0.21875 0.5 0.030392
0.21875 0.46875 0.032831
0.25 0.46875 0.00167632
0.25 0.5 -0.000762704
0.21875 0.5 0.030392
0.21875 0.46875 0.032831
0.21875 0.4375 0.03527
0.25 0.4375 0.00411534
0.25 0.46875 0.00167632
0.21875 0.46875 0.032831
0.1875 0.4375 0.0664247
0.1875 0.40625 0.0688637
0.21875 0.40625 0.037709
0.21875 0.4375 0.03527
0.1875 0.4375 0.0664247
0.1875 0.40625 0.0688637
0.1875 0.375 0.071303
0.21875 0.375 0.0401483
0.21875 0.40625 0.037709
0.1875 0.40625 0.0688637
0.21875 0.4375 0.03527
0.21875 0.40625 0.037709
0.25 0.40625 0.00655437
0.25 0.4375 0.00411534
0.21875 0.4375 0.03527
0.21875 0.40625 0.037709
0.21875 0.375 0.0401483
0.25 0.375 0.0089937
0.25 0.40625 0.00655437
0.21875 0.40625 0.037709
0.125 0.375 0.133612
0.125 0.34375 0.136056
0.15625 0.34375 0.104902
0.15625 0.375 0.102458
0.125 0.375 0.133612
0.125 0.34375 0.136056
0.125 0.3125 0.138596
0.15625 0.3125 0.107463
0.15625 0.34375 0.104902
0.125 0.34375 0.136056
0.15625 0.375 0.102458
0.15625 0.34375 0.104902
0.1875 0.34375 0.0737486
0.1875 0.375 0.071303
0.15625 0.375 0.102458
0.15625 0.34375 0.104902
0.15625 0.3125 0.107463
0.1875 0.3125 0.0763297
0.1875 0.34375 0.0737486
0.15625 0.34375 0.104902
0.125 0.3125 0.138596
0.125 0.28125 0.141903
0.15625 0.28125 0.110931
0.15625 0.3125 0.107463
0.125 0.3125 0.138596
0.125 0.28125 0.141903
0.125 0.25 0.147353
0.15625 0.25 0.117038
0.15625 0.28125 0.110931
0.125 0.28125 0.141903
0.15625 0.3125 0.107463
0.15625 0.28125 0.110931
0.1875 0.28125 0.0799855
0.1875 0.3125 0.0763297
0.15625 0.3125 0.107463
0.15625 0.28125 0.110931
0.15625 0.25 0.117038
0.1875 0.25 0.0869006
0.1875 0.28125 0.0799855
0.15625 0.28125 0.110931
0.1875 0.375 0.071303
0.1875 0.34375 0.0737486
0.21875 0.34375 0.0425949
0.21875 0.375 0.0401483
0.1875 0.375 0.071303
0.1875 0.34375 0.0737486
0.1875 0.3125 0.0763297
0.21875 0.3125 0.0451961
0.21875 0.34375 0.0425949
0.1875 0.34375 0.0737486
0.21875 0.375 0.0401483
0.21875 0.34375 0.0425949
0.25 0.34375 0.0114412
0.25 0.375 0.0089937
0.21875 0.375 0.0401483
0.21875 0.34375 0.0425949
0.21875 0.3125 0.0451961
0.25 0.3125 0.0140626
0.25 0.34375 0.0114412
0.21875 0.34375 0.0425949
0.1875 0.3125 0.0763297
0.1875 0.28125 0.0799855
0.21875 0.28125 0.0490523
0.21875 0.3125 0.0451961
0.1875 0.3125 0.0763297
0.1875 0.28125 0.0799855
0.1875 0.25 0.0869006
0.21875 0.25 0.0570427
0.21875 0.28125 0.0490523
0.1875 0.28125 0.0799855
0.21875 0.3125 0.0451961
0.21875 0.28125 0.0490523
0.25 0.28125 0.0181457
0.25 0.3125 0.0140626
0.21875 0.3125 0.0451961
0.21875 0.28125 0.0490523
0.21875 0.25 0.0570427
0.25 0.25 0.0277433
0.25 0.28125 0.0181457
0.21875 0.28125 0.0490523
0 0.25 0.270677
0 0.1875 0.285434
0.0625 0.1875 0.225832
0.0625 0.25 0.208869
0 0.25 0.270677
0 0.1875 0.285434
0 0.125 0.309829
0.0625 0.125 0.254919
0.0625 0.1875 0.225832
0 0.1875 0.285434
0.0625 0.25 0.208869
0.0625 0.1875 0.225832
0.125 0.1875 0.168395
0.125 0.25 0.147353
0.0625 0.25 0.208869
0.0625 0.1875 0.225832
0.0625 0.125 0.254919
0.125 0.125 0.204972
0.125 0.1875 0.168395
0.0625 0.1875 0.225832
0 0.125 0.309829
0 0 0.392058
0.125 0 0.298319
0.125 0.125 0.204972
0 0.125 0.309829
0.125 0.25 0.147353
0.125 0.21875 0.156047
0.15625 0.21875 0.127027
0.15625 0.25 0.117038
0.125 0.25 0.147353
0.125 0.21875 0.156047
0.125 0.1875 0.168395
0.15625 0.1875 0.141392
0.15625 0.21875 0.127027
0.125 0.21875 0.156047
0.15625 0.25 0.117038
0.15625 0.21875 0.127027
0.1875 0.21875 0.0987772
0.1875 0.25 0.0869006
0.15625 0.25 0.117038
0.15625 0.21875 0.127027
0.15625 0.1875 0.141392
0.1875 0.1875 0.115629
0.1875 0.21875 0.0987772
0.15625 0.21875 0.127027
0.125 0.1875 0.168395
0.125 0.125 0.204972
0.1875 0.125 0.159187
0.1875 0.1875 0.115629
0.125 0.1875 0.168395
0.1875 0.25 0.0869006
0.1875 0.21875 0.0987772
0.21875 0.21875 0.0718831
0.21875 0.25 0.0570427
0.1875 0.25 0.0869006
0.1875 0.21875 0.0987772
0.1875 0.1875 0.115629
0.21875 0.1875 0.0919575
0.21875 0.21875 0.0718831
0.1875 0.21875 0.0987772
0.21875 0.25 0.0570427
0.21875 0.21875 0.0718831
0.25 0.21875 0.0471688
0.25 0.25 0.0277433
0.21875 0.25 0.0570427
0.21875 0.21875 0.0718831
0.21875 0.1875 0.0919575
0.25 0.1875 0.0715296
0.25 0.21875 0.0471688
0.21875 0.21875 0.0718831
0.1875 0.1875 0.115629
0.1875 0.15625 0.136134
0.21875 0.15625 0.1153
0.21875 0.1875 0.0919575
0.1875 0.1875 0.115629
0.1875 0.15625 0.136134
0.1875 0.125 0.159187
0.21875 0.125 0.140864
0.21875 0.15625 0.1153
0.1875 0.15625 0.136134
0.21875 0.1875 0.0919575
0.21875 0.15625 0.1153
0.25 0.15625 0.0981578
0.25 0.1875 0.0715296
0.21875 0.1875 0.0919575
0.21875 0.15625 0.1153
0.21875 0.125 0.140864
0.25 0.125 0.126107
0.25 0.15625 0.0981578
0.21875 0.15625 0.1153
0.125 0.125 0.204972
0.125 0.0625 0.248007
0.1875 0.0625 0.210454
0.1875 0.125 0.159187
0.125 0.125 0.204972
0.125 0.0625 0.248007
0.125 0 0.298319
0.1875 0 0.266887
0.1875 0.0625 0.210454
0.125 0.0625 0.248007
0.1875 0.125 0.159187
0.1875 0.0625 0.210454
0.25 0.0625 0.185129
0.25 0.125 0.126107
0.1875 0.125 0.159187
0.1875 0.0625 0.210454
0.1875 0 0.266887
0.25 0 0.245691
0.25 0.0625 0.185129
0.1875 0.0625 0.210454
0.25 0.5 -0.000762704
0.25 0.46875 0.00167632
0.28125 0.46875 -0.0294784
0.28125 0.5 -0.0319174
0.25 0.5 -0.000762704
0.25 0.46875 0.00167632
0.25 0.4375 0.00411534
0.28125 0.4375 -0.0270393
0.28125 0.46875 -0.0294784
0.25 0.46875 0.00167632
0.28125 0.5 -0.0319174
0.28125 0.46875 -0.0294784
0.3125 0.46875 -0.060633
0.3125 0.5 -0.063072
0.28125 0.5 -0.0319174
0.28125 0.46875 -0.0294784
0.28125 0.4375 -0.0270393
0.3125 0.4375 -0.0581938
0.3125 0.46875 -0.060633
0.28125 0.46875 -0.0294784
0.25 0.4375 0.00411534
0.25 0.40625 0.00655437
0.28125 0.40625 -0.0246001
0.28125 0.4375 -0.0270393
0.25 0.4375 0.00411534
0.25 0.40625 0.00655437
0.25 0.375 0.0089937
0.28125 0.375 -0.0221582
0.28125 0.40625 -0.0246001
0.25 0.40625 0.00655437
0.28125 0.4375 -0.0270393
0.28125 0.40625 -0.0246001
0.3125 0.40625 -0.0557521
0.3125 0.4375 -0.0581938
0.28125 0.4375 -0.0270393
0.28125 0.40625 -0.0246001
0.28125 0.375 -0.0221582
0.3125 0.375 -0.0532792
0.3125 0.40625 -0.0557521
0.28125 0.40625 -0.0246001
0.3125 0.5 -0.063072
0.3125 0.46875 -0.060633
0.34375 0.46875 -0.0917874
0.34375 0.5 -0.0942267
0.3125 0.5 -0.063072
0.3125 0.46875 -0.060633
0.3125 0.4375 -0.0581938
0.34375 0.4375 -0.0893454
0.34375 0.46875 -0.0917874
0.3125 0.46875 -0.060633
0.34375 0.5 -0.0942267
0.34375 0.46875 -0.0917874
0.375 0.46875 -0.122938
0.375 0.5 -0.125381
0.34375 0.5 -0.0942267
0.34375 0.46875 -0.0917874
0.34375 0.4375 -0.0893454
0.375 0.4375 -0.120447
0.375 0.46875 -0.122938
0.34375 0.46875 -0.0917874
0.3125 0.4375 -0.0581938
0.3125 0.40625 -0.0557521
0.34375 0.40625 -0.0868677
0.34375 0.4375 -0.0893454
0.3125 0.4375 -0.0581938
0.3125 0.40625 -0.0557521
0.3125 0.375 -0.0532792
0.34375 0.375 -0.0839857
0.34375 0.40625 -0.0868677
0.3125 0.40625 -0.0557521
0.34375 0.4375 -0.0893454
0.34375 0.40625 -0.0868677
0.375 0.40625 -0.117429
0.375 0.4375 -0.120447
0.34375 0.4375 -0.0893454
0.34375 0.40625 -0.0868677
0.34375 0.375 -0.0839857
0.375 0.375 -0.111289
0.375 0.40625 -0.117429
0.34375 0.40625 -0.0868677
0.25 0.375 0.0089937
0.25 0.34375 0.0114412
0.28125 0.34375 -0.0196786
0.28125 0.375 -0.0221582
0.25 0.375 0.0089937
0.25 0.34375 0.0114412
0.25 0.3125 0.0140626
0.28125 0.3125 -0.0167657
0.28125 0.34375 -0.0196786
0.25 0.34375 0.0114412
0.28125 0.375 -0.0221582
0.28125 0.34375 -0.0196786
0.3125 0.34375 -0.050453
0.3125 0.375 -0.0532792
0.28125 0.375 -0.0221582
0.28125 0.34375 -0.0196786
0.28125 0.3125 -0.0167657
0.3125 0.3125 -0.0452881
0.3125 0.34375 -0.050453
0.28125 0.34375 -0.0196786
0.25 0.3125 0.0140626
0.25 0.28125 0.0181457
0.28125 0.28125 -0.0114088
0.28125 0.3125 -0.0167657
0.25 0.3125 0.0140626
0.25 0.28125 0.0181457
0.25 0.25 0.0277433
0.28125 0.25 -0.000274908
0.28125 0.28125 -0.0114088
0.25 0.28125 0.0181457
0.28125 0.3125 -0.0167657
0.28125 0.28125 -0.0114088
0.3125 0.28125 -0.0335111
0.3125 0.3125 -0.0452881
0.28125 0.3125 -0.0167657
0.28125 0.28125 -0.0114088
0.28125 0.25 -0.000274908
0.3125 0.25 -0.0127357
0.3125 0.28125 -0.0335111
0.28125 0.28125 -0.0114088
0.3125 0.375 -0.0532792
0.3125 0.34375 -0.050453
0.34375 0.34375 -0.0784871
0.34375 0.375 -0.0839857
0.3125 0.375 -0.0532792
0.3125 0.34375 -0.050453
0.3125 0.3125 -0.0452881
0.34375 0.3125 -0.0657916
0.34375 0.34375 -0.0784871
0.3125 0.34375 -0.050453
0.34375 0.375 -0.0839857
0.34375 0.34375 -0.0784871
0.375 0.34375 -0.0973032
0.375 0.375 -0.111289
0.34375 0.375 -0.0839857
0.34375 0.34375 -0.0784871
0.34375 0.3125 -0.0657916
0.375 0.3125 -0.0727781
0.375 0.34375 -0.0973032
0.34375 0.34375 -0.0784871
0.3125 0.3125 -0.0452881
0.3125 0.28125 -0.0335111
0.34375 0.28125 -0.0434334
0.34375 0.3125 -0.0657916
0.3125 0.3125 -0.0452881
0.3125 0.28125 -0.0335111
0.3125 0.25 -0.0127357
0.34375 0.25 -0.0127123
0.34375 0.28125 -0.0434334
0.3125 0.28125 -0.0335111
0.34375 0.3125 -0.0657916
0.34375 0.28125 -0.0434334
0.375 0.28125 -0.0416543
0.375 0.3125 -0.0727781
0.34375 0.3125 -0.0657916
0.34375 0.28125 -0.0434334
0.34375 0.25 -0.0127123
0.375 0.25 -0.0105046
0.375 0.28125 -0.0416543
0.34375 0.28125 -0.0434334
0.375 0.5 -0.125381
0.375 0.4375 -0.120447
0.4375 0.4375 -0.168346
0.4375 0.5 -0.184132
0.375 0.5 -0.125381
0.375 0.4375 -0.120447
0.375 0.375 -0.111289
0.4375 0.375 -0.130207
0.4375 0.4375 -0.168346
0.375 0.4375 -0.120447
0.4375 0.5 -0.184132
0.4375 0.4375 -0.168346
0.5 0.4375 -0.184447
0.5 0.5 -0.226565
0.4375 0.5 -0.184132
0.4375 0.4375 -0.168346
0.4375 0.375 -0.130207
0.5 0.375 -0.125382
0.5 0.4375 -0.184447
0.4375 0.4375 -0.168346
0.375 0.375 -0.111289
0.375 0.34375 -0.0973032
0.40625 0.34375 -0.101525
0.40625 0.375 -0.128188
0.375 0.375 -0.111289
0.375 0.34375 -0.0973032
0.375 0.3125 -0.0727781
0.40625 0.3125 -0.0703876
0.40625 0.34375 -0.101525
0.375 0.34375 -0.0973032
0.40625 0.375 -0.128188
0.40625 0.34375 -0.101525
0.4375 0.34375 -0.0991043
0.4375 0.375 -0.130207
0.40625 0.375 -0.128188
0.40625 0.34375 -0.101525
0.40625 0.3125 -0.0703876
0.4375 0.3125 -0.0679501
0.4375 0.34375 -0.0991043
0.40625 0.34375 -0.101525
0.375 0.3125 -0.0727781
0.375 0.28125 -0.0416543
0.40625 0.28125 -0.0392337
0.40625 0.3125 -0.0703876
0.375 0.3125 -0.0727781
0.375 0.28125 -0.0416543
0.375 0.25 -0.0105046
0.40625 0.25 -0.00807929
0.40625 0.28125 -0.0392337
0.375 0.28125 -0.0416543
0.40625 0.3125 -0.0703876
0.40625 0.28125 -0.0392337
0.4375 0.28125 -0.0367954
0.4375 0.3125 -0.0679501
0.40625 0.3125 -0.0703876
0.40625 0.28125 -0.0392337
0.40625 0.25 -0.00807929
0.4375 0.25 -0.00564074
0.4375 0.28125 -0.0367954
0.40625 0.28125 -0.0392337
0.4375 0.375 -0.130207
0.4375 0.34375 -0.0991043
0.46875 0.34375 -0.0966657
0.46875 0.375 -0.127815
0.4375 0.375 -0.130207
0.4375 0.34375 -0.0991043
0.4375 0.3125 -0.0679501
0.46875 0.3125 -0.0655111
0.46875 0.34375 -0.0966657
0.4375 0.34375 -0.0991043
0.46875 0.375 -0.127815
0.46875 0.34375 -0.0966657
0.5 0.34375 -0.0942267
0.5 0.375 -0.125382
0.46875 0.375 -0.127815
0.46875 0.34375 -0.0966657
0.46875 0.3125 -0.0655111
0.5 0.3125 -0.0630721
0.5 0.34375 -0.0942267
0.46875 0.34375 -0.0966657
0.4375 0.3125 -0.0679501
0.4375 0.28125 -0.0367954
0.46875 0.28125 -0.0343564
0.46875 0.3125 -0.0655111
0.4375 0.3125 -0.0679501
0.4375 0.28125 -0.0367954
0.4375 0.25 -0.00564074
0.46875 0.25 -0.00320173
0.46875 0.28125 -0.0343564
0.4375 0.28125 -0.0367954
0.46875 0.3125 -0.0655111
0.46875 0.28125 -0.0343564
0.5 0.28125 -0.0319174
0.5 0.3125 -0.0630721
0.46875 0.3125 -0.0655111
0.46875 0.28125 -0.0343564
0.46875 0.25 -0.00320173
0.5 0.25 -0.000762704
0.5 0.28125 -0.0319174
0.46875 0.28125 -0.0343564
0.25 0.25 0.0277433
0.25 0.21875 0.0471688
0.28125 0.21875 0.0269513
0.28125 0.25 -0.000274908
0.25 0.25 0.0277433
0.25 0.21875 0.0471688
0.25 0.1875 0.0715296
0.28125 0.1875 0.0561322
0.28125 0.21875 0.0269513
0.25 0.21875 0.0471688
0.28125 0.25 -0.000274908
0.28125 0.21875 0.0269513
0.3125 0.21875 0.0181626
0.3125 0.25 -0.0127357
0.28125 0.25 -0.000274908
0.28125 0.21875 0.0269513
0.28125 0.1875 0.0561322
0.3125 0.1875 0.0493937
0.3125 0.21875 0.0181626
0.28125 0.21875 0.0269513
0.25 0.1875 0.0715296
0.25 0.15625 0.0981578
0.28125 0.15625 0.0859709
0.28125 0.1875 0.0561322
0.25 0.1875 0.0715296
0.25 0.15625 0.0981578
0.25 0.125 0.126107
0.28125 0.125 0.116305
0.28125 0.15625 0.0859709
0.25 0.15625 0.0981578
0.28125 0.1875 0.0561322
0.28125 0.15625 0.0859709
0.3125 0.15625 0.0806121
0.3125 0.1875 0.0493937
0.28125 0.1875 0.0561322
0.28125 0.15625 0.0859709
0.28125 0.125 0.116305
0.3125 0.125 0.111797
0.3125 0.15625 0.0806121
0.28125 0.15625 0.0859709
0.3125 0.25 -0.0127357
0.3125 0.21875 0.0181626
0.34375 0.21875 0.0184877
0.34375 0.25 -0.0127123
0.3125 0.25 -0.0127357
0.3125 0.21875 0.0181626
0.3125 0.1875 0.0493937
0.34375 0.1875 0.0497109
0.34375 0.21875 0.0184877
0.3125 0.21875 0.0181626
0.34375 0.25 -0.0127123
0.34375 0.21875 0.0184877
0.375 0.21875 0.0206562
0.375 0.25 -0.0105046
0.34375 0.25 -0.0127123
0.34375 0.21875 0.0184877
0.34375 0.1875 0.0497109
0.375 0.1875 0.0518234
0.375 0.21875 0.0206562
0.34375 0.21875 0.0184877
0.3125 0.1875 0.0493937
0.3125 0.15625 0.0806121
0.34375 0.15625 0.0809314
0.34375 0.1875 0.0497109
0.3125 0.1875 0.0493937
0.3125 0.15625 0.0806121
0.3125 0.125 0.111797
0.34375 0.125 0.112146
0.34375 0.15625 0.0809314
0.3125 0.15625 0.0806121
0.34375 0.1875 0.0497109
0.34375 0.15625 0.0809314
0.375 0.15625 0.0829925
0.375 0.1875 0.0518234
0.34375 0.1875 0.0497109
0.34375 0.15625 0.0809314
0.34375 0.125 0.112146
0.375 0.125 0.114162
0.375 0.15625 0.0829925
0.34375 0.15625 0.0809314
0.25 0.125 0.126107
0.25 0.0625 0.185129
0.3125 0.0625 0.174202
0.3125 0.125 0.111797
0.25 0.125 0.126107
0.25 0.0625 0.185129
0.25 0 0.245691
0.3125 0 0.236607
0.3125 0.0625 0.174202
0.25 0.0625 0.185129
0.3125 0.125 0.111797
0.3125 0.0625 0.174202
0.375 0.0625 0.176554
0.375 0.125 0.114162
0.3125 0.125 0.111797
0.3125 0.0625 0.174202
0.3125 0 0.236607
0.375 0 0.238949
0.375 0.0625 0.176554
0.3125 0.0625 0.174202
0.375 0.25 -0.0105046
0.375 0.21875 0.0206562
0.40625 0.21875 0.0230758
0.40625 0.25 -0.00807929
0.375 0.25 -0.0105046
0.375 0.21875 0.0206562
0.375 0.1875 0.0518234
0.40625 0.1875 0.0542315
0.40625 0.21875 0.0230758
0.375 0.21875 0.0206562
0.40625 0.25 -0.00807929
0.40625 0.21875 0.0230758
0.4375 0.21875 0.025514
0.4375 0.25 -0.00564074
0.40625 0.25 -0.00807929
0.40625 0.21875 0.0230758
0.40625 0.1875 0.0542315
0.4375 0.1875 0.0566687
0.4375 0.21875 0.025514
0.40625 0.21875 0.0230758
0.375 0.1875 0.0518234
0.375 0.15625 0.0829925
0.40625 0.15625 0.0853877
0.40625 0.1875 0.0542315
0.375 0.1875 0.0518234
0.375 0.15625 0.0829925
0.375 0.125 0.114162
0.40625 0.125 0.116544
0.40625 0.15625 0.0853877
0.375 0.15625 0.0829925
0.40625 0.1875 0.0542315
0.40625 0.15625 0.0853877
0.4375 0.15625 0.0878235
0.4375 0.1875 0.0566687
0.40625 0.1875 0.0542315
0.40625 0.15625 0.0853877
0.40625 0.125 0.116544
0.4375 0.125 0.118978
0.4375 0.15625 0.0878235
0.40625 0.15625 0.0853877
0.4375 0.25 -0.00564074
0.4375 0.21875 0.025514
0.46875 0.21875 0.0279529
0.46875 0.25 -0.00320173
0.4375 0.25 -0.00564074
0.4375 0.21875 0.025514
0.4375 0.1875 0.0566687
0.46875 0.1875 0.0591076
0.46875 0.21875 0.0279529
0.4375 0.21875 0.025514
0.46875 0.25 -0.00320173
0.46875 0.21875 0.0279529
0.5 0.21875 0.030392
0.5 0.25 -0.000762704
0.46875 0.25 -0.00320173
0.46875 0.21875 0.0279529
0.46875 0.1875 0.0591076
0.5 0.1875 0.0615466
0.5 0.21875 0.030392
0.46875 0.21875 0.0279529
0.4375 0.1875 0.0566687
0.4375 0.15625 0.0878235
0.46875 0.15625 0.0902623
0.46875 0.1875 0.0591076
0.4375 0.1875 0.0566687
0.4375 0.15625 0.0878235
0.4375 0.125 0.118978
0.46875 0.125 0.121417
0.46875 0.15625 0.0902623
0.4375 0.15625 0.0878235
0.46875 0.1875 0.0591076
0.46875 0.15625 0.0902623
0.5 0.15625 0.0927013
0.5 0.1875 0.0615466
0.46875 0.1875 0.0591076
0.46875 0.15625 0.0902623
0.46875 0.125 0.121417
0.5 0.125 0.123856
0.5 0.15625 0.0927013
0.46875 0.15625 0.0902623
0.375 0.125 0.114162
0.375 0.0625 0.176554
0.4375 0.0625 0.181291
0.4375 0.125 0.118978
0.375 0.125 0.114162
0.375 0.0625 0.176554
0.375 0 0.238949
0.4375 0 0.243609
0.4375 0.0625 0.181291
0.375 0.0625 0.176554
0.4375 0.125 0.118978
0.4375 0.0625 0.181291
0.5 0.0625 0.186165
0.5 0.125 0.123856
0.4375 0.125 0.118978
0.4375 0.0625 0.181291
0.4375 0 0.243609
0.5 0 0.248475
0.5 0.0625 0.186165
0.4375 0.0625 0.181291
0.5 1 0.248476
0.5 0.9375 0.186166
0.5625 0.9375 0.181294
0.5625 1 0.243612
0.5 1 0.248476
0.5 0.9375 0.186166
0.5 0.875 0.123856
0.5625 0.875 0.118979
0.5625 0.9375 0.181294
0.5 0.9375 0.186166
0.5625 1 0.243612
0.5625 0.9375 0.181294
0.625 0.9375 0.176543
0.625 1 0.238938
0.5625 1 0.243612
0.5625 0.9375 0.181294
0.5625 0.875 0.118979
0.625 0.875 0.114148
0.625 0.9375 0.176543
0.5625 0.9375 0.181294
0.5 0.875 0.123856
0.5 0.84375 0.0927015
0.53125 0.84375 0.0902625
0.53125 0.875 0.121417
0.5 0.875 0.123856
0.5 0.84375 0.0927015
0.5 0.8125 0.0615468
0.53125 0.8125 0.0591078
0.53125 0.84375 0.0902625
0.5 0.84375 0.0927015
0.53125 0.875 0.121417
0.53125 0.84375 0.0902625
0.5625 0.84375 0.0878237
0.5625 0.875 0.118979
0.53125 0.875 0.121417
0.53125 0.84375 0.0902625
0.53125 0.8125 0.0591078
0.5625 0.8125 0.0566689
0.5625 0.84375 0.0878237
0.53125 0.84375 0.0902625
0.5 0.8125 0.0615468
0.5 0.78125 0.0303922
0.53125 0.78125 0.0279531
0.53125 0.8125 0.0591078
0.5 0.8125 0.0615468
0.5 0.78125 0.0303922
0.5 0.75 -0.000762504
0.53125 0.75 -0.00320153
0.53125 0.78125 0.0279531
0.5 0.78125 0.0303922
0.53125 0.8125 0.0591078
0.53125 0.78125 0.0279531
0.5625 0.78125 0.0255142
0.5625 0.8125 0.0566689
0.53125 0.8125 0.0591078
0.53125 0.78125 0.0279531
0.53125 0.75 -0.00320153
0.5625 0.75 -0.00564054
0.5625 0.78125 0.0255142
0.53125 0.78125 0.0279531
0.5625 0.875 0.118979
0.5625 0.84375 0.0878237
0.59375 0.84375 0.0853875
0.59375 0.875 0.116544
0.5625 0.875 0.118979
0.5625 0.84375 0.0878237
0.5625 0.8125 0.0566689
0.59375 0.8125 0.0542315
0.59375 0.84375 0.0853875
0.5625 0.84375 0.0878237
0.59375 0.875 0.116544
0.59375 0.84375 0.0853875
0.625 0.84375 0.0829808
0.625 0.875 0.114148
0.59375 0.875 0.116544
0.59375 0.84375 0.0853875
0.59375 0.8125 0.0542315
0.625 0.8125 0.0518143
0.625 0.84375 0.0829808
0.59375 0.84375 0.0853875
0.5625 0.8125 0.0566689
0.5625 0.78125 0.0255142
0.59375 0.78125 0.0230758
0.59375 0.8125 0.0542315
0.5625 0.8125 0.0566689
0.5625 0.78125 0.0255142
0.5625 0.75 -0.00564054
0.59375 0.75 -0.00807937
0.59375 0.78125 0.0230758
0.5625 0.78125 0.0255142
0.59375 0.8125 0.0542315
0.59375 0.78125 0.0230758
0.625 0.78125 0.0206492
0.625 0.8125 0.0518143
0.59375 0.8125 0.0542315
0.59375 0.78125 0.0230758
0.59375 0.75 -0.00807937
0.625 0.75 -0.0105119
0.625 0.78125 0.0206492
0.59375 0.78125 0.0230758
0.625 1 0.238938
0.625 0.9375 0.176543
0.6875 0.9375 0.174124
0.6875 1 0.23656
0.625 1 0.238938
0.625 0.9375 0.176543
0.625 0.875 0.114148
0.6875 0.875 0.11168
0.6875 0.9375 0.174124
0.625 0.9375 0.176543
0.6875 1 0.23656
0.6875 0.9375 0.174124
0.75 0.9375 0.188335
0.75 1 0.247979
0.6875 1 0.23656
0.6875 0.9375 0.174124
0.6875 0.875 0.11168
0.75 0.875 0.129636
0.75 0.9375 0.188335
0.6875 0.9375 0.174124
0.625 0.875 0.114148
0.625 0.84375 0.0829808
0.65625 0.84375 0.0808407
0.65625 0.875 0.112054
0.625 0.875 0.114148
0.625 0.84375 0.0829808
0.625 0.8125 0.0518143
0.65625 0.8125 0.0496237
0.65625 0.84375 0.0808407
0.625 0.84375 0.0829808
0.65625 0.875 0.112054
0.65625 0.84375 0.0808407
0.6875 0.84375 0.0804769
0.6875 0.875 0.11168
0.65625 0.875 0.112054
0.65625 0.84375 0.0808407
0.65625 0.8125 0.0496237
0.6875 0.8125 0.0492626
0.6875 0.84375 0.0804769
0.65625 0.84375 0.0808407
0.625 0.8125 0.0518143
0.625 0.78125 0.0206492
0.65625 0.78125 0.0184021
0.65625 0.8125 0.0496237
0.625 0.8125 0.0518143
0.625 0.78125 0.0206492
0.625 0.75 -0.0105119
0.65625 0.75 -0.0128027
0.65625 0.78125 0.0184021
0.625 0.78125 0.0206492
0.65625 0.8125 0.0496237
0.65625 0.78125 0.0184021
0.6875 0.78125 0.0180284
0.6875 0.8125 0.0492626
0.65625 0.8125 0.0496237
0.65625 0.78125 0.0184021
0.65625 0.75 -0.0128027
0.6875 0.75 -0.0129908
0.6875 0.78125 0.0180284
0.65625 0.78125 0.0184021
0.6875 0.875 0.11168
0.6875 0.84375 0.0804769
0.71875 0.84375 0.0868755
0.71875 0.875 0.117048
0.6875 0.875 0.11168
0.6875 0.84375 0.0804769
0.6875 0.8125 0.0492626
0.71875 0.8125 0.0571111
0.71875 0.84375 0.0868755
0.6875 0.84375 0.0804769
0.71875 0.875 0.117048
0.71875 0.84375 0.0868755
0.75 0.84375 0.101843
0.75 0.875 0.129636
0.71875 0.875 0.117048
0.71875 0.84375 0.0868755
0.71875 0.8125 0.0571111
0.75 0.8125 0.0753256
0.75 0.84375 0.101843
0.71875 0.84375 0.0868755
0.6875 0.8125 0.0492626
0.6875 0.78125 0.0180284
0.71875 0.78125 0.027916
0.71875 0.8125 0.0571111
0.6875 0.8125 0.0492626
0.6875 0.78125 0.0180284
0.6875 0.75 -0.0129908
0.71875 0.75 -5.21676e-005
0.71875 0.78125 0.027916
0.6875 0.78125 0.0180284
0.71875 0.8125 0.0571111
0.71875 0.78125 0.027916
0.75 0.78125 0.0508415
0.75 0.8125 0.0753256
0.71875 0.8125 0.0571111
0.71875 0.78125 0.027916
0.71875 0.75 -5.21676e-005
0.75 0.75 0.029871
0.75 0.78125 0.0508415
0.71875 0.78125 0.027916
0.5 0.75 -0.000762504
0.5 0.71875 -0.0319172
0.53125 0.71875 -0.0343562
0.53125 0.75 -0.00320153
0.5 0.75 -0.000762504
0.5 0.71875 -0.0319172
0.5 0.6875 -0.0630719
0.53125 0.6875 -0.0655109
0.53125 0.71875 -0.0343562
0.5 0.71875 -0.0319172
0.53125 0.75 -0.00320153
0.53125 0.71875 -0.0343562
0.5625 0.71875 -0.0367952
0.5625 0.75 -0.00564054
0.53125 0.75 -0.00320153
0.53125 0.71875 -0.0343562
0.53125 0.6875 -0.0655109
0.5625 0.6875 -0.0679499
0.5625 0.71875 -0.0367952
0.53125 0.71875 -0.0343562
0.5 0.6875 -0.0630719
0.5 0.65625 -0.0942265
0.53125 0.65625 -0.0966655
0.53125 0.6875 -0.0655109
0.5 0.6875 -0.0630719
0.5 0.65625 -0.0942265
0.5 0.625 -0.125381
0.53125 0.625 -0.12782
0.53125 0.65625 -0.0966655
0.5 0.65625 -0.0942265
0.53125 0.6875 -0.0655109
0.53125 0.65625 -0.0966655
0.5625 0.65625 -0.0991046
0.5625 0.6875 -0.0679499
0.53125 0.6875 -0.0655109
0.53125 0.65625 -0.0966655
0.53125 0.625 -0.12782
0.5625 0.625 -0.130258
0.5625 0.65625 -0.0991046
0.53125 0.65625 -0.0966655
0.5625 0.75 -0.00564054
0.5625 0.71875 -0.0367952
0.59375 0.71875 -0.0392341
0.59375 0.75 -0.00807937
0.5625 0.75 -0.00564054
0.5625 0.71875 -0.0367952
0.5625 0.6875 -0.0679499
0.59375 0.6875 -0.0703888
0.59375 0.71875 -0.0392341
0.5625 0.71875 -0.0367952
0.59375 0.75 -0.00807937
0.59375 0.71875 -0.0392341
0.625 0.71875 -0.0416679
0.625 0.75 -0.0105119
0.59375 0.75 -0.00807937
0.59375 0.71875 -0.0392341
0.59375 0.6875 -0.0703888
0.625 0.6875 -0.0728235
0.625 0.71875 -0.0416679
0.59375 0.71875 -0.0392341
0.5625 0.6875 -0.0679499
0.5625 0.65625 -0.0991046
0.59375 0.65625 -0.101543
0.59375 0.6875 -0.0703888
0.5625 0.6875 -0.0679499
0.5625 0.65625 -0.0991046
0.5625 0.625 -0.130258
0.59375 0.625 -0.131681
0.59375 0.65625 -0.101543
0.5625 0.65625 -0.0991046
0.59375 0.6875 -0.0703888
0.59375 0.65625 -0.101543
0.625 0.65625 -0.101602
0.625 0.6875 -0.0728235
0.59375 0.6875 -0.0703888
0.59375 0.65625 -0.101543
0.59375 0.625 -0.131681
0.625 0.625 -0.114937
0.625 0.65625 -0.101602
0.59375 0.65625 -0.101543
0.5 0.625 -0.125381
0.5 0.5625 -0.187879
0.5625 0.5625 -0.176367
0.5625 0.625 -0.130258
0.5 0.625 -0.125381
0.5 0.5625 -0.187879
0.5 0.5 -0.226565
0.5625 0.5 -0.182933
0.5625 0.5625 -0.176367
0.5 0.5625 -0.187879
0.5625 0.625 -0.130258
0.5625 0.5625 -0.176367
0.625 0.5625 -0.120503
0.625 0.625 -0.114937
0.5625 0.625 -0.130258
0.5625 0.5625 -0.176367
0.5625 0.5 -0.182933
0.625 0.5 -0.125381
0.625 0.5625 -0.120503
0.5625 0.5625 -0.176367
0.625 0.75 -0.0105119
0.625 0.71875 -0.0416679
0.65625 0.71875 -0.0439821
0.65625 0.75 -0.0128027
0.625 0.75 -0.0105119
0.625 0.71875 -0.0416679
0.625 0.6875 -0.0728235
0.65625 0.6875 -0.0709333
0.65625 0.71875 -0.0439821
0.625 0.71875 -0.0416679
0.65625 0.75 -0.0128027
0.65625 0.71875 -0.0439821
0.6875 0.71875 -0.0383392
0.6875 0.75 -0.0129908
0.65625 0.75 -0.0128027
0.65625 0.71875 -0.0439821
0.65625 0.6875 -0.0709333
0.6875 0.6875 -0.0480326
0.6875 0.71875 -0.0383392
0.65625 0.71875 -0.0439821
0.625 0.6875 -0.0728235
0.625 0.65625 -0.101602
0.65625 0.65625 -0.0815846
0.65625 0.6875 -0.0709333
0.625 0.6875 -0.0728235
0.625 0.65625 -0.101602
0.625 0.625 -0.114937
0.65625 0.625 -0.0844577
0.65625 0.65625 -0.0815846
0.625 0.65625 -0.101602
0.65625 0.6875 -0.0709333
0.65625 0.65625 -0.0815846
0.6875 0.65625 -0.0508645
0.6875 0.6875 -0.0480326
0.65625 0.6875 -0.0709333
0.65625 0.65625 -0.0815846
0.65625 0.625 -0.0844577
0.6875 0.625 -0.0533154
0.6875 0.65625 -0.0508645
0.65625 0.65625 -0.0815846
0.6875 0.75 -0.0129908
0.6875 0.71875 -0.0383392
0.71875 0.71875 -0.0136887
0.71875 0.75 -5.21676e-005
0.6875 0.75 -0.0129908
0.6875 0.71875 -0.0383392
0.6875 0.6875 -0.0480326
0.71875 0.6875 -0.017246
0.71875 0.71875 -0.0136887
0.6875 0.71875 -0.0383392
0.71875 0.75 -5.21676e-005
0.71875 0.71875 -0.0136887
0.75 0.71875 0.0169247
0.75 0.75 0.029871
0.71875 0.75 -5.21676e-005
0.71875 0.71875 -0.0136887
0.71875 0.6875 -0.017246
0.75 0.6875 0.013882
0.75 0.71875 0.0169247
0.71875 0.71875 -0.0136887
0.6875 0.6875 -0.0480326
0.6875 0.65625 -0.0508645
0.71875 0.65625 -0.0197211
0.71875 0.6875 -0.017246
0.6875 0.6875 -0.0480326
0.6875 0.65625 -0.0508645
0.6875 0.625 -0.0533154
0.71875 0.625 -0.0221611
0.71875 0.65625 -0.0197211
0.6875 0.65625 -0.0508645
0.71875 0.6875 -0.017246
0.71875 0.65625 -0.0197211
0.75 0.65625 0.0114327
0.75 0.6875 0.013882
0.71875 0.6875 -0.017246
0.71875 0.65625 -0.0197211
0.71875 0.625 -0.0221611
0.75 0.625 0.00899359
0.75 0.65625 0.0114327
0.71875 0.65625 -0.0197211
0.625 0.625 -0.114937
0.625 0.59375 -0.118044
0.65625 0.59375 -0.0869091
0.65625 0.625 -0.0844577
0.625 0.625 -0.114937
0.625 0.59375 -0.118044
0.625 0.5625 -0.120503
0.65625 0.5625 -0.0893485
0.65625 0.59375 -0.0869091
0.625 0.59375 -0.118044
0.65625 0.625 -0.0844577
0.65625 0.59375 -0.0869091
0.6875 0.59375 -0.0557548
0.6875 0.625 -0.0533154
0.65625 0.625 -0.0844577
0.65625 0.59375 -0.0869091
0.65625 0.5625 -0.0893485
0.6875 0.5625 -0.0581938
0.6875 0.59375 -0.0557548
0.65625 0.59375 -0.0869091
0.625 0.5625 -0.120503
0.625 0.53125 -0.122942
0.65625 0.53125 -0.0917875
0.65625 0.5625 -0.0893485
0.625 0.5625 -0.120503
0.625 0.53125 -0.122942
0.625 0.5 -0.125381
0.65625 0.5 -0.0942265
0.65625 0.53125 -0.0917875
0.625 0.53125 -0.122942
0.65625 0.5625 -0.0893485
0.65625 0.53125 -0.0917875
0.6875 0.53125 -0.0606328
0.6875 0.5625 -0.0581938
0.65625 0.5625 -0.0893485
0.65625 0.53125 -0.0917875
0.65625 0.5 -0.0942265
0.6875 0.5 -0.0630719
0.6875 0.53125 -0.0606328
0.65625 0.53125 -0.0917875
0.6875 0.625 -0.0533154
0.6875 0.59375 -0.0557548
0.71875 0.59375 -0.0246001
0.71875 0.625 -0.0221611
0.6875 0.625 -0.0533154
0.6875 0.59375 -0.0557548
0.6875 0.5625 -0.0581938
0.71875 0.5625 -0.0270391
0.71875 0.59375 -0.0246001
0.6875 0.59375 -0.0557548
0.71875 0.625 -0.0221611
0.71875 0.59375 -0.0246001
0.75 0.59375 0.00655456
0.75 0.625 0.00899359
0.71875 0.625 -0.0221611
0.71875 0.59375 -0.0246001
0.71875 0.5625 -0.0270391
0.75 0.5625 0.00411554
0.75 0.59375 0.00655456
0.71875 0.59375 -0.0246001
0.6875 0.5625 -0.0581938
0.6875 0.53125 -0.0606328
0.71875 0.53125 -0.0294782
0.71875 0.5625 -0.0270391
0.6875 0.5625 -0.0581938
0.6875 0.53125 -0.0606328
0.6875 0.5 -0.0630719
0.71875 0.5 -0.0319172
0.71875 0.53125 -0.0294782
0.6875 0.53125 -0.0606328
0.71875 0.5625 -0.0270391
0.71875 0.53125 -0.0294782
0.75 0.53125 0.00167652
0.75 0.5625 0.00411554
0.71875 0.5625 -0.0270391
0.71875 0.53125 -0.0294782
0.71875 0.5 -0.0319172
0.75 0.5 -0.000762504
0.75 0.53125 0.00167652
0.71875 0.53125 -0.0294782
0.75 1 0.247979
0.75 0.9375 0.188335
0.8125 0.9375 0.219467
0.8125 1 0.273727
0.75 1 0.247979
0.75 0.9375 0.188335
0.75 0.875 0.129636
0.8125 0.875 0.167677
0.8125 0.9375 0.219467
0.75 0.9375 0.188335
0.8125 1 0.273727
0.8125 0.9375 0.219467
0.875 0.9375 0.261216
0.875 1 0.309261
0.8125 1 0.273727
0.8125 0.9375 0.219467
0.8125 0.875 0.167677
0.875 0.875 0.216448
0.875 0.9375 0.261216
0.8125 0.9375 0.219467
0.75 0.875 0.129636
0.75 0.84375 0.101843
0.78125 0.84375 0.121836
0.78125 0.875 0.147214
0.75 0.875 0.129636
0.75 0.84375 0.101843
0.75 0.8125 0.0753256
0.78125 0.8125 0.0982713
0.78125 0.84375 0.121836
0.75 0.84375 0.101843
0.78125 0.875 0.147214
0.78125 0.84375 0.121836
0.8125 0.84375 0.144574
0.8125 0.875 0.167677
0.78125 0.875 0.147214
0.78125 0.84375 0.121836
0.78125 0.8125 0.0982713
0.8125 0.8125 0.12347
0.8125 0.84375 0.144574
0.78125 0.84375 0.121836
0.75 0.8125 0.0753256
0.75 0.78125 0.0508415
0.78125 0.78125 0.0772001
0.78125 0.8125 0.0982713
0.75 0.8125 0.0753256
0.75 0.78125 0.0508415
0.75 0.75 0.029871
0.78125 0.75 0.0597992
0.78125 0.78125 0.0772001
0.75 0.78125 0.0508415
0.78125 0.8125 0.0982713
0.78125 0.78125 0.0772001
0.8125 0.78125 0.104944
0.8125 0.8125 0.12347
0.78125 0.8125 0.0982713
0.78125 0.78125 0.0772001
0.78125 0.75 0.0597992
0.8125 0.75 0.089813
0.8125 0.78125 0.104944
0.78125 0.78125 0.0772001
0.8125 0.875 0.167677
0.8125 0.8125 0.12347
0.875 0.8125 0.177572
0.875 0.875 0.216448
0.8125 0.875 0.167677
0.8125 0.8125 0.12347
0.8125 0.75 0.089813
0.875 0.75 0.150216
0.875 0.8125 0.177572
0.8125 0.8125 0.12347
0.875 1 0.309261
0.875 0.875 0.216448
1 0.875 0.32577
1 1 0.405422
0.875 1 0.309261
0.875 0.875 0.216448
0.875 0.8125 0.177572
0.9375 0.8125 0.236176
0.9375 0.875 0.269386
0.875 0.875 0.216448
0.875 0.8125 0.177572
0.875 0.75 0.150216
0.9375 0.75 0.212044
0.9375 0.8125 0.236176
0.875 0.8125 0.177572
0.9375 0.875 0.269386
0.9375 0.8125 0.236176
1 0.8125 0.295877
1 0.875 0.32577
0.9375 0.875 0.269386
0.9375 0.8125 0.236176
0.9375 0.75 0.212044
1 0.75 0.273943
1 0.8125 0.295877
0.9375 0.8125 0.236176
0.75 0.75 0.029871
0.75 0.71875 0.0169247
0.78125 0.71875 0.0480507
0.78125 0.75 0.0597992
0.75 0.75 0.029871
0.75 0.71875 0.0169247
0.75 0.6875 0.013882
0.78125 0.6875 0.0450362
0.78125 0.71875 0.0480507
0.75 0.71875 0.0169247
0.78125 0.75 0.0597992
0.78125 0.71875 0.0480507
0.8125 0.71875 0.0791725
0.8125 0.75 0.089813
0.78125 0.75 0.0597992
0.78125 0.71875 0.0480507
0.78125 0.6875 0.0450362
0.8125 0.6875 0.0761902
0.8125 0.71875 0.0791725
0.78125 0.71875 0.0480507
0.75 0.6875 0.013882
0.75 0.65625 0.0114327
0.78125 0.65625 0.0425874
0.78125 0.6875 0.0450362
0.75 0.6875 0.013882
0.75 0.65625 0.0114327
0.75 0.625 0.00899359
0.78125 0.625 0.0401483
0.78125 0.65625 0.0425874
0.75 0.65625 0.0114327
0.78125 0.6875 0.0450362
0.78125 0.65625 0.0425874
0.8125 0.65625 0.0737421
0.8125 0.6875 0.0761902
0.78125 0.6875 0.0450362
0.78125 0.65625 0.0425874
0.78125 0.625 0.0401483
0.8125 0.625 0.0713029
0.8125 0.65625 0.0737421
0.78125 0.65625 0.0425874
0.8125 0.75 0.089813
0.8125 0.71875 0.0791725
0.84375 0.71875 0.110283
0.84375 0.75 0.119952
0.8125 0.75 0.089813
0.8125 0.71875 0.0791725
0.8125 0.6875 0.0761902
0.84375 0.6875 0.107344
0.84375 0.71875 0.110283
0.8125 0.71875 0.0791725
0.84375 0.75 0.119952
0.84375 0.71875 0.110283
0.875 0.71875 0.141408
0.875 0.75 0.150216
0.84375 0.75 0.119952
0.84375 0.71875 0.110283
0.84375 0.6875 0.107344
0.875 0.6875 0.138498
0.875 0.71875 0.141408
0.84375 0.71875 0.110283
0.8125 0.6875 0.0761902
0.8125 0.65625 0.0737421
0.84375 0.65625 0.104897
0.84375 0.6875 0.107344
0.8125 0.6875 0.0761902
0.8125 0.65625 0.0737421
0.8125 0.625 0.0713029
0.84375 0.625 0.102458
0.84375 0.65625 0.104897
0.8125 0.65625 0.0737421
0.84375 0.6875 0.107344
0.84375 0.65625 0.104897
0.875 0.65625 0.136051
0.875 0.6875 0.138498
0.84375 0.6875 0.107344
0.84375 0.65625 0.104897
0.84375 0.625 0.102458
0.875 0.625 0.133612
0.875 0.65625 0.136051
0.84375 0.65625 0.104897
0.75 0.625 0.00899359
0.75 0.59375 0.00655456
0.78125 0.59375 0.0377092
0.78125 0.625 0.0401483
0.75 0.625 0.00899359
0.75 0.59375 0.00655456
0.75 0.5625 0.00411554
0.78125 0.5625 0.0352702
0.78125 0.59375 0.0377092
0.75 0.59375 0.00655456
0.78125 0.625 0.0401483
0.78125 0.59375 0.0377092
0.8125 0.59375 0.0688639
0.8125 0.625 0.0713029
0.78125 0.625 0.0401483
0.78125 0.59375 0.0377092
0.78125 0.5625 0.0352702
0.8125 0.5625 0.0664249
0.8125 0.59375 0.0688639
0.78125 0.59375 0.0377092
0.75 0.5625 0.00411554
0.75 0.53125 0.00167652
0.78125 0.53125 0.0328312
0.78125 0.5625 0.0352702
0.75 0.5625 0.00411554
0.75 0.53125 0.00167652
0.75 0.5 -0.000762504
0.78125 0.5 0.0303922
0.78125 0.53125 0.0328312
0.75 0.53125 0.00167652
0.78125 0.5625 0.0352702
0.78125 0.53125 0.0328312
0.8125 0.53125 0.0639859
0.8125 0.5625 0.0664249
0.78125 0.5625 0.0352702
0.78125 0.53125 0.0328312
0.78125 0.5 0.0303922
0.8125 0.5 0.0615469
0.8125 0.53125 0.0639859
0.78125 0.53125 0.0328312
0.8125 0.625 0.0713029
0.8125 0.59375 0.0688639
0.84375 0.59375 0.100019
0.84375 0.625 0.102458
0.8125 0.625 0.0713029
0.8125 0.59375 0.0688639
0.8125 0.5625 0.0664249
0.84375 0.5625 0.0975796
0.84375 0.59375 0.100019
0.8125 0.59375 0.0688639
0.84375 0.625 0.102458
0.84375 0.59375 0.100019
0.875 0.59375 0.131173
0.875 0.625 0.133612
0.84375 0.625 0.102458
0.84375 0.59375 0.100019
0.84375 0.5625 0.0975796
0.875 0.5625 0.128734
0.875 0.59375 0.131173
0.84375 0.59375 0.100019
0.8125 0.5625 0.0664249
0.8125 0.53125 0.0639859
0.84375 0.53125 0.0951405
0.84375 0.5625 0.0975796
0.8125 0.5625 0.0664249
0.8125 0.53125 0.0639859
0.8125 0.5 0.0615469
0.84375 0.5 0.0927015
0.84375 0.53125 0.0951405
0.8125 0.53125 0.0639859
0.84375 0.5625 0.0975796
0.84375 0.53125 0.0951405
0.875 0.53125 0.126295
0.875 0.5625 0.128734
0.84375 0.5625 0.0975796
0.84375 0.53125 0.0951405
0.84375 0.5 0.0927015
0.875 0.5 0.123856
0.875 0.53125 0.126295
0.84375 0.53125 0.0951405
0.875 0.75 0.150216
0.875 0.6875 0.138498
0.9375 0.6875 0.200806
0.9375 0.75 0.212044
0.875 0.75 0.150216
0.875 0.6875 0.138498
0.875 0.625 0.133612
0.9375 0.625 0.195922
0.9375 0.6875 0.200806
0.875 0.6875 0.138498
0.9375 0.75 0.212044
0.9375 0.6875 0.200806
1 0.6875 0.263114
1 0.75 0.273943
0.9375 0.75 0.212044
0.9375 0.6875 0.200806
0.9375 0.625 0.195922
1 0.625 0.258231
1 0.6875 0.263114
0.9375 0.6875 0.200806
0.875 0.625 0.133612
0.875 0.5625 0.128734
0.9375 0.5625 0.191044
0.9375 0.625 0.195922
0.875 0.625 0.133612
0.875 0.5625 0.128734
0.875 0.5 0.123856
0.9375 0.5 0.186167
0.9375 0.5625 0.191044
0.875 0.5625 0.128734
0.9375 0.625 0.195922
0.9375 0.5625 0.191044
1 0.5625 0.253354
1 0.625 0.258231
0.9375 0.625 0.195922
0.9375 0.5625 0.191044
0.9375 0.5 0.186167
1 0.5 0.248483
1 0.5625 0.253354
0.9375 0.5625 0.191044
0.5 0.5 -0.226565
0.5 0.4375 -0.184447
0.5625 0.4375 -0.164603
0.5625 0.5 -0.182933
0.5 0.5 -0.226565
0.5 0.4375 -0.184447
0.5 0.375 -0.125382
0.5625 0.375 -0.120466
0.5625 0.4375 -0.164603
0.5 0.4375 -0.184447
0.5625 0.5 -0.182933
0.5625 0.4375 -0.164603
0.625 0.4375 -0.129925
0.625 0.5 -0.125381
0.5625 0.5 -0.182933
0.5625 0.4375 -0.164603
0.5625 0.375 -0.120466
0.625 0.375 -0.111601
0.625 0.4375 -0.129925
0.5625 0.4375 -0.164603
0.5 0.375 -0.125382
0.5 0.34375 -0.0942267
0.53125 0.34375 -0.0917876
0.53125 0.375 -0.12294
0.5 0.375 -0.125382
0.5 0.34375 -0.0942267
0.5 0.3125 -0.0630721
0.53125 0.3125 -0.060633
0.53125 0.34375 -0.0917876
0.5 0.34375 -0.0942267
0.53125 0.375 -0.12294
0.53125 0.34375 -0.0917876
0.5625 0.34375 -0.0893468
0.5625 0.375 -0.120466
0.53125 0.375 -0.12294
0.53125 0.34375 -0.0917876
0.53125 0.3125 -0.060633
0.5625 0.3125 -0.0581939
0.5625 0.34375 -0.0893468
0.53125 0.34375 -0.0917876
0.5 0.3125 -0.0630721
0.5 0.28125 -0.0319174
0.53125 0.28125 -0.0294784
0.53125 0.3125 -0.060633
0.5 0.3125 -0.0630721
0.5 0.28125 -0.0319174
0.5 0.25 -0.000762704
0.53125 0.25 0.00167632
0.53125 0.28125 -0.0294784
0.5 0.28125 -0.0319174
0.53125 0.3125 -0.060633
0.53125 0.28125 -0.0294784
0.5625 0.28125 -0.0270393
0.5625 0.3125 -0.0581939
0.53125 0.3125 -0.060633
0.53125 0.28125 -0.0294784
0.53125 0.25 0.00167632
0.5625 0.25 0.00411534
0.5625 0.28125 -0.0270393
0.53125 0.28125 -0.0294784
0.5625 0.375 -0.120466
0.5625 0.34375 -0.0893468
0.59375 0.34375 -0.0868851
0.59375 0.375 -0.117612
0.5625 0.375 -0.120466
0.5625 0.34375 -0.0893468
0.5625 0.3125 -0.0581939
0.59375 0.3125 -0.0557537
0.59375 0.34375 -0.0868851
0.5625 0.34375 -0.0893468
0.59375 0.375 -0.117612
0.59375 0.34375 -0.0868851
0.625 0.34375 -0.0841729
0.625 0.375 -0.111601
0.59375 0.375 -0.117612
0.59375 0.34375 -0.0868851
0.59375 0.3125 -0.0557537
0.625 0.3125 -0.0532988
0.625 0.34375 -0.0841729
0.59375 0.34375 -0.0868851
0.5625 0.3125 -0.0581939
0.5625 0.28125 -0.0270393
0.59375 0.28125 -0.0246003
0.59375 0.3125 -0.0557537
0.5625 0.3125 -0.0581939
0.5625 0.28125 -0.0270393
0.5625 0.25 0.00411534
0.59375 0.25 0.00655436
0.59375 0.28125 -0.0246003
0.5625 0.28125 -0.0270393
0.59375 0.3125 -0.0557537
0.59375 0.28125 -0.0246003
0.625 0.28125 -0.0221611
0.625 0.3125 -0.0532988
0.59375 0.3125 -0.0557537
0.59375 0.28125 -0.0246003
0.59375 0.25 0.00655436
0.625 0.25 0.00899341
0.625 0.28125 -0.0221611
0.59375 0.28125 -0.0246003
0.625 0.5 -0.125381
0.625 0.46875 -0.12782
0.65625 0.46875 -0.0966655
0.65625 0.5 -0.0942265
0.625 0.5 -0.125381
0.625 0.46875 -0.12782
0.625 0.4375 -0.129925
0.65625 0.4375 -0.0991045
0.65625 0.46875 -0.0966655
0.625 0.46875 -0.12782
0.65625 0.5 -0.0942265
0.65625 0.46875 -0.0966655
0.6875 0.46875 -0.0655109
0.6875 0.5 -0.0630719
0.65625 0.5 -0.0942265
0.65625 0.46875 -0.0966655
0.65625 0.4375 -0.0991045
0.6875 0.4375 -0.0679499
0.6875 0.46875 -0.0655109
0.65625 0.46875 -0.0966655
0.625 0.4375 -0.129925
0.625 0.40625 -0.126574
0.65625 0.40625 -0.100877
0.65625 0.4375 -0.0991045
0.625 0.4375 -0.129925
0.625 0.40625 -0.126574
0.625 0.375 -0.111601
0.65625 0.375 -0.096004
0.65625 0.40625 -0.100877
0.625 0.40625 -0.126574
0.65625 0.4375 -0.0991045
0.65625 0.40625 -0.100877
0.6875 0.40625 -0.0703882
0.6875 0.4375 -0.0679499
0.65625 0.4375 -0.0991045
0.65625 0.40625 -0.100877
0.65625 0.375 -0.096004
0.6875 0.375 -0.071667
0.6875 0.40625 -0.0703882
0.65625 0.40625 -0.100877
0.6875 0.5 -0.0630719
0.6875 0.46875 -0.0655109
0.71875 0.46875 -0.0343562
0.71875 0.5 -0.0319172
0.6875 0.5 -0.0630719
0.6875 0.46875 -0.0655109
0.6875 0.4375 -0.0679499
0.71875 0.4375 -0.0367952
0.71875 0.46875 -0.0343562
0.6875 0.46875 -0.0655109
0.71875 0.5 -0.0319172
0.71875 0.46875 -0.0343562
0.75 0.46875 -0.00320153
0.75 0.5 -0.000762504
0.71875 0.5 -0.0319172
0.71875 0.46875 -0.0343562
0.71875 0.4375 -0.0367952
0.75 0.4375 -0.00564049
0.75 0.46875 -0.00320153
0.71875 0.46875 -0.0343562
0.6875 0.4375 -0.0679499
0.6875 0.40625 -0.0703882
0.71875 0.40625 -0.0392333
0.71875 0.4375 -0.0367952
0.6875 0.4375 -0.0679499
0.6875 0.40625 -0.0703882
0.6875 0.375 -0.071667
0.71875 0.375 -0.0416553
0.71875 0.40625 -0.0392333
0.6875 0.40625 -0.0703882
0.71875 0.4375 -0.0367952
0.71875 0.40625 -0.0392333
0.75 0.40625 -0.00807824
0.75 0.4375 -0.00564049
0.71875 0.4375 -0.0367952
0.71875 0.40625 -0.0392333
0.71875 0.375 -0.0416553
0.75 0.375 -0.0104926
0.75 0.40625 -0.00807824
0.71875 0.40625 -0.0392333
0.625 0.375 -0.111601
0.625 0.34375 -0.0841729
0.65625 0.34375 -0.0791853
0.65625 0.375 -0.096004
0.625 0.375 -0.111601
0.625 0.34375 -0.0841729
0.625 0.3125 -0.0532988
0.65625 0.3125 -0.0506569
0.65625 0.34375 -0.0791853
0.625 0.34375 -0.0841729
0.65625 0.375 -0.096004
0.65625 0.34375 -0.0791853
0.6875 0.34375 -0.0650964
0.6875 0.375 -0.071667
0.65625 0.375 -0.096004
0.65625 0.34375 -0.0791853
0.65625 0.3125 -0.0506569
0.6875 0.3125 -0.0461492
0.6875 0.34375 -0.0650964
0.65625 0.34375 -0.0791853
0.625 0.3125 -0.0532988
0.625 0.28125 -0.0221611
0.65625 0.28125 -0.0197186
0.65625 0.3125 -0.0506569
0.625 0.3125 -0.0532988
0.625 0.28125 -0.0221611
0.625 0.25 0.00899341
0.65625 0.25 0.0114332
0.65625 0.28125 -0.0197186
0.625 0.28125 -0.0221611
0.65625 0.3125 -0.0506569
0.65625 0.28125 -0.0197186
0.6875 0.28125 -0.0171971
0.6875 0.3125 -0.0461492
0.65625 0.3125 -0.0506569
0.65625 0.28125 -0.0197186
0.65625 0.25 0.0114332
0.6875 0.25 0.0139049
0.6875 0.28125 -0.0171971
0.65625 0.28125 -0.0197186
0.6875 0.375 -0.071667
0.6875 0.34375 -0.0650964
0.71875 0.34375 -0.0419334
0.71875 0.375 -0.0416553
0.6875 0.375 -0.071667
0.6875 0.34375 -0.0650964
0.6875 0.3125 -0.0461492
0.71875 0.3125 -0.0333298
0.71875 0.34375 -0.0419334
0.6875 0.34375 -0.0650964
0.71875 0.375 -0.0416553
0.71875 0.34375 -0.0419334
0.75 0.34375 -0.0126054
0.75 0.375 -0.0104926
0.71875 0.375 -0.0416553
0.71875 0.34375 -0.0419334
0.71875 0.3125 -0.0333298
0.75 0.3125 -0.011242
0.75 0.34375 -0.0126054
0.71875 0.34375 -0.0419334
0.6875 0.3125 -0.0461492
0.6875 0.28125 -0.0171971
0.71875 0.28125 -0.0132888
0.71875 0.3125 -0.0333298
0.6875 0.3125 -0.0461492
0.6875 0.28125 -0.0171971
0.6875 0.25 0.0139049
0.71875 0.25 0.0172048
0.71875 0.28125 -0.0132888
0.6875 0.28125 -0.0171971
0.71875 0.3125 -0.0333298
0.71875 0.28125 -0.0132888
0.75 0.28125 -0.000603947
0.75 0.3125 -0.011242
0.71875 0.3125 -0.0333298
0.71875 0.28125 -0.0132888
0.71875 0.25 0.0172048
0.75 0.25 0.026905
0.75 0.28125 -0.000603947
0.71875 0.28125 -0.0132888
0.5 0.25 -0.000762704
0.5 0.21875 0.030392
0.53125 0.21875 0.032831
0.53125 0.25 0.00167632
0.5 0.25 -0.000762704
0.5 0.21875 0.030392
0.5 0.1875 0.0615466
0.53125 0.1875 0.0639857
0.53125 0.21875 0.032831
0.5 0.21875 0.030392
0.53125 0.25 0.00167632
0.53125 0.21875 0.032831
0.5625 0.21875 0.03527
0.5625 0.25 0.00411534
0.53125 0.25 0.00167632
0.53125 0.21875 0.032831
0.53125 0.1875 0.0639857
0.5625 0.1875 0.0664247
0.5625 0.21875 0.03527
0.53125 0.21875 0.032831
0.5 0.1875 0.0615466
0.5 0.15625 0.0927013
0.53125 0.15625 0.0951403
0.53125 0.1875 0.0639857
0.5 0.1875 0.0615466
0.5 0.15625 0.0927013
0.5 0.125 0.123856
0.53125 0.125 0.126295
0.53125 0.15625 0.0951403
0.5 0.15625 0.0927013
0.53125 0.1875 0.0639857
0.53125 0.15625 0.0951403
0.5625 0.15625 0.0975794
0.5625 0.1875 0.0664247
0.53125 0.1875 0.0639857
0.53125 0.15625 0.0951403
0.53125 0.125 0.126295
0.5625 0.125 0.128734
0.5625 0.15625 0.0975794
0.53125 0.15625 0.0951403
0.5625 0.25 0.00411534
0.5625 0.21875 0.03527
0.59375 0.21875 0.037709
0.59375 0.25 0.00655436
0.5625 0.25 0.00411534
0.5625 0.21875 0.03527
0.5625 0.1875 0.0664247
0.59375 0.1875 0.0688637
0.59375 0.21875 0.037709
0.5625 0.21875 0.03527
0.59375 0.25 0.00655436
0.59375 0.21875 0.037709
0.625 0.21875 0.0401481
0.625 0.25 0.00899341
0.59375 0.25 0.00655436
0.59375 0.21875 0.037709
0.59375 0.1875 0.0688637
0.625 0.1875 0.0713027
0.625 0.21875 0.0401481
0.59375 0.21875 0.037709
0.5625 0.1875 0.0664247
0.5625 0.15625 0.0975794
0.59375 0.15625 0.100018
0.59375 0.1875 0.0688637
0.5625 0.1875 0.0664247
0.5625 0.15625 0.0975794
0.5625 0.125 0.128734
0.59375 0.125 0.131173
0.59375 0.15625 0.100018
0.5625 0.15625 0.0975794
0.59375 0.1875 0.0688637
0.59375 0.15625 0.100018
0.625 0.15625 0.102457
0.625 0.1875 0.0713027
0.59375 0.1875 0.0688637
0.59375 0.15625 0.100018
0.59375 0.125 0.131173
0.625 0.125 0.133612
0.625 0.15625 0.102457
0.59375 0.15625 0.100018
0.5 0.125 0.123856
0.5 0.0625 0.186165
0.5625 0.0625 0.191043
0.5625 0.125 0.128734
0.5 0.125 0.123856
0.5 0.0625 0.186165
0.5 0 0.248475
0.5625 0 0.253353
0.5625 0.0625 0.191043
0.5 0.0625 0.186165
0.5625 0.125 0.128734
0.5625 0.0625 0.191043
0.625 0.0625 0.195921
0.625 0.125 0.133612
0.5625 0.125 0.128734
0.5625 0.0625 0.191043
0.5625 0 0.253353
0.625 0 0.258231
0.625 0.0625 0.195921
0.5625 0.0625 0.191043
0.625 0.25 0.00899341
0.625 0.21875 0.0401481
0.65625 0.21875 0.0425878
0.65625 0.25 0.0114332
0.625 0.25 0.00899341
0.625 0.21875 0.0401481
0.625 0.1875 0.0713027
0.65625 0.1875 0.0737424
0.65625 0.21875 0.0425878
0.625 0.21875 0.0401481
0.65625 0.25 0.0114332
0.65625 0.21875 0.0425878
0.6875 0.21875 0.0450559
0.6875 0.25 0.0139049
0.65625 0.25 0.0114332
0.65625 0.21875 0.0425878
0.65625 0.1875 0.0737424
0.6875 0.1875 0.076207
0.6875 0.21875 0.0450559
0.65625 0.21875 0.0425878
0.625 0.1875 0.0713027
0.625 0.15625 0.102457
0.65625 0.15625 0.104897
0.65625 0.1875 0.0737424
0.625 0.1875 0.0713027
0.625 0.15625 0.102457
0.625 0.125 0.133612
0.65625 0.125 0.136052
0.65625 0.15625 0.104897
0.625 0.15625 0.102457
0.65625 0.1875 0.0737424
0.65625 0.15625 0.104897
0.6875 0.15625 0.107358
0.6875 0.1875 0.076207
0.65625 0.1875 0.0737424
0.65625 0.15625 0.104897
0.65625 0.125 0.136052
0.6875 0.125 0.138509
0.6875 0.15625 0.107358
0.65625 0.15625 0.104897
0.6875 0.25 0.0139049
0.6875 0.21875 0.0450559
0.71875 0.21875 0.0482446
0.71875 0.25 0.0172048
0.6875 0.25 0.0139049
0.6875 0.21875 0.0450559
0.6875 0.1875 0.076207
0.71875 0.1875 0.0792949
0.71875 0.21875 0.0482446
0.6875 0.21875 0.0450559
0.71875 0.25 0.0172048
0.71875 0.21875 0.0482446
0.75 0.21875 0.0560995
0.75 0.25 0.026905
0.71875 0.25 0.0172048
0.71875 0.21875 0.0482446
0.71875 0.1875 0.0792949
0.75 0.1875 0.0859775
0.75 0.21875 0.0560995
0.71875 0.21875 0.0482446
0.6875 0.1875 0.076207
0.6875 0.15625 0.107358
0.71875 0.15625 0.110351
0.71875 0.1875 0.0792949
0.6875 0.1875 0.076207
0.6875 0.15625 0.107358
0.6875 0.125 0.138509
0.71875 0.125 0.141423
0.71875 0.15625 0.110351
0.6875 0.15625 0.107358
0.71875 0.1875 0.0792949
0.71875 0.15625 0.110351
0.75 0.15625 0.116204
0.75 0.1875 0.0859775
0.71875 0.1875 0.0792949
0.71875 0.15625 0.110351
0.71875 0.125 0.141423
0.75 0.125 0.146621
0.75 0.15625 0.116204
0.71875 0.15625 0.110351
0.625 0.125 0.133612
0.625 0.0625 0.195921
0.6875 0.0625 0.200815
0.6875 0.125 0.138509
0.625 0.125 0.133612
0.625 0.0625 0.195921
0.625 0 0.258231
0.6875 0 0.263121
0.6875 0.0625 0.200815
0.625 0.0625 0.195921
0.6875 0.125 0.138509
0.6875 0.0625 0.200815
0.75 0.0625 0.208324
0.75 0.125 0.146621
0.6875 0.125 0.138509
0.6875 0.0625 0.200815
0.6875 0 0.263121
0.75 0 0.270244
0.75 0.0625 0.208324
0.6875 0.0625 0.200815
0.75 0.5 -0.000762504
0.75 0.46875 -0.00320153
0.78125 0.46875 0.0279532
0.78125 0.5 0.0303922
0.75 0.5 -0.000762504
0.75 0.46875 -0.00320153
0.75 0.4375 -0.00564049
0.78125 0.4375 0.0255145
0.78125 0.46875 0.0279532
0.75 0.46875 -0.00320153
0.78125 0.5 0.0303922
0.78125 0.46875 0.0279532
0.8125 0.46875 0.0591079
0.8125 0.5 0.0615469
0.78125 0.5 0.0303922
0.78125 0.46875 0.0279532
0.78125 0.4375 0.0255145
0.8125 0.4375 0.05667
0.8125 0.46875 0.0591079
0.78125 0.46875 0.0279532
0.75 0.4375 -0.00564049
0.75 0.40625 -0.00807824
0.78125 0.40625 0.0230794
0.78125 0.4375 0.0255145
0.75 0.4375 -0.00564049
0.75 0.40625 -0.00807824
0.75 0.375 -0.0104926
0.78125 0.375 0.0206831
0.78125 0.40625 0.0230794
0.75 0.40625 -0.00807824
0.78125 0.4375 0.0255145
0.78125 0.40625 0.0230794
0.8125 0.40625 0.0542406
0.8125 0.4375 0.05667
0.78125 0.4375 0.0255145
0.78125 0.40625 0.0230794
0.78125 0.375 0.0206831
0.8125 0.375 0.0518741
0.8125 0.40625 0.0542406
0.78125 0.40625 0.0230794
0.8125 0.5 0.0615469
0.8125 0.46875 0.0591079
0.84375 0.46875 0.0902628
0.84375 0.5 0.0927015
0.8125 0.5 0.0615469
0.8125 0.46875 0.0591079
0.8125 0.4375 0.05667
0.84375 0.4375 0.0878261
0.84375 0.46875 0.0902628
0.8125 0.46875 0.0591079
0.84375 0.5 0.0927015
0.84375 0.46875 0.0902628
0.875 0.46875 0.121418
0.875 0.5 0.123856
0.84375 0.5 0.0927015
0.84375 0.46875 0.0902628
0.84375 0.4375 0.0878261
0.875 0.4375 0.118983
0.875 0.46875 0.121418
0.84375 0.46875 0.0902628
0.8125 0.4375 0.05667
0.8125 0.40625 0.0542406
0.84375 0.40625 0.0854047
0.84375 0.4375 0.0878261
0.8125 0.4375 0.05667
0.8125 0.40625 0.0542406
0.8125 0.375 0.0518741
0.84375 0.375 0.0830669
0.84375 0.40625 0.0854047
0.8125 0.40625 0.0542406
0.84375 0.4375 0.0878261
0.84375 0.40625 0.0854047
0.875 0.40625 0.11657
0.875 0.4375 0.118983
0.84375 0.4375 0.0878261
0.84375 0.40625 0.0854047
0.84375 0.375 0.0830669
0.875 0.375 0.114259
0.875 0.40625 0.11657
0.84375 0.40625 0.0854047
0.75 0.375 -0.0104926
0.75 0.34375 -0.0126054
0.78125 0.34375 0.0185756
0.78125 0.375 0.0206831
0.75 0.375 -0.0104926
0.75 0.34375 -0.0126054
0.75 0.3125 -0.011242
0.78125 0.3125 0.0182213
0.78125 0.34375 0.0185756
0.75 0.34375 -0.0126054
0.78125 0.375 0.0206831
0.78125 0.34375 0.0185756
0.8125 0.34375 0.0498223
0.8125 0.375 0.0518741
0.78125 0.375 0.0206831
0.78125 0.34375 0.0185756
0.78125 0.3125 0.0182213
0.8125 0.3125 0.0494576
0.8125 0.34375 0.0498223
0.78125 0.34375 0.0185756
0.75 0.3125 -0.011242
0.75 0.28125 -0.000603947
0.78125 0.28125 0.0267418
0.78125 0.3125 0.0182213
0.75 0.3125 -0.011242
0.75 0.28125 -0.000603947
0.75 0.25 0.026905
0.78125 0.25 0.0466227
0.78125 0.28125 0.0267418
0.75 0.28125 -0.000603947
0.78125 0.3125 0.0182213
0.78125 0.28125 0.0267418
0.8125 0.28125 0.0560338
0.8125 0.3125 0.0494576
0.78125 0.3125 0.0182213
0.78125 0.28125 0.0267418
0.78125 0.25 0.0466227
0.8125 0.25 0.0711793
0.8125 0.28125 0.0560338
0.78125 0.28125 0.0267418
0.8125 0.375 0.0518741
0.8125 0.34375 0.0498223
0.84375 0.34375 0.0810652
0.84375 0.375 0.0830669
0.8125 0.375 0.0518741
0.8125 0.34375 0.0498223
0.8125 0.3125 0.0494576
0.84375 0.3125 0.0806782
0.84375 0.34375 0.0810652
0.8125 0.34375 0.0498223
0.84375 0.375 0.0830669
0.84375 0.34375 0.0810652
0.875 0.34375 0.112301
0.875 0.375 0.114259
0.84375 0.375 0.0830669
0.84375 0.34375 0.0810652
0.84375 0.3125 0.0806782
0.875 0.3125 0.111851
0.875 0.34375 0.112301
0.84375 0.34375 0.0810652
0.8125 0.3125 0.0494576
0.8125 0.28125 0.0560338
0.84375 0.28125 0.0859401
0.84375 0.3125 0.0806782
0.8125 0.3125 0.0494576
0.8125 0.28125 0.0560338
0.8125 0.25 0.0711793
0.84375 0.25 0.0979512
0.84375 0.28125 0.0859401
0.8125 0.28125 0.0560338
0.84375 0.3125 0.0806782
0.84375 0.28125 0.0859401
0.875 0.28125 0.116269
0.875 0.3125 0.111851
0.84375 0.3125 0.0806782
0.84375 0.28125 0.0859401
0.84375 0.25 0.0979512
0.875 0.25 0.125947
0.875 0.28125 0.116269
0.84375 0.28125 0.0859401
0.875 0.5 0.123856
0.875 0.4375 0.118983
0.9375 0.4375 0.181314
0.9375 0.5 0.186167
0.875 0.5 0.123856
0.875 0.4375 0.118983
0.875 0.375 0.114259
0.9375 0.375 0.176728
0.9375 0.4375 0.181314
0.875 0.4375 0.118983
0.9375 0.5 0.186167
0.9375 0.4375 0.181314
1 0.4375 0.243663
1 0.5 0.248483
0.9375 0.5 0.186167
0.9375 0.4375 0.181314
0.9375 0.375 0.176728
1 0.375 0.239187
1 0.4375 0.243663
0.9375 0.4375 0.181314
0.875 0.375 0.114259
0.875 0.3125 0.111851
0.9375 0.3125 0.174223
0.9375 0.375 0.176728
0.875 0.375 0.114259
0.875 0.3125 0.111851
0.875 0.25 0.125947
0.9375 0.25 0.185
0.9375 0.3125 0.174223
0.875 0.3125 0.111851
0.9375 0.375 0.176728
0.9375 0.3125 0.174223
1 0.3125 0.236597
1 0.375 0.239187
0.9375 0.375 0.176728
0.9375 0.3125 0.174223
0.9375 0.25 0.185
1 0.25 0.245553
1 0.3125 0.236597
0.9375 0.3125 0.174223
0.75 0.25 0.026905
0.75 0.21875 0.0560995
0.78125 0.21875 0.0712079
0.78125 0.25 0.0466227
0.75 0.25 0.026905
0.75 0.21875 0.0560995
0.75 0.1875 0.0859775
0.78125 0.1875 0.0979907
0.78125 0.21875 0.0712079
0.75 0.21875 0.0560995
0.78125 0.25 0.0466227
0.78125 0.21875 0.0712079
0.8125 0.21875 0.0914954
0.8125 0.25 0.0711793
0.78125 0.25 0.0466227
0.78125 0.21875 0.0712079
0.78125 0.1875 0.0979907
0.8125 0.1875 0.115046
0.8125 0.21875 0.0914954
0.78125 0.21875 0.0712079
0.75 0.1875 0.0859775
0.75 0.15625 0.116204
0.78125 0.15625 0.126204
0.78125 0.1875 0.0979907
0.75 0.1875 0.0859775
0.75 0.15625 0.116204
0.75 0.125 0.146621
0.78125 0.125 0.15527
0.78125 0.15625 0.126204
0.75 0.15625 0.116204
0.78125 0.1875 0.0979907
0.78125 0.15625 0.126204
0.8125 0.15625 0.140748
0.8125 0.1875 0.115046
0.78125 0.1875 0.0979907
0.78125 0.15625 0.126204
0.78125 0.125 0.15527
0.8125 0.125 0.167702
0.8125 0.15625 0.140748
0.78125 0.15625 0.126204
0.8125 0.25 0.0711793
0.8125 0.21875 0.0914954
0.84375 0.21875 0.114967
0.84375 0.25 0.0979512
0.8125 0.25 0.0711793
0.8125 0.21875 0.0914954
0.8125 0.1875 0.115046
0.84375 0.1875 0.135676
0.84375 0.21875 0.114967
0.8125 0.21875 0.0914954
0.84375 0.25 0.0979512
0.84375 0.21875 0.114967
0.875 0.21875 0.140586
0.875 0.25 0.125947
0.84375 0.25 0.0979512
0.84375 0.21875 0.114967
0.84375 0.1875 0.135676
0.875 0.1875 0.158807
0.875 0.21875 0.140586
0.84375 0.21875 0.114967
0.8125 0.1875 0.115046
0.8125 0.125 0.167702
0.875 0.125 0.204451
0.875 0.1875 0.158807
0.8125 0.1875 0.115046
0.75 0.125 0.146621
0.75 0.0625 0.208324
0.8125 0.0625 0.225145
0.8125 0.125 0.167702
0.75 0.125 0.146621
0.75 0.0625 0.208324
0.75 0 0.270244
0.8125 0 0.284821
0.8125 0.0625 0.225145
0.75 0.0625 0.208324
0.8125 0.125 0.167702
0.8125 0.0625 0.225145
0.875 0.0625 0.254337
0.875 0.125 0.204451
0.8125 0.125 0.167702
0.8125 0.0625 0.225145
0.8125 0 0.284821
0.875 0 0.309238
0.875 0.0625 0.254337
0.8125 0.0625 0.225145
0.875 0.25 0.125947
0.875 0.1875 0.158807
0.9375 0.1875 0.210177
0.9375 0.25 0.185
0.875 0.25 0.125947
0.875 0.1875 0.158807
0.875 0.125 0.204451
0.9375 0.125 0.247614
0.9375 0.1875 0.210177
0.875 0.1875 0.158807
0.9375 0.25 0.185
0.9375 0.1875 0.210177
1 0.1875 0.266654
1 0.25 0.245553
0.9375 0.25 0.185
0.9375 0.1875 0.210177
0.9375 0.125 0.247614
1 0.125 0.298005
1 0.1875 0.266654
0.9375 0.1875 0.210177
0.875 0.125 0.204451
0.875 0 0.309238
1 0 0.391642
1 0.125 0.298005
0.875 0.125 0.204451
