0 1 0.465041
0 0.875 0.381469
0.125 0.875 0.282514
0.125 1 0.372106
0 1 0.465041
0 0.875 0.381469
0 0.75 0.3027
0.125 0.75 0.198299
0.125 0.875 0.282514
0 0.875 0.381469
0.125 1 0.372106
0.125 0.875 0.282514
0.25 0.875 0.192894
0.25 1 0.290659
0.125 1 0.372106
0.125 0.875 0.282514
0.125 0.8125 0.239641
0.1875 0.8125 0.192711
0.1875 0.875 0.237082
0.125 0.875 0.282514
0.125 0.8125 0.239641
0.125 0.75 0.198299
0.1875 0.75 0.150069
0.1875 0.8125 0.192711
0.125 0.8125 0.239641
0.1875 0.875 0.237082
0.1875 0.8125 0.192711
0.25 0.8125 0.146939
0.25 0.875 0.192894
0.1875 0.875 0.237082
0.1875 0.8125 0.192711
0.1875 0.75 0.150069
0.25 0.75 0.103574
0.25 0.8125 0.146939
0.1875 0.8125 0.192711
0 0.75 0.3027
0 0.6875 0.268969
0.0625 0.6875 0.212536
0.0625 0.75 0.248907
0 0.75 0.3027
0 0.6875 0.268969
0 0.625 0.23983
0.0625 0.625 0.180732
0.0625 0.6875 0.212536
0 0.6875 0.268969
0.0625 0.75 0.248907
0.0625 0.6875 0.212536
0.125 0.6875 0.158828
0.125 0.75 0.198299
0.0625 0.75 0.248907
0.0625 0.6875 0.212536
0.0625 0.625 0.180732
0.125 0.625 0.123528
0.125 0.6875 0.158828
0.0625 0.6875 0.212536
0 0.625 0.23983
0 0.5625 0.216581
0.0625 0.5625 0.15492
0.0625 0.625 0.180732
0 0.625 0.23983
0 0.5625 0.216581
0 0.5 0.202075
0.0625 0.5 0.139571
0.0625 0.5625 0.15492
0 0.5625 0.216581
0.0625 0.625 0.180732
0.0625 0.5625 0.15492
0.125 0.5625 0.0948411
0.125 0.625 0.123528
0.0625 0.625 0.180732
0.0625 0.5625 0.15492
0.0625 0.53125 0.145852
0.09375 0.53125 0.115035
0.09375 0.5625 0.124788
0.0625 0.5625 0.15492
0.0625 0.53125 0.145852
0.0625 0.5 0.139571
0.09375 0.5 0.108333
0.09375 0.53125 0.115035
0.0625 0.53125 0.145852
0.09375 0.5625 0.124788
0.09375 0.53125 0.115035
0.125 0.53125 0.0842612
0.125 0.5625 0.0948411
0.09375 0.5625 0.124788
0.09375 0.53125 0.115035
0.09375 0.5 0.108333
0.125 0.5 0.0770989
0.125 0.53125 0.0842612
0.09375 0.53125 0.115035
0.125 0.75 0.198299
0.125 0.6875 0.158828
0.1875 0.6875 0.108861
0.1875 0.75 0.150069
0.125 0.75 0.198299
0.125 0.6875 0.158828
0.125 0.65625 0.140571
0.15625 0.65625 0.114374
0.15625 0.6875 0.133518
0.125 0.6875 0.158828
0.125 0.65625 0.140571
0.125 0.625 0.123528
0.15625 0.625 0.0962778
0.15625 0.65625 0.114374
0.125 0.65625 0.140571
0.15625 0.6875 0.133518
0.15625 0.65625 0.114374
0.1875 0.65625 0.0889267
0.1875 0.6875 0.108861
0.15625 0.6875 0.133518
0.15625 0.65625 0.114374
0.15625 0.625 0.0962778
0.1875 0.625 0.0697205
0.1875 0.65625 0.0889267
0.15625 0.65625 0.114374
0.1875 0.75 0.150069
0.1875 0.71875 0.129306
0.21875 0.71875 0.105665
0.21875 0.75 0.126697
0.1875 0.75 0.150069
0.1875 0.71875 0.129306
0.1875 0.6875 0.108861
0.21875 0.6875 0.0848581
0.21875 0.71875 0.105665
0.1875 0.71875 0.129306
0.21875 0.75 0.126697
0.21875 0.71875 0.105665
0.25 0.71875 0.0823581
0.25 0.75 0.103574
0.21875 0.75 0.126697
0.21875 0.71875 0.105665
0.21875 0.6875 0.0848581
0.25 0.6875 0.0613122
0.25 0.71875 0.0823581
0.21875 0.71875 0.105665
0.1875 0.6875 0.108861
0.1875 0.65625 0.0889267
0.21875 0.65625 0.0643309
0.21875 0.6875 0.0848581
0.1875 0.6875 0.108861
0.1875 0.65625 0.0889267
0.1875 0.625 0.0697205
0.21875 0.625 0.0442454
0.21875 0.65625 0.0643309
0.1875 0.65625 0.0889267
0.21875 0.6875 0.0848581
0.21875 0.65625 0.0643309
0.25 0.65625 0.0404411
0.25 0.6875 0.0613122
0.21875 0.6875 0.0848581
0.21875 0.65625 0.0643309
0.21875 0.625 0.0442454
0.25 0.625 0.019802
0.25 0.65625 0.0404411
0.21875 0.65625 0.0643309
0.125 0.625 0.123528
0.125 0.59375 0.10812
0.15625 0.59375 0.079663
0.15625 0.625 0.0962778
0.125 0.625 0.123528
0.125 0.59375 0.10812
0.125 0.5625 0.0948411
0.15625 0.5625 0.0651332
0.15625 0.59375 0.079663
0.125 0.59375 0.10812
0.15625 0.625 0.0962778
0.15625 0.59375 0.079663
0.1875 0.59375 0.051761
0.1875 0.625 0.0697205
0.15625 0.625 0.0962778
0.15625 0.59375 0.079663
0.15625 0.5625 0.0651332
0.1875 0.5625 0.0357397
0.1875 0.59375 0.051761
0.15625 0.59375 0.079663
0.125 0.5625 0.0948411
0.125 0.53125 0.0842612
0.15625 0.53125 0.053522
0.15625 0.5625 0.0651332
0.125 0.5625 0.0948411
0.125 0.53125 0.0842612
0.125 0.5 0.0770989
0.15625 0.5 0.0458591
0.15625 0.53125 0.053522
0.125 0.53125 0.0842612
0.15625 0.5625 0.0651332
0.15625 0.53125 0.053522
0.1875 0.53125 0.0228133
0.1875 0.5625 0.0357397
0.15625 0.5625 0.0651332
0.15625 0.53125 0.053522
0.15625 0.5 0.0458591
0.1875 0.5 0.0146142
0.1875 0.53125 0.0228133
0.15625 0.53125 0.053522
0.1875 0.625 0.0697205
0.1875 0.59375 0.051761
0.21875 0.59375 0.0248855
0.21875 0.625 0.0442454
0.1875 0.625 0.0697205
0.1875 0.59375 0.051761
0.1875 0.5625 0.0357397
0.21875 0.5625 0.0069183
0.21875 0.59375 0.0248855
0.1875 0.59375 0.051761
0.21875 0.625 0.0442454
0.21875 0.59375 0.0248855
0.25 0.59375 -0.00045577
0.25 0.625 0.019802
0.21875 0.625 0.0442454
0.21875 0.59375 0.0248855
0.21875 0.5625 0.0069183
0.25 0.5625 -0.0193547
0.25 0.59375 -0.00045577
0.21875 0.59375 0.0248855
0.1875 0.5625 0.0357397
0.1875 0.53125 0.0228133
0.21875 0.53125 -0.00727695
0.21875 0.5625 0.0069183
0.1875 0.5625 0.0357397
0.1875 0.53125 0.0228133
0.1875 0.5 0.0146142
0.21875 0.5 -0.0162463
0.21875 0.53125 -0.00727695
0.1875 0.53125 0.0228133
0.21875 0.5625 0.0069183
0.21875 0.53125 -0.00727695
0.25 0.53125 -0.0355457
0.25 0.5625 -0.0193547
0.21875 0.5625 0.0069183
0.21875 0.53125 -0.00727695
0.21875 0.5 -0.0162463
0.25 0.5 -0.0463508
0.25 0.53125 -0.0355457
0.21875 0.53125 -0.00727695
0.25 1 0.290659
0.25 0.9375 0.241014
0.3125 0.9375 0.201299
0.3125 1 0.254188
0.25 1 0.290659
0.25 0.9375 0.241014
0.25 0.875 0.192894
0.3125 0.875 0.150133
0.3125 0.9375 0.201299
0.25 0.9375 0.241014
0.3125 1 0.254188
0.3125 0.9375 0.201299
0.375 0.9375 0.167007
0.375 1 0.224286
0.3125 1 0.254188
0.3125 0.9375 0.201299
0.3125 0.875 0.150133
0.375 0.875 0.112057
0.375 0.9375 0.167007
0.3125 0.9375 0.201299
0.25 0.875 0.192894
0.25 0.8125 0.146939
0.3125 0.8125 0.102575
0.3125 0.875 0.150133
0.25 0.875 0.192894
0.25 0.8125 0.146939
0.25 0.78125 0.125085
0.28125 0.78125 0.102385
0.28125 0.8125 0.124604
0.25 0.8125 0.146939
0.25 0.78125 0.125085
0.25 0.75 0.103574
0.28125 0.75 0.0806222
0.28125 0.78125 0.102385
0.25 0.78125 0.125085
0.28125 0.8125 0.124604
0.28125 0.78125 0.102385
0.3125 0.78125 0.0798829
0.3125 0.8125 0.102575
0.28125 0.8125 0.124604
0.28125 0.78125 0.102385
0.28125 0.75 0.0806222
0.3125 0.75 0.0578055
0.3125 0.78125 0.0798829
0.28125 0.78125 0.102385
0.3125 0.875 0.150133
0.3125 0.84375 0.125998
0.34375 0.84375 0.105327
0.34375 0.875 0.130497
0.3125 0.875 0.150133
0.3125 0.84375 0.125998
0.3125 0.8125 0.102575
0.34375 0.8125 0.0810402
0.34375 0.84375 0.105327
0.3125 0.84375 0.125998
0.34375 0.875 0.130497
0.34375 0.84375 0.105327
0.375 0.84375 0.085685
0.375 0.875 0.112057
0.34375 0.875 0.130497
0.34375 0.84375 0.105327
0.34375 0.8125 0.0810402
0.375 0.8125 0.0602239
0.375 0.84375 0.085685
0.34375 0.84375 0.105327
0.3125 0.8125 0.102575
0.3125 0.78125 0.0798829
0.34375 0.78125 0.0576551
0.34375 0.8125 0.0810402
0.3125 0.8125 0.102575
0.3125 0.78125 0.0798829
0.3125 0.75 0.0578055
0.34375 0.75 0.0351149
0.34375 0.78125 0.0576551
0.3125 0.78125 0.0798829
0.34375 0.8125 0.0810402
0.34375 0.78125 0.0576551
0.375 0.78125 0.0358166
0.375 0.8125 0.0602239
0.34375 0.8125 0.0810402
0.34375 0.78125 0.0576551
0.34375 0.75 0.0351149
0.375 0.75 0.0125567
0.375 0.78125 0.0358166
0.34375 0.78125 0.0576551
0.375 1 0.224286
0.375 0.9375 0.167007
0.4375 0.9375 0.143362
0.4375 1 0.204531
0.375 1 0.224286
0.375 0.9375 0.167007
0.375 0.90625 0.139224
0.40625 0.90625 0.124451
0.40625 0.9375 0.153507
0.375 0.9375 0.167007
0.375 0.90625 0.139224
0.375 0.875 0.112057
0.40625 0.875 0.0958707
0.40625 0.90625 0.124451
0.375 0.90625 0.139224
0.40625 0.9375 0.153507
0.40625 0.90625 0.124451
0.4375 0.90625 0.113099
0.4375 0.9375 0.143362
0.40625 0.9375 0.153507
0.40625 0.90625 0.124451
0.40625 0.875 0.0958707
0.4375 0.875 0.083088
0.4375 0.90625 0.113099
0.40625 0.90625 0.124451
0.4375 1 0.204531
0.4375 0.9375 0.143362
0.5 0.9375 0.136746
0.5 1 0.199185
0.4375 1 0.204531
0.4375 0.9375 0.143362
0.4375 0.90625 0.113099
0.46875 0.90625 0.106432
0.46875 0.9375 0.137473
0.4375 0.9375 0.143362
0.4375 0.90625 0.113099
0.4375 0.875 0.083088
0.46875 0.875 0.0754212
0.46875 0.90625 0.106432
0.4375 0.90625 0.113099
0.46875 0.9375 0.137473
0.46875 0.90625 0.106432
0.5 0.90625 0.105575
0.5 0.9375 0.136746
0.46875 0.9375 0.137473
0.46875 0.90625 0.106432
0.46875 0.875 0.0754212
0.5 0.875 0.0744104
0.5 0.90625 0.105575
0.46875 0.90625 0.106432
0.375 0.875 0.112057
0.375 0.84375 0.085685
0.40625 0.84375 0.067904
0.40625 0.875 0.0958707
0.375 0.875 0.112057
0.375 0.84375 0.085685
0.375 0.8125 0.0602239
0.40625 0.8125 0.0407519
0.40625 0.84375 0.067904
0.375 0.84375 0.085685
0.40625 0.875 0.0958707
0.40625 0.84375 0.067904
0.4375 0.84375 0.053414
0.4375 0.875 0.083088
0.40625 0.875 0.0958707
0.40625 0.84375 0.067904
0.40625 0.8125 0.0407519
0.4375 0.8125 0.0242191
0.4375 0.84375 0.053414
0.40625 0.84375 0.067904
0.375 0.8125 0.0602239
0.375 0.78125 0.0358166
0.40625 0.78125 0.0146763
0.40625 0.8125 0.0407519
0.375 0.8125 0.0602239
0.375 0.78125 0.0358166
0.375 0.75 0.0125567
0.40625 0.75 -0.00921289
0.40625 0.78125 0.0146763
0.375 0.78125 0.0358166
0.40625 0.8125 0.0407519
0.40625 0.78125 0.0146763
0.4375 0.78125 -0.00401337
0.4375 0.8125 0.0242191
0.40625 0.8125 0.0407519
0.40625 0.78125 0.0146763
0.40625 0.75 -0.00921289
0.4375 0.75 -0.0293778
0.4375 0.78125 -0.00401337
0.40625 0.78125 0.0146763
0.4375 0.875 0.083088
0.4375 0.84375 0.053414
0.46875 0.84375 0.044464
0.46875 0.875 0.0754212
0.4375 0.875 0.083088
0.4375 0.84375 0.053414
0.4375 0.8125 0.0242191
0.46875 0.8125 0.0135941
0.46875 0.84375 0.044464
0.4375 0.84375 0.053414
0.46875 0.875 0.0754212
0.46875 0.84375 0.044464
0.5 0.84375 0.043255
0.5 0.875 0.0744104
0.46875 0.875 0.0754212
0.46875 0.84375 0.044464
0.46875 0.8125 0.0135941
0.5 0.8125 0.0121165
0.5 0.84375 0.043255
0.46875 0.84375 0.044464
0.4375 0.8125 0.0242191
0.4375 0.78125 -0.00401337
0.46875 0.78125 -0.0166866
0.46875 0.8125 0.0135941
0.4375 0.8125 0.0242191
0.4375 0.78125 -0.00401337
0.4375 0.75 -0.0293778
0.46875 0.75 -0.0454156
0.46875 0.78125 -0.0166866
0.4375 0.78125 -0.00401337
0.46875 0.8125 0.0135941
0.46875 0.78125 -0.0166866
0.5 0.78125 -0.0186392
0.5 0.8125 0.0121165
0.46875 0.8125 0.0135941
0.46875 0.78125 -0.0166866
0.46875 0.75 -0.0454156
0.5 0.75 -0.0486612
0.5 0.78125 -0.0186392
0.46875 0.78125 -0.0166866
0.25 0.75 0.103574
0.25 0.71875 0.0823581
0.28125 0.71875 0.0592429
0.28125 0.75 0.0806222
0.25 0.75 0.103574
0.25 0.71875 0.0823581
0.25 0.6875 0.0613122
0.28125 0.6875 0.0380598
0.28125 0.71875 0.0592429
0.25 0.71875 0.0823581
0.28125 0.75 0.0806222
0.28125 0.71875 0.0592429
0.3125 0.71875 0.0362527
0.3125 0.75 0.0578055
0.28125 0.75 0.0806222
0.28125 0.71875 0.0592429
0.28125 0.6875 0.0380598
0.3125 0.6875 0.0149709
0.3125 0.71875 0.0362527
0.28125 0.71875 0.0592429
0.25 0.6875 0.0613122
0.25 0.65625 0.0404411
0.28125 0.65625 0.0170042
0.28125 0.6875 0.0380598
0.25 0.6875 0.0613122
0.25 0.65625 0.0404411
0.25 0.625 0.019802
0.28125 0.625 -0.00390053
0.28125 0.65625 0.0170042
0.25 0.65625 0.0404411
0.28125 0.6875 0.0380598
0.28125 0.65625 0.0170042
0.3125 0.65625 -0.00617247
0.3125 0.6875 0.0149709
0.28125 0.6875 0.0380598
0.28125 0.65625 0.0170042
0.28125 0.625 -0.00390053
0.3125 0.625 -0.0271707
0.3125 0.65625 -0.00617247
0.28125 0.65625 0.0170042
0.3125 0.75 0.0578055
0.3125 0.71875 0.0362527
0.34375 0.71875 0.0133479
0.34375 0.75 0.0351149
0.3125 0.75 0.0578055
0.3125 0.71875 0.0362527
0.3125 0.6875 0.0149709
0.34375 0.6875 -0.00799667
0.34375 0.71875 0.0133479
0.3125 0.71875 0.0362527
0.34375 0.75 0.0351149
0.34375 0.71875 0.0133479
0.375 0.71875 -0.00935346
0.375 0.75 0.0125567
0.34375 0.75 0.0351149
0.34375 0.71875 0.0133479
0.34375 0.6875 -0.00799667
0.375 0.6875 -0.0308324
0.375 0.71875 -0.00935346
0.34375 0.71875 0.0133479
0.3125 0.6875 0.0149709
0.3125 0.65625 -0.00617247
0.34375 0.65625 -0.0292164
0.34375 0.6875 -0.00799667
0.3125 0.6875 0.0149709
0.3125 0.65625 -0.00617247
0.3125 0.625 -0.0271707
0.34375 0.625 -0.0503201
0.34375 0.65625 -0.0292164
0.3125 0.65625 -0.00617247
0.34375 0.6875 -0.00799667
0.34375 0.65625 -0.0292164
0.375 0.65625 -0.0521607
0.375 0.6875 -0.0308324
0.34375 0.6875 -0.00799667
0.34375 0.65625 -0.0292164
0.34375 0.625 -0.0503201
0.375 0.625 -0.0733717
0.375 0.65625 -0.0521607
0.34375 0.65625 -0.0292164
0.25 0.625 0.019802
0.25 0.59375 -0.00045577
0.28125 0.59375 -0.0244095
0.28125 0.625 -0.00390053
0.25 0.625 0.019802
0.25 0.59375 -0.00045577
0.25 0.5625 -0.0193547
0.28125 0.5625 -0.0441954
0.28125 0.59375 -0.0244095
0.25 0.59375 -0.00045577
0.28125 0.625 -0.00390053
0.28125 0.59375 -0.0244095
0.3125 0.59375 -0.0479542
0.3125 0.625 -0.0271707
0.28125 0.625 -0.00390053
0.28125 0.59375 -0.0244095
0.28125 0.5625 -0.0441954
0.3125 0.5625 -0.0683133
0.3125 0.59375 -0.0479542
0.28125 0.59375 -0.0244095
0.25 0.5625 -0.0193547
0.25 0.53125 -0.0355457
0.28125 0.53125 -0.062284
0.28125 0.5625 -0.0441954
0.25 0.5625 -0.0193547
0.25 0.53125 -0.0355457
0.25 0.5 -0.0463508
0.28125 0.5 -0.0755204
0.28125 0.53125 -0.062284
0.25 0.53125 -0.0355457
0.28125 0.5625 -0.0441954
0.28125 0.53125 -0.062284
0.3125 0.53125 -0.0876826
0.3125 0.5625 -0.0683133
0.28125 0.5625 -0.0441954
0.28125 0.53125 -0.062284
0.28125 0.5 -0.0755204
0.3125 0.5 -0.103552
0.3125 0.53125 -0.0876826
0.28125 0.53125 -0.062284
0.3125 0.625 -0.0271707
0.3125 0.59375 -0.0479542
0.34375 0.59375 -0.0712752
0.34375 0.625 -0.0503201
0.3125 0.625 -0.0271707
0.3125 0.59375 -0.0479542
0.3125 0.5625 -0.0683133
0.34375 0.5625 -0.0919754
0.34375 0.59375 -0.0712752
0.3125 0.59375 -0.0479542
0.34375 0.625 -0.0503201
0.34375 0.59375 -0.0712752
0.375 0.59375 -0.0944554
0.375 0.625 -0.0733717
0.34375 0.625 -0.0503201
0.34375 0.59375 -0.0712752
0.34375 0.5625 -0.0919754
0.375 0.5625 -0.115365
0.375 0.59375 -0.0944554
0.34375 0.59375 -0.0712752
0.3125 0.5625 -0.0683133
0.3125 0.53125 -0.0876826
0.34375 0.53125 -0.112103
0.34375 0.5625 -0.0919754
0.3125 0.5625 -0.0683133
0.3125 0.53125 -0.0876826
0.3125 0.5 -0.103552
0.34375 0.5 -0.130276
0.34375 0.53125 -0.112103
0.3125 0.53125 -0.0876826
0.34375 0.5625 -0.0919754
0.34375 0.53125 -0.112103
0.375 0.53125 -0.135986
0.375 0.5625 -0.115365
0.34375 0.5625 -0.0919754
0.34375 0.53125 -0.112103
0.34375 0.5 -0.130276
0.375 0.5 -0.15563
0.375 0.53125 -0.135986
0.34375 0.53125 -0.112103
0.375 0.75 0.0125567
0.375 0.71875 -0.00935346
0.40625 0.71875 -0.0316357
0.40625 0.75 -0.00921289
0.375 0.75 0.0125567
0.375 0.71875 -0.00935346
0.375 0.6875 -0.0308324
0.40625 0.6875 -0.0534568
0.40625 0.71875 -0.0316357
0.375 0.71875 -0.00935346
0.40625 0.75 -0.00921289
0.40625 0.71875 -0.0316357
0.4375 0.71875 -0.0530741
0.4375 0.75 -0.0293778
0.40625 0.75 -0.00921289
0.40625 0.71875 -0.0316357
0.40625 0.6875 -0.0534568
0.4375 0.6875 -0.0756393
0.4375 0.71875 -0.0530741
0.40625 0.71875 -0.0316357
0.375 0.6875 -0.0308324
0.375 0.65625 -0.0521607
0.40625 0.65625 -0.074973
0.40625 0.6875 -0.0534568
0.375 0.6875 -0.0308324
0.375 0.65625 -0.0521607
0.375 0.625 -0.0733717
0.40625 0.625 -0.0963153
0.40625 0.65625 -0.074973
0.375 0.65625 -0.0521607
0.40625 0.6875 -0.0534568
0.40625 0.65625 -0.074973
0.4375 0.65625 -0.0975491
0.4375 0.6875 -0.0756393
0.40625 0.6875 -0.0534568
0.40625 0.65625 -0.074973
0.40625 0.625 -0.0963153
0.4375 0.625 -0.11911
0.4375 0.65625 -0.0975491
0.40625 0.65625 -0.074973
0.4375 0.75 -0.0293778
0.4375 0.71875 -0.0530741
0.46875 0.71875 -0.0721059
0.46875 0.75 -0.0454156
0.4375 0.75 -0.0293778
0.4375 0.71875 -0.0530741
0.4375 0.6875 -0.0756393
0.46875 0.6875 -0.0965995
0.46875 0.71875 -0.0721059
0.4375 0.71875 -0.0530741
0.46875 0.75 -0.0454156
0.46875 0.71875 -0.0721059
0.5 0.71875 -0.0776211
0.5 0.75 -0.0486612
0.46875 0.75 -0.0454156
0.46875 0.71875 -0.0721059
0.46875 0.6875 -0.0965995
0.5 0.6875 -0.105162
0.5 0.71875 -0.0776211
0.46875 0.71875 -0.0721059
0.4375 0.6875 -0.0756393
0.4375 0.65625 -0.0975491
0.46875 0.65625 -0.119563
0.46875 0.6875 -0.0965995
0.4375 0.6875 -0.0756393
0.4375 0.65625 -0.0975491
0.4375 0.625 -0.11911
0.46875 0.625 -0.14153
0.46875 0.65625 -0.119563
0.4375 0.65625 -0.0975491
0.46875 0.6875 -0.0965995
0.46875 0.65625 -0.119563
0.5 0.65625 -0.131211
0.5 0.6875 -0.105162
0.46875 0.6875 -0.0965995
0.46875 0.65625 -0.119563
0.46875 0.625 -0.14153
0.5 0.625 -0.155891
0.5 0.65625 -0.131211
0.46875 0.65625 -0.119563
0.375 0.625 -0.0733717
0.375 0.59375 -0.0944554
0.40625 0.59375 -0.117524
0.40625 0.625 -0.0963153
0.375 0.625 -0.0733717
0.375 0.59375 -0.0944554
0.375 0.5625 -0.115365
0.40625 0.5625 -0.138586
0.40625 0.59375 -0.117524
0.375 0.59375 -0.0944554
0.40625 0.625 -0.0963153
0.40625 0.59375 -0.117524
0.4375 0.59375 -0.14047
0.4375 0.625 -0.11911
0.40625 0.625 -0.0963153
0.40625 0.59375 -0.117524
0.40625 0.5625 -0.138586
0.4375 0.5625 -0.161677
0.4375 0.59375 -0.14047
0.40625 0.59375 -0.117524
0.375 0.5625 -0.115365
0.375 0.5 -0.15563
0.4375 0.5 -0.200841
0.4375 0.5625 -0.161677
0.375 0.5625 -0.115365
0.4375 0.625 -0.11911
0.4375 0.5625 -0.161677
0.5 0.5625 -0.203631
0.5 0.625 -0.155891
0.4375 0.625 -0.11911
0.4375 0.5625 -0.161677
0.4375 0.5 -0.200841
0.5 0.5 -0.244409
0.5 0.5625 -0.203631
0.4375 0.5625 -0.161677
0 0.5 0.202075
0 0.4375 0.206174
0.0625 0.4375 0.144703
0.0625 0.5 0.139571
0 0.5 0.202075
0 0.4375 0.206174
0 0.375 0.223757
0.0625 0.375 0.165554
0.0625 0.4375 0.144703
0 0.4375 0.206174
0.0625 0.5 0.139571
0.0625 0.46875 0.139808
0.09375 0.46875 0.108748
0.09375 0.5 0.108333
0.0625 0.5 0.139571
0.0625 0.46875 0.139808
0.0625 0.4375 0.144703
0.09375 0.4375 0.114413
0.09375 0.46875 0.108748
0.0625 0.46875 0.139808
0.09375 0.5 0.108333
0.09375 0.46875 0.108748
0.125 0.46875 0.0777288
0.125 0.5 0.0770989
0.09375 0.5 0.108333
0.09375 0.46875 0.108748
0.09375 0.4375 0.114413
0.125 0.4375 0.0843364
0.125 0.46875 0.0777288
0.09375 0.46875 0.108748
0.0625 0.4375 0.144703
0.0625 0.40625 0.1535
0.09375 0.40625 0.124341
0.09375 0.4375 0.114413
0.0625 0.4375 0.144703
0.0625 0.40625 0.1535
0.0625 0.375 0.165554
0.09375 0.375 0.137693
0.09375 0.40625 0.124341
0.0625 0.40625 0.1535
0.09375 0.4375 0.114413
0.09375 0.40625 0.124341
0.125 0.40625 0.0956221
0.125 0.4375 0.0843364
0.09375 0.4375 0.114413
0.09375 0.40625 0.124341
0.09375 0.375 0.137693
0.125 0.375 0.110468
0.125 0.40625 0.0956221
0.09375 0.40625 0.124341
0 0.375 0.223757
0 0.3125 0.251242
0.0625 0.3125 0.197253
0.0625 0.375 0.165554
0 0.375 0.223757
0 0.3125 0.251242
0 0.25 0.286526
0.0625 0.25 0.236475
0.0625 0.3125 0.197253
0 0.3125 0.251242
0.0625 0.375 0.165554
0.0625 0.3125 0.197253
0.125 0.3125 0.147608
0.125 0.375 0.110468
0.0625 0.375 0.165554
0.0625 0.3125 0.197253
0.0625 0.25 0.236475
0.125 0.25 0.190099
0.125 0.3125 0.147608
0.0625 0.3125 0.197253
0.125 0.5 0.0770989
0.125 0.46875 0.0777288
0.15625 0.46875 0.0467352
0.15625 0.5 0.0458591
0.125 0.5 0.0770989
0.125 0.46875 0.0777288
0.125 0.4375 0.0843364
0.15625 0.4375 0.054616
0.15625 0.46875 0.0467352
0.125 0.46875 0.0777288
0.15625 0.5 0.0458591
0.15625 0.46875 0.0467352
0.1875 0.46875 0.0158458
0.1875 0.5 0.0146142
0.15625 0.5 0.0458591
0.15625 0.46875 0.0467352
0.15625 0.4375 0.054616
0.1875 0.4375 0.0254225
0.1875 0.46875 0.0158458
0.15625 0.46875 0.0467352
0.125 0.4375 0.0843364
0.125 0.40625 0.0956221
0.15625 0.40625 0.067642
0.15625 0.4375 0.054616
0.125 0.4375 0.0843364
0.125 0.40625 0.0956221
0.125 0.375 0.110468
0.15625 0.375 0.0843369
0.15625 0.40625 0.067642
0.125 0.40625 0.0956221
0.15625 0.4375 0.054616
0.15625 0.40625 0.067642
0.1875 0.40625 0.0407229
0.1875 0.4375 0.0254225
0.15625 0.4375 0.054616
0.15625 0.40625 0.067642
0.15625 0.375 0.0843369
0.1875 0.375 0.059306
0.1875 0.40625 0.0407229
0.15625 0.40625 0.067642
0.1875 0.5 0.0146142
0.1875 0.46875 0.0158458
0.21875 0.46875 -0.0134728
0.21875 0.5 -0.0162463
0.1875 0.5 0.0146142
0.1875 0.46875 0.0158458
0.1875 0.4375 0.0254225
0.21875 0.4375 -0.00259606
0.21875 0.46875 -0.0134728
0.1875 0.46875 0.0158458
0.21875 0.5 -0.0162463
0.21875 0.46875 -0.0134728
0.25 0.46875 -0.0409304
0.25 0.5 -0.0463508
0.21875 0.5 -0.0162463
0.21875 0.46875 -0.0134728
0.21875 0.4375 -0.00259606
0.25 0.4375 -0.0270802
0.25 0.46875 -0.0409304
0.21875 0.46875 -0.0134728
0.1875 0.4375 0.0254225
0.1875 0.40625 0.0407229
0.21875 0.40625 0.0150908
0.21875 0.4375 -0.00259606
0.1875 0.4375 0.0254225
0.1875 0.40625 0.0407229
0.1875 0.375 0.059306
0.21875 0.375 0.0354616
0.21875 0.40625 0.0150908
0.1875 0.40625 0.0407229
0.21875 0.4375 -0.00259606
0.21875 0.40625 0.0150908
0.25 0.40625 -0.00874121
0.25 0.4375 -0.0270802
0.21875 0.4375 -0.00259606
0.21875 0.40625 0.0150908
0.21875 0.375 0.0354616
0.25 0.375 0.0126966
0.25 0.40625 -0.00874121
0.21875 0.40625 0.0150908
0.125 0.375 0.110468
0.125 0.34375 0.128056
0.15625 0.34375 0.103445
0.15625 0.375 0.0843369
0.125 0.375 0.110468
0.125 0.34375 0.128056
0.125 0.3125 0.147608
0.15625 0.3125 0.124106
0.15625 0.34375 0.103445
0.125 0.34375 0.128056
0.15625 0.375 0.0843369
0.15625 0.34375 0.103445
0.1875 0.34375 0.0798008
0.1875 0.375 0.059306
0.15625 0.375 0.0843369
0.15625 0.34375 0.103445
0.15625 0.3125 0.124106
0.1875 0.3125 0.101346
0.1875 0.34375 0.0798008
0.15625 0.34375 0.103445
0.125 0.3125 0.147608
0.125 0.25 0.190099
0.1875 0.25 0.145998
0.1875 0.3125 0.101346
0.125 0.3125 0.147608
0.1875 0.375 0.059306
0.1875 0.34375 0.0798008
0.21875 0.34375 0.0570318
0.21875 0.375 0.0354616
0.1875 0.375 0.059306
0.1875 0.34375 0.0798008
0.1875 0.3125 0.101346
0.21875 0.3125 0.079231
0.21875 0.34375 0.0570318
0.1875 0.34375 0.0798008
0.21875 0.375 0.0354616
0.21875 0.34375 0.0570318
0.25 0.34375 0.0349552
0.25 0.375 0.0126966
0.21875 0.375 0.0354616
0.21875 0.34375 0.0570318
0.21875 0.3125 0.079231
0.25 0.3125 0.0575557
0.25 0.34375 0.0349552
0.21875 0.34375 0.0570318
0.1875 0.3125 0.101346
0.1875 0.28125 0.123488
0.21875 0.28125 0.101775
0.21875 0.3125 0.079231
0.1875 0.3125 0.101346
0.1875 0.28125 0.123488
0.1875 0.25 0.145998
0.21875 0.25 0.124528
0.21875 0.28125 0.101775
0.1875 0.28125 0.123488
0.21875 0.3125 0.079231
0.21875 0.28125 0.101775
0.25 0.28125 0.0803421
0.25 0.3125 0.0575557
0.21875 0.3125 0.079231
0.21875 0.28125 0.101775
0.21875 0.25 0.124528
0.25 0.25 0.10326
0.25 0.28125 0.0803421
0.21875 0.28125 0.101775
0 0.25 0.286526
0 0.125 0.369798
0.125 0.125 0.27992
0.125 0.25 0.190099
0 0.25 0.286526
0 0.125 0.369798
0 0 0.460231
0.125 0 0.373923
0.125 0.125 0.27992
0 0.125 0.369798
0.125 0.25 0.190099
0.125 0.1875 0.234574
0.1875 0.1875 0.191571
0.1875 0.25 0.145998
0.125 0.25 0.190099
0.125 0.1875 0.234574
0.125 0.125 0.27992
0.1875 0.125 0.237784
0.1875 0.1875 0.191571
0.125 0.1875 0.234574
0.1875 0.25 0.145998
0.1875 0.1875 0.191571
0.25 0.1875 0.14948
0.25 0.25 0.10326
0.1875 0.25 0.145998
0.1875 0.1875 0.191571
0.1875 0.125 0.237784
0.25 0.125 0.196472
0.25 0.1875 0.14948
0.1875 0.1875 0.191571
0.125 0.125 0.27992
0.125 0 0.373923
0.25 0 0.295379
0.25 0.125 0.196472
0.125 0.125 0.27992
0.25 0.5 -0.0463508
0.25 0.46875 -0.0409304
0.28125 0.46875 -0.0670622
0.28125 0.5 -0.0755204
0.25 0.5 -0.0463508
0.25 0.46875 -0.0409304
0.25 0.4375 -0.0270802
0.28125 0.4375 -0.0508099
0.28125 0.46875 -0.0670622
0.25 0.46875 -0.0409304
0.28125 0.5 -0.0755204
0.28125 0.46875 -0.0670622
0.3125 0.46875 -0.0920011
0.3125 0.5 -0.103552
0.28125 0.5 -0.0755204
0.28125 0.46875 -0.0670622
0.28125 0.4375 -0.0508099
0.3125 0.4375 -0.073762
0.3125 0.46875 -0.0920011
0.28125 0.46875 -0.0670622
0.25 0.4375 -0.0270802
0.25 0.40625 -0.00874121
0.28125 0.40625 -0.030942
0.28125 0.4375 -0.0508099
0.25 0.4375 -0.0270802
0.25 0.40625 -0.00874121
0.25 0.375 0.0126966
0.28125 0.375 -0.00926189
0.28125 0.40625 -0.030942
0.25 0.40625 -0.00874121
0.28125 0.4375 -0.0508099
0.28125 0.40625 -0.030942
0.3125 0.40625 -0.0528536
0.3125 0.4375 -0.073762
0.28125 0.4375 -0.0508099
0.28125 0.40625 -0.030942
0.28125 0.375 -0.00926189
0.3125 0.375 -0.0306786
0.3125 0.40625 -0.0528536
0.28125 0.40625 -0.030942
0.3125 0.5 -0.103552
0.3125 0.46875 -0.0920011
0.34375 0.46875 -0.115866
0.34375 0.5 -0.130276
0.3125 0.5 -0.103552
0.3125 0.46875 -0.0920011
0.3125 0.4375 -0.073762
0.34375 0.4375 -0.0961169
0.34375 0.46875 -0.115866
0.3125 0.46875 -0.0920011
0.34375 0.5 -0.130276
0.34375 0.46875 -0.115866
0.375 0.46875 -0.13891
0.375 0.5 -0.15563
0.34375 0.5 -0.130276
0.34375 0.46875 -0.115866
0.34375 0.4375 -0.0961169
0.375 0.4375 -0.118035
0.375 0.46875 -0.13891
0.34375 0.46875 -0.115866
0.3125 0.4375 -0.073762
0.3125 0.40625 -0.0528536
0.34375 0.40625 -0.074475
0.34375 0.4375 -0.0961169
0.3125 0.4375 -0.073762
0.3125 0.40625 -0.0528536
0.3125 0.375 -0.0306786
0.34375 0.375 -0.0519785
0.34375 0.40625 -0.074475
0.3125 0.40625 -0.0528536
0.34375 0.4375 -0.0961169
0.34375 0.40625 -0.074475
0.375 0.40625 -0.0958825
0.375 0.4375 -0.118035
0.34375 0.4375 -0.0961169
0.34375 0.40625 -0.074475
0.34375 0.375 -0.0519785
0.375 0.375 -0.0731374
0.375 0.40625 -0.0958825
0.34375 0.40625 -0.074475
0.25 0.375 0.0126966
0.25 0.34375 0.0349552
0.28125 0.34375 0.0133359
0.28125 0.375 -0.00926189
0.25 0.375 0.0126966
0.25 0.34375 0.0349552
0.25 0.3125 0.0575557
0.28125 0.3125 0.0361615
0.28125 0.34375 0.0133359
0.25 0.34375 0.0349552
0.28125 0.375 -0.00926189
0.28125 0.34375 0.0133359
0.3125 0.34375 -0.00800325
0.3125 0.375 -0.0306786
0.28125 0.375 -0.00926189
0.28125 0.34375 0.0133359
0.28125 0.3125 0.0361615
0.3125 0.3125 0.0149458
0.3125 0.34375 -0.00800325
0.28125 0.34375 0.0133359
0.25 0.3125 0.0575557
0.25 0.28125 0.0803421
0.28125 0.28125 0.0591004
0.28125 0.3125 0.0361615
0.25 0.3125 0.0575557
0.25 0.28125 0.0803421
0.25 0.25 0.10326
0.28125 0.25 0.0821532
0.28125 0.28125 0.0591004
0.25 0.28125 0.0803421
0.28125 0.3125 0.0361615
0.28125 0.28125 0.0591004
0.3125 0.28125 0.038004
0.3125 0.3125 0.0149458
0.28125 0.3125 0.0361615
0.28125 0.28125 0.0591004
0.28125 0.25 0.0821532
0.3125 0.25 0.0611886
0.3125 0.28125 0.038004
0.28125 0.28125 0.0591004
0.3125 0.375 -0.0306786
0.3125 0.34375 -0.00800325
0.34375 0.34375 -0.0291361
0.34375 0.375 -0.0519785
0.3125 0.375 -0.0306786
0.3125 0.34375 -0.00800325
0.3125 0.3125 0.0149458
0.34375 0.3125 -0.0061354
0.34375 0.34375 -0.0291361
0.3125 0.34375 -0.00800325
0.34375 0.375 -0.0519785
0.34375 0.34375 -0.0291361
0.375 0.34375 -0.0501407
0.375 0.375 -0.0731374
0.34375 0.375 -0.0519785
0.34375 0.34375 -0.0291361
0.34375 0.3125 -0.0061354
0.375 0.3125 -0.0270106
0.375 0.34375 -0.0501407
0.34375 0.34375 -0.0291361
0.3125 0.3125 0.0149458
0.3125 0.28125 0.038004
0.34375 0.28125 0.0170354
0.34375 0.3125 -0.0061354
0.3125 0.3125 0.0149458
0.3125 0.28125 0.038004
0.3125 0.25 0.0611886
0.34375 0.25 0.0403868
0.34375 0.28125 0.0170354
0.3125 0.28125 0.038004
0.34375 0.3125 -0.0061354
0.34375 0.28125 0.0170354
0.375 0.28125 -0.00373592
0.375 0.3125 -0.0270106
0.34375 0.3125 -0.0061354
0.34375 0.28125 0.0170354
0.34375 0.25 0.0403868
0.375 0.25 0.0198579
0.375 0.28125 -0.00373592
0.34375 0.28125 0.0170354
0.375 0.5 -0.15563
0.375 0.4375 -0.118035
0.4375 0.4375 -0.160884
0.4375 0.5 -0.200841
0.375 0.5 -0.15563
0.375 0.4375 -0.118035
0.375 0.40625 -0.0958825
0.40625 0.40625 -0.117073
0.40625 0.4375 -0.139624
0.375 0.4375 -0.118035
0.375 0.40625 -0.0958825
0.375 0.375 -0.0731374
0.40625 0.375 -0.0941047
0.40625 0.40625 -0.117073
0.375 0.40625 -0.0958825
0.40625 0.4375 -0.139624
0.40625 0.40625 -0.117073
0.4375 0.40625 -0.13799
0.4375 0.4375 -0.160884
0.40625 0.4375 -0.139624
0.40625 0.40625 -0.117073
0.40625 0.375 -0.0941047
0.4375 0.375 -0.114768
0.4375 0.40625 -0.13799
0.40625 0.40625 -0.117073
0.4375 0.5 -0.200841
0.4375 0.4375 -0.160884
0.5 0.4375 -0.201001
0.5 0.5 -0.244409
0.4375 0.5 -0.200841
0.4375 0.4375 -0.160884
0.4375 0.375 -0.114768
0.5 0.375 -0.153575
0.5 0.4375 -0.201001
0.4375 0.4375 -0.160884
0.375 0.375 -0.0731374
0.375 0.34375 -0.0501407
0.40625 0.34375 -0.0709294
0.40625 0.375 -0.0941047
0.375 0.375 -0.0731374
0.375 0.34375 -0.0501407
0.375 0.3125 -0.0270106
0.40625 0.3125 -0.0475841
0.40625 0.34375 -0.0709294
0.375 0.34375 -0.0501407
0.40625 0.375 -0.0941047
0.40625 0.34375 -0.0709294
0.4375 0.34375 -0.0912982
0.4375 0.375 -0.114768
0.40625 0.375 -0.0941047
0.40625 0.34375 -0.0709294
0.40625 0.3125 -0.0475841
0.4375 0.3125 -0.067568
0.4375 0.34375 -0.0912982
0.40625 0.34375 -0.0709294
0.375 0.3125 -0.0270106
0.375 0.28125 -0.00373592
0.40625 0.28125 -0.0240342
0.40625 0.3125 -0.0475841
0.375 0.3125 -0.0270106
0.375 0.28125 -0.00373592
0.375 0.25 0.0198579
0.40625 0.25 -0.000210444
0.40625 0.28125 -0.0240342
0.375 0.28125 -0.00373592
0.40625 0.3125 -0.0475841
0.40625 0.28125 -0.0240342
0.4375 0.28125 -0.0434702
0.4375 0.3125 -0.067568
0.40625 0.3125 -0.0475841
0.40625 0.28125 -0.0240342
0.40625 0.25 -0.000210444
0.4375 0.25 -0.0189032
0.4375 0.28125 -0.0434702
0.40625 0.28125 -0.0240342
0.4375 0.375 -0.114768
0.4375 0.34375 -0.0912982
0.46875 0.34375 -0.110848
0.46875 0.375 -0.134819
0.4375 0.375 -0.114768
0.4375 0.34375 -0.0912982
0.4375 0.3125 -0.067568
0.46875 0.3125 -0.0863172
0.46875 0.34375 -0.110848
0.4375 0.34375 -0.0912982
0.46875 0.375 -0.134819
0.46875 0.34375 -0.110848
0.5 0.34375 -0.128459
0.5 0.375 -0.153575
0.46875 0.375 -0.134819
0.46875 0.34375 -0.110848
0.46875 0.3125 -0.0863172
0.5 0.3125 -0.102545
0.5 0.34375 -0.128459
0.46875 0.34375 -0.110848
0.4375 0.3125 -0.067568
0.4375 0.28125 -0.0434702
0.46875 0.28125 -0.0612251
0.46875 0.3125 -0.0863172
0.4375 0.3125 -0.067568
0.4375 0.28125 -0.0434702
0.4375 0.25 -0.0189032
0.46875 0.25 -0.0353131
0.46875 0.28125 -0.0612251
0.4375 0.28125 -0.0434702
0.46875 0.3125 -0.0863172
0.46875 0.28125 -0.0612251
0.5 0.28125 -0.0755466
0.5 0.3125 -0.102545
0.46875 0.3125 -0.0863172
0.46875 0.28125 -0.0612251
0.46875 0.25 -0.0353131
0.5 0.25 -0.0474707
0.5 0.28125 -0.0755466
0.46875 0.28125 -0.0612251
0.25 0.25 0.10326
0.25 0.21875 0.1263
0.28125 0.21875 0.105337
0.28125 0.25 0.0821532
0.25 0.25 0.10326
0.25 0.21875 0.1263
0.25 0.1875 0.14948
0.28125 0.1875 0.128683
0.28125 0.21875 0.105337
0.25 0.21875 0.1263
0.28125 0.25 0.0821532
0.28125 0.21875 0.105337
0.3125 0.21875 0.0845385
0.3125 0.25 0.0611886
0.28125 0.25 0.0821532
0.28125 0.21875 0.105337
0.28125 0.1875 0.128683
0.3125 0.1875 0.108119
0.3125 0.21875 0.0845385
0.28125 0.21875 0.105337
0.25 0.1875 0.14948
0.25 0.125 0.196472
0.3125 0.125 0.156347
0.3125 0.1875 0.108119
0.25 0.1875 0.14948
0.3125 0.25 0.0611886
0.3125 0.21875 0.0845385
0.34375 0.21875 0.0639862
0.34375 0.25 0.0403868
0.3125 0.25 0.0611886
0.3125 0.21875 0.0845385
0.3125 0.1875 0.108119
0.34375 0.1875 0.0879373
0.34375 0.21875 0.0639862
0.3125 0.21875 0.0845385
0.34375 0.25 0.0403868
0.34375 0.21875 0.0639862
0.375 0.21875 0.0438567
0.375 0.25 0.0198579
0.34375 0.25 0.0403868
0.34375 0.21875 0.0639862
0.34375 0.1875 0.0879373
0.375 0.1875 0.068401
0.375 0.21875 0.0438567
0.34375 0.21875 0.0639862
0.3125 0.1875 0.108119
0.3125 0.15625 0.132033
0.34375 0.15625 0.112349
0.34375 0.1875 0.0879373
0.3125 0.1875 0.108119
0.3125 0.15625 0.132033
0.3125 0.125 0.156347
0.34375 0.125 0.137317
0.34375 0.15625 0.112349
0.3125 0.15625 0.132033
0.34375 0.1875 0.0879373
0.34375 0.15625 0.112349
0.375 0.15625 0.0936118
0.375 0.1875 0.068401
0.34375 0.1875 0.0879373
0.34375 0.15625 0.112349
0.34375 0.125 0.137317
0.375 0.125 0.119547
0.375 0.15625 0.0936118
0.34375 0.15625 0.112349
0.25 0.125 0.196472
0.25 0.0625 0.24474
0.3125 0.0625 0.206613
0.3125 0.125 0.156347
0.25 0.125 0.196472
0.25 0.0625 0.24474
0.25 0 0.295379
0.3125 0 0.260057
0.3125 0.0625 0.206613
0.25 0.0625 0.24474
0.3125 0.125 0.156347
0.3125 0.0625 0.206613
0.375 0.0625 0.173542
0.375 0.125 0.119547
0.3125 0.125 0.156347
0.3125 0.0625 0.206613
0.3125 0 0.260057
0.375 0 0.230641
0.375 0.0625 0.173542
0.3125 0.0625 0.206613
0.375 0.25 0.0198579
0.375 0.21875 0.0438567
0.40625 0.21875 0.0244473
0.40625 0.25 -0.000210444
0.375 0.25 0.0198579
0.375 0.21875 0.0438567
0.375 0.1875 0.068401
0.40625 0.1875 0.0499613
0.40625 0.21875 0.0244473
0.375 0.21875 0.0438567
0.40625 0.25 -0.000210444
0.40625 0.21875 0.0244473
0.4375 0.21875 0.00655978
0.4375 0.25 -0.0189032
0.40625 0.25 -0.000210444
0.40625 0.21875 0.0244473
0.40625 0.1875 0.0499613
0.4375 0.1875 0.0335602
0.4375 0.21875 0.00655978
0.40625 0.21875 0.0244473
0.375 0.1875 0.068401
0.375 0.15625 0.0936118
0.40625 0.15625 0.0763693
0.40625 0.1875 0.0499613
0.375 0.1875 0.068401
0.375 0.15625 0.0936118
0.375 0.125 0.119547
0.40625 0.125 0.103594
0.40625 0.15625 0.0763693
0.375 0.15625 0.0936118
0.40625 0.1875 0.0499613
0.40625 0.15625 0.0763693
0.4375 0.15625 0.0615542
0.4375 0.1875 0.0335602
0.40625 0.1875 0.0499613
0.40625 0.15625 0.0763693
0.40625 0.125 0.103594
0.4375 0.125 0.0901594
0.4375 0.15625 0.0615542
0.40625 0.15625 0.0763693
0.4375 0.25 -0.0189032
0.4375 0.21875 0.00655978
0.46875 0.21875 -0.00850684
0.46875 0.25 -0.0353131
0.4375 0.25 -0.0189032
0.4375 0.21875 0.00655978
0.4375 0.1875 0.0335602
0.46875 0.1875 0.0202447
0.46875 0.21875 -0.00850684
0.4375 0.21875 0.00655978
0.46875 0.25 -0.0353131
0.46875 0.21875 -0.00850684
0.5 0.21875 -0.0183728
0.5 0.25 -0.0474707
0.46875 0.25 -0.0353131
0.46875 0.21875 -0.00850684
0.46875 0.1875 0.0202447
0.5 0.1875 0.0121291
0.5 0.21875 -0.0183728
0.46875 0.21875 -0.00850684
0.4375 0.1875 0.0335602
0.4375 0.15625 0.0615542
0.46875 0.15625 0.0499008
0.46875 0.1875 0.0202447
0.4375 0.1875 0.0335602
0.4375 0.15625 0.0615542
0.4375 0.125 0.0901594
0.46875 0.125 0.0800088
0.46875 0.15625 0.0499008
0.4375 0.15625 0.0615542
0.46875 0.1875 0.0202447
0.46875 0.15625 0.0499008
0.5 0.15625 0.0432379
0.5 0.1875 0.0121291
0.46875 0.1875 0.0202447
0.46875 0.15625 0.0499008
0.46875 0.125 0.0800088
0.5 0.125 0.0743798
0.5 0.15625 0.0432379
0.46875 0.15625 0.0499008
0.375 0.125 0.119547
0.375 0.0625 0.173542
0.4375 0.0625 0.148917
0.4375 0.125 0.0901594
0.375 0.125 0.119547
0.375 0.0625 0.173542
0.375 0 0.230641
0.4375 0 0.20935
0.4375 0.0625 0.148917
0.375 0.0625 0.173542
0.4375 0.125 0.0901594
0.4375 0.09375 0.11936
0.46875 0.09375 0.110343
0.46875 0.125 0.0800088
0.4375 0.125 0.0901594
0.4375 0.09375 0.11936
0.4375 0.0625 0.148917
0.46875 0.0625 0.140894
0.46875 0.09375 0.110343
0.4375 0.09375 0.11936
0.46875 0.125 0.0800088
0.46875 0.09375 0.110343
0.5 0.09375 0.105523
0.5 0.125 0.0743798
0.46875 0.125 0.0800088
0.46875 0.09375 0.110343
0.46875 0.0625 0.140894
0.5 0.0625 0.136668
0.5 0.09375 0.105523
0.46875 0.09375 0.110343
0.4375 0.0625 0.148917
0.4375 0 0.20935
0.5 0 0.199076
0.5 0.0625 0.136668
0.4375 0.0625 0.148917
0.5 1 0.199185
0.5 0.9375 0.136746
0.5625 0.9375 0.150108
0.5625 1 0.210205
0.5 1 0.199185
0.5 0.9375 0.136746
0.5 0.90625 0.105575
0.53125 0.90625 0.110938
0.53125 0.9375 0.141465
0.5 0.9375 0.136746
0.5 0.90625 0.105575
0.5 0.875 0.0744104
0.53125 0.875 0.0805455
0.53125 0.90625 0.110938
0.5 0.90625 0.105575
0.53125 0.9375 0.141465
0.53125 0.90625 0.110938
0.5625 0.90625 0.120462
0.5625 0.9375 0.150108
0.53125 0.9375 0.141465
0.53125 0.90625 0.110938
0.53125 0.875 0.0805455
0.5625 0.875 0.0911226
0.5625 0.90625 0.120462
0.53125 0.90625 0.110938
0.5625 1 0.210205
0.5625 0.9375 0.150108
0.625 0.9375 0.176966
0.625 1 0.233475
0.5625 1 0.210205
0.5625 0.9375 0.150108
0.5625 0.875 0.0911226
0.625 0.875 0.121612
0.625 0.9375 0.176966
0.5625 0.9375 0.150108
0.5 0.875 0.0744104
0.5 0.84375 0.043255
0.53125 0.84375 0.0503537
0.53125 0.875 0.0805455
0.5 0.875 0.0744104
0.5 0.84375 0.043255
0.5 0.8125 0.0121165
0.53125 0.8125 0.0204443
0.53125 0.84375 0.0503537
0.5 0.84375 0.043255
0.53125 0.875 0.0805455
0.53125 0.84375 0.0503537
0.5625 0.84375 0.0622149
0.5625 0.875 0.0911226
0.53125 0.875 0.0805455
0.53125 0.84375 0.0503537
0.53125 0.8125 0.0204443
0.5625 0.8125 0.0338453
0.5625 0.84375 0.0622149
0.53125 0.84375 0.0503537
0.5 0.8125 0.0121165
0.5 0.78125 -0.0186392
0.53125 0.78125 -0.00876944
0.53125 0.8125 0.0204443
0.5 0.8125 0.0121165
0.5 0.78125 -0.0186392
0.5 0.75 -0.0486612
0.53125 0.75 -0.036483
0.53125 0.78125 -0.00876944
0.5 0.78125 -0.0186392
0.53125 0.8125 0.0204443
0.53125 0.78125 -0.00876944
0.5625 0.78125 0.0061716
0.5625 0.8125 0.0338453
0.53125 0.8125 0.0204443
0.53125 0.78125 -0.00876944
0.53125 0.75 -0.036483
0.5625 0.75 -0.0196631
0.5625 0.78125 0.0061716
0.53125 0.78125 -0.00876944
0.5625 0.875 0.0911226
0.5625 0.84375 0.0622149
0.59375 0.84375 0.077665
0.59375 0.875 0.105264
0.5625 0.875 0.0911226
0.5625 0.84375 0.0622149
0.5625 0.8125 0.0338453
0.59375 0.8125 0.0507571
0.59375 0.84375 0.077665
0.5625 0.84375 0.0622149
0.59375 0.875 0.105264
0.59375 0.84375 0.077665
0.625 0.84375 0.0951233
0.625 0.875 0.121612
0.59375 0.875 0.105264
0.59375 0.84375 0.077665
0.59375 0.8125 0.0507571
0.625 0.8125 0.0693043
0.625 0.84375 0.0951233
0.59375 0.84375 0.077665
0.5625 0.8125 0.0338453
0.5625 0.78125 0.0061716
0.59375 0.78125 0.0246336
0.59375 0.8125 0.0507571
0.5625 0.8125 0.0338453
0.5625 0.78125 0.0061716
0.5625 0.75 -0.0196631
0.59375 0.75 -0.000587774
0.59375 0.78125 0.0246336
0.5625 0.78125 0.0061716
0.59375 0.8125 0.0507571
0.59375 0.78125 0.0246336
0.625 0.78125 0.0441845
0.625 0.8125 0.0693043
0.59375 0.8125 0.0507571
0.59375 0.78125 0.0246336
0.59375 0.75 -0.000587774
0.625 0.75 0.0197304
0.625 0.78125 0.0441845
0.59375 0.78125 0.0246336
0.625 1 0.233475
0.625 0.9375 0.176966
0.6875 0.9375 0.210248
0.6875 1 0.263522
0.625 1 0.233475
0.625 0.9375 0.176966
0.625 0.875 0.121612
0.6875 0.875 0.158207
0.6875 0.9375 0.210248
0.625 0.9375 0.176966
0.6875 1 0.263522
0.6875 0.9375 0.210248
0.75 0.9375 0.247958
0.75 1 0.298733
0.6875 1 0.263522
0.6875 0.9375 0.210248
0.6875 0.875 0.158207
0.75 0.875 0.198281
0.75 0.9375 0.247958
0.6875 0.9375 0.210248
0.625 0.875 0.121612
0.625 0.84375 0.0951233
0.65625 0.84375 0.113822
0.65625 0.875 0.139449
0.625 0.875 0.121612
0.625 0.84375 0.0951233
0.625 0.8125 0.0693043
0.65625 0.8125 0.0888097
0.65625 0.84375 0.113822
0.625 0.84375 0.0951233
0.65625 0.875 0.139449
0.65625 0.84375 0.113822
0.6875 0.84375 0.133312
0.6875 0.875 0.158207
0.65625 0.875 0.139449
0.65625 0.84375 0.113822
0.65625 0.8125 0.0888097
0.6875 0.8125 0.108889
0.6875 0.84375 0.133312
0.65625 0.84375 0.113822
0.625 0.8125 0.0693043
0.625 0.78125 0.0441845
0.65625 0.78125 0.0643655
0.65625 0.8125 0.0888097
0.625 0.8125 0.0693043
0.625 0.78125 0.0441845
0.625 0.75 0.0197304
0.65625 0.75 0.040457
0.65625 0.78125 0.0643655
0.625 0.78125 0.0441845
0.65625 0.8125 0.0888097
0.65625 0.78125 0.0643655
0.6875 0.78125 0.0849201
0.6875 0.8125 0.108889
0.65625 0.8125 0.0888097
0.65625 0.78125 0.0643655
0.65625 0.75 0.040457
0.6875 0.75 0.0613427
0.6875 0.78125 0.0849201
0.65625 0.78125 0.0643655
0.6875 0.875 0.158207
0.6875 0.8125 0.108889
0.75 0.8125 0.150108
0.75 0.875 0.198281
0.6875 0.875 0.158207
0.6875 0.8125 0.108889
0.6875 0.78125 0.0849201
0.71875 0.78125 0.105725
0.71875 0.8125 0.129359
0.6875 0.8125 0.108889
0.6875 0.78125 0.0849201
0.6875 0.75 0.0613427
0.71875 0.75 0.0823899
0.71875 0.78125 0.105725
0.6875 0.78125 0.0849201
0.71875 0.8125 0.129359
0.71875 0.78125 0.105725
0.75 0.78125 0.126749
0.75 0.8125 0.150108
0.71875 0.8125 0.129359
0.71875 0.78125 0.105725
0.71875 0.75 0.0823899
0.75 0.75 0.10363
0.75 0.78125 0.126749
0.71875 0.78125 0.105725
0.5 0.75 -0.0486612
0.5 0.71875 -0.0776211
0.53125 0.71875 -0.0628183
0.53125 0.75 -0.036483
0.5 0.75 -0.0486612
0.5 0.71875 -0.0776211
0.5 0.6875 -0.105162
0.53125 0.6875 -0.0879607
0.53125 0.71875 -0.0628183
0.5 0.71875 -0.0776211
0.53125 0.75 -0.036483
0.53125 0.71875 -0.0628183
0.5625 0.71875 -0.044374
0.5625 0.75 -0.0196631
0.53125 0.75 -0.036483
0.53125 0.71875 -0.0628183
0.53125 0.6875 -0.0879607
0.5625 0.6875 -0.0684179
0.5625 0.71875 -0.044374
0.53125 0.71875 -0.0628183
0.5 0.6875 -0.105162
0.5 0.65625 -0.131211
0.53125 0.65625 -0.11228
0.53125 0.6875 -0.0879607
0.5 0.6875 -0.105162
0.5 0.65625 -0.131211
0.5 0.625 -0.155891
0.53125 0.625 -0.136007
0.53125 0.65625 -0.11228
0.5 0.65625 -0.131211
0.53125 0.6875 -0.0879607
0.53125 0.65625 -0.11228
0.5625 0.65625 -0.0920395
0.5625 0.6875 -0.0684179
0.53125 0.6875 -0.0879607
0.53125 0.65625 -0.11228
0.53125 0.625 -0.136007
0.5625 0.625 -0.115406
0.5625 0.65625 -0.0920395
0.53125 0.65625 -0.11228
0.5625 0.75 -0.0196631
0.5625 0.71875 -0.044374
0.59375 0.71875 -0.0244907
0.59375 0.75 -0.000587774
0.5625 0.75 -0.0196631
0.5625 0.71875 -0.044374
0.5625 0.6875 -0.0684179
0.59375 0.6875 -0.0480045
0.59375 0.71875 -0.0244907
0.5625 0.71875 -0.044374
0.59375 0.75 -0.000587774
0.59375 0.71875 -0.0244907
0.625 0.71875 -0.00394574
0.625 0.75 0.0197304
0.59375 0.75 -0.000587774
0.59375 0.71875 -0.0244907
0.59375 0.6875 -0.0480045
0.625 0.6875 -0.0271944
0.625 0.71875 -0.00394574
0.59375 0.71875 -0.0244907
0.5625 0.6875 -0.0684179
0.5625 0.65625 -0.0920395
0.59375 0.65625 -0.0713074
0.59375 0.6875 -0.0480045
0.5625 0.6875 -0.0684179
0.5625 0.65625 -0.0920395
0.5625 0.625 -0.115406
0.59375 0.625 -0.0944694
0.59375 0.65625 -0.0713074
0.5625 0.65625 -0.0920395
0.59375 0.6875 -0.0480045
0.59375 0.65625 -0.0713074
0.625 0.65625 -0.0503278
0.625 0.6875 -0.0271944
0.59375 0.6875 -0.0480045
0.59375 0.65625 -0.0713074
0.59375 0.625 -0.0944694
0.625 0.625 -0.0733489
0.625 0.65625 -0.0503278
0.59375 0.65625 -0.0713074
0.5 0.625 -0.155891
0.5 0.5625 -0.203631
0.5625 0.5625 -0.161661
0.5625 0.625 -0.115406
0.5 0.625 -0.155891
0.5 0.5625 -0.203631
0.5 0.5 -0.244409
0.5625 0.5 -0.200301
0.5625 0.5625 -0.161661
0.5 0.5625 -0.203631
0.5625 0.625 -0.115406
0.5625 0.59375 -0.138607
0.59375 0.59375 -0.117504
0.59375 0.625 -0.0944694
0.5625 0.625 -0.115406
0.5625 0.59375 -0.138607
0.5625 0.5625 -0.161661
0.59375 0.5625 -0.140387
0.59375 0.59375 -0.117504
0.5625 0.59375 -0.138607
0.59375 0.625 -0.0944694
0.59375 0.59375 -0.117504
0.625 0.59375 -0.096235
0.625 0.625 -0.0733489
0.59375 0.625 -0.0944694
0.59375 0.59375 -0.117504
0.59375 0.5625 -0.140387
0.625 0.5625 -0.118925
0.625 0.59375 -0.096235
0.59375 0.59375 -0.117504
0.5625 0.5625 -0.161661
0.5625 0.5 -0.200301
0.625 0.5 -0.151622
0.625 0.5625 -0.118925
0.5625 0.5625 -0.161661
0.625 0.75 0.0197304
0.625 0.71875 -0.00394574
0.65625 0.71875 0.0169716
0.65625 0.75 0.040457
0.625 0.75 0.0197304
0.625 0.71875 -0.00394574
0.625 0.6875 -0.0271944
0.65625 0.6875 -0.00617203
0.65625 0.71875 0.0169716
0.625 0.71875 -0.00394574
0.65625 0.75 0.040457
0.65625 0.71875 0.0169716
0.6875 0.71875 0.0380698
0.6875 0.75 0.0613427
0.65625 0.75 0.040457
0.65625 0.71875 0.0169716
0.65625 0.6875 -0.00617203
0.6875 0.6875 0.0150021
0.6875 0.71875 0.0380698
0.65625 0.71875 0.0169716
0.625 0.6875 -0.0271944
0.625 0.65625 -0.0503278
0.65625 0.65625 -0.0291905
0.65625 0.6875 -0.00617203
0.625 0.6875 -0.0271944
0.625 0.65625 -0.0503278
0.625 0.625 -0.0733489
0.65625 0.625 -0.0520831
0.65625 0.65625 -0.0291905
0.625 0.65625 -0.0503278
0.65625 0.6875 -0.00617203
0.65625 0.65625 -0.0291905
0.6875 0.65625 -0.00792115
0.6875 0.6875 0.0150021
0.65625 0.6875 -0.00617203
0.65625 0.65625 -0.0291905
0.65625 0.625 -0.0520831
0.6875 0.625 -0.0306701
0.6875 0.65625 -0.00792115
0.65625 0.65625 -0.0291905
0.6875 0.75 0.0613427
0.6875 0.71875 0.0380698
0.71875 0.71875 0.0592928
0.71875 0.75 0.0823899
0.6875 0.75 0.0613427
0.6875 0.71875 0.0380698
0.6875 0.6875 0.0150021
0.71875 0.6875 0.0363462
0.71875 0.71875 0.0592928
0.6875 0.71875 0.0380698
0.71875 0.75 0.0823899
0.71875 0.71875 0.0592928
0.75 0.71875 0.0807161
0.75 0.75 0.10363
0.71875 0.75 0.0823899
0.71875 0.71875 0.0592928
0.71875 0.6875 0.0363462
0.75 0.6875 0.0579723
0.75 0.71875 0.0807161
0.71875 0.71875 0.0592928
0.6875 0.6875 0.0150021
0.6875 0.65625 -0.00792115
0.71875 0.65625 0.0135337
0.71875 0.6875 0.0363462
0.6875 0.6875 0.0150021
0.6875 0.65625 -0.00792115
0.6875 0.625 -0.0306701
0.71875 0.625 -0.00904709
0.71875 0.65625 0.0135337
0.6875 0.65625 -0.00792115
0.71875 0.6875 0.0363462
0.71875 0.65625 0.0135337
0.75 0.65625 0.035446
0.75 0.6875 0.0579723
0.71875 0.6875 0.0363462
0.71875 0.65625 0.0135337
0.71875 0.625 -0.00904709
0.75 0.625 0.0132344
0.75 0.65625 0.035446
0.71875 0.65625 0.0135337
0.625 0.625 -0.0733489
0.625 0.59375 -0.096235
0.65625 0.59375 -0.0748004
0.65625 0.625 -0.0520831
0.625 0.625 -0.0733489
0.625 0.59375 -0.096235
0.625 0.5625 -0.118925
0.65625 0.5625 -0.0971917
0.65625 0.59375 -0.0748004
0.625 0.59375 -0.096235
0.65625 0.625 -0.0520831
0.65625 0.59375 -0.0748004
0.6875 0.59375 -0.053128
0.6875 0.625 -0.0306701
0.65625 0.625 -0.0520831
0.65625 0.59375 -0.0748004
0.65625 0.5625 -0.0971917
0.6875 0.5625 -0.074978
0.6875 0.59375 -0.053128
0.65625 0.59375 -0.0748004
0.625 0.5625 -0.118925
0.625 0.53125 -0.141101
0.65625 0.53125 -0.118815
0.65625 0.5625 -0.0971917
0.625 0.5625 -0.118925
0.625 0.53125 -0.141101
0.625 0.5 -0.151622
0.65625 0.5 -0.126034
0.65625 0.53125 -0.118815
0.625 0.53125 -0.141101
0.65625 0.5625 -0.0971917
0.65625 0.53125 -0.118815
0.6875 0.53125 -0.095224
0.6875 0.5625 -0.074978
0.65625 0.5625 -0.0971917
0.65625 0.53125 -0.118815
0.65625 0.5 -0.126034
0.6875 0.5 -0.0996976
0.6875 0.53125 -0.095224
0.65625 0.53125 -0.118815
0.6875 0.625 -0.0306701
0.6875 0.59375 -0.053128
0.71875 0.59375 -0.031036
0.71875 0.625 -0.00904709
0.6875 0.625 -0.0306701
0.6875 0.59375 -0.053128
0.6875 0.5625 -0.074978
0.71875 0.5625 -0.0519044
0.71875 0.59375 -0.031036
0.6875 0.59375 -0.053128
0.71875 0.625 -0.00904709
0.71875 0.59375 -0.031036
0.75 0.59375 -0.00813818
0.75 0.625 0.0132344
0.71875 0.625 -0.00904709
0.71875 0.59375 -0.031036
0.71875 0.5625 -0.0519044
0.75 0.5625 -0.0274665
0.75 0.59375 -0.00813818
0.71875 0.59375 -0.031036
0.6875 0.5625 -0.074978
0.6875 0.53125 -0.095224
0.71875 0.53125 -0.0698545
0.71875 0.5625 -0.0519044
0.6875 0.5625 -0.074978
0.6875 0.53125 -0.095224
0.6875 0.5 -0.0996976
0.71875 0.5 -0.0724585
0.71875 0.53125 -0.0698545
0.6875 0.53125 -0.095224
0.71875 0.5625 -0.0519044
0.71875 0.53125 -0.0698545
0.75 0.53125 -0.0424086
0.75 0.5625 -0.0274665
0.71875 0.5625 -0.0519044
0.71875 0.53125 -0.0698545
0.71875 0.5 -0.0724585
0.75 0.5 -0.0443323
0.75 0.53125 -0.0424086
0.71875 0.53125 -0.0698545
0.75 1 0.298733
0.75 0.875 0.198281
0.875 0.875 0.282499
0.875 1 0.376398
0.75 1 0.298733
0.75 0.875 0.198281
0.75 0.8125 0.150108
0.8125 0.8125 0.192737
0.8125 0.875 0.239609
0.75 0.875 0.198281
0.75 0.8125 0.150108
0.75 0.75 0.10363
0.8125 0.75 0.147085
0.8125 0.8125 0.192737
0.75 0.8125 0.150108
0.8125 0.875 0.239609
0.8125 0.8125 0.192737
0.875 0.8125 0.237154
0.875 0.875 0.282499
0.8125 0.875 0.239609
0.8125 0.8125 0.192737
0.8125 0.75 0.147085
0.875 0.75 0.193487
0.875 0.8125 0.237154
0.8125 0.8125 0.192737
0.875 1 0.376398
0.875 0.875 0.282499
1 0.875 0.378971
1 1 0.466081
0.875 1 0.376398
0.875 0.875 0.282499
0.875 0.75 0.193487
1 0.75 0.297003
1 0.875 0.378971
0.875 0.875 0.282499
0.75 0.75 0.10363
0.75 0.71875 0.0807161
0.78125 0.71875 0.102496
0.78125 0.75 0.125154
0.75 0.75 0.10363
0.75 0.71875 0.0807161
0.75 0.6875 0.0579723
0.78125 0.6875 0.080149
0.78125 0.71875 0.102496
0.75 0.71875 0.0807161
0.78125 0.75 0.125154
0.78125 0.71875 0.102496
0.8125 0.71875 0.124913
0.8125 0.75 0.147085
0.78125 0.75 0.125154
0.78125 0.71875 0.102496
0.78125 0.6875 0.080149
0.8125 0.6875 0.10313
0.8125 0.71875 0.124913
0.78125 0.71875 0.102496
0.75 0.6875 0.0579723
0.75 0.65625 0.035446
0.78125 0.65625 0.0581892
0.78125 0.6875 0.080149
0.75 0.6875 0.0579723
0.75 0.65625 0.035446
0.75 0.625 0.0132344
0.78125 0.625 0.0368955
0.78125 0.65625 0.0581892
0.75 0.65625 0.035446
0.78125 0.6875 0.080149
0.78125 0.65625 0.0581892
0.8125 0.65625 0.0821363
0.8125 0.6875 0.10313
0.78125 0.6875 0.080149
0.78125 0.65625 0.0581892
0.78125 0.625 0.0368955
0.8125 0.625 0.0622031
0.8125 0.65625 0.0821363
0.78125 0.65625 0.0581892
0.8125 0.75 0.147085
0.8125 0.6875 0.10313
0.875 0.6875 0.152192
0.875 0.75 0.193487
0.8125 0.75 0.147085
0.8125 0.6875 0.10313
0.8125 0.65625 0.0821363
0.84375 0.65625 0.10737
0.84375 0.6875 0.127205
0.8125 0.6875 0.10313
0.8125 0.65625 0.0821363
0.8125 0.625 0.0622031
0.84375 0.625 0.0889189
0.84375 0.65625 0.10737
0.8125 0.65625 0.0821363
0.84375 0.6875 0.127205
0.84375 0.65625 0.10737
0.875 0.65625 0.133525
0.875 0.6875 0.152192
0.84375 0.6875 0.127205
0.84375 0.65625 0.10737
0.84375 0.625 0.0889189
0.875 0.625 0.116401
0.875 0.65625 0.133525
0.84375 0.65625 0.10737
0.75 0.625 0.0132344
0.75 0.59375 -0.00813818
0.78125 0.59375 0.0167373
0.78125 0.625 0.0368955
0.75 0.625 0.0132344
0.75 0.59375 -0.00813818
0.75 0.5625 -0.0274665
0.78125 0.5625 -0.00124822
0.78125 0.59375 0.0167373
0.75 0.59375 -0.00813818
0.78125 0.625 0.0368955
0.78125 0.59375 0.0167373
0.8125 0.59375 0.044003
0.8125 0.625 0.0622031
0.78125 0.625 0.0368955
0.78125 0.59375 0.0167373
0.78125 0.5625 -0.00124822
0.8125 0.5625 0.0284414
0.8125 0.59375 0.044003
0.78125 0.59375 0.0167373
0.75 0.5625 -0.0274665
0.75 0.53125 -0.0424086
0.78125 0.53125 -0.0131718
0.78125 0.5625 -0.00124822
0.75 0.5625 -0.0274665
0.75 0.53125 -0.0424086
0.75 0.5 -0.0443323
0.78125 0.5 -0.0153273
0.78125 0.53125 -0.0131718
0.75 0.53125 -0.0424086
0.78125 0.5625 -0.00124822
0.78125 0.53125 -0.0131718
0.8125 0.53125 0.0174753
0.8125 0.5625 0.0284414
0.78125 0.5625 -0.00124822
0.78125 0.53125 -0.0131718
0.78125 0.5 -0.0153273
0.8125 0.5 0.0149088
0.8125 0.53125 0.0174753
0.78125 0.53125 -0.0131718
0.8125 0.625 0.0622031
0.8125 0.59375 0.044003
0.84375 0.59375 0.0724004
0.84375 0.625 0.0889189
0.8125 0.625 0.0622031
0.8125 0.59375 0.044003
0.8125 0.5625 0.0284414
0.84375 0.5625 0.0585922
0.84375 0.59375 0.0724004
0.8125 0.59375 0.044003
0.84375 0.625 0.0889189
0.84375 0.59375 0.0724004
0.875 0.59375 0.101325
0.875 0.625 0.116401
0.84375 0.625 0.0889189
0.84375 0.59375 0.0724004
0.84375 0.5625 0.0585922
0.875 0.5625 0.0889083
0.875 0.59375 0.101325
0.84375 0.59375 0.0724004
0.8125 0.5625 0.0284414
0.8125 0.53125 0.0174753
0.84375 0.53125 0.0487174
0.84375 0.5625 0.0585922
0.8125 0.5625 0.0284414
0.8125 0.53125 0.0174753
0.8125 0.5 0.0149088
0.84375 0.5 0.0461322
0.84375 0.53125 0.0487174
0.8125 0.53125 0.0174753
0.84375 0.5625 0.0585922
0.84375 0.53125 0.0487174
0.875 0.53125 0.0799507
0.875 0.5625 0.0889083
0.84375 0.5625 0.0585922
0.84375 0.53125 0.0487174
0.84375 0.5 0.0461322
0.875 0.5 0.0773543
0.875 0.53125 0.0799507
0.84375 0.53125 0.0487174
0.875 0.75 0.193487
0.875 0.6875 0.152192
0.9375 0.6875 0.206118
0.9375 0.75 0.243236
0.875 0.75 0.193487
0.875 0.6875 0.152192
0.875 0.625 0.116401
0.9375 0.625 0.17441
0.9375 0.6875 0.206118
0.875 0.6875 0.152192
0.9375 0.75 0.243236
0.9375 0.6875 0.206118
1 0.6875 0.262841
1 0.75 0.297003
0.9375 0.75 0.243236
0.9375 0.6875 0.206118
0.9375 0.625 0.17441
1 0.625 0.234057
1 0.6875 0.262841
0.9375 0.6875 0.206118
0.875 0.625 0.116401
0.875 0.5625 0.0889083
0.9375 0.5625 0.149894
0.9375 0.625 0.17441
0.875 0.625 0.116401
0.875 0.5625 0.0889083
0.875 0.53125 0.0799507
0.90625 0.53125 0.111163
0.90625 0.5625 0.119348
0.875 0.5625 0.0889083
0.875 0.53125 0.0799507
0.875 0.5 0.0773543
0.90625 0.5 0.108563
0.90625 0.53125 0.111163
0.875 0.53125 0.0799507
0.90625 0.5625 0.119348
0.90625 0.53125 0.111163
0.9375 0.53125 0.142359
0.9375 0.5625 0.149894
0.90625 0.5625 0.119348
0.90625 0.53125 0.111163
0.90625 0.5 0.108563
0.9375 0.5 0.139743
0.9375 0.53125 0.142359
0.90625 0.53125 0.111163
0.9375 0.625 0.17441
0.9375 0.5625 0.149894
1 0.5625 0.212175
1 0.625 0.234057
0.9375 0.625 0.17441
0.9375 0.5625 0.149894
0.9375 0.5 0.139743
1 0.5 0.20216
1 0.5625 0.212175
0.9375 0.5625 0.149894
0.5 0.5 -0.244409
0.5 0.4375 -0.201001
0.5625 0.4375 -0.161028
0.5625 0.5 -0.200301
0.5 0.5 -0.244409
0.5 0.4375 -0.201001
0.5 0.375 -0.153575
0.5625 0.375 -0.118584
0.5625 0.4375 -0.161028
0.5 0.4375 -0.201001
0.5625 0.5 -0.200301
0.5625 0.4375 -0.161028
0.625 0.4375 -0.114677
0.625 0.5 -0.151622
0.5625 0.5 -0.200301
0.5625 0.4375 -0.161028
0.5625 0.40625 -0.139966
0.59375 0.40625 -0.117187
0.59375 0.4375 -0.137966
0.5625 0.4375 -0.161028
0.5625 0.40625 -0.139966
0.5625 0.375 -0.118584
0.59375 0.375 -0.0960583
0.59375 0.40625 -0.117187
0.5625 0.40625 -0.139966
0.59375 0.4375 -0.137966
0.59375 0.40625 -0.117187
0.625 0.40625 -0.0941739
0.625 0.4375 -0.114677
0.59375 0.4375 -0.137966
0.59375 0.40625 -0.117187
0.59375 0.375 -0.0960583
0.625 0.375 -0.0732157
0.625 0.40625 -0.0941739
0.59375 0.40625 -0.117187
0.5 0.375 -0.153575
0.5 0.34375 -0.128459
0.53125 0.34375 -0.117852
0.53125 0.375 -0.140509
0.5 0.375 -0.153575
0.5 0.34375 -0.128459
0.5 0.3125 -0.102545
0.53125 0.3125 -0.0945979
0.53125 0.34375 -0.117852
0.5 0.34375 -0.128459
0.53125 0.375 -0.140509
0.53125 0.34375 -0.117852
0.5625 0.34375 -0.0969361
0.5625 0.375 -0.118584
0.53125 0.375 -0.140509
0.53125 0.34375 -0.117852
0.53125 0.3125 -0.0945979
0.5625 0.3125 -0.0748576
0.5625 0.34375 -0.0969361
0.53125 0.34375 -0.117852
0.5 0.3125 -0.102545
0.5 0.28125 -0.0755466
0.53125 0.28125 -0.0700735
0.53125 0.3125 -0.0945979
0.5 0.3125 -0.102545
0.5 0.28125 -0.0755466
0.5 0.25 -0.0474707
0.53125 0.25 -0.0442
0.53125 0.28125 -0.0700735
0.5 0.28125 -0.0755466
0.53125 0.3125 -0.0945979
0.53125 0.28125 -0.0700735
0.5625 0.28125 -0.0522428
0.5625 0.3125 -0.0748576
0.53125 0.3125 -0.0945979
0.53125 0.28125 -0.0700735
0.53125 0.25 -0.0442
0.5625 0.25 -0.0287923
0.5625 0.28125 -0.0522428
0.53125 0.28125 -0.0700735
0.5625 0.375 -0.118584
0.5625 0.34375 -0.0969361
0.59375 0.34375 -0.074739
0.59375 0.375 -0.0960583
0.5625 0.375 -0.118584
0.5625 0.34375 -0.0969361
0.5625 0.3125 -0.0748576
0.59375 0.3125 -0.0532221
0.59375 0.34375 -0.074739
0.5625 0.34375 -0.0969361
0.59375 0.375 -0.0960583
0.59375 0.34375 -0.074739
0.625 0.34375 -0.0520698
0.625 0.375 -0.0732157
0.59375 0.375 -0.0960583
0.59375 0.34375 -0.074739
0.59375 0.3125 -0.0532221
0.625 0.3125 -0.0307937
0.625 0.34375 -0.0520698
0.59375 0.34375 -0.074739
0.5625 0.3125 -0.0748576
0.5625 0.28125 -0.0522428
0.59375 0.28125 -0.031423
0.59375 0.3125 -0.0532221
0.5625 0.3125 -0.0748576
0.5625 0.28125 -0.0522428
0.5625 0.25 -0.0287923
0.59375 0.25 -0.00920432
0.59375 0.28125 -0.031423
0.5625 0.28125 -0.0522428
0.59375 0.3125 -0.0532221
0.59375 0.28125 -0.031423
0.625 0.28125 -0.00936822
0.625 0.3125 -0.0307937
0.59375 0.3125 -0.0532221
0.59375 0.28125 -0.031423
0.59375 0.25 -0.00920432
0.625 0.25 0.0124355
0.625 0.28125 -0.00936822
0.59375 0.28125 -0.031423
0.625 0.5 -0.151622
0.625 0.46875 -0.134194
0.65625 0.46875 -0.110077
0.65625 0.5 -0.126034
0.625 0.5 -0.151622
0.625 0.46875 -0.134194
0.625 0.4375 -0.114677
0.65625 0.4375 -0.091187
0.65625 0.46875 -0.110077
0.625 0.46875 -0.134194
0.65625 0.5 -0.126034
0.65625 0.46875 -0.110077
0.6875 0.46875 -0.0854036
0.6875 0.5 -0.0996976
0.65625 0.5 -0.126034
0.65625 0.46875 -0.110077
0.65625 0.4375 -0.091187
0.6875 0.4375 -0.0674591
0.6875 0.46875 -0.0854036
0.65625 0.46875 -0.110077
0.625 0.4375 -0.114677
0.625 0.40625 -0.0941739
0.65625 0.40625 -0.0710148
0.65625 0.4375 -0.091187
0.625 0.4375 -0.114677
0.625 0.40625 -0.0941739
0.625 0.375 -0.0732157
0.65625 0.375 -0.0502207
0.65625 0.40625 -0.0710148
0.625 0.40625 -0.0941739
0.65625 0.4375 -0.091187
0.65625 0.40625 -0.0710148
0.6875 0.40625 -0.0477303
0.6875 0.4375 -0.0674591
0.65625 0.4375 -0.091187
0.65625 0.40625 -0.0710148
0.65625 0.375 -0.0502207
0.6875 0.375 -0.0271348
0.6875 0.40625 -0.0477303
0.65625 0.40625 -0.0710148
0.6875 0.5 -0.0996976
0.6875 0.46875 -0.0854036
0.71875 0.46875 -0.0601872
0.71875 0.5 -0.0724585
0.6875 0.5 -0.0996976
0.6875 0.46875 -0.0854036
0.6875 0.4375 -0.0674591
0.71875 0.4375 -0.0434203
0.71875 0.46875 -0.0601872
0.6875 0.46875 -0.0854036
0.71875 0.5 -0.0724585
0.71875 0.46875 -0.0601872
0.75 0.46875 -0.0342091
0.75 0.5 -0.0443323
0.71875 0.5 -0.0724585
0.71875 0.46875 -0.0601872
0.71875 0.4375 -0.0434203
0.75 0.4375 -0.0189667
0.75 0.46875 -0.0342091
0.71875 0.46875 -0.0601872
0.6875 0.4375 -0.0674591
0.6875 0.40625 -0.0477303
0.71875 0.40625 -0.0243082
0.71875 0.4375 -0.0434203
0.6875 0.4375 -0.0674591
0.6875 0.40625 -0.0477303
0.6875 0.375 -0.0271348
0.71875 0.375 -0.00398486
0.71875 0.40625 -0.0243082
0.6875 0.40625 -0.0477303
0.71875 0.4375 -0.0434203
0.71875 0.40625 -0.0243082
0.75 0.40625 -0.000748998
0.75 0.4375 -0.0189667
0.71875 0.4375 -0.0434203
0.71875 0.40625 -0.0243082
0.71875 0.375 -0.00398486
0.75 0.375 0.0194773
0.75 0.40625 -0.000748998
0.71875 0.40625 -0.0243082
0.625 0.375 -0.0732157
0.625 0.34375 -0.0520698
0.65625 0.34375 -0.0291878
0.65625 0.375 -0.0502207
0.625 0.375 -0.0732157
0.625 0.34375 -0.0520698
0.625 0.3125 -0.0307937
0.65625 0.3125 -0.00802647
0.65625 0.34375 -0.0291878
0.625 0.34375 -0.0520698
0.65625 0.375 -0.0502207
0.65625 0.34375 -0.0291878
0.6875 0.34375 -0.00619868
0.6875 0.375 -0.0271348
0.65625 0.375 -0.0502207
0.65625 0.34375 -0.0291878
0.65625 0.3125 -0.00802647
0.6875 0.3125 0.0149188
0.6875 0.34375 -0.00619868
0.65625 0.34375 -0.0291878
0.625 0.3125 -0.0307937
0.625 0.28125 -0.00936822
0.65625 0.28125 0.0132776
0.65625 0.3125 -0.00802647
0.625 0.3125 -0.0307937
0.625 0.28125 -0.00936822
0.625 0.25 0.0124355
0.65625 0.25 0.0348174
0.65625 0.28125 0.0132776
0.625 0.28125 -0.00936822
0.65625 0.3125 -0.00802647
0.65625 0.28125 0.0132776
0.6875 0.28125 0.0361349
0.6875 0.3125 0.0149188
0.65625 0.3125 -0.00802647
0.65625 0.28125 0.0132776
0.65625 0.25 0.0348174
0.6875 0.25 0.0574909
0.6875 0.28125 0.0361349
0.65625 0.28125 0.0132776
0.6875 0.375 -0.0271348
0.6875 0.34375 -0.00619868
0.71875 0.34375 0.0169115
0.71875 0.375 -0.00398486
0.6875 0.375 -0.0271348
0.6875 0.34375 -0.00619868
0.6875 0.3125 0.0149188
0.71875 0.3125 0.0379459
0.71875 0.34375 0.0169115
0.6875 0.34375 -0.00619868
0.71875 0.375 -0.00398486
0.71875 0.34375 0.0169115
0.75 0.34375 0.0401652
0.75 0.375 0.0194773
0.71875 0.375 -0.00398486
0.71875 0.34375 0.0169115
0.71875 0.3125 0.0379459
0.75 0.3125 0.0610696
0.75 0.34375 0.0401652
0.71875 0.34375 0.0169115
0.6875 0.3125 0.0149188
0.6875 0.28125 0.0361349
0.71875 0.28125 0.0590748
0.71875 0.3125 0.0379459
0.6875 0.3125 0.0149188
0.6875 0.28125 0.0361349
0.6875 0.25 0.0574909
0.71875 0.25 0.0803132
0.71875 0.28125 0.0590748
0.6875 0.28125 0.0361349
0.71875 0.3125 0.0379459
0.71875 0.28125 0.0590748
0.75 0.28125 0.0820994
0.75 0.3125 0.0610696
0.71875 0.3125 0.0379459
0.71875 0.28125 0.0590748
0.71875 0.25 0.0803132
0.75 0.25 0.103235
0.75 0.28125 0.0820994
0.71875 0.28125 0.0590748
0.5 0.25 -0.0474707
0.5 0.21875 -0.0183728
0.53125 0.21875 -0.0167042
0.53125 0.25 -0.0442
0.5 0.25 -0.0474707
0.5 0.21875 -0.0183728
0.5 0.1875 0.0121291
0.53125 0.1875 0.0132627
0.53125 0.21875 -0.0167042
0.5 0.21875 -0.0183728
0.53125 0.25 -0.0442
0.53125 0.21875 -0.0167042
0.5625 0.21875 -0.00421954
0.5625 0.25 -0.0287923
0.53125 0.25 -0.0442
0.53125 0.21875 -0.0167042
0.53125 0.1875 0.0132627
0.5625 0.1875 0.0233417
0.5625 0.21875 -0.00421954
0.53125 0.21875 -0.0167042
0.5 0.1875 0.0121291
0.5 0.15625 0.0432379
0.53125 0.15625 0.0441196
0.53125 0.1875 0.0132627
0.5 0.1875 0.0121291
0.5 0.15625 0.0432379
0.5 0.125 0.0743798
0.53125 0.125 0.0750981
0.53125 0.15625 0.0441196
0.5 0.15625 0.0432379
0.53125 0.1875 0.0132627
0.53125 0.15625 0.0441196
0.5625 0.15625 0.0523143
0.5625 0.1875 0.0233417
0.53125 0.1875 0.0132627
0.53125 0.15625 0.0441196
0.53125 0.125 0.0750981
0.5625 0.125 0.0819241
0.5625 0.15625 0.0523143
0.53125 0.15625 0.0441196
0.5625 0.25 -0.0287923
0.5625 0.21875 -0.00421954
0.59375 0.21875 0.0142229
0.59375 0.25 -0.00920432
0.5625 0.25 -0.0287923
0.5625 0.21875 -0.00421954
0.5625 0.1875 0.0233417
0.59375 0.1875 0.0393739
0.59375 0.21875 0.0142229
0.5625 0.21875 -0.00421954
0.59375 0.25 -0.00920432
0.59375 0.21875 0.0142229
0.625 0.21875 0.0349685
0.625 0.25 0.0124355
0.59375 0.25 -0.00920432
0.59375 0.21875 0.0142229
0.59375 0.1875 0.0393739
0.625 0.1875 0.0585003
0.625 0.21875 0.0349685
0.59375 0.21875 0.0142229
0.5625 0.1875 0.0233417
0.5625 0.15625 0.0523143
0.59375 0.15625 0.0659068
0.59375 0.1875 0.0393739
0.5625 0.1875 0.0233417
0.5625 0.15625 0.0523143
0.5625 0.125 0.0819241
0.59375 0.125 0.0936786
0.59375 0.15625 0.0659068
0.5625 0.15625 0.0523143
0.59375 0.1875 0.0393739
0.59375 0.15625 0.0659068
0.625 0.15625 0.0831731
0.625 0.1875 0.0585003
0.59375 0.1875 0.0393739
0.59375 0.15625 0.0659068
0.59375 0.125 0.0936786
0.625 0.125 0.108997
0.625 0.15625 0.0831731
0.59375 0.15625 0.0659068
0.5 0.125 0.0743798
0.5 0.09375 0.105523
0.53125 0.09375 0.106114
0.53125 0.125 0.0750981
0.5 0.125 0.0743798
0.5 0.09375 0.105523
0.5 0.0625 0.136668
0.53125 0.0625 0.137182
0.53125 0.09375 0.106114
0.5 0.09375 0.105523
0.53125 0.125 0.0750981
0.53125 0.09375 0.106114
0.5625 0.09375 0.111964
0.5625 0.125 0.0819241
0.53125 0.125 0.0750981
0.53125 0.09375 0.106114
0.53125 0.0625 0.137182
0.5625 0.0625 0.142236
0.5625 0.09375 0.111964
0.53125 0.09375 0.106114
0.5 0.0625 0.136668
0.5 0 0.199076
0.5625 0 0.203642
0.5625 0.0625 0.142236
0.5 0.0625 0.136668
0.5625 0.125 0.0819241
0.5625 0.09375 0.111964
0.59375 0.09375 0.12224
0.59375 0.125 0.0936786
0.5625 0.125 0.0819241
0.5625 0.09375 0.111964
0.5625 0.0625 0.142236
0.59375 0.0625 0.151278
0.59375 0.09375 0.12224
0.5625 0.09375 0.111964
0.59375 0.125 0.0936786
0.59375 0.09375 0.12224
0.625 0.09375 0.135988
0.625 0.125 0.108997
0.59375 0.125 0.0936786
0.59375 0.09375 0.12224
0.59375 0.0625 0.151278
0.625 0.0625 0.163662
0.625 0.09375 0.135988
0.59375 0.09375 0.12224
0.5625 0.0625 0.142236
0.5625 0 0.203642
0.625 0 0.221669
0.625 0.0625 0.163662
0.5625 0.0625 0.142236
0.625 0.25 0.0124355
0.625 0.21875 0.0349685
0.65625 0.21875 0.0567543
0.65625 0.25 0.0348174
0.625 0.25 0.0124355
0.625 0.21875 0.0349685
0.625 0.1875 0.0585003
0.65625 0.1875 0.0793177
0.65625 0.21875 0.0567543
0.625 0.21875 0.0349685
0.65625 0.25 0.0348174
0.65625 0.21875 0.0567543
0.6875 0.21875 0.0790829
0.6875 0.25 0.0574909
0.65625 0.25 0.0348174
0.65625 0.21875 0.0567543
0.65625 0.1875 0.0793177
0.6875 0.1875 0.101064
0.6875 0.21875 0.0790829
0.65625 0.21875 0.0567543
0.625 0.1875 0.0585003
0.625 0.15625 0.0831731
0.65625 0.15625 0.102703
0.65625 0.1875 0.0793177
0.625 0.1875 0.0585003
0.625 0.15625 0.0831731
0.625 0.125 0.108997
0.65625 0.125 0.127036
0.65625 0.15625 0.102703
0.625 0.15625 0.0831731
0.65625 0.1875 0.0793177
0.65625 0.15625 0.102703
0.6875 0.15625 0.123638
0.6875 0.1875 0.101064
0.65625 0.1875 0.0793177
0.65625 0.15625 0.102703
0.65625 0.125 0.127036
0.6875 0.125 0.146918
0.6875 0.15625 0.123638
0.65625 0.15625 0.102703
0.6875 0.25 0.0574909
0.6875 0.21875 0.0790829
0.71875 0.21875 0.101704
0.71875 0.25 0.0803132
0.6875 0.25 0.0574909
0.6875 0.21875 0.0790829
0.6875 0.1875 0.101064
0.71875 0.1875 0.123334
0.71875 0.21875 0.101704
0.6875 0.21875 0.0790829
0.71875 0.25 0.0803132
0.71875 0.21875 0.101704
0.75 0.21875 0.124496
0.75 0.25 0.103235
0.71875 0.25 0.0803132
0.71875 0.21875 0.101704
0.71875 0.1875 0.123334
0.75 0.1875 0.145923
0.75 0.21875 0.124496
0.71875 0.21875 0.101704
0.6875 0.1875 0.101064
0.6875 0.125 0.146918
0.75 0.125 0.189816
0.75 0.1875 0.145923
0.6875 0.1875 0.101064
0.625 0.125 0.108997
0.625 0.0625 0.163662
0.6875 0.0625 0.196116
0.6875 0.125 0.146918
0.625 0.125 0.108997
0.625 0.0625 0.163662
0.625 0 0.221669
0.6875 0 0.249775
0.6875 0.0625 0.196116
0.625 0.0625 0.163662
0.6875 0.125 0.146918
0.6875 0.0625 0.196116
0.75 0.0625 0.235878
0.75 0.125 0.189816
0.6875 0.125 0.146918
0.6875 0.0625 0.196116
0.6875 0 0.249775
0.75 0 0.285596
0.75 0.0625 0.235878
0.6875 0.0625 0.196116
0.75 0.5 -0.0443323
0.75 0.46875 -0.0342091
0.78125 0.46875 -0.00739254
0.78125 0.5 -0.0153273
0.75 0.5 -0.0443323
0.75 0.46875 -0.0342091
0.75 0.4375 -0.0189667
0.78125 0.4375 0.00640673
0.78125 0.46875 -0.00739254
0.75 0.46875 -0.0342091
0.78125 0.5 -0.0153273
0.78125 0.46875 -0.00739254
0.8125 0.46875 0.021725
0.8125 0.5 0.0149088
0.78125 0.5 -0.0153273
0.78125 0.46875 -0.00739254
0.78125 0.4375 0.00640673
0.8125 0.4375 0.0338925
0.8125 0.46875 0.021725
0.78125 0.46875 -0.00739254
0.75 0.4375 -0.0189667
0.75 0.40625 -0.000748998
0.78125 0.40625 0.0239248
0.78125 0.4375 0.00640673
0.75 0.4375 -0.0189667
0.75 0.40625 -0.000748998
0.75 0.375 0.0194773
0.78125 0.375 0.0433813
0.78125 0.40625 0.0239248
0.75 0.40625 -0.000748998
0.78125 0.4375 0.00640673
0.78125 0.40625 0.0239248
0.8125 0.40625 0.0496522
0.8125 0.4375 0.0338925
0.78125 0.4375 0.00640673
0.78125 0.40625 0.0239248
0.78125 0.375 0.0433813
0.8125 0.375 0.0679199
0.8125 0.40625 0.0496522
0.78125 0.40625 0.0239248
0.8125 0.5 0.0149088
0.8125 0.46875 0.021725
0.84375 0.46875 0.0517396
0.84375 0.5 0.0461322
0.8125 0.5 0.0149088
0.8125 0.46875 0.021725
0.8125 0.4375 0.0338925
0.84375 0.4375 0.0623464
0.84375 0.46875 0.0517396
0.8125 0.46875 0.021725
0.84375 0.5 0.0461322
0.84375 0.46875 0.0517396
0.875 0.46875 0.0820988
0.875 0.5 0.0773543
0.84375 0.5 0.0461322
0.84375 0.46875 0.0517396
0.84375 0.4375 0.0623464
0.875 0.4375 0.0913222
0.875 0.46875 0.0820988
0.84375 0.46875 0.0517396
0.8125 0.4375 0.0338925
0.8125 0.40625 0.0496522
0.84375 0.40625 0.0763452
0.84375 0.4375 0.0623464
0.8125 0.4375 0.0338925
0.8125 0.40625 0.0496522
0.8125 0.375 0.0679199
0.84375 0.375 0.0932191
0.84375 0.40625 0.0763452
0.8125 0.40625 0.0496522
0.84375 0.4375 0.0623464
0.84375 0.40625 0.0763452
0.875 0.40625 0.103927
0.875 0.4375 0.0913222
0.84375 0.4375 0.0623464
0.84375 0.40625 0.0763452
0.84375 0.375 0.0932191
0.875 0.375 0.119362
0.875 0.40625 0.103927
0.84375 0.40625 0.0763452
0.75 0.375 0.0194773
0.75 0.34375 0.0401652
0.78125 0.34375 0.063654
0.78125 0.375 0.0433813
0.75 0.375 0.0194773
0.75 0.34375 0.0401652
0.75 0.3125 0.0610696
0.78125 0.3125 0.0843333
0.78125 0.34375 0.063654
0.75 0.34375 0.0401652
0.78125 0.375 0.0433813
0.78125 0.34375 0.063654
0.8125 0.34375 0.0875165
0.8125 0.375 0.0679199
0.78125 0.375 0.0433813
0.78125 0.34375 0.063654
0.78125 0.3125 0.0843333
0.8125 0.3125 0.107816
0.8125 0.34375 0.0875165
0.78125 0.34375 0.063654
0.75 0.3125 0.0610696
0.75 0.28125 0.0820994
0.78125 0.28125 0.105227
0.78125 0.3125 0.0843333
0.75 0.3125 0.0610696
0.75 0.28125 0.0820994
0.75 0.25 0.103235
0.78125 0.25 0.126251
0.78125 0.28125 0.105227
0.75 0.28125 0.0820994
0.78125 0.3125 0.0843333
0.78125 0.28125 0.105227
0.8125 0.28125 0.128494
0.8125 0.3125 0.107816
0.78125 0.3125 0.0843333
0.78125 0.28125 0.105227
0.78125 0.25 0.126251
0.8125 0.25 0.14938
0.8125 0.28125 0.128494
0.78125 0.28125 0.105227
0.8125 0.375 0.0679199
0.8125 0.34375 0.0875165
0.84375 0.34375 0.11189
0.84375 0.375 0.0932191
0.8125 0.375 0.0679199
0.8125 0.34375 0.0875165
0.8125 0.3125 0.107816
0.84375 0.3125 0.131649
0.84375 0.34375 0.11189
0.8125 0.34375 0.0875165
0.84375 0.375 0.0932191
0.84375 0.34375 0.11189
0.875 0.34375 0.136893
0.875 0.375 0.119362
0.84375 0.375 0.0932191
0.84375 0.34375 0.11189
0.84375 0.3125 0.131649
0.875 0.3125 0.155915
0.875 0.34375 0.136893
0.84375 0.34375 0.11189
0.8125 0.3125 0.107816
0.8125 0.25 0.14938
0.875 0.25 0.196239
0.875 0.3125 0.155915
0.8125 0.3125 0.107816
0.875 0.5 0.0773543
0.875 0.46875 0.0820988
0.90625 0.46875 0.112618
0.90625 0.5 0.108563
0.875 0.5 0.0773543
0.875 0.46875 0.0820988
0.875 0.4375 0.0913222
0.90625 0.4375 0.120779
0.90625 0.46875 0.112618
0.875 0.46875 0.0820988
0.90625 0.5 0.108563
0.90625 0.46875 0.112618
0.9375 0.46875 0.143301
0.9375 0.5 0.139743
0.90625 0.5 0.108563
0.90625 0.46875 0.112618
0.90625 0.4375 0.120779
0.9375 0.4375 0.150548
0.9375 0.46875 0.143301
0.90625 0.46875 0.112618
0.875 0.4375 0.0913222
0.875 0.375 0.119362
0.9375 0.375 0.173806
0.9375 0.4375 0.150548
0.875 0.4375 0.0913222
0.9375 0.5 0.139743
0.9375 0.4375 0.150548
1 0.4375 0.211255
1 0.5 0.20216
0.9375 0.5 0.139743
0.9375 0.4375 0.150548
0.9375 0.375 0.173806
1 0.375 0.231307
1 0.4375 0.211255
0.9375 0.4375 0.150548
0.875 0.375 0.119362
0.875 0.3125 0.155915
0.9375 0.3125 0.206255
0.9375 0.375 0.173806
0.875 0.375 0.119362
0.875 0.3125 0.155915
0.875 0.25 0.196239
0.9375 0.25 0.244424
0.9375 0.3125 0.206255
0.875 0.3125 0.155915
0.9375 0.375 0.173806
0.9375 0.3125 0.206255
1 0.3125 0.25996
1 0.375 0.231307
0.9375 0.375 0.173806
0.9375 0.3125 0.206255
0.9375 0.25 0.244424
1 0.25 0.295113
1 0.3125 0.25996
0.9375 0.3125 0.206255
0.75 0.25 0.103235
0.75 0.1875 0.145923
0.8125 0.1875 0.191545
0.8125 0.25 0.14938
0.75 0.25 0.103235
0.75 0.1875 0.145923
0.75 0.125 0.189816
0.8125 0.125 0.234483
0.8125 0.1875 0.191545
0.75 0.1875 0.145923
0.8125 0.25 0.14938
0.8125 0.1875 0.191545
0.875 0.1875 0.237711
0.875 0.25 0.196239
0.8125 0.25 0.14938
0.8125 0.1875 0.191545
0.8125 0.125 0.234483
0.875 0.125 0.279897
0.875 0.1875 0.237711
0.8125 0.1875 0.191545
0.75 0.125 0.189816
0.75 0 0.285596
0.875 0 0.369432
0.875 0.125 0.279897
0.75 0.125 0.189816
0.875 0.25 0.196239
0.875 0.125 0.279897
1 0.125 0.373874
1 0.25 0.295113
0.875 0.25 0.196239
0.875 0.125 0.279897
0.875 0 0.369432
1 0 0.46002
1 0.125 0.373874
0.875 0.125 0.279897
