0 1 0.464868
0 0.875 0.381884
0.125 0.875 0.282379
0.125 1 0.371417
0 1 0.464868
0 0.875 0.381884
0 0.75 0.30379
0.125 0.75 0.199044
0.125 0.875 0.282379
0 0.875 0.381884
0.125 1 0.371417
0.125 0.875 0.282379
0.25 0.875 0.191904
0.25 1 0.289527
0.125 1 0.371417
0.125 0.875 0.282379
0.125 0.8125 0.239925
0.1875 0.8125 0.192536
0.1875 0.875 0.236524
0.125 0.875 0.282379
0.125 0.8125 0.239925
0.125 0.75 0.199044
0.1875 0.75 0.15039
0.1875 0.8125 0.192536
0.125 0.8125 0.239925
0.1875 0.875 0.236524
0.1875 0.8125 0.192536
0.25 0.8125 0.146213
0.25 0.875 0.191904
0.1875 0.875 0.236524
0.1875 0.8125 0.192536
0.1875 0.75 0.15039
0.25 0.75 0.103347
0.25 0.8125 0.146213
0.1875 0.8125 0.192536
0 0.75 0.30379
0 0.6875 0.27026
0.0625 0.6875 0.213814
0.0625 0.75 0.249911
0 0.75 0.30379
0 0.6875 0.27026
0 0.625 0.241203
0.0625 0.625 0.182153
0.0625 0.6875 0.213814
0 0.6875 0.27026
0.0625 0.75 0.249911
0.0625 0.6875 0.213814
0.125 0.6875 0.160043
0.125 0.75 0.199044
0.0625 0.75 0.249911
0.0625 0.6875 0.213814
0.0625 0.625 0.182153
0.125 0.625 0.125013
0.125 0.6875 0.160043
0.0625 0.6875 0.213814
0 0.625 0.241203
0 0.5625 0.217887
0.0625 0.5625 0.15629
0.0625 0.625 0.182153
0 0.625 0.241203
0 0.5625 0.217887
0 0.5 0.203103
0.0625 0.5 0.1406
0.0625 0.5625 0.15629
0 0.5625 0.217887
0.0625 0.625 0.182153
0.0625 0.5625 0.15629
0.125 0.5625 0.0963206
0.125 0.625 0.125013
0.0625 0.625 0.182153
0.0625 0.5625 0.15629
0.0625 0.53125 0.147074
0.09375 0.53125 0.116296
0.09375 0.5625 0.126208
0.0625 0.5625 0.15629
0.0625 0.53125 0.147074
0.0625 0.5 0.1406
0.09375 0.5 0.109358
0.09375 0.53125 0.116296
0.0625 0.53125 0.147074
0.09375 0.5625 0.126208
0.09375 0.53125 0.116296
0.125 0.53125 0.0855761
0.125 0.5625 0.0963206
0.09375 0.5625 0.126208
0.09375 0.53125 0.116296
0.09375 0.5 0.109358
0.125 0.5 0.0781189
0.125 0.53125 0.0855761
0.09375 0.53125 0.116296
0.125 0.75 0.199044
0.125 0.6875 0.160043
0.1875 0.6875 0.10978
0.1875 0.75 0.15039
0.125 0.75 0.199044
0.125 0.6875 0.160043
0.125 0.65625 0.141939
0.15625 0.65625 0.115672
0.15625 0.6875 0.134599
0.125 0.6875 0.160043
0.125 0.65625 0.141939
0.125 0.625 0.125013
0.15625 0.625 0.0977397
0.15625 0.65625 0.115672
0.125 0.65625 0.141939
0.15625 0.6875 0.134599
0.15625 0.65625 0.115672
0.1875 0.65625 0.090103
0.1875 0.6875 0.10978
0.15625 0.6875 0.134599
0.15625 0.65625 0.115672
0.15625 0.625 0.0977397
0.1875 0.625 0.0711318
0.1875 0.65625 0.090103
0.15625 0.65625 0.115672
0.1875 0.75 0.15039
0.1875 0.71875 0.129924
0.21875 0.71875 0.106036
0.21875 0.75 0.126753
0.1875 0.75 0.15039
0.1875 0.71875 0.129924
0.1875 0.6875 0.10978
0.21875 0.6875 0.0855427
0.21875 0.71875 0.106036
0.1875 0.71875 0.129924
0.21875 0.75 0.126753
0.21875 0.71875 0.106036
0.25 0.71875 0.0824418
0.25 0.75 0.103347
0.21875 0.75 0.126753
0.21875 0.71875 0.106036
0.21875 0.6875 0.0855427
0.25 0.6875 0.061728
0.25 0.71875 0.0824418
0.21875 0.71875 0.106036
0.1875 0.6875 0.10978
0.1875 0.65625 0.090103
0.21875 0.65625 0.0653245
0.21875 0.6875 0.0855427
0.1875 0.6875 0.10978
0.1875 0.65625 0.090103
0.1875 0.625 0.0711318
0.21875 0.625 0.0455238
0.21875 0.65625 0.0653245
0.1875 0.65625 0.090103
0.21875 0.6875 0.0855427
0.21875 0.65625 0.0653245
0.25 0.65625 0.0411885
0.25 0.6875 0.061728
0.21875 0.6875 0.0855427
0.21875 0.65625 0.0653245
0.21875 0.625 0.0455238
0.25 0.625 0.020871
0.25 0.65625 0.0411885
0.21875 0.65625 0.0653245
0.125 0.625 0.125013
0.125 0.59375 0.109647
0.15625 0.59375 0.0812221
0.15625 0.625 0.0977397
0.125 0.625 0.125013
0.125 0.59375 0.109647
0.125 0.5625 0.0963206
0.15625 0.5625 0.0666896
0.15625 0.59375 0.0812221
0.125 0.59375 0.109647
0.15625 0.625 0.0977397
0.15625 0.59375 0.0812221
0.1875 0.59375 0.0533399
0.1875 0.625 0.0711318
0.15625 0.625 0.0977397
0.15625 0.59375 0.0812221
0.15625 0.5625 0.0666896
0.1875 0.5625 0.037391
0.1875 0.59375 0.0533399
0.15625 0.59375 0.0812221
0.125 0.5625 0.0963206
0.125 0.53125 0.0855761
0.15625 0.53125 0.0549141
0.15625 0.5625 0.0666896
0.125 0.5625 0.0963206
0.125 0.53125 0.0855761
0.125 0.5 0.0781189
0.15625 0.5 0.0468754
0.15625 0.53125 0.0549141
0.125 0.53125 0.0855761
0.15625 0.5625 0.0666896
0.15625 0.53125 0.0549141
0.1875 0.53125 0.0243119
0.1875 0.5625 0.037391
0.15625 0.5625 0.0666896
0.15625 0.53125 0.0549141
0.15625 0.5 0.0468754
0.1875 0.5 0.0156284
0.1875 0.53125 0.0243119
0.15625 0.53125 0.0549141
0.1875 0.625 0.0711318
0.1875 0.59375 0.0533399
0.21875 0.59375 0.0264203
0.21875 0.625 0.0455238
0.1875 0.625 0.0711318
0.1875 0.59375 0.0533399
0.1875 0.5625 0.037391
0.21875 0.5625 0.00868558
0.21875 0.59375 0.0264203
0.1875 0.59375 0.0533399
0.21875 0.625 0.0455238
0.21875 0.59375 0.0264203
0.25 0.59375 0.000898531
0.25 0.625 0.020871
0.21875 0.625 0.0455238
0.21875 0.59375 0.0264203
0.21875 0.5625 0.00868558
0.25 0.5625 -0.0177749
0.25 0.59375 0.000898531
0.21875 0.59375 0.0264203
0.1875 0.5625 0.037391
0.1875 0.53125 0.0243119
0.21875 0.53125 -0.00572824
0.21875 0.5625 0.00868558
0.1875 0.5625 0.037391
0.1875 0.53125 0.0243119
0.1875 0.5 0.0156284
0.21875 0.5 -0.015222
0.21875 0.53125 -0.00572824
0.1875 0.53125 0.0243119
0.21875 0.5625 0.00868558
0.21875 0.53125 -0.00572824
0.25 0.53125 -0.0339179
0.25 0.5625 -0.0177749
0.21875 0.5625 0.00868558
0.21875 0.53125 -0.00572824
0.21875 0.5 -0.015222
0.25 0.5 -0.0454206
0.25 0.53125 -0.0339179
0.21875 0.53125 -0.00572824
0.25 1 0.289527
0.25 0.9375 0.239915
0.3125 0.9375 0.200117
0.3125 1 0.253113
0.25 1 0.289527
0.25 0.9375 0.239915
0.25 0.875 0.191904
0.3125 0.875 0.148886
0.3125 0.9375 0.200117
0.25 0.9375 0.239915
0.3125 1 0.253113
0.3125 0.9375 0.200117
0.375 0.9375 0.166044
0.375 1 0.223525
0.3125 1 0.253113
0.3125 0.9375 0.200117
0.3125 0.875 0.148886
0.375 0.875 0.110867
0.375 0.9375 0.166044
0.3125 0.9375 0.200117
0.25 0.875 0.191904
0.25 0.8125 0.146213
0.3125 0.8125 0.10143
0.3125 0.875 0.148886
0.25 0.875 0.191904
0.25 0.8125 0.146213
0.25 0.78125 0.124586
0.28125 0.78125 0.101625
0.28125 0.8125 0.123656
0.25 0.8125 0.146213
0.25 0.78125 0.124586
0.25 0.75 0.103347
0.28125 0.75 0.0801074
0.28125 0.78125 0.101625
0.25 0.78125 0.124586
0.28125 0.8125 0.123656
0.28125 0.78125 0.101625
0.3125 0.78125 0.0788749
0.3125 0.8125 0.10143
0.28125 0.8125 0.123656
0.28125 0.78125 0.101625
0.28125 0.75 0.0801074
0.3125 0.75 0.0570064
0.3125 0.78125 0.0788749
0.28125 0.78125 0.101625
0.3125 0.875 0.148886
0.3125 0.84375 0.124776
0.34375 0.84375 0.104024
0.34375 0.875 0.129235
0.3125 0.875 0.148886
0.3125 0.84375 0.124776
0.3125 0.8125 0.10143
0.34375 0.8125 0.0797464
0.34375 0.84375 0.104024
0.3125 0.84375 0.124776
0.34375 0.875 0.129235
0.34375 0.84375 0.104024
0.375 0.84375 0.0843892
0.375 0.875 0.110867
0.34375 0.875 0.129235
0.34375 0.84375 0.104024
0.34375 0.8125 0.0797464
0.375 0.8125 0.0588472
0.375 0.84375 0.0843892
0.34375 0.84375 0.104024
0.3125 0.8125 0.10143
0.3125 0.78125 0.0788749
0.34375 0.78125 0.0564295
0.34375 0.8125 0.0797464
0.3125 0.8125 0.10143
0.3125 0.78125 0.0788749
0.3125 0.75 0.0570064
0.34375 0.75 0.0340407
0.34375 0.78125 0.0564295
0.3125 0.78125 0.0788749
0.34375 0.8125 0.0797464
0.34375 0.78125 0.0564295
0.375 0.78125 0.0344132
0.375 0.8125 0.0588472
0.34375 0.8125 0.0797464
0.34375 0.78125 0.0564295
0.34375 0.75 0.0340407
0.375 0.75 0.0112225
0.375 0.78125 0.0344132
0.34375 0.78125 0.0564295
0.375 1 0.223525
0.375 0.9375 0.166044
0.4375 0.9375 0.143092
0.4375 1 0.204414
0.375 1 0.223525
0.375 0.9375 0.166044
0.375 0.90625 0.138149
0.40625 0.90625 0.123648
0.40625 0.9375 0.152828
0.375 0.9375 0.166044
0.375 0.90625 0.138149
0.375 0.875 0.110867
0.40625 0.875 0.0949216
0.40625 0.90625 0.123648
0.375 0.90625 0.138149
0.40625 0.9375 0.152828
0.40625 0.90625 0.123648
0.4375 0.90625 0.112723
0.4375 0.9375 0.143092
0.40625 0.9375 0.152828
0.40625 0.90625 0.123648
0.40625 0.875 0.0949216
0.4375 0.875 0.0825819
0.4375 0.90625 0.112723
0.40625 0.90625 0.123648
0.4375 1 0.204414
0.4375 0.9375 0.143092
0.5 0.9375 0.137569
0.5 1 0.199973
0.4375 1 0.204414
0.4375 0.9375 0.143092
0.4375 0.90625 0.112723
0.46875 0.90625 0.106599
0.46875 0.9375 0.137698
0.4375 0.9375 0.143092
0.4375 0.90625 0.112723
0.4375 0.875 0.0825819
0.46875 0.875 0.0755215
0.46875 0.90625 0.106599
0.4375 0.90625 0.112723
0.46875 0.9375 0.137698
0.46875 0.90625 0.106599
0.5 0.90625 0.106431
0.5 0.9375 0.137569
0.46875 0.9375 0.137698
0.46875 0.90625 0.106599
0.46875 0.875 0.0755215
0.5 0.875 0.0753137
0.5 0.90625 0.106431
0.46875 0.90625 0.106599
0.375 0.875 0.110867
0.375 0.84375 0.0843892
0.40625 0.84375 0.0667897
0.40625 0.875 0.0949216
0.375 0.875 0.110867
0.375 0.84375 0.0843892
0.375 0.8125 0.0588472
0.40625 0.8125 0.0394587
0.40625 0.84375 0.0667897
0.375 0.84375 0.0843892
0.40625 0.875 0.0949216
0.40625 0.84375 0.0667897
0.4375 0.84375 0.0527471
0.4375 0.875 0.0825819
0.40625 0.875 0.0949216
0.40625 0.84375 0.0667897
0.40625 0.8125 0.0394587
0.4375 0.8125 0.0233505
0.4375 0.84375 0.0527471
0.40625 0.84375 0.0667897
0.375 0.8125 0.0588472
0.375 0.78125 0.0344132
0.40625 0.78125 0.0132056
0.40625 0.8125 0.0394587
0.375 0.8125 0.0588472
0.375 0.78125 0.0344132
0.375 0.75 0.0112225
0.40625 0.75 -0.0106674
0.40625 0.78125 0.0132056
0.375 0.78125 0.0344132
0.40625 0.8125 0.0394587
0.40625 0.78125 0.0132056
0.4375 0.78125 -0.00507984
0.4375 0.8125 0.0233505
0.40625 0.8125 0.0394587
0.40625 0.78125 0.0132056
0.40625 0.75 -0.0106674
0.4375 0.75 -0.0307266
0.4375 0.78125 -0.00507984
0.40625 0.78125 0.0132056
0.4375 0.875 0.0825819
0.4375 0.84375 0.0527471
0.46875 0.84375 0.0444786
0.46875 0.875 0.0755215
0.4375 0.875 0.0825819
0.4375 0.84375 0.0527471
0.4375 0.8125 0.0233505
0.46875 0.8125 0.0134887
0.46875 0.84375 0.0444786
0.4375 0.84375 0.0527471
0.46875 0.875 0.0755215
0.46875 0.84375 0.0444786
0.5 0.84375 0.0442249
0.5 0.875 0.0753137
0.46875 0.875 0.0755215
0.46875 0.84375 0.0444786
0.46875 0.8125 0.0134887
0.5 0.8125 0.0131756
0.5 0.84375 0.0442249
0.46875 0.84375 0.0444786
0.4375 0.8125 0.0233505
0.4375 0.78125 -0.00507984
0.46875 0.78125 -0.0170111
0.46875 0.8125 0.0134887
0.4375 0.8125 0.0233505
0.4375 0.78125 -0.00507984
0.4375 0.75 -0.0307266
0.46875 0.75 -0.04611
0.46875 0.78125 -0.0170111
0.4375 0.78125 -0.00507984
0.46875 0.8125 0.0134887
0.46875 0.78125 -0.0170111
0.5 0.78125 -0.0174656
0.5 0.8125 0.0131756
0.46875 0.8125 0.0134887
0.46875 0.78125 -0.0170111
0.46875 0.75 -0.04611
0.5 0.75 -0.0473283
0.5 0.78125 -0.0174656
0.46875 0.78125 -0.0170111
0.25 0.75 0.103347
0.25 0.71875 0.0824418
0.28125 0.71875 0.0590269
0.28125 0.75 0.0801074
0.25 0.75 0.103347
0.25 0.71875 0.0824418
0.25 0.6875 0.061728
0.28125 0.6875 0.0381766
0.28125 0.71875 0.0590269
0.25 0.71875 0.0824418
0.28125 0.75 0.0801074
0.28125 0.71875 0.0590269
0.3125 0.71875 0.0357308
0.3125 0.75 0.0570064
0.28125 0.75 0.0801074
0.28125 0.71875 0.0590269
0.28125 0.6875 0.0381766
0.3125 0.6875 0.0147752
0.3125 0.71875 0.0357308
0.28125 0.71875 0.0590269
0.25 0.6875 0.061728
0.25 0.65625 0.0411885
0.28125 0.65625 0.0174663
0.28125 0.6875 0.0381766
0.25 0.6875 0.061728
0.25 0.65625 0.0411885
0.25 0.625 0.020871
0.28125 0.625 -0.00309579
0.28125 0.65625 0.0174663
0.25 0.65625 0.0411885
0.28125 0.6875 0.0381766
0.28125 0.65625 0.0174663
0.3125 0.65625 -0.00602375
0.3125 0.6875 0.0147752
0.28125 0.6875 0.0381766
0.28125 0.65625 0.0174663
0.28125 0.625 -0.00309579
0.3125 0.625 -0.0266733
0.3125 0.65625 -0.00602375
0.28125 0.65625 0.0174663
0.3125 0.75 0.0570064
0.3125 0.71875 0.0357308
0.34375 0.71875 0.012521
0.34375 0.75 0.0340407
0.3125 0.75 0.0570064
0.3125 0.71875 0.0357308
0.3125 0.6875 0.0147752
0.34375 0.6875 -0.00850193
0.34375 0.71875 0.012521
0.3125 0.71875 0.0357308
0.34375 0.75 0.0340407
0.34375 0.71875 0.012521
0.375 0.71875 -0.0104492
0.375 0.75 0.0112225
0.34375 0.75 0.0340407
0.34375 0.71875 0.012521
0.34375 0.6875 -0.00850193
0.375 0.6875 -0.0316329
0.375 0.71875 -0.0104492
0.34375 0.71875 0.012521
0.3125 0.6875 0.0147752
0.3125 0.65625 -0.00602375
0.34375 0.65625 -0.0293822
0.34375 0.6875 -0.00850193
0.3125 0.6875 0.0147752
0.3125 0.65625 -0.00602375
0.3125 0.625 -0.0266733
0.34375 0.625 -0.0501384
0.34375 0.65625 -0.0293822
0.3125 0.65625 -0.00602375
0.34375 0.6875 -0.00850193
0.34375 0.65625 -0.0293822
0.375 0.65625 -0.0526349
0.375 0.6875 -0.0316329
0.34375 0.6875 -0.00850193
0.34375 0.65625 -0.0293822
0.34375 0.625 -0.0501384
0.375 0.625 -0.0735053
0.375 0.65625 -0.0526349
0.34375 0.65625 -0.0293822
0.25 0.625 0.020871
0.25 0.59375 0.000898531
0.28125 0.59375 -0.023291
0.28125 0.625 -0.00309579
0.25 0.625 0.020871
0.25 0.59375 0.000898531
0.25 0.5625 -0.0177749
0.28125 0.5625 -0.0427947
0.28125 0.59375 -0.023291
0.25 0.59375 0.000898531
0.28125 0.625 -0.00309579
0.28125 0.59375 -0.023291
0.3125 0.59375 -0.0471158
0.3125 0.625 -0.0266733
0.28125 0.625 -0.00309579
0.28125 0.59375 -0.023291
0.28125 0.5625 -0.0427947
0.3125 0.5625 -0.0671517
0.3125 0.59375 -0.0471158
0.28125 0.59375 -0.023291
0.25 0.5625 -0.0177749
0.25 0.53125 -0.0339179
0.28125 0.53125 -0.060693
0.28125 0.5625 -0.0427947
0.25 0.5625 -0.0177749
0.25 0.53125 -0.0339179
0.25 0.5 -0.0454206
0.28125 0.5 -0.0747071
0.28125 0.53125 -0.060693
0.25 0.53125 -0.0339179
0.28125 0.5625 -0.0427947
0.28125 0.53125 -0.060693
0.3125 0.53125 -0.0862433
0.3125 0.5625 -0.0671517
0.28125 0.5625 -0.0427947
0.28125 0.53125 -0.060693
0.28125 0.5 -0.0747071
0.3125 0.5 -0.1027
0.3125 0.53125 -0.0862433
0.28125 0.53125 -0.060693
0.3125 0.625 -0.0266733
0.3125 0.59375 -0.0471158
0.34375 0.59375 -0.0707428
0.34375 0.625 -0.0501384
0.3125 0.625 -0.0266733
0.3125 0.59375 -0.0471158
0.3125 0.5625 -0.0671517
0.34375 0.5625 -0.091097
0.34375 0.59375 -0.0707428
0.3125 0.59375 -0.0471158
0.34375 0.625 -0.0501384
0.34375 0.59375 -0.0707428
0.375 0.59375 -0.0942395
0.375 0.625 -0.0735053
0.34375 0.625 -0.0501384
0.34375 0.59375 -0.0707428
0.34375 0.5625 -0.091097
0.375 0.5625 -0.114794
0.375 0.59375 -0.0942395
0.34375 0.59375 -0.0707428
0.3125 0.5625 -0.0671517
0.3125 0.53125 -0.0862433
0.34375 0.53125 -0.110897
0.34375 0.5625 -0.091097
0.3125 0.5625 -0.0671517
0.3125 0.53125 -0.0862433
0.3125 0.5 -0.1027
0.34375 0.5 -0.129161
0.34375 0.53125 -0.110897
0.3125 0.53125 -0.0862433
0.34375 0.5625 -0.091097
0.34375 0.53125 -0.110897
0.375 0.53125 -0.13506
0.375 0.5625 -0.114794
0.34375 0.5625 -0.091097
0.34375 0.53125 -0.110897
0.34375 0.5 -0.129161
0.375 0.5 -0.154508
0.375 0.53125 -0.13506
0.34375 0.53125 -0.110897
0.375 0.75 0.0112225
0.375 0.71875 -0.0104492
0.40625 0.71875 -0.0329482
0.40625 0.75 -0.0106674
0.375 0.75 0.0112225
0.375 0.71875 -0.0104492
0.375 0.6875 -0.0316329
0.40625 0.6875 -0.0545274
0.40625 0.71875 -0.0329482
0.375 0.71875 -0.0104492
0.40625 0.75 -0.0106674
0.40625 0.71875 -0.0329482
0.4375 0.71875 -0.0544829
0.4375 0.75 -0.0307266
0.40625 0.75 -0.0106674
0.40625 0.71875 -0.0329482
0.40625 0.6875 -0.0545274
0.4375 0.6875 -0.0769225
0.4375 0.71875 -0.0544829
0.40625 0.71875 -0.0329482
0.375 0.6875 -0.0316329
0.375 0.65625 -0.0526349
0.40625 0.65625 -0.0757444
0.40625 0.6875 -0.0545274
0.375 0.6875 -0.0316329
0.375 0.65625 -0.0526349
0.375 0.625 -0.0735053
0.40625 0.625 -0.0967588
0.40625 0.65625 -0.0757444
0.375 0.65625 -0.0526349
0.40625 0.6875 -0.0545274
0.40625 0.65625 -0.0757444
0.4375 0.65625 -0.0985921
0.4375 0.6875 -0.0769225
0.40625 0.6875 -0.0545274
0.40625 0.65625 -0.0757444
0.40625 0.625 -0.0967588
0.4375 0.625 -0.119852
0.4375 0.65625 -0.0985921
0.40625 0.65625 -0.0757444
0.4375 0.75 -0.0307266
0.4375 0.71875 -0.0544829
0.46875 0.71875 -0.0731754
0.46875 0.75 -0.04611
0.4375 0.75 -0.0307266
0.4375 0.71875 -0.0544829
0.4375 0.6875 -0.0769225
0.46875 0.6875 -0.0978894
0.46875 0.71875 -0.0731754
0.4375 0.71875 -0.0544829
0.46875 0.75 -0.04611
0.46875 0.71875 -0.0731754
0.5 0.71875 -0.0761447
0.5 0.75 -0.0473283
0.46875 0.75 -0.04611
0.46875 0.71875 -0.0731754
0.46875 0.6875 -0.0978894
0.5 0.6875 -0.103632
0.5 0.71875 -0.0761447
0.46875 0.71875 -0.0731754
0.4375 0.6875 -0.0769225
0.4375 0.65625 -0.0985921
0.46875 0.65625 -0.120797
0.46875 0.6875 -0.0978894
0.4375 0.6875 -0.0769225
0.4375 0.65625 -0.0985921
0.4375 0.625 -0.119852
0.46875 0.625 -0.142527
0.46875 0.65625 -0.120797
0.4375 0.65625 -0.0985921
0.46875 0.6875 -0.0978894
0.46875 0.65625 -0.120797
0.5 0.65625 -0.129754
0.5 0.6875 -0.103632
0.46875 0.6875 -0.0978894
0.46875 0.65625 -0.120797
0.46875 0.625 -0.142527
0.5 0.625 -0.154653
0.5 0.65625 -0.129754
0.46875 0.65625 -0.120797
0.375 0.625 -0.0735053
0.375 0.59375 -0.0942395
0.40625 0.59375 -0.117625
0.40625 0.625 -0.0967588
0.375 0.625 -0.0735053
0.375 0.59375 -0.0942395
0.375 0.5625 -0.114794
0.40625 0.5625 -0.138334
0.40625 0.59375 -0.117625
0.375 0.59375 -0.0942395
0.40625 0.625 -0.0967588
0.40625 0.59375 -0.117625
0.4375 0.59375 -0.140883
0.4375 0.625 -0.119852
0.40625 0.625 -0.0967588
0.40625 0.59375 -0.117625
0.40625 0.5625 -0.138334
0.4375 0.5625 -0.161744
0.4375 0.59375 -0.140883
0.40625 0.59375 -0.117625
0.375 0.5625 -0.114794
0.375 0.5 -0.154508
0.4375 0.5 -0.199848
0.4375 0.5625 -0.161744
0.375 0.5625 -0.114794
0.4375 0.625 -0.119852
0.4375 0.5625 -0.161744
0.5 0.5625 -0.202968
0.5 0.625 -0.154653
0.4375 0.625 -0.119852
0.4375 0.5625 -0.161744
0.4375 0.5 -0.199848
0.5 0.5 -0.243515
0.5 0.5625 -0.202968
0.4375 0.5625 -0.161744
0 0.5 0.203103
0 0.4375 0.206252
0.0625 0.4375 0.14464
0.0625 0.5 0.1406
0 0.5 0.203103
0 0.4375 0.206252
0 0.375 0.223172
0.0625 0.375 0.164756
0.0625 0.4375 0.14464
0 0.4375 0.206252
0.0625 0.5 0.1406
0.0625 0.46875 0.140243
0.09375 0.46875 0.109136
0.09375 0.5 0.109358
0.0625 0.5 0.1406
0.0625 0.46875 0.140243
0.0625 0.4375 0.14464
0.09375 0.4375 0.11423
0.09375 0.46875 0.109136
0.0625 0.46875 0.140243
0.09375 0.5 0.109358
0.09375 0.46875 0.109136
0.125 0.46875 0.0780505
0.125 0.5 0.0781189
0.09375 0.5 0.109358
0.09375 0.46875 0.109136
0.09375 0.4375 0.11423
0.125 0.4375 0.0840081
0.125 0.46875 0.0780505
0.09375 0.46875 0.109136
0.0625 0.4375 0.14464
0.0625 0.40625 0.153022
0.09375 0.40625 0.123727
0.09375 0.4375 0.11423
0.0625 0.4375 0.14464
0.0625 0.40625 0.153022
0.0625 0.375 0.164756
0.09375 0.375 0.136766
0.09375 0.40625 0.123727
0.0625 0.40625 0.153022
0.09375 0.4375 0.11423
0.09375 0.40625 0.123727
0.125 0.40625 0.0948536
0.125 0.4375 0.0840081
0.09375 0.4375 0.11423
0.09375 0.40625 0.123727
0.09375 0.375 0.136766
0.125 0.375 0.109407
0.125 0.40625 0.0948536
0.09375 0.40625 0.123727
0 0.375 0.223172
0 0.3125 0.250191
0.0625 0.3125 0.195994
0.0625 0.375 0.164756
0 0.375 0.223172
0 0.3125 0.250191
0 0.25 0.28522
0.0625 0.25 0.2351
0.0625 0.3125 0.195994
0 0.3125 0.250191
0.0625 0.375 0.164756
0.0625 0.3125 0.195994
0.125 0.3125 0.146246
0.125 0.375 0.109407
0.0625 0.375 0.164756
0.0625 0.3125 0.195994
0.0625 0.25 0.2351
0.125 0.25 0.188874
0.125 0.3125 0.146246
0.0625 0.3125 0.195994
0.125 0.5 0.0781189
0.125 0.46875 0.0780505
0.15625 0.46875 0.0469754
0.15625 0.5 0.0468754
0.125 0.5 0.0781189
0.125 0.46875 0.0780505
0.125 0.4375 0.0840081
0.15625 0.4375 0.0541063
0.15625 0.46875 0.0469754
0.125 0.46875 0.0780505
0.15625 0.5 0.0468754
0.15625 0.46875 0.0469754
0.1875 0.46875 0.0159713
0.1875 0.5 0.0156284
0.15625 0.5 0.0468754
0.15625 0.46875 0.0469754
0.15625 0.4375 0.0541063
0.1875 0.4375 0.0246832
0.1875 0.46875 0.0159713
0.15625 0.46875 0.0469754
0.125 0.4375 0.0840081
0.125 0.40625 0.0948536
0.15625 0.40625 0.0666893
0.15625 0.4375 0.0541063
0.125 0.4375 0.0840081
0.125 0.40625 0.0948536
0.125 0.375 0.109407
0.15625 0.375 0.0831167
0.15625 0.40625 0.0666893
0.125 0.40625 0.0948536
0.15625 0.4375 0.0541063
0.15625 0.40625 0.0666893
0.1875 0.40625 0.039576
0.1875 0.4375 0.0246832
0.15625 0.4375 0.0541063
0.15625 0.40625 0.0666893
0.15625 0.375 0.0831167
0.1875 0.375 0.0579558
0.1875 0.40625 0.039576
0.15625 0.40625 0.0666893
0.1875 0.5 0.0156284
0.1875 0.46875 0.0159713
0.21875 0.46875 -0.0135732
0.21875 0.5 -0.015222
0.1875 0.5 0.0156284
0.1875 0.46875 0.0159713
0.1875 0.4375 0.0246832
0.21875 0.4375 -0.0035563
0.21875 0.46875 -0.0135732
0.1875 0.46875 0.0159713
0.21875 0.5 -0.015222
0.21875 0.46875 -0.0135732
0.25 0.46875 -0.0413379
0.25 0.5 -0.0454206
0.21875 0.5 -0.015222
0.21875 0.46875 -0.0135732
0.21875 0.4375 -0.0035563
0.25 0.4375 -0.0281703
0.25 0.46875 -0.0413379
0.21875 0.46875 -0.0135732
0.1875 0.4375 0.0246832
0.1875 0.40625 0.039576
0.21875 0.40625 0.0137527
0.21875 0.4375 -0.0035563
0.1875 0.4375 0.0246832
0.1875 0.40625 0.039576
0.1875 0.375 0.0579558
0.21875 0.375 0.0340868
0.21875 0.40625 0.0137527
0.1875 0.40625 0.039576
0.21875 0.4375 -0.0035563
0.21875 0.40625 0.0137527
0.25 0.40625 -0.0100843
0.25 0.4375 -0.0281703
0.21875 0.4375 -0.0035563
0.21875 0.40625 0.0137527
0.21875 0.375 0.0340868
0.25 0.375 0.0114157
0.25 0.40625 -0.0100843
0.21875 0.40625 0.0137527
0.125 0.375 0.109407
0.125 0.34375 0.126774
0.15625 0.34375 0.10209
0.15625 0.375 0.0831167
0.125 0.375 0.109407
0.125 0.34375 0.126774
0.125 0.3125 0.146246
0.15625 0.3125 0.122761
0.15625 0.34375 0.10209
0.125 0.34375 0.126774
0.15625 0.375 0.0831167
0.15625 0.34375 0.10209
0.1875 0.34375 0.0784428
0.1875 0.375 0.0579558
0.15625 0.375 0.0831167
0.15625 0.34375 0.10209
0.15625 0.3125 0.122761
0.1875 0.3125 0.100094
0.1875 0.34375 0.0784428
0.15625 0.34375 0.10209
0.125 0.3125 0.146246
0.125 0.25 0.188874
0.1875 0.25 0.145158
0.1875 0.3125 0.100094
0.125 0.3125 0.146246
0.1875 0.375 0.0579558
0.1875 0.34375 0.0784428
0.21875 0.34375 0.0557661
0.21875 0.375 0.0340868
0.1875 0.375 0.0579558
0.1875 0.34375 0.0784428
0.1875 0.3125 0.100094
0.21875 0.3125 0.0781563
0.21875 0.34375 0.0557661
0.1875 0.34375 0.0784428
0.21875 0.375 0.0340868
0.21875 0.34375 0.0557661
0.25 0.34375 0.033876
0.25 0.375 0.0114157
0.21875 0.375 0.0340868
0.21875 0.34375 0.0557661
0.21875 0.3125 0.0781563
0.25 0.3125 0.0567302
0.25 0.34375 0.033876
0.21875 0.34375 0.0557661
0.1875 0.3125 0.100094
0.1875 0.28125 0.122416
0.21875 0.28125 0.100941
0.21875 0.3125 0.0781563
0.1875 0.3125 0.100094
0.1875 0.28125 0.122416
0.1875 0.25 0.145158
0.21875 0.25 0.123964
0.21875 0.28125 0.100941
0.1875 0.28125 0.122416
0.21875 0.3125 0.0781563
0.21875 0.28125 0.100941
0.25 0.28125 0.0797959
0.25 0.3125 0.0567302
0.21875 0.3125 0.0781563
0.21875 0.28125 0.100941
0.21875 0.25 0.123964
0.25 0.25 0.103002
0.25 0.28125 0.0797959
0.21875 0.28125 0.100941
0 0.25 0.28522
0 0.125 0.368948
0.125 0.125 0.279587
0.125 0.25 0.188874
0 0.25 0.28522
0 0.125 0.368948
0 0 0.45999
0.125 0 0.374326
0.125 0.125 0.279587
0 0.125 0.368948
0.125 0.25 0.188874
0.125 0.1875 0.233766
0.1875 0.1875 0.191277
0.1875 0.25 0.145158
0.125 0.25 0.188874
0.125 0.1875 0.233766
0.125 0.125 0.279587
0.1875 0.125 0.238015
0.1875 0.1875 0.191277
0.125 0.1875 0.233766
0.1875 0.25 0.145158
0.1875 0.1875 0.191277
0.25 0.1875 0.149795
0.25 0.25 0.103002
0.1875 0.25 0.145158
0.1875 0.1875 0.191277
0.1875 0.125 0.238015
0.25 0.125 0.197302
0.25 0.1875 0.149795
0.1875 0.1875 0.191277
0.125 0.125 0.279587
0.125 0 0.374326
0.25 0 0.296833
0.25 0.125 0.197302
0.125 0.125 0.279587
0.25 0.5 -0.0454206
0.25 0.46875 -0.0413379
0.28125 0.46875 -0.0677155
0.28125 0.5 -0.0747071
0.25 0.5 -0.0454206
0.25 0.46875 -0.0413379
0.25 0.4375 -0.0281703
0.28125 0.4375 -0.0519286
0.28125 0.46875 -0.0677155
0.25 0.46875 -0.0413379
0.28125 0.5 -0.0747071
0.28125 0.46875 -0.0677155
0.3125 0.46875 -0.092772
0.3125 0.5 -0.1027
0.28125 0.5 -0.0747071
0.28125 0.46875 -0.0677155
0.28125 0.4375 -0.0519286
0.3125 0.4375 -0.0747997
0.3125 0.46875 -0.092772
0.28125 0.46875 -0.0677155
0.25 0.4375 -0.0281703
0.25 0.40625 -0.0100843
0.28125 0.40625 -0.032127
0.28125 0.4375 -0.0519286
0.25 0.4375 -0.0281703
0.25 0.40625 -0.0100843
0.25 0.375 0.0114157
0.28125 0.375 -0.0103269
0.28125 0.40625 -0.032127
0.25 0.40625 -0.0100843
0.28125 0.4375 -0.0519286
0.28125 0.40625 -0.032127
0.3125 0.40625 -0.0538238
0.3125 0.4375 -0.0747997
0.28125 0.4375 -0.0519286
0.28125 0.40625 -0.032127
0.28125 0.375 -0.0103269
0.3125 0.375 -0.0314454
0.3125 0.40625 -0.0538238
0.28125 0.40625 -0.032127
0.3125 0.5 -0.1027
0.3125 0.46875 -0.092772
0.34375 0.46875 -0.116684
0.34375 0.5 -0.129161
0.3125 0.5 -0.1027
0.3125 0.46875 -0.092772
0.3125 0.4375 -0.0747997
0.34375 0.4375 -0.0969815
0.34375 0.46875 -0.116684
0.3125 0.46875 -0.092772
0.34375 0.5 -0.129161
0.34375 0.46875 -0.116684
0.375 0.46875 -0.139581
0.375 0.5 -0.154508
0.34375 0.5 -0.129161
0.34375 0.46875 -0.116684
0.34375 0.4375 -0.0969815
0.375 0.4375 -0.118662
0.375 0.46875 -0.139581
0.34375 0.46875 -0.116684
0.3125 0.4375 -0.0747997
0.3125 0.40625 -0.0538238
0.34375 0.40625 -0.0751749
0.34375 0.4375 -0.0969815
0.3125 0.4375 -0.0747997
0.3125 0.40625 -0.0538238
0.3125 0.375 -0.0314454
0.34375 0.375 -0.0524305
0.34375 0.40625 -0.0751749
0.3125 0.40625 -0.0538238
0.34375 0.4375 -0.0969815
0.34375 0.40625 -0.0751749
0.375 0.40625 -0.0962794
0.375 0.4375 -0.118662
0.34375 0.4375 -0.0969815
0.34375 0.40625 -0.0751749
0.34375 0.375 -0.0524305
0.375 0.375 -0.0732617
0.375 0.40625 -0.0962794
0.34375 0.40625 -0.0751749
0.25 0.375 0.0114157
0.25 0.34375 0.033876
0.28125 0.34375 0.0125196
0.28125 0.375 -0.0103269
0.25 0.375 0.0114157
0.25 0.34375 0.033876
0.25 0.3125 0.0567302
0.28125 0.3125 0.0356349
0.28125 0.34375 0.0125196
0.25 0.34375 0.033876
0.28125 0.375 -0.0103269
0.28125 0.34375 0.0125196
0.3125 0.34375 -0.00850559
0.3125 0.375 -0.0314454
0.28125 0.375 -0.0103269
0.28125 0.34375 0.0125196
0.28125 0.3125 0.0356349
0.3125 0.3125 0.0147455
0.3125 0.34375 -0.00850559
0.28125 0.34375 0.0125196
0.25 0.3125 0.0567302
0.25 0.28125 0.0797959
0.28125 0.28125 0.0588704
0.28125 0.3125 0.0356349
0.25 0.3125 0.0567302
0.25 0.28125 0.0797959
0.25 0.25 0.103002
0.28125 0.25 0.0822186
0.28125 0.28125 0.0588704
0.25 0.28125 0.0797959
0.28125 0.3125 0.0356349
0.28125 0.28125 0.0588704
0.3125 0.28125 0.0381055
0.3125 0.3125 0.0147455
0.28125 0.3125 0.0356349
0.28125 0.28125 0.0588704
0.28125 0.25 0.0822186
0.3125 0.25 0.0615875
0.3125 0.28125 0.0381055
0.28125 0.28125 0.0588704
0.3125 0.375 -0.0314454
0.3125 0.34375 -0.00850559
0.34375 0.34375 -0.0292976
0.34375 0.375 -0.0524305
0.3125 0.375 -0.0314454
0.3125 0.34375 -0.00850559
0.3125 0.3125 0.0147455
0.34375 0.3125 -0.00599622
0.34375 0.34375 -0.0292976
0.3125 0.34375 -0.00850559
0.34375 0.375 -0.0524305
0.34375 0.34375 -0.0292976
0.375 0.34375 -0.0499634
0.375 0.375 -0.0732617
0.34375 0.375 -0.0524305
0.34375 0.34375 -0.0292976
0.34375 0.3125 -0.00599622
0.375 0.3125 -0.0265325
0.375 0.34375 -0.0499634
0.34375 0.34375 -0.0292976
0.3125 0.3125 0.0147455
0.3125 0.28125 0.0381055
0.34375 0.28125 0.0174781
0.34375 0.3125 -0.00599622
0.3125 0.3125 0.0147455
0.3125 0.28125 0.0381055
0.3125 0.25 0.0615875
0.34375 0.25 0.0411192
0.34375 0.28125 0.0174781
0.3125 0.28125 0.0381055
0.34375 0.3125 -0.00599622
0.34375 0.28125 0.0174781
0.375 0.28125 -0.00295944
0.375 0.3125 -0.0265325
0.34375 0.3125 -0.00599622
0.34375 0.28125 0.0174781
0.34375 0.25 0.0411192
0.375 0.25 0.0209081
0.375 0.28125 -0.00295944
0.34375 0.28125 0.0174781
0.375 0.5 -0.154508
0.375 0.4375 -0.118662
0.4375 0.4375 -0.160919
0.4375 0.5 -0.199848
0.375 0.5 -0.154508
0.375 0.4375 -0.118662
0.375 0.40625 -0.0962794
0.40625 0.40625 -0.117151
0.40625 0.4375 -0.139967
0.375 0.4375 -0.118662
0.375 0.40625 -0.0962794
0.375 0.375 -0.0732617
0.40625 0.375 -0.0938964
0.40625 0.40625 -0.117151
0.375 0.40625 -0.0962794
0.40625 0.4375 -0.139967
0.40625 0.40625 -0.117151
0.4375 0.40625 -0.137741
0.4375 0.4375 -0.160919
0.40625 0.4375 -0.139967
0.40625 0.40625 -0.117151
0.40625 0.375 -0.0938964
0.4375 0.375 -0.114226
0.4375 0.40625 -0.137741
0.40625 0.40625 -0.117151
0.4375 0.5 -0.199848
0.4375 0.4375 -0.160919
0.5 0.4375 -0.200463
0.5 0.5 -0.243515
0.4375 0.5 -0.199848
0.4375 0.4375 -0.160919
0.4375 0.375 -0.114226
0.5 0.375 -0.152481
0.5 0.4375 -0.200463
0.4375 0.4375 -0.160919
0.375 0.375 -0.0732617
0.375 0.34375 -0.0499634
0.40625 0.34375 -0.0704195
0.40625 0.375 -0.0938964
0.375 0.375 -0.0732617
0.375 0.34375 -0.0499634
0.375 0.3125 -0.0265325
0.40625 0.3125 -0.0467827
0.40625 0.34375 -0.0704195
0.375 0.34375 -0.0499634
0.40625 0.375 -0.0938964
0.40625 0.34375 -0.0704195
0.4375 0.34375 -0.09047
0.4375 0.375 -0.114226
0.40625 0.375 -0.0938964
0.40625 0.34375 -0.0704195
0.40625 0.3125 -0.0467827
0.4375 0.3125 -0.0664686
0.4375 0.34375 -0.09047
0.40625 0.34375 -0.0704195
0.375 0.3125 -0.0265325
0.375 0.28125 -0.00295944
0.40625 0.28125 -0.0229562
0.40625 0.3125 -0.0467827
0.375 0.3125 -0.0265325
0.375 0.28125 -0.00295944
0.375 0.25 0.0209081
0.40625 0.25 0.00113433
0.40625 0.28125 -0.0229562
0.375 0.28125 -0.00295944
0.40625 0.3125 -0.0467827
0.40625 0.28125 -0.0229562
0.4375 0.28125 -0.04213
0.4375 0.3125 -0.0664686
0.40625 0.3125 -0.0467827
0.40625 0.28125 -0.0229562
0.40625 0.25 0.00113433
0.4375 0.25 -0.017359
0.4375 0.28125 -0.04213
0.40625 0.28125 -0.0229562
0.4375 0.375 -0.114226
0.4375 0.34375 -0.09047
0.46875 0.34375 -0.109736
0.46875 0.375 -0.133967
0.4375 0.375 -0.114226
0.4375 0.34375 -0.09047
0.4375 0.3125 -0.0664686
0.46875 0.3125 -0.0849932
0.46875 0.34375 -0.109736
0.4375 0.34375 -0.09047
0.46875 0.375 -0.133967
0.46875 0.34375 -0.109736
0.5 0.34375 -0.127197
0.5 0.375 -0.152481
0.46875 0.375 -0.133967
0.46875 0.34375 -0.109736
0.46875 0.3125 -0.0849932
0.5 0.3125 -0.10118
0.5 0.34375 -0.127197
0.46875 0.34375 -0.109736
0.4375 0.3125 -0.0664686
0.4375 0.28125 -0.04213
0.46875 0.28125 -0.0597335
0.46875 0.3125 -0.0849932
0.4375 0.3125 -0.0664686
0.4375 0.28125 -0.04213
0.4375 0.25 -0.017359
0.46875 0.25 -0.0337293
0.46875 0.28125 -0.0597335
0.4375 0.28125 -0.04213
0.46875 0.3125 -0.0849932
0.46875 0.28125 -0.0597335
0.5 0.28125 -0.0741751
0.5 0.3125 -0.10118
0.46875 0.3125 -0.0849932
0.46875 0.28125 -0.0597335
0.46875 0.25 -0.0337293
0.5 0.25 -0.0461858
0.5 0.28125 -0.0741751
0.46875 0.28125 -0.0597335
0.25 0.25 0.103002
0.25 0.21875 0.126332
0.28125 0.21875 0.105694
0.28125 0.25 0.0822186
0.25 0.25 0.103002
0.25 0.21875 0.126332
0.25 0.1875 0.149795
0.28125 0.1875 0.129321
0.28125 0.21875 0.105694
0.25 0.21875 0.126332
0.28125 0.25 0.0822186
0.28125 0.21875 0.105694
0.3125 0.21875 0.0852228
0.3125 0.25 0.0615875
0.28125 0.25 0.0822186
0.28125 0.21875 0.105694
0.28125 0.1875 0.129321
0.3125 0.1875 0.109066
0.3125 0.21875 0.0852228
0.28125 0.21875 0.105694
0.25 0.1875 0.149795
0.25 0.125 0.197302
0.3125 0.125 0.157709
0.3125 0.1875 0.109066
0.25 0.1875 0.149795
0.3125 0.25 0.0615875
0.3125 0.21875 0.0852228
0.34375 0.21875 0.0649852
0.34375 0.25 0.0411192
0.3125 0.25 0.0615875
0.3125 0.21875 0.0852228
0.3125 0.1875 0.109066
0.34375 0.1875 0.0891679
0.34375 0.21875 0.0649852
0.3125 0.21875 0.0852228
0.34375 0.25 0.0411192
0.34375 0.21875 0.0649852
0.375 0.21875 0.0451444
0.375 0.25 0.0209081
0.34375 0.25 0.0411192
0.34375 0.21875 0.0649852
0.34375 0.1875 0.0891679
0.375 0.1875 0.0698761
0.375 0.21875 0.0451444
0.34375 0.21875 0.0649852
0.3125 0.1875 0.109066
0.3125 0.15625 0.133208
0.34375 0.15625 0.113766
0.34375 0.1875 0.0891679
0.3125 0.1875 0.109066
0.3125 0.15625 0.133208
0.3125 0.125 0.157709
0.34375 0.125 0.138867
0.34375 0.15625 0.113766
0.3125 0.15625 0.133208
0.34375 0.1875 0.0891679
0.34375 0.15625 0.113766
0.375 0.15625 0.0952133
0.375 0.1875 0.0698761
0.34375 0.1875 0.0891679
0.34375 0.15625 0.113766
0.34375 0.125 0.138867
0.375 0.125 0.121212
0.375 0.15625 0.0952133
0.34375 0.15625 0.113766
0.25 0.125 0.197302
0.25 0.0625 0.24597
0.3125 0.0625 0.208219
0.3125 0.125 0.157709
0.25 0.125 0.197302
0.25 0.0625 0.24597
0.25 0 0.296833
0.3125 0 0.261713
0.3125 0.0625 0.208219
0.25 0.0625 0.24597
0.3125 0.125 0.157709
0.3125 0.0625 0.208219
0.375 0.0625 0.17523
0.375 0.125 0.121212
0.3125 0.125 0.157709
0.3125 0.0625 0.208219
0.3125 0 0.261713
0.375 0 0.232256
0.375 0.0625 0.17523
0.3125 0.0625 0.208219
0.375 0.25 0.0209081
0.375 0.21875 0.0451444
0.40625 0.21875 0.0259901
0.40625 0.25 0.00113433
0.375 0.25 0.0209081
0.375 0.21875 0.0451444
0.375 0.1875 0.0698761
0.40625 0.1875 0.0516231
0.40625 0.21875 0.0259901
0.375 0.21875 0.0451444
0.40625 0.25 0.00113433
0.40625 0.21875 0.0259901
0.4375 0.21875 0.00829082
0.4375 0.25 -0.017359
0.40625 0.25 0.00113433
0.40625 0.21875 0.0259901
0.40625 0.1875 0.0516231
0.4375 0.1875 0.0352777
0.4375 0.21875 0.00829082
0.40625 0.21875 0.0259901
0.375 0.1875 0.0698761
0.375 0.15625 0.0952133
0.40625 0.15625 0.0780695
0.40625 0.1875 0.0516231
0.375 0.1875 0.0698761
0.375 0.15625 0.0952133
0.375 0.125 0.121212
0.40625 0.125 0.105273
0.40625 0.15625 0.0780695
0.375 0.15625 0.0952133
0.40625 0.1875 0.0516231
0.40625 0.15625 0.0780695
0.4375 0.15625 0.0632096
0.4375 0.1875 0.0352777
0.40625 0.1875 0.0516231
0.40625 0.15625 0.0780695
0.40625 0.125 0.105273
0.4375 0.125 0.0917439
0.4375 0.15625 0.0632096
0.40625 0.15625 0.0780695
0.4375 0.25 -0.017359
0.4375 0.21875 0.00829082
0.46875 0.21875 -0.00690577
0.46875 0.25 -0.0337293
0.4375 0.25 -0.017359
0.4375 0.21875 0.00829082
0.4375 0.1875 0.0352777
0.46875 0.1875 0.0217757
0.46875 0.21875 -0.00690577
0.4375 0.21875 0.00829082
0.46875 0.25 -0.0337293
0.46875 0.21875 -0.00690577
0.5 0.21875 -0.017226
0.5 0.25 -0.0461858
0.46875 0.25 -0.0337293
0.46875 0.21875 -0.00690577
0.46875 0.1875 0.0217757
0.5 0.1875 0.0131604
0.5 0.21875 -0.017226
0.46875 0.21875 -0.00690577
0.4375 0.1875 0.0352777
0.4375 0.15625 0.0632096
0.46875 0.15625 0.0513195
0.46875 0.1875 0.0217757
0.4375 0.1875 0.0352777
0.4375 0.15625 0.0632096
0.4375 0.125 0.0917439
0.46875 0.125 0.0813198
0.46875 0.15625 0.0513195
0.4375 0.15625 0.0632096
0.46875 0.1875 0.0217757
0.46875 0.15625 0.0513195
0.5 0.15625 0.0441788
0.5 0.1875 0.0131604
0.46875 0.1875 0.0217757
0.46875 0.15625 0.0513195
0.46875 0.125 0.0813198
0.5 0.125 0.0752543
0.5 0.15625 0.0441788
0.46875 0.15625 0.0513195
0.375 0.125 0.121212
0.375 0.0625 0.17523
0.4375 0.0625 0.150353
0.4375 0.125 0.0917439
0.375 0.125 0.121212
0.375 0.0625 0.17523
0.375 0 0.232256
0.4375 0 0.210673
0.4375 0.0625 0.150353
0.375 0.0625 0.17523
0.4375 0.125 0.0917439
0.4375 0.09375 0.12087
0.46875 0.09375 0.111575
0.46875 0.125 0.0813198
0.4375 0.125 0.0917439
0.4375 0.09375 0.12087
0.4375 0.0625 0.150353
0.46875 0.0625 0.142043
0.46875 0.09375 0.111575
0.4375 0.09375 0.12087
0.46875 0.125 0.0813198
0.46875 0.09375 0.111575
0.5 0.09375 0.10635
0.5 0.125 0.0752543
0.46875 0.125 0.0813198
0.46875 0.09375 0.111575
0.46875 0.0625 0.142043
0.5 0.0625 0.137461
0.5 0.09375 0.10635
0.46875 0.09375 0.111575
0.4375 0.0625 0.150353
0.4375 0 0.210673
0.5 0 0.199832
0.5 0.0625 0.137461
0.4375 0.0625 0.150353
0.5 1 0.199973
0.5 0.9375 0.137569
0.5625 0.9375 0.151566
0.5625 1 0.211549
0.5 1 0.199973
0.5 0.9375 0.137569
0.5 0.90625 0.106431
0.53125 0.90625 0.112219
0.53125 0.9375 0.142684
0.5 0.9375 0.137569
0.5 0.90625 0.106431
0.5 0.875 0.0753137
0.53125 0.875 0.0819015
0.53125 0.90625 0.112219
0.5 0.90625 0.106431
0.53125 0.9375 0.142684
0.53125 0.90625 0.112219
0.5625 0.90625 0.121983
0.5625 0.9375 0.151566
0.53125 0.9375 0.142684
0.53125 0.90625 0.112219
0.53125 0.875 0.0819015
0.5625 0.875 0.0927087
0.5625 0.90625 0.121983
0.53125 0.90625 0.112219
0.5625 1 0.211549
0.5625 0.9375 0.151566
0.625 0.9375 0.178537
0.625 1 0.235026
0.5625 1 0.211549
0.5625 0.9375 0.151566
0.5625 0.875 0.0927087
0.625 0.875 0.123172
0.625 0.9375 0.178537
0.5625 0.9375 0.151566
0.5 0.875 0.0753137
0.5 0.84375 0.0442249
0.53125 0.84375 0.0517985
0.53125 0.875 0.0819015
0.5 0.875 0.0753137
0.5 0.84375 0.0442249
0.5 0.8125 0.0131756
0.53125 0.8125 0.0219916
0.53125 0.84375 0.0517985
0.5 0.84375 0.0442249
0.53125 0.875 0.0819015
0.53125 0.84375 0.0517985
0.5625 0.84375 0.0638626
0.5625 0.875 0.0927087
0.53125 0.875 0.0819015
0.53125 0.84375 0.0517985
0.53125 0.8125 0.0219916
0.5625 0.8125 0.0355435
0.5625 0.84375 0.0638626
0.53125 0.84375 0.0517985
0.5 0.8125 0.0131756
0.5 0.78125 -0.0174656
0.53125 0.78125 -0.00716068
0.53125 0.8125 0.0219916
0.5 0.8125 0.0131756
0.5 0.78125 -0.0174656
0.5 0.75 -0.0473283
0.53125 0.75 -0.0348206
0.53125 0.78125 -0.00716068
0.5 0.78125 -0.0174656
0.53125 0.8125 0.0219916
0.53125 0.78125 -0.00716068
0.5625 0.78125 0.00789617
0.5625 0.8125 0.0355435
0.53125 0.8125 0.0219916
0.53125 0.78125 -0.00716068
0.53125 0.75 -0.0348206
0.5625 0.75 -0.0180763
0.5625 0.78125 0.00789617
0.53125 0.78125 -0.00716068
0.5625 0.875 0.0927087
0.5625 0.84375 0.0638626
0.59375 0.84375 0.0792906
0.59375 0.875 0.106889
0.5625 0.875 0.0927087
0.5625 0.84375 0.0638626
0.5625 0.8125 0.0355435
0.59375 0.8125 0.0523537
0.59375 0.84375 0.0792906
0.5625 0.84375 0.0638626
0.59375 0.875 0.106889
0.59375 0.84375 0.0792906
0.625 0.84375 0.0966313
0.625 0.875 0.123172
0.59375 0.875 0.106889
0.59375 0.84375 0.0792906
0.59375 0.8125 0.0523537
0.625 0.8125 0.0707209
0.625 0.84375 0.0966313
0.59375 0.84375 0.0792906
0.5625 0.8125 0.0355435
0.5625 0.78125 0.00789617
0.59375 0.78125 0.0261562
0.59375 0.8125 0.0523537
0.5625 0.8125 0.0355435
0.5625 0.78125 0.00789617
0.5625 0.75 -0.0180763
0.59375 0.75 0.000775375
0.59375 0.78125 0.0261562
0.5625 0.78125 0.00789617
0.59375 0.8125 0.0523537
0.59375 0.78125 0.0261562
0.625 0.78125 0.0454683
0.625 0.8125 0.0707209
0.59375 0.8125 0.0523537
0.59375 0.78125 0.0261562
0.59375 0.75 0.000775375
0.625 0.75 0.0208238
0.625 0.78125 0.0454683
0.59375 0.78125 0.0261562
0.625 1 0.235026
0.625 0.9375 0.178537
0.6875 0.9375 0.211667
0.6875 1 0.265066
0.625 1 0.235026
0.625 0.9375 0.178537
0.625 0.875 0.123172
0.6875 0.875 0.159445
0.6875 0.9375 0.211667
0.625 0.9375 0.178537
0.6875 1 0.265066
0.6875 0.9375 0.211667
0.75 0.9375 0.248973
0.75 1 0.299999
0.6875 1 0.265066
0.6875 0.9375 0.211667
0.6875 0.875 0.159445
0.75 0.875 0.198989
0.75 0.9375 0.248973
0.6875 0.9375 0.211667
0.625 0.875 0.123172
0.625 0.84375 0.0966313
0.65625 0.84375 0.115141
0.65625 0.875 0.140872
0.625 0.875 0.123172
0.625 0.84375 0.0966313
0.625 0.8125 0.0707209
0.65625 0.8125 0.0899847
0.65625 0.84375 0.115141
0.625 0.84375 0.0966313
0.65625 0.875 0.140872
0.65625 0.84375 0.115141
0.6875 0.84375 0.134397
0.6875 0.875 0.159445
0.65625 0.875 0.140872
0.65625 0.84375 0.115141
0.65625 0.8125 0.0899847
0.6875 0.8125 0.109789
0.6875 0.84375 0.134397
0.65625 0.84375 0.115141
0.625 0.8125 0.0707209
0.625 0.78125 0.0454683
0.65625 0.78125 0.0653506
0.65625 0.8125 0.0899847
0.625 0.8125 0.0707209
0.625 0.78125 0.0454683
0.625 0.75 0.0208238
0.65625 0.75 0.0412082
0.65625 0.78125 0.0653506
0.625 0.78125 0.0454683
0.65625 0.8125 0.0899847
0.65625 0.78125 0.0653506
0.6875 0.78125 0.085593
0.6875 0.8125 0.109789
0.65625 0.8125 0.0899847
0.65625 0.78125 0.0653506
0.65625 0.75 0.0412082
0.6875 0.75 0.0617559
0.6875 0.78125 0.085593
0.65625 0.78125 0.0653506
0.6875 0.875 0.159445
0.6875 0.8125 0.109789
0.75 0.8125 0.150414
0.75 0.875 0.198989
0.6875 0.875 0.159445
0.6875 0.8125 0.109789
0.6875 0.78125 0.085593
0.71875 0.78125 0.106078
0.71875 0.8125 0.129962
0.6875 0.8125 0.109789
0.6875 0.78125 0.085593
0.6875 0.75 0.0617559
0.71875 0.75 0.0824744
0.71875 0.78125 0.106078
0.6875 0.78125 0.085593
0.71875 0.8125 0.129962
0.71875 0.78125 0.106078
0.75 0.78125 0.126794
0.75 0.8125 0.150414
0.71875 0.8125 0.129962
0.71875 0.78125 0.106078
0.71875 0.75 0.0824744
0.75 0.75 0.103408
0.75 0.78125 0.126794
0.71875 0.78125 0.106078
0.5 0.75 -0.0473283
0.5 0.71875 -0.0761447
0.53125 0.71875 -0.0612119
0.53125 0.75 -0.0348206
0.5 0.75 -0.0473283
0.5 0.71875 -0.0761447
0.5 0.6875 -0.103632
0.53125 0.6875 -0.0865145
0.53125 0.71875 -0.0612119
0.5 0.71875 -0.0761447
0.53125 0.75 -0.0348206
0.53125 0.71875 -0.0612119
0.5625 0.71875 -0.0429671
0.5625 0.75 -0.0180763
0.53125 0.75 -0.0348206
0.53125 0.71875 -0.0612119
0.53125 0.6875 -0.0865145
0.5625 0.6875 -0.0672535
0.5625 0.71875 -0.0429671
0.53125 0.71875 -0.0612119
0.5 0.6875 -0.103632
0.5 0.65625 -0.129754
0.53125 0.65625 -0.111071
0.53125 0.6875 -0.0865145
0.5 0.6875 -0.103632
0.5 0.65625 -0.129754
0.5 0.625 -0.154653
0.53125 0.625 -0.135089
0.53125 0.65625 -0.111071
0.5 0.65625 -0.129754
0.53125 0.6875 -0.0865145
0.53125 0.65625 -0.111071
0.5625 0.65625 -0.0911608
0.5625 0.6875 -0.0672535
0.53125 0.6875 -0.0865145
0.53125 0.65625 -0.111071
0.53125 0.625 -0.135089
0.5625 0.625 -0.114837
0.5625 0.65625 -0.0911608
0.53125 0.65625 -0.111071
0.5625 0.75 -0.0180763
0.5625 0.71875 -0.0429671
0.59375 0.71875 -0.0233671
0.59375 0.75 0.000775375
0.5625 0.75 -0.0180763
0.5625 0.71875 -0.0429671
0.5625 0.6875 -0.0672535
0.59375 0.6875 -0.0471651
0.59375 0.71875 -0.0233671
0.5625 0.71875 -0.0429671
0.59375 0.75 0.000775375
0.59375 0.71875 -0.0233671
0.625 0.71875 -0.00313947
0.625 0.75 0.0208238
0.59375 0.75 0.000775375
0.59375 0.71875 -0.0233671
0.59375 0.6875 -0.0471651
0.625 0.6875 -0.0266966
0.625 0.71875 -0.00313947
0.59375 0.71875 -0.0233671
0.5625 0.6875 -0.0672535
0.5625 0.65625 -0.0911608
0.59375 0.65625 -0.0707744
0.59375 0.6875 -0.0471651
0.5625 0.6875 -0.0672535
0.5625 0.65625 -0.0911608
0.5625 0.625 -0.114837
0.59375 0.625 -0.0942508
0.59375 0.65625 -0.0707744
0.5625 0.65625 -0.0911608
0.59375 0.6875 -0.0471651
0.59375 0.65625 -0.0707744
0.625 0.65625 -0.0501425
0.625 0.6875 -0.0266966
0.59375 0.6875 -0.0471651
0.59375 0.65625 -0.0707744
0.59375 0.625 -0.0942508
0.625 0.625 -0.0734737
0.625 0.65625 -0.0501425
0.59375 0.65625 -0.0707744
0.5 0.625 -0.154653
0.5 0.5625 -0.202968
0.5625 0.5625 -0.161724
0.5625 0.625 -0.114837
0.5 0.625 -0.154653
0.5 0.5625 -0.202968
0.5 0.5 -0.243515
0.5625 0.5 -0.199743
0.5625 0.5625 -0.161724
0.5 0.5625 -0.202968
0.5625 0.625 -0.114837
0.5625 0.59375 -0.138354
0.59375 0.59375 -0.117598
0.59375 0.625 -0.0942508
0.5625 0.625 -0.114837
0.5625 0.59375 -0.138354
0.5625 0.5625 -0.161724
0.59375 0.5625 -0.140787
0.59375 0.59375 -0.117598
0.5625 0.59375 -0.138354
0.59375 0.625 -0.0942508
0.59375 0.59375 -0.117598
0.625 0.59375 -0.0966635
0.625 0.625 -0.0734737
0.59375 0.625 -0.0942508
0.59375 0.59375 -0.117598
0.59375 0.5625 -0.140787
0.625 0.5625 -0.119641
0.625 0.59375 -0.0966635
0.59375 0.59375 -0.117598
0.5625 0.5625 -0.161724
0.5625 0.5 -0.199743
0.625 0.5 -0.150632
0.625 0.5625 -0.119641
0.5625 0.5625 -0.161724
0.625 0.75 0.0208238
0.625 0.71875 -0.00313947
0.65625 0.71875 0.0174359
0.65625 0.75 0.0412082
0.625 0.75 0.0208238
0.625 0.71875 -0.00313947
0.625 0.6875 -0.0266966
0.65625 0.6875 -0.00602026
0.65625 0.71875 0.0174359
0.625 0.71875 -0.00313947
0.65625 0.75 0.0412082
0.65625 0.71875 0.0174359
0.6875 0.71875 0.038189
0.6875 0.75 0.0617559
0.65625 0.75 0.0412082
0.65625 0.71875 0.0174359
0.65625 0.6875 -0.00602026
0.6875 0.6875 0.0148142
0.6875 0.71875 0.038189
0.65625 0.71875 0.0174359
0.625 0.6875 -0.0266966
0.625 0.65625 -0.0501425
0.65625 0.65625 -0.0293479
0.65625 0.6875 -0.00602026
0.625 0.6875 -0.0266966
0.625 0.65625 -0.0501425
0.625 0.625 -0.0734737
0.65625 0.625 -0.052542
0.65625 0.65625 -0.0293479
0.625 0.65625 -0.0501425
0.65625 0.6875 -0.00602026
0.65625 0.65625 -0.0293479
0.6875 0.65625 -0.00841115
0.6875 0.6875 0.0148142
0.65625 0.6875 -0.00602026
0.65625 0.65625 -0.0293479
0.65625 0.625 -0.052542
0.6875 0.625 -0.0314401
0.6875 0.65625 -0.00841115
0.65625 0.65625 -0.0293479
0.6875 0.75 0.0617559
0.6875 0.71875 0.038189
0.71875 0.71875 0.0590854
0.71875 0.75 0.0824744
0.6875 0.75 0.0617559
0.6875 0.71875 0.038189
0.6875 0.6875 0.0148142
0.71875 0.6875 0.0358429
0.71875 0.71875 0.0590854
0.6875 0.71875 0.038189
0.71875 0.75 0.0824744
0.71875 0.71875 0.0590854
0.75 0.71875 0.0802141
0.75 0.75 0.103408
0.71875 0.75 0.0824744
0.71875 0.71875 0.0590854
0.71875 0.6875 0.0358429
0.75 0.6875 0.0572028
0.75 0.71875 0.0802141
0.71875 0.71875 0.0590854
0.6875 0.6875 0.0148142
0.6875 0.65625 -0.00841115
0.71875 0.65625 0.0127439
0.71875 0.6875 0.0358429
0.6875 0.6875 0.0148142
0.6875 0.65625 -0.00841115
0.6875 0.625 -0.0314401
0.71875 0.625 -0.0100799
0.71875 0.65625 0.0127439
0.6875 0.65625 -0.00841115
0.71875 0.6875 0.0358429
0.71875 0.65625 0.0127439
0.75 0.65625 0.0344328
0.75 0.6875 0.0572028
0.71875 0.6875 0.0358429
0.71875 0.65625 0.0127439
0.71875 0.625 -0.0100799
0.75 0.625 0.0120171
0.75 0.65625 0.0344328
0.71875 0.65625 0.0127439
0.625 0.625 -0.0734737
0.625 0.59375 -0.0966635
0.65625 0.59375 -0.0755429
0.65625 0.625 -0.052542
0.625 0.625 -0.0734737
0.625 0.59375 -0.0966635
0.625 0.5625 -0.119641
0.65625 0.5625 -0.0981809
0.65625 0.59375 -0.0755429
0.625 0.59375 -0.0966635
0.65625 0.625 -0.052542
0.65625 0.59375 -0.0755429
0.6875 0.59375 -0.0541401
0.6875 0.625 -0.0314401
0.65625 0.625 -0.052542
0.65625 0.59375 -0.0755429
0.65625 0.5625 -0.0981809
0.6875 0.5625 -0.0761585
0.6875 0.59375 -0.0541401
0.65625 0.59375 -0.0755429
0.625 0.5625 -0.119641
0.625 0.53125 -0.142044
0.65625 0.53125 -0.119953
0.65625 0.5625 -0.0981809
0.625 0.5625 -0.119641
0.625 0.53125 -0.142044
0.625 0.5 -0.150632
0.65625 0.5 -0.124915
0.65625 0.53125 -0.119953
0.625 0.53125 -0.142044
0.65625 0.5625 -0.0981809
0.65625 0.53125 -0.119953
0.6875 0.53125 -0.0963516
0.6875 0.5625 -0.0761585
0.65625 0.5625 -0.0981809
0.65625 0.53125 -0.119953
0.65625 0.5 -0.124915
0.6875 0.5 -0.098515
0.6875 0.53125 -0.0963516
0.65625 0.53125 -0.119953
0.6875 0.625 -0.0314401
0.6875 0.59375 -0.0541401
0.71875 0.59375 -0.0322384
0.71875 0.625 -0.0100799
0.6875 0.625 -0.0314401
0.6875 0.59375 -0.0541401
0.6875 0.5625 -0.0761585
0.71875 0.5625 -0.053144
0.71875 0.59375 -0.0322384
0.6875 0.59375 -0.0541401
0.71875 0.625 -0.0100799
0.71875 0.59375 -0.0322384
0.75 0.59375 -0.00940768
0.75 0.625 0.0120171
0.71875 0.625 -0.0100799
0.71875 0.59375 -0.0322384
0.71875 0.5625 -0.053144
0.75 0.5625 -0.0285955
0.75 0.59375 -0.00940768
0.71875 0.59375 -0.0322384
0.6875 0.5625 -0.0761585
0.6875 0.53125 -0.0963516
0.71875 0.53125 -0.0707313
0.71875 0.5625 -0.053144
0.6875 0.5625 -0.0761585
0.6875 0.53125 -0.0963516
0.6875 0.5 -0.098515
0.71875 0.5 -0.071277
0.71875 0.53125 -0.0707313
0.6875 0.53125 -0.0963516
0.71875 0.5625 -0.053144
0.71875 0.53125 -0.0707313
0.75 0.53125 -0.0429731
0.75 0.5625 -0.0285955
0.71875 0.5625 -0.053144
0.71875 0.53125 -0.0707313
0.71875 0.5 -0.071277
0.75 0.5 -0.0432118
0.75 0.53125 -0.0429731
0.71875 0.53125 -0.0707313
0.75 1 0.299999
0.75 0.875 0.198989
0.875 0.875 0.282267
0.875 1 0.376926
0.75 1 0.299999
0.75 0.875 0.198989
0.75 0.8125 0.150414
0.8125 0.8125 0.1925
0.8125 0.875 0.239798
0.75 0.875 0.198989
0.75 0.8125 0.150414
0.75 0.75 0.103408
0.8125 0.75 0.146374
0.8125 0.8125 0.1925
0.75 0.8125 0.150414
0.8125 0.875 0.239798
0.8125 0.8125 0.1925
0.875 0.8125 0.23656
0.875 0.875 0.282267
0.8125 0.875 0.239798
0.8125 0.8125 0.1925
0.8125 0.75 0.146374
0.875 0.75 0.192574
0.875 0.8125 0.23656
0.8125 0.8125 0.1925
0.875 1 0.376926
0.875 0.875 0.282267
1 0.875 0.378483
1 1 0.466109
0.875 1 0.376926
0.875 0.875 0.282267
0.875 0.75 0.192574
1 0.75 0.296137
1 0.875 0.378483
0.875 0.875 0.282267
0.75 0.75 0.103408
0.75 0.71875 0.0802141
0.78125 0.71875 0.101755
0.78125 0.75 0.124659
0.75 0.75 0.103408
0.75 0.71875 0.0802141
0.75 0.6875 0.0572028
0.78125 0.6875 0.0791917
0.78125 0.71875 0.101755
0.75 0.71875 0.0802141
0.78125 0.75 0.124659
0.78125 0.71875 0.101755
0.8125 0.71875 0.124011
0.8125 0.75 0.146374
0.78125 0.75 0.124659
0.78125 0.71875 0.101755
0.78125 0.6875 0.0791917
0.8125 0.6875 0.102073
0.8125 0.71875 0.124011
0.78125 0.71875 0.101755
0.75 0.6875 0.0572028
0.75 0.65625 0.0344328
0.78125 0.65625 0.0570563
0.78125 0.6875 0.0791917
0.75 0.6875 0.0572028
0.75 0.65625 0.0344328
0.75 0.625 0.0120171
0.78125 0.625 0.0356556
0.78125 0.65625 0.0570563
0.75 0.65625 0.0344328
0.78125 0.6875 0.0791917
0.78125 0.65625 0.0570563
0.8125 0.65625 0.0809878
0.8125 0.6875 0.102073
0.78125 0.6875 0.0791917
0.78125 0.65625 0.0570563
0.78125 0.625 0.0356556
0.8125 0.625 0.0610546
0.8125 0.65625 0.0809878
0.78125 0.65625 0.0570563
0.8125 0.75 0.146374
0.8125 0.6875 0.102073
0.875 0.6875 0.151141
0.875 0.75 0.192574
0.8125 0.75 0.146374
0.8125 0.6875 0.102073
0.8125 0.65625 0.0809878
0.84375 0.65625 0.106278
0.84375 0.6875 0.126136
0.8125 0.6875 0.102073
0.8125 0.65625 0.0809878
0.8125 0.625 0.0610546
0.84375 0.625 0.08788
0.84375 0.65625 0.106278
0.8125 0.65625 0.0809878
0.84375 0.6875 0.126136
0.84375 0.65625 0.106278
0.875 0.65625 0.132497
0.875 0.6875 0.151141
0.84375 0.6875 0.126136
0.84375 0.65625 0.106278
0.84375 0.625 0.08788
0.875 0.625 0.115462
0.875 0.65625 0.132497
0.84375 0.65625 0.106278
0.75 0.625 0.0120171
0.75 0.59375 -0.00940768
0.78125 0.59375 0.0155101
0.78125 0.625 0.0356556
0.75 0.625 0.0120171
0.75 0.59375 -0.00940768
0.75 0.5625 -0.0285955
0.78125 0.5625 -0.00214761
0.78125 0.59375 0.0155101
0.75 0.59375 -0.00940768
0.78125 0.625 0.0356556
0.78125 0.59375 0.0155101
0.8125 0.59375 0.0429548
0.8125 0.625 0.0610546
0.78125 0.625 0.0356556
0.78125 0.59375 0.0155101
0.78125 0.5625 -0.00214761
0.8125 0.5625 0.0276437
0.8125 0.59375 0.0429548
0.78125 0.59375 0.0155101
0.75 0.5625 -0.0285955
0.75 0.53125 -0.0429731
0.78125 0.53125 -0.0134828
0.78125 0.5625 -0.00214761
0.75 0.5625 -0.0285955
0.75 0.53125 -0.0429731
0.75 0.5 -0.0432118
0.78125 0.5 -0.0143178
0.78125 0.53125 -0.0134828
0.75 0.53125 -0.0429731
0.78125 0.5625 -0.00214761
0.78125 0.53125 -0.0134828
0.8125 0.53125 0.0172547
0.8125 0.5625 0.0276437
0.78125 0.5625 -0.00214761
0.78125 0.53125 -0.0134828
0.78125 0.5 -0.0143178
0.8125 0.5 0.01583
0.8125 0.53125 0.0172547
0.78125 0.53125 -0.0134828
0.8125 0.625 0.0610546
0.8125 0.59375 0.0429548
0.84375 0.59375 0.0715023
0.84375 0.625 0.08788
0.8125 0.625 0.0610546
0.8125 0.59375 0.0429548
0.8125 0.5625 0.0276437
0.84375 0.5625 0.0579501
0.84375 0.59375 0.0715023
0.8125 0.59375 0.0429548
0.84375 0.625 0.08788
0.84375 0.59375 0.0715023
0.875 0.59375 0.100546
0.875 0.625 0.115462
0.84375 0.625 0.08788
0.84375 0.59375 0.0715023
0.84375 0.5625 0.0579501
0.875 0.5625 0.0883669
0.875 0.59375 0.100546
0.84375 0.59375 0.0715023
0.8125 0.5625 0.0276437
0.8125 0.53125 0.0172547
0.84375 0.53125 0.0484975
0.84375 0.5625 0.0579501
0.8125 0.5625 0.0276437
0.8125 0.53125 0.0172547
0.8125 0.5 0.01583
0.84375 0.5 0.0469856
0.84375 0.53125 0.0484975
0.8125 0.53125 0.0172547
0.84375 0.5625 0.0579501
0.84375 0.53125 0.0484975
0.875 0.53125 0.0797323
0.875 0.5625 0.0883669
0.84375 0.5625 0.0579501
0.84375 0.53125 0.0484975
0.84375 0.5 0.0469856
0.875 0.5 0.0781605
0.875 0.53125 0.0797323
0.84375 0.53125 0.0484975
0.875 0.75 0.192574
0.875 0.6875 0.151141
0.9375 0.6875 0.205195
0.9375 0.75 0.242314
0.875 0.75 0.192574
0.875 0.6875 0.151141
0.875 0.625 0.115462
0.9375 0.625 0.173652
0.9375 0.6875 0.205195
0.875 0.6875 0.151141
0.9375 0.75 0.242314
0.9375 0.6875 0.205195
1 0.6875 0.262023
1 0.75 0.296137
0.9375 0.75 0.242314
0.9375 0.6875 0.205195
0.9375 0.625 0.173652
1 0.625 0.233413
1 0.6875 0.262023
0.9375 0.6875 0.205195
0.875 0.625 0.115462
0.875 0.59375 0.100546
0.90625 0.59375 0.130772
0.90625 0.625 0.14451
0.875 0.625 0.115462
0.875 0.59375 0.100546
0.875 0.5625 0.0883669
0.90625 0.5625 0.118877
0.90625 0.59375 0.130772
0.875 0.59375 0.100546
0.90625 0.625 0.14451
0.90625 0.59375 0.130772
0.9375 0.59375 0.160644
0.9375 0.625 0.173652
0.90625 0.625 0.14451
0.90625 0.59375 0.130772
0.90625 0.5625 0.118877
0.9375 0.5625 0.149479
0.9375 0.59375 0.160644
0.90625 0.59375 0.130772
0.875 0.5625 0.0883669
0.875 0.53125 0.0797323
0.90625 0.53125 0.110947
0.90625 0.5625 0.118877
0.875 0.5625 0.0883669
0.875 0.53125 0.0797323
0.875 0.5 0.0781605
0.90625 0.5 0.109332
0.90625 0.53125 0.110947
0.875 0.53125 0.0797323
0.90625 0.5625 0.118877
0.90625 0.53125 0.110947
0.9375 0.53125 0.142153
0.9375 0.5625 0.149479
0.90625 0.5625 0.118877
0.90625 0.53125 0.110947
0.90625 0.5 0.109332
0.9375 0.5 0.140493
0.9375 0.53125 0.142153
0.90625 0.53125 0.110947
0.9375 0.625 0.173652
0.9375 0.5625 0.149479
1 0.5625 0.211844
1 0.625 0.233413
0.9375 0.625 0.173652
0.9375 0.5625 0.149479
0.9375 0.5 0.140493
1 0.5 0.20292
1 0.5625 0.211844
0.9375 0.5625 0.149479
0.5 0.5 -0.243515
0.5 0.4375 -0.200463
0.5625 0.4375 -0.161068
0.5625 0.5 -0.199743
0.5 0.5 -0.243515
0.5 0.4375 -0.200463
0.5 0.375 -0.152481
0.5625 0.375 -0.119249
0.5625 0.4375 -0.161068
0.5 0.4375 -0.200463
0.5625 0.5 -0.199743
0.5625 0.4375 -0.161068
0.625 0.4375 -0.114135
0.625 0.5 -0.150632
0.5625 0.5 -0.199743
0.5625 0.4375 -0.161068
0.5625 0.40625 -0.140335
0.59375 0.40625 -0.117272
0.59375 0.4375 -0.137716
0.5625 0.4375 -0.161068
0.5625 0.40625 -0.140335
0.5625 0.375 -0.119249
0.59375 0.375 -0.0964725
0.59375 0.40625 -0.117272
0.5625 0.40625 -0.140335
0.59375 0.4375 -0.137716
0.59375 0.40625 -0.117272
0.625 0.40625 -0.0939637
0.625 0.4375 -0.114135
0.59375 0.4375 -0.137716
0.59375 0.40625 -0.117272
0.59375 0.375 -0.0964725
0.625 0.375 -0.0733378
0.625 0.40625 -0.0939637
0.59375 0.40625 -0.117272
0.5 0.375 -0.152481
0.5 0.34375 -0.127197
0.53125 0.34375 -0.118834
0.53125 0.375 -0.141375
0.5 0.375 -0.152481
0.5 0.34375 -0.127197
0.5 0.3125 -0.10118
0.53125 0.3125 -0.0956243
0.53125 0.34375 -0.118834
0.5 0.34375 -0.127197
0.53125 0.375 -0.141375
0.53125 0.34375 -0.118834
0.5625 0.34375 -0.0978751
0.5625 0.375 -0.119249
0.53125 0.375 -0.141375
0.53125 0.34375 -0.118834
0.53125 0.3125 -0.0956243
0.5625 0.3125 -0.0759936
0.5625 0.34375 -0.0978751
0.53125 0.34375 -0.118834
0.5 0.3125 -0.10118
0.5 0.28125 -0.0741751
0.53125 0.28125 -0.0709877
0.53125 0.3125 -0.0956243
0.5 0.3125 -0.10118
0.5 0.28125 -0.0741751
0.5 0.25 -0.0461858
0.53125 0.25 -0.0448594
0.53125 0.28125 -0.0709877
0.5 0.28125 -0.0741751
0.53125 0.3125 -0.0956243
0.53125 0.28125 -0.0709877
0.5625 0.28125 -0.0535002
0.5625 0.3125 -0.0759936
0.53125 0.3125 -0.0956243
0.53125 0.28125 -0.0709877
0.53125 0.25 -0.0448594
0.5625 0.25 -0.0300499
0.5625 0.28125 -0.0535002
0.53125 0.28125 -0.0709877
0.5625 0.375 -0.119249
0.5625 0.34375 -0.0978751
0.59375 0.34375 -0.075467
0.59375 0.375 -0.0964725
0.5625 0.375 -0.119249
0.5625 0.34375 -0.0978751
0.5625 0.3125 -0.0759936
0.59375 0.3125 -0.0542333
0.59375 0.34375 -0.075467
0.5625 0.34375 -0.0978751
0.59375 0.375 -0.0964725
0.59375 0.34375 -0.075467
0.625 0.34375 -0.0525316
0.625 0.375 -0.0733378
0.59375 0.375 -0.0964725
0.59375 0.34375 -0.075467
0.59375 0.3125 -0.0542333
0.625 0.3125 -0.0315768
0.625 0.34375 -0.0525316
0.59375 0.34375 -0.075467
0.5625 0.3125 -0.0759936
0.5625 0.28125 -0.0535002
0.59375 0.28125 -0.0326658
0.59375 0.3125 -0.0542333
0.5625 0.3125 -0.0759936
0.5625 0.28125 -0.0535002
0.5625 0.25 -0.0300499
0.59375 0.25 -0.0106017
0.59375 0.28125 -0.0326658
0.5625 0.28125 -0.0535002
0.59375 0.3125 -0.0542333
0.59375 0.28125 -0.0326658
0.625 0.28125 -0.0104479
0.625 0.3125 -0.0315768
0.59375 0.3125 -0.0542333
0.59375 0.28125 -0.0326658
0.59375 0.25 -0.0106017
0.625 0.25 0.0111125
0.625 0.28125 -0.0104479
0.59375 0.28125 -0.0326658
0.625 0.5 -0.150632
0.625 0.46875 -0.133389
0.65625 0.46875 -0.109031
0.65625 0.5 -0.124915
0.625 0.5 -0.150632
0.625 0.46875 -0.133389
0.625 0.4375 -0.114135
0.65625 0.4375 -0.0903587
0.65625 0.46875 -0.109031
0.625 0.46875 -0.133389
0.65625 0.5 -0.124915
0.65625 0.46875 -0.109031
0.6875 0.46875 -0.0841718
0.6875 0.5 -0.098515
0.65625 0.5 -0.124915
0.65625 0.46875 -0.109031
0.65625 0.4375 -0.0903587
0.6875 0.4375 -0.0663675
0.6875 0.46875 -0.0841718
0.65625 0.46875 -0.109031
0.625 0.4375 -0.114135
0.625 0.40625 -0.0939637
0.65625 0.40625 -0.0705049
0.65625 0.4375 -0.0903587
0.625 0.4375 -0.114135
0.625 0.40625 -0.0939637
0.625 0.375 -0.0733378
0.65625 0.375 -0.0500388
0.65625 0.40625 -0.0705049
0.625 0.40625 -0.0939637
0.65625 0.4375 -0.0903587
0.65625 0.40625 -0.0705049
0.6875 0.40625 -0.0469233
0.6875 0.4375 -0.0663675
0.65625 0.4375 -0.0903587
0.65625 0.40625 -0.0705049
0.65625 0.375 -0.0500388
0.6875 0.375 -0.0266433
0.6875 0.40625 -0.0469233
0.65625 0.40625 -0.0705049
0.6875 0.5 -0.098515
0.6875 0.46875 -0.0841718
0.71875 0.46875 -0.0588234
0.71875 0.5 -0.071277
0.6875 0.5 -0.098515
0.6875 0.46875 -0.0841718
0.6875 0.4375 -0.0663675
0.71875 0.4375 -0.0420963
0.71875 0.46875 -0.0588234
0.6875 0.46875 -0.0841718
0.71875 0.5 -0.071277
0.71875 0.46875 -0.0588234
0.75 0.46875 -0.0327857
0.75 0.5 -0.0432118
0.71875 0.5 -0.071277
0.71875 0.46875 -0.0588234
0.71875 0.4375 -0.0420963
0.75 0.4375 -0.0174571
0.75 0.46875 -0.0327857
0.71875 0.46875 -0.0588234
0.6875 0.4375 -0.0663675
0.6875 0.40625 -0.0469233
0.71875 0.40625 -0.0232198
0.71875 0.4375 -0.0420963
0.6875 0.4375 -0.0663675
0.6875 0.40625 -0.0469233
0.6875 0.375 -0.0266433
0.71875 0.375 -0.00318312
0.71875 0.40625 -0.0232198
0.6875 0.40625 -0.0469233
0.71875 0.4375 -0.0420963
0.71875 0.40625 -0.0232198
0.75 0.40625 0.000630347
0.75 0.4375 -0.0174571
0.71875 0.4375 -0.0420963
0.71875 0.40625 -0.0232198
0.71875 0.375 -0.00318312
0.75 0.375 0.0205617
0.75 0.40625 0.000630347
0.71875 0.40625 -0.0232198
0.625 0.375 -0.0733378
0.625 0.34375 -0.0525316
0.65625 0.34375 -0.0293535
0.65625 0.375 -0.0500388
0.625 0.375 -0.0733378
0.625 0.34375 -0.0525316
0.625 0.3125 -0.0315768
0.65625 0.3125 -0.00853089
0.65625 0.34375 -0.0293535
0.625 0.34375 -0.0525316
0.65625 0.375 -0.0500388
0.65625 0.34375 -0.0293535
0.6875 0.34375 -0.00605263
0.6875 0.375 -0.0266433
0.65625 0.375 -0.0500388
0.65625 0.34375 -0.0293535
0.65625 0.3125 -0.00853089
0.6875 0.3125 0.0147184
0.6875 0.34375 -0.00605263
0.65625 0.34375 -0.0293535
0.625 0.3125 -0.0315768
0.625 0.28125 -0.0104479
0.65625 0.28125 0.0124505
0.65625 0.3125 -0.00853089
0.625 0.3125 -0.0315768
0.625 0.28125 -0.0104479
0.625 0.25 0.0111125
0.65625 0.25 0.0337135
0.65625 0.28125 0.0124505
0.625 0.28125 -0.0104479
0.65625 0.3125 -0.00853089
0.65625 0.28125 0.0124505
0.6875 0.28125 0.0356021
0.6875 0.3125 0.0147184
0.65625 0.3125 -0.00853089
0.65625 0.28125 0.0124505
0.65625 0.25 0.0337135
0.6875 0.25 0.0566505
0.6875 0.28125 0.0356021
0.65625 0.28125 0.0124505
0.6875 0.375 -0.0266433
0.6875 0.34375 -0.00605263
0.71875 0.34375 0.0173693
0.71875 0.375 -0.00318312
0.6875 0.375 -0.0266433
0.6875 0.34375 -0.00605263
0.6875 0.3125 0.0147184
0.71875 0.3125 0.0380537
0.71875 0.34375 0.0173693
0.6875 0.34375 -0.00605263
0.71875 0.375 -0.00318312
0.71875 0.34375 0.0173693
0.75 0.34375 0.040923
0.75 0.375 0.0205617
0.71875 0.375 -0.00318312
0.71875 0.34375 0.0173693
0.71875 0.3125 0.0380537
0.75 0.3125 0.0614841
0.75 0.34375 0.040923
0.71875 0.34375 0.0173693
0.6875 0.3125 0.0147184
0.6875 0.28125 0.0356021
0.71875 0.28125 0.0588433
0.71875 0.3125 0.0380537
0.6875 0.3125 0.0147184
0.6875 0.28125 0.0356021
0.6875 0.25 0.0566505
0.71875 0.25 0.0797577
0.71875 0.28125 0.0588433
0.6875 0.28125 0.0356021
0.71875 0.3125 0.0380537
0.71875 0.28125 0.0588433
0.75 0.28125 0.082171
0.75 0.3125 0.0614841
0.71875 0.3125 0.0380537
0.71875 0.28125 0.0588433
0.71875 0.25 0.0797577
0.75 0.25 0.102975
0.75 0.28125 0.082171
0.71875 0.28125 0.0588433
0.5 0.25 -0.0461858
0.5 0.21875 -0.017226
0.53125 0.21875 -0.0170293
0.53125 0.25 -0.0448594
0.5 0.25 -0.0461858
0.5 0.21875 -0.017226
0.5 0.1875 0.0131604
0.53125 0.1875 0.0132383
0.53125 0.21875 -0.0170293
0.5 0.21875 -0.017226
0.53125 0.25 -0.0448594
0.53125 0.21875 -0.0170293
0.5625 0.21875 -0.00535884
0.5625 0.25 -0.0300499
0.53125 0.25 -0.0448594
0.53125 0.21875 -0.0170293
0.53125 0.1875 0.0132383
0.5625 0.1875 0.0224272
0.5625 0.21875 -0.00535884
0.53125 0.21875 -0.0170293
0.5 0.1875 0.0131604
0.5 0.15625 0.0441788
0.53125 0.15625 0.0442398
0.53125 0.1875 0.0132383
0.5 0.1875 0.0131604
0.5 0.15625 0.0441788
0.5 0.125 0.0752543
0.53125 0.125 0.0753042
0.53125 0.15625 0.0442398
0.5 0.15625 0.0441788
0.53125 0.1875 0.0132383
0.53125 0.15625 0.0442398
0.5625 0.15625 0.0516444
0.5625 0.1875 0.0224272
0.53125 0.1875 0.0132383
0.53125 0.15625 0.0442398
0.53125 0.125 0.0753042
0.5625 0.125 0.0814533
0.5625 0.15625 0.0516444
0.53125 0.15625 0.0442398
0.5625 0.25 -0.0300499
0.5625 0.21875 -0.00535884
0.59375 0.21875 0.0127754
0.59375 0.25 -0.0106017
0.5625 0.25 -0.0300499
0.5625 0.21875 -0.00535884
0.5625 0.1875 0.0224272
0.59375 0.1875 0.0380924
0.59375 0.21875 0.0127754
0.5625 0.21875 -0.00535884
0.59375 0.25 -0.0106017
0.59375 0.21875 0.0127754
0.625 0.21875 0.0335219
0.625 0.25 0.0111125
0.59375 0.25 -0.0106017
0.59375 0.21875 0.0127754
0.59375 0.1875 0.0380924
0.625 0.1875 0.0570524
0.625 0.21875 0.0335219
0.59375 0.21875 0.0127754
0.5625 0.1875 0.0224272
0.5625 0.15625 0.0516444
0.59375 0.15625 0.0648202
0.59375 0.1875 0.0380924
0.5625 0.1875 0.0224272
0.5625 0.15625 0.0516444
0.5625 0.125 0.0814533
0.59375 0.125 0.092776
0.59375 0.15625 0.0648202
0.5625 0.15625 0.0516444
0.59375 0.1875 0.0380924
0.59375 0.15625 0.0648202
0.625 0.15625 0.0818233
0.625 0.1875 0.0570524
0.59375 0.1875 0.0380924
0.59375 0.15625 0.0648202
0.59375 0.125 0.092776
0.625 0.125 0.107799
0.625 0.15625 0.0818233
0.59375 0.15625 0.0648202
0.5 0.125 0.0752543
0.5 0.09375 0.10635
0.53125 0.09375 0.106388
0.53125 0.125 0.0753042
0.5 0.125 0.0752543
0.5 0.09375 0.10635
0.5 0.0625 0.137461
0.53125 0.0625 0.137501
0.53125 0.09375 0.106388
0.5 0.09375 0.10635
0.53125 0.125 0.0753042
0.53125 0.09375 0.106388
0.5625 0.09375 0.111643
0.5625 0.125 0.0814533
0.53125 0.125 0.0753042
0.53125 0.09375 0.106388
0.53125 0.0625 0.137501
0.5625 0.0625 0.142031
0.5625 0.09375 0.111643
0.53125 0.09375 0.106388
0.5 0.0625 0.137461
0.5 0 0.199832
0.5625 0 0.203564
0.5625 0.0625 0.142031
0.5 0.0625 0.137461
0.5625 0.125 0.0814533
0.5625 0.09375 0.111643
0.59375 0.09375 0.121487
0.59375 0.125 0.092776
0.5625 0.125 0.0814533
0.5625 0.09375 0.111643
0.5625 0.0625 0.142031
0.59375 0.0625 0.15066
0.59375 0.09375 0.121487
0.5625 0.09375 0.111643
0.59375 0.125 0.092776
0.59375 0.09375 0.121487
0.625 0.09375 0.134924
0.625 0.125 0.107799
0.59375 0.125 0.092776
0.59375 0.09375 0.121487
0.59375 0.0625 0.15066
0.625 0.0625 0.162727
0.625 0.09375 0.134924
0.59375 0.09375 0.121487
0.5625 0.0625 0.142031
0.5625 0 0.203564
0.625 0 0.220944
0.625 0.0625 0.162727
0.5625 0.0625 0.142031
0.625 0.25 0.0111125
0.625 0.21875 0.0335219
0.65625 0.21875 0.0554431
0.65625 0.25 0.0337135
0.625 0.25 0.0111125
0.625 0.21875 0.0335219
0.625 0.1875 0.0570524
0.65625 0.1875 0.0778905
0.65625 0.21875 0.0554431
0.625 0.21875 0.0335219
0.65625 0.25 0.0337135
0.65625 0.21875 0.0554431
0.6875 0.21875 0.0779794
0.6875 0.25 0.0566505
0.65625 0.25 0.0337135
0.65625 0.21875 0.0554431
0.65625 0.1875 0.0778905
0.6875 0.1875 0.0997639
0.6875 0.21875 0.0779794
0.65625 0.21875 0.0554431
0.625 0.1875 0.0570524
0.625 0.15625 0.0818233
0.65625 0.15625 0.101254
0.65625 0.1875 0.0778905
0.625 0.1875 0.0570524
0.625 0.15625 0.0818233
0.625 0.125 0.107799
0.65625 0.125 0.12564
0.65625 0.15625 0.101254
0.625 0.15625 0.0818233
0.65625 0.1875 0.0778905
0.65625 0.15625 0.101254
0.6875 0.15625 0.122224
0.6875 0.1875 0.0997639
0.65625 0.1875 0.0778905
0.65625 0.15625 0.101254
0.65625 0.125 0.12564
0.6875 0.125 0.145465
0.6875 0.15625 0.122224
0.65625 0.15625 0.101254
0.6875 0.25 0.0566505
0.6875 0.21875 0.0779794
0.71875 0.21875 0.100851
0.71875 0.25 0.0797577
0.6875 0.25 0.0566505
0.6875 0.21875 0.0779794
0.6875 0.1875 0.0997639
0.71875 0.1875 0.122228
0.71875 0.21875 0.100851
0.6875 0.21875 0.0779794
0.71875 0.25 0.0797577
0.71875 0.21875 0.100851
0.75 0.21875 0.123922
0.75 0.25 0.102975
0.71875 0.25 0.0797577
0.71875 0.21875 0.100851
0.71875 0.1875 0.122228
0.75 0.1875 0.14506
0.75 0.21875 0.123922
0.71875 0.21875 0.100851
0.6875 0.1875 0.0997639
0.6875 0.125 0.145465
0.75 0.125 0.188537
0.75 0.1875 0.14506
0.6875 0.1875 0.0997639
0.625 0.125 0.107799
0.625 0.0625 0.162727
0.6875 0.0625 0.194737
0.6875 0.125 0.145465
0.625 0.125 0.107799
0.625 0.0625 0.162727
0.625 0 0.220944
0.6875 0 0.248593
0.6875 0.0625 0.194737
0.625 0.0625 0.162727
0.6875 0.125 0.145465
0.6875 0.0625 0.194737
0.75 0.0625 0.234418
0.75 0.125 0.188537
0.6875 0.125 0.145465
0.6875 0.0625 0.194737
0.6875 0 0.248593
0.75 0 0.284183
0.75 0.0625 0.234418
0.6875 0.0625 0.194737
0.75 0.5 -0.0432118
0.75 0.46875 -0.0327857
0.78125 0.46875 -0.00600062
0.78125 0.5 -0.0143178
0.75 0.5 -0.0432118
0.75 0.46875 -0.0327857
0.75 0.4375 -0.0174571
0.78125 0.4375 0.00817313
0.78125 0.46875 -0.00600062
0.75 0.46875 -0.0327857
0.78125 0.5 -0.0143178
0.78125 0.46875 -0.00600062
0.8125 0.46875 0.0230955
0.8125 0.5 0.01583
0.78125 0.5 -0.0143178
0.78125 0.46875 -0.00600062
0.78125 0.4375 0.00817313
0.8125 0.4375 0.0355833
0.8125 0.46875 0.0230955
0.78125 0.46875 -0.00600062
0.75 0.4375 -0.0174571
0.75 0.40625 0.000630347
0.78125 0.40625 0.0255226
0.78125 0.4375 0.00817313
0.75 0.4375 -0.0174571
0.75 0.40625 0.000630347
0.75 0.375 0.0205617
0.78125 0.375 0.0447122
0.78125 0.40625 0.0255226
0.75 0.40625 0.000630347
0.78125 0.4375 0.00817313
0.78125 0.40625 0.0255226
0.8125 0.40625 0.051353
0.8125 0.4375 0.0355833
0.78125 0.4375 0.00817313
0.78125 0.40625 0.0255226
0.78125 0.375 0.0447122
0.8125 0.375 0.0694396
0.8125 0.40625 0.051353
0.78125 0.40625 0.0255226
0.8125 0.5 0.01583
0.8125 0.46875 0.0230955
0.84375 0.46875 0.0530009
0.84375 0.5 0.0469856
0.8125 0.5 0.01583
0.8125 0.46875 0.0230955
0.8125 0.4375 0.0355833
0.84375 0.4375 0.0639346
0.84375 0.46875 0.0530009
0.8125 0.46875 0.0230955
0.84375 0.5 0.0469856
0.84375 0.46875 0.0530009
0.875 0.46875 0.0832721
0.875 0.5 0.0781605
0.84375 0.5 0.0469856
0.84375 0.46875 0.0530009
0.84375 0.4375 0.0639346
0.875 0.4375 0.0928202
0.875 0.46875 0.0832721
0.84375 0.46875 0.0530009
0.8125 0.4375 0.0355833
0.8125 0.40625 0.051353
0.84375 0.40625 0.0780536
0.84375 0.4375 0.0639346
0.8125 0.4375 0.0355833
0.8125 0.40625 0.051353
0.8125 0.375 0.0694396
0.84375 0.375 0.094856
0.84375 0.40625 0.0780536
0.8125 0.40625 0.051353
0.84375 0.4375 0.0639346
0.84375 0.40625 0.0780536
0.875 0.40625 0.105585
0.875 0.4375 0.0928202
0.84375 0.4375 0.0639346
0.84375 0.40625 0.0780536
0.84375 0.375 0.094856
0.875 0.375 0.121032
0.875 0.40625 0.105585
0.84375 0.40625 0.0780536
0.75 0.375 0.0205617
0.75 0.34375 0.040923
0.78125 0.34375 0.0646887
0.78125 0.375 0.0447122
0.75 0.375 0.0205617
0.75 0.34375 0.040923
0.75 0.3125 0.0614841
0.78125 0.3125 0.0850437
0.78125 0.34375 0.0646887
0.75 0.34375 0.040923
0.78125 0.375 0.0447122
0.78125 0.34375 0.0646887
0.8125 0.34375 0.0887895
0.8125 0.375 0.0694396
0.78125 0.375 0.0447122
0.78125 0.34375 0.0646887
0.78125 0.3125 0.0850437
0.8125 0.3125 0.108799
0.8125 0.34375 0.0887895
0.78125 0.34375 0.0646887
0.75 0.3125 0.0614841
0.75 0.28125 0.082171
0.78125 0.28125 0.1056
0.78125 0.3125 0.0850437
0.75 0.3125 0.0614841
0.75 0.28125 0.082171
0.75 0.25 0.102975
0.78125 0.25 0.126289
0.78125 0.28125 0.1056
0.75 0.28125 0.082171
0.78125 0.3125 0.0850437
0.78125 0.28125 0.1056
0.8125 0.28125 0.129158
0.8125 0.3125 0.108799
0.78125 0.3125 0.0850437
0.78125 0.28125 0.1056
0.78125 0.25 0.126289
0.8125 0.25 0.149712
0.8125 0.28125 0.129158
0.78125 0.28125 0.1056
0.8125 0.375 0.0694396
0.8125 0.34375 0.0887895
0.84375 0.34375 0.113349
0.84375 0.375 0.094856
0.8125 0.375 0.0694396
0.8125 0.34375 0.0887895
0.8125 0.3125 0.108799
0.84375 0.3125 0.132865
0.84375 0.34375 0.113349
0.8125 0.34375 0.0887895
0.84375 0.375 0.094856
0.84375 0.34375 0.113349
0.875 0.34375 0.138477
0.875 0.375 0.121032
0.84375 0.375 0.094856
0.84375 0.34375 0.113349
0.84375 0.3125 0.132865
0.875 0.3125 0.157319
0.875 0.34375 0.138477
0.84375 0.34375 0.113349
0.8125 0.3125 0.108799
0.8125 0.25 0.149712
0.875 0.25 0.197102
0.875 0.3125 0.157319
0.8125 0.3125 0.108799
0.875 0.5 0.0781605
0.875 0.46875 0.0832721
0.90625 0.46875 0.11372
0.90625 0.5 0.109332
0.875 0.5 0.0781605
0.875 0.46875 0.0832721
0.875 0.4375 0.0928202
0.90625 0.4375 0.122199
0.90625 0.46875 0.11372
0.875 0.46875 0.0832721
0.90625 0.5 0.109332
0.90625 0.46875 0.11372
0.9375 0.46875 0.144343
0.9375 0.5 0.140493
0.90625 0.5 0.109332
0.90625 0.46875 0.11372
0.90625 0.4375 0.122199
0.9375 0.4375 0.151898
0.9375 0.46875 0.144343
0.90625 0.46875 0.11372
0.875 0.4375 0.0928202
0.875 0.375 0.121032
0.9375 0.375 0.175462
0.9375 0.4375 0.151898
0.875 0.4375 0.0928202
0.9375 0.5 0.140493
0.9375 0.4375 0.151898
1 0.4375 0.212515
1 0.5 0.20292
0.9375 0.5 0.140493
0.9375 0.4375 0.151898
0.9375 0.375 0.175462
1 0.375 0.232887
1 0.4375 0.212515
0.9375 0.4375 0.151898
0.875 0.375 0.121032
0.875 0.3125 0.157319
0.9375 0.3125 0.207889
0.9375 0.375 0.175462
0.875 0.375 0.121032
0.875 0.3125 0.157319
0.875 0.25 0.197102
0.9375 0.25 0.245694
0.9375 0.3125 0.207889
0.875 0.3125 0.157319
0.9375 0.375 0.175462
0.9375 0.3125 0.207889
1 0.3125 0.261629
1 0.375 0.232887
0.9375 0.375 0.175462
0.9375 0.3125 0.207889
0.9375 0.25 0.245694
1 0.25 0.296598
1 0.3125 0.261629
0.9375 0.3125 0.207889
0.75 0.25 0.102975
0.75 0.1875 0.14506
0.8125 0.1875 0.191245
0.8125 0.25 0.149712
0.75 0.25 0.102975
0.75 0.1875 0.14506
0.75 0.125 0.188537
0.8125 0.125 0.233644
0.8125 0.1875 0.191245
0.75 0.1875 0.14506
0.8125 0.25 0.149712
0.8125 0.1875 0.191245
0.875 0.1875 0.237957
0.875 0.25 0.197102
0.8125 0.25 0.149712
0.8125 0.1875 0.191245
0.8125 0.125 0.233644
0.875 0.125 0.279556
0.875 0.1875 0.237957
0.8125 0.1875 0.191245
0.75 0.125 0.188537
0.75 0 0.284183
0.875 0 0.368525
0.875 0.125 0.279556
0.75 0.125 0.188537
0.875 0.25 0.197102
0.875 0.125 0.279556
1 0.125 0.374292
1 0.25 0.296598
0.875 0.25 0.197102
0.875 0.125 0.279556
0.875 0 0.368525
1 0 0.459756
1 0.125 0.374292
0.875 0.125 0.279556
