0 1 0.409017
0 0.875 0.365388
0.125 0.875 0.245285
0.125 1 0.300694
0 1 0.409017
0 0.875 0.365388
0 0.75 0.35
0.125 0.75 0.225
0.125 0.875 0.245285
0 0.875 0.365388
0.125 1 0.300694
0.125 0.9375 0.269263
0.1875 0.9375 0.214434
0.1875 1 0.250195
0.125 1 0.300694
0.125 0.9375 0.269263
0.125 0.875 0.245285
0.1875 0.875 0.186573
0.1875 0.9375 0.214434
0.125 0.9375 0.269263
0.1875 1 0.250195
0.1875 0.9375 0.214434
0.25 0.9375 0.1625
0.25 1 0.203553
0.1875 1 0.250195
0.1875 0.9375 0.214434
0.1875 0.875 0.186573
0.25 0.875 0.129508
0.25 0.9375 0.1625
0.1875 0.9375 0.214434
0.125 0.875 0.245285
0.125 0.8125 0.230173
0.1875 0.8125 0.168689
0.1875 0.875 0.186573
0.125 0.875 0.245285
0.125 0.8125 0.230173
0.125 0.75 0.225
0.1875 0.75 0.1625
0.1875 0.8125 0.168689
0.125 0.8125 0.230173
0.1875 0.875 0.186573
0.1875 0.8125 0.168689
0.25 0.8125 0.107694
0.25 0.875 0.129508
0.1875 0.875 0.186573
0.1875 0.8125 0.168689
0.1875 0.75 0.1625
0.25 0.75 0.1
0.25 0.8125 0.107694
0.1875 0.8125 0.168689
0 0.75 0.35
0 0.625 0.365388
0.125 0.625 0.245285
0.125 0.75 0.225
0 0.75 0.35
0 0.625 0.365388
0 0.5 0.409017
0.125 0.5 0.300694
0.125 0.625 0.245285
0 0.625 0.365388
0.125 0.75 0.225
0.125 0.6875 0.230173
0.1875 0.6875 0.168689
0.1875 0.75 0.1625
0.125 0.75 0.225
0.125 0.6875 0.230173
0.125 0.625 0.245285
0.1875 0.625 0.186573
0.1875 0.6875 0.168689
0.125 0.6875 0.230173
0.1875 0.75 0.1625
0.1875 0.6875 0.168689
0.25 0.6875 0.107694
0.25 0.75 0.1
0.1875 0.75 0.1625
0.1875 0.6875 0.168689
0.1875 0.625 0.186573
0.25 0.625 0.129508
0.25 0.6875 0.107694
0.1875 0.6875 0.168689
0.125 0.625 0.245285
0.125 0.5625 0.269263
0.1875 0.5625 0.214434
0.1875 0.625 0.186573
0.125 0.625 0.245285
0.125 0.5625 0.269263
0.125 0.5 0.300694
0.1875 0.5 0.250195
0.1875 0.5625 0.214434
0.125 0.5625 0.269263
0.1875 0.625 0.186573
0.1875 0.5625 0.214434
0.25 0.5625 0.1625
0.25 0.625 0.129508
0.1875 0.625 0.186573
0.1875 0.5625 0.214434
0.1875 0.5 0.250195
0.25 0.5 0.203553
0.25 0.5625 0.1625
0.1875 0.5625 0.214434
0.25 1 0.203553
0.25 0.9375 0.1625
0.3125 0.9375 0.115165
0.3125 1 0.1625
0.25 1 0.203553
0.25 0.9375 0.1625
0.25 0.90625 0.144812
0.28125 0.90625 0.118823
0.28125 0.9375 0.138111
0.25 0.9375 0.1625
0.25 0.90625 0.144812
0.25 0.875 0.129508
0.28125 0.875 0.101946
0.28125 0.90625 0.118823
0.25 0.90625 0.144812
0.28125 0.9375 0.138111
0.28125 0.90625 0.118823
0.3125 0.90625 0.0940703
0.3125 0.9375 0.115165
0.28125 0.9375 0.138111
0.28125 0.90625 0.118823
0.28125 0.875 0.101946
0.3125 0.875 0.075347
0.3125 0.90625 0.0940703
0.28125 0.90625 0.118823
0.3125 1 0.1625
0.3125 0.96875 0.138111
0.34375 0.96875 0.118823
0.34375 1 0.144812
0.3125 1 0.1625
0.3125 0.96875 0.138111
0.3125 0.9375 0.115165
0.34375 0.9375 0.0940703
0.34375 0.96875 0.118823
0.3125 0.96875 0.138111
0.34375 1 0.144812
0.34375 0.96875 0.118823
0.375 0.96875 0.101946
0.375 1 0.129508
0.34375 1 0.144812
0.34375 0.96875 0.118823
0.34375 0.9375 0.0940703
0.375 0.9375 0.075347
0.375 0.96875 0.101946
0.34375 0.96875 0.118823
0.3125 0.9375 0.115165
0.3125 0.90625 0.0940703
0.34375 0.90625 0.0709709
0.34375 0.9375 0.0940703
0.3125 0.9375 0.115165
0.3125 0.90625 0.0940703
0.3125 0.875 0.075347
0.34375 0.875 0.0500976
0.34375 0.90625 0.0709709
0.3125 0.90625 0.0940703
0.34375 0.9375 0.0940703
0.34375 0.90625 0.0709709
0.375 0.90625 0.0500976
0.375 0.9375 0.075347
0.34375 0.9375 0.0940703
0.34375 0.90625 0.0709709
0.34375 0.890625 0.0602129
0.359375 0.890625 0.0488738
0.359375 0.90625 0.0602129
0.34375 0.90625 0.0709709
0.34375 0.890625 0.0602129
0.34375 0.875 0.0500976
0.359375 0.875 0.0381499
0.359375 0.890625 0.0488738
0.34375 0.890625 0.0602129
0.359375 0.90625 0.0602129
0.359375 0.890625 0.0488738
0.375 0.890625 0.0381499
0.375 0.90625 0.0500976
0.359375 0.90625 0.0602129
0.359375 0.890625 0.0488738
0.359375 0.875 0.0381499
0.375 0.875 0.0267767
0.375 0.890625 0.0381499
0.359375 0.890625 0.0488738
0.25 0.875 0.129508
0.25 0.84375 0.117
0.28125 0.84375 0.0879929
0.28125 0.875 0.101946
0.25 0.875 0.129508
0.25 0.84375 0.117
0.25 0.8125 0.107694
0.28125 0.8125 0.0775034
0.28125 0.84375 0.0879929
0.25 0.84375 0.117
0.28125 0.875 0.101946
0.28125 0.84375 0.0879929
0.3125 0.84375 0.0596314
0.3125 0.875 0.075347
0.28125 0.875 0.101946
0.28125 0.84375 0.0879929
0.28125 0.8125 0.0775034
0.3125 0.8125 0.0476424
0.3125 0.84375 0.0596314
0.28125 0.84375 0.0879929
0.25 0.8125 0.107694
0.25 0.78125 0.101946
0.28125 0.78125 0.0709709
0.28125 0.8125 0.0775034
0.25 0.8125 0.107694
0.25 0.78125 0.101946
0.25 0.75 0.1
0.28125 0.75 0.06875
0.28125 0.78125 0.0709709
0.25 0.78125 0.101946
0.28125 0.8125 0.0775034
0.28125 0.796875 0.073716
0.296875 0.796875 0.0584635
0.296875 0.8125 0.062523
0.28125 0.8125 0.0775034
0.28125 0.796875 0.073716
0.28125 0.78125 0.0709709
0.296875 0.78125 0.0555148
0.296875 0.796875 0.0584635
0.28125 0.796875 0.073716
0.296875 0.8125 0.062523
0.296875 0.796875 0.0584635
0.3125 0.796875 0.0432706
0.3125 0.8125 0.0476424
0.296875 0.8125 0.062523
0.296875 0.796875 0.0584635
0.296875 0.78125 0.0555148
0.3125 0.78125 0.0400863
0.3125 0.796875 0.0432706
0.296875 0.796875 0.0584635
0.28125 0.78125 0.0709709
0.28125 0.765625 0.0693073
0.296875 0.765625 0.0537251
0.296875 0.78125 0.0555148
0.28125 0.78125 0.0709709
0.28125 0.765625 0.0693073
0.28125 0.75 0.06875
0.296875 0.75 0.053125
0.296875 0.765625 0.0537251
0.28125 0.765625 0.0693073
0.296875 0.78125 0.0555148
0.296875 0.765625 0.0537251
0.3125 0.765625 0.0381499
0.3125 0.78125 0.0400863
0.296875 0.78125 0.0555148
0.296875 0.765625 0.0537251
0.296875 0.75 0.053125
0.3125 0.75 0.0375
0.3125 0.765625 0.0381499
0.296875 0.765625 0.0537251
0.3125 0.875 0.075347
0.3125 0.859375 0.0670694
0.328125 0.859375 0.0537251
0.328125 0.875 0.062523
0.3125 0.875 0.075347
0.3125 0.859375 0.0670694
0.3125 0.84375 0.0596314
0.328125 0.84375 0.0457807
0.328125 0.859375 0.0537251
0.3125 0.859375 0.0670694
0.328125 0.875 0.062523
0.328125 0.859375 0.0537251
0.34375 0.859375 0.0407274
0.34375 0.875 0.0500976
0.328125 0.875 0.062523
0.328125 0.859375 0.0537251
0.328125 0.84375 0.0457807
0.34375 0.84375 0.0322172
0.34375 0.859375 0.0407274
0.328125 0.859375 0.0537251
0.3125 0.84375 0.0596314
0.3125 0.828125 0.053125
0.328125 0.828125 0.0387976
0.328125 0.84375 0.0457807
0.3125 0.84375 0.0596314
0.3125 0.828125 0.053125
0.3125 0.8125 0.0476424
0.328125 0.8125 0.0328859
0.328125 0.828125 0.0387976
0.3125 0.828125 0.053125
0.328125 0.84375 0.0457807
0.328125 0.828125 0.0387976
0.34375 0.828125 0.0246928
0.34375 0.84375 0.0322172
0.328125 0.84375 0.0457807
0.328125 0.828125 0.0387976
0.328125 0.8125 0.0328859
0.34375 0.8125 0.0182864
0.34375 0.828125 0.0246928
0.328125 0.828125 0.0387976
0.34375 0.875 0.0500976
0.34375 0.859375 0.0407274
0.359375 0.859375 0.0281524
0.359375 0.875 0.0381499
0.34375 0.875 0.0500976
0.34375 0.859375 0.0407274
0.34375 0.84375 0.0322172
0.359375 0.84375 0.0190102
0.359375 0.859375 0.0281524
0.34375 0.859375 0.0407274
0.359375 0.875 0.0381499
0.359375 0.859375 0.0281524
0.375 0.859375 0.016096
0.375 0.875 0.0267767
0.359375 0.875 0.0381499
0.359375 0.859375 0.0281524
0.359375 0.84375 0.0190102
0.375 0.84375 0.00625
0.375 0.859375 0.016096
0.359375 0.859375 0.0281524
0.34375 0.84375 0.0322172
0.34375 0.828125 0.0246928
0.359375 0.828125 0.0108692
0.359375 0.84375 0.0190102
0.34375 0.84375 0.0322172
0.34375 0.828125 0.0246928
0.34375 0.8125 0.0182864
0.359375 0.8125 0.0038884
0.359375 0.828125 0.0108692
0.34375 0.828125 0.0246928
0.359375 0.84375 0.0190102
0.359375 0.828125 0.0108692
0.375 0.828125 -0.00259404
0.375 0.84375 0.00625
0.359375 0.84375 0.0190102
0.359375 0.828125 0.0108692
0.359375 0.8125 0.0038884
0.375 0.8125 -0.0102458
0.375 0.828125 -0.00259404
0.359375 0.828125 0.0108692
0.3125 0.8125 0.0476424
0.3125 0.796875 0.0432706
0.328125 0.796875 0.0281524
0.328125 0.8125 0.0328859
0.3125 0.8125 0.0476424
0.3125 0.796875 0.0432706
0.3125 0.78125 0.0400863
0.328125 0.78125 0.0246928
0.328125 0.796875 0.0281524
0.3125 0.796875 0.0432706
0.328125 0.8125 0.0328859
0.328125 0.796875 0.0281524
0.34375 0.796875 0.0131298
0.34375 0.8125 0.0182864
0.328125 0.8125 0.0328859
0.328125 0.796875 0.0281524
0.328125 0.78125 0.0246928
0.34375 0.78125 0.00934436
0.34375 0.796875 0.0131298
0.328125 0.796875 0.0281524
0.3125 0.78125 0.0400863
0.3125 0.765625 0.0381499
0.328125 0.765625 0.0225838
0.328125 0.78125 0.0246928
0.3125 0.78125 0.0400863
0.3125 0.765625 0.0381499
0.3125 0.75 0.0375
0.328125 0.75 0.021875
0.328125 0.765625 0.0225838
0.3125 0.765625 0.0381499
0.328125 0.78125 0.0246928
0.328125 0.765625 0.0225838
0.34375 0.765625 0.00702931
0.34375 0.78125 0.00934436
0.328125 0.78125 0.0246928
0.328125 0.765625 0.0225838
0.328125 0.75 0.021875
0.34375 0.75 0.00625
0.34375 0.765625 0.00702931
0.328125 0.765625 0.0225838
0.34375 0.8125 0.0182864
0.34375 0.796875 0.0131298
0.359375 0.796875 -0.00176823
0.359375 0.8125 0.0038884
0.34375 0.8125 0.0182864
0.34375 0.796875 0.0131298
0.34375 0.78125 0.00934436
0.359375 0.78125 -0.00594462
0.359375 0.796875 -0.00176823
0.34375 0.796875 0.0131298
0.359375 0.8125 0.0038884
0.359375 0.796875 -0.00176823
0.375 0.796875 -0.0164999
0.375 0.8125 -0.0102458
0.359375 0.8125 0.0038884
0.359375 0.796875 -0.00176823
0.359375 0.78125 -0.00594462
0.375 0.78125 -0.0211529
0.375 0.796875 -0.0164999
0.359375 0.796875 -0.00176823
0.34375 0.78125 0.00934436
0.34375 0.765625 0.00702931
0.359375 0.765625 -0.00850961
0.359375 0.78125 -0.00594462
0.34375 0.78125 0.00934436
0.34375 0.765625 0.00702931
0.34375 0.75 0.00625
0.359375 0.75 -0.009375
0.359375 0.765625 -0.00850961
0.34375 0.765625 0.00702931
0.359375 0.78125 -0.00594462
0.359375 0.765625 -0.00850961
0.375 0.765625 -0.0240272
0.375 0.78125 -0.0211529
0.359375 0.78125 -0.00594462
0.359375 0.765625 -0.00850961
0.359375 0.75 -0.009375
0.375 0.75 -0.025
0.375 0.765625 -0.0240272
0.359375 0.765625 -0.00850961
0.375 1 0.129508
0.375 0.96875 0.101946
0.40625 0.96875 0.0879929
0.40625 1 0.117
0.375 1 0.129508
0.375 0.96875 0.101946
0.375 0.9375 0.075347
0.40625 0.9375 0.0596314
0.40625 0.96875 0.0879929
0.375 0.96875 0.101946
0.40625 1 0.117
0.40625 0.96875 0.0879929
0.4375 0.96875 0.0775034
0.4375 1 0.107694
0.40625 1 0.117
0.40625 0.96875 0.0879929
0.40625 0.9375 0.0596314
0.4375 0.9375 0.0476424
0.4375 0.96875 0.0775034
0.40625 0.96875 0.0879929
0.375 0.9375 0.075347
0.375 0.921875 0.062523
0.390625 0.921875 0.0537251
0.390625 0.9375 0.0670694
0.375 0.9375 0.075347
0.375 0.921875 0.062523
0.375 0.90625 0.0500976
0.390625 0.90625 0.0407274
0.390625 0.921875 0.0537251
0.375 0.921875 0.062523
0.390625 0.9375 0.0670694
0.390625 0.921875 0.0537251
0.40625 0.921875 0.0457807
0.40625 0.9375 0.0596314
0.390625 0.9375 0.0670694
0.390625 0.921875 0.0537251
0.390625 0.90625 0.0407274
0.40625 0.90625 0.0322172
0.40625 0.921875 0.0457807
0.390625 0.921875 0.0537251
0.375 0.90625 0.0500976
0.375 0.890625 0.0381499
0.390625 0.890625 0.0281524
0.390625 0.90625 0.0407274
0.375 0.90625 0.0500976
0.375 0.890625 0.0381499
0.375 0.875 0.0267767
0.390625 0.875 0.016096
0.390625 0.890625 0.0281524
0.375 0.890625 0.0381499
0.390625 0.90625 0.0407274
0.390625 0.890625 0.0281524
0.40625 0.890625 0.0190102
0.40625 0.90625 0.0322172
0.390625 0.90625 0.0407274
0.390625 0.890625 0.0281524
0.390625 0.875 0.016096
0.40625 0.875 0.00625
0.40625 0.890625 0.0190102
0.390625 0.890625 0.0281524
0.40625 0.9375 0.0596314
0.40625 0.921875 0.0457807
0.421875 0.921875 0.0387976
0.421875 0.9375 0.053125
0.40625 0.9375 0.0596314
0.40625 0.921875 0.0457807
0.40625 0.90625 0.0322172
0.421875 0.90625 0.0246928
0.421875 0.921875 0.0387976
0.40625 0.921875 0.0457807
0.421875 0.9375 0.053125
0.421875 0.921875 0.0387976
0.4375 0.921875 0.0328859
0.4375 0.9375 0.0476424
0.421875 0.9375 0.053125
0.421875 0.921875 0.0387976
0.421875 0.90625 0.0246928
0.4375 0.90625 0.0182864
0.4375 0.921875 0.0328859
0.421875 0.921875 0.0387976
0.40625 0.90625 0.0322172
0.40625 0.890625 0.0190102
0.421875 0.890625 0.0108692
0.421875 0.90625 0.0246928
0.40625 0.90625 0.0322172
0.40625 0.890625 0.0190102
0.40625 0.875 0.00625
0.421875 0.875 -0.00259404
0.421875 0.890625 0.0108692
0.40625 0.890625 0.0190102
0.421875 0.90625 0.0246928
0.421875 0.890625 0.0108692
0.4375 0.890625 0.0038884
0.4375 0.90625 0.0182864
0.421875 0.90625 0.0246928
0.421875 0.890625 0.0108692
0.421875 0.875 -0.00259404
0.4375 0.875 -0.0102458
0.4375 0.890625 0.0038884
0.421875 0.890625 0.0108692
0.4375 1 0.107694
0.4375 0.96875 0.0775034
0.46875 0.96875 0.0709709
0.46875 1 0.101946
0.4375 1 0.107694
0.4375 0.96875 0.0775034
0.4375 0.953125 0.062523
0.453125 0.953125 0.0584635
0.453125 0.96875 0.073716
0.4375 0.96875 0.0775034
0.4375 0.953125 0.062523
0.4375 0.9375 0.0476424
0.453125 0.9375 0.0432706
0.453125 0.953125 0.0584635
0.4375 0.953125 0.062523
0.453125 0.96875 0.073716
0.453125 0.953125 0.0584635
0.46875 0.953125 0.0555148
0.46875 0.96875 0.0709709
0.453125 0.96875 0.073716
0.453125 0.953125 0.0584635
0.453125 0.9375 0.0432706
0.46875 0.9375 0.0400863
0.46875 0.953125 0.0555148
0.453125 0.953125 0.0584635
0.46875 1 0.101946
0.46875 0.96875 0.0709709
0.5 0.96875 0.06875
0.5 1 0.1
0.46875 1 0.101946
0.46875 0.96875 0.0709709
0.46875 0.953125 0.0555148
0.484375 0.953125 0.0537251
0.484375 0.96875 0.0693073
0.46875 0.96875 0.0709709
0.46875 0.953125 0.0555148
0.46875 0.9375 0.0400863
0.484375 0.9375 0.0381499
0.484375 0.953125 0.0537251
0.46875 0.953125 0.0555148
0.484375 0.96875 0.0693073
0.484375 0.953125 0.0537251
0.5 0.953125 0.053125
0.5 0.96875 0.06875
0.484375 0.96875 0.0693073
0.484375 0.953125 0.0537251
0.484375 0.9375 0.0381499
0.5 0.9375 0.0375
0.5 0.953125 0.053125
0.484375 0.953125 0.0537251
0.4375 0.9375 0.0476424
0.4375 0.921875 0.0328859
0.453125 0.921875 0.0281524
0.453125 0.9375 0.0432706
0.4375 0.9375 0.0476424
0.4375 0.921875 0.0328859
0.4375 0.90625 0.0182864
0.453125 0.90625 0.0131298
0.453125 0.921875 0.0281524
0.4375 0.921875 0.0328859
0.453125 0.9375 0.0432706
0.453125 0.921875 0.0281524
0.46875 0.921875 0.0246928
0.46875 0.9375 0.0400863
0.453125 0.9375 0.0432706
0.453125 0.921875 0.0281524
0.453125 0.90625 0.0131298
0.46875 0.90625 0.00934436
0.46875 0.921875 0.0246928
0.453125 0.921875 0.0281524
0.4375 0.90625 0.0182864
0.4375 0.890625 0.0038884
0.453125 0.890625 -0.00176823
0.453125 0.90625 0.0131298
0.4375 0.90625 0.0182864
0.4375 0.890625 0.0038884
0.4375 0.875 -0.0102458
0.453125 0.875 -0.0164999
0.453125 0.890625 -0.00176823
0.4375 0.890625 0.0038884
0.453125 0.90625 0.0131298
0.453125 0.890625 -0.00176823
0.46875 0.890625 -0.00594462
0.46875 0.90625 0.00934436
0.453125 0.90625 0.0131298
0.453125 0.890625 -0.00176823
0.453125 0.875 -0.0164999
0.46875 0.875 -0.0211529
0.46875 0.890625 -0.00594462
0.453125 0.890625 -0.00176823
0.46875 0.9375 0.0400863
0.46875 0.921875 0.0246928
0.484375 0.921875 0.0225838
0.484375 0.9375 0.0381499
0.46875 0.9375 0.0400863
0.46875 0.921875 0.0246928
0.46875 0.90625 0.00934436
0.484375 0.90625 0.00702931
0.484375 0.921875 0.0225838
0.46875 0.921875 0.0246928
0.484375 0.9375 0.0381499
0.484375 0.921875 0.0225838
0.5 0.921875 0.021875
0.5 0.9375 0.0375
0.484375 0.9375 0.0381499
0.484375 0.921875 0.0225838
0.484375 0.90625 0.00702931
0.5 0.90625 0.00625
0.5 0.921875 0.021875
0.484375 0.921875 0.0225838
0.46875 0.90625 0.00934436
0.46875 0.890625 -0.00594462
0.484375 0.890625 -0.00850961
0.484375 0.90625 0.00702931
0.46875 0.90625 0.00934436
0.46875 0.890625 -0.00594462
0.46875 0.875 -0.0211529
0.484375 0.875 -0.0240272
0.484375 0.890625 -0.00850961
0.46875 0.890625 -0.00594462
0.484375 0.90625 0.00702931
0.484375 0.890625 -0.00850961
0.5 0.890625 -0.009375
0.5 0.90625 0.00625
0.484375 0.90625 0.00702931
0.484375 0.890625 -0.00850961
0.484375 0.875 -0.0240272
0.5 0.875 -0.025
0.5 0.890625 -0.009375
0.484375 0.890625 -0.00850961
0.375 0.875 0.0267767
0.375 0.859375 0.016096
0.390625 0.859375 0.00467961
0.390625 0.875 0.016096
0.375 0.875 0.0267767
0.375 0.859375 0.016096
0.375 0.84375 0.00625
0.390625 0.84375 -0.00594462
0.390625 0.859375 0.00467961
0.375 0.859375 0.016096
0.390625 0.875 0.016096
0.390625 0.859375 0.00467961
0.40625 0.859375 -0.00594462
0.40625 0.875 0.00625
0.390625 0.875 0.016096
0.390625 0.859375 0.00467961
0.390625 0.84375 -0.00594462
0.40625 0.84375 -0.0174175
0.40625 0.859375 -0.00594462
0.390625 0.859375 0.00467961
0.375 0.84375 0.00625
0.375 0.828125 -0.00259404
0.390625 0.828125 -0.0155887
0.390625 0.84375 -0.00594462
0.375 0.84375 0.00625
0.375 0.828125 -0.00259404
0.375 0.8125 -0.0102458
0.390625 0.8125 -0.0240272
0.390625 0.828125 -0.0155887
0.375 0.828125 -0.00259404
0.390625 0.84375 -0.00594462
0.390625 0.828125 -0.0155887
0.40625 0.828125 -0.0279648
0.40625 0.84375 -0.0174175
0.390625 0.84375 -0.00594462
0.390625 0.828125 -0.0155887
0.390625 0.8125 -0.0240272
0.40625 0.8125 -0.0373265
0.40625 0.828125 -0.0279648
0.390625 0.828125 -0.0155887
0.40625 0.875 0.00625
0.40625 0.859375 -0.00594462
0.421875 0.859375 -0.0155887
0.421875 0.875 -0.00259404
0.40625 0.875 0.00625
0.40625 0.859375 -0.00594462
0.40625 0.84375 -0.0174175
0.421875 0.84375 -0.0279648
0.421875 0.859375 -0.0155887
0.40625 0.859375 -0.00594462
0.421875 0.875 -0.00259404
0.421875 0.859375 -0.0155887
0.4375 0.859375 -0.0240272
0.4375 0.875 -0.0102458
0.421875 0.875 -0.00259404
0.421875 0.859375 -0.0155887
0.421875 0.84375 -0.0279648
0.4375 0.84375 -0.0373265
0.4375 0.859375 -0.0240272
0.421875 0.859375 -0.0155887
0.40625 0.84375 -0.0174175
0.40625 0.828125 -0.0279648
0.421875 0.828125 -0.0395146
0.421875 0.84375 -0.0279648
0.40625 0.84375 -0.0174175
0.40625 0.828125 -0.0279648
0.40625 0.8125 -0.0373265
0.421875 0.8125 -0.0499512
0.421875 0.828125 -0.0395146
0.40625 0.828125 -0.0279648
0.421875 0.84375 -0.0279648
0.421875 0.828125 -0.0395146
0.4375 0.828125 -0.0499512
0.4375 0.84375 -0.0373265
0.421875 0.84375 -0.0279648
0.421875 0.828125 -0.0395146
0.421875 0.8125 -0.0499512
0.4375 0.8125 -0.0616117
0.4375 0.828125 -0.0499512
0.421875 0.828125 -0.0395146
0.375 0.8125 -0.0102458
0.375 0.796875 -0.0164999
0.390625 0.796875 -0.0310035
0.390625 0.8125 -0.0240272
0.375 0.8125 -0.0102458
0.375 0.796875 -0.0164999
0.375 0.78125 -0.0211529
0.390625 0.78125 -0.0362483
0.390625 0.796875 -0.0310035
0.375 0.796875 -0.0164999
0.390625 0.8125 -0.0240272
0.390625 0.796875 -0.0310035
0.40625 0.796875 -0.0451843
0.40625 0.8125 -0.0373265
0.390625 0.8125 -0.0240272
0.390625 0.796875 -0.0310035
0.390625 0.78125 -0.0362483
0.40625 0.78125 -0.0511788
0.40625 0.796875 -0.0451843
0.390625 0.796875 -0.0310035
0.375 0.78125 -0.0211529
0.375 0.765625 -0.0240272
0.390625 0.765625 -0.0395146
0.390625 0.78125 -0.0362483
0.375 0.78125 -0.0211529
0.375 0.765625 -0.0240272
0.375 0.75 -0.025
0.390625 0.75 -0.040625
0.390625 0.765625 -0.0395146
0.375 0.765625 -0.0240272
0.390625 0.78125 -0.0362483
0.390625 0.765625 -0.0395146
0.40625 0.765625 -0.0549568
0.40625 0.78125 -0.0511788
0.390625 0.78125 -0.0362483
0.390625 0.765625 -0.0395146
0.390625 0.75 -0.040625
0.40625 0.75 -0.05625
0.40625 0.765625 -0.0549568
0.390625 0.765625 -0.0395146
0.40625 0.8125 -0.0373265
0.40625 0.796875 -0.0451843
0.421875 0.796875 -0.0588914
0.421875 0.8125 -0.0499512
0.40625 0.8125 -0.0373265
0.40625 0.796875 -0.0451843
0.40625 0.78125 -0.0511788
0.421875 0.78125 -0.0658568
0.421875 0.796875 -0.0588914
0.40625 0.796875 -0.0451843
0.421875 0.8125 -0.0499512
0.421875 0.796875 -0.0588914
0.4375 0.796875 -0.071875
0.4375 0.8125 -0.0616117
0.421875 0.8125 -0.0499512
0.421875 0.796875 -0.0588914
0.421875 0.78125 -0.0658568
0.4375 0.78125 -0.0801229
0.4375 0.796875 -0.071875
0.421875 0.796875 -0.0588914
0.40625 0.78125 -0.0511788
0.40625 0.75 -0.05625
0.4375 0.75 -0.0875
0.4375 0.78125 -0.0801229
0.40625 0.78125 -0.0511788
0.4375 0.875 -0.0102458
0.4375 0.859375 -0.0240272
0.453125 0.859375 -0.0310035
0.453125 0.875 -0.0164999
0.4375 0.875 -0.0102458
0.4375 0.859375 -0.0240272
0.4375 0.84375 -0.0373265
0.453125 0.84375 -0.0451843
0.453125 0.859375 -0.0310035
0.4375 0.859375 -0.0240272
0.453125 0.875 -0.0164999
0.453125 0.859375 -0.0310035
0.46875 0.859375 -0.0362483
0.46875 0.875 -0.0211529
0.453125 0.875 -0.0164999
0.453125 0.859375 -0.0310035
0.453125 0.84375 -0.0451843
0.46875 0.84375 -0.0511788
0.46875 0.859375 -0.0362483
0.453125 0.859375 -0.0310035
0.4375 0.84375 -0.0373265
0.4375 0.828125 -0.0499512
0.453125 0.828125 -0.0588914
0.453125 0.84375 -0.0451843
0.4375 0.84375 -0.0373265
0.4375 0.828125 -0.0499512
0.4375 0.8125 -0.0616117
0.453125 0.8125 -0.071875
0.453125 0.828125 -0.0588914
0.4375 0.828125 -0.0499512
0.453125 0.84375 -0.0451843
0.453125 0.828125 -0.0588914
0.46875 0.828125 -0.0658568
0.46875 0.84375 -0.0511788
0.453125 0.84375 -0.0451843
0.453125 0.828125 -0.0588914
0.453125 0.8125 -0.071875
0.46875 0.8125 -0.0801229
0.46875 0.828125 -0.0658568
0.453125 0.828125 -0.0588914
0.46875 0.875 -0.0211529
0.46875 0.859375 -0.0362483
0.484375 0.859375 -0.0395146
0.484375 0.875 -0.0240272
0.46875 0.875 -0.0211529
0.46875 0.859375 -0.0362483
0.46875 0.84375 -0.0511788
0.484375 0.84375 -0.0549568
0.484375 0.859375 -0.0395146
0.46875 0.859375 -0.0362483
0.484375 0.875 -0.0240272
0.484375 0.859375 -0.0395146
0.5 0.859375 -0.040625
0.5 0.875 -0.025
0.484375 0.875 -0.0240272
0.484375 0.859375 -0.0395146
0.484375 0.84375 -0.0549568
0.5 0.84375 -0.05625
0.5 0.859375 -0.040625
0.484375 0.859375 -0.0395146
0.46875 0.84375 -0.0511788
0.46875 0.8125 -0.0801229
0.5 0.8125 -0.0875
0.5 0.84375 -0.05625
0.46875 0.84375 -0.0511788
0.4375 0.8125 -0.0616117
0.4375 0.78125 -0.0801229
0.46875 0.78125 -0.105806
0.46875 0.8125 -0.0801229
0.4375 0.8125 -0.0616117
0.4375 0.78125 -0.0801229
0.4375 0.75 -0.0875
0.46875 0.75 -0.11875
0.46875 0.78125 -0.105806
0.4375 0.78125 -0.0801229
0.46875 0.8125 -0.0801229
0.46875 0.78125 -0.105806
0.5 0.78125 -0.11875
0.5 0.8125 -0.0875
0.46875 0.8125 -0.0801229
0.46875 0.78125 -0.105806
0.46875 0.75 -0.11875
0.5 0.75 -0.15
0.5 0.78125 -0.11875
0.46875 0.78125 -0.105806
0.25 0.75 0.1
0.25 0.71875 0.101946
0.28125 0.71875 0.0709709
0.28125 0.75 0.06875
0.25 0.75 0.1
0.25 0.71875 0.101946
0.25 0.6875 0.107694
0.28125 0.6875 0.0775034
0.28125 0.71875 0.0709709
0.25 0.71875 0.101946
0.28125 0.75 0.06875
0.28125 0.734375 0.0693073
0.296875 0.734375 0.0537251
0.296875 0.75 0.053125
0.28125 0.75 0.06875
0.28125 0.734375 0.0693073
0.28125 0.71875 0.0709709
0.296875 0.71875 0.0555148
0.296875 0.734375 0.0537251
0.28125 0.734375 0.0693073
0.296875 0.75 0.053125
0.296875 0.734375 0.0537251
0.3125 0.734375 0.0381499
0.3125 0.75 0.0375
0.296875 0.75 0.053125
0.296875 0.734375 0.0537251
0.296875 0.71875 0.0555148
0.3125 0.71875 0.0400863
0.3125 0.734375 0.0381499
0.296875 0.734375 0.0537251
0.28125 0.71875 0.0709709
0.28125 0.703125 0.073716
0.296875 0.703125 0.0584635
0.296875 0.71875 0.0555148
0.28125 0.71875 0.0709709
0.28125 0.703125 0.073716
0.28125 0.6875 0.0775034
0.296875 0.6875 0.062523
0.296875 0.703125 0.0584635
0.28125 0.703125 0.073716
0.296875 0.71875 0.0555148
0.296875 0.703125 0.0584635
0.3125 0.703125 0.0432706
0.3125 0.71875 0.0400863
0.296875 0.71875 0.0555148
0.296875 0.703125 0.0584635
0.296875 0.6875 0.062523
0.3125 0.6875 0.0476424
0.3125 0.703125 0.0432706
0.296875 0.703125 0.0584635
0.25 0.6875 0.107694
0.25 0.65625 0.117
0.28125 0.65625 0.0879929
0.28125 0.6875 0.0775034
0.25 0.6875 0.107694
0.25 0.65625 0.117
0.25 0.625 0.129508
0.28125 0.625 0.101946
0.28125 0.65625 0.0879929
0.25 0.65625 0.117
0.28125 0.6875 0.0775034
0.28125 0.65625 0.0879929
0.3125 0.65625 0.0596314
0.3125 0.6875 0.0476424
0.28125 0.6875 0.0775034
0.28125 0.65625 0.0879929
0.28125 0.625 0.101946
0.3125 0.625 0.075347
0.3125 0.65625 0.0596314
0.28125 0.65625 0.0879929
0.3125 0.75 0.0375
0.3125 0.734375 0.0381499
0.328125 0.734375 0.0225838
0.328125 0.75 0.021875
0.3125 0.75 0.0375
0.3125 0.734375 0.0381499
0.3125 0.71875 0.0400863
0.328125 0.71875 0.0246928
0.328125 0.734375 0.0225838
0.3125 0.734375 0.0381499
0.328125 0.75 0.021875
0.328125 0.734375 0.0225838
0.34375 0.734375 0.00702931
0.34375 0.75 0.00625
0.328125 0.75 0.021875
0.328125 0.734375 0.0225838
0.328125 0.71875 0.0246928
0.34375 0.71875 0.00934436
0.34375 0.734375 0.00702931
0.328125 0.734375 0.0225838
0.3125 0.71875 0.0400863
0.3125 0.703125 0.0432706
0.328125 0.703125 0.0281524
0.328125 0.71875 0.0246928
0.3125 0.71875 0.0400863
0.3125 0.703125 0.0432706
0.3125 0.6875 0.0476424
0.328125 0.6875 0.0328859
0.328125 0.703125 0.0281524
0.3125 0.703125 0.0432706
0.328125 0.71875 0.0246928
0.328125 0.703125 0.0281524
0.34375 0.703125 0.0131298
0.34375 0.71875 0.00934436
0.328125 0.71875 0.0246928
0.328125 0.703125 0.0281524
0.328125 0.6875 0.0328859
0.34375 0.6875 0.0182864
0.34375 0.703125 0.0131298
0.328125 0.703125 0.0281524
0.34375 0.75 0.00625
0.34375 0.734375 0.00702931
0.359375 0.734375 -0.00850961
0.359375 0.75 -0.009375
0.34375 0.75 0.00625
0.34375 0.734375 0.00702931
0.34375 0.71875 0.00934436
0.359375 0.71875 -0.00594462
0.359375 0.734375 -0.00850961
0.34375 0.734375 0.00702931
0.359375 0.75 -0.009375
0.359375 0.734375 -0.00850961
0.375 0.734375 -0.0240272
0.375 0.75 -0.025
0.359375 0.75 -0.009375
0.359375 0.734375 -0.00850961
0.359375 0.71875 -0.00594462
0.375 0.71875 -0.0211529
0.375 0.734375 -0.0240272
0.359375 0.734375 -0.00850961
0.34375 0.71875 0.00934436
0.34375 0.703125 0.0131298
0.359375 0.703125 -0.00176823
0.359375 0.71875 -0.00594462
0.34375 0.71875 0.00934436
0.34375 0.703125 0.0131298
0.34375 0.6875 0.0182864
0.359375 0.6875 0.0038884
0.359375 0.703125 -0.00176823
0.34375 0.703125 0.0131298
0.359375 0.71875 -0.00594462
0.359375 0.703125 -0.00176823
0.375 0.703125 -0.0164999
0.375 0.71875 -0.0211529
0.359375 0.71875 -0.00594462
0.359375 0.703125 -0.00176823
0.359375 0.6875 0.0038884
0.375 0.6875 -0.0102458
0.375 0.703125 -0.0164999
0.359375 0.703125 -0.00176823
0.3125 0.6875 0.0476424
0.3125 0.671875 0.053125
0.328125 0.671875 0.0387976
0.328125 0.6875 0.0328859
0.3125 0.6875 0.0476424
0.3125 0.671875 0.053125
0.3125 0.65625 0.0596314
0.328125 0.65625 0.0457807
0.328125 0.671875 0.0387976
0.3125 0.671875 0.053125
0.328125 0.6875 0.0328859
0.328125 0.671875 0.0387976
0.34375 0.671875 0.0246928
0.34375 0.6875 0.0182864
0.328125 0.6875 0.0328859
0.328125 0.671875 0.0387976
0.328125 0.65625 0.0457807
0.34375 0.65625 0.0322172
0.34375 0.671875 0.0246928
0.328125 0.671875 0.0387976
0.3125 0.65625 0.0596314
0.3125 0.640625 0.0670694
0.328125 0.640625 0.0537251
0.328125 0.65625 0.0457807
0.3125 0.65625 0.0596314
0.3125 0.640625 0.0670694
0.3125 0.625 0.075347
0.328125 0.625 0.062523
0.328125 0.640625 0.0537251
0.3125 0.640625 0.0670694
0.328125 0.65625 0.0457807
0.328125 0.640625 0.0537251
0.34375 0.640625 0.0407274
0.34375 0.65625 0.0322172
0.328125 0.65625 0.0457807
0.328125 0.640625 0.0537251
0.328125 0.625 0.062523
0.34375 0.625 0.0500976
0.34375 0.640625 0.0407274
0.328125 0.640625 0.0537251
0.34375 0.6875 0.0182864
0.34375 0.671875 0.0246928
0.359375 0.671875 0.0108692
0.359375 0.6875 0.0038884
0.34375 0.6875 0.0182864
0.34375 0.671875 0.0246928
0.34375 0.65625 0.0322172
0.359375 0.65625 0.0190102
0.359375 0.671875 0.0108692
0.34375 0.671875 0.0246928
0.359375 0.6875 0.0038884
0.359375 0.671875 0.0108692
0.375 0.671875 -0.00259404
0.375 0.6875 -0.0102458
0.359375 0.6875 0.0038884
0.359375 0.671875 0.0108692
0.359375 0.65625 0.0190102
0.375 0.65625 0.00625
0.375 0.671875 -0.00259404
0.359375 0.671875 0.0108692
0.34375 0.65625 0.0322172
0.34375 0.640625 0.0407274
0.359375 0.640625 0.0281524
0.359375 0.65625 0.0190102
0.34375 0.65625 0.0322172
0.34375 0.640625 0.0407274
0.34375 0.625 0.0500976
0.359375 0.625 0.0381499
0.359375 0.640625 0.0281524
0.34375 0.640625 0.0407274
0.359375 0.65625 0.0190102
0.359375 0.640625 0.0281524
0.375 0.640625 0.016096
0.375 0.65625 0.00625
0.359375 0.65625 0.0190102
0.359375 0.640625 0.0281524
0.359375 0.625 0.0381499
0.375 0.625 0.0267767
0.375 0.640625 0.016096
0.359375 0.640625 0.0281524
0.25 0.625 0.129508
0.25 0.59375 0.144812
0.28125 0.59375 0.118823
0.28125 0.625 0.101946
0.25 0.625 0.129508
0.25 0.59375 0.144812
0.25 0.5625 0.1625
0.28125 0.5625 0.138111
0.28125 0.59375 0.118823
0.25 0.59375 0.144812
0.28125 0.625 0.101946
0.28125 0.59375 0.118823
0.3125 0.59375 0.0940703
0.3125 0.625 0.075347
0.28125 0.625 0.101946
0.28125 0.59375 0.118823
0.28125 0.5625 0.138111
0.3125 0.5625 0.115165
0.3125 0.59375 0.0940703
0.28125 0.59375 0.118823
0.25 0.5625 0.1625
0.25 0.5 0.203553
0.3125 0.5 0.1625
0.3125 0.5625 0.115165
0.25 0.5625 0.1625
0.3125 0.625 0.075347
0.3125 0.59375 0.0940703
0.34375 0.59375 0.0709709
0.34375 0.625 0.0500976
0.3125 0.625 0.075347
0.3125 0.59375 0.0940703
0.3125 0.5625 0.115165
0.34375 0.5625 0.0940703
0.34375 0.59375 0.0709709
0.3125 0.59375 0.0940703
0.34375 0.625 0.0500976
0.34375 0.609375 0.0602129
0.359375 0.609375 0.0488738
0.359375 0.625 0.0381499
0.34375 0.625 0.0500976
0.34375 0.609375 0.0602129
0.34375 0.59375 0.0709709
0.359375 0.59375 0.0602129
0.359375 0.609375 0.0488738
0.34375 0.609375 0.0602129
0.359375 0.625 0.0381499
0.359375 0.609375 0.0488738
0.375 0.609375 0.0381499
0.375 0.625 0.0267767
0.359375 0.625 0.0381499
0.359375 0.609375 0.0488738
0.359375 0.59375 0.0602129
0.375 0.59375 0.0500976
0.375 0.609375 0.0381499
0.359375 0.609375 0.0488738
0.34375 0.59375 0.0709709
0.34375 0.5625 0.0940703
0.375 0.5625 0.075347
0.375 0.59375 0.0500976
0.34375 0.59375 0.0709709
0.3125 0.5625 0.115165
0.3125 0.53125 0.138111
0.34375 0.53125 0.118823
0.34375 0.5625 0.0940703
0.3125 0.5625 0.115165
0.3125 0.53125 0.138111
0.3125 0.5 0.1625
0.34375 0.5 0.144812
0.34375 0.53125 0.118823
0.3125 0.53125 0.138111
0.34375 0.5625 0.0940703
0.34375 0.53125 0.118823
0.375 0.53125 0.101946
0.375 0.5625 0.075347
0.34375 0.5625 0.0940703
0.34375 0.53125 0.118823
0.34375 0.5 0.144812
0.375 0.5 0.129508
0.375 0.53125 0.101946
0.34375 0.53125 0.118823
0.375 0.75 -0.025
0.375 0.734375 -0.0240272
0.390625 0.734375 -0.0395146
0.390625 0.75 -0.040625
0.375 0.75 -0.025
0.375 0.734375 -0.0240272
0.375 0.71875 -0.0211529
0.390625 0.71875 -0.0362483
0.390625 0.734375 -0.0395146
0.375 0.734375 -0.0240272
0.390625 0.75 -0.040625
0.390625 0.734375 -0.0395146
0.40625 0.734375 -0.0549568
0.40625 0.75 -0.05625
0.390625 0.75 -0.040625
0.390625 0.734375 -0.0395146
0.390625 0.71875 -0.0362483
0.40625 0.71875 -0.0511788
0.40625 0.734375 -0.0549568
0.390625 0.734375 -0.0395146
0.375 0.71875 -0.0211529
0.375 0.703125 -0.0164999
0.390625 0.703125 -0.0310035
0.390625 0.71875 -0.0362483
0.375 0.71875 -0.0211529
0.375 0.703125 -0.0164999
0.375 0.6875 -0.0102458
0.390625 0.6875 -0.0240272
0.390625 0.703125 -0.0310035
0.375 0.703125 -0.0164999
0.390625 0.71875 -0.0362483
0.390625 0.703125 -0.0310035
0.40625 0.703125 -0.0451843
0.40625 0.71875 -0.0511788
0.390625 0.71875 -0.0362483
0.390625 0.703125 -0.0310035
0.390625 0.6875 -0.0240272
0.40625 0.6875 -0.0373265
0.40625 0.703125 -0.0451843
0.390625 0.703125 -0.0310035
0.40625 0.75 -0.05625
0.40625 0.71875 -0.0511788
0.4375 0.71875 -0.0801229
0.4375 0.75 -0.0875
0.40625 0.75 -0.05625
0.40625 0.71875 -0.0511788
0.40625 0.703125 -0.0451843
0.421875 0.703125 -0.0588914
0.421875 0.71875 -0.0658568
0.40625 0.71875 -0.0511788
0.40625 0.703125 -0.0451843
0.40625 0.6875 -0.0373265
0.421875 0.6875 -0.0499512
0.421875 0.703125 -0.0588914
0.40625 0.703125 -0.0451843
0.421875 0.71875 -0.0658568
0.421875 0.703125 -0.0588914
0.4375 0.703125 -0.071875
0.4375 0.71875 -0.0801229
0.421875 0.71875 -0.0658568
0.421875 0.703125 -0.0588914
0.421875 0.6875 -0.0499512
0.4375 0.6875 -0.0616117
0.4375 0.703125 -0.071875
0.421875 0.703125 -0.0588914
0.375 0.6875 -0.0102458
0.375 0.671875 -0.00259404
0.390625 0.671875 -0.0155887
0.390625 0.6875 -0.0240272
0.375 0.6875 -0.0102458
0.375 0.671875 -0.00259404
0.375 0.65625 0.00625
0.390625 0.65625 -0.00594462
0.390625 0.671875 -0.0155887
0.375 0.671875 -0.00259404
0.390625 0.6875 -0.0240272
0.390625 0.671875 -0.0155887
0.40625 0.671875 -0.0279648
0.40625 0.6875 -0.0373265
0.390625 0.6875 -0.0240272
0.390625 0.671875 -0.0155887
0.390625 0.65625 -0.00594462
0.40625 0.65625 -0.0174175
0.40625 0.671875 -0.0279648
0.390625 0.671875 -0.0155887
0.375 0.65625 0.00625
0.375 0.640625 0.016096
0.390625 0.640625 0.00467961
0.390625 0.65625 -0.00594462
0.375 0.65625 0.00625
0.375 0.640625 0.016096
0.375 0.625 0.0267767
0.390625 0.625 0.016096
0.390625 0.640625 0.00467961
0.375 0.640625 0.016096
0.390625 0.65625 -0.00594462
0.390625 0.640625 0.00467961
0.40625 0.640625 -0.00594462
0.40625 0.65625 -0.0174175
0.390625 0.65625 -0.00594462
0.390625 0.640625 0.00467961
0.390625 0.625 0.016096
0.40625 0.625 0.00625
0.40625 0.640625 -0.00594462
0.390625 0.640625 0.00467961
0.40625 0.6875 -0.0373265
0.40625 0.671875 -0.0279648
0.421875 0.671875 -0.0395146
0.421875 0.6875 -0.0499512
0.40625 0.6875 -0.0373265
0.40625 0.671875 -0.0279648
0.40625 0.65625 -0.0174175
0.421875 0.65625 -0.0279648
0.421875 0.671875 -0.0395146
0.40625 0.671875 -0.0279648
0.421875 0.6875 -0.0499512
0.421875 0.671875 -0.0395146
0.4375 0.671875 -0.0499512
0.4375 0.6875 -0.0616117
0.421875 0.6875 -0.0499512
0.421875 0.671875 -0.0395146
0.421875 0.65625 -0.0279648
0.4375 0.65625 -0.0373265
0.4375 0.671875 -0.0499512
0.421875 0.671875 -0.0395146
0.40625 0.65625 -0.0174175
0.40625 0.640625 -0.00594462
0.421875 0.640625 -0.0155887
0.421875 0.65625 -0.0279648
0.40625 0.65625 -0.0174175
0.40625 0.640625 -0.00594462
0.40625 0.625 0.00625
0.421875 0.625 -0.00259404
0.421875 0.640625 -0.0155887
0.40625 0.640625 -0.00594462
0.421875 0.65625 -0.0279648
0.421875 0.640625 -0.0155887
0.4375 0.640625 -0.0240272
0.4375 0.65625 -0.0373265
0.421875 0.65625 -0.0279648
0.421875 0.640625 -0.0155887
0.421875 0.625 -0.00259404
0.4375 0.625 -0.0102458
0.4375 0.640625 -0.0240272
0.421875 0.640625 -0.0155887
0.4375 0.75 -0.0875
0.4375 0.71875 -0.0801229
0.46875 0.71875 -0.105806
0.46875 0.75 -0.11875
0.4375 0.75 -0.0875
0.4375 0.71875 -0.0801229
0.4375 0.6875 -0.0616117
0.46875 0.6875 -0.0801229
0.46875 0.71875 -0.105806
0.4375 0.71875 -0.0801229
0.46875 0.75 -0.11875
0.46875 0.71875 -0.105806
0.5 0.71875 -0.11875
0.5 0.75 -0.15
0.46875 0.75 -0.11875
0.46875 0.71875 -0.105806
0.46875 0.6875 -0.0801229
0.5 0.6875 -0.0875
0.5 0.71875 -0.11875
0.46875 0.71875 -0.105806
0.4375 0.6875 -0.0616117
0.4375 0.671875 -0.0499512
0.453125 0.671875 -0.0588914
0.453125 0.6875 -0.071875
0.4375 0.6875 -0.0616117
0.4375 0.671875 -0.0499512
0.4375 0.65625 -0.0373265
0.453125 0.65625 -0.0451843
0.453125 0.671875 -0.0588914
0.4375 0.671875 -0.0499512
0.453125 0.6875 -0.071875
0.453125 0.671875 -0.0588914
0.46875 0.671875 -0.0658568
0.46875 0.6875 -0.0801229
0.453125 0.6875 -0.071875
0.453125 0.671875 -0.0588914
0.453125 0.65625 -0.0451843
0.46875 0.65625 -0.0511788
0.46875 0.671875 -0.0658568
0.453125 0.671875 -0.0588914
0.4375 0.65625 -0.0373265
0.4375 0.640625 -0.0240272
0.453125 0.640625 -0.0310035
0.453125 0.65625 -0.0451843
0.4375 0.65625 -0.0373265
0.4375 0.640625 -0.0240272
0.4375 0.625 -0.0102458
0.453125 0.625 -0.0164999
0.453125 0.640625 -0.0310035
0.4375 0.640625 -0.0240272
0.453125 0.65625 -0.0451843
0.453125 0.640625 -0.0310035
0.46875 0.640625 -0.0362483
0.46875 0.65625 -0.0511788
0.453125 0.65625 -0.0451843
0.453125 0.640625 -0.0310035
0.453125 0.625 -0.0164999
0.46875 0.625 -0.0211529
0.46875 0.640625 -0.0362483
0.453125 0.640625 -0.0310035
0.46875 0.6875 -0.0801229
0.46875 0.65625 -0.0511788
0.5 0.65625 -0.05625
0.5 0.6875 -0.0875
0.46875 0.6875 -0.0801229
0.46875 0.65625 -0.0511788
0.46875 0.640625 -0.0362483
0.484375 0.640625 -0.0395146
0.484375 0.65625 -0.0549568
0.46875 0.65625 -0.0511788
0.46875 0.640625 -0.0362483
0.46875 0.625 -0.0211529
0.484375 0.625 -0.0240272
0.484375 0.640625 -0.0395146
0.46875 0.640625 -0.0362483
0.484375 0.65625 -0.0549568
0.484375 0.640625 -0.0395146
0.5 0.640625 -0.040625
0.5 0.65625 -0.05625
0.484375 0.65625 -0.0549568
0.484375 0.640625 -0.0395146
0.484375 0.625 -0.0240272
0.5 0.625 -0.025
0.5 0.640625 -0.040625
0.484375 0.640625 -0.0395146
0.375 0.625 0.0267767
0.375 0.609375 0.0381499
0.390625 0.609375 0.0281524
0.390625 0.625 0.016096
0.375 0.625 0.0267767
0.375 0.609375 0.0381499
0.375 0.59375 0.0500976
0.390625 0.59375 0.0407274
0.390625 0.609375 0.0281524
0.375 0.609375 0.0381499
0.390625 0.625 0.016096
0.390625 0.609375 0.0281524
0.40625 0.609375 0.0190102
0.40625 0.625 0.00625
0.390625 0.625 0.016096
0.390625 0.609375 0.0281524
0.390625 0.59375 0.0407274
0.40625 0.59375 0.0322172
0.40625 0.609375 0.0190102
0.390625 0.609375 0.0281524
0.375 0.59375 0.0500976
0.375 0.578125 0.062523
0.390625 0.578125 0.0537251
0.390625 0.59375 0.0407274
0.375 0.59375 0.0500976
0.375 0.578125 0.062523
0.375 0.5625 0.075347
0.390625 0.5625 0.0670694
0.390625 0.578125 0.0537251
0.375 0.578125 0.062523
0.390625 0.59375 0.0407274
0.390625 0.578125 0.0537251
0.40625 0.578125 0.0457807
0.40625 0.59375 0.0322172
0.390625 0.59375 0.0407274
0.390625 0.578125 0.0537251
0.390625 0.5625 0.0670694
0.40625 0.5625 0.0596314
0.40625 0.578125 0.0457807
0.390625 0.578125 0.0537251
0.40625 0.625 0.00625
0.40625 0.609375 0.0190102
0.421875 0.609375 0.0108692
0.421875 0.625 -0.00259404
0.40625 0.625 0.00625
0.40625 0.609375 0.0190102
0.40625 0.59375 0.0322172
0.421875 0.59375 0.0246928
0.421875 0.609375 0.0108692
0.40625 0.609375 0.0190102
0.421875 0.625 -0.00259404
0.421875 0.609375 0.0108692
0.4375 0.609375 0.0038884
0.4375 0.625 -0.0102458
0.421875 0.625 -0.00259404
0.421875 0.609375 0.0108692
0.421875 0.59375 0.0246928
0.4375 0.59375 0.0182864
0.4375 0.609375 0.0038884
0.421875 0.609375 0.0108692
0.40625 0.59375 0.0322172
0.40625 0.578125 0.0457807
0.421875 0.578125 0.0387976
0.421875 0.59375 0.0246928
0.40625 0.59375 0.0322172
0.40625 0.578125 0.0457807
0.40625 0.5625 0.0596314
0.421875 0.5625 0.053125
0.421875 0.578125 0.0387976
0.40625 0.578125 0.0457807
0.421875 0.59375 0.0246928
0.421875 0.578125 0.0387976
0.4375 0.578125 0.0328859
0.4375 0.59375 0.0182864
0.421875 0.59375 0.0246928
0.421875 0.578125 0.0387976
0.421875 0.5625 0.053125
0.4375 0.5625 0.0476424
0.4375 0.578125 0.0328859
0.421875 0.578125 0.0387976
0.375 0.5625 0.075347
0.375 0.53125 0.101946
0.40625 0.53125 0.0879929
0.40625 0.5625 0.0596314
0.375 0.5625 0.075347
0.375 0.53125 0.101946
0.375 0.5 0.129508
0.40625 0.5 0.117
0.40625 0.53125 0.0879929
0.375 0.53125 0.101946
0.40625 0.5625 0.0596314
0.40625 0.53125 0.0879929
0.4375 0.53125 0.0775034
0.4375 0.5625 0.0476424
0.40625 0.5625 0.0596314
0.40625 0.53125 0.0879929
0.40625 0.5 0.117
0.4375 0.5 0.107694
0.4375 0.53125 0.0775034
0.40625 0.53125 0.0879929
0.4375 0.625 -0.0102458
0.4375 0.609375 0.0038884
0.453125 0.609375 -0.00176823
0.453125 0.625 -0.0164999
0.4375 0.625 -0.0102458
0.4375 0.609375 0.0038884
0.4375 0.59375 0.0182864
0.453125 0.59375 0.0131298
0.453125 0.609375 -0.00176823
0.4375 0.609375 0.0038884
0.453125 0.625 -0.0164999
0.453125 0.609375 -0.00176823
0.46875 0.609375 -0.00594462
0.46875 0.625 -0.0211529
0.453125 0.625 -0.0164999
0.453125 0.609375 -0.00176823
0.453125 0.59375 0.0131298
0.46875 0.59375 0.00934436
0.46875 0.609375 -0.00594462
0.453125 0.609375 -0.00176823
0.4375 0.59375 0.0182864
0.4375 0.578125 0.0328859
0.453125 0.578125 0.0281524
0.453125 0.59375 0.0131298
0.4375 0.59375 0.0182864
0.4375 0.578125 0.0328859
0.4375 0.5625 0.0476424
0.453125 0.5625 0.0432706
0.453125 0.578125 0.0281524
0.4375 0.578125 0.0328859
0.453125 0.59375 0.0131298
0.453125 0.578125 0.0281524
0.46875 0.578125 0.0246928
0.46875 0.59375 0.00934436
0.453125 0.59375 0.0131298
0.453125 0.578125 0.0281524
0.453125 0.5625 0.0432706
0.46875 0.5625 0.0400863
0.46875 0.578125 0.0246928
0.453125 0.578125 0.0281524
0.46875 0.625 -0.0211529
0.46875 0.609375 -0.00594462
0.484375 0.609375 -0.00850961
0.484375 0.625 -0.0240272
0.46875 0.625 -0.0211529
0.46875 0.609375 -0.00594462
0.46875 0.59375 0.00934436
0.484375 0.59375 0.00702931
0.484375 0.609375 -0.00850961
0.46875 0.609375 -0.00594462
0.484375 0.625 -0.0240272
0.484375 0.609375 -0.00850961
0.5 0.609375 -0.009375
0.5 0.625 -0.025
0.484375 0.625 -0.0240272
0.484375 0.609375 -0.00850961
0.484375 0.59375 0.00702931
0.5 0.59375 0.00625
0.5 0.609375 -0.009375
0.484375 0.609375 -0.00850961
0.46875 0.59375 0.00934436
0.46875 0.578125 0.0246928
0.484375 0.578125 0.0225838
0.484375 0.59375 0.00702931
0.46875 0.59375 0.00934436
0.46875 0.578125 0.0246928
0.46875 0.5625 0.0400863
0.484375 0.5625 0.0381499
0.484375 0.578125 0.0225838
0.46875 0.578125 0.0246928
0.484375 0.59375 0.00702931
0.484375 0.578125 0.0225838
0.5 0.578125 0.021875
0.5 0.59375 0.00625
0.484375 0.59375 0.00702931
0.484375 0.578125 0.0225838
0.484375 0.5625 0.0381499
0.5 0.5625 0.0375
0.5 0.578125 0.021875
0.484375 0.578125 0.0225838
0.4375 0.5625 0.0476424
0.4375 0.546875 0.062523
0.453125 0.546875 0.0584635
0.453125 0.5625 0.0432706
0.4375 0.5625 0.0476424
0.4375 0.546875 0.062523
0.4375 0.53125 0.0775034
0.453125 0.53125 0.073716
0.453125 0.546875 0.0584635
0.4375 0.546875 0.062523
0.453125 0.5625 0.0432706
0.453125 0.546875 0.0584635
0.46875 0.546875 0.0555148
0.46875 0.5625 0.0400863
0.453125 0.5625 0.0432706
0.453125 0.546875 0.0584635
0.453125 0.53125 0.073716
0.46875 0.53125 0.0709709
0.46875 0.546875 0.0555148
0.453125 0.546875 0.0584635
0.4375 0.53125 0.0775034
0.4375 0.5 0.107694
0.46875 0.5 0.101946
0.46875 0.53125 0.0709709
0.4375 0.53125 0.0775034
0.46875 0.5625 0.0400863
0.46875 0.546875 0.0555148
0.484375 0.546875 0.0537251
0.484375 0.5625 0.0381499
0.46875 0.5625 0.0400863
0.46875 0.546875 0.0555148
0.46875 0.53125 0.0709709
0.484375 0.53125 0.0693073
0.484375 0.546875 0.0537251
0.46875 0.546875 0.0555148
0.484375 0.5625 0.0381499
0.484375 0.546875 0.0537251
0.5 0.546875 0.053125
0.5 0.5625 0.0375
0.484375 0.5625 0.0381499
0.484375 0.546875 0.0537251
0.484375 0.53125 0.0693073
0.5 0.53125 0.06875
0.5 0.546875 0.053125
0.484375 0.546875 0.0537251
0.46875 0.53125 0.0709709
0.46875 0.5 0.101946
0.5 0.5 0.1
0.5 0.53125 0.06875
0.46875 0.53125 0.0709709
0 0.5 0.409017
0 0.375 0.475
0.125 0.375 0.38033
0.125 0.5 0.300694
0 0.5 0.409017
0 0.375 0.475
0 0.25 0.557107
0.125 0.25 0.475
0.125 0.375 0.38033
0 0.375 0.475
0.125 0.5 0.300694
0.125 0.375 0.38033
0.25 0.375 0.300694
0.25 0.5 0.203553
0.125 0.5 0.300694
0.125 0.375 0.38033
0.125 0.25 0.475
0.25 0.25 0.409017
0.25 0.375 0.300694
0.125 0.375 0.38033
0 0.25 0.557107
0 0 0.751388
0.25 0 0.640569
0.25 0.25 0.409017
0 0.25 0.557107
0.25 0.5 0.203553
0.25 0.4375 0.250195
0.3125 0.4375 0.214434
0.3125 0.5 0.1625
0.25 0.5 0.203553
0.25 0.4375 0.250195
0.25 0.375 0.300694
0.3125 0.375 0.269263
0.3125 0.4375 0.214434
0.25 0.4375 0.250195
0.3125 0.5 0.1625
0.3125 0.4375 0.214434
0.375 0.4375 0.186573
0.375 0.5 0.129508
0.3125 0.5 0.1625
0.3125 0.4375 0.214434
0.3125 0.375 0.269263
0.375 0.375 0.245285
0.375 0.4375 0.186573
0.3125 0.4375 0.214434
0.25 0.375 0.300694
0.25 0.25 0.409017
0.375 0.25 0.365388
0.375 0.375 0.245285
0.25 0.375 0.300694
0.375 0.5 0.129508
0.375 0.4375 0.186573
0.4375 0.4375 0.168689
0.4375 0.5 0.107694
0.375 0.5 0.129508
0.375 0.4375 0.186573
0.375 0.375 0.245285
0.4375 0.375 0.230173
0.4375 0.4375 0.168689
0.375 0.4375 0.186573
0.4375 0.5 0.107694
0.4375 0.4375 0.168689
0.5 0.4375 0.1625
0.5 0.5 0.1
0.4375 0.5 0.107694
0.4375 0.4375 0.168689
0.4375 0.375 0.230173
0.5 0.375 0.225
0.5 0.4375 0.1625
0.4375 0.4375 0.168689
0.375 0.375 0.245285
0.375 0.25 0.365388
0.5 0.25 0.35
0.5 0.375 0.225
0.375 0.375 0.245285
0.25 0.25 0.409017
0.25 0.125 0.523146
0.375 0.125 0.487377
0.375 0.25 0.365388
0.25 0.25 0.409017
0.25 0.125 0.523146
0.25 0 0.640569
0.375 0 0.610345
0.375 0.125 0.487377
0.25 0.125 0.523146
0.375 0.25 0.365388
0.375 0.125 0.487377
0.5 0.125 0.475
0.5 0.25 0.35
0.375 0.25 0.365388
0.375 0.125 0.487377
0.375 0 0.610345
0.5 0 0.6
0.5 0.125 0.475
0.375 0.125 0.487377
0.5 1 0.1
0.5 0.96875 0.06875
0.53125 0.96875 0.0709709
0.53125 1 0.101946
0.5 1 0.1
0.5 0.96875 0.06875
0.5 0.953125 0.053125
0.515625 0.953125 0.0537251
0.515625 0.96875 0.0693073
0.5 0.96875 0.06875
0.5 0.953125 0.053125
0.5 0.9375 0.0375
0.515625 0.9375 0.0381499
0.515625 0.953125 0.0537251
0.5 0.953125 0.053125
0.515625 0.96875 0.0693073
0.515625 0.953125 0.0537251
0.53125 0.953125 0.0555148
0.53125 0.96875 0.0709709
0.515625 0.96875 0.0693073
0.515625 0.953125 0.0537251
0.515625 0.9375 0.0381499
0.53125 0.9375 0.0400863
0.53125 0.953125 0.0555148
0.515625 0.953125 0.0537251
0.53125 1 0.101946
0.53125 0.96875 0.0709709
0.5625 0.96875 0.0775034
0.5625 1 0.107694
0.53125 1 0.101946
0.53125 0.96875 0.0709709
0.53125 0.953125 0.0555148
0.546875 0.953125 0.0584635
0.546875 0.96875 0.073716
0.53125 0.96875 0.0709709
0.53125 0.953125 0.0555148
0.53125 0.9375 0.0400863
0.546875 0.9375 0.0432706
0.546875 0.953125 0.0584635
0.53125 0.953125 0.0555148
0.546875 0.96875 0.073716
0.546875 0.953125 0.0584635
0.5625 0.953125 0.062523
0.5625 0.96875 0.0775034
0.546875 0.96875 0.073716
0.546875 0.953125 0.0584635
0.546875 0.9375 0.0432706
0.5625 0.9375 0.0476424
0.5625 0.953125 0.062523
0.546875 0.953125 0.0584635
0.5 0.9375 0.0375
0.5 0.921875 0.021875
0.515625 0.921875 0.0225838
0.515625 0.9375 0.0381499
0.5 0.9375 0.0375
0.5 0.921875 0.021875
0.5 0.90625 0.00625
0.515625 0.90625 0.00702931
0.515625 0.921875 0.0225838
0.5 0.921875 0.021875
0.515625 0.9375 0.0381499
0.515625 0.921875 0.0225838
0.53125 0.921875 0.0246928
0.53125 0.9375 0.0400863
0.515625 0.9375 0.0381499
0.515625 0.921875 0.0225838
0.515625 0.90625 0.00702931
0.53125 0.90625 0.00934436
0.53125 0.921875 0.0246928
0.515625 0.921875 0.0225838
0.5 0.90625 0.00625
0.5 0.890625 -0.009375
0.515625 0.890625 -0.00850961
0.515625 0.90625 0.00702931
0.5 0.90625 0.00625
0.5 0.890625 -0.009375
0.5 0.875 -0.025
0.515625 0.875 -0.0240272
0.515625 0.890625 -0.00850961
0.5 0.890625 -0.009375
0.515625 0.90625 0.00702931
0.515625 0.890625 -0.00850961
0.53125 0.890625 -0.00594462
0.53125 0.90625 0.00934436
0.515625 0.90625 0.00702931
0.515625 0.890625 -0.00850961
0.515625 0.875 -0.0240272
0.53125 0.875 -0.0211529
0.53125 0.890625 -0.00594462
0.515625 0.890625 -0.00850961
0.53125 0.9375 0.0400863
0.53125 0.921875 0.0246928
0.546875 0.921875 0.0281524
0.546875 0.9375 0.0432706
0.53125 0.9375 0.0400863
0.53125 0.921875 0.0246928
0.53125 0.90625 0.00934436
0.546875 0.90625 0.0131298
0.546875 0.921875 0.0281524
0.53125 0.921875 0.0246928
0.546875 0.9375 0.0432706
0.546875 0.921875 0.0281524
0.5625 0.921875 0.0328859
0.5625 0.9375 0.0476424
0.546875 0.9375 0.0432706
0.546875 0.921875 0.0281524
0.546875 0.90625 0.0131298
0.5625 0.90625 0.0182864
0.5625 0.921875 0.0328859
0.546875 0.921875 0.0281524
0.53125 0.90625 0.00934436
0.53125 0.890625 -0.00594462
0.546875 0.890625 -0.00176823
0.546875 0.90625 0.0131298
0.53125 0.90625 0.00934436
0.53125 0.890625 -0.00594462
0.53125 0.875 -0.0211529
0.546875 0.875 -0.0164999
0.546875 0.890625 -0.00176823
0.53125 0.890625 -0.00594462
0.546875 0.90625 0.0131298
0.546875 0.890625 -0.00176823
0.5625 0.890625 0.0038884
0.5625 0.90625 0.0182864
0.546875 0.90625 0.0131298
0.546875 0.890625 -0.00176823
0.546875 0.875 -0.0164999
0.5625 0.875 -0.0102458
0.5625 0.890625 0.0038884
0.546875 0.890625 -0.00176823
0.5625 1 0.107694
0.5625 0.96875 0.0775034
0.59375 0.96875 0.0879929
0.59375 1 0.117
0.5625 1 0.107694
0.5625 0.96875 0.0775034
0.5625 0.9375 0.0476424
0.59375 0.9375 0.0596314
0.59375 0.96875 0.0879929
0.5625 0.96875 0.0775034
0.59375 1 0.117
0.59375 0.96875 0.0879929
0.625 0.96875 0.101946
0.625 1 0.129508
0.59375 1 0.117
0.59375 0.96875 0.0879929
0.59375 0.9375 0.0596314
0.625 0.9375 0.075347
0.625 0.96875 0.101946
0.59375 0.96875 0.0879929
0.5625 0.9375 0.0476424
0.5625 0.921875 0.0328859
0.578125 0.921875 0.0387976
0.578125 0.9375 0.053125
0.5625 0.9375 0.0476424
0.5625 0.921875 0.0328859
0.5625 0.90625 0.0182864
0.578125 0.90625 0.0246928
0.578125 0.921875 0.0387976
0.5625 0.921875 0.0328859
0.578125 0.9375 0.053125
0.578125 0.921875 0.0387976
0.59375 0.921875 0.0457807
0.59375 0.9375 0.0596314
0.578125 0.9375 0.053125
0.578125 0.921875 0.0387976
0.578125 0.90625 0.0246928
0.59375 0.90625 0.0322172
0.59375 0.921875 0.0457807
0.578125 0.921875 0.0387976
0.5625 0.90625 0.0182864
0.5625 0.890625 0.0038884
0.578125 0.890625 0.0108692
0.578125 0.90625 0.0246928
0.5625 0.90625 0.0182864
0.5625 0.890625 0.0038884
0.5625 0.875 -0.0102458
0.578125 0.875 -0.00259404
0.578125 0.890625 0.0108692
0.5625 0.890625 0.0038884
0.578125 0.90625 0.0246928
0.578125 0.890625 0.0108692
0.59375 0.890625 0.0190102
0.59375 0.90625 0.0322172
0.578125 0.90625 0.0246928
0.578125 0.890625 0.0108692
0.578125 0.875 -0.00259404
0.59375 0.875 0.00625
0.59375 0.890625 0.0190102
0.578125 0.890625 0.0108692
0.59375 0.9375 0.0596314
0.59375 0.921875 0.0457807
0.609375 0.921875 0.0537251
0.609375 0.9375 0.0670694
0.59375 0.9375 0.0596314
0.59375 0.921875 0.0457807
0.59375 0.90625 0.0322172
0.609375 0.90625 0.0407274
0.609375 0.921875 0.0537251
0.59375 0.921875 0.0457807
0.609375 0.9375 0.0670694
0.609375 0.921875 0.0537251
0.625 0.921875 0.062523
0.625 0.9375 0.075347
0.609375 0.9375 0.0670694
0.609375 0.921875 0.0537251
0.609375 0.90625 0.0407274
0.625 0.90625 0.0500976
0.625 0.921875 0.062523
0.609375 0.921875 0.0537251
0.59375 0.90625 0.0322172
0.59375 0.890625 0.0190102
0.609375 0.890625 0.0281524
0.609375 0.90625 0.0407274
0.59375 0.90625 0.0322172
0.59375 0.890625 0.0190102
0.59375 0.875 0.00625
0.609375 0.875 0.016096
0.609375 0.890625 0.0281524
0.59375 0.890625 0.0190102
0.609375 0.90625 0.0407274
0.609375 0.890625 0.0281524
0.625 0.890625 0.0381499
0.625 0.90625 0.0500976
0.609375 0.90625 0.0407274
0.609375 0.890625 0.0281524
0.609375 0.875 0.016096
0.625 0.875 0.0267767
0.625 0.890625 0.0381499
0.609375 0.890625 0.0281524
0.5 0.875 -0.025
0.5 0.859375 -0.040625
0.515625 0.859375 -0.0395146
0.515625 0.875 -0.0240272
0.5 0.875 -0.025
0.5 0.859375 -0.040625
0.5 0.84375 -0.05625
0.515625 0.84375 -0.0549568
0.515625 0.859375 -0.0395146
0.5 0.859375 -0.040625
0.515625 0.875 -0.0240272
0.515625 0.859375 -0.0395146
0.53125 0.859375 -0.0362483
0.53125 0.875 -0.0211529
0.515625 0.875 -0.0240272
0.515625 0.859375 -0.0395146
0.515625 0.84375 -0.0549568
0.53125 0.84375 -0.0511788
0.53125 0.859375 -0.0362483
0.515625 0.859375 -0.0395146
0.5 0.84375 -0.05625
0.5 0.8125 -0.0875
0.53125 0.8125 -0.0801229
0.53125 0.84375 -0.0511788
0.5 0.84375 -0.05625
0.53125 0.875 -0.0211529
0.53125 0.859375 -0.0362483
0.546875 0.859375 -0.0310035
0.546875 0.875 -0.0164999
0.53125 0.875 -0.0211529
0.53125 0.859375 -0.0362483
0.53125 0.84375 -0.0511788
0.546875 0.84375 -0.0451843
0.546875 0.859375 -0.0310035
0.53125 0.859375 -0.0362483
0.546875 0.875 -0.0164999
0.546875 0.859375 -0.0310035
0.5625 0.859375 -0.0240272
0.5625 0.875 -0.0102458
0.546875 0.875 -0.0164999
0.546875 0.859375 -0.0310035
0.546875 0.84375 -0.0451843
0.5625 0.84375 -0.0373265
0.5625 0.859375 -0.0240272
0.546875 0.859375 -0.0310035
0.53125 0.84375 -0.0511788
0.53125 0.828125 -0.0658568
0.546875 0.828125 -0.0588914
0.546875 0.84375 -0.0451843
0.53125 0.84375 -0.0511788
0.53125 0.828125 -0.0658568
0.53125 0.8125 -0.0801229
0.546875 0.8125 -0.071875
0.546875 0.828125 -0.0588914
0.53125 0.828125 -0.0658568
0.546875 0.84375 -0.0451843
0.546875 0.828125 -0.0588914
0.5625 0.828125 -0.0499512
0.5625 0.84375 -0.0373265
0.546875 0.84375 -0.0451843
0.546875 0.828125 -0.0588914
0.546875 0.8125 -0.071875
0.5625 0.8125 -0.0616117
0.5625 0.828125 -0.0499512
0.546875 0.828125 -0.0588914
0.5 0.8125 -0.0875
0.5 0.78125 -0.11875
0.53125 0.78125 -0.105806
0.53125 0.8125 -0.0801229
0.5 0.8125 -0.0875
0.5 0.78125 -0.11875
0.5 0.75 -0.15
0.53125 0.75 -0.11875
0.53125 0.78125 -0.105806
0.5 0.78125 -0.11875
0.53125 0.8125 -0.0801229
0.53125 0.78125 -0.105806
0.5625 0.78125 -0.0801229
0.5625 0.8125 -0.0616117
0.53125 0.8125 -0.0801229
0.53125 0.78125 -0.105806
0.53125 0.75 -0.11875
0.5625 0.75 -0.0875
0.5625 0.78125 -0.0801229
0.53125 0.78125 -0.105806
0.5625 0.875 -0.0102458
0.5625 0.859375 -0.0240272
0.578125 0.859375 -0.0155887
0.578125 0.875 -0.00259404
0.5625 0.875 -0.0102458
0.5625 0.859375 -0.0240272
0.5625 0.84375 -0.0373265
0.578125 0.84375 -0.0279648
0.578125 0.859375 -0.0155887
0.5625 0.859375 -0.0240272
0.578125 0.875 -0.00259404
0.578125 0.859375 -0.0155887
0.59375 0.859375 -0.00594462
0.59375 0.875 0.00625
0.578125 0.875 -0.00259404
0.578125 0.859375 -0.0155887
0.578125 0.84375 -0.0279648
0.59375 0.84375 -0.0174175
0.59375 0.859375 -0.00594462
0.578125 0.859375 -0.0155887
0.5625 0.84375 -0.0373265
0.5625 0.828125 -0.0499512
0.578125 0.828125 -0.0395146
0.578125 0.84375 -0.0279648
0.5625 0.84375 -0.0373265
0.5625 0.828125 -0.0499512
0.5625 0.8125 -0.0616117
0.578125 0.8125 -0.0499512
0.578125 0.828125 -0.0395146
0.5625 0.828125 -0.0499512
0.578125 0.84375 -0.0279648
0.578125 0.828125 -0.0395146
0.59375 0.828125 -0.0279648
0.59375 0.84375 -0.0174175
0.578125 0.84375 -0.0279648
0.578125 0.828125 -0.0395146
0.578125 0.8125 -0.0499512
0.59375 0.8125 -0.0373265
0.59375 0.828125 -0.0279648
0.578125 0.828125 -0.0395146
0.59375 0.875 0.00625
0.59375 0.859375 -0.00594462
0.609375 0.859375 0.00467961
0.609375 0.875 0.016096
0.59375 0.875 0.00625
0.59375 0.859375 -0.00594462
0.59375 0.84375 -0.0174175
0.609375 0.84375 -0.00594462
0.609375 0.859375 0.00467961
0.59375 0.859375 -0.00594462
0.609375 0.875 0.016096
0.609375 0.859375 0.00467961
0.625 0.859375 0.016096
0.625 0.875 0.0267767
0.609375 0.875 0.016096
0.609375 0.859375 0.00467961
0.609375 0.84375 -0.00594462
0.625 0.84375 0.00625
0.625 0.859375 0.016096
0.609375 0.859375 0.00467961
0.59375 0.84375 -0.0174175
0.59375 0.828125 -0.0279648
0.609375 0.828125 -0.0155887
0.609375 0.84375 -0.00594462
0.59375 0.84375 -0.0174175
0.59375 0.828125 -0.0279648
0.59375 0.8125 -0.0373265
0.609375 0.8125 -0.0240272
0.609375 0.828125 -0.0155887
0.59375 0.828125 -0.0279648
0.609375 0.84375 -0.00594462
0.609375 0.828125 -0.0155887
0.625 0.828125 -0.00259404
0.625 0.84375 0.00625
0.609375 0.84375 -0.00594462
0.609375 0.828125 -0.0155887
0.609375 0.8125 -0.0240272
0.625 0.8125 -0.0102458
0.625 0.828125 -0.00259404
0.609375 0.828125 -0.0155887
0.5625 0.8125 -0.0616117
0.5625 0.796875 -0.071875
0.578125 0.796875 -0.0588914
0.578125 0.8125 -0.0499512
0.5625 0.8125 -0.0616117
0.5625 0.796875 -0.071875
0.5625 0.78125 -0.0801229
0.578125 0.78125 -0.0658568
0.578125 0.796875 -0.0588914
0.5625 0.796875 -0.071875
0.578125 0.8125 -0.0499512
0.578125 0.796875 -0.0588914
0.59375 0.796875 -0.0451843
0.59375 0.8125 -0.0373265
0.578125 0.8125 -0.0499512
0.578125 0.796875 -0.0588914
0.578125 0.78125 -0.0658568
0.59375 0.78125 -0.0511788
0.59375 0.796875 -0.0451843
0.578125 0.796875 -0.0588914
0.5625 0.78125 -0.0801229
0.5625 0.75 -0.0875
0.59375 0.75 -0.05625
0.59375 0.78125 -0.0511788
0.5625 0.78125 -0.0801229
0.59375 0.8125 -0.0373265
0.59375 0.796875 -0.0451843
0.609375 0.796875 -0.0310035
0.609375 0.8125 -0.0240272
0.59375 0.8125 -0.0373265
0.59375 0.796875 -0.0451843
0.59375 0.78125 -0.0511788
0.609375 0.78125 -0.0362483
0.609375 0.796875 -0.0310035
0.59375 0.796875 -0.0451843
0.609375 0.8125 -0.0240272
0.609375 0.796875 -0.0310035
0.625 0.796875 -0.0164999
0.625 0.8125 -0.0102458
0.609375 0.8125 -0.0240272
0.609375 0.796875 -0.0310035
0.609375 0.78125 -0.0362483
0.625 0.78125 -0.0211529
0.625 0.796875 -0.0164999
0.609375 0.796875 -0.0310035
0.59375 0.78125 -0.0511788
0.59375 0.765625 -0.0549568
0.609375 0.765625 -0.0395146
0.609375 0.78125 -0.0362483
0.59375 0.78125 -0.0511788
0.59375 0.765625 -0.0549568
0.59375 0.75 -0.05625
0.609375 0.75 -0.040625
0.609375 0.765625 -0.0395146
0.59375 0.765625 -0.0549568
0.609375 0.78125 -0.0362483
0.609375 0.765625 -0.0395146
0.625 0.765625 -0.0240272
0.625 0.78125 -0.0211529
0.609375 0.78125 -0.0362483
0.609375 0.765625 -0.0395146
0.609375 0.75 -0.040625
0.625 0.75 -0.025
0.625 0.765625 -0.0240272
0.609375 0.765625 -0.0395146
0.625 1 0.129508
0.625 0.96875 0.101946
0.65625 0.96875 0.118823
0.65625 1 0.144812
0.625 1 0.129508
0.625 0.96875 0.101946
0.625 0.9375 0.075347
0.65625 0.9375 0.0940703
0.65625 0.96875 0.118823
0.625 0.96875 0.101946
0.65625 1 0.144812
0.65625 0.96875 0.118823
0.6875 0.96875 0.138111
0.6875 1 0.1625
0.65625 1 0.144812
0.65625 0.96875 0.118823
0.65625 0.9375 0.0940703
0.6875 0.9375 0.115165
0.6875 0.96875 0.138111
0.65625 0.96875 0.118823
0.625 0.9375 0.075347
0.625 0.90625 0.0500976
0.65625 0.90625 0.0709709
0.65625 0.9375 0.0940703
0.625 0.9375 0.075347
0.625 0.90625 0.0500976
0.625 0.890625 0.0381499
0.640625 0.890625 0.0488738
0.640625 0.90625 0.0602129
0.625 0.90625 0.0500976
0.625 0.890625 0.0381499
0.625 0.875 0.0267767
0.640625 0.875 0.0381499
0.640625 0.890625 0.0488738
0.625 0.890625 0.0381499
0.640625 0.90625 0.0602129
0.640625 0.890625 0.0488738
0.65625 0.890625 0.0602129
0.65625 0.90625 0.0709709
0.640625 0.90625 0.0602129
0.640625 0.890625 0.0488738
0.640625 0.875 0.0381499
0.65625 0.875 0.0500976
0.65625 0.890625 0.0602129
0.640625 0.890625 0.0488738
0.65625 0.9375 0.0940703
0.65625 0.90625 0.0709709
0.6875 0.90625 0.0940703
0.6875 0.9375 0.115165
0.65625 0.9375 0.0940703
0.65625 0.90625 0.0709709
0.65625 0.875 0.0500976
0.6875 0.875 0.075347
0.6875 0.90625 0.0940703
0.65625 0.90625 0.0709709
0.6875 1 0.1625
0.6875 0.9375 0.115165
0.75 0.9375 0.1625
0.75 1 0.203553
0.6875 1 0.1625
0.6875 0.9375 0.115165
0.6875 0.90625 0.0940703
0.71875 0.90625 0.118823
0.71875 0.9375 0.138111
0.6875 0.9375 0.115165
0.6875 0.90625 0.0940703
0.6875 0.875 0.075347
0.71875 0.875 0.101946
0.71875 0.90625 0.118823
0.6875 0.90625 0.0940703
0.71875 0.9375 0.138111
0.71875 0.90625 0.118823
0.75 0.90625 0.144812
0.75 0.9375 0.1625
0.71875 0.9375 0.138111
0.71875 0.90625 0.118823
0.71875 0.875 0.101946
0.75 0.875 0.129508
0.75 0.90625 0.144812
0.71875 0.90625 0.118823
0.625 0.875 0.0267767
0.625 0.859375 0.016096
0.640625 0.859375 0.0281524
0.640625 0.875 0.0381499
0.625 0.875 0.0267767
0.625 0.859375 0.016096
0.625 0.84375 0.00625
0.640625 0.84375 0.0190102
0.640625 0.859375 0.0281524
0.625 0.859375 0.016096
0.640625 0.875 0.0381499
0.640625 0.859375 0.0281524
0.65625 0.859375 0.0407274
0.65625 0.875 0.0500976
0.640625 0.875 0.0381499
0.640625 0.859375 0.0281524
0.640625 0.84375 0.0190102
0.65625 0.84375 0.0322172
0.65625 0.859375 0.0407274
0.640625 0.859375 0.0281524
0.625 0.84375 0.00625
0.625 0.828125 -0.00259404
0.640625 0.828125 0.0108692
0.640625 0.84375 0.0190102
0.625 0.84375 0.00625
0.625 0.828125 -0.00259404
0.625 0.8125 -0.0102458
0.640625 0.8125 0.0038884
0.640625 0.828125 0.0108692
0.625 0.828125 -0.00259404
0.640625 0.84375 0.0190102
0.640625 0.828125 0.0108692
0.65625 0.828125 0.0246928
0.65625 0.84375 0.0322172
0.640625 0.84375 0.0190102
0.640625 0.828125 0.0108692
0.640625 0.8125 0.0038884
0.65625 0.8125 0.0182864
0.65625 0.828125 0.0246928
0.640625 0.828125 0.0108692
0.65625 0.875 0.0500976
0.65625 0.859375 0.0407274
0.671875 0.859375 0.0537251
0.671875 0.875 0.062523
0.65625 0.875 0.0500976
0.65625 0.859375 0.0407274
0.65625 0.84375 0.0322172
0.671875 0.84375 0.0457807
0.671875 0.859375 0.0537251
0.65625 0.859375 0.0407274
0.671875 0.875 0.062523
0.671875 0.859375 0.0537251
0.6875 0.859375 0.0670694
0.6875 0.875 0.075347
0.671875 0.875 0.062523
0.671875 0.859375 0.0537251
0.671875 0.84375 0.0457807
0.6875 0.84375 0.0596314
0.6875 0.859375 0.0670694
0.671875 0.859375 0.0537251
0.65625 0.84375 0.0322172
0.65625 0.828125 0.0246928
0.671875 0.828125 0.0387976
0.671875 0.84375 0.0457807
0.65625 0.84375 0.0322172
0.65625 0.828125 0.0246928
0.65625 0.8125 0.0182864
0.671875 0.8125 0.0328859
0.671875 0.828125 0.0387976
0.65625 0.828125 0.0246928
0.671875 0.84375 0.0457807
0.671875 0.828125 0.0387976
0.6875 0.828125 0.053125
0.6875 0.84375 0.0596314
0.671875 0.84375 0.0457807
0.671875 0.828125 0.0387976
0.671875 0.8125 0.0328859
0.6875 0.8125 0.0476424
0.6875 0.828125 0.053125
0.671875 0.828125 0.0387976
0.625 0.8125 -0.0102458
0.625 0.796875 -0.0164999
0.640625 0.796875 -0.00176823
0.640625 0.8125 0.0038884
0.625 0.8125 -0.0102458
0.625 0.796875 -0.0164999
0.625 0.78125 -0.0211529
0.640625 0.78125 -0.00594462
0.640625 0.796875 -0.00176823
0.625 0.796875 -0.0164999
0.640625 0.8125 0.0038884
0.640625 0.796875 -0.00176823
0.65625 0.796875 0.0131298
0.65625 0.8125 0.0182864
0.640625 0.8125 0.0038884
0.640625 0.796875 -0.00176823
0.640625 0.78125 -0.00594462
0.65625 0.78125 0.00934436
0.65625 0.796875 0.0131298
0.640625 0.796875 -0.00176823
0.625 0.78125 -0.0211529
0.625 0.765625 -0.0240272
0.640625 0.765625 -0.00850961
0.640625 0.78125 -0.00594462
0.625 0.78125 -0.0211529
0.625 0.765625 -0.0240272
0.625 0.75 -0.025
0.640625 0.75 -0.009375
0.640625 0.765625 -0.00850961
0.625 0.765625 -0.0240272
0.640625 0.78125 -0.00594462
0.640625 0.765625 -0.00850961
0.65625 0.765625 0.00702931
0.65625 0.78125 0.00934436
0.640625 0.78125 -0.00594462
0.640625 0.765625 -0.00850961
0.640625 0.75 -0.009375
0.65625 0.75 0.00625
0.65625 0.765625 0.00702931
0.640625 0.765625 -0.00850961
0.65625 0.8125 0.0182864
0.65625 0.796875 0.0131298
0.671875 0.796875 0.0281524
0.671875 0.8125 0.0328859
0.65625 0.8125 0.0182864
0.65625 0.796875 0.0131298
0.65625 0.78125 0.00934436
0.671875 0.78125 0.0246928
0.671875 0.796875 0.0281524
0.65625 0.796875 0.0131298
0.671875 0.8125 0.0328859
0.671875 0.796875 0.0281524
0.6875 0.796875 0.0432706
0.6875 0.8125 0.0476424
0.671875 0.8125 0.0328859
0.671875 0.796875 0.0281524
0.671875 0.78125 0.0246928
0.6875 0.78125 0.0400863
0.6875 0.796875 0.0432706
0.671875 0.796875 0.0281524
0.65625 0.78125 0.00934436
0.65625 0.765625 0.00702931
0.671875 0.765625 0.0225838
0.671875 0.78125 0.0246928
0.65625 0.78125 0.00934436
0.65625 0.765625 0.00702931
0.65625 0.75 0.00625
0.671875 0.75 0.021875
0.671875 0.765625 0.0225838
0.65625 0.765625 0.00702931
0.671875 0.78125 0.0246928
0.671875 0.765625 0.0225838
0.6875 0.765625 0.0381499
0.6875 0.78125 0.0400863
0.671875 0.78125 0.0246928
0.671875 0.765625 0.0225838
0.671875 0.75 0.021875
0.6875 0.75 0.0375
0.6875 0.765625 0.0381499
0.671875 0.765625 0.0225838
0.6875 0.875 0.075347
0.6875 0.84375 0.0596314
0.71875 0.84375 0.0879929
0.71875 0.875 0.101946
0.6875 0.875 0.075347
0.6875 0.84375 0.0596314
0.6875 0.8125 0.0476424
0.71875 0.8125 0.0775034
0.71875 0.84375 0.0879929
0.6875 0.84375 0.0596314
0.71875 0.875 0.101946
0.71875 0.84375 0.0879929
0.75 0.84375 0.117
0.75 0.875 0.129508
0.71875 0.875 0.101946
0.71875 0.84375 0.0879929
0.71875 0.8125 0.0775034
0.75 0.8125 0.107694
0.75 0.84375 0.117
0.71875 0.84375 0.0879929
0.6875 0.8125 0.0476424
0.6875 0.796875 0.0432706
0.703125 0.796875 0.0584635
0.703125 0.8125 0.062523
0.6875 0.8125 0.0476424
0.6875 0.796875 0.0432706
0.6875 0.78125 0.0400863
0.703125 0.78125 0.0555148
0.703125 0.796875 0.0584635
0.6875 0.796875 0.0432706
0.703125 0.8125 0.062523
0.703125 0.796875 0.0584635
0.71875 0.796875 0.073716
0.71875 0.8125 0.0775034
0.703125 0.8125 0.062523
0.703125 0.796875 0.0584635
0.703125 0.78125 0.0555148
0.71875 0.78125 0.0709709
0.71875 0.796875 0.073716
0.703125 0.796875 0.0584635
0.6875 0.78125 0.0400863
0.6875 0.765625 0.0381499
0.703125 0.765625 0.0537251
0.703125 0.78125 0.0555148
0.6875 0.78125 0.0400863
0.6875 0.765625 0.0381499
0.6875 0.75 0.0375
0.703125 0.75 0.053125
0.703125 0.765625 0.0537251
0.6875 0.765625 0.0381499
0.703125 0.78125 0.0555148
0.703125 0.765625 0.0537251
0.71875 0.765625 0.0693073
0.71875 0.78125 0.0709709
0.703125 0.78125 0.0555148
0.703125 0.765625 0.0537251
0.703125 0.75 0.053125
0.71875 0.75 0.06875
0.71875 0.765625 0.0693073
0.703125 0.765625 0.0537251
0.71875 0.8125 0.0775034
0.71875 0.78125 0.0709709
0.75 0.78125 0.101946
0.75 0.8125 0.107694
0.71875 0.8125 0.0775034
0.71875 0.78125 0.0709709
0.71875 0.75 0.06875
0.75 0.75 0.1
0.75 0.78125 0.101946
0.71875 0.78125 0.0709709
0.5 0.75 -0.15
0.5 0.71875 -0.11875
0.53125 0.71875 -0.105806
0.53125 0.75 -0.11875
0.5 0.75 -0.15
0.5 0.71875 -0.11875
0.5 0.6875 -0.0875
0.53125 0.6875 -0.0801229
0.53125 0.71875 -0.105806
0.5 0.71875 -0.11875
0.53125 0.75 -0.11875
0.53125 0.71875 -0.105806
0.5625 0.71875 -0.0801229
0.5625 0.75 -0.0875
0.53125 0.75 -0.11875
0.53125 0.71875 -0.105806
0.53125 0.6875 -0.0801229
0.5625 0.6875 -0.0616117
0.5625 0.71875 -0.0801229
0.53125 0.71875 -0.105806
0.5 0.6875 -0.0875
0.5 0.65625 -0.05625
0.53125 0.65625 -0.0511788
0.53125 0.6875 -0.0801229
0.5 0.6875 -0.0875
0.5 0.65625 -0.05625
0.5 0.640625 -0.040625
0.515625 0.640625 -0.0395146
0.515625 0.65625 -0.0549568
0.5 0.65625 -0.05625
0.5 0.640625 -0.040625
0.5 0.625 -0.025
0.515625 0.625 -0.0240272
0.515625 0.640625 -0.0395146
0.5 0.640625 -0.040625
0.515625 0.65625 -0.0549568
0.515625 0.640625 -0.0395146
0.53125 0.640625 -0.0362483
0.53125 0.65625 -0.0511788
0.515625 0.65625 -0.0549568
0.515625 0.640625 -0.0395146
0.515625 0.625 -0.0240272
0.53125 0.625 -0.0211529
0.53125 0.640625 -0.0362483
0.515625 0.640625 -0.0395146
0.53125 0.6875 -0.0801229
0.53125 0.671875 -0.0658568
0.546875 0.671875 -0.0588914
0.546875 0.6875 -0.071875
0.53125 0.6875 -0.0801229
0.53125 0.671875 -0.0658568
0.53125 0.65625 -0.0511788
0.546875 0.65625 -0.0451843
0.546875 0.671875 -0.0588914
0.53125 0.671875 -0.0658568
0.546875 0.6875 -0.071875
0.546875 0.671875 -0.0588914
0.5625 0.671875 -0.0499512
0.5625 0.6875 -0.0616117
0.546875 0.6875 -0.071875
0.546875 0.671875 -0.0588914
0.546875 0.65625 -0.0451843
0.5625 0.65625 -0.0373265
0.5625 0.671875 -0.0499512
0.546875 0.671875 -0.0588914
0.53125 0.65625 -0.0511788
0.53125 0.640625 -0.0362483
0.546875 0.640625 -0.0310035
0.546875 0.65625 -0.0451843
0.53125 0.65625 -0.0511788
0.53125 0.640625 -0.0362483
0.53125 0.625 -0.0211529
0.546875 0.625 -0.0164999
0.546875 0.640625 -0.0310035
0.53125 0.640625 -0.0362483
0.546875 0.65625 -0.0451843
0.546875 0.640625 -0.0310035
0.5625 0.640625 -0.0240272
0.5625 0.65625 -0.0373265
0.546875 0.65625 -0.0451843
0.546875 0.640625 -0.0310035
0.546875 0.625 -0.0164999
0.5625 0.625 -0.0102458
0.5625 0.640625 -0.0240272
0.546875 0.640625 -0.0310035
0.5625 0.75 -0.0875
0.5625 0.71875 -0.0801229
0.59375 0.71875 -0.0511788
0.59375 0.75 -0.05625
0.5625 0.75 -0.0875
0.5625 0.71875 -0.0801229
0.5625 0.703125 -0.071875
0.578125 0.703125 -0.0588914
0.578125 0.71875 -0.0658568
0.5625 0.71875 -0.0801229
0.5625 0.703125 -0.071875
0.5625 0.6875 -0.0616117
0.578125 0.6875 -0.0499512
0.578125 0.703125 -0.0588914
0.5625 0.703125 -0.071875
0.578125 0.71875 -0.0658568
0.578125 0.703125 -0.0588914
0.59375 0.703125 -0.0451843
0.59375 0.71875 -0.0511788
0.578125 0.71875 -0.0658568
0.578125 0.703125 -0.0588914
0.578125 0.6875 -0.0499512
0.59375 0.6875 -0.0373265
0.59375 0.703125 -0.0451843
0.578125 0.703125 -0.0588914
0.59375 0.75 -0.05625
0.59375 0.734375 -0.0549568
0.609375 0.734375 -0.0395146
0.609375 0.75 -0.040625
0.59375 0.75 -0.05625
0.59375 0.734375 -0.0549568
0.59375 0.71875 -0.0511788
0.609375 0.71875 -0.0362483
0.609375 0.734375 -0.0395146
0.59375 0.734375 -0.0549568
0.609375 0.75 -0.040625
0.609375 0.734375 -0.0395146
0.625 0.734375 -0.0240272
0.625 0.75 -0.025
0.609375 0.75 -0.040625
0.609375 0.734375 -0.0395146
0.609375 0.71875 -0.0362483
0.625 0.71875 -0.0211529
0.625 0.734375 -0.0240272
0.609375 0.734375 -0.0395146
0.59375 0.71875 -0.0511788
0.59375 0.703125 -0.0451843
0.609375 0.703125 -0.0310035
0.609375 0.71875 -0.0362483
0.59375 0.71875 -0.0511788
0.59375 0.703125 -0.0451843
0.59375 0.6875 -0.0373265
0.609375 0.6875 -0.0240272
0.609375 0.703125 -0.0310035
0.59375 0.703125 -0.0451843
0.609375 0.71875 -0.0362483
0.609375 0.703125 -0.0310035
0.625 0.703125 -0.0164999
0.625 0.71875 -0.0211529
0.609375 0.71875 -0.0362483
0.609375 0.703125 -0.0310035
0.609375 0.6875 -0.0240272
0.625 0.6875 -0.0102458
0.625 0.703125 -0.0164999
0.609375 0.703125 -0.0310035
0.5625 0.6875 -0.0616117
0.5625 0.671875 -0.0499512
0.578125 0.671875 -0.0395146
0.578125 0.6875 -0.0499512
0.5625 0.6875 -0.0616117
0.5625 0.671875 -0.0499512
0.5625 0.65625 -0.0373265
0.578125 0.65625 -0.0279648
0.578125 0.671875 -0.0395146
0.5625 0.671875 -0.0499512
0.578125 0.6875 -0.0499512
0.578125 0.671875 -0.0395146
0.59375 0.671875 -0.0279648
0.59375 0.6875 -0.0373265
0.578125 0.6875 -0.0499512
0.578125 0.671875 -0.0395146
0.578125 0.65625 -0.0279648
0.59375 0.65625 -0.0174175
0.59375 0.671875 -0.0279648
0.578125 0.671875 -0.0395146
0.5625 0.65625 -0.0373265
0.5625 0.640625 -0.0240272
0.578125 0.640625 -0.0155887
0.578125 0.65625 -0.0279648
0.5625 0.65625 -0.0373265
0.5625 0.640625 -0.0240272
0.5625 0.625 -0.0102458
0.578125 0.625 -0.00259404
0.578125 0.640625 -0.0155887
0.5625 0.640625 -0.0240272
0.578125 0.65625 -0.0279648
0.578125 0.640625 -0.0155887
0.59375 0.640625 -0.00594462
0.59375 0.65625 -0.0174175
0.578125 0.65625 -0.0279648
0.578125 0.640625 -0.0155887
0.578125 0.625 -0.00259404
0.59375 0.625 0.00625
0.59375 0.640625 -0.00594462
0.578125 0.640625 -0.0155887
0.59375 0.6875 -0.0373265
0.59375 0.671875 -0.0279648
0.609375 0.671875 -0.0155887
0.609375 0.6875 -0.0240272
0.59375 0.6875 -0.0373265
0.59375 0.671875 -0.0279648
0.59375 0.65625 -0.0174175
0.609375 0.65625 -0.00594462
0.609375 0.671875 -0.0155887
0.59375 0.671875 -0.0279648
0.609375 0.6875 -0.0240272
0.609375 0.671875 -0.0155887
0.625 0.671875 -0.00259404
0.625 0.6875 -0.0102458
0.609375 0.6875 -0.0240272
0.609375 0.671875 -0.0155887
0.609375 0.65625 -0.00594462
0.625 0.65625 0.00625
0.625 0.671875 -0.00259404
0.609375 0.671875 -0.0155887
0.59375 0.65625 -0.0174175
0.59375 0.640625 -0.00594462
0.609375 0.640625 0.00467961
0.609375 0.65625 -0.00594462
0.59375 0.65625 -0.0174175
0.59375 0.640625 -0.00594462
0.59375 0.625 0.00625
0.609375 0.625 0.016096
0.609375 0.640625 0.00467961
0.59375 0.640625 -0.00594462
0.609375 0.65625 -0.00594462
0.609375 0.640625 0.00467961
0.625 0.640625 0.016096
0.625 0.65625 0.00625
0.609375 0.65625 -0.00594462
0.609375 0.640625 0.00467961
0.609375 0.625 0.016096
0.625 0.625 0.0267767
0.625 0.640625 0.016096
0.609375 0.640625 0.00467961
0.5 0.625 -0.025
0.5 0.609375 -0.009375
0.515625 0.609375 -0.00850961
0.515625 0.625 -0.0240272
0.5 0.625 -0.025
0.5 0.609375 -0.009375
0.5 0.59375 0.00625
0.515625 0.59375 0.00702931
0.515625 0.609375 -0.00850961
0.5 0.609375 -0.009375
0.515625 0.625 -0.0240272
0.515625 0.609375 -0.00850961
0.53125 0.609375 -0.00594462
0.53125 0.625 -0.0211529
0.515625 0.625 -0.0240272
0.515625 0.609375 -0.00850961
0.515625 0.59375 0.00702931
0.53125 0.59375 0.00934436
0.53125 0.609375 -0.00594462
0.515625 0.609375 -0.00850961
0.5 0.59375 0.00625
0.5 0.578125 0.021875
0.515625 0.578125 0.0225838
0.515625 0.59375 0.00702931
0.5 0.59375 0.00625
0.5 0.578125 0.021875
0.5 0.5625 0.0375
0.515625 0.5625 0.0381499
0.515625 0.578125 0.0225838
0.5 0.578125 0.021875
0.515625 0.59375 0.00702931
0.515625 0.578125 0.0225838
0.53125 0.578125 0.0246928
0.53125 0.59375 0.00934436
0.515625 0.59375 0.00702931
0.515625 0.578125 0.0225838
0.515625 0.5625 0.0381499
0.53125 0.5625 0.0400863
0.53125 0.578125 0.0246928
0.515625 0.578125 0.0225838
0.53125 0.625 -0.0211529
0.53125 0.609375 -0.00594462
0.546875 0.609375 -0.00176823
0.546875 0.625 -0.0164999
0.53125 0.625 -0.0211529
0.53125 0.609375 -0.00594462
0.53125 0.59375 0.00934436
0.546875 0.59375 0.0131298
0.546875 0.609375 -0.00176823
0.53125 0.609375 -0.00594462
0.546875 0.625 -0.0164999
0.546875 0.609375 -0.00176823
0.5625 0.609375 0.0038884
0.5625 0.625 -0.0102458
0.546875 0.625 -0.0164999
0.546875 0.609375 -0.00176823
0.546875 0.59375 0.0131298
0.5625 0.59375 0.0182864
0.5625 0.609375 0.0038884
0.546875 0.609375 -0.00176823
0.53125 0.59375 0.00934436
0.53125 0.578125 0.0246928
0.546875 0.578125 0.0281524
0.546875 0.59375 0.0131298
0.53125 0.59375 0.00934436
0.53125 0.578125 0.0246928
0.53125 0.5625 0.0400863
0.546875 0.5625 0.0432706
0.546875 0.578125 0.0281524
0.53125 0.578125 0.0246928
0.546875 0.59375 0.0131298
0.546875 0.578125 0.0281524
0.5625 0.578125 0.0328859
0.5625 0.59375 0.0182864
0.546875 0.59375 0.0131298
0.546875 0.578125 0.0281524
0.546875 0.5625 0.0432706
0.5625 0.5625 0.0476424
0.5625 0.578125 0.0328859
0.546875 0.578125 0.0281524
0.5 0.5625 0.0375
0.5 0.546875 0.053125
0.515625 0.546875 0.0537251
0.515625 0.5625 0.0381499
0.5 0.5625 0.0375
0.5 0.546875 0.053125
0.5 0.53125 0.06875
0.515625 0.53125 0.0693073
0.515625 0.546875 0.0537251
0.5 0.546875 0.053125
0.515625 0.5625 0.0381499
0.515625 0.546875 0.0537251
0.53125 0.546875 0.0555148
0.53125 0.5625 0.0400863
0.515625 0.5625 0.0381499
0.515625 0.546875 0.0537251
0.515625 0.53125 0.0693073
0.53125 0.53125 0.0709709
0.53125 0.546875 0.0555148
0.515625 0.546875 0.0537251
0.5 0.53125 0.06875
0.5 0.5 0.1
0.53125 0.5 0.101946
0.53125 0.53125 0.0709709
0.5 0.53125 0.06875
0.53125 0.5625 0.0400863
0.53125 0.546875 0.0555148
0.546875 0.546875 0.0584635
0.546875 0.5625 0.0432706
0.53125 0.5625 0.0400863
0.53125 0.546875 0.0555148
0.53125 0.53125 0.0709709
0.546875 0.53125 0.073716
0.546875 0.546875 0.0584635
0.53125 0.546875 0.0555148
0.546875 0.5625 0.0432706
0.546875 0.546875 0.0584635
0.5625 0.546875 0.062523
0.5625 0.5625 0.0476424
0.546875 0.5625 0.0432706
0.546875 0.546875 0.0584635
0.546875 0.53125 0.073716
0.5625 0.53125 0.0775034
0.5625 0.546875 0.062523
0.546875 0.546875 0.0584635
0.53125 0.53125 0.0709709
0.53125 0.5 0.101946
0.5625 0.5 0.107694
0.5625 0.53125 0.0775034
0.53125 0.53125 0.0709709
0.5625 0.625 -0.0102458
0.5625 0.609375 0.0038884
0.578125 0.609375 0.0108692
0.578125 0.625 -0.00259404
0.5625 0.625 -0.0102458
0.5625 0.609375 0.0038884
0.5625 0.59375 0.0182864
0.578125 0.59375 0.0246928
0.578125 0.609375 0.0108692
0.5625 0.609375 0.0038884
0.578125 0.625 -0.00259404
0.578125 0.609375 0.0108692
0.59375 0.609375 0.0190102
0.59375 0.625 0.00625
0.578125 0.625 -0.00259404
0.578125 0.609375 0.0108692
0.578125 0.59375 0.0246928
0.59375 0.59375 0.0322172
0.59375 0.609375 0.0190102
0.578125 0.609375 0.0108692
0.5625 0.59375 0.0182864
0.5625 0.578125 0.0328859
0.578125 0.578125 0.0387976
0.578125 0.59375 0.0246928
0.5625 0.59375 0.0182864
0.5625 0.578125 0.0328859
0.5625 0.5625 0.0476424
0.578125 0.5625 0.053125
0.578125 0.578125 0.0387976
0.5625 0.578125 0.0328859
0.578125 0.59375 0.0246928
0.578125 0.578125 0.0387976
0.59375 0.578125 0.0457807
0.59375 0.59375 0.0322172
0.578125 0.59375 0.0246928
0.578125 0.578125 0.0387976
0.578125 0.5625 0.053125
0.59375 0.5625 0.0596314
0.59375 0.578125 0.0457807
0.578125 0.578125 0.0387976
0.59375 0.625 0.00625
0.59375 0.609375 0.0190102
0.609375 0.609375 0.0281524
0.609375 0.625 0.016096
0.59375 0.625 0.00625
0.59375 0.609375 0.0190102
0.59375 0.59375 0.0322172
0.609375 0.59375 0.0407274
0.609375 0.609375 0.0281524
0.59375 0.609375 0.0190102
0.609375 0.625 0.016096
0.609375 0.609375 0.0281524
0.625 0.609375 0.0381499
0.625 0.625 0.0267767
0.609375 0.625 0.016096
0.609375 0.609375 0.0281524
0.609375 0.59375 0.0407274
0.625 0.59375 0.0500976
0.625 0.609375 0.0381499
0.609375 0.609375 0.0281524
0.59375 0.59375 0.0322172
0.59375 0.578125 0.0457807
0.609375 0.578125 0.0537251
0.609375 0.59375 0.0407274
0.59375 0.59375 0.0322172
0.59375 0.578125 0.0457807
0.59375 0.5625 0.0596314
0.609375 0.5625 0.0670694
0.609375 0.578125 0.0537251
0.59375 0.578125 0.0457807
0.609375 0.59375 0.0407274
0.609375 0.578125 0.0537251
0.625 0.578125 0.062523
0.625 0.59375 0.0500976
0.609375 0.59375 0.0407274
0.609375 0.578125 0.0537251
0.609375 0.5625 0.0670694
0.625 0.5625 0.075347
0.625 0.578125 0.062523
0.609375 0.578125 0.0537251
0.5625 0.5625 0.0476424
0.5625 0.53125 0.0775034
0.59375 0.53125 0.0879929
0.59375 0.5625 0.0596314
0.5625 0.5625 0.0476424
0.5625 0.53125 0.0775034
0.5625 0.5 0.107694
0.59375 0.5 0.117
0.59375 0.53125 0.0879929
0.5625 0.53125 0.0775034
0.59375 0.5625 0.0596314
0.59375 0.53125 0.0879929
0.625 0.53125 0.101946
0.625 0.5625 0.075347
0.59375 0.5625 0.0596314
0.59375 0.53125 0.0879929
0.59375 0.5 0.117
0.625 0.5 0.129508
0.625 0.53125 0.101946
0.59375 0.53125 0.0879929
0.625 0.75 -0.025
0.625 0.734375 -0.0240272
0.640625 0.734375 -0.00850961
0.640625 0.75 -0.009375
0.625 0.75 -0.025
0.625 0.734375 -0.0240272
0.625 0.71875 -0.0211529
0.640625 0.71875 -0.00594462
0.640625 0.734375 -0.00850961
0.625 0.734375 -0.0240272
0.640625 0.75 -0.009375
0.640625 0.734375 -0.00850961
0.65625 0.734375 0.00702931
0.65625 0.75 0.00625
0.640625 0.75 -0.009375
0.640625 0.734375 -0.00850961
0.640625 0.71875 -0.00594462
0.65625 0.71875 0.00934436
0.65625 0.734375 0.00702931
0.640625 0.734375 -0.00850961
0.625 0.71875 -0.0211529
0.625 0.703125 -0.0164999
0.640625 0.703125 -0.00176823
0.640625 0.71875 -0.00594462
0.625 0.71875 -0.0211529
0.625 0.703125 -0.0164999
0.625 0.6875 -0.0102458
0.640625 0.6875 0.0038884
0.640625 0.703125 -0.00176823
0.625 0.703125 -0.0164999
0.640625 0.71875 -0.00594462
0.640625 0.703125 -0.00176823
0.65625 0.703125 0.0131298
0.65625 0.71875 0.00934436
0.640625 0.71875 -0.00594462
0.640625 0.703125 -0.00176823
0.640625 0.6875 0.0038884
0.65625 0.6875 0.0182864
0.65625 0.703125 0.0131298
0.640625 0.703125 -0.00176823
0.65625 0.75 0.00625
0.65625 0.734375 0.00702931
0.671875 0.734375 0.0225838
0.671875 0.75 0.021875
0.65625 0.75 0.00625
0.65625 0.734375 0.00702931
0.65625 0.71875 0.00934436
0.671875 0.71875 0.0246928
0.671875 0.734375 0.0225838
0.65625 0.734375 0.00702931
0.671875 0.75 0.021875
0.671875 0.734375 0.0225838
0.6875 0.734375 0.0381499
0.6875 0.75 0.0375
0.671875 0.75 0.021875
0.671875 0.734375 0.0225838
0.671875 0.71875 0.0246928
0.6875 0.71875 0.0400863
0.6875 0.734375 0.0381499
0.671875 0.734375 0.0225838
0.65625 0.71875 0.00934436
0.65625 0.703125 0.0131298
0.671875 0.703125 0.0281524
0.671875 0.71875 0.0246928
0.65625 0.71875 0.00934436
0.65625 0.703125 0.0131298
0.65625 0.6875 0.0182864
0.671875 0.6875 0.0328859
0.671875 0.703125 0.0281524
0.65625 0.703125 0.0131298
0.671875 0.71875 0.0246928
0.671875 0.703125 0.0281524
0.6875 0.703125 0.0432706
0.6875 0.71875 0.0400863
0.671875 0.71875 0.0246928
0.671875 0.703125 0.0281524
0.671875 0.6875 0.0328859
0.6875 0.6875 0.0476424
0.6875 0.703125 0.0432706
0.671875 0.703125 0.0281524
0.625 0.6875 -0.0102458
0.625 0.671875 -0.00259404
0.640625 0.671875 0.0108692
0.640625 0.6875 0.0038884
0.625 0.6875 -0.0102458
0.625 0.671875 -0.00259404
0.625 0.65625 0.00625
0.640625 0.65625 0.0190102
0.640625 0.671875 0.0108692
0.625 0.671875 -0.00259404
0.640625 0.6875 0.0038884
0.640625 0.671875 0.0108692
0.65625 0.671875 0.0246928
0.65625 0.6875 0.0182864
0.640625 0.6875 0.0038884
0.640625 0.671875 0.0108692
0.640625 0.65625 0.0190102
0.65625 0.65625 0.0322172
0.65625 0.671875 0.0246928
0.640625 0.671875 0.0108692
0.625 0.65625 0.00625
0.625 0.640625 0.016096
0.640625 0.640625 0.0281524
0.640625 0.65625 0.0190102
0.625 0.65625 0.00625
0.625 0.640625 0.016096
0.625 0.625 0.0267767
0.640625 0.625 0.0381499
0.640625 0.640625 0.0281524
0.625 0.640625 0.016096
0.640625 0.65625 0.0190102
0.640625 0.640625 0.0281524
0.65625 0.640625 0.0407274
0.65625 0.65625 0.0322172
0.640625 0.65625 0.0190102
0.640625 0.640625 0.0281524
0.640625 0.625 0.0381499
0.65625 0.625 0.0500976
0.65625 0.640625 0.0407274
0.640625 0.640625 0.0281524
0.65625 0.6875 0.0182864
0.65625 0.671875 0.0246928
0.671875 0.671875 0.0387976
0.671875 0.6875 0.0328859
0.65625 0.6875 0.0182864
0.65625 0.671875 0.0246928
0.65625 0.65625 0.0322172
0.671875 0.65625 0.0457807
0.671875 0.671875 0.0387976
0.65625 0.671875 0.0246928
0.671875 0.6875 0.0328859
0.671875 0.671875 0.0387976
0.6875 0.671875 0.053125
0.6875 0.6875 0.0476424
0.671875 0.6875 0.0328859
0.671875 0.671875 0.0387976
0.671875 0.65625 0.0457807
0.6875 0.65625 0.0596314
0.6875 0.671875 0.053125
0.671875 0.671875 0.0387976
0.65625 0.65625 0.0322172
0.65625 0.640625 0.0407274
0.671875 0.640625 0.0537251
0.671875 0.65625 0.0457807
0.65625 0.65625 0.0322172
0.65625 0.640625 0.0407274
0.65625 0.625 0.0500976
0.671875 0.625 0.062523
0.671875 0.640625 0.0537251
0.65625 0.640625 0.0407274
0.671875 0.65625 0.0457807
0.671875 0.640625 0.0537251
0.6875 0.640625 0.0670694
0.6875 0.65625 0.0596314
0.671875 0.65625 0.0457807
0.671875 0.640625 0.0537251
0.671875 0.625 0.062523
0.6875 0.625 0.075347
0.6875 0.640625 0.0670694
0.671875 0.640625 0.0537251
0.6875 0.75 0.0375
0.6875 0.734375 0.0381499
0.703125 0.734375 0.0537251
0.703125 0.75 0.053125
0.6875 0.75 0.0375
0.6875 0.734375 0.0381499
0.6875 0.71875 0.0400863
0.703125 0.71875 0.0555148
0.703125 0.734375 0.0537251
0.6875 0.734375 0.0381499
0.703125 0.75 0.053125
0.703125 0.734375 0.0537251
0.71875 0.734375 0.0693073
0.71875 0.75 0.06875
0.703125 0.75 0.053125
0.703125 0.734375 0.0537251
0.703125 0.71875 0.0555148
0.71875 0.71875 0.0709709
0.71875 0.734375 0.0693073
0.703125 0.734375 0.0537251
0.6875 0.71875 0.0400863
0.6875 0.703125 0.0432706
0.703125 0.703125 0.0584635
0.703125 0.71875 0.0555148
0.6875 0.71875 0.0400863
0.6875 0.703125 0.0432706
0.6875 0.6875 0.0476424
0.703125 0.6875 0.062523
0.703125 0.703125 0.0584635
0.6875 0.703125 0.0432706
0.703125 0.71875 0.0555148
0.703125 0.703125 0.0584635
0.71875 0.703125 0.073716
0.71875 0.71875 0.0709709
0.703125 0.71875 0.0555148
0.703125 0.703125 0.0584635
0.703125 0.6875 0.062523
0.71875 0.6875 0.0775034
0.71875 0.703125 0.073716
0.703125 0.703125 0.0584635
0.71875 0.75 0.06875
0.71875 0.71875 0.0709709
0.75 0.71875 0.101946
0.75 0.75 0.1
0.71875 0.75 0.06875
0.71875 0.71875 0.0709709
0.71875 0.6875 0.0775034
0.75 0.6875 0.107694
0.75 0.71875 0.101946
0.71875 0.71875 0.0709709
0.6875 0.6875 0.0476424
0.6875 0.65625 0.0596314
0.71875 0.65625 0.0879929
0.71875 0.6875 0.0775034
0.6875 0.6875 0.0476424
0.6875 0.65625 0.0596314
0.6875 0.625 0.075347
0.71875 0.625 0.101946
0.71875 0.65625 0.0879929
0.6875 0.65625 0.0596314
0.71875 0.6875 0.0775034
0.71875 0.65625 0.0879929
0.75 0.65625 0.117
0.75 0.6875 0.107694
0.71875 0.6875 0.0775034
0.71875 0.65625 0.0879929
0.71875 0.625 0.101946
0.75 0.625 0.129508
0.75 0.65625 0.117
0.71875 0.65625 0.0879929
0.625 0.625 0.0267767
0.625 0.609375 0.0381499
0.640625 0.609375 0.0488738
0.640625 0.625 0.0381499
0.625 0.625 0.0267767
0.625 0.609375 0.0381499
0.625 0.59375 0.0500976
0.640625 0.59375 0.0602129
0.640625 0.609375 0.0488738
0.625 0.609375 0.0381499
0.640625 0.625 0.0381499
0.640625 0.609375 0.0488738
0.65625 0.609375 0.0602129
0.65625 0.625 0.0500976
0.640625 0.625 0.0381499
0.640625 0.609375 0.0488738
0.640625 0.59375 0.0602129
0.65625 0.59375 0.0709709
0.65625 0.609375 0.0602129
0.640625 0.609375 0.0488738
0.625 0.59375 0.0500976
0.625 0.5625 0.075347
0.65625 0.5625 0.0940703
0.65625 0.59375 0.0709709
0.625 0.59375 0.0500976
0.65625 0.625 0.0500976
0.65625 0.59375 0.0709709
0.6875 0.59375 0.0940703
0.6875 0.625 0.075347
0.65625 0.625 0.0500976
0.65625 0.59375 0.0709709
0.65625 0.5625 0.0940703
0.6875 0.5625 0.115165
0.6875 0.59375 0.0940703
0.65625 0.59375 0.0709709
0.625 0.5625 0.075347
0.625 0.53125 0.101946
0.65625 0.53125 0.118823
0.65625 0.5625 0.0940703
0.625 0.5625 0.075347
0.625 0.53125 0.101946
0.625 0.5 0.129508
0.65625 0.5 0.144812
0.65625 0.53125 0.118823
0.625 0.53125 0.101946
0.65625 0.5625 0.0940703
0.65625 0.53125 0.118823
0.6875 0.53125 0.138111
0.6875 0.5625 0.115165
0.65625 0.5625 0.0940703
0.65625 0.53125 0.118823
0.65625 0.5 0.144812
0.6875 0.5 0.1625
0.6875 0.53125 0.138111
0.65625 0.53125 0.118823
0.6875 0.625 0.075347
0.6875 0.59375 0.0940703
0.71875 0.59375 0.118823
0.71875 0.625 0.101946
0.6875 0.625 0.075347
0.6875 0.59375 0.0940703
0.6875 0.5625 0.115165
0.71875 0.5625 0.138111
0.71875 0.59375 0.118823
0.6875 0.59375 0.0940703
0.71875 0.625 0.101946
0.71875 0.59375 0.118823
0.75 0.59375 0.144812
0.75 0.625 0.129508
0.71875 0.625 0.101946
0.71875 0.59375 0.118823
0.71875 0.5625 0.138111
0.75 0.5625 0.1625
0.75 0.59375 0.144812
0.71875 0.59375 0.118823
0.6875 0.5625 0.115165
0.6875 0.5 0.1625
0.75 0.5 0.203553
0.75 0.5625 0.1625
0.6875 0.5625 0.115165
0.75 1 0.203553
0.75 0.9375 0.1625
0.8125 0.9375 0.214434
0.8125 1 0.250195
0.75 1 0.203553
0.75 0.9375 0.1625
0.75 0.875 0.129508
0.8125 0.875 0.186573
0.8125 0.9375 0.214434
0.75 0.9375 0.1625
0.8125 1 0.250195
0.8125 0.9375 0.214434
0.875 0.9375 0.269263
0.875 1 0.300694
0.8125 1 0.250195
0.8125 0.9375 0.214434
0.8125 0.875 0.186573
0.875 0.875 0.245285
0.875 0.9375 0.269263
0.8125 0.9375 0.214434
0.75 0.875 0.129508
0.75 0.8125 0.107694
0.8125 0.8125 0.168689
0.8125 0.875 0.186573
0.75 0.875 0.129508
0.75 0.8125 0.107694
0.75 0.75 0.1
0.8125 0.75 0.1625
0.8125 0.8125 0.168689
0.75 0.8125 0.107694
0.8125 0.875 0.186573
0.8125 0.8125 0.168689
0.875 0.8125 0.230173
0.875 0.875 0.245285
0.8125 0.875 0.186573
0.8125 0.8125 0.168689
0.8125 0.75 0.1625
0.875 0.75 0.225
0.875 0.8125 0.230173
0.8125 0.8125 0.168689
0.875 1 0.300694
0.875 0.875 0.245285
1 0.875 0.365388
1 1 0.409017
0.875 1 0.300694
0.875 0.875 0.245285
0.875 0.75 0.225
1 0.75 0.35
1 0.875 0.365388
0.875 0.875 0.245285
0.75 0.75 0.1
0.75 0.6875 0.107694
0.8125 0.6875 0.168689
0.8125 0.75 0.1625
0.75 0.75 0.1
0.75 0.6875 0.107694
0.75 0.625 0.129508
0.8125 0.625 0.186573
0.8125 0.6875 0.168689
0.75 0.6875 0.107694
0.8125 0.75 0.1625
0.8125 0.6875 0.168689
0.875 0.6875 0.230173
0.875 0.75 0.225
0.8125 0.75 0.1625
0.8125 0.6875 0.168689
0.8125 0.625 0.186573
0.875 0.625 0.245285
0.875 0.6875 0.230173
0.8125 0.6875 0.168689
0.75 0.625 0.129508
0.75 0.5625 0.1625
0.8125 0.5625 0.214434
0.8125 0.625 0.186573
0.75 0.625 0.129508
0.75 0.5625 0.1625
0.75 0.5 0.203553
0.8125 0.5 0.250195
0.8125 0.5625 0.214434
0.75 0.5625 0.1625
0.8125 0.625 0.186573
0.8125 0.5625 0.214434
0.875 0.5625 0.269263
0.875 0.625 0.245285
0.8125 0.625 0.186573
0.8125 0.5625 0.214434
0.8125 0.5 0.250195
0.875 0.5 0.300694
0.875 0.5625 0.269263
0.8125 0.5625 0.214434
0.875 0.75 0.225
0.875 0.625 0.245285
1 0.625 0.365388
1 0.75 0.35
0.875 0.75 0.225
0.875 0.625 0.245285
0.875 0.5 0.300694
1 0.5 0.409017
1 0.625 0.365388
0.875 0.625 0.245285
0.5 0.5 0.1
0.5 0.4375 0.1625
0.5625 0.4375 0.168689
0.5625 0.5 0.107694
0.5 0.5 0.1
0.5 0.4375 0.1625
0.5 0.375 0.225
0.5625 0.375 0.230173
0.5625 0.4375 0.168689
0.5 0.4375 0.1625
0.5625 0.5 0.107694
0.5625 0.4375 0.168689
0.625 0.4375 0.186573
0.625 0.5 0.129508
0.5625 0.5 0.107694
0.5625 0.4375 0.168689
0.5625 0.375 0.230173
0.625 0.375 0.245285
0.625 0.4375 0.186573
0.5625 0.4375 0.168689
0.5 0.375 0.225
0.5 0.25 0.35
0.625 0.25 0.365388
0.625 0.375 0.245285
0.5 0.375 0.225
0.625 0.5 0.129508
0.625 0.4375 0.186573
0.6875 0.4375 0.214434
0.6875 0.5 0.1625
0.625 0.5 0.129508
0.625 0.4375 0.186573
0.625 0.375 0.245285
0.6875 0.375 0.269263
0.6875 0.4375 0.214434
0.625 0.4375 0.186573
0.6875 0.5 0.1625
0.6875 0.4375 0.214434
0.75 0.4375 0.250195
0.75 0.5 0.203553
0.6875 0.5 0.1625
0.6875 0.4375 0.214434
0.6875 0.375 0.269263
0.75 0.375 0.300694
0.75 0.4375 0.250195
0.6875 0.4375 0.214434
0.625 0.375 0.245285
0.625 0.25 0.365388
0.75 0.25 0.409017
0.75 0.375 0.300694
0.625 0.375 0.245285
0.5 0.25 0.35
0.5 0.125 0.475
0.625 0.125 0.487377
0.625 0.25 0.365388
0.5 0.25 0.35
0.5 0.125 0.475
0.5 0 0.6
0.625 0 0.610345
0.625 0.125 0.487377
0.5 0.125 0.475
0.625 0.25 0.365388
0.625 0.125 0.487377
0.75 0.125 0.523146
0.75 0.25 0.409017
0.625 0.25 0.365388
0.625 0.125 0.487377
0.625 0 0.610345
0.75 0 0.640569
0.75 0.125 0.523146
0.625 0.125 0.487377
0.75 0.5 0.203553
0.75 0.375 0.300694
0.875 0.375 0.38033
0.875 0.5 0.300694
0.75 0.5 0.203553
0.75 0.375 0.300694
0.75 0.25 0.409017
0.875 0.25 0.475
0.875 0.375 0.38033
0.75 0.375 0.300694
0.875 0.5 0.300694
0.875 0.375 0.38033
1 0.375 0.475
1 0.5 0.409017
0.875 0.5 0.300694
0.875 0.375 0.38033
0.875 0.25 0.475
1 0.25 0.557107
1 0.375 0.475
0.875 0.375 0.38033
0.75 0.25 0.409017
0.75 0 0.640569
1 0 0.751388
1 0.25 0.557107
0.75 0.25 0.409017
