0 1 0.445728
0 0.875 0.367421
0.125 0.875 0.256975
0.125 1 0.348379
0 1 0.445728
0 0.875 0.367421
0 0.75 0.302347
0.125 0.75 0.184149
0.125 0.875 0.256975
0 0.875 0.367421
0.125 1 0.348379
0.125 0.9375 0.301251
0.1875 0.9375 0.258723
0.1875 1 0.310384
0.125 1 0.348379
0.125 0.9375 0.301251
0.125 0.875 0.256975
0.1875 0.875 0.209358
0.1875 0.9375 0.258723
0.125 0.9375 0.301251
0.1875 1 0.310384
0.1875 0.9375 0.258723
0.25 0.9375 0.221932
0.25 1 0.278268
0.1875 1 0.310384
0.1875 0.9375 0.258723
0.1875 0.875 0.209358
0.25 0.875 0.167136
0.25 0.9375 0.221932
0.1875 0.9375 0.258723
0.125 0.875 0.256975
0.125 0.8125 0.21743
0.1875 0.8125 0.163996
0.1875 0.875 0.209358
0.125 0.875 0.256975
0.125 0.8125 0.21743
0.125 0.75 0.184149
0.1875 0.75 0.12649
0.1875 0.8125 0.163996
0.125 0.8125 0.21743
0.1875 0.875 0.209358
0.1875 0.8125 0.163996
0.25 0.8125 0.116773
0.25 0.875 0.167136
0.1875 0.875 0.209358
0.1875 0.8125 0.163996
0.1875 0.78125 0.144255
0.21875 0.78125 0.118464
0.21875 0.8125 0.139735
0.1875 0.8125 0.163996
0.1875 0.78125 0.144255
0.1875 0.75 0.12649
0.21875 0.75 0.0991741
0.21875 0.78125 0.118464
0.1875 0.78125 0.144255
0.21875 0.8125 0.139735
0.21875 0.78125 0.118464
0.25 0.78125 0.0936975
0.25 0.8125 0.116773
0.21875 0.8125 0.139735
0.21875 0.78125 0.118464
0.21875 0.75 0.0991741
0.25 0.75 0.0725615
0.25 0.78125 0.0936975
0.21875 0.78125 0.118464
0 0.75 0.302347
0 0.6875 0.280117
0.0625 0.6875 0.218848
0.0625 0.75 0.242742
0 0.75 0.302347
0 0.6875 0.280117
0 0.625 0.264932
0.0625 0.625 0.20298
0.0625 0.6875 0.218848
0 0.6875 0.280117
0.0625 0.75 0.242742
0.0625 0.6875 0.218848
0.125 0.6875 0.157813
0.125 0.75 0.184149
0.0625 0.75 0.242742
0.0625 0.6875 0.218848
0.0625 0.625 0.20298
0.125 0.625 0.141118
0.125 0.6875 0.157813
0.0625 0.6875 0.218848
0 0.625 0.264932
0 0.5625 0.255238
0.0625 0.5625 0.19298
0.0625 0.625 0.20298
0 0.625 0.264932
0 0.5625 0.255238
0 0.5 0.248289
0.0625 0.5 0.185821
0.0625 0.5625 0.19298
0 0.5625 0.255238
0.0625 0.625 0.20298
0.0625 0.5625 0.19298
0.125 0.5625 0.130763
0.125 0.625 0.141118
0.0625 0.625 0.20298
0.0625 0.5625 0.19298
0.0625 0.5 0.185821
0.125 0.5 0.123362
0.125 0.5625 0.130763
0.0625 0.5625 0.19298
0.125 0.75 0.184149
0.125 0.6875 0.157813
0.1875 0.6875 0.0978357
0.1875 0.75 0.12649
0.125 0.75 0.184149
0.125 0.6875 0.157813
0.125 0.65625 0.148351
0.15625 0.65625 0.117802
0.15625 0.6875 0.127768
0.125 0.6875 0.157813
0.125 0.65625 0.148351
0.125 0.625 0.141118
0.15625 0.625 0.110314
0.15625 0.65625 0.117802
0.125 0.65625 0.148351
0.15625 0.6875 0.127768
0.15625 0.65625 0.117802
0.1875 0.65625 0.0872961
0.1875 0.6875 0.0978357
0.15625 0.6875 0.127768
0.15625 0.65625 0.117802
0.15625 0.625 0.110314
0.1875 0.625 0.0795285
0.1875 0.65625 0.0872961
0.15625 0.65625 0.117802
0.1875 0.75 0.12649
0.1875 0.71875 0.110938
0.21875 0.71875 0.082249
0.21875 0.75 0.0991741
0.1875 0.75 0.12649
0.1875 0.71875 0.110938
0.1875 0.6875 0.0978357
0.21875 0.6875 0.0680821
0.21875 0.71875 0.082249
0.1875 0.71875 0.110938
0.21875 0.75 0.0991741
0.21875 0.71875 0.082249
0.25 0.71875 0.0539401
0.25 0.75 0.0725615
0.21875 0.75 0.0991741
0.21875 0.71875 0.082249
0.21875 0.6875 0.0680821
0.25 0.6875 0.0384905
0.25 0.71875 0.0539401
0.21875 0.71875 0.082249
0.1875 0.6875 0.0978357
0.1875 0.65625 0.0872961
0.21875 0.65625 0.0568339
0.21875 0.6875 0.0680821
0.1875 0.6875 0.0978357
0.1875 0.65625 0.0872961
0.1875 0.625 0.0795285
0.21875 0.625 0.0487603
0.21875 0.65625 0.0568339
0.1875 0.65625 0.0872961
0.21875 0.6875 0.0680821
0.21875 0.65625 0.0568339
0.25 0.65625 0.0264192
0.25 0.6875 0.0384905
0.21875 0.6875 0.0680821
0.21875 0.65625 0.0568339
0.21875 0.625 0.0487603
0.25 0.625 0.0180104
0.25 0.65625 0.0264192
0.21875 0.65625 0.0568339
0.125 0.625 0.141118
0.125 0.59375 0.135447
0.15625 0.59375 0.104512
0.15625 0.625 0.110314
0.125 0.625 0.141118
0.125 0.59375 0.135447
0.125 0.5625 0.130763
0.15625 0.5625 0.0997428
0.15625 0.59375 0.104512
0.125 0.59375 0.135447
0.15625 0.625 0.110314
0.15625 0.59375 0.104512
0.1875 0.59375 0.0735886
0.1875 0.625 0.0795285
0.15625 0.625 0.110314
0.15625 0.59375 0.104512
0.15625 0.5625 0.0997428
0.1875 0.5625 0.0687328
0.1875 0.59375 0.0735886
0.15625 0.59375 0.104512
0.125 0.5625 0.130763
0.125 0.53125 0.126712
0.15625 0.53125 0.09561
0.15625 0.5625 0.0997428
0.125 0.5625 0.130763
0.125 0.53125 0.126712
0.125 0.5 0.123362
0.15625 0.5 0.0921821
0.15625 0.53125 0.09561
0.125 0.53125 0.126712
0.15625 0.5625 0.0997428
0.15625 0.53125 0.09561
0.1875 0.53125 0.0645164
0.1875 0.5625 0.0687328
0.15625 0.5625 0.0997428
0.15625 0.53125 0.09561
0.15625 0.5 0.0921821
0.1875 0.5 0.0610073
0.1875 0.53125 0.0645164
0.15625 0.53125 0.09561
0.1875 0.625 0.0795285
0.1875 0.59375 0.0735886
0.21875 0.59375 0.0426773
0.21875 0.625 0.0487603
0.1875 0.625 0.0795285
0.1875 0.59375 0.0735886
0.1875 0.5625 0.0687328
0.21875 0.5625 0.0377329
0.21875 0.59375 0.0426773
0.1875 0.59375 0.0735886
0.21875 0.625 0.0487603
0.21875 0.59375 0.0426773
0.25 0.59375 0.0117779
0.25 0.625 0.0180104
0.21875 0.625 0.0487603
0.21875 0.59375 0.0426773
0.21875 0.5625 0.0377329
0.25 0.5625 0.00674296
0.25 0.59375 0.0117779
0.21875 0.59375 0.0426773
0.1875 0.5625 0.0687328
0.1875 0.53125 0.0645164
0.21875 0.53125 0.033431
0.21875 0.5625 0.0377329
0.1875 0.5625 0.0687328
0.1875 0.53125 0.0645164
0.1875 0.5 0.0610073
0.21875 0.5 0.0298364
0.21875 0.53125 0.033431
0.1875 0.53125 0.0645164
0.21875 0.5625 0.0377329
0.21875 0.53125 0.033431
0.25 0.53125 0.00235411
0.25 0.5625 0.00674296
0.21875 0.5625 0.0377329
0.21875 0.53125 0.033431
0.21875 0.5 0.0298364
0.25 0.5 -0.0013241
0.25 0.53125 0.00235411
0.21875 0.53125 0.033431
0.25 1 0.278268
0.25 0.9375 0.221932
0.3125 0.9375 0.196132
0.3125 1 0.256509
0.25 1 0.278268
0.25 0.9375 0.221932
0.25 0.875 0.167136
0.3125 0.875 0.136287
0.3125 0.9375 0.196132
0.25 0.9375 0.221932
0.3125 1 0.256509
0.3125 0.9375 0.196132
0.375 0.9375 0.182827
0.375 1 0.245123
0.3125 1 0.256509
0.3125 0.9375 0.196132
0.3125 0.875 0.136287
0.375 0.875 0.120555
0.375 0.9375 0.182827
0.3125 0.9375 0.196132
0.25 0.875 0.167136
0.25 0.84375 0.141368
0.28125 0.84375 0.122663
0.28125 0.875 0.150182
0.25 0.875 0.167136
0.25 0.84375 0.141368
0.25 0.8125 0.116773
0.28125 0.8125 0.096088
0.28125 0.84375 0.122663
0.25 0.84375 0.141368
0.28125 0.875 0.150182
0.28125 0.84375 0.122663
0.3125 0.84375 0.107099
0.3125 0.875 0.136287
0.28125 0.875 0.150182
0.28125 0.84375 0.122663
0.28125 0.8125 0.096088
0.3125 0.8125 0.0784741
0.3125 0.84375 0.107099
0.28125 0.84375 0.122663
0.25 0.8125 0.116773
0.25 0.78125 0.0936975
0.28125 0.78125 0.0707768
0.28125 0.8125 0.096088
0.25 0.8125 0.116773
0.25 0.78125 0.0936975
0.25 0.75 0.0725615
0.28125 0.75 0.0472325
0.28125 0.78125 0.0707768
0.25 0.78125 0.0936975
0.28125 0.8125 0.096088
0.28125 0.78125 0.0707768
0.3125 0.78125 0.0506724
0.3125 0.8125 0.0784741
0.28125 0.8125 0.096088
0.28125 0.78125 0.0707768
0.28125 0.75 0.0472325
0.3125 0.75 0.0240736
0.3125 0.78125 0.0506724
0.28125 0.78125 0.0707768
0.3125 0.875 0.136287
0.3125 0.84375 0.107099
0.34375 0.84375 0.0961396
0.34375 0.875 0.126493
0.3125 0.875 0.136287
0.3125 0.84375 0.107099
0.3125 0.8125 0.0784741
0.34375 0.8125 0.0659822
0.34375 0.84375 0.0961396
0.3125 0.84375 0.107099
0.34375 0.875 0.126493
0.34375 0.84375 0.0961396
0.375 0.84375 0.0895314
0.375 0.875 0.120555
0.34375 0.875 0.126493
0.34375 0.84375 0.0961396
0.34375 0.8125 0.0659822
0.375 0.8125 0.0585536
0.375 0.84375 0.0895314
0.34375 0.84375 0.0961396
0.3125 0.8125 0.0784741
0.3125 0.78125 0.0506724
0.34375 0.78125 0.0361113
0.34375 0.8125 0.0659822
0.3125 0.8125 0.0784741
0.3125 0.78125 0.0506724
0.3125 0.75 0.0240736
0.34375 0.75 0.00666557
0.34375 0.78125 0.0361113
0.3125 0.78125 0.0506724
0.34375 0.8125 0.0659822
0.34375 0.78125 0.0361113
0.375 0.78125 0.0276276
0.375 0.8125 0.0585536
0.34375 0.8125 0.0659822
0.34375 0.78125 0.0361113
0.34375 0.75 0.00666557
0.375 0.75 -0.00320446
0.375 0.78125 0.0276276
0.34375 0.78125 0.0361113
0.375 1 0.245123
0.375 0.9375 0.182827
0.4375 0.9375 0.180593
0.4375 1 0.243092
0.375 1 0.245123
0.375 0.9375 0.182827
0.375 0.875 0.120555
0.4375 0.875 0.118097
0.4375 0.9375 0.180593
0.375 0.9375 0.182827
0.4375 1 0.243092
0.4375 0.9375 0.180593
0.5 0.9375 0.184806
0.5 1 0.247068
0.4375 1 0.243092
0.4375 0.9375 0.180593
0.4375 0.875 0.118097
0.5 0.875 0.122562
0.5 0.9375 0.184806
0.4375 0.9375 0.180593
0.375 0.875 0.120555
0.375 0.84375 0.0895314
0.40625 0.84375 0.0867355
0.40625 0.875 0.11798
0.375 0.875 0.120555
0.375 0.84375 0.0895314
0.375 0.8125 0.0585536
0.40625 0.8125 0.0554947
0.40625 0.84375 0.0867355
0.375 0.84375 0.0895314
0.40625 0.875 0.11798
0.40625 0.84375 0.0867355
0.4375 0.84375 0.0868573
0.4375 0.875 0.118097
0.40625 0.875 0.11798
0.40625 0.84375 0.0867355
0.40625 0.8125 0.0554947
0.4375 0.8125 0.0556211
0.4375 0.84375 0.0868573
0.40625 0.84375 0.0867355
0.375 0.8125 0.0585536
0.375 0.78125 0.0276276
0.40625 0.78125 0.024254
0.40625 0.8125 0.0554947
0.375 0.8125 0.0585536
0.375 0.78125 0.0276276
0.375 0.75 -0.00320446
0.40625 0.75 -0.00697922
0.40625 0.78125 0.024254
0.375 0.78125 0.0276276
0.40625 0.8125 0.0554947
0.40625 0.78125 0.024254
0.4375 0.78125 0.0243861
0.4375 0.8125 0.0556211
0.40625 0.8125 0.0554947
0.40625 0.78125 0.024254
0.40625 0.75 -0.00697922
0.4375 0.75 -0.00684445
0.4375 0.78125 0.0243861
0.40625 0.78125 0.024254
0.4375 0.875 0.118097
0.4375 0.84375 0.0868573
0.46875 0.84375 0.0886436
0.46875 0.875 0.119818
0.4375 0.875 0.118097
0.4375 0.84375 0.0868573
0.4375 0.8125 0.0556211
0.46875 0.8125 0.0574753
0.46875 0.84375 0.0886436
0.4375 0.84375 0.0868573
0.46875 0.875 0.119818
0.46875 0.84375 0.0886436
0.5 0.84375 0.0914627
0.5 0.875 0.122562
0.46875 0.875 0.119818
0.46875 0.84375 0.0886436
0.46875 0.8125 0.0574753
0.5 0.8125 0.0603721
0.5 0.84375 0.0914627
0.46875 0.84375 0.0886436
0.4375 0.8125 0.0556211
0.4375 0.78125 0.0243861
0.46875 0.78125 0.0263128
0.46875 0.8125 0.0574753
0.4375 0.8125 0.0556211
0.4375 0.78125 0.0243861
0.4375 0.75 -0.00684445
0.46875 0.75 -0.00484124
0.46875 0.78125 0.0263128
0.4375 0.78125 0.0243861
0.46875 0.8125 0.0574753
0.46875 0.78125 0.0263128
0.5 0.78125 0.0292901
0.5 0.8125 0.0603721
0.46875 0.8125 0.0574753
0.46875 0.78125 0.0263128
0.46875 0.75 -0.00484124
0.5 0.75 -0.00178234
0.5 0.78125 0.0292901
0.46875 0.78125 0.0263128
0.25 0.75 0.0725615
0.25 0.71875 0.0539401
0.28125 0.71875 0.0262383
0.28125 0.75 0.0472325
0.25 0.75 0.0725615
0.25 0.71875 0.0539401
0.25 0.6875 0.0384905
0.28125 0.6875 0.00912753
0.28125 0.71875 0.0262383
0.25 0.71875 0.0539401
0.28125 0.75 0.0472325
0.28125 0.71875 0.0262383
0.3125 0.71875 -0.000554907
0.3125 0.75 0.0240736
0.28125 0.75 0.0472325
0.28125 0.71875 0.0262383
0.28125 0.6875 0.00912753
0.3125 0.6875 -0.0185557
0.3125 0.71875 -0.000554907
0.28125 0.71875 0.0262383
0.25 0.6875 0.0384905
0.25 0.65625 0.0264192
0.28125 0.65625 -0.00374463
0.28125 0.6875 0.00912753
0.25 0.6875 0.0384905
0.25 0.65625 0.0264192
0.25 0.625 0.0180104
0.28125 0.625 -0.0125308
0.28125 0.65625 -0.00374463
0.25 0.65625 0.0264192
0.28125 0.6875 0.00912753
0.28125 0.65625 -0.00374463
0.3125 0.65625 -0.0328931
0.3125 0.6875 -0.0185557
0.28125 0.6875 0.00912753
0.28125 0.65625 -0.00374463
0.28125 0.625 -0.0125308
0.3125 0.625 -0.0427785
0.3125 0.65625 -0.0328931
0.28125 0.65625 -0.00374463
0.3125 0.75 0.0240736
0.3125 0.71875 -0.000554907
0.34375 0.71875 -0.0207597
0.34375 0.75 0.00666557
0.3125 0.75 0.0240736
0.3125 0.71875 -0.000554907
0.3125 0.6875 -0.0185557
0.34375 0.6875 -0.0435361
0.34375 0.71875 -0.0207597
0.3125 0.71875 -0.000554907
0.34375 0.75 0.00666557
0.34375 0.71875 -0.0207597
0.375 0.71875 -0.0334468
0.375 0.75 -0.00320446
0.34375 0.75 0.00666557
0.34375 0.71875 -0.0207597
0.34375 0.6875 -0.0435361
0.375 0.6875 -0.0618252
0.375 0.71875 -0.0334468
0.34375 0.71875 -0.0207597
0.3125 0.6875 -0.0185557
0.3125 0.65625 -0.0328931
0.34375 0.65625 -0.060973
0.34375 0.6875 -0.0435361
0.3125 0.6875 -0.0185557
0.3125 0.65625 -0.0328931
0.3125 0.625 -0.0427785
0.34375 0.625 -0.0726774
0.34375 0.65625 -0.060973
0.3125 0.65625 -0.0328931
0.34375 0.6875 -0.0435361
0.34375 0.65625 -0.060973
0.375 0.65625 -0.0855335
0.375 0.6875 -0.0618252
0.34375 0.6875 -0.0435361
0.34375 0.65625 -0.060973
0.34375 0.625 -0.0726774
0.375 0.625 -0.101719
0.375 0.65625 -0.0855335
0.34375 0.65625 -0.060973
0.25 0.625 0.0180104
0.25 0.59375 0.0117779
0.28125 0.59375 -0.0190092
0.28125 0.625 -0.0125308
0.25 0.625 0.0180104
0.25 0.59375 0.0117779
0.25 0.5625 0.00674296
0.28125 0.5625 -0.0241695
0.28125 0.59375 -0.0190092
0.25 0.59375 0.0117779
0.28125 0.625 -0.0125308
0.28125 0.59375 -0.0190092
0.3125 0.59375 -0.0497006
0.3125 0.625 -0.0427785
0.28125 0.625 -0.0125308
0.28125 0.59375 -0.0190092
0.28125 0.5625 -0.0241695
0.3125 0.5625 -0.0550384
0.3125 0.59375 -0.0497006
0.28125 0.59375 -0.0190092
0.25 0.5625 0.00674296
0.25 0.53125 0.00235411
0.28125 0.53125 -0.0286348
0.28125 0.5625 -0.0241695
0.25 0.5625 0.00674296
0.25 0.53125 0.00235411
0.25 0.5 -0.0013241
0.28125 0.5 -0.0323925
0.28125 0.53125 -0.0286348
0.25 0.53125 0.00235411
0.28125 0.5625 -0.0241695
0.28125 0.53125 -0.0286348
0.3125 0.53125 -0.0596076
0.3125 0.5625 -0.0550384
0.28125 0.5625 -0.0241695
0.28125 0.53125 -0.0286348
0.28125 0.5 -0.0323925
0.3125 0.5 -0.0634523
0.3125 0.53125 -0.0596076
0.28125 0.53125 -0.0286348
0.3125 0.625 -0.0427785
0.3125 0.59375 -0.0497006
0.34375 0.59375 -0.080296
0.34375 0.625 -0.0726774
0.3125 0.625 -0.0427785
0.3125 0.59375 -0.0497006
0.3125 0.5625 -0.0550384
0.34375 0.5625 -0.0858792
0.34375 0.59375 -0.080296
0.3125 0.59375 -0.0497006
0.34375 0.625 -0.0726774
0.34375 0.59375 -0.080296
0.375 0.59375 -0.110724
0.375 0.625 -0.101719
0.34375 0.625 -0.0726774
0.34375 0.59375 -0.080296
0.34375 0.5625 -0.0858792
0.375 0.5625 -0.116682
0.375 0.59375 -0.110724
0.34375 0.59375 -0.080296
0.3125 0.5625 -0.0550384
0.3125 0.53125 -0.0596076
0.34375 0.53125 -0.0905661
0.34375 0.5625 -0.0858792
0.3125 0.5625 -0.0550384
0.3125 0.53125 -0.0596076
0.3125 0.5 -0.0634523
0.34375 0.5 -0.094503
0.34375 0.53125 -0.0905661
0.3125 0.53125 -0.0596076
0.34375 0.5625 -0.0858792
0.34375 0.53125 -0.0905661
0.375 0.53125 -0.121509
0.375 0.5625 -0.116682
0.34375 0.5625 -0.0858792
0.34375 0.53125 -0.0905661
0.34375 0.5 -0.094503
0.375 0.5 -0.125544
0.375 0.53125 -0.121509
0.34375 0.53125 -0.0905661
0.375 0.75 -0.00320446
0.375 0.71875 -0.0334468
0.40625 0.71875 -0.0381669
0.40625 0.75 -0.00697922
0.375 0.75 -0.00320446
0.375 0.71875 -0.0334468
0.375 0.6875 -0.0618252
0.40625 0.6875 -0.0692479
0.40625 0.71875 -0.0381669
0.375 0.71875 -0.0334468
0.40625 0.75 -0.00697922
0.40625 0.71875 -0.0381669
0.4375 0.71875 -0.0380579
0.4375 0.75 -0.00684445
0.40625 0.75 -0.00697922
0.40625 0.71875 -0.0381669
0.40625 0.6875 -0.0692479
0.4375 0.6875 -0.0692671
0.4375 0.71875 -0.0380579
0.40625 0.71875 -0.0381669
0.375 0.6875 -0.0618252
0.375 0.65625 -0.0855335
0.40625 0.65625 -0.0995972
0.40625 0.6875 -0.0692479
0.375 0.6875 -0.0618252
0.375 0.65625 -0.0855335
0.375 0.625 -0.101719
0.40625 0.625 -0.125266
0.40625 0.65625 -0.0995972
0.375 0.65625 -0.0855335
0.40625 0.6875 -0.0692479
0.40625 0.65625 -0.0995972
0.4375 0.65625 -0.100472
0.4375 0.6875 -0.0692671
0.40625 0.6875 -0.0692479
0.40625 0.65625 -0.0995972
0.40625 0.625 -0.125266
0.4375 0.625 -0.131663
0.4375 0.65625 -0.100472
0.40625 0.65625 -0.0995972
0.4375 0.75 -0.00684445
0.4375 0.71875 -0.0380579
0.46875 0.71875 -0.0359733
0.46875 0.75 -0.00484124
0.4375 0.75 -0.00684445
0.4375 0.71875 -0.0380579
0.4375 0.6875 -0.0692671
0.46875 0.6875 -0.0670985
0.46875 0.71875 -0.0359733
0.4375 0.71875 -0.0380579
0.46875 0.75 -0.00484124
0.46875 0.71875 -0.0359733
0.5 0.71875 -0.0328337
0.5 0.75 -0.00178234
0.46875 0.75 -0.00484124
0.46875 0.71875 -0.0359733
0.46875 0.6875 -0.0670985
0.5 0.6875 -0.0638759
0.5 0.71875 -0.0328337
0.46875 0.71875 -0.0359733
0.4375 0.6875 -0.0692671
0.4375 0.65625 -0.100472
0.46875 0.65625 -0.0982167
0.46875 0.6875 -0.0670985
0.4375 0.6875 -0.0692671
0.4375 0.65625 -0.100472
0.4375 0.625 -0.131663
0.46875 0.625 -0.129327
0.46875 0.65625 -0.0982167
0.4375 0.65625 -0.100472
0.46875 0.6875 -0.0670985
0.46875 0.65625 -0.0982167
0.5 0.65625 -0.0949089
0.5 0.6875 -0.0638759
0.46875 0.6875 -0.0670985
0.46875 0.65625 -0.0982167
0.46875 0.625 -0.129327
0.5 0.625 -0.125926
0.5 0.65625 -0.0949089
0.46875 0.65625 -0.0982167
0.375 0.625 -0.101719
0.375 0.5625 -0.116682
0.4375 0.5625 -0.174362
0.4375 0.625 -0.131663
0.375 0.625 -0.101719
0.375 0.5625 -0.116682
0.375 0.5 -0.125544
0.4375 0.5 -0.182175
0.4375 0.5625 -0.174362
0.375 0.5625 -0.116682
0.4375 0.625 -0.131663
0.4375 0.5625 -0.174362
0.5 0.5625 -0.188427
0.5 0.625 -0.125926
0.4375 0.625 -0.131663
0.4375 0.5625 -0.174362
0.4375 0.5 -0.182175
0.5 0.5 -0.22596
0.5 0.5625 -0.188427
0.4375 0.5625 -0.174362
0 0.5 0.248289
0 0.4375 0.244453
0.0625 0.4375 0.18194
0.0625 0.5 0.185821
0 0.5 0.248289
0 0.4375 0.244453
0 0.375 0.247692
0.0625 0.375 0.185567
0.0625 0.4375 0.18194
0 0.4375 0.244453
0.0625 0.5 0.185821
0.0625 0.4375 0.18194
0.125 0.4375 0.119435
0.125 0.5 0.123362
0.0625 0.5 0.185821
0.0625 0.4375 0.18194
0.0625 0.375 0.185567
0.125 0.375 0.123603
0.125 0.4375 0.119435
0.0625 0.4375 0.18194
0 0.375 0.247692
0 0.3125 0.259172
0.0625 0.3125 0.198665
0.0625 0.375 0.185567
0 0.375 0.247692
0 0.3125 0.259172
0 0.25 0.279356
0.0625 0.25 0.22191
0.0625 0.3125 0.198665
0 0.3125 0.259172
0.0625 0.375 0.185567
0.0625 0.3125 0.198665
0.125 0.3125 0.139439
0.125 0.375 0.123603
0.0625 0.375 0.185567
0.0625 0.3125 0.198665
0.0625 0.25 0.22191
0.125 0.25 0.167632
0.125 0.3125 0.139439
0.0625 0.3125 0.198665
0.125 0.5 0.123362
0.125 0.46875 0.120858
0.15625 0.46875 0.0896181
0.15625 0.5 0.0921821
0.125 0.5 0.123362
0.125 0.46875 0.120858
0.125 0.4375 0.119435
0.15625 0.4375 0.0881838
0.15625 0.46875 0.0896181
0.125 0.46875 0.120858
0.15625 0.5 0.0921821
0.15625 0.46875 0.0896181
0.1875 0.46875 0.0583804
0.1875 0.5 0.0610073
0.15625 0.5 0.0921821
0.15625 0.46875 0.0896181
0.15625 0.4375 0.0881838
0.1875 0.4375 0.0569341
0.1875 0.46875 0.0583804
0.15625 0.46875 0.0896181
0.125 0.4375 0.119435
0.125 0.40625 0.120264
0.15625 0.40625 0.0890847
0.15625 0.4375 0.0881838
0.125 0.4375 0.119435
0.125 0.40625 0.120264
0.125 0.375 0.123603
0.15625 0.375 0.0927449
0.15625 0.40625 0.0890847
0.125 0.40625 0.120264
0.15625 0.4375 0.0881838
0.15625 0.40625 0.0890847
0.1875 0.40625 0.0579094
0.1875 0.4375 0.0569341
0.15625 0.4375 0.0881838
0.15625 0.40625 0.0890847
0.15625 0.375 0.0927449
0.1875 0.375 0.0619441
0.1875 0.40625 0.0579094
0.15625 0.40625 0.0890847
0.1875 0.5 0.0610073
0.1875 0.46875 0.0583804
0.21875 0.46875 0.0271425
0.21875 0.5 0.0298364
0.1875 0.5 0.0610073
0.1875 0.46875 0.0583804
0.1875 0.4375 0.0569341
0.21875 0.4375 0.0256843
0.21875 0.46875 0.0271425
0.1875 0.46875 0.0583804
0.21875 0.5 0.0298364
0.21875 0.46875 0.0271425
0.25 0.46875 -0.00408181
0.25 0.5 -0.0013241
0.21875 0.5 0.0298364
0.21875 0.46875 0.0271425
0.21875 0.4375 0.0256843
0.25 0.4375 -0.00553826
0.25 0.46875 -0.00408181
0.21875 0.46875 0.0271425
0.1875 0.4375 0.0569341
0.1875 0.40625 0.0579094
0.21875 0.40625 0.0267373
0.21875 0.4375 0.0256843
0.1875 0.4375 0.0569341
0.1875 0.40625 0.0579094
0.1875 0.375 0.0619441
0.21875 0.375 0.0312393
0.21875 0.40625 0.0267373
0.1875 0.40625 0.0579094
0.21875 0.4375 0.0256843
0.21875 0.40625 0.0267373
0.25 0.40625 -0.00429701
0.25 0.4375 -0.00553826
0.21875 0.4375 0.0256843
0.21875 0.40625 0.0267373
0.21875 0.375 0.0312393
0.25 0.375 0.000693261
0.25 0.40625 -0.00429701
0.21875 0.40625 0.0267373
0.125 0.375 0.123603
0.125 0.34375 0.129937
0.15625 0.34375 0.0997662
0.15625 0.375 0.0927449
0.125 0.375 0.123603
0.125 0.34375 0.129937
0.125 0.3125 0.139439
0.15625 0.3125 0.110536
0.15625 0.34375 0.0997662
0.125 0.34375 0.129937
0.15625 0.375 0.0927449
0.15625 0.34375 0.0997662
0.1875 0.34375 0.0699624
0.1875 0.375 0.0619441
0.15625 0.375 0.0927449
0.15625 0.34375 0.0997662
0.15625 0.3125 0.110536
0.1875 0.3125 0.0822889
0.1875 0.34375 0.0699624
0.15625 0.34375 0.0997662
0.125 0.3125 0.139439
0.125 0.28125 0.152153
0.15625 0.28125 0.124585
0.15625 0.3125 0.110536
0.125 0.3125 0.139439
0.125 0.28125 0.152153
0.125 0.25 0.167632
0.15625 0.25 0.141628
0.15625 0.28125 0.124585
0.125 0.28125 0.152153
0.15625 0.3125 0.110536
0.15625 0.28125 0.124585
0.1875 0.28125 0.0981437
0.1875 0.3125 0.0822889
0.15625 0.3125 0.110536
0.15625 0.28125 0.124585
0.15625 0.25 0.141628
0.1875 0.25 0.116926
0.1875 0.28125 0.0981437
0.15625 0.28125 0.124585
0.1875 0.375 0.0619441
0.1875 0.34375 0.0699624
0.21875 0.34375 0.0405675
0.21875 0.375 0.0312393
0.1875 0.375 0.0619441
0.1875 0.34375 0.0699624
0.1875 0.3125 0.0822889
0.21875 0.3125 0.054794
0.21875 0.34375 0.0405675
0.1875 0.34375 0.0699624
0.21875 0.375 0.0312393
0.21875 0.34375 0.0405675
0.25 0.34375 0.0120444
0.25 0.375 0.000693261
0.21875 0.375 0.0312393
0.21875 0.34375 0.0405675
0.21875 0.3125 0.054794
0.25 0.3125 0.0286781
0.25 0.34375 0.0120444
0.21875 0.34375 0.0405675
0.1875 0.3125 0.0822889
0.1875 0.28125 0.0981437
0.21875 0.28125 0.0728319
0.21875 0.3125 0.054794
0.1875 0.3125 0.0822889
0.1875 0.28125 0.0981437
0.1875 0.25 0.116926
0.21875 0.25 0.0935865
0.21875 0.28125 0.0728319
0.1875 0.28125 0.0981437
0.21875 0.3125 0.054794
0.21875 0.28125 0.0728319
0.25 0.28125 0.0492752
0.25 0.3125 0.0286781
0.21875 0.3125 0.054794
0.21875 0.28125 0.0728319
0.21875 0.25 0.0935865
0.25 0.25 0.0723836
0.25 0.28125 0.0492752
0.21875 0.28125 0.0728319
0 0.25 0.279356
0 0.1875 0.308444
0.0625 0.1875 0.254806
0.0625 0.25 0.22191
0 0.25 0.279356
0 0.1875 0.308444
0 0.125 0.343359
0.0625 0.125 0.293674
0.0625 0.1875 0.254806
0 0.1875 0.308444
0.0625 0.25 0.22191
0.0625 0.1875 0.254806
0.125 0.1875 0.205684
0.125 0.25 0.167632
0.0625 0.25 0.22191
0.0625 0.1875 0.254806
0.0625 0.125 0.293674
0.125 0.125 0.24965
0.125 0.1875 0.205684
0.0625 0.1875 0.254806
0 0.125 0.343359
0 0 0.436255
0.125 0 0.352672
0.125 0.125 0.24965
0 0.125 0.343359
0.125 0.25 0.167632
0.125 0.1875 0.205684
0.1875 0.1875 0.160569
0.1875 0.25 0.116926
0.125 0.25 0.167632
0.125 0.1875 0.205684
0.125 0.125 0.24965
0.1875 0.125 0.210271
0.1875 0.1875 0.160569
0.125 0.1875 0.205684
0.1875 0.25 0.116926
0.1875 0.21875 0.13786
0.21875 0.21875 0.116371
0.21875 0.25 0.0935865
0.1875 0.25 0.116926
0.1875 0.21875 0.13786
0.1875 0.1875 0.160569
0.21875 0.1875 0.140885
0.21875 0.21875 0.116371
0.1875 0.21875 0.13786
0.21875 0.25 0.0935865
0.21875 0.21875 0.116371
0.25 0.21875 0.0971973
0.25 0.25 0.0723836
0.21875 0.25 0.0935865
0.21875 0.21875 0.116371
0.21875 0.1875 0.140885
0.25 0.1875 0.123409
0.25 0.21875 0.0971973
0.21875 0.21875 0.116371
0.1875 0.1875 0.160569
0.1875 0.125 0.210271
0.25 0.125 0.178661
0.25 0.1875 0.123409
0.1875 0.1875 0.160569
0.125 0.125 0.24965
0.125 0 0.352672
0.25 0 0.294766
0.25 0.125 0.178661
0.125 0.125 0.24965
0.25 0.5 -0.0013241
0.25 0.46875 -0.00408181
0.28125 0.46875 -0.0352436
0.28125 0.5 -0.0323925
0.25 0.5 -0.0013241
0.25 0.46875 -0.00408181
0.25 0.4375 -0.00553826
0.28125 0.4375 -0.0366139
0.28125 0.46875 -0.0352436
0.25 0.46875 -0.00408181
0.28125 0.5 -0.0323925
0.28125 0.46875 -0.0352436
0.3125 0.46875 -0.0663981
0.3125 0.5 -0.0634523
0.28125 0.5 -0.0323925
0.28125 0.46875 -0.0352436
0.28125 0.4375 -0.0366139
0.3125 0.4375 -0.0673552
0.3125 0.46875 -0.0663981
0.28125 0.46875 -0.0352436
0.25 0.4375 -0.00553826
0.25 0.40625 -0.00429701
0.28125 0.40625 -0.0344488
0.28125 0.4375 -0.0366139
0.25 0.4375 -0.00553826
0.25 0.40625 -0.00429701
0.25 0.375 0.000693261
0.28125 0.375 -0.0272662
0.28125 0.40625 -0.0344488
0.25 0.40625 -0.00429701
0.28125 0.4375 -0.0366139
0.28125 0.40625 -0.0344488
0.3125 0.40625 -0.0633586
0.3125 0.4375 -0.0673552
0.28125 0.4375 -0.0366139
0.28125 0.40625 -0.0344488
0.28125 0.375 -0.0272662
0.3125 0.375 -0.0531699
0.3125 0.40625 -0.0633586
0.28125 0.40625 -0.0344488
0.3125 0.5 -0.0634523
0.3125 0.46875 -0.0663981
0.34375 0.46875 -0.0975451
0.34375 0.5 -0.094503
0.3125 0.5 -0.0634523
0.3125 0.46875 -0.0663981
0.3125 0.4375 -0.0673552
0.34375 0.4375 -0.0972622
0.34375 0.46875 -0.0975451
0.3125 0.46875 -0.0663981
0.34375 0.5 -0.094503
0.34375 0.46875 -0.0975451
0.375 0.46875 -0.128381
0.375 0.5 -0.125544
0.34375 0.5 -0.094503
0.34375 0.46875 -0.0975451
0.34375 0.4375 -0.0972622
0.375 0.4375 -0.125358
0.375 0.46875 -0.128381
0.34375 0.46875 -0.0975451
0.3125 0.4375 -0.0673552
0.3125 0.40625 -0.0633586
0.34375 0.40625 -0.0902641
0.34375 0.4375 -0.0972622
0.3125 0.4375 -0.0673552
0.3125 0.40625 -0.0633586
0.3125 0.375 -0.0531699
0.34375 0.375 -0.0759644
0.34375 0.40625 -0.0902641
0.3125 0.40625 -0.0633586
0.34375 0.4375 -0.0972622
0.34375 0.40625 -0.0902641
0.375 0.40625 -0.11394
0.375 0.4375 -0.125358
0.34375 0.4375 -0.0972622
0.34375 0.40625 -0.0902641
0.34375 0.375 -0.0759644
0.375 0.375 -0.0945092
0.375 0.40625 -0.11394
0.34375 0.40625 -0.0902641
0.25 0.375 0.000693261
0.25 0.34375 0.0120444
0.28125 0.34375 -0.0139618
0.28125 0.375 -0.0272662
0.25 0.375 0.000693261
0.25 0.34375 0.0120444
0.25 0.3125 0.0286781
0.28125 0.3125 0.00454654
0.28125 0.34375 -0.0139618
0.25 0.34375 0.0120444
0.28125 0.375 -0.0272662
0.28125 0.34375 -0.0139618
0.3125 0.34375 -0.036472
0.3125 0.375 -0.0531699
0.28125 0.375 -0.0272662
0.28125 0.34375 -0.0139618
0.28125 0.3125 0.00454654
0.3125 0.3125 -0.0153344
0.3125 0.34375 -0.036472
0.28125 0.34375 -0.0139618
0.25 0.3125 0.0286781
0.25 0.28125 0.0492752
0.28125 0.28125 0.0280015
0.28125 0.3125 0.00454654
0.25 0.3125 0.0286781
0.25 0.28125 0.0492752
0.25 0.25 0.0723836
0.28125 0.25 0.0536001
0.28125 0.28125 0.0280015
0.25 0.28125 0.0492752
0.28125 0.3125 0.00454654
0.28125 0.28125 0.0280015
0.3125 0.28125 0.0104902
0.3125 0.3125 -0.0153344
0.28125 0.3125 0.00454654
0.28125 0.28125 0.0280015
0.28125 0.25 0.0536001
0.3125 0.25 0.0384411
0.3125 0.28125 0.0104902
0.28125 0.28125 0.0280015
0.3125 0.375 -0.0531699
0.3125 0.34375 -0.036472
0.34375 0.34375 -0.0552762
0.34375 0.375 -0.0759644
0.3125 0.375 -0.0531699
0.3125 0.34375 -0.036472
0.3125 0.3125 -0.0153344
0.34375 0.3125 -0.0301008
0.34375 0.34375 -0.0552762
0.3125 0.34375 -0.036472
0.34375 0.375 -0.0759644
0.34375 0.34375 -0.0552762
0.375 0.34375 -0.0696322
0.375 0.375 -0.0945092
0.34375 0.375 -0.0759644
0.34375 0.34375 -0.0552762
0.34375 0.3125 -0.0301008
0.375 0.3125 -0.0413031
0.375 0.34375 -0.0696322
0.34375 0.34375 -0.0552762
0.3125 0.3125 -0.0153344
0.3125 0.28125 0.0104902
0.34375 0.28125 -0.00275758
0.34375 0.3125 -0.0301008
0.3125 0.3125 -0.0153344
0.3125 0.28125 0.0104902
0.3125 0.25 0.0384411
0.34375 0.25 0.0268088
0.34375 0.28125 -0.00275758
0.3125 0.28125 0.0104902
0.34375 0.3125 -0.0301008
0.34375 0.28125 -0.00275758
0.375 0.28125 -0.0120194
0.375 0.3125 -0.0413031
0.34375 0.3125 -0.0301008
0.34375 0.28125 -0.00275758
0.34375 0.25 0.0268088
0.375 0.25 0.0182757
0.375 0.28125 -0.0120194
0.34375 0.28125 -0.00275758
0.375 0.5 -0.125544
0.375 0.4375 -0.125358
0.4375 0.4375 -0.161188
0.4375 0.5 -0.182175
0.375 0.5 -0.125544
0.375 0.4375 -0.125358
0.375 0.375 -0.0945092
0.4375 0.375 -0.115934
0.4375 0.4375 -0.161188
0.375 0.4375 -0.125358
0.4375 0.5 -0.182175
0.4375 0.4375 -0.161188
0.5 0.4375 -0.183499
0.5 0.5 -0.22596
0.4375 0.5 -0.182175
0.4375 0.4375 -0.161188
0.4375 0.375 -0.115934
0.5 0.375 -0.125766
0.5 0.4375 -0.183499
0.4375 0.4375 -0.161188
0.375 0.375 -0.0945092
0.375 0.34375 -0.0696322
0.40625 0.34375 -0.0792405
0.40625 0.375 -0.107785
0.375 0.375 -0.0945092
0.375 0.34375 -0.0696322
0.375 0.3125 -0.0413031
0.40625 0.3125 -0.0491831
0.40625 0.34375 -0.0792405
0.375 0.34375 -0.0696322
0.40625 0.375 -0.107785
0.40625 0.34375 -0.0792405
0.4375 0.34375 -0.0856925
0.4375 0.375 -0.115934
0.40625 0.375 -0.107785
0.40625 0.34375 -0.0792405
0.40625 0.3125 -0.0491831
0.4375 0.3125 -0.0550083
0.4375 0.34375 -0.0856925
0.40625 0.34375 -0.0792405
0.375 0.3125 -0.0413031
0.375 0.28125 -0.0120194
0.40625 0.28125 -0.0188373
0.40625 0.3125 -0.0491831
0.375 0.3125 -0.0413031
0.375 0.28125 -0.0120194
0.375 0.25 0.0182757
0.40625 0.25 0.0118201
0.40625 0.28125 -0.0188373
0.375 0.28125 -0.0120194
0.40625 0.3125 -0.0491831
0.40625 0.28125 -0.0188373
0.4375 0.28125 -0.0242475
0.4375 0.3125 -0.0550083
0.40625 0.3125 -0.0491831
0.40625 0.28125 -0.0188373
0.40625 0.25 0.0118201
0.4375 0.25 0.00659146
0.4375 0.28125 -0.0242475
0.40625 0.28125 -0.0188373
0.4375 0.375 -0.115934
0.4375 0.34375 -0.0856925
0.46875 0.34375 -0.0906622
0.46875 0.375 -0.12145
0.4375 0.375 -0.115934
0.4375 0.34375 -0.0856925
0.4375 0.3125 -0.0550083
0.46875 0.3125 -0.0597594
0.46875 0.34375 -0.0906622
0.4375 0.34375 -0.0856925
0.46875 0.375 -0.12145
0.46875 0.34375 -0.0906622
0.5 0.34375 -0.0947751
0.5 0.375 -0.125766
0.46875 0.375 -0.12145
0.46875 0.34375 -0.0906622
0.46875 0.3125 -0.0597594
0.5 0.3125 -0.0637521
0.5 0.34375 -0.0947751
0.46875 0.34375 -0.0906622
0.4375 0.3125 -0.0550083
0.4375 0.28125 -0.0242475
0.46875 0.28125 -0.0288279
0.46875 0.3125 -0.0597594
0.4375 0.3125 -0.0550083
0.4375 0.28125 -0.0242475
0.4375 0.25 0.00659146
0.46875 0.25 0.00212529
0.46875 0.28125 -0.0288279
0.4375 0.28125 -0.0242475
0.46875 0.3125 -0.0597594
0.46875 0.28125 -0.0288279
0.5 0.28125 -0.0327162
0.5 0.3125 -0.0637521
0.46875 0.3125 -0.0597594
0.46875 0.28125 -0.0288279
0.46875 0.25 0.00212529
0.5 0.25 -0.00167197
0.5 0.28125 -0.0327162
0.46875 0.28125 -0.0288279
0.25 0.25 0.0723836
0.25 0.21875 0.0971973
0.28125 0.21875 0.0805766
0.28125 0.25 0.0536001
0.25 0.25 0.0723836
0.25 0.21875 0.0971973
0.25 0.1875 0.123409
0.28125 0.1875 0.10853
0.28125 0.21875 0.0805766
0.25 0.21875 0.0971973
0.28125 0.25 0.0536001
0.28125 0.21875 0.0805766
0.3125 0.21875 0.0671586
0.3125 0.25 0.0384411
0.28125 0.25 0.0536001
0.28125 0.21875 0.0805766
0.28125 0.1875 0.10853
0.3125 0.1875 0.096365
0.3125 0.21875 0.0671586
0.28125 0.21875 0.0805766
0.25 0.1875 0.123409
0.25 0.125 0.178661
0.3125 0.125 0.155655
0.3125 0.1875 0.096365
0.25 0.1875 0.123409
0.3125 0.25 0.0384411
0.3125 0.21875 0.0671586
0.34375 0.21875 0.0566924
0.34375 0.25 0.0268088
0.3125 0.25 0.0384411
0.3125 0.21875 0.0671586
0.3125 0.1875 0.096365
0.34375 0.1875 0.0867738
0.34375 0.21875 0.0566924
0.3125 0.21875 0.0671586
0.34375 0.25 0.0268088
0.34375 0.21875 0.0566924
0.375 0.21875 0.0487592
0.375 0.25 0.0182757
0.34375 0.25 0.0268088
0.34375 0.21875 0.0566924
0.34375 0.1875 0.0867738
0.375 0.1875 0.0793108
0.375 0.21875 0.0487592
0.34375 0.21875 0.0566924
0.3125 0.1875 0.096365
0.3125 0.15625 0.125886
0.34375 0.15625 0.116981
0.34375 0.1875 0.0867738
0.3125 0.1875 0.096365
0.3125 0.15625 0.125886
0.3125 0.125 0.155655
0.34375 0.125 0.147324
0.34375 0.15625 0.116981
0.3125 0.15625 0.125886
0.34375 0.1875 0.0867738
0.34375 0.15625 0.116981
0.375 0.15625 0.109911
0.375 0.1875 0.0793108
0.34375 0.1875 0.0867738
0.34375 0.15625 0.116981
0.34375 0.125 0.147324
0.375 0.125 0.140561
0.375 0.15625 0.109911
0.34375 0.15625 0.116981
0.25 0.125 0.178661
0.25 0.0625 0.235842
0.3125 0.0625 0.215828
0.3125 0.125 0.155655
0.25 0.125 0.178661
0.25 0.0625 0.235842
0.25 0 0.294766
0.3125 0 0.276552
0.3125 0.0625 0.215828
0.25 0.0625 0.235842
0.3125 0.125 0.155655
0.3125 0.0625 0.215828
0.375 0.0625 0.201976
0.375 0.125 0.140561
0.3125 0.125 0.155655
0.3125 0.0625 0.215828
0.3125 0 0.276552
0.375 0 0.263545
0.375 0.0625 0.201976
0.3125 0.0625 0.215828
0.375 0.25 0.0182757
0.375 0.21875 0.0487592
0.40625 0.21875 0.0425764
0.40625 0.25 0.0118201
0.375 0.25 0.0182757
0.375 0.21875 0.0487592
0.375 0.1875 0.0793108
0.40625 0.1875 0.0733577
0.40625 0.21875 0.0425764
0.375 0.21875 0.0487592
0.40625 0.25 0.0118201
0.40625 0.21875 0.0425764
0.4375 0.21875 0.0374783
0.4375 0.25 0.00659146
0.40625 0.25 0.0118201
0.40625 0.21875 0.0425764
0.40625 0.1875 0.0733577
0.4375 0.1875 0.0683802
0.4375 0.21875 0.0374783
0.40625 0.21875 0.0425764
0.375 0.1875 0.0793108
0.375 0.15625 0.109911
0.40625 0.15625 0.10416
0.40625 0.1875 0.0733577
0.375 0.1875 0.0793108
0.375 0.15625 0.109911
0.375 0.125 0.140561
0.40625 0.125 0.13499
0.40625 0.15625 0.10416
0.375 0.15625 0.109911
0.40625 0.1875 0.0733577
0.40625 0.15625 0.10416
0.4375 0.15625 0.0992955
0.4375 0.1875 0.0683802
0.40625 0.1875 0.0733577
0.40625 0.15625 0.10416
0.40625 0.125 0.13499
0.4375 0.125 0.130225
0.4375 0.15625 0.0992955
0.40625 0.15625 0.10416
0.4375 0.25 0.00659146
0.4375 0.21875 0.0374783
0.46875 0.21875 0.033107
0.46875 0.25 0.00212529
0.4375 0.25 0.00659146
0.4375 0.21875 0.0374783
0.4375 0.1875 0.0683802
0.46875 0.1875 0.0641005
0.46875 0.21875 0.033107
0.4375 0.21875 0.0374783
0.46875 0.25 0.00212529
0.46875 0.21875 0.033107
0.5 0.21875 0.0293949
0.5 0.25 -0.00167197
0.46875 0.25 0.00212529
0.46875 0.21875 0.033107
0.46875 0.1875 0.0641005
0.5 0.1875 0.0604716
0.5 0.21875 0.0293949
0.46875 0.21875 0.033107
0.4375 0.1875 0.0683802
0.4375 0.15625 0.0992955
0.46875 0.15625 0.0951046
0.46875 0.1875 0.0641005
0.4375 0.1875 0.0683802
0.4375 0.15625 0.0992955
0.4375 0.125 0.130225
0.46875 0.125 0.12612
0.46875 0.15625 0.0951046
0.4375 0.15625 0.0992955
0.46875 0.1875 0.0641005
0.46875 0.15625 0.0951046
0.5 0.15625 0.0915566
0.5 0.1875 0.0604716
0.46875 0.1875 0.0641005
0.46875 0.15625 0.0951046
0.46875 0.125 0.12612
0.5 0.125 0.12265
0.5 0.15625 0.0915566
0.46875 0.15625 0.0951046
0.375 0.125 0.140561
0.375 0.0625 0.201976
0.4375 0.0625 0.192116
0.4375 0.125 0.130225
0.375 0.125 0.140561
0.375 0.0625 0.201976
0.375 0 0.263545
0.4375 0 0.254075
0.4375 0.0625 0.192116
0.375 0.0625 0.201976
0.4375 0.125 0.130225
0.4375 0.0625 0.192116
0.5 0.0625 0.18487
0.5 0.125 0.12265
0.4375 0.125 0.130225
0.4375 0.0625 0.192116
0.4375 0 0.254075
0.5 0 0.247138
0.5 0.0625 0.18487
0.4375 0.0625 0.192116
0.5 1 0.247068
0.5 0.9375 0.184806
0.5625 0.9375 0.192127
0.5625 1 0.254071
0.5 1 0.247068
0.5 0.9375 0.184806
0.5 0.875 0.122562
0.5625 0.875 0.130218
0.5625 0.9375 0.192127
0.5 0.9375 0.184806
0.5625 1 0.254071
0.5625 0.9375 0.192127
0.625 0.9375 0.202214
0.625 1 0.263741
0.5625 1 0.254071
0.5625 0.9375 0.192127
0.5625 0.875 0.130218
0.625 0.875 0.140745
0.625 0.9375 0.202214
0.5625 0.9375 0.192127
0.5 0.875 0.122562
0.5 0.84375 0.0914627
0.53125 0.84375 0.0950421
0.53125 0.875 0.126063
0.5 0.875 0.122562
0.5 0.84375 0.0914627
0.5 0.8125 0.0603721
0.53125 0.8125 0.0640319
0.53125 0.84375 0.0950421
0.5 0.84375 0.0914627
0.53125 0.875 0.126063
0.53125 0.84375 0.0950421
0.5625 0.84375 0.0992833
0.5625 0.875 0.130218
0.53125 0.875 0.126063
0.53125 0.84375 0.0950421
0.53125 0.8125 0.0640319
0.5625 0.8125 0.0683623
0.5625 0.84375 0.0992833
0.53125 0.84375 0.0950421
0.5 0.8125 0.0603721
0.5 0.78125 0.0292901
0.53125 0.78125 0.0330326
0.53125 0.8125 0.0640319
0.5 0.8125 0.0603721
0.5 0.78125 0.0292901
0.5 0.75 -0.00178234
0.53125 0.75 0.00204471
0.53125 0.78125 0.0330326
0.5 0.78125 0.0292901
0.53125 0.8125 0.0640319
0.53125 0.78125 0.0330326
0.5625 0.78125 0.0374554
0.5625 0.8125 0.0683623
0.53125 0.8125 0.0640319
0.53125 0.78125 0.0330326
0.53125 0.75 0.00204471
0.5625 0.75 0.00656308
0.5625 0.78125 0.0374554
0.53125 0.78125 0.0330326
0.5625 0.875 0.130218
0.5625 0.84375 0.0992833
0.59375 0.84375 0.104219
0.59375 0.875 0.135046
0.5625 0.875 0.130218
0.5625 0.84375 0.0992833
0.5625 0.8125 0.0683623
0.59375 0.8125 0.0734094
0.59375 0.84375 0.104219
0.5625 0.84375 0.0992833
0.59375 0.875 0.135046
0.59375 0.84375 0.104219
0.625 0.84375 0.110084
0.625 0.875 0.140745
0.59375 0.875 0.135046
0.59375 0.84375 0.104219
0.59375 0.8125 0.0734094
0.625 0.8125 0.0794617
0.625 0.84375 0.110084
0.59375 0.84375 0.104219
0.5625 0.8125 0.0683623
0.5625 0.78125 0.0374554
0.59375 0.78125 0.0426205
0.59375 0.8125 0.0734094
0.5625 0.8125 0.0683623
0.5625 0.78125 0.0374554
0.5625 0.75 0.00656308
0.59375 0.75 0.0118536
0.59375 0.78125 0.0426205
0.5625 0.78125 0.0374554
0.59375 0.8125 0.0734094
0.59375 0.78125 0.0426205
0.625 0.78125 0.0488853
0.625 0.8125 0.0794617
0.59375 0.8125 0.0734094
0.59375 0.78125 0.0426205
0.59375 0.75 0.0118536
0.625 0.75 0.0183614
0.625 0.78125 0.0488853
0.59375 0.78125 0.0426205
0.625 1 0.263741
0.625 0.9375 0.202214
0.6875 0.9375 0.216882
0.6875 1 0.277397
0.625 1 0.263741
0.625 0.9375 0.202214
0.625 0.875 0.140745
0.6875 0.875 0.156607
0.6875 0.9375 0.216882
0.625 0.9375 0.202214
0.6875 1 0.277397
0.6875 0.9375 0.216882
0.75 0.9375 0.239508
0.75 1 0.297498
0.6875 1 0.277397
0.6875 0.9375 0.216882
0.6875 0.875 0.156607
0.75 0.875 0.182453
0.75 0.9375 0.239508
0.6875 0.9375 0.216882
0.625 0.875 0.140745
0.625 0.84375 0.110084
0.65625 0.84375 0.117366
0.65625 0.875 0.147709
0.625 0.875 0.140745
0.625 0.84375 0.110084
0.625 0.8125 0.0794617
0.65625 0.8125 0.0871118
0.65625 0.84375 0.117366
0.625 0.84375 0.110084
0.65625 0.875 0.147709
0.65625 0.84375 0.117366
0.6875 0.84375 0.126838
0.6875 0.875 0.156607
0.65625 0.875 0.147709
0.65625 0.84375 0.117366
0.65625 0.8125 0.0871118
0.6875 0.8125 0.0973068
0.6875 0.84375 0.126838
0.65625 0.84375 0.117366
0.625 0.8125 0.0794617
0.625 0.78125 0.0488853
0.65625 0.78125 0.0569712
0.65625 0.8125 0.0871118
0.625 0.8125 0.0794617
0.625 0.78125 0.0488853
0.625 0.75 0.0183614
0.65625 0.75 0.0269734
0.65625 0.78125 0.0569712
0.625 0.78125 0.0488853
0.65625 0.8125 0.0871118
0.65625 0.78125 0.0569712
0.6875 0.78125 0.0680877
0.6875 0.8125 0.0973068
0.65625 0.8125 0.0871118
0.65625 0.78125 0.0569712
0.65625 0.75 0.0269734
0.6875 0.75 0.0392924
0.6875 0.78125 0.0680877
0.65625 0.78125 0.0569712
0.6875 0.875 0.156607
0.6875 0.8125 0.0973068
0.75 0.8125 0.127038
0.75 0.875 0.182453
0.6875 0.875 0.156607
0.6875 0.8125 0.0973068
0.6875 0.78125 0.0680877
0.71875 0.78125 0.0826698
0.71875 0.8125 0.110519
0.6875 0.8125 0.0973068
0.6875 0.78125 0.0680877
0.6875 0.75 0.0392924
0.71875 0.75 0.0556231
0.71875 0.78125 0.0826698
0.6875 0.78125 0.0680877
0.71875 0.8125 0.110519
0.71875 0.78125 0.0826698
0.75 0.78125 0.100891
0.75 0.8125 0.127038
0.71875 0.8125 0.110519
0.71875 0.78125 0.0826698
0.71875 0.75 0.0556231
0.75 0.75 0.0759354
0.75 0.78125 0.100891
0.71875 0.78125 0.0826698
0.5 0.75 -0.00178234
0.5 0.71875 -0.0328337
0.53125 0.71875 -0.0289196
0.53125 0.75 0.00204471
0.5 0.75 -0.00178234
0.5 0.71875 -0.0328337
0.5 0.6875 -0.0638759
0.53125 0.6875 -0.059869
0.53125 0.71875 -0.0289196
0.5 0.71875 -0.0328337
0.53125 0.75 0.00204471
0.53125 0.71875 -0.0289196
0.5625 0.71875 -0.0242937
0.5625 0.75 0.00656308
0.53125 0.75 0.00204471
0.53125 0.71875 -0.0289196
0.53125 0.6875 -0.059869
0.5625 0.6875 -0.055121
0.5625 0.71875 -0.0242937
0.53125 0.71875 -0.0289196
0.5 0.6875 -0.0638759
0.5 0.65625 -0.0949089
0.53125 0.65625 -0.0908019
0.53125 0.6875 -0.059869
0.5 0.6875 -0.0638759
0.5 0.65625 -0.0949089
0.5 0.625 -0.125926
0.53125 0.625 -0.121715
0.53125 0.65625 -0.0908019
0.5 0.65625 -0.0949089
0.53125 0.6875 -0.059869
0.53125 0.65625 -0.0908019
0.5625 0.65625 -0.0859131
0.5625 0.6875 -0.055121
0.53125 0.6875 -0.059869
0.53125 0.65625 -0.0908019
0.53125 0.625 -0.121715
0.5625 0.625 -0.11665
0.5625 0.65625 -0.0859131
0.53125 0.65625 -0.0908019
0.5625 0.75 0.00656308
0.5625 0.71875 -0.0242937
0.59375 0.71875 -0.0188409
0.59375 0.75 0.0118536
0.5625 0.75 0.00656308
0.5625 0.71875 -0.0242937
0.5625 0.6875 -0.055121
0.59375 0.6875 -0.0494479
0.59375 0.71875 -0.0188409
0.5625 0.71875 -0.0242937
0.59375 0.75 0.0118536
0.59375 0.71875 -0.0188409
0.625 0.71875 -0.0120154
0.625 0.75 0.0183614
0.59375 0.75 0.0118536
0.59375 0.71875 -0.0188409
0.59375 0.6875 -0.0494479
0.625 0.6875 -0.042084
0.625 0.71875 -0.0120154
0.59375 0.71875 -0.0188409
0.5625 0.6875 -0.055121
0.5625 0.65625 -0.0859131
0.59375 0.65625 -0.079934
0.59375 0.6875 -0.0494479
0.5625 0.6875 -0.055121
0.5625 0.65625 -0.0859131
0.5625 0.625 -0.11665
0.59375 0.625 -0.110145
0.59375 0.65625 -0.079934
0.5625 0.65625 -0.0859131
0.59375 0.6875 -0.0494479
0.59375 0.65625 -0.079934
0.625 0.65625 -0.0716359
0.625 0.6875 -0.042084
0.59375 0.6875 -0.0494479
0.59375 0.65625 -0.079934
0.59375 0.625 -0.110145
0.625 0.625 -0.0996608
0.625 0.65625 -0.0716359
0.59375 0.65625 -0.079934
0.5 0.625 -0.125926
0.5 0.5625 -0.188427
0.5625 0.5625 -0.173882
0.5625 0.625 -0.11665
0.5 0.625 -0.125926
0.5 0.5625 -0.188427
0.5 0.5 -0.22596
0.5625 0.5 -0.183756
0.5625 0.5625 -0.173882
0.5 0.5625 -0.188427
0.5625 0.625 -0.11665
0.5625 0.5625 -0.173882
0.625 0.5625 -0.130532
0.625 0.625 -0.0996608
0.5625 0.625 -0.11665
0.5625 0.5625 -0.173882
0.5625 0.5 -0.183756
0.625 0.5 -0.125249
0.625 0.5625 -0.130532
0.5625 0.5625 -0.173882
0.625 0.75 0.0183614
0.625 0.71875 -0.0120154
0.65625 0.71875 -0.00278546
0.65625 0.75 0.0269734
0.625 0.75 0.0183614
0.625 0.71875 -0.0120154
0.625 0.6875 -0.042084
0.65625 0.6875 -0.0313621
0.65625 0.71875 -0.00278546
0.625 0.71875 -0.0120154
0.65625 0.75 0.0269734
0.65625 0.71875 -0.00278546
0.6875 0.71875 0.0111276
0.6875 0.75 0.0392924
0.65625 0.75 0.0269734
0.65625 0.71875 -0.00278546
0.65625 0.6875 -0.0313621
0.6875 0.6875 -0.0151928
0.6875 0.71875 0.0111276
0.65625 0.71875 -0.00278546
0.625 0.6875 -0.042084
0.625 0.65625 -0.0716359
0.65625 0.65625 -0.0581469
0.65625 0.6875 -0.0313621
0.625 0.6875 -0.042084
0.625 0.65625 -0.0716359
0.625 0.625 -0.0996608
0.65625 0.625 -0.0813246
0.65625 0.65625 -0.0581469
0.625 0.65625 -0.0716359
0.65625 0.6875 -0.0313621
0.65625 0.65625 -0.0581469
0.6875 0.65625 -0.038405
0.6875 0.6875 -0.0151928
0.65625 0.6875 -0.0313621
0.65625 0.65625 -0.0581469
0.65625 0.625 -0.0813246
0.6875 0.625 -0.0569181
0.6875 0.65625 -0.038405
0.65625 0.65625 -0.0581469
0.6875 0.75 0.0392924
0.6875 0.71875 0.0111276
0.71875 0.71875 0.0297293
0.71875 0.75 0.0556231
0.6875 0.75 0.0392924
0.6875 0.71875 0.0111276
0.6875 0.6875 -0.0151928
0.71875 0.6875 0.00550008
0.71875 0.71875 0.0297293
0.6875 0.71875 0.0111276
0.71875 0.75 0.0556231
0.71875 0.71875 0.0297293
0.75 0.71875 0.0525576
0.75 0.75 0.0759354
0.71875 0.75 0.0556231
0.71875 0.71875 0.0297293
0.71875 0.6875 0.00550008
0.75 0.6875 0.0313696
0.75 0.71875 0.0525576
0.71875 0.71875 0.0297293
0.6875 0.6875 -0.0151928
0.6875 0.65625 -0.038405
0.71875 0.65625 -0.014194
0.71875 0.6875 0.00550008
0.6875 0.6875 -0.0151928
0.6875 0.65625 -0.038405
0.6875 0.625 -0.0569181
0.71875 0.625 -0.0292948
0.71875 0.65625 -0.014194
0.6875 0.65625 -0.038405
0.71875 0.6875 0.00550008
0.71875 0.65625 -0.014194
0.75 0.65625 0.0133819
0.75 0.6875 0.0313696
0.71875 0.6875 0.00550008
0.71875 0.65625 -0.014194
0.71875 0.625 -0.0292948
0.75 0.625 7.91995e-005
0.75 0.65625 0.0133819
0.71875 0.65625 -0.014194
0.625 0.625 -0.0996608
0.625 0.59375 -0.122513
0.65625 0.59375 -0.0967884
0.65625 0.625 -0.0813246
0.625 0.625 -0.0996608
0.625 0.59375 -0.122513
0.625 0.5625 -0.130532
0.65625 0.5625 -0.0994119
0.65625 0.59375 -0.0967884
0.625 0.59375 -0.122513
0.65625 0.625 -0.0813246
0.65625 0.59375 -0.0967884
0.6875 0.59375 -0.0671778
0.6875 0.625 -0.0569181
0.65625 0.625 -0.0813246
0.65625 0.59375 -0.0967884
0.65625 0.5625 -0.0994119
0.6875 0.5625 -0.0682593
0.6875 0.59375 -0.0671778
0.65625 0.59375 -0.0967884
0.625 0.5625 -0.130532
0.625 0.53125 -0.128545
0.65625 0.53125 -0.0975174
0.65625 0.5625 -0.0994119
0.625 0.5625 -0.130532
0.625 0.53125 -0.128545
0.625 0.5 -0.125249
0.65625 0.5 -0.0943537
0.65625 0.53125 -0.0975174
0.625 0.53125 -0.128545
0.65625 0.5625 -0.0994119
0.65625 0.53125 -0.0975174
0.6875 0.53125 -0.0664709
0.6875 0.5625 -0.0682593
0.65625 0.5625 -0.0994119
0.65625 0.53125 -0.0975174
0.65625 0.5 -0.0943537
0.6875 0.5 -0.0634236
0.6875 0.53125 -0.0664709
0.65625 0.53125 -0.0975174
0.6875 0.625 -0.0569181
0.6875 0.59375 -0.0671778
0.71875 0.59375 -0.0363908
0.71875 0.625 -0.0292948
0.6875 0.625 -0.0569181
0.6875 0.59375 -0.0671778
0.6875 0.5625 -0.0682593
0.71875 0.5625 -0.0370982
0.71875 0.59375 -0.0363908
0.6875 0.59375 -0.0671778
0.71875 0.625 -0.0292948
0.71875 0.59375 -0.0363908
0.75 0.59375 -0.00531542
0.75 0.625 7.91995e-005
0.71875 0.625 -0.0292948
0.71875 0.59375 -0.0363908
0.71875 0.5625 -0.0370982
0.75 0.5625 -0.00592987
0.75 0.59375 -0.00531542
0.71875 0.59375 -0.0363908
0.6875 0.5625 -0.0682593
0.6875 0.53125 -0.0664709
0.71875 0.53125 -0.0354111
0.71875 0.5625 -0.0370982
0.6875 0.5625 -0.0682593
0.6875 0.53125 -0.0664709
0.6875 0.5 -0.0634236
0.71875 0.5 -0.0324662
0.71875 0.53125 -0.0354111
0.6875 0.53125 -0.0664709
0.71875 0.5625 -0.0370982
0.71875 0.53125 -0.0354111
0.75 0.53125 -0.00434011
0.75 0.5625 -0.00592987
0.71875 0.5625 -0.0370982
0.71875 0.53125 -0.0354111
0.71875 0.5 -0.0324662
0.75 0.5 -0.00148902
0.75 0.53125 -0.00434011
0.71875 0.53125 -0.0354111
0.75 1 0.297498
0.75 0.875 0.182453
0.875 0.875 0.260477
0.875 1 0.360136
0.75 1 0.297498
0.75 0.875 0.182453
0.75 0.8125 0.127038
0.8125 0.8125 0.167442
0.8125 0.875 0.217472
0.75 0.875 0.182453
0.75 0.8125 0.127038
0.75 0.78125 0.100891
0.78125 0.78125 0.121855
0.78125 0.8125 0.146311
0.75 0.8125 0.127038
0.75 0.78125 0.100891
0.75 0.75 0.0759354
0.78125 0.75 0.098836
0.78125 0.78125 0.121855
0.75 0.78125 0.100891
0.78125 0.8125 0.146311
0.78125 0.78125 0.121855
0.8125 0.78125 0.144623
0.8125 0.8125 0.167442
0.78125 0.8125 0.146311
0.78125 0.78125 0.121855
0.78125 0.75 0.098836
0.8125 0.75 0.123374
0.8125 0.78125 0.144623
0.78125 0.78125 0.121855
0.8125 0.875 0.217472
0.8125 0.8125 0.167442
0.875 0.8125 0.215684
0.875 0.875 0.260477
0.8125 0.875 0.217472
0.8125 0.8125 0.167442
0.8125 0.75 0.123374
0.875 0.75 0.175894
0.875 0.8125 0.215684
0.8125 0.8125 0.167442
0.875 1 0.360136
0.875 0.875 0.260477
1 0.875 0.359944
1 1 0.448436
0.875 1 0.360136
0.875 0.875 0.260477
0.875 0.8125 0.215684
0.9375 0.8125 0.267596
0.9375 0.875 0.307862
0.875 0.875 0.260477
0.875 0.8125 0.215684
0.875 0.75 0.175894
0.9375 0.75 0.232875
0.9375 0.8125 0.267596
0.875 0.8125 0.215684
0.9375 0.875 0.307862
0.9375 0.8125 0.267596
1 0.8125 0.323003
1 0.875 0.359944
0.9375 0.875 0.307862
0.9375 0.8125 0.267596
0.9375 0.75 0.232875
1 0.75 0.291467
1 0.8125 0.323003
0.9375 0.8125 0.267596
0.75 0.75 0.0759354
0.75 0.71875 0.0525576
0.78125 0.71875 0.0776143
0.78125 0.75 0.098836
0.75 0.75 0.0759354
0.75 0.71875 0.0525576
0.75 0.6875 0.0313696
0.78125 0.6875 0.0587237
0.78125 0.71875 0.0776143
0.75 0.71875 0.0525576
0.78125 0.75 0.098836
0.78125 0.71875 0.0776143
0.8125 0.71875 0.104004
0.8125 0.75 0.123374
0.78125 0.75 0.098836
0.78125 0.71875 0.0776143
0.78125 0.6875 0.0587237
0.8125 0.6875 0.0869516
0.8125 0.71875 0.104004
0.78125 0.71875 0.0776143
0.75 0.6875 0.0313696
0.75 0.65625 0.0133819
0.78125 0.65625 0.0429113
0.78125 0.6875 0.0587237
0.75 0.6875 0.0313696
0.75 0.65625 0.0133819
0.75 0.625 7.91995e-005
0.78125 0.625 0.031188
0.78125 0.65625 0.0429113
0.75 0.65625 0.0133819
0.78125 0.6875 0.0587237
0.78125 0.65625 0.0429113
0.8125 0.65625 0.0727979
0.8125 0.6875 0.0869516
0.78125 0.6875 0.0587237
0.78125 0.65625 0.0429113
0.78125 0.625 0.031188
0.8125 0.625 0.0623
0.8125 0.65625 0.0727979
0.78125 0.65625 0.0429113
0.8125 0.75 0.123374
0.8125 0.71875 0.104004
0.84375 0.71875 0.131368
0.84375 0.75 0.149235
0.8125 0.75 0.123374
0.8125 0.71875 0.104004
0.8125 0.6875 0.0869516
0.84375 0.6875 0.115787
0.84375 0.71875 0.131368
0.8125 0.71875 0.104004
0.84375 0.75 0.149235
0.84375 0.71875 0.131368
0.875 0.71875 0.159311
0.875 0.75 0.175894
0.84375 0.75 0.149235
0.84375 0.71875 0.131368
0.84375 0.6875 0.115787
0.875 0.6875 0.144977
0.875 0.71875 0.159311
0.84375 0.71875 0.131368
0.8125 0.6875 0.0869516
0.8125 0.65625 0.0727979
0.84375 0.65625 0.102938
0.84375 0.6875 0.115787
0.8125 0.6875 0.0869516
0.8125 0.65625 0.0727979
0.8125 0.625 0.0623
0.84375 0.625 0.0934104
0.84375 0.65625 0.102938
0.8125 0.65625 0.0727979
0.84375 0.6875 0.115787
0.84375 0.65625 0.102938
0.875 0.65625 0.13322
0.875 0.6875 0.144977
0.84375 0.6875 0.115787
0.84375 0.65625 0.102938
0.84375 0.625 0.0934104
0.875 0.625 0.124499
0.875 0.65625 0.13322
0.84375 0.65625 0.102938
0.75 0.625 7.91995e-005
0.75 0.59375 -0.00531542
0.78125 0.59375 0.0258991
0.78125 0.625 0.031188
0.75 0.625 7.91995e-005
0.75 0.59375 -0.00531542
0.75 0.5625 -0.00592987
0.78125 0.5625 0.0252962
0.78125 0.59375 0.0258991
0.75 0.59375 -0.00531542
0.78125 0.625 0.031188
0.78125 0.59375 0.0258991
0.8125 0.59375 0.0571486
0.8125 0.625 0.0623
0.78125 0.625 0.031188
0.78125 0.59375 0.0258991
0.78125 0.5625 0.0252962
0.8125 0.5625 0.0565431
0.8125 0.59375 0.0571486
0.78125 0.59375 0.0258991
0.75 0.5625 -0.00592987
0.75 0.53125 -0.00434011
0.78125 0.53125 0.0268127
0.78125 0.5625 0.0252962
0.75 0.5625 -0.00592987
0.75 0.53125 -0.00434011
0.75 0.5 -0.00148902
0.78125 0.5 0.0295859
0.78125 0.53125 0.0268127
0.75 0.53125 -0.00434011
0.78125 0.5625 0.0252962
0.78125 0.53125 0.0268127
0.8125 0.53125 0.0579925
0.8125 0.5625 0.0565431
0.78125 0.5625 0.0252962
0.78125 0.53125 0.0268127
0.78125 0.5 0.0295859
0.8125 0.5 0.0606745
0.8125 0.53125 0.0579925
0.78125 0.53125 0.0268127
0.8125 0.625 0.0623
0.8125 0.59375 0.0571486
0.84375 0.59375 0.0883952
0.84375 0.625 0.0934104
0.8125 0.625 0.0623
0.8125 0.59375 0.0571486
0.8125 0.5625 0.0565431
0.84375 0.5625 0.0877896
0.84375 0.59375 0.0883952
0.8125 0.59375 0.0571486
0.84375 0.625 0.0934104
0.84375 0.59375 0.0883952
0.875 0.59375 0.119647
0.875 0.625 0.124499
0.84375 0.625 0.0934104
0.84375 0.59375 0.0883952
0.84375 0.5625 0.0877896
0.875 0.5625 0.119036
0.875 0.59375 0.119647
0.84375 0.59375 0.0883952
0.8125 0.5625 0.0565431
0.8125 0.53125 0.0579925
0.84375 0.53125 0.0891762
0.84375 0.5625 0.0877896
0.8125 0.5625 0.0565431
0.8125 0.53125 0.0579925
0.8125 0.5 0.0606745
0.84375 0.5 0.0917715
0.84375 0.53125 0.0891762
0.8125 0.53125 0.0579925
0.84375 0.5625 0.0877896
0.84375 0.53125 0.0891762
0.875 0.53125 0.120366
0.875 0.5625 0.119036
0.84375 0.5625 0.0877896
0.84375 0.53125 0.0891762
0.84375 0.5 0.0917715
0.875 0.5 0.122877
0.875 0.53125 0.120366
0.84375 0.53125 0.0891762
0.875 0.75 0.175894
0.875 0.6875 0.144977
0.9375 0.6875 0.205545
0.9375 0.75 0.232875
0.875 0.75 0.175894
0.875 0.6875 0.144977
0.875 0.625 0.124499
0.9375 0.625 0.186957
0.9375 0.6875 0.205545
0.875 0.6875 0.144977
0.9375 0.75 0.232875
0.9375 0.6875 0.205545
1 0.6875 0.266559
1 0.75 0.291467
0.9375 0.75 0.232875
0.9375 0.6875 0.205545
0.9375 0.625 0.186957
1 0.625 0.249409
1 0.6875 0.266559
0.9375 0.6875 0.205545
0.875 0.625 0.124499
0.875 0.5625 0.119036
0.9375 0.5625 0.181532
0.9375 0.625 0.186957
0.875 0.625 0.124499
0.875 0.5625 0.119036
0.875 0.5 0.122877
0.9375 0.5 0.185122
0.9375 0.5625 0.181532
0.875 0.5625 0.119036
0.9375 0.625 0.186957
0.9375 0.5625 0.181532
1 0.5625 0.244035
1 0.625 0.249409
0.9375 0.625 0.186957
0.9375 0.5625 0.181532
0.9375 0.5 0.185122
1 0.5 0.247415
1 0.5625 0.244035
0.9375 0.5625 0.181532
0.5 0.5 -0.22596
0.5 0.4375 -0.183499
0.5625 0.4375 -0.165542
0.5625 0.5 -0.183756
0.5 0.5 -0.22596
0.5 0.4375 -0.183499
0.5 0.375 -0.125766
0.5625 0.375 -0.129566
0.5625 0.4375 -0.165542
0.5 0.4375 -0.183499
0.5625 0.5 -0.183756
0.5625 0.4375 -0.165542
0.625 0.4375 -0.11535
0.625 0.5 -0.125249
0.5625 0.5 -0.183756
0.5625 0.4375 -0.165542
0.5625 0.375 -0.129566
0.625 0.375 -0.0957505
0.625 0.4375 -0.11535
0.5625 0.4375 -0.165542
0.5 0.375 -0.125766
0.5 0.34375 -0.0947751
0.53125 0.34375 -0.0980654
0.53125 0.375 -0.129172
0.5 0.375 -0.125766
0.5 0.34375 -0.0947751
0.5 0.3125 -0.0637521
0.53125 0.3125 -0.066952
0.53125 0.34375 -0.0980654
0.5 0.34375 -0.0947751
0.53125 0.375 -0.129172
0.53125 0.34375 -0.0980654
0.5625 0.34375 -0.100274
0.5625 0.375 -0.129566
0.53125 0.375 -0.129172
0.53125 0.34375 -0.0980654
0.53125 0.3125 -0.066952
0.5625 0.3125 -0.0690722
0.5625 0.34375 -0.100274
0.53125 0.34375 -0.0980654
0.5 0.3125 -0.0637521
0.5 0.28125 -0.0327162
0.53125 0.28125 -0.0358315
0.53125 0.3125 -0.066952
0.5 0.3125 -0.0637521
0.5 0.28125 -0.0327162
0.5 0.25 -0.00167197
0.53125 0.25 -0.0047043
0.53125 0.28125 -0.0358315
0.5 0.28125 -0.0327162
0.53125 0.3125 -0.066952
0.53125 0.28125 -0.0358315
0.5625 0.28125 -0.0378647
0.5625 0.3125 -0.0690722
0.53125 0.3125 -0.066952
0.53125 0.28125 -0.0358315
0.53125 0.25 -0.0047043
0.5625 0.25 -0.00665259
0.5625 0.28125 -0.0378647
0.53125 0.28125 -0.0358315
0.5625 0.375 -0.129566
0.5625 0.34375 -0.100274
0.59375 0.34375 -0.0949018
0.59375 0.375 -0.117182
0.5625 0.375 -0.129566
0.5625 0.34375 -0.100274
0.5625 0.3125 -0.0690722
0.59375 0.3125 -0.0678016
0.59375 0.34375 -0.0949018
0.5625 0.34375 -0.100274
0.59375 0.375 -0.117182
0.59375 0.34375 -0.0949018
0.625 0.34375 -0.079177
0.625 0.375 -0.0957505
0.59375 0.375 -0.117182
0.59375 0.34375 -0.0949018
0.59375 0.3125 -0.0678016
0.625 0.3125 -0.0575161
0.625 0.34375 -0.079177
0.59375 0.34375 -0.0949018
0.5625 0.3125 -0.0690722
0.5625 0.28125 -0.0378647
0.59375 0.28125 -0.0376549
0.59375 0.3125 -0.0678016
0.5625 0.3125 -0.0690722
0.5625 0.28125 -0.0378647
0.5625 0.25 -0.00665259
0.59375 0.25 -0.00669578
0.59375 0.28125 -0.0376549
0.5625 0.28125 -0.0378647
0.59375 0.3125 -0.0678016
0.59375 0.28125 -0.0376549
0.625 0.28125 -0.0315635
0.625 0.3125 -0.0575161
0.59375 0.3125 -0.0678016
0.59375 0.28125 -0.0376549
0.59375 0.25 -0.00669578
0.625 0.25 -0.00285502
0.625 0.28125 -0.0315635
0.59375 0.28125 -0.0376549
0.625 0.5 -0.125249
0.625 0.46875 -0.120942
0.65625 0.46875 -0.0902628
0.65625 0.5 -0.0943537
0.625 0.5 -0.125249
0.625 0.46875 -0.120942
0.625 0.4375 -0.11535
0.65625 0.4375 -0.0852415
0.65625 0.46875 -0.0902628
0.625 0.46875 -0.120942
0.65625 0.5 -0.0943537
0.65625 0.46875 -0.0902628
0.6875 0.46875 -0.0594695
0.6875 0.5 -0.0634236
0.65625 0.5 -0.0943537
0.65625 0.46875 -0.0902628
0.65625 0.4375 -0.0852415
0.6875 0.4375 -0.0547452
0.6875 0.46875 -0.0594695
0.65625 0.46875 -0.0902628
0.625 0.4375 -0.11535
0.625 0.40625 -0.10745
0.65625 0.40625 -0.078765
0.65625 0.4375 -0.0852415
0.625 0.4375 -0.11535
0.625 0.40625 -0.10745
0.625 0.375 -0.0957505
0.65625 0.375 -0.0697903
0.65625 0.40625 -0.078765
0.625 0.40625 -0.10745
0.65625 0.4375 -0.0852415
0.65625 0.40625 -0.078765
0.6875 0.40625 -0.0489852
0.6875 0.4375 -0.0547452
0.65625 0.4375 -0.0852415
0.65625 0.40625 -0.078765
0.65625 0.375 -0.0697903
0.6875 0.375 -0.0415326
0.6875 0.40625 -0.0489852
0.65625 0.40625 -0.078765
0.6875 0.5 -0.0634236
0.6875 0.46875 -0.0594695
0.71875 0.46875 -0.0286197
0.71875 0.5 -0.0324662
0.6875 0.5 -0.0634236
0.6875 0.46875 -0.0594695
0.6875 0.4375 -0.0547452
0.71875 0.4375 -0.0240762
0.71875 0.46875 -0.0286197
0.6875 0.46875 -0.0594695
0.71875 0.5 -0.0324662
0.71875 0.46875 -0.0286197
0.75 0.46875 0.00227071
0.75 0.5 -0.00148902
0.71875 0.5 -0.0324662
0.71875 0.46875 -0.0286197
0.71875 0.4375 -0.0240762
0.75 0.4375 0.00670429
0.75 0.46875 0.00227071
0.71875 0.46875 -0.0286197
0.6875 0.4375 -0.0547452
0.6875 0.40625 -0.0489852
0.71875 0.40625 -0.0187117
0.71875 0.4375 -0.0240762
0.6875 0.4375 -0.0547452
0.6875 0.40625 -0.0489852
0.6875 0.375 -0.0415326
0.71875 0.375 -0.0120933
0.71875 0.40625 -0.0187117
0.6875 0.40625 -0.0489852
0.71875 0.4375 -0.0240762
0.71875 0.40625 -0.0187117
0.75 0.40625 0.011851
0.75 0.4375 0.00670429
0.71875 0.4375 -0.0240762
0.71875 0.40625 -0.0187117
0.71875 0.375 -0.0120933
0.75 0.375 0.0180886
0.75 0.40625 0.011851
0.71875 0.40625 -0.0187117
0.625 0.375 -0.0957505
0.625 0.34375 -0.079177
0.65625 0.34375 -0.057107
0.65625 0.375 -0.0697903
0.625 0.375 -0.0957505
0.625 0.34375 -0.079177
0.625 0.3125 -0.0575161
0.65625 0.3125 -0.0398078
0.65625 0.34375 -0.057107
0.625 0.34375 -0.079177
0.65625 0.375 -0.0697903
0.65625 0.34375 -0.057107
0.6875 0.34375 -0.0313976
0.6875 0.375 -0.0415326
0.65625 0.375 -0.0697903
0.65625 0.34375 -0.057107
0.65625 0.3125 -0.0398078
0.6875 0.3125 -0.0170028
0.6875 0.34375 -0.0313976
0.65625 0.34375 -0.057107
0.625 0.3125 -0.0575161
0.625 0.28125 -0.0315635
0.65625 0.28125 -0.0187125
0.65625 0.3125 -0.0398078
0.625 0.3125 -0.0575161
0.625 0.28125 -0.0315635
0.625 0.25 -0.00285502
0.65625 0.25 0.00741443
0.65625 0.28125 -0.0187125
0.625 0.28125 -0.0315635
0.65625 0.3125 -0.0398078
0.65625 0.28125 -0.0187125
0.6875 0.28125 0.000562563
0.6875 0.3125 -0.0170028
0.65625 0.3125 -0.0398078
0.65625 0.28125 -0.0187125
0.65625 0.25 0.00741443
0.6875 0.25 0.0241239
0.6875 0.28125 0.000562563
0.65625 0.28125 -0.0187125
0.6875 0.375 -0.0415326
0.6875 0.34375 -0.0313976
0.71875 0.34375 -0.00359341
0.71875 0.375 -0.0120933
0.6875 0.375 -0.0415326
0.6875 0.34375 -0.0313976
0.6875 0.3125 -0.0170028
0.71875 0.3125 0.00908579
0.71875 0.34375 -0.00359341
0.6875 0.34375 -0.0313976
0.71875 0.375 -0.0120933
0.71875 0.34375 -0.00359341
0.75 0.34375 0.0261046
0.75 0.375 0.0180886
0.71875 0.375 -0.0120933
0.71875 0.34375 -0.00359341
0.71875 0.3125 0.00908579
0.75 0.3125 0.0372554
0.75 0.34375 0.0261046
0.71875 0.34375 -0.00359341
0.6875 0.3125 -0.0170028
0.6875 0.28125 0.000562563
0.71875 0.28125 0.0253201
0.71875 0.3125 0.00908579
0.6875 0.3125 -0.0170028
0.6875 0.28125 0.000562563
0.6875 0.25 0.0241239
0.71875 0.25 0.0455004
0.71875 0.28125 0.0253201
0.6875 0.28125 0.000562563
0.71875 0.3125 0.00908579
0.71875 0.28125 0.0253201
0.75 0.28125 0.0516337
0.75 0.3125 0.0372554
0.71875 0.3125 0.00908579
0.71875 0.28125 0.0253201
0.71875 0.25 0.0455004
0.75 0.25 0.0693969
0.75 0.28125 0.0516337
0.71875 0.28125 0.0253201
0.5 0.25 -0.00167197
0.5 0.21875 0.0293949
0.53125 0.21875 0.0264462
0.53125 0.25 -0.0047043
0.5 0.25 -0.00167197
0.5 0.21875 0.0293949
0.5 0.1875 0.0604716
0.53125 0.1875 0.0576065
0.53125 0.21875 0.0264462
0.5 0.21875 0.0293949
0.53125 0.25 -0.0047043
0.53125 0.21875 0.0264462
0.5625 0.21875 0.024577
0.5625 0.25 -0.00665259
0.53125 0.25 -0.0047043
0.53125 0.21875 0.0264462
0.53125 0.1875 0.0576065
0.5625 0.1875 0.055813
0.5625 0.21875 0.024577
0.53125 0.21875 0.0264462
0.5 0.1875 0.0604716
0.5 0.15625 0.0915566
0.53125 0.15625 0.0887722
0.53125 0.1875 0.0576065
0.5 0.1875 0.0604716
0.5 0.15625 0.0915566
0.5 0.125 0.12265
0.53125 0.125 0.119946
0.53125 0.15625 0.0887722
0.5 0.15625 0.0915566
0.53125 0.1875 0.0576065
0.53125 0.15625 0.0887722
0.5625 0.15625 0.0870499
0.5625 0.1875 0.055813
0.53125 0.1875 0.0576065
0.53125 0.15625 0.0887722
0.53125 0.125 0.119946
0.5625 0.125 0.118288
0.5625 0.15625 0.0870499
0.53125 0.15625 0.0887722
0.5625 0.25 -0.00665259
0.5625 0.21875 0.024577
0.59375 0.21875 0.0245276
0.59375 0.25 -0.00669578
0.5625 0.25 -0.00665259
0.5625 0.21875 0.024577
0.5625 0.1875 0.055813
0.59375 0.1875 0.0557665
0.59375 0.21875 0.0245276
0.5625 0.21875 0.024577
0.59375 0.25 -0.00669578
0.59375 0.21875 0.0245276
0.625 0.21875 0.0278888
0.625 0.25 -0.00285502
0.59375 0.25 -0.00669578
0.59375 0.21875 0.0245276
0.59375 0.1875 0.0557665
0.625 0.1875 0.0587767
0.625 0.21875 0.0278888
0.59375 0.21875 0.0245276
0.5625 0.1875 0.055813
0.5625 0.15625 0.0870499
0.59375 0.15625 0.0870055
0.59375 0.1875 0.0557665
0.5625 0.1875 0.055813
0.5625 0.15625 0.0870499
0.5625 0.125 0.118288
0.59375 0.125 0.118248
0.59375 0.15625 0.0870055
0.5625 0.15625 0.0870499
0.59375 0.1875 0.0557665
0.59375 0.15625 0.0870055
0.625 0.15625 0.0897306
0.625 0.1875 0.0587767
0.59375 0.1875 0.0557665
0.59375 0.15625 0.0870055
0.59375 0.125 0.118248
0.625 0.125 0.120727
0.625 0.15625 0.0897306
0.59375 0.15625 0.0870055
0.5 0.125 0.12265
0.5 0.0625 0.18487
0.5625 0.0625 0.180777
0.5625 0.125 0.118288
0.5 0.125 0.12265
0.5 0.0625 0.18487
0.5 0 0.247138
0.5625 0 0.243277
0.5625 0.0625 0.180777
0.5 0.0625 0.18487
0.5625 0.125 0.118288
0.5625 0.0625 0.180777
0.625 0.0625 0.182957
0.625 0.125 0.120727
0.5625 0.125 0.118288
0.5625 0.0625 0.180777
0.5625 0 0.243277
0.625 0 0.245267
0.625 0.0625 0.182957
0.5625 0.0625 0.180777
0.625 0.25 -0.00285502
0.625 0.21875 0.0278888
0.65625 0.21875 0.0362995
0.65625 0.25 0.00741443
0.625 0.25 -0.00285502
0.625 0.21875 0.0278888
0.625 0.1875 0.0587767
0.65625 0.1875 0.0659609
0.65625 0.21875 0.0362995
0.625 0.21875 0.0278888
0.65625 0.25 0.00741443
0.65625 0.21875 0.0362995
0.6875 0.21875 0.0501506
0.6875 0.25 0.0241239
0.65625 0.25 0.00741443
0.65625 0.21875 0.0362995
0.65625 0.1875 0.0659609
0.6875 0.1875 0.0777488
0.6875 0.21875 0.0501506
0.65625 0.21875 0.0362995
0.625 0.1875 0.0587767
0.625 0.15625 0.0897306
0.65625 0.15625 0.0959844
0.65625 0.1875 0.0659609
0.625 0.1875 0.0587767
0.625 0.15625 0.0897306
0.625 0.125 0.120727
0.65625 0.125 0.126342
0.65625 0.15625 0.0959844
0.625 0.15625 0.0897306
0.65625 0.1875 0.0659609
0.65625 0.15625 0.0959844
0.6875 0.15625 0.106166
0.6875 0.1875 0.0777488
0.65625 0.1875 0.0659609
0.65625 0.15625 0.0959844
0.65625 0.125 0.126342
0.6875 0.125 0.13528
0.6875 0.15625 0.106166
0.65625 0.15625 0.0959844
0.6875 0.25 0.0241239
0.6875 0.21875 0.0501506
0.71875 0.21875 0.0685041
0.71875 0.25 0.0455004
0.6875 0.25 0.0241239
0.6875 0.21875 0.0501506
0.6875 0.1875 0.0777488
0.71875 0.1875 0.0936617
0.71875 0.21875 0.0685041
0.6875 0.21875 0.0501506
0.71875 0.25 0.0455004
0.71875 0.21875 0.0685041
0.75 0.21875 0.0898832
0.75 0.25 0.0693969
0.71875 0.25 0.0455004
0.71875 0.21875 0.0685041
0.71875 0.1875 0.0936617
0.75 0.1875 0.112843
0.75 0.21875 0.0898832
0.71875 0.21875 0.0685041
0.6875 0.1875 0.0777488
0.6875 0.15625 0.106166
0.71875 0.15625 0.120092
0.71875 0.1875 0.0936617
0.6875 0.1875 0.0777488
0.6875 0.15625 0.106166
0.6875 0.125 0.13528
0.71875 0.125 0.147727
0.71875 0.15625 0.120092
0.6875 0.15625 0.106166
0.71875 0.1875 0.0936617
0.71875 0.15625 0.120092
0.75 0.15625 0.137301
0.75 0.1875 0.112843
0.71875 0.1875 0.0936617
0.71875 0.15625 0.120092
0.71875 0.125 0.147727
0.75 0.125 0.163206
0.75 0.15625 0.137301
0.71875 0.15625 0.120092
0.625 0.125 0.120727
0.625 0.0625 0.182957
0.6875 0.0625 0.194872
0.6875 0.125 0.13528
0.625 0.125 0.120727
0.625 0.0625 0.182957
0.625 0 0.245267
0.6875 0 0.255646
0.6875 0.0625 0.194872
0.625 0.0625 0.182957
0.6875 0.125 0.13528
0.6875 0.0625 0.194872
0.75 0.0625 0.217477
0.75 0.125 0.163206
0.6875 0.125 0.13528
0.6875 0.0625 0.194872
0.6875 0 0.255646
0.75 0 0.275141
0.75 0.0625 0.217477
0.6875 0.0625 0.194872
0.75 0.5 -0.00148902
0.75 0.46875 0.00227071
0.78125 0.46875 0.0332571
0.78125 0.5 0.0295859
0.75 0.5 -0.00148902
0.75 0.46875 0.00227071
0.75 0.4375 0.00670429
0.78125 0.4375 0.0375959
0.78125 0.46875 0.0332571
0.75 0.46875 0.00227071
0.78125 0.5 0.0295859
0.78125 0.46875 0.0332571
0.8125 0.46875 0.0642552
0.8125 0.5 0.0606745
0.78125 0.5 0.0295859
0.78125 0.46875 0.0332571
0.78125 0.4375 0.0375959
0.8125 0.4375 0.0685011
0.8125 0.46875 0.0642552
0.78125 0.46875 0.0332571
0.75 0.4375 0.00670429
0.75 0.40625 0.011851
0.78125 0.40625 0.0426248
0.78125 0.4375 0.0375959
0.75 0.4375 0.00670429
0.75 0.40625 0.011851
0.75 0.375 0.0180886
0.78125 0.375 0.04863
0.78125 0.40625 0.0426248
0.75 0.40625 0.011851
0.78125 0.4375 0.0375959
0.78125 0.40625 0.0426248
0.8125 0.40625 0.0734188
0.8125 0.4375 0.0685011
0.78125 0.4375 0.0375959
0.78125 0.40625 0.0426248
0.78125 0.375 0.04863
0.8125 0.375 0.0792241
0.8125 0.40625 0.0734188
0.78125 0.40625 0.0426248
0.8125 0.5 0.0606745
0.8125 0.46875 0.0642552
0.84375 0.46875 0.0952642
0.84375 0.5 0.0917715
0.8125 0.5 0.0606745
0.8125 0.46875 0.0642552
0.8125 0.4375 0.0685011
0.84375 0.4375 0.0994197
0.84375 0.46875 0.0952642
0.8125 0.46875 0.0642552
0.84375 0.5 0.0917715
0.84375 0.46875 0.0952642
0.875 0.46875 0.126284
0.875 0.5 0.122877
0.84375 0.5 0.0917715
0.84375 0.46875 0.0952642
0.84375 0.4375 0.0994197
0.875 0.4375 0.130352
0.875 0.46875 0.126284
0.84375 0.46875 0.0952642
0.8125 0.4375 0.0685011
0.8125 0.40625 0.0734188
0.84375 0.40625 0.10423
0.84375 0.4375 0.0994197
0.8125 0.4375 0.0685011
0.8125 0.40625 0.0734188
0.8125 0.375 0.0792241
0.84375 0.375 0.109857
0.84375 0.40625 0.10423
0.8125 0.40625 0.0734188
0.84375 0.4375 0.0994197
0.84375 0.40625 0.10423
0.875 0.40625 0.135066
0.875 0.4375 0.130352
0.84375 0.4375 0.0994197
0.84375 0.40625 0.10423
0.84375 0.375 0.109857
0.875 0.375 0.140528
0.875 0.40625 0.135066
0.84375 0.40625 0.10423
0.75 0.375 0.0180886
0.75 0.34375 0.0261046
0.78125 0.34375 0.0561622
0.78125 0.375 0.04863
0.75 0.375 0.0180886
0.75 0.34375 0.0261046
0.75 0.3125 0.0372554
0.78125 0.3125 0.0661815
0.78125 0.34375 0.0561622
0.75 0.34375 0.0261046
0.78125 0.375 0.04863
0.78125 0.34375 0.0561622
0.8125 0.34375 0.0863644
0.8125 0.375 0.0792241
0.78125 0.375 0.04863
0.78125 0.34375 0.0561622
0.78125 0.3125 0.0661815
0.8125 0.3125 0.0955552
0.8125 0.34375 0.0863644
0.78125 0.34375 0.0561622
0.75 0.3125 0.0372554
0.75 0.28125 0.0516337
0.78125 0.28125 0.0790208
0.78125 0.3125 0.0661815
0.75 0.3125 0.0372554
0.75 0.28125 0.0516337
0.75 0.25 0.0693969
0.78125 0.25 0.0948542
0.78125 0.28125 0.0790208
0.75 0.28125 0.0516337
0.78125 0.3125 0.0661815
0.78125 0.28125 0.0790208
0.8125 0.28125 0.107237
0.8125 0.3125 0.0955552
0.78125 0.3125 0.0661815
0.78125 0.28125 0.0790208
0.78125 0.25 0.0948542
0.8125 0.25 0.121499
0.8125 0.28125 0.107237
0.78125 0.28125 0.0790208
0.8125 0.375 0.0792241
0.8125 0.34375 0.0863644
0.84375 0.34375 0.116662
0.84375 0.375 0.109857
0.8125 0.375 0.0792241
0.8125 0.34375 0.0863644
0.8125 0.3125 0.0955552
0.84375 0.3125 0.125212
0.84375 0.34375 0.116662
0.8125 0.34375 0.0863644
0.84375 0.375 0.109857
0.84375 0.34375 0.116662
0.875 0.34375 0.147067
0.875 0.375 0.140528
0.84375 0.375 0.109857
0.84375 0.34375 0.116662
0.84375 0.3125 0.125212
0.875 0.3125 0.155084
0.875 0.34375 0.147067
0.84375 0.34375 0.116662
0.8125 0.3125 0.0955552
0.8125 0.25 0.121499
0.875 0.25 0.177271
0.875 0.3125 0.155084
0.8125 0.3125 0.0955552
0.875 0.5 0.122877
0.875 0.4375 0.130352
0.9375 0.4375 0.192254
0.9375 0.5 0.185122
0.875 0.5 0.122877
0.875 0.4375 0.130352
0.875 0.375 0.140528
0.9375 0.375 0.201973
0.9375 0.4375 0.192254
0.875 0.4375 0.130352
0.9375 0.5 0.185122
0.9375 0.4375 0.192254
1 0.4375 0.25423
1 0.5 0.247415
0.9375 0.5 0.185122
0.9375 0.4375 0.192254
0.9375 0.375 0.201973
1 0.375 0.263564
1 0.4375 0.25423
0.9375 0.4375 0.192254
0.875 0.375 0.140528
0.875 0.3125 0.155084
0.9375 0.3125 0.215421
0.9375 0.375 0.201973
0.875 0.375 0.140528
0.875 0.3125 0.155084
0.875 0.25 0.177271
0.9375 0.25 0.234806
0.9375 0.3125 0.215421
0.875 0.3125 0.155084
0.9375 0.375 0.201973
0.9375 0.3125 0.215421
1 0.3125 0.276242
1 0.375 0.263564
0.9375 0.375 0.201973
0.9375 0.3125 0.215421
0.9375 0.25 0.234806
1 0.25 0.293936
1 0.3125 0.276242
0.9375 0.3125 0.215421
0.75 0.25 0.0693969
0.75 0.21875 0.0898832
0.78125 0.21875 0.113282
0.78125 0.25 0.0948542
0.75 0.25 0.0693969
0.75 0.21875 0.0898832
0.75 0.1875 0.112843
0.78125 0.1875 0.134212
0.78125 0.21875 0.113282
0.75 0.21875 0.0898832
0.78125 0.25 0.0948542
0.78125 0.21875 0.113282
0.8125 0.21875 0.138303
0.8125 0.25 0.121499
0.78125 0.25 0.0948542
0.78125 0.21875 0.113282
0.78125 0.1875 0.134212
0.8125 0.1875 0.157384
0.8125 0.21875 0.138303
0.78125 0.21875 0.113282
0.75 0.1875 0.112843
0.75 0.125 0.163206
0.8125 0.125 0.201784
0.8125 0.1875 0.157384
0.75 0.1875 0.112843
0.8125 0.25 0.121499
0.8125 0.1875 0.157384
0.875 0.1875 0.207821
0.875 0.25 0.177271
0.8125 0.25 0.121499
0.8125 0.1875 0.157384
0.8125 0.125 0.201784
0.875 0.125 0.246455
0.875 0.1875 0.207821
0.8125 0.1875 0.157384
0.75 0.125 0.163206
0.75 0.0625 0.217477
0.8125 0.0625 0.250532
0.8125 0.125 0.201784
0.75 0.125 0.163206
0.75 0.0625 0.217477
0.75 0 0.275141
0.8125 0 0.304153
0.8125 0.0625 0.250532
0.75 0.0625 0.217477
0.8125 0.125 0.201784
0.8125 0.0625 0.250532
0.875 0.0625 0.289868
0.875 0.125 0.246455
0.8125 0.125 0.201784
0.8125 0.0625 0.250532
0.8125 0 0.304153
0.875 0 0.339293
0.875 0.0625 0.289868
0.8125 0.0625 0.250532
0.875 0.25 0.177271
0.875 0.125 0.246455
1 0.125 0.350307
1 0.25 0.293936
0.875 0.25 0.177271
0.875 0.125 0.246455
0.875 0 0.339293
1 0 0.432996
1 0.125 0.350307
0.875 0.125 0.246455
