0 1 0.422484
0 0.875 0.328504
0.125 0.875 0.234118
0.125 1 0.340361
0 1 0.422484
0 0.875 0.328504
0 0.8125 0.289579
0.0625 0.8125 0.234854
0.0625 0.875 0.277842
0 0.875 0.328504
0 0.8125 0.289579
0 0.75 0.256752
0.0625 0.75 0.197943
0.0625 0.8125 0.234854
0 0.8125 0.289579
0.0625 0.875 0.277842
0.0625 0.8125 0.234854
0.125 0.8125 0.185037
0.125 0.875 0.234118
0.0625 0.875 0.277842
0.0625 0.8125 0.234854
0.0625 0.75 0.197943
0.125 0.75 0.141117
0.125 0.8125 0.185037
0.0625 0.8125 0.234854
0.125 1 0.340361
0.125 0.9375 0.28623
0.1875 0.9375 0.254802
0.1875 1 0.313168
0.125 1 0.340361
0.125 0.9375 0.28623
0.125 0.875 0.234118
0.1875 0.875 0.197347
0.1875 0.9375 0.254802
0.125 0.9375 0.28623
0.1875 1 0.313168
0.1875 0.9375 0.254802
0.25 0.9375 0.232847
0.25 1 0.293444
0.1875 1 0.313168
0.1875 0.9375 0.254802
0.1875 0.875 0.197347
0.25 0.875 0.172332
0.25 0.9375 0.232847
0.1875 0.9375 0.254802
0.125 0.875 0.234118
0.125 0.8125 0.185037
0.1875 0.8125 0.141589
0.1875 0.875 0.197347
0.125 0.875 0.234118
0.125 0.8125 0.185037
0.125 0.75 0.141117
0.1875 0.75 0.0913818
0.1875 0.8125 0.141589
0.125 0.8125 0.185037
0.1875 0.875 0.197347
0.1875 0.8125 0.141589
0.25 0.8125 0.112072
0.25 0.875 0.172332
0.1875 0.875 0.197347
0.1875 0.8125 0.141589
0.1875 0.78125 0.115753
0.21875 0.78125 0.0969279
0.21875 0.8125 0.12486
0.1875 0.8125 0.141589
0.1875 0.78125 0.115753
0.1875 0.75 0.0913818
0.21875 0.75 0.0700179
0.21875 0.78125 0.0969279
0.1875 0.78125 0.115753
0.21875 0.8125 0.12486
0.21875 0.78125 0.0969279
0.25 0.78125 0.0823893
0.25 0.8125 0.112072
0.21875 0.8125 0.12486
0.21875 0.78125 0.0969279
0.21875 0.75 0.0700179
0.25 0.75 0.0530815
0.25 0.78125 0.0823893
0.21875 0.78125 0.0969279
0 0.75 0.256752
0 0.6875 0.232026
0.0625 0.6875 0.170133
0.0625 0.75 0.197943
0 0.75 0.256752
0 0.6875 0.232026
0 0.625 0.218499
0.0625 0.625 0.155998
0.0625 0.6875 0.170133
0 0.6875 0.232026
0.0625 0.75 0.197943
0.0625 0.6875 0.170133
0.125 0.6875 0.10817
0.125 0.75 0.141117
0.0625 0.75 0.197943
0.0625 0.6875 0.170133
0.0625 0.625 0.155998
0.125 0.625 0.0935115
0.125 0.6875 0.10817
0.0625 0.6875 0.170133
0 0.625 0.218499
0 0.5625 0.226015
0.0625 0.5625 0.164298
0.0625 0.625 0.155998
0 0.625 0.218499
0 0.5625 0.226015
0 0.5 0.238312
0.0625 0.5 0.177141
0.0625 0.5625 0.164298
0 0.5625 0.226015
0.0625 0.625 0.155998
0.0625 0.5625 0.164298
0.125 0.5625 0.102824
0.125 0.625 0.0935115
0.0625 0.625 0.155998
0.0625 0.5625 0.164298
0.0625 0.5 0.177141
0.125 0.5 0.116074
0.125 0.5625 0.102824
0.0625 0.5625 0.164298
0.125 0.75 0.141117
0.125 0.71875 0.123157
0.15625 0.71875 0.0956021
0.15625 0.75 0.115546
0.125 0.75 0.141117
0.125 0.71875 0.123157
0.125 0.6875 0.10817
0.15625 0.6875 0.0786346
0.15625 0.71875 0.0956021
0.125 0.71875 0.123157
0.15625 0.75 0.115546
0.15625 0.71875 0.0956021
0.1875 0.71875 0.0690317
0.1875 0.75 0.0913818
0.15625 0.75 0.115546
0.15625 0.71875 0.0956021
0.15625 0.6875 0.0786346
0.1875 0.6875 0.0495693
0.1875 0.71875 0.0690317
0.15625 0.71875 0.0956021
0.125 0.6875 0.10817
0.125 0.65625 0.0970235
0.15625 0.65625 0.0658169
0.15625 0.6875 0.0786346
0.125 0.6875 0.10817
0.125 0.65625 0.0970235
0.125 0.625 0.0935115
0.15625 0.625 0.0622688
0.15625 0.65625 0.0658169
0.125 0.65625 0.0970235
0.15625 0.6875 0.0786346
0.15625 0.65625 0.0658169
0.1875 0.65625 0.0345868
0.1875 0.6875 0.0495693
0.15625 0.6875 0.0786346
0.15625 0.65625 0.0658169
0.15625 0.625 0.0622688
0.1875 0.625 0.0310223
0.1875 0.65625 0.0345868
0.15625 0.65625 0.0658169
0.1875 0.75 0.0913818
0.1875 0.71875 0.0690317
0.21875 0.71875 0.0446036
0.21875 0.75 0.0700179
0.1875 0.75 0.0913818
0.1875 0.71875 0.0690317
0.1875 0.6875 0.0495693
0.21875 0.6875 0.0215918
0.21875 0.71875 0.0446036
0.1875 0.71875 0.0690317
0.21875 0.75 0.0700179
0.21875 0.71875 0.0446036
0.25 0.71875 0.0242834
0.25 0.75 0.0530815
0.21875 0.75 0.0700179
0.21875 0.71875 0.0446036
0.21875 0.6875 0.0215918
0.25 0.6875 -0.00318664
0.25 0.71875 0.0242834
0.21875 0.71875 0.0446036
0.1875 0.6875 0.0495693
0.1875 0.65625 0.0345868
0.21875 0.65625 0.00334661
0.21875 0.6875 0.0215918
0.1875 0.6875 0.0495693
0.1875 0.65625 0.0345868
0.1875 0.625 0.0310223
0.21875 0.625 -0.000222044
0.21875 0.65625 0.00334661
0.1875 0.65625 0.0345868
0.21875 0.6875 0.0215918
0.21875 0.65625 0.00334661
0.25 0.65625 -0.0242802
0.25 0.6875 -0.00318664
0.21875 0.6875 0.0215918
0.21875 0.65625 0.00334661
0.21875 0.625 -0.000222044
0.25 0.625 -0.0311056
0.25 0.65625 -0.0242802
0.21875 0.65625 0.00334661
0.125 0.625 0.0935115
0.125 0.59375 0.0970804
0.15625 0.59375 0.066206
0.15625 0.625 0.0622688
0.125 0.625 0.0935115
0.125 0.59375 0.0970804
0.125 0.5625 0.102824
0.15625 0.5625 0.0722004
0.15625 0.59375 0.066206
0.125 0.59375 0.0970804
0.15625 0.625 0.0622688
0.15625 0.59375 0.066206
0.1875 0.59375 0.0353758
0.1875 0.625 0.0310223
0.15625 0.625 0.0622688
0.15625 0.59375 0.066206
0.15625 0.5625 0.0722004
0.1875 0.5625 0.0416088
0.1875 0.59375 0.0353758
0.15625 0.59375 0.066206
0.125 0.5625 0.102824
0.125 0.53125 0.109346
0.15625 0.53125 0.0788126
0.15625 0.5625 0.0722004
0.125 0.5625 0.102824
0.125 0.53125 0.109346
0.125 0.5 0.116074
0.15625 0.5 0.0855633
0.15625 0.53125 0.0788126
0.125 0.53125 0.109346
0.15625 0.5625 0.0722004
0.15625 0.53125 0.0788126
0.1875 0.53125 0.0482894
0.1875 0.5625 0.0416088
0.15625 0.5625 0.0722004
0.15625 0.53125 0.0788126
0.15625 0.5 0.0855633
0.1875 0.5 0.0550549
0.1875 0.53125 0.0482894
0.15625 0.53125 0.0788126
0.1875 0.625 0.0310223
0.1875 0.59375 0.0353758
0.21875 0.59375 0.00460754
0.21875 0.625 -0.000222044
0.1875 0.625 0.0310223
0.1875 0.59375 0.0353758
0.1875 0.5625 0.0416088
0.21875 0.5625 0.0110487
0.21875 0.59375 0.00460754
0.1875 0.59375 0.0353758
0.21875 0.625 -0.000222044
0.21875 0.59375 0.00460754
0.25 0.59375 -0.0259764
0.25 0.625 -0.0311056
0.21875 0.625 -0.000222044
0.21875 0.59375 0.00460754
0.21875 0.5625 0.0110487
0.25 0.5625 -0.0194775
0.25 0.59375 -0.0259764
0.21875 0.59375 0.00460754
0.1875 0.5625 0.0416088
0.1875 0.53125 0.0482894
0.21875 0.53125 0.0177742
0.21875 0.5625 0.0110487
0.1875 0.5625 0.0416088
0.1875 0.53125 0.0482894
0.1875 0.5 0.0550549
0.21875 0.5 0.0245481
0.21875 0.53125 0.0177742
0.1875 0.53125 0.0482894
0.21875 0.5625 0.0110487
0.21875 0.53125 0.0177742
0.25 0.53125 -0.0127351
0.25 0.5625 -0.0194775
0.21875 0.5625 0.0110487
0.21875 0.53125 0.0177742
0.21875 0.5 0.0245481
0.25 0.5 -0.0059578
0.25 0.53125 -0.0127351
0.21875 0.53125 0.0177742
0.25 1 0.293444
0.25 0.9375 0.232847
0.3125 0.9375 0.217772
0.3125 1 0.278778
0.25 1 0.293444
0.25 0.9375 0.232847
0.25 0.875 0.172332
0.3125 0.875 0.156765
0.3125 0.9375 0.217772
0.25 0.9375 0.232847
0.3125 1 0.278778
0.3125 0.9375 0.217772
0.375 0.9375 0.204204
0.375 1 0.265221
0.3125 1 0.278778
0.3125 0.9375 0.217772
0.3125 0.875 0.156765
0.375 0.875 0.14319
0.375 0.9375 0.204204
0.3125 0.9375 0.217772
0.25 0.875 0.172332
0.25 0.8125 0.112072
0.3125 0.8125 0.0957624
0.3125 0.875 0.156765
0.25 0.875 0.172332
0.25 0.8125 0.112072
0.25 0.78125 0.0823893
0.28125 0.78125 0.0724915
0.28125 0.8125 0.102881
0.25 0.8125 0.112072
0.25 0.78125 0.0823893
0.25 0.75 0.0530815
0.28125 0.75 0.0421311
0.28125 0.78125 0.0724915
0.25 0.78125 0.0823893
0.28125 0.8125 0.102881
0.28125 0.78125 0.0724915
0.3125 0.78125 0.0652626
0.3125 0.8125 0.0957624
0.28125 0.8125 0.102881
0.28125 0.78125 0.0724915
0.28125 0.75 0.0421311
0.3125 0.75 0.0347644
0.3125 0.78125 0.0652626
0.28125 0.78125 0.0724915
0.3125 0.875 0.156765
0.3125 0.84375 0.126263
0.34375 0.84375 0.119468
0.34375 0.875 0.149973
0.3125 0.875 0.156765
0.3125 0.84375 0.126263
0.3125 0.8125 0.0957624
0.34375 0.8125 0.0889629
0.34375 0.84375 0.119468
0.3125 0.84375 0.126263
0.34375 0.875 0.149973
0.34375 0.84375 0.119468
0.375 0.84375 0.112685
0.375 0.875 0.14319
0.34375 0.875 0.149973
0.34375 0.84375 0.119468
0.34375 0.8125 0.0889629
0.375 0.8125 0.0821799
0.375 0.84375 0.112685
0.34375 0.84375 0.119468
0.3125 0.8125 0.0957624
0.3125 0.78125 0.0652626
0.34375 0.78125 0.058458
0.34375 0.8125 0.0889629
0.3125 0.8125 0.0957624
0.3125 0.78125 0.0652626
0.3125 0.75 0.0347644
0.34375 0.75 0.0279533
0.34375 0.78125 0.058458
0.3125 0.78125 0.0652626
0.34375 0.8125 0.0889629
0.34375 0.78125 0.058458
0.375 0.78125 0.0516747
0.375 0.8125 0.0821799
0.34375 0.8125 0.0889629
0.34375 0.78125 0.058458
0.34375 0.75 0.0279533
0.375 0.75 0.0211695
0.375 0.78125 0.0516747
0.34375 0.78125 0.058458
0.375 1 0.265221
0.375 0.9375 0.204204
0.4375 0.9375 0.190662
0.4375 1 0.251707
0.375 1 0.265221
0.375 0.9375 0.204204
0.375 0.875 0.14319
0.4375 0.875 0.129628
0.4375 0.9375 0.190662
0.375 0.9375 0.204204
0.4375 1 0.251707
0.4375 0.9375 0.190662
0.5 0.9375 0.17723
0.5 1 0.238413
0.4375 1 0.251707
0.4375 0.9375 0.190662
0.4375 0.875 0.129628
0.5 0.875 0.116092
0.5 0.9375 0.17723
0.4375 0.9375 0.190662
0.375 0.875 0.14319
0.375 0.84375 0.112685
0.40625 0.84375 0.105903
0.40625 0.875 0.136409
0.375 0.875 0.14319
0.375 0.84375 0.112685
0.375 0.8125 0.0821799
0.40625 0.8125 0.075398
0.40625 0.84375 0.105903
0.375 0.84375 0.112685
0.40625 0.875 0.136409
0.40625 0.84375 0.105903
0.4375 0.84375 0.0991221
0.4375 0.875 0.129628
0.40625 0.875 0.136409
0.40625 0.84375 0.105903
0.40625 0.8125 0.075398
0.4375 0.8125 0.0686164
0.4375 0.84375 0.0991221
0.40625 0.84375 0.105903
0.375 0.8125 0.0821799
0.375 0.78125 0.0516747
0.40625 0.78125 0.0448927
0.40625 0.8125 0.075398
0.375 0.8125 0.0821799
0.375 0.78125 0.0516747
0.375 0.75 0.0211695
0.40625 0.75 0.0143875
0.40625 0.78125 0.0448927
0.375 0.78125 0.0516747
0.40625 0.8125 0.075398
0.40625 0.78125 0.0448927
0.4375 0.78125 0.038111
0.4375 0.8125 0.0686164
0.40625 0.8125 0.075398
0.40625 0.78125 0.0448927
0.40625 0.75 0.0143875
0.4375 0.75 0.00760565
0.4375 0.78125 0.038111
0.40625 0.78125 0.0448927
0.4375 0.875 0.129628
0.4375 0.84375 0.0991221
0.46875 0.84375 0.0923429
0.46875 0.875 0.122852
0.4375 0.875 0.129628
0.4375 0.84375 0.0991221
0.4375 0.8125 0.0686164
0.46875 0.8125 0.0618358
0.46875 0.84375 0.0923429
0.4375 0.84375 0.0991221
0.46875 0.875 0.122852
0.46875 0.84375 0.0923429
0.5 0.84375 0.085573
0.5 0.875 0.116092
0.46875 0.875 0.122852
0.46875 0.84375 0.0923429
0.46875 0.8125 0.0618358
0.5 0.8125 0.0550596
0.5 0.84375 0.085573
0.46875 0.84375 0.0923429
0.4375 0.8125 0.0686164
0.4375 0.78125 0.038111
0.46875 0.78125 0.0313295
0.46875 0.8125 0.0618358
0.4375 0.8125 0.0686164
0.4375 0.78125 0.038111
0.4375 0.75 0.00760565
0.46875 0.75 0.000823869
0.46875 0.78125 0.0313295
0.4375 0.78125 0.038111
0.46875 0.8125 0.0618358
0.46875 0.78125 0.0313295
0.5 0.78125 0.0245493
0.5 0.8125 0.0550596
0.46875 0.8125 0.0618358
0.46875 0.78125 0.0313295
0.46875 0.75 0.000823869
0.5 0.75 -0.0059574
0.5 0.78125 0.0245493
0.46875 0.78125 0.0313295
0.25 0.75 0.0530815
0.25 0.71875 0.0242834
0.28125 0.71875 0.0118116
0.28125 0.75 0.0421311
0.25 0.75 0.0530815
0.25 0.71875 0.0242834
0.25 0.6875 -0.00318664
0.28125 0.6875 -0.0178776
0.28125 0.71875 0.0118116
0.25 0.71875 0.0242834
0.28125 0.75 0.0421311
0.28125 0.71875 0.0118116
0.3125 0.71875 0.00426793
0.3125 0.75 0.0347644
0.28125 0.75 0.0421311
0.28125 0.71875 0.0118116
0.28125 0.6875 -0.0178776
0.3125 0.6875 -0.0261158
0.3125 0.71875 0.00426793
0.28125 0.71875 0.0118116
0.25 0.6875 -0.00318664
0.25 0.65625 -0.0242802
0.28125 0.65625 -0.0450835
0.28125 0.6875 -0.0178776
0.25 0.6875 -0.00318664
0.25 0.65625 -0.0242802
0.25 0.625 -0.0311056
0.28125 0.625 -0.0610552
0.28125 0.65625 -0.0450835
0.25 0.65625 -0.0242802
0.28125 0.6875 -0.0178776
0.28125 0.65625 -0.0450835
0.3125 0.65625 -0.0561536
0.3125 0.6875 -0.0261158
0.28125 0.6875 -0.0178776
0.28125 0.65625 -0.0450835
0.28125 0.625 -0.0610552
0.3125 0.625 -0.0831298
0.3125 0.65625 -0.0561536
0.28125 0.65625 -0.0450835
0.3125 0.75 0.0347644
0.3125 0.71875 0.00426793
0.34375 0.71875 -0.00255123
0.34375 0.75 0.0279533
0.3125 0.75 0.0347644
0.3125 0.71875 0.00426793
0.3125 0.6875 -0.0261158
0.34375 0.6875 -0.0330443
0.34375 0.71875 -0.00255123
0.3125 0.71875 0.00426793
0.34375 0.75 0.0279533
0.34375 0.71875 -0.00255123
0.375 0.71875 -0.00933564
0.375 0.75 0.0211695
0.34375 0.75 0.0279533
0.34375 0.71875 -0.00255123
0.34375 0.6875 -0.0330443
0.375 0.6875 -0.0398397
0.375 0.71875 -0.00933564
0.34375 0.71875 -0.00255123
0.3125 0.6875 -0.0261158
0.3125 0.65625 -0.0561536
0.34375 0.65625 -0.0634986
0.34375 0.6875 -0.0330443
0.3125 0.6875 -0.0261158
0.3125 0.65625 -0.0561536
0.3125 0.625 -0.0831298
0.34375 0.625 -0.0936324
0.34375 0.65625 -0.0634986
0.3125 0.65625 -0.0561536
0.34375 0.6875 -0.0330443
0.34375 0.65625 -0.0634986
0.375 0.65625 -0.0703398
0.375 0.6875 -0.0398397
0.34375 0.6875 -0.0330443
0.34375 0.65625 -0.0634986
0.34375 0.625 -0.0936324
0.375 0.625 -0.100811
0.375 0.65625 -0.0703398
0.34375 0.65625 -0.0634986
0.25 0.625 -0.0311056
0.25 0.59375 -0.0259764
0.28125 0.59375 -0.0565153
0.28125 0.625 -0.0610552
0.25 0.625 -0.0311056
0.25 0.59375 -0.0259764
0.25 0.5625 -0.0194775
0.28125 0.5625 -0.0499873
0.28125 0.59375 -0.0565153
0.25 0.59375 -0.0259764
0.28125 0.625 -0.0610552
0.28125 0.59375 -0.0565153
0.3125 0.59375 -0.087053
0.3125 0.625 -0.0831298
0.28125 0.625 -0.0610552
0.28125 0.59375 -0.0565153
0.28125 0.5625 -0.0499873
0.3125 0.5625 -0.0804968
0.3125 0.59375 -0.087053
0.28125 0.59375 -0.0565153
0.25 0.5625 -0.0194775
0.25 0.53125 -0.0127351
0.28125 0.53125 -0.0432409
0.28125 0.5625 -0.0499873
0.25 0.5625 -0.0194775
0.25 0.53125 -0.0127351
0.25 0.5 -0.0059578
0.28125 0.5 -0.0364631
0.28125 0.53125 -0.0432409
0.25 0.53125 -0.0127351
0.28125 0.5625 -0.0499873
0.28125 0.53125 -0.0432409
0.3125 0.53125 -0.0737466
0.3125 0.5625 -0.0804968
0.28125 0.5625 -0.0499873
0.28125 0.53125 -0.0432409
0.28125 0.5 -0.0364631
0.3125 0.5 -0.0669683
0.3125 0.53125 -0.0737466
0.28125 0.53125 -0.0432409
0.3125 0.625 -0.0831298
0.3125 0.59375 -0.087053
0.34375 0.59375 -0.114829
0.34375 0.625 -0.0936324
0.3125 0.625 -0.0831298
0.3125 0.59375 -0.087053
0.3125 0.5625 -0.0804968
0.34375 0.5625 -0.111006
0.34375 0.59375 -0.114829
0.3125 0.59375 -0.087053
0.34375 0.625 -0.0936324
0.34375 0.59375 -0.114829
0.375 0.59375 -0.12968
0.375 0.625 -0.100811
0.34375 0.625 -0.0936324
0.34375 0.59375 -0.114829
0.34375 0.5625 -0.111006
0.375 0.5625 -0.141511
0.375 0.59375 -0.12968
0.34375 0.59375 -0.114829
0.3125 0.5625 -0.0804968
0.3125 0.53125 -0.0737466
0.34375 0.53125 -0.104252
0.34375 0.5625 -0.111006
0.3125 0.5625 -0.0804968
0.3125 0.53125 -0.0737466
0.3125 0.5 -0.0669683
0.34375 0.5 -0.097473
0.34375 0.53125 -0.104252
0.3125 0.53125 -0.0737466
0.34375 0.5625 -0.111006
0.34375 0.53125 -0.104252
0.375 0.53125 -0.134757
0.375 0.5625 -0.141511
0.34375 0.5625 -0.111006
0.34375 0.53125 -0.104252
0.34375 0.5 -0.097473
0.375 0.5 -0.127976
0.375 0.53125 -0.134757
0.34375 0.53125 -0.104252
0.375 0.75 0.0211695
0.375 0.71875 -0.00933564
0.40625 0.71875 -0.0161177
0.40625 0.75 0.0143875
0.375 0.75 0.0211695
0.375 0.71875 -0.00933564
0.375 0.6875 -0.0398397
0.40625 0.6875 -0.0466229
0.40625 0.71875 -0.0161177
0.375 0.71875 -0.00933564
0.40625 0.75 0.0143875
0.40625 0.71875 -0.0161177
0.4375 0.71875 -0.0228996
0.4375 0.75 0.00760565
0.40625 0.75 0.0143875
0.40625 0.71875 -0.0161177
0.40625 0.6875 -0.0466229
0.4375 0.6875 -0.0534048
0.4375 0.71875 -0.0228996
0.40625 0.71875 -0.0161177
0.375 0.6875 -0.0398397
0.375 0.65625 -0.0703398
0.40625 0.65625 -0.0771276
0.40625 0.6875 -0.0466229
0.375 0.6875 -0.0398397
0.375 0.65625 -0.0703398
0.375 0.625 -0.100811
0.40625 0.625 -0.10763
0.40625 0.65625 -0.0771276
0.375 0.65625 -0.0703398
0.40625 0.6875 -0.0466229
0.40625 0.65625 -0.0771276
0.4375 0.65625 -0.08391
0.4375 0.6875 -0.0534048
0.40625 0.6875 -0.0466229
0.40625 0.65625 -0.0771276
0.40625 0.625 -0.10763
0.4375 0.625 -0.114415
0.4375 0.65625 -0.08391
0.40625 0.65625 -0.0771276
0.4375 0.75 0.00760565
0.4375 0.71875 -0.0228996
0.46875 0.71875 -0.0296814
0.46875 0.75 0.000823869
0.4375 0.75 0.00760565
0.4375 0.71875 -0.0228996
0.4375 0.6875 -0.0534048
0.46875 0.6875 -0.0601866
0.46875 0.71875 -0.0296814
0.4375 0.71875 -0.0228996
0.46875 0.75 0.000823869
0.46875 0.71875 -0.0296814
0.5 0.71875 -0.0364628
0.5 0.75 -0.0059574
0.46875 0.75 0.000823869
0.46875 0.71875 -0.0296814
0.46875 0.6875 -0.0601866
0.5 0.6875 -0.0669681
0.5 0.71875 -0.0364628
0.46875 0.71875 -0.0296814
0.4375 0.6875 -0.0534048
0.4375 0.65625 -0.08391
0.46875 0.65625 -0.0906919
0.46875 0.6875 -0.0601866
0.4375 0.6875 -0.0534048
0.4375 0.65625 -0.08391
0.4375 0.625 -0.114415
0.46875 0.625 -0.121197
0.46875 0.65625 -0.0906919
0.4375 0.65625 -0.08391
0.46875 0.6875 -0.0601866
0.46875 0.65625 -0.0906919
0.5 0.65625 -0.0974735
0.5 0.6875 -0.0669681
0.46875 0.6875 -0.0601866
0.46875 0.65625 -0.0906919
0.46875 0.625 -0.121197
0.5 0.625 -0.127979
0.5 0.65625 -0.0974735
0.46875 0.65625 -0.0906919
0.375 0.625 -0.100811
0.375 0.5625 -0.141511
0.4375 0.5625 -0.173398
0.4375 0.625 -0.114415
0.375 0.625 -0.100811
0.375 0.5625 -0.141511
0.375 0.5 -0.127976
0.4375 0.5 -0.187208
0.4375 0.5625 -0.173398
0.375 0.5625 -0.141511
0.4375 0.625 -0.114415
0.4375 0.5625 -0.173398
0.5 0.5625 -0.189861
0.5 0.625 -0.127979
0.4375 0.625 -0.114415
0.4375 0.5625 -0.173398
0.4375 0.5 -0.187208
0.5 0.5 -0.227858
0.5 0.5625 -0.189861
0.4375 0.5625 -0.173398
0 0.5 0.238312
0 0.4375 0.251678
0.0625 0.4375 0.190642
0.0625 0.5 0.177141
0 0.5 0.238312
0 0.4375 0.251678
0 0.375 0.265209
0.0625 0.375 0.204198
0.0625 0.4375 0.190642
0 0.4375 0.251678
0.0625 0.5 0.177141
0.0625 0.4375 0.190642
0.125 0.4375 0.129627
0.125 0.5 0.116074
0.0625 0.5 0.177141
0.0625 0.4375 0.190642
0.0625 0.375 0.204198
0.125 0.375 0.143191
0.125 0.4375 0.129627
0.0625 0.4375 0.190642
0 0.375 0.265209
0 0.3125 0.278802
0.0625 0.3125 0.217806
0.0625 0.375 0.204198
0 0.375 0.265209
0 0.3125 0.278802
0 0.25 0.293258
0.0625 0.25 0.232565
0.0625 0.3125 0.217806
0 0.3125 0.278802
0.0625 0.375 0.204198
0.0625 0.3125 0.217806
0.125 0.3125 0.156816
0.125 0.375 0.143191
0.0625 0.375 0.204198
0.0625 0.3125 0.217806
0.0625 0.25 0.232565
0.125 0.25 0.172114
0.125 0.3125 0.156816
0.0625 0.3125 0.217806
0.125 0.5 0.116074
0.125 0.46875 0.122846
0.15625 0.46875 0.0923401
0.15625 0.5 0.0855633
0.125 0.5 0.116074
0.125 0.46875 0.122846
0.125 0.4375 0.129627
0.15625 0.4375 0.0991212
0.15625 0.46875 0.0923401
0.125 0.46875 0.122846
0.15625 0.5 0.0855633
0.15625 0.46875 0.0923401
0.1875 0.46875 0.0618344
0.1875 0.5 0.0550549
0.15625 0.5 0.0855633
0.15625 0.46875 0.0923401
0.15625 0.4375 0.0991212
0.1875 0.4375 0.0686159
0.1875 0.46875 0.0618344
0.15625 0.46875 0.0923401
0.125 0.4375 0.129627
0.125 0.40625 0.136408
0.15625 0.40625 0.105903
0.15625 0.4375 0.0991212
0.125 0.4375 0.129627
0.125 0.40625 0.136408
0.125 0.375 0.143191
0.15625 0.375 0.112687
0.15625 0.40625 0.105903
0.125 0.40625 0.136408
0.15625 0.4375 0.0991212
0.15625 0.40625 0.105903
0.1875 0.40625 0.075398
0.1875 0.4375 0.0686159
0.15625 0.4375 0.0991212
0.15625 0.40625 0.105903
0.15625 0.375 0.112687
0.1875 0.375 0.0821822
0.1875 0.40625 0.075398
0.15625 0.40625 0.105903
0.1875 0.5 0.0550549
0.1875 0.46875 0.0618344
0.21875 0.46875 0.0313289
0.21875 0.5 0.0245481
0.1875 0.5 0.0550549
0.1875 0.46875 0.0618344
0.1875 0.4375 0.0686159
0.21875 0.4375 0.0381107
0.21875 0.46875 0.0313289
0.1875 0.46875 0.0618344
0.21875 0.5 0.0245481
0.21875 0.46875 0.0313289
0.25 0.46875 0.000823646
0.25 0.5 -0.0059578
0.21875 0.5 0.0245481
0.21875 0.46875 0.0313289
0.21875 0.4375 0.0381107
0.25 0.4375 0.0076055
0.25 0.46875 0.000823646
0.21875 0.46875 0.0313289
0.1875 0.4375 0.0686159
0.1875 0.40625 0.075398
0.21875 0.40625 0.0448929
0.21875 0.4375 0.0381107
0.1875 0.4375 0.0686159
0.1875 0.40625 0.075398
0.1875 0.375 0.0821822
0.21875 0.375 0.0516778
0.21875 0.40625 0.0448929
0.1875 0.40625 0.075398
0.21875 0.4375 0.0381107
0.21875 0.40625 0.0448929
0.25 0.40625 0.0143879
0.25 0.4375 0.0076055
0.21875 0.4375 0.0381107
0.21875 0.40625 0.0448929
0.21875 0.375 0.0516778
0.25 0.375 0.0211737
0.25 0.40625 0.0143879
0.21875 0.40625 0.0448929
0.125 0.375 0.143191
0.125 0.34375 0.149982
0.15625 0.34375 0.11948
0.15625 0.375 0.112687
0.125 0.375 0.143191
0.125 0.34375 0.149982
0.125 0.3125 0.156816
0.15625 0.3125 0.126333
0.15625 0.34375 0.11948
0.125 0.34375 0.149982
0.15625 0.375 0.112687
0.15625 0.34375 0.11948
0.1875 0.34375 0.0889791
0.1875 0.375 0.0821822
0.15625 0.375 0.112687
0.15625 0.34375 0.11948
0.15625 0.3125 0.126333
0.1875 0.3125 0.0958563
0.1875 0.34375 0.0889791
0.15625 0.34375 0.11948
0.125 0.3125 0.156816
0.125 0.25 0.172114
0.1875 0.25 0.112014
0.1875 0.3125 0.0958563
0.125 0.3125 0.156816
0.1875 0.375 0.0821822
0.1875 0.34375 0.0889791
0.21875 0.34375 0.0584793
0.21875 0.375 0.0516778
0.1875 0.375 0.0821822
0.1875 0.34375 0.0889791
0.1875 0.3125 0.0958563
0.21875 0.3125 0.0653885
0.21875 0.34375 0.0584793
0.1875 0.34375 0.0889791
0.21875 0.375 0.0516778
0.21875 0.34375 0.0584793
0.25 0.34375 0.027981
0.25 0.375 0.0211737
0.21875 0.375 0.0516778
0.21875 0.34375 0.0584793
0.21875 0.3125 0.0653885
0.25 0.3125 0.034931
0.25 0.34375 0.027981
0.21875 0.34375 0.0584793
0.1875 0.3125 0.0958563
0.1875 0.28125 0.103258
0.21875 0.28125 0.072974
0.21875 0.3125 0.0653885
0.1875 0.3125 0.0958563
0.1875 0.28125 0.103258
0.1875 0.25 0.112014
0.21875 0.25 0.0824155
0.21875 0.28125 0.072974
0.1875 0.28125 0.103258
0.21875 0.3125 0.0653885
0.21875 0.28125 0.072974
0.25 0.28125 0.0428075
0.25 0.3125 0.034931
0.21875 0.3125 0.0653885
0.21875 0.28125 0.072974
0.21875 0.25 0.0824155
0.25 0.25 0.053113
0.25 0.28125 0.0428075
0.21875 0.28125 0.072974
0 0.25 0.293258
0 0.1875 0.311104
0.0625 0.1875 0.251756
0.0625 0.25 0.232565
0 0.25 0.293258
0 0.1875 0.311104
0 0.125 0.334644
0.0625 0.125 0.278081
0.0625 0.1875 0.251756
0 0.1875 0.311104
0.0625 0.25 0.232565
0.0625 0.1875 0.251756
0.125 0.1875 0.193744
0.125 0.25 0.172114
0.0625 0.25 0.232565
0.0625 0.1875 0.251756
0.0625 0.125 0.278081
0.125 0.125 0.224763
0.125 0.1875 0.193744
0.0625 0.1875 0.251756
0 0.125 0.334644
0 0 0.409627
0.125 0 0.309747
0.125 0.125 0.224763
0 0.125 0.334644
0.125 0.25 0.172114
0.125 0.1875 0.193744
0.1875 0.1875 0.137221
0.1875 0.25 0.112014
0.125 0.25 0.172114
0.125 0.1875 0.193744
0.125 0.125 0.224763
0.1875 0.125 0.174339
0.1875 0.1875 0.137221
0.125 0.1875 0.193744
0.1875 0.25 0.112014
0.1875 0.21875 0.123185
0.21875 0.21875 0.0948765
0.21875 0.25 0.0824155
0.1875 0.25 0.112014
0.1875 0.21875 0.123185
0.1875 0.1875 0.137221
0.21875 0.1875 0.110891
0.21875 0.21875 0.0948765
0.1875 0.21875 0.123185
0.21875 0.25 0.0824155
0.21875 0.21875 0.0948765
0.25 0.21875 0.0674275
0.25 0.25 0.053113
0.21875 0.25 0.0824155
0.21875 0.21875 0.0948765
0.21875 0.1875 0.110891
0.25 0.1875 0.0861858
0.25 0.21875 0.0674275
0.21875 0.21875 0.0948765
0.1875 0.1875 0.137221
0.1875 0.15625 0.154394
0.21875 0.15625 0.130365
0.21875 0.1875 0.110891
0.1875 0.1875 0.137221
0.1875 0.15625 0.154394
0.1875 0.125 0.174339
0.21875 0.125 0.15233
0.21875 0.15625 0.130365
0.1875 0.15625 0.154394
0.21875 0.1875 0.110891
0.21875 0.15625 0.130365
0.25 0.15625 0.108192
0.25 0.1875 0.0861858
0.21875 0.1875 0.110891
0.21875 0.15625 0.130365
0.21875 0.125 0.15233
0.25 0.125 0.132393
0.25 0.15625 0.108192
0.21875 0.15625 0.130365
0.125 0.125 0.224763
0.125 0.0625 0.262962
0.1875 0.0625 0.219743
0.1875 0.125 0.174339
0.125 0.125 0.224763
0.125 0.0625 0.262962
0.125 0 0.309747
0.1875 0 0.272534
0.1875 0.0625 0.219743
0.125 0.0625 0.262962
0.1875 0.125 0.174339
0.1875 0.0625 0.219743
0.25 0.0625 0.185848
0.25 0.125 0.132393
0.1875 0.125 0.174339
0.1875 0.0625 0.219743
0.1875 0 0.272534
0.25 0 0.243323
0.25 0.0625 0.185848
0.1875 0.0625 0.219743
0.25 0.5 -0.0059578
0.25 0.46875 0.000823646
0.28125 0.46875 -0.0296815
0.28125 0.5 -0.0364631
0.25 0.5 -0.0059578
0.25 0.46875 0.000823646
0.25 0.4375 0.0076055
0.28125 0.4375 -0.0228994
0.28125 0.46875 -0.0296815
0.25 0.46875 0.000823646
0.28125 0.5 -0.0364631
0.28125 0.46875 -0.0296815
0.3125 0.46875 -0.0601864
0.3125 0.5 -0.0669683
0.28125 0.5 -0.0364631
0.28125 0.46875 -0.0296815
0.28125 0.4375 -0.0228994
0.3125 0.4375 -0.053403
0.3125 0.46875 -0.0601864
0.28125 0.46875 -0.0296815
0.25 0.4375 0.0076055
0.25 0.40625 0.0143879
0.28125 0.40625 -0.0161161
0.28125 0.4375 -0.0228994
0.25 0.4375 0.0076055
0.25 0.40625 0.0143879
0.25 0.375 0.0211737
0.28125 0.375 -0.0093268
0.28125 0.40625 -0.0161161
0.25 0.40625 0.0143879
0.28125 0.4375 -0.0228994
0.28125 0.40625 -0.0161161
0.3125 0.40625 -0.0466137
0.3125 0.4375 -0.053403
0.28125 0.4375 -0.0228994
0.28125 0.40625 -0.0161161
0.28125 0.375 -0.0093268
0.3125 0.375 -0.0397967
0.3125 0.40625 -0.0466137
0.28125 0.40625 -0.0161161
0.3125 0.5 -0.0669683
0.3125 0.46875 -0.0601864
0.34375 0.46875 -0.09069
0.34375 0.5 -0.097473
0.3125 0.5 -0.0669683
0.3125 0.46875 -0.0601864
0.3125 0.4375 -0.053403
0.34375 0.4375 -0.0839008
0.34375 0.46875 -0.09069
0.3125 0.46875 -0.0601864
0.34375 0.5 -0.097473
0.34375 0.46875 -0.09069
0.375 0.46875 -0.121188
0.375 0.5 -0.127976
0.34375 0.5 -0.097473
0.34375 0.46875 -0.09069
0.34375 0.4375 -0.0839008
0.375 0.4375 -0.114371
0.375 0.46875 -0.121188
0.34375 0.46875 -0.09069
0.3125 0.4375 -0.053403
0.3125 0.40625 -0.0466137
0.34375 0.40625 -0.077085
0.34375 0.4375 -0.0839008
0.3125 0.4375 -0.053403
0.3125 0.40625 -0.0466137
0.3125 0.375 -0.0397967
0.34375 0.375 -0.0701522
0.34375 0.40625 -0.077085
0.3125 0.40625 -0.0466137
0.34375 0.4375 -0.0839008
0.34375 0.40625 -0.077085
0.375 0.40625 -0.107433
0.375 0.4375 -0.114371
0.34375 0.4375 -0.0839008
0.34375 0.40625 -0.077085
0.34375 0.375 -0.0701522
0.375 0.375 -0.099981
0.375 0.40625 -0.107433
0.34375 0.40625 -0.077085
0.25 0.375 0.0211737
0.25 0.34375 0.027981
0.28125 0.34375 -0.00251139
0.28125 0.375 -0.0093268
0.25 0.375 0.0211737
0.25 0.34375 0.027981
0.25 0.3125 0.034931
0.28125 0.3125 0.00448742
0.28125 0.34375 -0.00251139
0.25 0.34375 0.027981
0.28125 0.375 -0.0093268
0.28125 0.34375 -0.00251139
0.3125 0.34375 -0.0328534
0.3125 0.375 -0.0397967
0.28125 0.375 -0.0093268
0.28125 0.34375 -0.00251139
0.28125 0.3125 0.00448742
0.3125 0.3125 -0.0253536
0.3125 0.34375 -0.0328534
0.28125 0.34375 -0.00251139
0.25 0.3125 0.034931
0.25 0.28125 0.0428075
0.28125 0.28125 0.0127482
0.28125 0.3125 0.00448742
0.25 0.3125 0.034931
0.25 0.28125 0.0428075
0.25 0.25 0.053113
0.28125 0.25 0.0243133
0.28125 0.28125 0.0127482
0.25 0.28125 0.0428075
0.28125 0.3125 0.00448742
0.28125 0.28125 0.0127482
0.3125 0.28125 -0.0159592
0.3125 0.3125 -0.0253536
0.28125 0.3125 0.00448742
0.28125 0.28125 0.0127482
0.28125 0.25 0.0243133
0.3125 0.25 -0.00305513
0.3125 0.28125 -0.0159592
0.28125 0.28125 0.0127482
0.3125 0.375 -0.0397967
0.3125 0.34375 -0.0328534
0.34375 0.34375 -0.0627356
0.34375 0.375 -0.0701522
0.3125 0.375 -0.0397967
0.3125 0.34375 -0.0328534
0.3125 0.3125 -0.0253536
0.34375 0.3125 -0.0536852
0.34375 0.34375 -0.0627356
0.3125 0.34375 -0.0328534
0.34375 0.375 -0.0701522
0.34375 0.34375 -0.0627356
0.375 0.34375 -0.0907528
0.375 0.375 -0.099981
0.34375 0.375 -0.0701522
0.34375 0.34375 -0.0627356
0.34375 0.3125 -0.0536852
0.375 0.3125 -0.0772624
0.375 0.34375 -0.0907528
0.34375 0.34375 -0.0627356
0.3125 0.3125 -0.0253536
0.3125 0.28125 -0.0159592
0.34375 0.28125 -0.0408604
0.34375 0.3125 -0.0536852
0.3125 0.3125 -0.0253536
0.3125 0.28125 -0.0159592
0.3125 0.25 -0.00305513
0.34375 0.25 -0.0224774
0.34375 0.28125 -0.0408604
0.3125 0.28125 -0.0159592
0.34375 0.3125 -0.0536852
0.34375 0.28125 -0.0408604
0.375 0.28125 -0.0574627
0.375 0.3125 -0.0772624
0.34375 0.3125 -0.0536852
0.34375 0.28125 -0.0408604
0.34375 0.25 -0.0224774
0.375 0.25 -0.0308405
0.375 0.28125 -0.0574627
0.34375 0.28125 -0.0408604
0.375 0.5 -0.127976
0.375 0.4375 -0.114371
0.4375 0.4375 -0.16989
0.4375 0.5 -0.187208
0.375 0.5 -0.127976
0.375 0.4375 -0.114371
0.375 0.375 -0.099981
0.4375 0.375 -0.140952
0.4375 0.4375 -0.16989
0.375 0.4375 -0.114371
0.4375 0.5 -0.187208
0.4375 0.4375 -0.16989
0.5 0.4375 -0.18599
0.5 0.5 -0.227858
0.4375 0.5 -0.187208
0.4375 0.4375 -0.16989
0.4375 0.375 -0.140952
0.5 0.375 -0.127979
0.5 0.4375 -0.18599
0.4375 0.4375 -0.16989
0.375 0.375 -0.099981
0.375 0.34375 -0.0907528
0.40625 0.34375 -0.110555
0.40625 0.375 -0.12688
0.375 0.375 -0.099981
0.375 0.34375 -0.0907528
0.375 0.3125 -0.0772624
0.40625 0.3125 -0.0870655
0.40625 0.34375 -0.110555
0.375 0.34375 -0.0907528
0.40625 0.375 -0.12688
0.40625 0.34375 -0.110555
0.4375 0.34375 -0.111005
0.4375 0.375 -0.140952
0.40625 0.375 -0.12688
0.40625 0.34375 -0.110555
0.40625 0.3125 -0.0870655
0.4375 0.3125 -0.0804971
0.4375 0.34375 -0.111005
0.40625 0.34375 -0.110555
0.375 0.3125 -0.0772624
0.375 0.28125 -0.0574627
0.40625 0.28125 -0.0565234
0.40625 0.3125 -0.0870655
0.375 0.3125 -0.0772624
0.375 0.28125 -0.0574627
0.375 0.25 -0.0308405
0.40625 0.25 -0.0259599
0.40625 0.28125 -0.0565234
0.375 0.28125 -0.0574627
0.40625 0.3125 -0.0870655
0.40625 0.28125 -0.0565234
0.4375 0.28125 -0.0499832
0.4375 0.3125 -0.0804971
0.40625 0.3125 -0.0870655
0.40625 0.28125 -0.0565234
0.40625 0.25 -0.0259599
0.4375 0.25 -0.019467
0.4375 0.28125 -0.0499832
0.40625 0.28125 -0.0565234
0.4375 0.375 -0.140952
0.4375 0.34375 -0.111005
0.46875 0.34375 -0.104253
0.46875 0.375 -0.134756
0.4375 0.375 -0.140952
0.4375 0.34375 -0.111005
0.4375 0.3125 -0.0804971
0.46875 0.3125 -0.0737462
0.46875 0.34375 -0.104253
0.4375 0.34375 -0.111005
0.46875 0.375 -0.134756
0.46875 0.34375 -0.104253
0.5 0.34375 -0.0974737
0.5 0.375 -0.127979
0.46875 0.375 -0.134756
0.46875 0.34375 -0.104253
0.46875 0.3125 -0.0737462
0.5 0.3125 -0.0669683
0.5 0.34375 -0.0974737
0.46875 0.34375 -0.104253
0.4375 0.3125 -0.0804971
0.4375 0.28125 -0.0499832
0.46875 0.28125 -0.0432397
0.46875 0.3125 -0.0737462
0.4375 0.3125 -0.0804971
0.4375 0.28125 -0.0499832
0.4375 0.25 -0.019467
0.46875 0.25 -0.012733
0.46875 0.28125 -0.0432397
0.4375 0.28125 -0.0499832
0.46875 0.3125 -0.0737462
0.46875 0.28125 -0.0432397
0.5 0.28125 -0.0364629
0.5 0.3125 -0.0669683
0.46875 0.3125 -0.0737462
0.46875 0.28125 -0.0432397
0.46875 0.25 -0.012733
0.5 0.25 -0.00595755
0.5 0.28125 -0.0364629
0.46875 0.28125 -0.0432397
0.25 0.25 0.053113
0.25 0.21875 0.0674275
0.28125 0.21875 0.0415464
0.28125 0.25 0.0243133
0.25 0.25 0.053113
0.25 0.21875 0.0674275
0.25 0.1875 0.0861858
0.28125 0.1875 0.0637367
0.28125 0.21875 0.0415464
0.25 0.21875 0.0674275
0.28125 0.25 0.0243133
0.28125 0.21875 0.0415464
0.3125 0.21875 0.0188526
0.3125 0.25 -0.00305513
0.28125 0.25 0.0243133
0.28125 0.21875 0.0415464
0.28125 0.1875 0.0637367
0.3125 0.1875 0.0452292
0.3125 0.21875 0.0188526
0.28125 0.21875 0.0415464
0.25 0.1875 0.0861858
0.25 0.15625 0.108192
0.28125 0.15625 0.0887123
0.28125 0.1875 0.0637367
0.25 0.1875 0.0861858
0.25 0.15625 0.108192
0.25 0.125 0.132393
0.28125 0.125 0.115404
0.28125 0.15625 0.0887123
0.25 0.15625 0.108192
0.28125 0.1875 0.0637367
0.28125 0.15625 0.0887123
0.3125 0.15625 0.0735483
0.3125 0.1875 0.0452292
0.28125 0.1875 0.0637367
0.28125 0.15625 0.0887123
0.28125 0.125 0.115404
0.3125 0.125 0.102628
0.3125 0.15625 0.0735483
0.28125 0.15625 0.0887123
0.3125 0.25 -0.00305513
0.3125 0.21875 0.0188526
0.34375 0.21875 0.00263712
0.34375 0.25 -0.0224774
0.3125 0.25 -0.00305513
0.3125 0.21875 0.0188526
0.3125 0.1875 0.0452292
0.34375 0.1875 0.0333344
0.34375 0.21875 0.00263712
0.3125 0.21875 0.0188526
0.34375 0.25 -0.0224774
0.34375 0.21875 0.00263712
0.375 0.21875 -0.000122291
0.375 0.25 -0.0308405
0.34375 0.25 -0.0224774
0.34375 0.21875 0.00263712
0.34375 0.1875 0.0333344
0.375 0.1875 0.0311082
0.375 0.21875 -0.000122291
0.34375 0.21875 0.00263712
0.3125 0.1875 0.0452292
0.3125 0.15625 0.0735483
0.34375 0.15625 0.0641565
0.34375 0.1875 0.0333344
0.3125 0.1875 0.0452292
0.3125 0.15625 0.0735483
0.3125 0.125 0.102628
0.34375 0.125 0.0950978
0.34375 0.15625 0.0641565
0.3125 0.15625 0.0735483
0.34375 0.1875 0.0333344
0.34375 0.15625 0.0641565
0.375 0.15625 0.062337
0.375 0.1875 0.0311082
0.34375 0.1875 0.0333344
0.34375 0.15625 0.0641565
0.34375 0.125 0.0950978
0.375 0.125 0.0935581
0.375 0.15625 0.062337
0.34375 0.15625 0.0641565
0.25 0.125 0.132393
0.25 0.0625 0.185848
0.3125 0.0625 0.162815
0.3125 0.125 0.102628
0.25 0.125 0.132393
0.25 0.0625 0.185848
0.25 0 0.243323
0.3125 0 0.224025
0.3125 0.0625 0.162815
0.25 0.0625 0.185848
0.3125 0.125 0.102628
0.3125 0.0625 0.162815
0.375 0.0625 0.156031
0.375 0.125 0.0935581
0.3125 0.125 0.102628
0.3125 0.0625 0.162815
0.3125 0 0.224025
0.375 0 0.218494
0.375 0.0625 0.156031
0.3125 0.0625 0.162815
0.375 0.25 -0.0308405
0.375 0.21875 -0.000122291
0.40625 0.21875 0.00464082
0.40625 0.25 -0.0259599
0.375 0.25 -0.0308405
0.375 0.21875 -0.000122291
0.375 0.1875 0.0311082
0.40625 0.1875 0.0354156
0.40625 0.21875 0.00464082
0.375 0.21875 -0.000122291
0.40625 0.25 -0.0259599
0.40625 0.21875 0.00464082
0.4375 0.21875 0.0110616
0.4375 0.25 -0.019467
0.40625 0.25 -0.0259599
0.40625 0.21875 0.00464082
0.40625 0.1875 0.0354156
0.4375 0.1875 0.0416252
0.4375 0.21875 0.0110616
0.40625 0.21875 0.00464082
0.375 0.1875 0.0311082
0.375 0.15625 0.062337
0.40625 0.15625 0.0662514
0.40625 0.1875 0.0354156
0.375 0.1875 0.0311082
0.375 0.15625 0.062337
0.375 0.125 0.0935581
0.40625 0.125 0.0971292
0.40625 0.15625 0.0662514
0.375 0.15625 0.062337
0.40625 0.1875 0.0354156
0.40625 0.15625 0.0662514
0.4375 0.15625 0.0722207
0.4375 0.1875 0.0416252
0.40625 0.1875 0.0354156
0.40625 0.15625 0.0662514
0.40625 0.125 0.0971292
0.4375 0.125 0.102849
0.4375 0.15625 0.0722207
0.40625 0.15625 0.0662514
0.4375 0.25 -0.019467
0.4375 0.21875 0.0110616
0.46875 0.21875 0.0177772
0.46875 0.25 -0.012733
0.4375 0.25 -0.019467
0.4375 0.21875 0.0110616
0.4375 0.1875 0.0416252
0.46875 0.1875 0.0482938
0.46875 0.21875 0.0177772
0.4375 0.21875 0.0110616
0.46875 0.25 -0.012733
0.46875 0.21875 0.0177772
0.5 0.21875 0.0245485
0.5 0.25 -0.00595755
0.46875 0.25 -0.012733
0.46875 0.21875 0.0177772
0.46875 0.1875 0.0482938
0.5 0.1875 0.0550557
0.5 0.21875 0.0245485
0.46875 0.21875 0.0177772
0.4375 0.1875 0.0416252
0.4375 0.15625 0.0722207
0.46875 0.15625 0.0788188
0.46875 0.1875 0.0482938
0.4375 0.1875 0.0416252
0.4375 0.15625 0.0722207
0.4375 0.125 0.102849
0.46875 0.125 0.109355
0.46875 0.15625 0.0788188
0.4375 0.15625 0.0722207
0.46875 0.1875 0.0482938
0.46875 0.15625 0.0788188
0.5 0.15625 0.0855647
0.5 0.1875 0.0550557
0.46875 0.1875 0.0482938
0.46875 0.15625 0.0788188
0.46875 0.125 0.109355
0.5 0.125 0.116076
0.5 0.15625 0.0855647
0.46875 0.15625 0.0788188
0.375 0.125 0.0935581
0.375 0.0625 0.156031
0.4375 0.0625 0.164338
0.4375 0.125 0.102849
0.375 0.125 0.0935581
0.375 0.0625 0.156031
0.375 0 0.218494
0.4375 0 0.226048
0.4375 0.0625 0.164338
0.375 0.0625 0.156031
0.4375 0.125 0.102849
0.4375 0.0625 0.164338
0.5 0.0625 0.177146
0.5 0.125 0.116076
0.4375 0.125 0.102849
0.4375 0.0625 0.164338
0.4375 0 0.226048
0.5 0 0.238319
0.5 0.0625 0.177146
0.4375 0.0625 0.164338
0.5 1 0.238413
0.5 0.9375 0.17723
0.5625 0.9375 0.164523
0.5625 1 0.226197
0.5 1 0.238413
0.5 0.9375 0.17723
0.5 0.875 0.116092
0.5625 0.875 0.10292
0.5625 0.9375 0.164523
0.5 0.9375 0.17723
0.5625 1 0.226197
0.5625 0.9375 0.164523
0.625 0.9375 0.155795
0.625 1 0.218276
0.5625 1 0.226197
0.5625 0.9375 0.164523
0.5625 0.875 0.10292
0.625 0.875 0.0933093
0.625 0.9375 0.155795
0.5625 0.9375 0.164523
0.5 0.875 0.116092
0.5 0.84375 0.085573
0.53125 0.84375 0.0788421
0.53125 0.875 0.109396
0.5 0.875 0.116092
0.5 0.84375 0.085573
0.5 0.8125 0.0550596
0.53125 0.8125 0.0483041
0.53125 0.84375 0.0788421
0.5 0.84375 0.085573
0.53125 0.875 0.109396
0.53125 0.84375 0.0788421
0.5625 0.84375 0.0722668
0.5625 0.875 0.10292
0.53125 0.875 0.109396
0.53125 0.84375 0.0788421
0.53125 0.8125 0.0483041
0.5625 0.8125 0.0416449
0.5625 0.84375 0.0722668
0.53125 0.84375 0.0788421
0.5 0.8125 0.0550596
0.5 0.78125 0.0245493
0.53125 0.78125 0.0177772
0.53125 0.8125 0.0483041
0.5 0.8125 0.0550596
0.5 0.78125 0.0245493
0.5 0.75 -0.0059574
0.53125 0.75 -0.0127343
0.53125 0.78125 0.0177772
0.5 0.78125 0.0245493
0.53125 0.8125 0.0483041
0.53125 0.78125 0.0177772
0.5625 0.78125 0.0110536
0.5625 0.8125 0.0416449
0.53125 0.8125 0.0483041
0.53125 0.78125 0.0177772
0.53125 0.75 -0.0127343
0.5625 0.75 -0.019479
0.5625 0.78125 0.0110536
0.53125 0.78125 0.0177772
0.5625 0.875 0.10292
0.5625 0.84375 0.0722668
0.59375 0.84375 0.066252
0.59375 0.875 0.0971405
0.5625 0.875 0.10292
0.5625 0.84375 0.0722668
0.5625 0.8125 0.0416449
0.59375 0.8125 0.0354039
0.59375 0.84375 0.066252
0.5625 0.84375 0.0722668
0.59375 0.875 0.0971405
0.59375 0.84375 0.066252
0.625 0.84375 0.0620899
0.625 0.875 0.0933093
0.59375 0.875 0.0971405
0.59375 0.84375 0.066252
0.59375 0.8125 0.0354039
0.625 0.8125 0.0308665
0.625 0.84375 0.0620899
0.59375 0.84375 0.066252
0.5625 0.8125 0.0416449
0.5625 0.78125 0.0110536
0.59375 0.78125 0.00460114
0.59375 0.8125 0.0354039
0.5625 0.8125 0.0416449
0.5625 0.78125 0.0110536
0.5625 0.75 -0.019479
0.59375 0.75 -0.0260173
0.59375 0.78125 0.00460114
0.5625 0.78125 0.0110536
0.59375 0.8125 0.0354039
0.59375 0.78125 0.00460114
0.625 0.78125 -0.000358719
0.625 0.8125 0.0308665
0.59375 0.8125 0.0354039
0.59375 0.78125 0.00460114
0.59375 0.75 -0.0260173
0.625 0.75 -0.0313584
0.625 0.78125 -0.000358719
0.59375 0.78125 0.00460114
0.625 1 0.218276
0.625 0.9375 0.155795
0.6875 0.9375 0.164438
0.6875 1 0.225217
0.625 1 0.218276
0.625 0.9375 0.155795
0.625 0.875 0.0933093
0.6875 0.875 0.104174
0.6875 0.9375 0.164438
0.625 0.9375 0.155795
0.6875 1 0.225217
0.6875 0.9375 0.164438
0.75 0.9375 0.192044
0.75 1 0.247758
0.6875 1 0.225217
0.6875 0.9375 0.164438
0.6875 0.875 0.104174
0.75 0.875 0.138431
0.75 0.9375 0.192044
0.6875 0.9375 0.164438
0.625 0.875 0.0933093
0.625 0.84375 0.0620899
0.65625 0.84375 0.0639921
0.65625 0.875 0.0949149
0.625 0.875 0.0933093
0.625 0.84375 0.0620899
0.625 0.8125 0.0308665
0.65625 0.8125 0.0331212
0.65625 0.84375 0.0639921
0.625 0.84375 0.0620899
0.65625 0.875 0.0949149
0.65625 0.84375 0.0639921
0.6875 0.84375 0.0751097
0.6875 0.875 0.104174
0.65625 0.875 0.0949149
0.65625 0.84375 0.0639921
0.65625 0.8125 0.0331212
0.6875 0.8125 0.0469475
0.6875 0.84375 0.0751097
0.65625 0.84375 0.0639921
0.625 0.8125 0.0308665
0.625 0.78125 -0.000358719
0.65625 0.78125 0.00234574
0.65625 0.8125 0.0331212
0.625 0.8125 0.0308665
0.625 0.78125 -0.000358719
0.625 0.75 -0.0313584
0.65625 0.75 -0.0249266
0.65625 0.78125 0.00234574
0.625 0.78125 -0.000358719
0.65625 0.8125 0.0331212
0.65625 0.78125 0.00234574
0.6875 0.78125 0.0202058
0.6875 0.8125 0.0469475
0.65625 0.8125 0.0331212
0.65625 0.78125 0.00234574
0.65625 0.75 -0.0249266
0.6875 0.75 -0.00327968
0.6875 0.78125 0.0202058
0.65625 0.78125 0.00234574
0.6875 0.875 0.104174
0.6875 0.84375 0.0751097
0.71875 0.84375 0.0928012
0.71875 0.875 0.119453
0.6875 0.875 0.104174
0.6875 0.84375 0.0751097
0.6875 0.8125 0.0469475
0.71875 0.8125 0.067676
0.71875 0.84375 0.0928012
0.6875 0.84375 0.0751097
0.71875 0.875 0.119453
0.71875 0.84375 0.0928012
0.75 0.84375 0.11409
0.75 0.875 0.138431
0.71875 0.875 0.119453
0.71875 0.84375 0.0928012
0.71875 0.8125 0.067676
0.75 0.8125 0.0915637
0.75 0.84375 0.11409
0.71875 0.84375 0.0928012
0.6875 0.8125 0.0469475
0.6875 0.78125 0.0202058
0.71875 0.78125 0.0447381
0.71875 0.8125 0.067676
0.6875 0.8125 0.0469475
0.6875 0.78125 0.0202058
0.6875 0.75 -0.00327968
0.71875 0.75 0.0251795
0.71875 0.78125 0.0447381
0.6875 0.78125 0.0202058
0.71875 0.8125 0.067676
0.71875 0.78125 0.0447381
0.75 0.78125 0.0714582
0.75 0.8125 0.0915637
0.71875 0.8125 0.067676
0.71875 0.78125 0.0447381
0.71875 0.75 0.0251795
0.75 0.75 0.054601
0.75 0.78125 0.0714582
0.71875 0.78125 0.0447381
0.5 0.75 -0.0059574
0.5 0.71875 -0.0364628
0.53125 0.71875 -0.0432409
0.53125 0.75 -0.0127343
0.5 0.75 -0.0059574
0.5 0.71875 -0.0364628
0.5 0.6875 -0.0669681
0.53125 0.6875 -0.0737472
0.53125 0.71875 -0.0432409
0.5 0.71875 -0.0364628
0.53125 0.75 -0.0127343
0.53125 0.71875 -0.0432409
0.5625 0.71875 -0.0499943
0.5625 0.75 -0.019479
0.53125 0.75 -0.0127343
0.53125 0.71875 -0.0432409
0.53125 0.6875 -0.0737472
0.5625 0.6875 -0.0805074
0.5625 0.71875 -0.0499943
0.53125 0.71875 -0.0432409
0.5 0.6875 -0.0669681
0.5 0.65625 -0.0974735
0.53125 0.65625 -0.104253
0.53125 0.6875 -0.0737472
0.5 0.6875 -0.0669681
0.5 0.65625 -0.0974735
0.5 0.625 -0.127979
0.53125 0.625 -0.134759
0.53125 0.65625 -0.104253
0.5 0.65625 -0.0974735
0.53125 0.6875 -0.0737472
0.53125 0.65625 -0.104253
0.5625 0.65625 -0.111019
0.5625 0.6875 -0.0805074
0.53125 0.6875 -0.0737472
0.53125 0.65625 -0.104253
0.53125 0.625 -0.134759
0.5625 0.625 -0.141526
0.5625 0.65625 -0.111019
0.53125 0.65625 -0.104253
0.5625 0.75 -0.019479
0.5625 0.71875 -0.0499943
0.59375 0.71875 -0.0565879
0.59375 0.75 -0.0260173
0.5625 0.75 -0.019479
0.5625 0.71875 -0.0499943
0.5625 0.6875 -0.0805074
0.59375 0.6875 -0.0871458
0.59375 0.71875 -0.0565879
0.5625 0.71875 -0.0499943
0.59375 0.75 -0.0260173
0.59375 0.71875 -0.0565879
0.625 0.71875 -0.0613611
0.625 0.75 -0.0313584
0.59375 0.75 -0.0260173
0.59375 0.71875 -0.0565879
0.59375 0.6875 -0.0871458
0.625 0.6875 -0.0833028
0.625 0.71875 -0.0613611
0.59375 0.71875 -0.0565879
0.5625 0.6875 -0.0805074
0.5625 0.65625 -0.111019
0.59375 0.65625 -0.114902
0.59375 0.6875 -0.0871458
0.5625 0.6875 -0.0805074
0.5625 0.65625 -0.111019
0.5625 0.625 -0.141526
0.59375 0.625 -0.129681
0.59375 0.65625 -0.114902
0.5625 0.65625 -0.111019
0.59375 0.6875 -0.0871458
0.59375 0.65625 -0.114902
0.625 0.65625 -0.0936581
0.625 0.6875 -0.0833028
0.59375 0.6875 -0.0871458
0.59375 0.65625 -0.114902
0.59375 0.625 -0.129681
0.625 0.625 -0.100814
0.625 0.65625 -0.0936581
0.59375 0.65625 -0.114902
0.5 0.625 -0.127979
0.5 0.5625 -0.189861
0.5625 0.5625 -0.174075
0.5625 0.625 -0.141526
0.5 0.625 -0.127979
0.5 0.5625 -0.189861
0.5 0.5 -0.227858
0.5625 0.5 -0.184121
0.5625 0.5625 -0.174075
0.5 0.5625 -0.189861
0.5625 0.625 -0.141526
0.5625 0.5625 -0.174075
0.625 0.5625 -0.114415
0.625 0.625 -0.100814
0.5625 0.625 -0.141526
0.5625 0.5625 -0.174075
0.5625 0.5 -0.184121
0.625 0.5 -0.127978
0.625 0.5625 -0.114415
0.5625 0.5625 -0.174075
0.625 0.75 -0.0313584
0.625 0.71875 -0.0613611
0.65625 0.71875 -0.045379
0.65625 0.75 -0.0249266
0.625 0.75 -0.0313584
0.625 0.71875 -0.0613611
0.625 0.6875 -0.0833028
0.65625 0.6875 -0.0562091
0.65625 0.71875 -0.045379
0.625 0.71875 -0.0613611
0.65625 0.75 -0.0249266
0.65625 0.71875 -0.045379
0.6875 0.71875 -0.0180188
0.6875 0.75 -0.00327968
0.65625 0.75 -0.0249266
0.65625 0.71875 -0.045379
0.65625 0.6875 -0.0562091
0.6875 0.6875 -0.0261385
0.6875 0.71875 -0.0180188
0.65625 0.71875 -0.045379
0.625 0.6875 -0.0833028
0.625 0.65625 -0.0936581
0.65625 0.65625 -0.0635063
0.65625 0.6875 -0.0562091
0.625 0.6875 -0.0833028
0.625 0.65625 -0.0936581
0.625 0.625 -0.100814
0.65625 0.625 -0.0703408
0.65625 0.65625 -0.0635063
0.625 0.65625 -0.0936581
0.65625 0.6875 -0.0562091
0.65625 0.65625 -0.0635063
0.6875 0.65625 -0.0330472
0.6875 0.6875 -0.0261385
0.65625 0.6875 -0.0562091
0.65625 0.65625 -0.0635063
0.65625 0.625 -0.0703408
0.6875 0.625 -0.0398401
0.6875 0.65625 -0.0330472
0.65625 0.65625 -0.0635063
0.6875 0.75 -0.00327968
0.6875 0.71875 -0.0180188
0.71875 0.71875 0.0116704
0.71875 0.75 0.0251795
0.6875 0.75 -0.00327968
0.6875 0.71875 -0.0180188
0.6875 0.6875 -0.0261385
0.71875 0.6875 0.00425665
0.71875 0.71875 0.0116704
0.6875 0.71875 -0.0180188
0.71875 0.75 0.0251795
0.71875 0.71875 0.0116704
0.75 0.71875 0.0421046
0.75 0.75 0.054601
0.71875 0.75 0.0251795
0.71875 0.71875 0.0116704
0.71875 0.6875 0.00425665
0.75 0.6875 0.0347588
0.75 0.71875 0.0421046
0.71875 0.71875 0.0116704
0.6875 0.6875 -0.0261385
0.6875 0.65625 -0.0330472
0.71875 0.65625 -0.0025524
0.71875 0.6875 0.00425665
0.6875 0.6875 -0.0261385
0.6875 0.65625 -0.0330472
0.6875 0.625 -0.0398401
0.71875 0.625 -0.00933579
0.71875 0.65625 -0.0025524
0.6875 0.65625 -0.0330472
0.71875 0.6875 0.00425665
0.71875 0.65625 -0.0025524
0.75 0.65625 0.0279524
0.75 0.6875 0.0347588
0.71875 0.6875 0.00425665
0.71875 0.65625 -0.0025524
0.71875 0.625 -0.00933579
0.75 0.625 0.0211694
0.75 0.65625 0.0279524
0.71875 0.65625 -0.0025524
0.625 0.625 -0.100814
0.625 0.59375 -0.10763
0.65625 0.59375 -0.0771277
0.65625 0.625 -0.0703408
0.625 0.625 -0.100814
0.625 0.59375 -0.10763
0.625 0.5625 -0.114415
0.65625 0.5625 -0.08391
0.65625 0.59375 -0.0771277
0.625 0.59375 -0.10763
0.65625 0.625 -0.0703408
0.65625 0.59375 -0.0771277
0.6875 0.59375 -0.0466229
0.6875 0.625 -0.0398401
0.65625 0.625 -0.0703408
0.65625 0.59375 -0.0771277
0.65625 0.5625 -0.08391
0.6875 0.5625 -0.0534048
0.6875 0.59375 -0.0466229
0.65625 0.59375 -0.0771277
0.625 0.5625 -0.114415
0.625 0.53125 -0.121197
0.65625 0.53125 -0.0906918
0.65625 0.5625 -0.08391
0.625 0.5625 -0.114415
0.625 0.53125 -0.121197
0.625 0.5 -0.127978
0.65625 0.5 -0.0974728
0.65625 0.53125 -0.0906918
0.625 0.53125 -0.121197
0.65625 0.5625 -0.08391
0.65625 0.53125 -0.0906918
0.6875 0.53125 -0.0601866
0.6875 0.5625 -0.0534048
0.65625 0.5625 -0.08391
0.65625 0.53125 -0.0906918
0.65625 0.5 -0.0974728
0.6875 0.5 -0.0669672
0.6875 0.53125 -0.0601866
0.65625 0.53125 -0.0906918
0.6875 0.625 -0.0398401
0.6875 0.59375 -0.0466229
0.71875 0.59375 -0.0161178
0.71875 0.625 -0.00933579
0.6875 0.625 -0.0398401
0.6875 0.59375 -0.0466229
0.6875 0.5625 -0.0534048
0.71875 0.5625 -0.0228996
0.71875 0.59375 -0.0161178
0.6875 0.59375 -0.0466229
0.71875 0.625 -0.00933579
0.71875 0.59375 -0.0161178
0.75 0.59375 0.0143875
0.75 0.625 0.0211694
0.71875 0.625 -0.00933579
0.71875 0.59375 -0.0161178
0.71875 0.5625 -0.0228996
0.75 0.5625 0.00760568
0.75 0.59375 0.0143875
0.71875 0.59375 -0.0161178
0.6875 0.5625 -0.0534048
0.6875 0.53125 -0.0601866
0.71875 0.53125 -0.0296813
0.71875 0.5625 -0.0228996
0.6875 0.5625 -0.0534048
0.6875 0.53125 -0.0601866
0.6875 0.5 -0.0669672
0.71875 0.5 -0.0364616
0.71875 0.53125 -0.0296813
0.6875 0.53125 -0.0601866
0.71875 0.5625 -0.0228996
0.71875 0.53125 -0.0296813
0.75 0.53125 0.000823995
0.75 0.5625 0.00760568
0.71875 0.5625 -0.0228996
0.71875 0.53125 -0.0296813
0.71875 0.5 -0.0364616
0.75 0.5 -0.00595573
0.75 0.53125 0.000823995
0.71875 0.53125 -0.0296813
0.75 1 0.247758
0.75 0.9375 0.192044
0.8125 0.9375 0.231797
0.8125 1 0.281747
0.75 1 0.247758
0.75 0.9375 0.192044
0.75 0.875 0.138431
0.8125 0.875 0.18505
0.8125 0.9375 0.231797
0.75 0.9375 0.192044
0.8125 1 0.281747
0.8125 0.9375 0.231797
0.875 0.9375 0.278006
0.875 1 0.322368
0.8125 1 0.281747
0.8125 0.9375 0.231797
0.8125 0.875 0.18505
0.875 0.875 0.237038
0.875 0.9375 0.278006
0.8125 0.9375 0.231797
0.75 0.875 0.138431
0.75 0.8125 0.0915637
0.8125 0.8125 0.144044
0.8125 0.875 0.18505
0.75 0.875 0.138431
0.75 0.8125 0.0915637
0.75 0.78125 0.0714582
0.78125 0.78125 0.0992526
0.78125 0.8125 0.117333
0.75 0.8125 0.0915637
0.75 0.78125 0.0714582
0.75 0.75 0.054601
0.78125 0.75 0.0841544
0.78125 0.78125 0.0992526
0.75 0.78125 0.0714582
0.78125 0.8125 0.117333
0.78125 0.78125 0.0992526
0.8125 0.78125 0.127576
0.8125 0.8125 0.144044
0.78125 0.8125 0.117333
0.78125 0.78125 0.0992526
0.78125 0.75 0.0841544
0.8125 0.75 0.113839
0.8125 0.78125 0.127576
0.78125 0.78125 0.0992526
0.8125 0.875 0.18505
0.8125 0.8125 0.144044
0.875 0.8125 0.201662
0.875 0.875 0.237038
0.8125 0.875 0.18505
0.8125 0.8125 0.144044
0.8125 0.75 0.113839
0.875 0.75 0.174456
0.875 0.8125 0.201662
0.8125 0.8125 0.144044
0.875 1 0.322368
0.875 0.875 0.237038
1 0.875 0.347871
1 1 0.422468
0.875 1 0.322368
0.875 0.875 0.237038
0.875 0.8125 0.201662
0.9375 0.8125 0.259872
0.9375 0.875 0.291306
0.875 0.875 0.237038
0.875 0.8125 0.201662
0.875 0.75 0.174456
0.9375 0.75 0.234969
0.9375 0.8125 0.259872
0.875 0.8125 0.201662
0.9375 0.875 0.291306
0.9375 0.8125 0.259872
1 0.8125 0.31884
1 0.875 0.347871
0.9375 0.875 0.291306
0.9375 0.8125 0.259872
0.9375 0.75 0.234969
1 0.75 0.295553
1 0.8125 0.31884
0.9375 0.8125 0.259872
0.75 0.75 0.054601
0.75 0.71875 0.0421046
0.78125 0.71875 0.0725413
0.78125 0.75 0.0841544
0.75 0.75 0.054601
0.75 0.71875 0.0421046
0.75 0.6875 0.0347588
0.78125 0.6875 0.0652611
0.78125 0.71875 0.0725413
0.75 0.71875 0.0421046
0.78125 0.75 0.0841544
0.78125 0.71875 0.0725413
0.8125 0.71875 0.10299
0.8125 0.75 0.113839
0.78125 0.75 0.0841544
0.78125 0.71875 0.0725413
0.78125 0.6875 0.0652611
0.8125 0.6875 0.0957634
0.8125 0.71875 0.10299
0.78125 0.71875 0.0725413
0.75 0.6875 0.0347588
0.75 0.65625 0.0279524
0.78125 0.65625 0.0584575
0.78125 0.6875 0.0652611
0.75 0.6875 0.0347588
0.75 0.65625 0.0279524
0.75 0.625 0.0211694
0.78125 0.625 0.0516746
0.78125 0.65625 0.0584575
0.75 0.65625 0.0279524
0.78125 0.6875 0.0652611
0.78125 0.65625 0.0584575
0.8125 0.65625 0.0889626
0.8125 0.6875 0.0957634
0.78125 0.6875 0.0652611
0.78125 0.65625 0.0584575
0.78125 0.625 0.0516746
0.8125 0.625 0.0821799
0.8125 0.65625 0.0889626
0.78125 0.65625 0.0584575
0.8125 0.75 0.113839
0.8125 0.6875 0.0957634
0.875 0.6875 0.156768
0.875 0.75 0.174456
0.8125 0.75 0.113839
0.8125 0.6875 0.0957634
0.8125 0.65625 0.0889626
0.84375 0.65625 0.119468
0.84375 0.6875 0.126266
0.8125 0.6875 0.0957634
0.8125 0.65625 0.0889626
0.8125 0.625 0.0821799
0.84375 0.625 0.112685
0.84375 0.65625 0.119468
0.8125 0.65625 0.0889626
0.84375 0.6875 0.126266
0.84375 0.65625 0.119468
0.875 0.65625 0.149973
0.875 0.6875 0.156768
0.84375 0.6875 0.126266
0.84375 0.65625 0.119468
0.84375 0.625 0.112685
0.875 0.625 0.143191
0.875 0.65625 0.149973
0.84375 0.65625 0.119468
0.75 0.625 0.0211694
0.75 0.59375 0.0143875
0.78125 0.59375 0.0448928
0.78125 0.625 0.0516746
0.75 0.625 0.0211694
0.75 0.59375 0.0143875
0.75 0.5625 0.00760568
0.78125 0.5625 0.0381112
0.78125 0.59375 0.0448928
0.75 0.59375 0.0143875
0.78125 0.625 0.0516746
0.78125 0.59375 0.0448928
0.8125 0.59375 0.0753982
0.8125 0.625 0.0821799
0.78125 0.625 0.0516746
0.78125 0.59375 0.0448928
0.78125 0.5625 0.0381112
0.8125 0.5625 0.0686175
0.8125 0.59375 0.0753982
0.78125 0.59375 0.0448928
0.75 0.5625 0.00760568
0.75 0.53125 0.000823995
0.78125 0.53125 0.0313307
0.78125 0.5625 0.0381112
0.75 0.5625 0.00760568
0.75 0.53125 0.000823995
0.75 0.5 -0.00595573
0.78125 0.5 0.024556
0.78125 0.53125 0.0313307
0.75 0.53125 0.000823995
0.78125 0.5625 0.0381112
0.78125 0.53125 0.0313307
0.8125 0.53125 0.0618406
0.8125 0.5625 0.0686175
0.78125 0.5625 0.0381112
0.78125 0.53125 0.0313307
0.78125 0.5 0.024556
0.8125 0.5 0.0550791
0.8125 0.53125 0.0618406
0.78125 0.53125 0.0313307
0.8125 0.625 0.0821799
0.8125 0.59375 0.0753982
0.84375 0.59375 0.105904
0.84375 0.625 0.112685
0.8125 0.625 0.0821799
0.8125 0.59375 0.0753982
0.8125 0.5625 0.0686175
0.84375 0.5625 0.0991256
0.84375 0.59375 0.105904
0.8125 0.59375 0.0753982
0.84375 0.625 0.112685
0.84375 0.59375 0.105904
0.875 0.59375 0.136411
0.875 0.625 0.143191
0.84375 0.625 0.112685
0.84375 0.59375 0.105904
0.84375 0.5625 0.0991256
0.875 0.5625 0.129637
0.875 0.59375 0.136411
0.84375 0.59375 0.105904
0.8125 0.5625 0.0686175
0.8125 0.53125 0.0618406
0.84375 0.53125 0.0923562
0.84375 0.5625 0.0991256
0.8125 0.5625 0.0686175
0.8125 0.53125 0.0618406
0.8125 0.5 0.0550791
0.84375 0.5 0.0856195
0.84375 0.53125 0.0923562
0.8125 0.53125 0.0618406
0.84375 0.5625 0.0991256
0.84375 0.53125 0.0923562
0.875 0.53125 0.122881
0.875 0.5625 0.129637
0.84375 0.5625 0.0991256
0.84375 0.53125 0.0923562
0.84375 0.5 0.0856195
0.875 0.5 0.116181
0.875 0.53125 0.122881
0.84375 0.53125 0.0923562
0.875 0.75 0.174456
0.875 0.6875 0.156768
0.9375 0.6875 0.217781
0.9375 0.75 0.234969
0.875 0.75 0.174456
0.875 0.6875 0.156768
0.875 0.625 0.143191
0.9375 0.625 0.204215
0.9375 0.6875 0.217781
0.875 0.6875 0.156768
0.9375 0.75 0.234969
0.9375 0.6875 0.217781
1 0.6875 0.278817
1 0.75 0.295553
0.9375 0.75 0.234969
0.9375 0.6875 0.217781
0.9375 0.625 0.204215
1 0.625 0.265289
1 0.6875 0.278817
0.9375 0.6875 0.217781
0.875 0.625 0.143191
0.875 0.5625 0.129637
0.9375 0.5625 0.190718
0.9375 0.625 0.204215
0.875 0.625 0.143191
0.875 0.5625 0.129637
0.875 0.5 0.116181
0.9375 0.5 0.17752
0.9375 0.5625 0.190718
0.875 0.5625 0.129637
0.9375 0.625 0.204215
0.9375 0.5625 0.190718
1 0.5625 0.251931
1 0.625 0.265289
0.9375 0.625 0.204215
0.9375 0.5625 0.190718
0.9375 0.5 0.17752
1 0.5 0.239077
1 0.5625 0.251931
0.9375 0.5625 0.190718
0.5 0.5 -0.227858
0.5 0.4375 -0.18599
0.5625 0.4375 -0.165302
0.5625 0.5 -0.184121
0.5 0.5 -0.227858
0.5 0.4375 -0.18599
0.5 0.375 -0.127979
0.5625 0.375 -0.114377
0.5625 0.4375 -0.165302
0.5 0.4375 -0.18599
0.5625 0.5 -0.184121
0.5625 0.4375 -0.165302
0.625 0.4375 -0.137749
0.625 0.5 -0.127978
0.5625 0.5 -0.184121
0.5625 0.4375 -0.165302
0.5625 0.375 -0.114377
0.625 0.375 -0.100057
0.625 0.4375 -0.137749
0.5625 0.4375 -0.165302
0.5 0.375 -0.127979
0.5 0.34375 -0.0974737
0.53125 0.34375 -0.090691
0.53125 0.375 -0.121189
0.5 0.375 -0.127979
0.5 0.34375 -0.0974737
0.5 0.3125 -0.0669683
0.53125 0.3125 -0.0601867
0.53125 0.34375 -0.090691
0.5 0.34375 -0.0974737
0.53125 0.375 -0.121189
0.53125 0.34375 -0.090691
0.5625 0.34375 -0.0839049
0.5625 0.375 -0.114377
0.53125 0.375 -0.121189
0.53125 0.34375 -0.090691
0.53125 0.3125 -0.0601867
0.5625 0.3125 -0.0534042
0.5625 0.34375 -0.0839049
0.53125 0.34375 -0.090691
0.5 0.3125 -0.0669683
0.5 0.28125 -0.0364629
0.53125 0.28125 -0.0296816
0.53125 0.3125 -0.0601867
0.5 0.3125 -0.0669683
0.5 0.28125 -0.0364629
0.5 0.25 -0.00595755
0.53125 0.25 0.000823667
0.53125 0.28125 -0.0296816
0.5 0.28125 -0.0364629
0.53125 0.3125 -0.0601867
0.53125 0.28125 -0.0296816
0.5625 0.28125 -0.0228998
0.5625 0.3125 -0.0534042
0.53125 0.3125 -0.0601867
0.53125 0.28125 -0.0296816
0.53125 0.25 0.000823667
0.5625 0.25 0.00760545
0.5625 0.28125 -0.0228998
0.53125 0.28125 -0.0296816
0.5625 0.375 -0.114377
0.5625 0.34375 -0.0839049
0.59375 0.34375 -0.077102
0.59375 0.375 -0.107456
0.5625 0.375 -0.114377
0.5625 0.34375 -0.0839049
0.5625 0.3125 -0.0534042
0.59375 0.3125 -0.0466194
0.59375 0.34375 -0.077102
0.5625 0.34375 -0.0839049
0.59375 0.375 -0.107456
0.59375 0.34375 -0.077102
0.625 0.34375 -0.0702189
0.625 0.375 -0.100057
0.59375 0.375 -0.107456
0.59375 0.34375 -0.077102
0.59375 0.3125 -0.0466194
0.625 0.3125 -0.0398232
0.625 0.34375 -0.0702189
0.59375 0.34375 -0.077102
0.5625 0.3125 -0.0534042
0.5625 0.28125 -0.0228998
0.59375 0.28125 -0.0161179
0.59375 0.3125 -0.0466194
0.5625 0.3125 -0.0534042
0.5625 0.28125 -0.0228998
0.5625 0.25 0.00760545
0.59375 0.25 0.0143873
0.59375 0.28125 -0.0161179
0.5625 0.28125 -0.0228998
0.59375 0.3125 -0.0466194
0.59375 0.28125 -0.0161179
0.625 0.28125 -0.00933578
0.625 0.3125 -0.0398232
0.59375 0.3125 -0.0466194
0.59375 0.28125 -0.0161179
0.59375 0.25 0.0143873
0.625 0.25 0.0211693
0.625 0.28125 -0.00933578
0.59375 0.28125 -0.0161179
0.625 0.5 -0.127978
0.625 0.46875 -0.134753
0.65625 0.46875 -0.104248
0.65625 0.5 -0.0974728
0.625 0.5 -0.127978
0.625 0.46875 -0.134753
0.625 0.4375 -0.137749
0.65625 0.4375 -0.110972
0.65625 0.46875 -0.104248
0.625 0.46875 -0.134753
0.65625 0.5 -0.0974728
0.65625 0.46875 -0.104248
0.6875 0.46875 -0.0737404
0.6875 0.5 -0.0669672
0.65625 0.5 -0.0974728
0.65625 0.46875 -0.104248
0.65625 0.4375 -0.110972
0.6875 0.4375 -0.0804727
0.6875 0.46875 -0.0737404
0.65625 0.46875 -0.104248
0.625 0.4375 -0.137749
0.625 0.40625 -0.125283
0.65625 0.40625 -0.108639
0.65625 0.4375 -0.110972
0.625 0.4375 -0.137749
0.625 0.40625 -0.125283
0.625 0.375 -0.100057
0.65625 0.375 -0.0908099
0.65625 0.40625 -0.108639
0.625 0.40625 -0.125283
0.65625 0.4375 -0.110972
0.65625 0.40625 -0.108639
0.6875 0.40625 -0.0849245
0.6875 0.4375 -0.0804727
0.65625 0.4375 -0.110972
0.65625 0.40625 -0.108639
0.65625 0.375 -0.0908099
0.6875 0.375 -0.076412
0.6875 0.40625 -0.0849245
0.65625 0.40625 -0.108639
0.6875 0.5 -0.0669672
0.6875 0.46875 -0.0737404
0.71875 0.46875 -0.043232
0.71875 0.5 -0.0364616
0.6875 0.5 -0.0669672
0.6875 0.46875 -0.0737404
0.6875 0.4375 -0.0804727
0.71875 0.4375 -0.0499493
0.71875 0.46875 -0.043232
0.6875 0.46875 -0.0737404
0.71875 0.5 -0.0364616
0.71875 0.46875 -0.043232
0.75 0.46875 -0.0127226
0.75 0.5 -0.00595573
0.71875 0.5 -0.0364616
0.71875 0.46875 -0.043232
0.71875 0.4375 -0.0499493
0.75 0.4375 -0.019422
0.75 0.46875 -0.0127226
0.71875 0.46875 -0.043232
0.6875 0.4375 -0.0804727
0.6875 0.40625 -0.0849245
0.71875 0.40625 -0.0564331
0.71875 0.4375 -0.0499493
0.6875 0.4375 -0.0804727
0.6875 0.40625 -0.0849245
0.6875 0.375 -0.076412
0.71875 0.375 -0.0553527
0.71875 0.40625 -0.0564331
0.6875 0.40625 -0.0849245
0.71875 0.4375 -0.0499493
0.71875 0.40625 -0.0564331
0.75 0.40625 -0.0257957
0.75 0.4375 -0.019422
0.71875 0.4375 -0.0499493
0.71875 0.40625 -0.0564331
0.71875 0.375 -0.0553527
0.75 0.375 -0.0289661
0.75 0.40625 -0.0257957
0.71875 0.40625 -0.0564331
0.625 0.375 -0.100057
0.625 0.34375 -0.0702189
0.65625 0.34375 -0.0629656
0.65625 0.375 -0.0908099
0.625 0.375 -0.100057
0.625 0.34375 -0.0702189
0.625 0.3125 -0.0398232
0.65625 0.3125 -0.032974
0.65625 0.34375 -0.0629656
0.625 0.34375 -0.0702189
0.65625 0.375 -0.0908099
0.65625 0.34375 -0.0629656
0.6875 0.34375 -0.0541749
0.6875 0.375 -0.076412
0.65625 0.375 -0.0908099
0.65625 0.34375 -0.0629656
0.65625 0.3125 -0.032974
0.6875 0.3125 -0.0258876
0.6875 0.34375 -0.0541749
0.65625 0.34375 -0.0629656
0.625 0.3125 -0.0398232
0.625 0.28125 -0.00933578
0.65625 0.28125 -0.00255105
0.65625 0.3125 -0.032974
0.625 0.3125 -0.0398232
0.625 0.28125 -0.00933578
0.625 0.25 0.0211693
0.65625 0.25 0.027953
0.65625 0.28125 -0.00255105
0.625 0.28125 -0.00933578
0.65625 0.3125 -0.032974
0.65625 0.28125 -0.00255105
0.6875 0.28125 0.00429482
0.6875 0.3125 -0.0258876
0.65625 0.3125 -0.032974
0.65625 0.28125 -0.00255105
0.65625 0.25 0.027953
0.6875 0.25 0.0347819
0.6875 0.28125 0.00429482
0.65625 0.28125 -0.00255105
0.6875 0.375 -0.076412
0.6875 0.34375 -0.0541749
0.71875 0.34375 -0.040815
0.71875 0.375 -0.0553527
0.6875 0.375 -0.076412
0.6875 0.34375 -0.0541749
0.6875 0.3125 -0.0258876
0.71875 0.3125 -0.017421
0.71875 0.34375 -0.040815
0.6875 0.34375 -0.0541749
0.71875 0.375 -0.0553527
0.71875 0.34375 -0.040815
0.75 0.34375 -0.0213267
0.75 0.375 -0.0289661
0.71875 0.375 -0.0553527
0.71875 0.34375 -0.040815
0.71875 0.3125 -0.017421
0.75 0.3125 -0.00373122
0.75 0.34375 -0.0213267
0.71875 0.34375 -0.040815
0.6875 0.3125 -0.0258876
0.6875 0.28125 0.00429482
0.71875 0.28125 0.0119623
0.71875 0.3125 -0.017421
0.6875 0.3125 -0.0258876
0.6875 0.28125 0.00429482
0.6875 0.25 0.0347819
0.71875 0.25 0.0422081
0.71875 0.28125 0.0119623
0.6875 0.28125 0.00429482
0.71875 0.3125 -0.017421
0.71875 0.28125 0.0119623
0.75 0.28125 0.0234083
0.75 0.3125 -0.00373122
0.71875 0.3125 -0.017421
0.71875 0.28125 0.0119623
0.71875 0.25 0.0422081
0.75 0.25 0.0522473
0.75 0.28125 0.0234083
0.71875 0.28125 0.0119623
0.5 0.25 -0.00595755
0.5 0.21875 0.0245485
0.53125 0.21875 0.031329
0.53125 0.25 0.000823667
0.5 0.25 -0.00595755
0.5 0.21875 0.0245485
0.5 0.1875 0.0550557
0.53125 0.1875 0.0618345
0.53125 0.21875 0.031329
0.5 0.21875 0.0245485
0.53125 0.25 0.000823667
0.53125 0.21875 0.031329
0.5625 0.21875 0.0381107
0.5625 0.25 0.00760545
0.53125 0.25 0.000823667
0.53125 0.21875 0.031329
0.53125 0.1875 0.0618345
0.5625 0.1875 0.068616
0.5625 0.21875 0.0381107
0.53125 0.21875 0.031329
0.5 0.1875 0.0550557
0.5 0.15625 0.0855647
0.53125 0.15625 0.0923404
0.53125 0.1875 0.0618345
0.5 0.1875 0.0550557
0.5 0.15625 0.0855647
0.5 0.125 0.116076
0.53125 0.125 0.122847
0.53125 0.15625 0.0923404
0.5 0.15625 0.0855647
0.53125 0.1875 0.0618345
0.53125 0.15625 0.0923404
0.5625 0.15625 0.0991213
0.5625 0.1875 0.068616
0.53125 0.1875 0.0618345
0.53125 0.15625 0.0923404
0.53125 0.125 0.122847
0.5625 0.125 0.129627
0.5625 0.15625 0.0991213
0.53125 0.15625 0.0923404
0.5625 0.25 0.00760545
0.5625 0.21875 0.0381107
0.59375 0.21875 0.0448925
0.59375 0.25 0.0143873
0.5625 0.25 0.00760545
0.5625 0.21875 0.0381107
0.5625 0.1875 0.068616
0.59375 0.1875 0.0753977
0.59375 0.21875 0.0448925
0.5625 0.21875 0.0381107
0.59375 0.25 0.0143873
0.59375 0.21875 0.0448925
0.625 0.21875 0.0516745
0.625 0.25 0.0211693
0.59375 0.25 0.0143873
0.59375 0.21875 0.0448925
0.59375 0.1875 0.0753977
0.625 0.1875 0.0821797
0.625 0.21875 0.0516745
0.59375 0.21875 0.0448925
0.5625 0.1875 0.068616
0.5625 0.15625 0.0991213
0.59375 0.15625 0.105903
0.59375 0.1875 0.0753977
0.5625 0.1875 0.068616
0.5625 0.15625 0.0991213
0.5625 0.125 0.129627
0.59375 0.125 0.136408
0.59375 0.15625 0.105903
0.5625 0.15625 0.0991213
0.59375 0.1875 0.0753977
0.59375 0.15625 0.105903
0.625 0.15625 0.112685
0.625 0.1875 0.0821797
0.59375 0.1875 0.0753977
0.59375 0.15625 0.105903
0.59375 0.125 0.136408
0.625 0.125 0.14319
0.625 0.15625 0.112685
0.59375 0.15625 0.105903
0.5 0.125 0.116076
0.5 0.0625 0.177146
0.5625 0.0625 0.190642
0.5625 0.125 0.129627
0.5 0.125 0.116076
0.5 0.0625 0.177146
0.5 0 0.238319
0.5625 0 0.251679
0.5625 0.0625 0.190642
0.5 0.0625 0.177146
0.5625 0.125 0.129627
0.5625 0.0625 0.190642
0.625 0.0625 0.2042
0.625 0.125 0.14319
0.5625 0.125 0.129627
0.5625 0.0625 0.190642
0.5625 0 0.251679
0.625 0 0.265214
0.625 0.0625 0.2042
0.5625 0.0625 0.190642
0.625 0.25 0.0211693
0.625 0.21875 0.0516745
0.65625 0.21875 0.0584577
0.65625 0.25 0.027953
0.625 0.25 0.0211693
0.625 0.21875 0.0516745
0.625 0.1875 0.0821797
0.65625 0.1875 0.0889626
0.65625 0.21875 0.0584577
0.625 0.21875 0.0516745
0.65625 0.25 0.027953
0.65625 0.21875 0.0584577
0.6875 0.21875 0.0652734
0.6875 0.25 0.0347819
0.65625 0.25 0.027953
0.65625 0.21875 0.0584577
0.65625 0.1875 0.0889626
0.6875 0.1875 0.095768
0.6875 0.21875 0.0652734
0.65625 0.21875 0.0584577
0.625 0.1875 0.0821797
0.625 0.15625 0.112685
0.65625 0.15625 0.119467
0.65625 0.1875 0.0889626
0.625 0.1875 0.0821797
0.625 0.15625 0.112685
0.625 0.125 0.14319
0.65625 0.125 0.149973
0.65625 0.15625 0.119467
0.625 0.15625 0.112685
0.65625 0.1875 0.0889626
0.65625 0.15625 0.119467
0.6875 0.15625 0.126265
0.6875 0.1875 0.095768
0.65625 0.1875 0.0889626
0.65625 0.15625 0.119467
0.65625 0.125 0.149973
0.6875 0.125 0.156765
0.6875 0.15625 0.126265
0.65625 0.15625 0.119467
0.6875 0.25 0.0347819
0.6875 0.21875 0.0652734
0.71875 0.21875 0.0725172
0.71875 0.25 0.0422081
0.6875 0.25 0.0347819
0.6875 0.21875 0.0652734
0.6875 0.1875 0.095768
0.71875 0.1875 0.102897
0.71875 0.21875 0.0725172
0.6875 0.21875 0.0652734
0.71875 0.25 0.0422081
0.71875 0.21875 0.0725172
0.75 0.21875 0.0816538
0.75 0.25 0.0522473
0.71875 0.25 0.0422081
0.71875 0.21875 0.0725172
0.71875 0.1875 0.102897
0.75 0.1875 0.111357
0.75 0.21875 0.0816538
0.71875 0.21875 0.0725172
0.6875 0.1875 0.095768
0.6875 0.125 0.156765
0.75 0.125 0.171665
0.75 0.1875 0.111357
0.6875 0.1875 0.095768
0.625 0.125 0.14319
0.625 0.0625 0.2042
0.6875 0.0625 0.217772
0.6875 0.125 0.156765
0.625 0.125 0.14319
0.625 0.0625 0.2042
0.625 0 0.265214
0.6875 0 0.278778
0.6875 0.0625 0.217772
0.625 0.0625 0.2042
0.6875 0.125 0.156765
0.6875 0.0625 0.217772
0.75 0.0625 0.232251
0.75 0.125 0.171665
0.6875 0.125 0.156765
0.6875 0.0625 0.217772
0.6875 0 0.278778
0.75 0 0.293022
0.75 0.0625 0.232251
0.6875 0.0625 0.217772
0.75 0.5 -0.00595573
0.75 0.46875 -0.0127226
0.78125 0.46875 0.0178073
0.78125 0.5 0.024556
0.75 0.5 -0.00595573
0.75 0.46875 -0.0127226
0.75 0.4375 -0.019422
0.78125 0.4375 0.0111642
0.78125 0.46875 0.0178073
0.75 0.46875 -0.0127226
0.78125 0.5 0.024556
0.78125 0.46875 0.0178073
0.8125 0.46875 0.0483757
0.8125 0.5 0.0550791
0.78125 0.5 0.024556
0.78125 0.46875 0.0178073
0.78125 0.4375 0.0111642
0.8125 0.4375 0.0418754
0.8125 0.46875 0.0483757
0.78125 0.46875 0.0178073
0.75 0.4375 -0.019422
0.75 0.40625 -0.0257957
0.78125 0.40625 0.00492778
0.78125 0.4375 0.0111642
0.75 0.4375 -0.019422
0.75 0.40625 -0.0257957
0.75 0.375 -0.0289661
0.78125 0.375 0.000519415
0.78125 0.40625 0.00492778
0.75 0.40625 -0.0257957
0.78125 0.4375 0.0111642
0.78125 0.40625 0.00492778
0.8125 0.40625 0.0359875
0.8125 0.4375 0.0418754
0.78125 0.4375 0.0111642
0.78125 0.40625 0.00492778
0.78125 0.375 0.000519415
0.8125 0.375 0.0317678
0.8125 0.40625 0.0359875
0.78125 0.40625 0.00492778
0.8125 0.5 0.0550791
0.8125 0.46875 0.0483757
0.84375 0.46875 0.0789885
0.84375 0.5 0.0856195
0.8125 0.5 0.0550791
0.8125 0.46875 0.0483757
0.8125 0.4375 0.0418754
0.84375 0.4375 0.072661
0.84375 0.46875 0.0789885
0.8125 0.46875 0.0483757
0.84375 0.5 0.0856195
0.84375 0.46875 0.0789885
0.875 0.46875 0.10964
0.875 0.5 0.116181
0.84375 0.5 0.0856195
0.84375 0.46875 0.0789885
0.84375 0.4375 0.072661
0.875 0.4375 0.103487
0.875 0.46875 0.10964
0.84375 0.46875 0.0789885
0.8125 0.4375 0.0418754
0.8125 0.40625 0.0359875
0.84375 0.40625 0.0670602
0.84375 0.4375 0.072661
0.8125 0.4375 0.0418754
0.8125 0.40625 0.0359875
0.8125 0.375 0.0317678
0.84375 0.375 0.0630141
0.84375 0.40625 0.0670602
0.8125 0.40625 0.0359875
0.84375 0.4375 0.072661
0.84375 0.40625 0.0670602
0.875 0.40625 0.098136
0.875 0.4375 0.103487
0.84375 0.4375 0.072661
0.84375 0.40625 0.0670602
0.84375 0.375 0.0630141
0.875 0.375 0.0942517
0.875 0.40625 0.098136
0.84375 0.40625 0.0670602
0.75 0.375 -0.0289661
0.75 0.34375 -0.0213267
0.78125 0.34375 0.00361177
0.78125 0.375 0.000519415
0.75 0.375 -0.0289661
0.75 0.34375 -0.0213267
0.75 0.3125 -0.00373122
0.78125 0.3125 0.0187728
0.78125 0.34375 0.00361177
0.75 0.34375 -0.0213267
0.78125 0.375 0.000519415
0.78125 0.34375 0.00361177
0.8125 0.34375 0.0342427
0.8125 0.375 0.0317678
0.78125 0.375 0.000519415
0.78125 0.34375 0.00361177
0.78125 0.3125 0.0187728
0.8125 0.3125 0.0455256
0.8125 0.34375 0.0342427
0.78125 0.34375 0.00361177
0.75 0.3125 -0.00373122
0.75 0.28125 0.0234083
0.78125 0.28125 0.0410779
0.78125 0.3125 0.0187728
0.75 0.3125 -0.00373122
0.75 0.28125 0.0234083
0.75 0.25 0.0522473
0.78125 0.25 0.0666683
0.78125 0.28125 0.0410779
0.75 0.28125 0.0234083
0.78125 0.3125 0.0187728
0.78125 0.28125 0.0410779
0.8125 0.28125 0.0636311
0.8125 0.3125 0.0455256
0.78125 0.3125 0.0187728
0.78125 0.28125 0.0410779
0.78125 0.25 0.0666683
0.8125 0.25 0.0857511
0.8125 0.28125 0.0636311
0.78125 0.28125 0.0410779
0.8125 0.375 0.0317678
0.8125 0.34375 0.0342427
0.84375 0.34375 0.0650045
0.84375 0.375 0.0630141
0.8125 0.375 0.0317678
0.8125 0.34375 0.0342427
0.8125 0.3125 0.0455256
0.84375 0.3125 0.0740208
0.84375 0.34375 0.0650045
0.8125 0.34375 0.0342427
0.84375 0.375 0.0630141
0.84375 0.34375 0.0650045
0.875 0.34375 0.0958991
0.875 0.375 0.0942517
0.84375 0.375 0.0630141
0.84375 0.34375 0.0650045
0.84375 0.3125 0.0740208
0.875 0.3125 0.103212
0.875 0.34375 0.0958991
0.84375 0.34375 0.0650045
0.8125 0.3125 0.0455256
0.8125 0.28125 0.0636311
0.84375 0.28125 0.0888232
0.84375 0.3125 0.0740208
0.8125 0.3125 0.0455256
0.8125 0.28125 0.0636311
0.8125 0.25 0.0857511
0.84375 0.25 0.108001
0.84375 0.28125 0.0888232
0.8125 0.28125 0.0636311
0.84375 0.3125 0.0740208
0.84375 0.28125 0.0888232
0.875 0.28125 0.115701
0.875 0.3125 0.103212
0.84375 0.3125 0.0740208
0.84375 0.28125 0.0888232
0.84375 0.25 0.108001
0.875 0.25 0.132415
0.875 0.28125 0.115701
0.84375 0.28125 0.0888232
0.875 0.5 0.116181
0.875 0.4375 0.103487
0.9375 0.4375 0.165526
0.9375 0.5 0.17752
0.875 0.5 0.116181
0.875 0.4375 0.103487
0.875 0.375 0.0942517
0.9375 0.375 0.156728
0.9375 0.4375 0.165526
0.875 0.4375 0.103487
0.9375 0.5 0.17752
0.9375 0.4375 0.165526
1 0.4375 0.227621
1 0.5 0.239077
0.9375 0.5 0.17752
0.9375 0.4375 0.165526
0.9375 0.375 0.156728
1 0.375 0.2192
1 0.4375 0.227621
0.9375 0.4375 0.165526
0.875 0.375 0.0942517
0.875 0.3125 0.103212
0.9375 0.3125 0.163393
0.9375 0.375 0.156728
0.875 0.375 0.0942517
0.875 0.3125 0.103212
0.875 0.25 0.132415
0.9375 0.25 0.1861
0.9375 0.3125 0.163393
0.875 0.3125 0.103212
0.9375 0.375 0.156728
0.9375 0.3125 0.163393
1 0.3125 0.224568
1 0.375 0.2192
0.9375 0.375 0.156728
0.9375 0.3125 0.163393
0.9375 0.25 0.1861
1 0.25 0.243665
1 0.3125 0.224568
0.9375 0.3125 0.163393
0.75 0.25 0.0522473
0.75 0.21875 0.0816538
0.78125 0.21875 0.0940484
0.78125 0.25 0.0666683
0.75 0.25 0.0522473
0.75 0.21875 0.0816538
0.75 0.1875 0.111357
0.78125 0.1875 0.122384
0.78125 0.21875 0.0940484
0.75 0.21875 0.0816538
0.78125 0.25 0.0666683
0.78125 0.21875 0.0940484
0.8125 0.21875 0.110277
0.8125 0.25 0.0857511
0.78125 0.25 0.0666683
0.78125 0.21875 0.0940484
0.78125 0.1875 0.122384
0.8125 0.1875 0.136472
0.8125 0.21875 0.110277
0.78125 0.21875 0.0940484
0.75 0.1875 0.111357
0.75 0.125 0.171665
0.8125 0.125 0.19305
0.8125 0.1875 0.136472
0.75 0.1875 0.111357
0.8125 0.25 0.0857511
0.8125 0.21875 0.110277
0.84375 0.21875 0.129979
0.84375 0.25 0.108001
0.8125 0.25 0.0857511
0.8125 0.21875 0.110277
0.8125 0.1875 0.136472
0.84375 0.1875 0.153828
0.84375 0.21875 0.129979
0.8125 0.21875 0.110277
0.84375 0.25 0.108001
0.84375 0.21875 0.129979
0.875 0.21875 0.152145
0.875 0.25 0.132415
0.84375 0.25 0.108001
0.84375 0.21875 0.129979
0.84375 0.1875 0.153828
0.875 0.1875 0.173965
0.875 0.21875 0.152145
0.84375 0.21875 0.129979
0.8125 0.1875 0.136472
0.8125 0.125 0.19305
0.875 0.125 0.224223
0.875 0.1875 0.173965
0.8125 0.1875 0.136472
0.75 0.125 0.171665
0.75 0.0625 0.232251
0.8125 0.0625 0.251176
0.8125 0.125 0.19305
0.75 0.125 0.171665
0.75 0.0625 0.232251
0.75 0 0.293022
0.8125 0 0.310619
0.8125 0.0625 0.251176
0.75 0.0625 0.232251
0.8125 0.125 0.19305
0.8125 0.0625 0.251176
0.875 0.0625 0.27746
0.875 0.125 0.224223
0.8125 0.125 0.19305
0.8125 0.0625 0.251176
0.8125 0 0.310619
0.875 0 0.334044
0.875 0.0625 0.27746
0.8125 0.0625 0.251176
0.875 0.25 0.132415
0.875 0.1875 0.173965
0.9375 0.1875 0.219669
0.9375 0.25 0.1861
0.875 0.25 0.132415
0.875 0.1875 0.173965
0.875 0.125 0.224223
0.9375 0.125 0.262612
0.9375 0.1875 0.219669
0.875 0.1875 0.173965
0.9375 0.25 0.1861
0.9375 0.1875 0.219669
1 0.1875 0.272611
1 0.25 0.243665
0.9375 0.25 0.1861
0.9375 0.1875 0.219669
0.9375 0.125 0.262612
1 0.125 0.309584
1 0.1875 0.272611
0.9375 0.1875 0.219669
0.875 0.125 0.224223
0.875 0 0.334044
1 0 0.409272
1 0.125 0.309584
0.875 0.125 0.224223
