0 1 0.442618
0 0.875 0.344647
0.125 0.875 0.256266
0.125 1 0.364972
0 1 0.442618
0 0.875 0.344647
0 0.8125 0.302185
0.0625 0.8125 0.250544
0.0625 0.875 0.296938
0 0.875 0.344647
0 0.8125 0.302185
0 0.75 0.264593
0.0625 0.75 0.208812
0.0625 0.8125 0.250544
0 0.8125 0.302185
0.0625 0.875 0.296938
0.0625 0.8125 0.250544
0.125 0.8125 0.205322
0.125 0.875 0.256266
0.0625 0.875 0.296938
0.0625 0.8125 0.250544
0.0625 0.75 0.208812
0.125 0.75 0.157622
0.125 0.8125 0.205322
0.0625 0.8125 0.250544
0.125 1 0.364972
0.125 0.875 0.256266
0.25 0.875 0.193725
0.25 1 0.308273
0.125 1 0.364972
0.125 0.875 0.256266
0.125 0.8125 0.205322
0.1875 0.8125 0.166322
0.1875 0.875 0.221683
0.125 0.875 0.256266
0.125 0.8125 0.205322
0.125 0.75 0.157622
0.1875 0.75 0.113687
0.1875 0.8125 0.166322
0.125 0.8125 0.205322
0.1875 0.875 0.221683
0.1875 0.8125 0.166322
0.25 0.8125 0.136581
0.25 0.875 0.193725
0.1875 0.875 0.221683
0.1875 0.8125 0.166322
0.1875 0.78125 0.139707
0.21875 0.78125 0.122798
0.21875 0.8125 0.150601
0.1875 0.8125 0.166322
0.1875 0.78125 0.139707
0.1875 0.75 0.113687
0.21875 0.75 0.0954698
0.21875 0.78125 0.122798
0.1875 0.78125 0.139707
0.21875 0.8125 0.150601
0.21875 0.78125 0.122798
0.25 0.78125 0.108188
0.25 0.8125 0.136581
0.21875 0.8125 0.150601
0.21875 0.78125 0.122798
0.21875 0.75 0.0954698
0.25 0.75 0.0799327
0.25 0.78125 0.108188
0.21875 0.78125 0.122798
0 0.75 0.264593
0 0.6875 0.233373
0.0625 0.6875 0.173461
0.0625 0.75 0.208812
0 0.75 0.264593
0 0.6875 0.233373
0 0.625 0.211241
0.0625 0.625 0.148768
0.0625 0.6875 0.173461
0 0.6875 0.233373
0.0625 0.75 0.208812
0.0625 0.6875 0.173461
0.125 0.6875 0.117541
0.125 0.75 0.157622
0.0625 0.75 0.208812
0.0625 0.6875 0.173461
0.0625 0.65625 0.159708
0.09375 0.65625 0.130194
0.09375 0.6875 0.145199
0.0625 0.6875 0.173461
0.0625 0.65625 0.159708
0.0625 0.625 0.148768
0.09375 0.625 0.118193
0.09375 0.65625 0.130194
0.0625 0.65625 0.159708
0.09375 0.6875 0.145199
0.09375 0.65625 0.130194
0.125 0.65625 0.101013
0.125 0.6875 0.117541
0.09375 0.6875 0.145199
0.09375 0.65625 0.130194
0.09375 0.625 0.118193
0.125 0.625 0.0877144
0.125 0.65625 0.101013
0.09375 0.65625 0.130194
0 0.625 0.211241
0 0.5625 0.204315
0.0625 0.5625 0.141894
0.0625 0.625 0.148768
0 0.625 0.211241
0 0.5625 0.204315
0 0.5 0.215839
0.0625 0.5 0.1554
0.0625 0.5625 0.141894
0 0.5625 0.204315
0.0625 0.625 0.148768
0.0625 0.59375 0.141114
0.09375 0.59375 0.109861
0.09375 0.625 0.118193
0.0625 0.625 0.148768
0.0625 0.59375 0.141114
0.0625 0.5625 0.141894
0.09375 0.5625 0.110865
0.09375 0.59375 0.109861
0.0625 0.59375 0.141114
0.09375 0.625 0.118193
0.09375 0.59375 0.109861
0.125 0.59375 0.0786205
0.125 0.625 0.0877144
0.09375 0.625 0.118193
0.09375 0.59375 0.109861
0.09375 0.5625 0.110865
0.125 0.5625 0.0798561
0.125 0.59375 0.0786205
0.09375 0.59375 0.109861
0.0625 0.5625 0.141894
0.0625 0.53125 0.147031
0.09375 0.53125 0.116642
0.09375 0.5625 0.110865
0.0625 0.5625 0.141894
0.0625 0.53125 0.147031
0.0625 0.5 0.1554
0.09375 0.5 0.125654
0.09375 0.53125 0.116642
0.0625 0.53125 0.147031
0.09375 0.5625 0.110865
0.09375 0.53125 0.116642
0.125 0.53125 0.0863875
0.125 0.5625 0.0798561
0.09375 0.5625 0.110865
0.09375 0.53125 0.116642
0.09375 0.5 0.125654
0.125 0.5 0.0960734
0.125 0.53125 0.0863875
0.09375 0.53125 0.116642
0.125 0.75 0.157622
0.125 0.71875 0.136582
0.15625 0.71875 0.111889
0.15625 0.75 0.134759
0.125 0.75 0.157622
0.125 0.71875 0.136582
0.125 0.6875 0.117541
0.15625 0.6875 0.0908805
0.15625 0.71875 0.111889
0.125 0.71875 0.136582
0.15625 0.75 0.134759
0.15625 0.71875 0.111889
0.1875 0.71875 0.0888705
0.1875 0.75 0.113687
0.15625 0.75 0.134759
0.15625 0.71875 0.111889
0.15625 0.6875 0.0908805
0.1875 0.6875 0.0655473
0.1875 0.71875 0.0888705
0.15625 0.71875 0.111889
0.125 0.6875 0.117541
0.125 0.65625 0.101013
0.15625 0.65625 0.0723619
0.15625 0.6875 0.0908805
0.125 0.6875 0.117541
0.125 0.65625 0.101013
0.125 0.625 0.0877144
0.15625 0.625 0.0573233
0.15625 0.65625 0.0723619
0.125 0.65625 0.101013
0.15625 0.6875 0.0908805
0.15625 0.65625 0.0723619
0.1875 0.65625 0.0444971
0.1875 0.6875 0.0655473
0.15625 0.6875 0.0908805
0.15625 0.65625 0.0723619
0.15625 0.625 0.0573233
0.1875 0.625 0.0270067
0.1875 0.65625 0.0444971
0.15625 0.65625 0.0723619
0.1875 0.75 0.113687
0.1875 0.71875 0.0888705
0.21875 0.71875 0.06862
0.21875 0.75 0.0954698
0.1875 0.75 0.113687
0.1875 0.71875 0.0888705
0.1875 0.6875 0.0655473
0.21875 0.6875 0.042725
0.21875 0.71875 0.06862
0.1875 0.71875 0.0888705
0.21875 0.75 0.0954698
0.21875 0.71875 0.06862
0.25 0.71875 0.051889
0.25 0.75 0.0799327
0.21875 0.75 0.0954698
0.21875 0.71875 0.06862
0.21875 0.6875 0.042725
0.25 0.6875 0.0241616
0.25 0.71875 0.051889
0.21875 0.71875 0.06862
0.1875 0.6875 0.0655473
0.1875 0.65625 0.0444971
0.21875 0.65625 0.0183133
0.21875 0.6875 0.042725
0.1875 0.6875 0.0655473
0.1875 0.65625 0.0444971
0.1875 0.625 0.0270067
0.21875 0.625 -0.002633
0.21875 0.65625 0.0183133
0.1875 0.65625 0.0444971
0.21875 0.6875 0.042725
0.21875 0.65625 0.0183133
0.25 0.65625 -0.00291857
0.25 0.6875 0.0241616
0.21875 0.6875 0.042725
0.21875 0.65625 0.0183133
0.21875 0.625 -0.002633
0.25 0.625 -0.026959
0.25 0.65625 -0.00291857
0.21875 0.65625 0.0183133
0.125 0.625 0.0877144
0.125 0.59375 0.0786205
0.15625 0.59375 0.0473791
0.15625 0.625 0.0573233
0.125 0.625 0.0877144
0.125 0.59375 0.0786205
0.125 0.5625 0.0798561
0.15625 0.5625 0.0488821
0.15625 0.59375 0.0473791
0.125 0.59375 0.0786205
0.15625 0.625 0.0573233
0.15625 0.59375 0.0473791
0.1875 0.59375 0.0161331
0.1875 0.625 0.0270067
0.15625 0.625 0.0573233
0.15625 0.59375 0.0473791
0.15625 0.5625 0.0488821
0.1875 0.5625 0.0179931
0.1875 0.59375 0.0161331
0.15625 0.59375 0.0473791
0.125 0.5625 0.0798561
0.125 0.53125 0.0863875
0.15625 0.53125 0.056321
0.15625 0.5625 0.0488821
0.125 0.5625 0.0798561
0.125 0.53125 0.0863875
0.125 0.5 0.0960734
0.15625 0.5 0.066743
0.15625 0.53125 0.056321
0.125 0.53125 0.0863875
0.15625 0.5625 0.0488821
0.15625 0.53125 0.056321
0.1875 0.53125 0.0264866
0.1875 0.5625 0.0179931
0.15625 0.5625 0.0488821
0.15625 0.53125 0.056321
0.15625 0.5 0.066743
0.1875 0.5 0.0376039
0.1875 0.53125 0.0264866
0.15625 0.53125 0.056321
0.1875 0.625 0.0270067
0.1875 0.59375 0.0161331
0.21875 0.59375 -0.0146615
0.21875 0.625 -0.002633
0.1875 0.625 0.0270067
0.1875 0.59375 0.0161331
0.1875 0.5625 0.0179931
0.21875 0.5625 -0.0122051
0.21875 0.59375 -0.0146615
0.1875 0.59375 0.0161331
0.21875 0.625 -0.002633
0.21875 0.59375 -0.0146615
0.25 0.59375 -0.0437994
0.25 0.625 -0.026959
0.21875 0.625 -0.002633
0.21875 0.59375 -0.0146615
0.21875 0.5625 -0.0122051
0.25 0.5625 -0.04161
0.25 0.59375 -0.0437994
0.21875 0.59375 -0.0146615
0.1875 0.5625 0.0179931
0.1875 0.53125 0.0264866
0.21875 0.53125 -0.00298618
0.21875 0.5625 -0.0122051
0.1875 0.5625 0.0179931
0.1875 0.53125 0.0264866
0.1875 0.5 0.0376039
0.21875 0.5 0.00864304
0.21875 0.53125 -0.00298618
0.1875 0.53125 0.0264866
0.21875 0.5625 -0.0122051
0.21875 0.53125 -0.00298618
0.25 0.53125 -0.0318755
0.25 0.5625 -0.04161
0.21875 0.5625 -0.0122051
0.21875 0.53125 -0.00298618
0.21875 0.5 0.00864304
0.25 0.5 -0.0201582
0.25 0.53125 -0.0318755
0.21875 0.53125 -0.00298618
0.25 1 0.308273
0.25 0.9375 0.25096
0.3125 0.9375 0.226071
0.3125 1 0.283633
0.25 1 0.308273
0.25 0.9375 0.25096
0.25 0.875 0.193725
0.3125 0.875 0.168592
0.3125 0.9375 0.226071
0.25 0.9375 0.25096
0.3125 1 0.283633
0.3125 0.9375 0.226071
0.375 0.9375 0.201697
0.375 1 0.259585
0.3125 1 0.283633
0.3125 0.9375 0.226071
0.3125 0.875 0.168592
0.375 0.875 0.143952
0.375 0.9375 0.201697
0.3125 0.9375 0.226071
0.25 0.875 0.193725
0.25 0.8125 0.136581
0.3125 0.8125 0.111185
0.3125 0.875 0.168592
0.25 0.875 0.193725
0.25 0.8125 0.136581
0.25 0.78125 0.108188
0.28125 0.78125 0.0950181
0.28125 0.8125 0.12365
0.25 0.8125 0.136581
0.25 0.78125 0.108188
0.25 0.75 0.0799327
0.28125 0.75 0.0664067
0.28125 0.78125 0.0950181
0.25 0.78125 0.108188
0.28125 0.8125 0.12365
0.28125 0.78125 0.0950181
0.3125 0.78125 0.0824902
0.3125 0.8125 0.111185
0.28125 0.8125 0.12365
0.28125 0.78125 0.0950181
0.28125 0.75 0.0664067
0.3125 0.75 0.0538015
0.3125 0.78125 0.0824902
0.28125 0.78125 0.0950181
0.3125 0.875 0.168592
0.3125 0.84375 0.139884
0.34375 0.84375 0.127528
0.34375 0.875 0.156255
0.3125 0.875 0.168592
0.3125 0.84375 0.139884
0.3125 0.8125 0.111185
0.34375 0.8125 0.0988168
0.34375 0.84375 0.127528
0.3125 0.84375 0.139884
0.34375 0.875 0.156255
0.34375 0.84375 0.127528
0.375 0.84375 0.115202
0.375 0.875 0.143952
0.34375 0.875 0.156255
0.34375 0.84375 0.127528
0.34375 0.8125 0.0988168
0.375 0.8125 0.0864747
0.375 0.84375 0.115202
0.34375 0.84375 0.127528
0.3125 0.8125 0.111185
0.3125 0.78125 0.0824902
0.34375 0.78125 0.0701093
0.34375 0.8125 0.0988168
0.3125 0.8125 0.111185
0.3125 0.78125 0.0824902
0.3125 0.75 0.0538015
0.34375 0.75 0.0414055
0.34375 0.78125 0.0701093
0.3125 0.78125 0.0824902
0.34375 0.8125 0.0988168
0.34375 0.78125 0.0701093
0.375 0.78125 0.0577583
0.375 0.8125 0.0864747
0.34375 0.8125 0.0988168
0.34375 0.78125 0.0701093
0.34375 0.75 0.0414055
0.375 0.75 0.0290491
0.375 0.78125 0.0577583
0.34375 0.78125 0.0701093
0.375 1 0.259585
0.375 0.9375 0.201697
0.4375 0.9375 0.177919
0.4375 1 0.236538
0.375 1 0.259585
0.375 0.9375 0.201697
0.375 0.875 0.143952
0.4375 0.875 0.119593
0.4375 0.9375 0.177919
0.375 0.9375 0.201697
0.4375 1 0.236538
0.4375 0.9375 0.177919
0.5 0.9375 0.156085
0.5 1 0.216339
0.4375 1 0.236538
0.4375 0.9375 0.177919
0.4375 0.875 0.119593
0.5 0.875 0.0965824
0.5 0.9375 0.156085
0.4375 0.9375 0.177919
0.375 0.875 0.143952
0.375 0.84375 0.115202
0.40625 0.84375 0.102907
0.40625 0.875 0.131706
0.375 0.875 0.143952
0.375 0.84375 0.115202
0.375 0.8125 0.0864747
0.40625 0.8125 0.0741497
0.40625 0.84375 0.102907
0.375 0.84375 0.115202
0.40625 0.875 0.131706
0.40625 0.84375 0.102907
0.4375 0.84375 0.0906888
0.4375 0.875 0.119593
0.40625 0.875 0.131706
0.40625 0.84375 0.102907
0.40625 0.8125 0.0741497
0.4375 0.8125 0.061864
0.4375 0.84375 0.0906888
0.40625 0.84375 0.102907
0.375 0.8125 0.0864747
0.375 0.78125 0.0577583
0.40625 0.78125 0.0454191
0.40625 0.8125 0.0741497
0.375 0.8125 0.0864747
0.375 0.78125 0.0577583
0.375 0.75 0.0290491
0.40625 0.75 0.0167008
0.40625 0.78125 0.0454191
0.375 0.78125 0.0577583
0.40625 0.8125 0.0741497
0.40625 0.78125 0.0454191
0.4375 0.78125 0.033092
0.4375 0.8125 0.061864
0.40625 0.8125 0.0741497
0.40625 0.78125 0.0454191
0.40625 0.75 0.0167008
0.4375 0.75 0.0043567
0.4375 0.78125 0.033092
0.40625 0.78125 0.0454191
0.4375 0.875 0.119593
0.4375 0.84375 0.0906888
0.46875 0.84375 0.0786589
0.46875 0.875 0.107773
0.4375 0.875 0.119593
0.4375 0.84375 0.0906888
0.4375 0.8125 0.061864
0.46875 0.8125 0.0496791
0.46875 0.84375 0.0786589
0.4375 0.84375 0.0906888
0.46875 0.875 0.107773
0.46875 0.84375 0.0786589
0.5 0.84375 0.0670912
0.5 0.875 0.0965824
0.46875 0.875 0.107773
0.46875 0.84375 0.0786589
0.46875 0.8125 0.0496791
0.5 0.8125 0.0377745
0.5 0.84375 0.0670912
0.46875 0.84375 0.0786589
0.4375 0.8125 0.061864
0.4375 0.78125 0.033092
0.46875 0.78125 0.020797
0.46875 0.8125 0.0496791
0.4375 0.8125 0.061864
0.4375 0.78125 0.033092
0.4375 0.75 0.0043567
0.46875 0.75 -0.00796389
0.46875 0.78125 0.020797
0.4375 0.78125 0.033092
0.46875 0.8125 0.0496791
0.46875 0.78125 0.020797
0.5 0.78125 0.00863531
0.5 0.8125 0.0377745
0.46875 0.8125 0.0496791
0.46875 0.78125 0.020797
0.46875 0.75 -0.00796389
0.5 0.75 -0.0201914
0.5 0.78125 0.00863531
0.46875 0.78125 0.020797
0.25 0.75 0.0799327
0.25 0.71875 0.051889
0.28125 0.71875 0.0378407
0.28125 0.75 0.0664067
0.25 0.75 0.0799327
0.25 0.71875 0.051889
0.25 0.6875 0.0241616
0.28125 0.6875 0.0093344
0.28125 0.71875 0.0378407
0.25 0.71875 0.051889
0.28125 0.75 0.0664067
0.28125 0.71875 0.0378407
0.3125 0.71875 0.02512
0.3125 0.75 0.0538015
0.28125 0.75 0.0664067
0.28125 0.71875 0.0378407
0.28125 0.6875 0.0093344
0.3125 0.6875 -0.00354392
0.3125 0.71875 0.02512
0.28125 0.71875 0.0378407
0.25 0.6875 0.0241616
0.25 0.65625 -0.00291857
0.28125 0.65625 -0.0186843
0.28125 0.6875 0.0093344
0.25 0.6875 0.0241616
0.25 0.65625 -0.00291857
0.25 0.625 -0.026959
0.28125 0.625 -0.0456583
0.28125 0.65625 -0.0186843
0.25 0.65625 -0.00291857
0.28125 0.6875 0.0093344
0.28125 0.65625 -0.0186843
0.3125 0.65625 -0.0320499
0.3125 0.6875 -0.00354392
0.28125 0.6875 0.0093344
0.28125 0.65625 -0.0186843
0.28125 0.625 -0.0456583
0.3125 0.625 -0.0602514
0.3125 0.65625 -0.0320499
0.28125 0.65625 -0.0186843
0.3125 0.75 0.0538015
0.3125 0.71875 0.02512
0.34375 0.71875 0.0127032
0.34375 0.75 0.0414055
0.3125 0.75 0.0538015
0.3125 0.71875 0.02512
0.3125 0.6875 -0.00354392
0.34375 0.6875 -0.0159884
0.34375 0.71875 0.0127032
0.3125 0.71875 0.02512
0.34375 0.75 0.0414055
0.34375 0.71875 0.0127032
0.375 0.71875 0.00034212
0.375 0.75 0.0290491
0.34375 0.75 0.0414055
0.34375 0.71875 0.0127032
0.34375 0.6875 -0.0159884
0.375 0.6875 -0.0283607
0.375 0.71875 0.00034212
0.34375 0.71875 0.0127032
0.3125 0.6875 -0.00354392
0.3125 0.65625 -0.0320499
0.34375 0.65625 -0.0446457
0.34375 0.6875 -0.0159884
0.3125 0.6875 -0.00354392
0.3125 0.65625 -0.0320499
0.3125 0.625 -0.0602514
0.34375 0.625 -0.0732227
0.34375 0.65625 -0.0446457
0.3125 0.65625 -0.0320499
0.34375 0.6875 -0.0159884
0.34375 0.65625 -0.0446457
0.375 0.65625 -0.0570554
0.375 0.6875 -0.0283607
0.34375 0.6875 -0.0159884
0.34375 0.65625 -0.0446457
0.34375 0.625 -0.0732227
0.375 0.625 -0.0857301
0.375 0.65625 -0.0570554
0.34375 0.65625 -0.0446457
0.25 0.625 -0.026959
0.25 0.59375 -0.0437994
0.28125 0.59375 -0.0688041
0.28125 0.625 -0.0456583
0.25 0.625 -0.026959
0.25 0.59375 -0.0437994
0.25 0.5625 -0.04161
0.28125 0.5625 -0.0709157
0.28125 0.59375 -0.0688041
0.25 0.59375 -0.0437994
0.28125 0.625 -0.0456583
0.28125 0.59375 -0.0688041
0.3125 0.59375 -0.0874023
0.3125 0.625 -0.0602514
0.28125 0.625 -0.0456583
0.28125 0.59375 -0.0688041
0.28125 0.5625 -0.0709157
0.3125 0.5625 -0.100134
0.3125 0.59375 -0.0874023
0.28125 0.59375 -0.0688041
0.25 0.5625 -0.04161
0.25 0.53125 -0.0318755
0.28125 0.53125 -0.0607321
0.28125 0.5625 -0.0709157
0.25 0.5625 -0.04161
0.25 0.53125 -0.0318755
0.25 0.5 -0.0201582
0.28125 0.5 -0.0489007
0.28125 0.53125 -0.0607321
0.25 0.53125 -0.0318755
0.28125 0.5625 -0.0709157
0.28125 0.53125 -0.0607321
0.3125 0.53125 -0.0895632
0.3125 0.5625 -0.100134
0.28125 0.5625 -0.0709157
0.28125 0.53125 -0.0607321
0.28125 0.5 -0.0489007
0.3125 0.5 -0.0776364
0.3125 0.53125 -0.0895632
0.28125 0.53125 -0.0607321
0.3125 0.625 -0.0602514
0.3125 0.59375 -0.0874023
0.34375 0.59375 -0.101549
0.34375 0.625 -0.0732227
0.3125 0.625 -0.0602514
0.3125 0.59375 -0.0874023
0.3125 0.5625 -0.100134
0.34375 0.5625 -0.125159
0.34375 0.59375 -0.101549
0.3125 0.59375 -0.0874023
0.34375 0.625 -0.0732227
0.34375 0.59375 -0.101549
0.375 0.59375 -0.114347
0.375 0.625 -0.0857301
0.34375 0.625 -0.0732227
0.34375 0.59375 -0.101549
0.34375 0.5625 -0.125159
0.375 0.5625 -0.142127
0.375 0.59375 -0.114347
0.34375 0.59375 -0.101549
0.3125 0.5625 -0.100134
0.3125 0.53125 -0.0895632
0.34375 0.53125 -0.118373
0.34375 0.5625 -0.125159
0.3125 0.5625 -0.100134
0.3125 0.53125 -0.0895632
0.3125 0.5 -0.0776364
0.34375 0.5 -0.106365
0.34375 0.53125 -0.118373
0.3125 0.53125 -0.0895632
0.34375 0.5625 -0.125159
0.34375 0.53125 -0.118373
0.375 0.53125 -0.147151
0.375 0.5625 -0.142127
0.34375 0.5625 -0.125159
0.34375 0.53125 -0.118373
0.34375 0.5 -0.106365
0.375 0.5 -0.135082
0.375 0.53125 -0.147151
0.34375 0.53125 -0.118373
0.375 0.75 0.0290491
0.375 0.71875 0.00034212
0.40625 0.71875 -0.012007
0.40625 0.75 0.0167008
0.375 0.75 0.0290491
0.375 0.71875 0.00034212
0.375 0.6875 -0.0283607
0.40625 0.6875 -0.0407136
0.40625 0.71875 -0.012007
0.375 0.71875 0.00034212
0.40625 0.75 0.0167008
0.40625 0.71875 -0.012007
0.4375 0.71875 -0.0243528
0.4375 0.75 0.0043567
0.40625 0.75 0.0167008
0.40625 0.71875 -0.012007
0.40625 0.6875 -0.0407136
0.4375 0.6875 -0.0530613
0.4375 0.71875 -0.0243528
0.40625 0.71875 -0.012007
0.375 0.6875 -0.0283607
0.375 0.65625 -0.0570554
0.40625 0.65625 -0.0694179
0.40625 0.6875 -0.0407136
0.375 0.6875 -0.0283607
0.375 0.65625 -0.0570554
0.375 0.625 -0.0857301
0.40625 0.625 -0.098117
0.40625 0.65625 -0.0694179
0.375 0.65625 -0.0570554
0.40625 0.6875 -0.0407136
0.40625 0.65625 -0.0694179
0.4375 0.65625 -0.0817692
0.4375 0.6875 -0.0530613
0.40625 0.6875 -0.0407136
0.40625 0.65625 -0.0694179
0.40625 0.625 -0.098117
0.4375 0.625 -0.110475
0.4375 0.65625 -0.0817692
0.40625 0.65625 -0.0694179
0.4375 0.75 0.0043567
0.4375 0.71875 -0.0243528
0.46875 0.71875 -0.0366838
0.46875 0.75 -0.00796389
0.4375 0.75 0.0043567
0.4375 0.71875 -0.0243528
0.4375 0.6875 -0.0530613
0.46875 0.6875 -0.0653989
0.46875 0.71875 -0.0366838
0.4375 0.71875 -0.0243528
0.46875 0.75 -0.00796389
0.46875 0.71875 -0.0366838
0.5 0.71875 -0.0489546
0.5 0.75 -0.0201914
0.46875 0.75 -0.00796389
0.46875 0.71875 -0.0366838
0.46875 0.6875 -0.0653989
0.5 0.6875 -0.0776971
0.5 0.71875 -0.0489546
0.46875 0.71875 -0.0366838
0.4375 0.6875 -0.0530613
0.4375 0.65625 -0.0817692
0.46875 0.65625 -0.0941113
0.46875 0.6875 -0.0653989
0.4375 0.6875 -0.0530613
0.4375 0.65625 -0.0817692
0.4375 0.625 -0.110475
0.46875 0.625 -0.122822
0.46875 0.65625 -0.0941113
0.4375 0.65625 -0.0817692
0.46875 0.6875 -0.0653989
0.46875 0.65625 -0.0941113
0.5 0.65625 -0.106429
0.5 0.6875 -0.0776971
0.46875 0.6875 -0.0653989
0.46875 0.65625 -0.0941113
0.46875 0.625 -0.122822
0.5 0.625 -0.135148
0.5 0.65625 -0.106429
0.46875 0.65625 -0.0941113
0.375 0.625 -0.0857301
0.375 0.59375 -0.114347
0.40625 0.59375 -0.126803
0.40625 0.625 -0.098117
0.375 0.625 -0.0857301
0.375 0.59375 -0.114347
0.375 0.5625 -0.142127
0.40625 0.5625 -0.155351
0.40625 0.59375 -0.126803
0.375 0.59375 -0.114347
0.40625 0.625 -0.098117
0.40625 0.59375 -0.126803
0.4375 0.59375 -0.139176
0.4375 0.625 -0.110475
0.40625 0.625 -0.098117
0.40625 0.59375 -0.126803
0.40625 0.5625 -0.155351
0.4375 0.5625 -0.16785
0.4375 0.59375 -0.139176
0.40625 0.59375 -0.126803
0.375 0.5625 -0.142127
0.375 0.5 -0.135082
0.4375 0.5 -0.192123
0.4375 0.5625 -0.16785
0.375 0.5625 -0.142127
0.4375 0.625 -0.110475
0.4375 0.5625 -0.16785
0.5 0.5625 -0.192604
0.5 0.625 -0.135148
0.4375 0.625 -0.110475
0.4375 0.5625 -0.16785
0.4375 0.5 -0.192123
0.5 0.5 -0.231047
0.5 0.5625 -0.192604
0.4375 0.5625 -0.16785
0 0.5 0.215839
0 0.4375 0.235863
0.0625 0.4375 0.177249
0.0625 0.5 0.1554
0 0.5 0.215839
0 0.4375 0.235863
0 0.375 0.259177
0.0625 0.375 0.201389
0.0625 0.4375 0.177249
0 0.4375 0.235863
0.0625 0.5 0.1554
0.0625 0.4375 0.177249
0.125 0.4375 0.119349
0.125 0.5 0.0960734
0.0625 0.5 0.1554
0.0625 0.4375 0.177249
0.0625 0.375 0.201389
0.125 0.375 0.143885
0.125 0.4375 0.119349
0.0625 0.4375 0.177249
0 0.375 0.259177
0 0.3125 0.283474
0.0625 0.3125 0.225979
0.0625 0.375 0.201389
0 0.375 0.259177
0 0.3125 0.283474
0 0.25 0.308188
0.0625 0.25 0.250872
0.0625 0.3125 0.225979
0 0.3125 0.283474
0.0625 0.375 0.201389
0.0625 0.3125 0.225979
0.125 0.3125 0.168589
0.125 0.375 0.143885
0.0625 0.375 0.201389
0.0625 0.3125 0.225979
0.0625 0.25 0.250872
0.125 0.25 0.193667
0.125 0.3125 0.168589
0.0625 0.3125 0.225979
0.125 0.5 0.0960734
0.125 0.46875 0.107377
0.15625 0.46875 0.0784261
0.15625 0.5 0.066743
0.125 0.5 0.0960734
0.125 0.46875 0.107377
0.125 0.4375 0.119349
0.15625 0.4375 0.090557
0.15625 0.46875 0.0784261
0.125 0.46875 0.107377
0.15625 0.5 0.066743
0.15625 0.46875 0.0784261
0.1875 0.46875 0.0495689
0.1875 0.5 0.0376039
0.15625 0.5 0.066743
0.15625 0.46875 0.0784261
0.15625 0.4375 0.090557
0.1875 0.4375 0.0618026
0.1875 0.46875 0.0495689
0.15625 0.46875 0.0784261
0.125 0.4375 0.119349
0.125 0.40625 0.131575
0.15625 0.40625 0.102841
0.15625 0.4375 0.090557
0.125 0.4375 0.119349
0.125 0.40625 0.131575
0.125 0.375 0.143885
0.15625 0.375 0.11517
0.15625 0.40625 0.102841
0.125 0.40625 0.131575
0.15625 0.4375 0.090557
0.15625 0.40625 0.102841
0.1875 0.40625 0.0741205
0.1875 0.4375 0.0618026
0.15625 0.4375 0.090557
0.15625 0.40625 0.102841
0.15625 0.375 0.11517
0.1875 0.375 0.0864608
0.1875 0.40625 0.0741205
0.15625 0.40625 0.102841
0.1875 0.5 0.0376039
0.1875 0.46875 0.0495689
0.21875 0.46875 0.0207792
0.21875 0.5 0.00864304
0.1875 0.5 0.0376039
0.1875 0.46875 0.0495689
0.1875 0.4375 0.0618026
0.21875 0.4375 0.0330717
0.21875 0.46875 0.0207792
0.1875 0.46875 0.0495689
0.21875 0.5 0.00864304
0.21875 0.46875 0.0207792
0.25 0.46875 -0.00796518
0.25 0.5 -0.0201582
0.21875 0.5 0.00864304
0.21875 0.46875 0.0207792
0.21875 0.4375 0.0330717
0.25 0.4375 0.00435426
0.25 0.46875 -0.00796518
0.21875 0.46875 0.0207792
0.1875 0.4375 0.0618026
0.1875 0.40625 0.0741205
0.21875 0.40625 0.0454077
0.21875 0.4375 0.0330717
0.1875 0.4375 0.0618026
0.1875 0.40625 0.0741205
0.1875 0.375 0.0864608
0.21875 0.375 0.0577549
0.21875 0.40625 0.0454077
0.1875 0.40625 0.0741205
0.21875 0.4375 0.0330717
0.21875 0.40625 0.0454077
0.25 0.40625 0.0166993
0.25 0.4375 0.00435426
0.21875 0.4375 0.0330717
0.21875 0.40625 0.0454077
0.21875 0.375 0.0577549
0.25 0.375 0.0290502
0.25 0.40625 0.0166993
0.21875 0.40625 0.0454077
0.125 0.375 0.143885
0.125 0.34375 0.156223
0.15625 0.34375 0.127519
0.15625 0.375 0.11517
0.125 0.375 0.143885
0.125 0.34375 0.156223
0.125 0.3125 0.168589
0.15625 0.3125 0.139898
0.15625 0.34375 0.127519
0.125 0.34375 0.156223
0.15625 0.375 0.11517
0.15625 0.34375 0.127519
0.1875 0.34375 0.0988187
0.1875 0.375 0.0864608
0.15625 0.375 0.11517
0.15625 0.34375 0.127519
0.15625 0.3125 0.139898
0.1875 0.3125 0.111217
0.1875 0.34375 0.0988187
0.15625 0.34375 0.127519
0.125 0.3125 0.168589
0.125 0.25 0.193667
0.1875 0.25 0.136591
0.1875 0.3125 0.111217
0.125 0.3125 0.168589
0.1875 0.375 0.0864608
0.1875 0.34375 0.0988187
0.21875 0.34375 0.0701217
0.21875 0.375 0.0577549
0.1875 0.375 0.0864608
0.1875 0.34375 0.0988187
0.1875 0.3125 0.111217
0.21875 0.3125 0.0825467
0.21875 0.34375 0.0701217
0.1875 0.34375 0.0988187
0.21875 0.375 0.0577549
0.21875 0.34375 0.0701217
0.25 0.34375 0.0414299
0.25 0.375 0.0290502
0.21875 0.375 0.0577549
0.21875 0.34375 0.0701217
0.21875 0.3125 0.0825467
0.25 0.3125 0.0538962
0.25 0.34375 0.0414299
0.21875 0.34375 0.0701217
0.1875 0.3125 0.111217
0.1875 0.28125 0.123744
0.21875 0.28125 0.0951556
0.21875 0.3125 0.0825467
0.1875 0.3125 0.111217
0.1875 0.28125 0.123744
0.1875 0.25 0.136591
0.21875 0.25 0.108256
0.21875 0.28125 0.0951556
0.1875 0.28125 0.123744
0.21875 0.3125 0.0825467
0.21875 0.28125 0.0951556
0.25 0.28125 0.0666479
0.25 0.3125 0.0538962
0.21875 0.3125 0.0825467
0.21875 0.28125 0.0951556
0.21875 0.25 0.108256
0.25 0.25 0.0801076
0.25 0.28125 0.0666479
0.21875 0.28125 0.0951556
0 0.25 0.308188
0 0.125 0.362325
0.125 0.125 0.251212
0.125 0.25 0.193667
0 0.25 0.308188
0 0.125 0.362325
0 0 0.433195
0.125 0 0.33024
0.125 0.125 0.251212
0 0.125 0.362325
0.125 0.25 0.193667
0.125 0.1875 0.220536
0.1875 0.1875 0.164774
0.1875 0.25 0.136591
0.125 0.25 0.193667
0.125 0.1875 0.220536
0.125 0.125 0.251212
0.1875 0.125 0.199002
0.1875 0.1875 0.164774
0.125 0.1875 0.220536
0.1875 0.25 0.136591
0.1875 0.21875 0.150142
0.21875 0.21875 0.122308
0.21875 0.25 0.108256
0.1875 0.25 0.136591
0.1875 0.21875 0.150142
0.1875 0.1875 0.164774
0.21875 0.1875 0.137802
0.21875 0.21875 0.122308
0.1875 0.21875 0.150142
0.21875 0.25 0.108256
0.21875 0.21875 0.122308
0.25 0.21875 0.0948682
0.25 0.25 0.0801076
0.21875 0.25 0.108256
0.21875 0.21875 0.122308
0.21875 0.1875 0.137802
0.25 0.1875 0.111448
0.25 0.21875 0.0948682
0.21875 0.21875 0.122308
0.1875 0.1875 0.164774
0.1875 0.125 0.199002
0.25 0.125 0.151225
0.25 0.1875 0.111448
0.1875 0.1875 0.164774
0.125 0.125 0.251212
0.125 0.0625 0.286967
0.1875 0.0625 0.239637
0.1875 0.125 0.199002
0.125 0.125 0.251212
0.125 0.0625 0.286967
0.125 0 0.33024
0.1875 0 0.288032
0.1875 0.0625 0.239637
0.125 0.0625 0.286967
0.1875 0.125 0.199002
0.1875 0.0625 0.239637
0.25 0.0625 0.198049
0.25 0.125 0.151225
0.1875 0.125 0.199002
0.1875 0.0625 0.239637
0.1875 0 0.288032
0.25 0 0.251421
0.25 0.0625 0.198049
0.1875 0.0625 0.239637
0.25 0.5 -0.0201582
0.25 0.46875 -0.00796518
0.28125 0.46875 -0.0366789
0.28125 0.5 -0.0489007
0.25 0.5 -0.0201582
0.25 0.46875 -0.00796518
0.25 0.4375 0.00435426
0.28125 0.4375 -0.0243552
0.28125 0.46875 -0.0366789
0.25 0.46875 -0.00796518
0.28125 0.5 -0.0489007
0.28125 0.46875 -0.0366789
0.3125 0.46875 -0.0653893
0.3125 0.5 -0.0776364
0.28125 0.5 -0.0489007
0.28125 0.46875 -0.0366789
0.28125 0.4375 -0.0243552
0.3125 0.4375 -0.0530573
0.3125 0.46875 -0.0653893
0.28125 0.46875 -0.0366789
0.25 0.4375 0.00435426
0.25 0.40625 0.0166993
0.28125 0.40625 -0.0120064
0.28125 0.4375 -0.0243552
0.25 0.4375 0.00435426
0.25 0.40625 0.0166993
0.25 0.375 0.0290502
0.28125 0.375 0.000345889
0.28125 0.40625 -0.0120064
0.25 0.40625 0.0166993
0.28125 0.4375 -0.0243552
0.28125 0.40625 -0.0120064
0.3125 0.40625 -0.0407006
0.3125 0.4375 -0.0530573
0.28125 0.4375 -0.0243552
0.28125 0.40625 -0.0120064
0.28125 0.375 0.000345889
0.3125 0.375 -0.0283212
0.3125 0.40625 -0.0407006
0.28125 0.40625 -0.0120064
0.3125 0.5 -0.0776364
0.3125 0.46875 -0.0653893
0.34375 0.46875 -0.0940928
0.34375 0.5 -0.106365
0.3125 0.5 -0.0776364
0.3125 0.46875 -0.0653893
0.3125 0.4375 -0.0530573
0.34375 0.4375 -0.0817472
0.34375 0.46875 -0.0940928
0.3125 0.46875 -0.0653893
0.34375 0.5 -0.106365
0.34375 0.46875 -0.0940928
0.375 0.46875 -0.122781
0.375 0.5 -0.135082
0.34375 0.5 -0.106365
0.34375 0.46875 -0.0940928
0.34375 0.4375 -0.0817472
0.375 0.4375 -0.110406
0.375 0.46875 -0.122781
0.34375 0.46875 -0.0940928
0.3125 0.4375 -0.0530573
0.3125 0.40625 -0.0407006
0.34375 0.40625 -0.0693641
0.34375 0.4375 -0.0817472
0.3125 0.4375 -0.0530573
0.3125 0.40625 -0.0407006
0.3125 0.375 -0.0283212
0.34375 0.375 -0.0569134
0.34375 0.40625 -0.0693641
0.3125 0.40625 -0.0407006
0.34375 0.4375 -0.0817472
0.34375 0.40625 -0.0693641
0.375 0.40625 -0.0979487
0.375 0.4375 -0.110406
0.34375 0.4375 -0.0817472
0.34375 0.40625 -0.0693641
0.34375 0.375 -0.0569134
0.375 0.375 -0.0853178
0.375 0.40625 -0.0979487
0.34375 0.40625 -0.0693641
0.25 0.375 0.0290502
0.25 0.34375 0.0414299
0.28125 0.34375 0.0127477
0.28125 0.375 0.000345889
0.25 0.375 0.0290502
0.25 0.34375 0.0414299
0.25 0.3125 0.0538962
0.28125 0.3125 0.0252732
0.28125 0.34375 0.0127477
0.25 0.34375 0.0414299
0.28125 0.375 0.000345889
0.28125 0.34375 0.0127477
0.3125 0.34375 -0.0158723
0.3125 0.375 -0.0283212
0.28125 0.375 0.000345889
0.28125 0.34375 0.0127477
0.28125 0.3125 0.0252732
0.3125 0.3125 -0.00328347
0.3125 0.34375 -0.0158723
0.28125 0.34375 0.0127477
0.25 0.3125 0.0538962
0.25 0.28125 0.0666479
0.28125 0.28125 0.0382279
0.28125 0.3125 0.0252732
0.25 0.3125 0.0538962
0.25 0.28125 0.0666479
0.25 0.25 0.0801076
0.28125 0.25 0.0522083
0.28125 0.28125 0.0382279
0.25 0.28125 0.0666479
0.28125 0.3125 0.0252732
0.28125 0.28125 0.0382279
0.3125 0.28125 0.00997044
0.3125 0.3125 -0.00328347
0.28125 0.3125 0.0252732
0.28125 0.28125 0.0382279
0.28125 0.25 0.0522083
0.3125 0.25 0.0247428
0.3125 0.28125 0.00997044
0.28125 0.28125 0.0382279
0.3125 0.375 -0.0283212
0.3125 0.34375 -0.0158723
0.34375 0.34375 -0.0442989
0.34375 0.375 -0.0569134
0.3125 0.375 -0.0283212
0.3125 0.34375 -0.0158723
0.3125 0.3125 -0.00328347
0.34375 0.3125 -0.0312997
0.34375 0.34375 -0.0442989
0.3125 0.34375 -0.0158723
0.34375 0.375 -0.0569134
0.34375 0.34375 -0.0442989
0.375 0.34375 -0.0722822
0.375 0.375 -0.0853178
0.34375 0.375 -0.0569134
0.34375 0.34375 -0.0442989
0.34375 0.3125 -0.0312997
0.375 0.3125 -0.0583734
0.375 0.34375 -0.0722822
0.34375 0.34375 -0.0442989
0.3125 0.3125 -0.00328347
0.3125 0.28125 0.00997044
0.34375 0.28125 -0.017381
0.34375 0.3125 -0.0312997
0.3125 0.3125 -0.00328347
0.3125 0.28125 0.00997044
0.3125 0.25 0.0247428
0.34375 0.25 -0.00193894
0.34375 0.28125 -0.017381
0.3125 0.28125 0.00997044
0.34375 0.3125 -0.0312997
0.34375 0.28125 -0.017381
0.375 0.28125 -0.0428001
0.375 0.3125 -0.0583734
0.34375 0.3125 -0.0312997
0.34375 0.28125 -0.017381
0.34375 0.25 -0.00193894
0.375 0.25 -0.0246383
0.375 0.28125 -0.0428001
0.34375 0.28125 -0.017381
0.375 0.5 -0.135082
0.375 0.4375 -0.110406
0.4375 0.4375 -0.167237
0.4375 0.5 -0.192123
0.375 0.5 -0.135082
0.375 0.4375 -0.110406
0.375 0.40625 -0.0979487
0.40625 0.40625 -0.126323
0.40625 0.4375 -0.13898
0.375 0.4375 -0.110406
0.375 0.40625 -0.0979487
0.375 0.375 -0.0853178
0.40625 0.375 -0.113211
0.40625 0.40625 -0.126323
0.375 0.40625 -0.0979487
0.40625 0.4375 -0.13898
0.40625 0.40625 -0.126323
0.4375 0.40625 -0.153856
0.4375 0.4375 -0.167237
0.40625 0.4375 -0.13898
0.40625 0.40625 -0.126323
0.40625 0.375 -0.113211
0.4375 0.375 -0.139068
0.4375 0.40625 -0.153856
0.40625 0.40625 -0.126323
0.4375 0.5 -0.192123
0.4375 0.4375 -0.167237
0.5 0.4375 -0.192569
0.5 0.5 -0.231047
0.4375 0.5 -0.192123
0.4375 0.4375 -0.167237
0.4375 0.375 -0.139068
0.5 0.375 -0.135128
0.5 0.4375 -0.192569
0.4375 0.4375 -0.167237
0.375 0.375 -0.0853178
0.375 0.34375 -0.0722822
0.40625 0.34375 -0.0991279
0.40625 0.375 -0.113211
0.375 0.375 -0.0853178
0.375 0.34375 -0.0722822
0.375 0.3125 -0.0583734
0.40625 0.3125 -0.0831366
0.40625 0.34375 -0.0991279
0.375 0.34375 -0.0722822
0.40625 0.375 -0.113211
0.40625 0.34375 -0.0991279
0.4375 0.34375 -0.121457
0.4375 0.375 -0.139068
0.40625 0.375 -0.113211
0.40625 0.34375 -0.0991279
0.40625 0.3125 -0.0831366
0.4375 0.3125 -0.0996479
0.4375 0.34375 -0.121457
0.40625 0.34375 -0.0991279
0.375 0.3125 -0.0583734
0.375 0.28125 -0.0428001
0.40625 0.28125 -0.0641634
0.40625 0.3125 -0.0831366
0.375 0.3125 -0.0583734
0.375 0.28125 -0.0428001
0.375 0.25 -0.0246383
0.40625 0.25 -0.0413639
0.40625 0.28125 -0.0641634
0.375 0.28125 -0.0428001
0.40625 0.3125 -0.0831366
0.40625 0.28125 -0.0641634
0.4375 0.28125 -0.0716786
0.4375 0.3125 -0.0996479
0.40625 0.3125 -0.0831366
0.40625 0.28125 -0.0641634
0.40625 0.25 -0.0413639
0.4375 0.25 -0.04227
0.4375 0.28125 -0.0716786
0.40625 0.28125 -0.0641634
0.4375 0.375 -0.139068
0.4375 0.34375 -0.121457
0.46875 0.34375 -0.11854
0.46875 0.375 -0.147252
0.4375 0.375 -0.139068
0.4375 0.34375 -0.121457
0.4375 0.3125 -0.0996479
0.46875 0.3125 -0.0897324
0.46875 0.34375 -0.11854
0.4375 0.34375 -0.121457
0.46875 0.375 -0.147252
0.46875 0.34375 -0.11854
0.5 0.34375 -0.106402
0.5 0.375 -0.135128
0.46875 0.375 -0.147252
0.46875 0.34375 -0.11854
0.46875 0.3125 -0.0897324
0.5 0.3125 -0.077667
0.5 0.34375 -0.106402
0.46875 0.34375 -0.11854
0.4375 0.3125 -0.0996479
0.4375 0.28125 -0.0716786
0.46875 0.28125 -0.0608831
0.46875 0.3125 -0.0897324
0.4375 0.3125 -0.0996479
0.4375 0.28125 -0.0716786
0.4375 0.25 -0.04227
0.46875 0.25 -0.0319813
0.46875 0.28125 -0.0608831
0.4375 0.28125 -0.0716786
0.46875 0.3125 -0.0897324
0.46875 0.28125 -0.0608831
0.5 0.28125 -0.0489207
0.5 0.3125 -0.077667
0.46875 0.3125 -0.0897324
0.46875 0.28125 -0.0608831
0.46875 0.25 -0.0319813
0.5 0.25 -0.0201582
0.5 0.28125 -0.0489207
0.46875 0.28125 -0.0608831
0.25 0.25 0.0801076
0.25 0.21875 0.0948682
0.28125 0.21875 0.067967
0.28125 0.25 0.0522083
0.25 0.25 0.0801076
0.25 0.21875 0.0948682
0.25 0.1875 0.111448
0.28125 0.1875 0.0860654
0.28125 0.21875 0.067967
0.25 0.21875 0.0948682
0.28125 0.25 0.0522083
0.28125 0.21875 0.067967
0.3125 0.21875 0.0419916
0.3125 0.25 0.0247428
0.28125 0.25 0.0522083
0.28125 0.21875 0.067967
0.28125 0.1875 0.0860654
0.3125 0.1875 0.0622816
0.3125 0.21875 0.0419916
0.28125 0.21875 0.067967
0.25 0.1875 0.111448
0.25 0.15625 0.130223
0.28125 0.15625 0.106775
0.28125 0.1875 0.0860654
0.25 0.1875 0.111448
0.25 0.15625 0.130223
0.25 0.125 0.151225
0.28125 0.125 0.129736
0.28125 0.15625 0.106775
0.25 0.15625 0.130223
0.28125 0.1875 0.0860654
0.28125 0.15625 0.106775
0.3125 0.15625 0.0856444
0.3125 0.1875 0.0622816
0.28125 0.1875 0.0860654
0.28125 0.15625 0.106775
0.28125 0.125 0.129736
0.3125 0.125 0.110785
0.3125 0.15625 0.0856444
0.28125 0.15625 0.106775
0.3125 0.25 0.0247428
0.3125 0.21875 0.0419916
0.34375 0.21875 0.0175692
0.34375 0.25 -0.00193894
0.3125 0.25 0.0247428
0.3125 0.21875 0.0419916
0.3125 0.1875 0.0622816
0.34375 0.1875 0.0412813
0.34375 0.21875 0.0175692
0.3125 0.21875 0.0419916
0.34375 0.25 -0.00193894
0.34375 0.21875 0.0175692
0.375 0.21875 -0.00298008
0.375 0.25 -0.0246383
0.34375 0.25 -0.00193894
0.34375 0.21875 0.0175692
0.34375 0.1875 0.0412813
0.375 0.1875 0.0244828
0.375 0.21875 -0.00298008
0.34375 0.21875 0.0175692
0.3125 0.1875 0.0622816
0.3125 0.15625 0.0856444
0.34375 0.15625 0.0674168
0.34375 0.1875 0.0412813
0.3125 0.1875 0.0622816
0.3125 0.15625 0.0856444
0.3125 0.125 0.110785
0.34375 0.125 0.0949474
0.34375 0.15625 0.0674168
0.3125 0.15625 0.0856444
0.34375 0.1875 0.0412813
0.34375 0.15625 0.0674168
0.375 0.15625 0.0536625
0.375 0.1875 0.0244828
0.34375 0.1875 0.0412813
0.34375 0.15625 0.0674168
0.34375 0.125 0.0949474
0.375 0.125 0.0835118
0.375 0.15625 0.0536625
0.34375 0.15625 0.0674168
0.25 0.125 0.151225
0.25 0.0625 0.198049
0.3125 0.0625 0.164968
0.3125 0.125 0.110785
0.25 0.125 0.151225
0.25 0.0625 0.198049
0.25 0 0.251421
0.3125 0 0.22307
0.3125 0.0625 0.164968
0.25 0.0625 0.198049
0.3125 0.125 0.110785
0.3125 0.09375 0.13744
0.34375 0.09375 0.123489
0.34375 0.125 0.0949474
0.3125 0.125 0.110785
0.3125 0.09375 0.13744
0.3125 0.0625 0.164968
0.34375 0.0625 0.152586
0.34375 0.09375 0.123489
0.3125 0.09375 0.13744
0.34375 0.125 0.0949474
0.34375 0.09375 0.123489
0.375 0.09375 0.113731
0.375 0.125 0.0835118
0.34375 0.125 0.0949474
0.34375 0.09375 0.123489
0.34375 0.0625 0.152586
0.375 0.0625 0.144147
0.375 0.09375 0.113731
0.34375 0.09375 0.123489
0.3125 0.0625 0.164968
0.3125 0 0.22307
0.375 0 0.205846
0.375 0.0625 0.144147
0.3125 0.0625 0.164968
0.375 0.25 -0.0246383
0.375 0.21875 -0.00298008
0.40625 0.21875 -0.015052
0.40625 0.25 -0.0413639
0.375 0.25 -0.0246383
0.375 0.21875 -0.00298008
0.375 0.1875 0.0244828
0.40625 0.1875 0.0155328
0.40625 0.21875 -0.015052
0.375 0.21875 -0.00298008
0.40625 0.25 -0.0413639
0.40625 0.21875 -0.015052
0.4375 0.21875 -0.0126251
0.4375 0.25 -0.04227
0.40625 0.25 -0.0413639
0.40625 0.21875 -0.015052
0.40625 0.1875 0.0155328
0.4375 0.1875 0.0177116
0.4375 0.21875 -0.0126251
0.40625 0.21875 -0.015052
0.375 0.1875 0.0244828
0.375 0.15625 0.0536625
0.40625 0.15625 0.0467527
0.40625 0.1875 0.0155328
0.375 0.1875 0.0244828
0.375 0.15625 0.0536625
0.375 0.125 0.0835118
0.40625 0.125 0.0779617
0.40625 0.15625 0.0467527
0.375 0.15625 0.0536625
0.40625 0.1875 0.0155328
0.40625 0.15625 0.0467527
0.4375 0.15625 0.0485597
0.4375 0.1875 0.0177116
0.40625 0.1875 0.0155328
0.40625 0.15625 0.0467527
0.40625 0.125 0.0779617
0.4375 0.125 0.0794988
0.4375 0.15625 0.0485597
0.40625 0.15625 0.0467527
0.4375 0.25 -0.04227
0.4375 0.21875 -0.0126251
0.46875 0.21875 -0.00301188
0.46875 0.25 -0.0319813
0.4375 0.25 -0.04227
0.4375 0.21875 -0.0126251
0.4375 0.1875 0.0177116
0.46875 0.1875 0.0264201
0.46875 0.21875 -0.00301188
0.4375 0.21875 -0.0126251
0.46875 0.25 -0.0319813
0.46875 0.21875 -0.00301188
0.5 0.21875 0.00865143
0.5 0.25 -0.0201582
0.46875 0.25 -0.0319813
0.46875 0.21875 -0.00301188
0.46875 0.1875 0.0264201
0.5 0.1875 0.0376056
0.5 0.21875 0.00865143
0.46875 0.21875 -0.00301188
0.4375 0.1875 0.0177116
0.4375 0.15625 0.0485597
0.46875 0.15625 0.0562083
0.46875 0.1875 0.0264201
0.4375 0.1875 0.0177116
0.4375 0.15625 0.0485597
0.4375 0.125 0.0794988
0.46875 0.125 0.0862297
0.46875 0.15625 0.0562083
0.4375 0.15625 0.0485597
0.46875 0.1875 0.0264201
0.46875 0.15625 0.0562083
0.5 0.15625 0.0667283
0.5 0.1875 0.0376056
0.46875 0.1875 0.0264201
0.46875 0.15625 0.0562083
0.46875 0.125 0.0862297
0.5 0.125 0.0960354
0.5 0.15625 0.0667283
0.46875 0.15625 0.0562083
0.375 0.125 0.0835118
0.375 0.09375 0.113731
0.40625 0.09375 0.109145
0.40625 0.125 0.0779617
0.375 0.125 0.0835118
0.375 0.09375 0.113731
0.375 0.0625 0.144147
0.40625 0.0625 0.1403
0.40625 0.09375 0.109145
0.375 0.09375 0.113731
0.40625 0.125 0.0779617
0.40625 0.09375 0.109145
0.4375 0.09375 0.11047
0.4375 0.125 0.0794988
0.40625 0.125 0.0779617
0.40625 0.09375 0.109145
0.40625 0.0625 0.1403
0.4375 0.0625 0.141458
0.4375 0.09375 0.11047
0.40625 0.09375 0.109145
0.375 0.0625 0.144147
0.375 0 0.205846
0.4375 0 0.203676
0.4375 0.0625 0.141458
0.375 0.0625 0.144147
0.4375 0.125 0.0794988
0.4375 0.09375 0.11047
0.46875 0.09375 0.116444
0.46875 0.125 0.0862297
0.4375 0.125 0.0794988
0.4375 0.09375 0.11047
0.4375 0.0625 0.141458
0.46875 0.0625 0.146797
0.46875 0.09375 0.116444
0.4375 0.09375 0.11047
0.46875 0.125 0.0862297
0.46875 0.09375 0.116444
0.5 0.09375 0.125586
0.5 0.125 0.0960354
0.46875 0.125 0.0862297
0.46875 0.09375 0.116444
0.46875 0.0625 0.146797
0.5 0.0625 0.155303
0.5 0.09375 0.125586
0.46875 0.09375 0.116444
0.4375 0.0625 0.141458
0.4375 0 0.203676
0.5 0 0.215665
0.5 0.0625 0.155303
0.4375 0.0625 0.141458
0.5 1 0.216339
0.5 0.9375 0.156085
0.5625 0.9375 0.141478
0.5625 1 0.203695
0.5 1 0.216339
0.5 0.9375 0.156085
0.5 0.90625 0.126261
0.53125 0.90625 0.116989
0.53125 0.9375 0.147388
0.5 0.9375 0.156085
0.5 0.90625 0.126261
0.5 0.875 0.0965824
0.53125 0.875 0.0867195
0.53125 0.90625 0.116989
0.5 0.90625 0.126261
0.53125 0.9375 0.147388
0.53125 0.90625 0.116989
0.5625 0.90625 0.110499
0.5625 0.9375 0.141478
0.53125 0.9375 0.147388
0.53125 0.90625 0.116989
0.53125 0.875 0.0867195
0.5625 0.875 0.079551
0.5625 0.90625 0.110499
0.53125 0.90625 0.116989
0.5625 1 0.203695
0.5625 0.9375 0.141478
0.625 0.9375 0.14454
0.625 1 0.206161
0.5625 1 0.203695
0.5625 0.9375 0.141478
0.5625 0.90625 0.110499
0.59375 0.90625 0.108733
0.59375 0.9375 0.1399
0.5625 0.9375 0.141478
0.5625 0.90625 0.110499
0.5625 0.875 0.079551
0.59375 0.875 0.0775471
0.59375 0.90625 0.108733
0.5625 0.90625 0.110499
0.59375 0.9375 0.1399
0.59375 0.90625 0.108733
0.625 0.90625 0.114087
0.625 0.9375 0.14454
0.59375 0.9375 0.1399
0.59375 0.90625 0.108733
0.59375 0.875 0.0775471
0.625 0.875 0.0838882
0.625 0.90625 0.114087
0.59375 0.90625 0.108733
0.5 0.875 0.0965824
0.5 0.84375 0.0670912
0.53125 0.84375 0.0565995
0.53125 0.875 0.0867195
0.5 0.875 0.0965824
0.5 0.84375 0.0670912
0.5 0.8125 0.0377745
0.53125 0.8125 0.0266615
0.53125 0.84375 0.0565995
0.5 0.84375 0.0670912
0.53125 0.875 0.0867195
0.53125 0.84375 0.0565995
0.5625 0.84375 0.0486453
0.5625 0.875 0.079551
0.53125 0.875 0.0867195
0.53125 0.84375 0.0565995
0.53125 0.8125 0.0266615
0.5625 0.8125 0.0178009
0.5625 0.84375 0.0486453
0.53125 0.84375 0.0565995
0.5 0.8125 0.0377745
0.5 0.78125 0.00863531
0.53125 0.78125 -0.00300757
0.53125 0.8125 0.0266615
0.5 0.8125 0.0377745
0.5 0.78125 0.00863531
0.5 0.75 -0.0201914
0.53125 0.75 -0.0320505
0.53125 0.78125 -0.00300757
0.5 0.78125 0.00863531
0.53125 0.8125 0.0266615
0.53125 0.78125 -0.00300757
0.5625 0.78125 -0.0126991
0.5625 0.8125 0.0178009
0.53125 0.8125 0.0266615
0.53125 0.78125 -0.00300757
0.53125 0.75 -0.0320505
0.5625 0.75 -0.0425314
0.5625 0.78125 -0.0126991
0.53125 0.78125 -0.00300757
0.5625 0.875 0.079551
0.5625 0.84375 0.0486453
0.59375 0.84375 0.0463414
0.59375 0.875 0.0775471
0.5625 0.875 0.079551
0.5625 0.84375 0.0486453
0.5625 0.8125 0.0178009
0.59375 0.8125 0.015108
0.59375 0.84375 0.0463414
0.5625 0.84375 0.0486453
0.59375 0.875 0.0775471
0.59375 0.84375 0.0463414
0.625 0.84375 0.0540442
0.625 0.875 0.0838882
0.59375 0.875 0.0775471
0.59375 0.84375 0.0463414
0.59375 0.8125 0.015108
0.625 0.8125 0.0247438
0.625 0.84375 0.0540442
0.59375 0.84375 0.0463414
0.5625 0.8125 0.0178009
0.5625 0.78125 -0.0126991
0.59375 0.78125 -0.0157345
0.59375 0.8125 0.015108
0.5625 0.8125 0.0178009
0.5625 0.78125 -0.0126991
0.5625 0.75 -0.0425314
0.59375 0.75 -0.0445732
0.59375 0.78125 -0.0157345
0.5625 0.78125 -0.0126991
0.59375 0.8125 0.015108
0.59375 0.78125 -0.0157345
0.625 0.78125 -0.00334746
0.625 0.8125 0.0247438
0.59375 0.8125 0.015108
0.59375 0.78125 -0.0157345
0.59375 0.75 -0.0445732
0.625 0.75 -0.0270063
0.625 0.78125 -0.00334746
0.59375 0.78125 -0.0157345
0.625 1 0.206161
0.625 0.9375 0.14454
0.6875 0.9375 0.16846
0.6875 1 0.225455
0.625 1 0.206161
0.625 0.9375 0.14454
0.625 0.90625 0.114087
0.65625 0.90625 0.12544
0.65625 0.9375 0.154452
0.625 0.9375 0.14454
0.625 0.90625 0.114087
0.625 0.875 0.0838882
0.65625 0.875 0.0970171
0.65625 0.90625 0.12544
0.625 0.90625 0.114087
0.65625 0.9375 0.154452
0.65625 0.90625 0.12544
0.6875 0.90625 0.141078
0.6875 0.9375 0.16846
0.65625 0.9375 0.154452
0.65625 0.90625 0.12544
0.65625 0.875 0.0970171
0.6875 0.875 0.114556
0.6875 0.90625 0.141078
0.65625 0.90625 0.12544
0.6875 1 0.225455
0.6875 0.9375 0.16846
0.75 0.9375 0.205732
0.75 1 0.257028
0.6875 1 0.225455
0.6875 0.9375 0.16846
0.6875 0.875 0.114556
0.75 0.875 0.157218
0.75 0.9375 0.205732
0.6875 0.9375 0.16846
0.625 0.875 0.0838882
0.625 0.84375 0.0540442
0.65625 0.84375 0.0694147
0.65625 0.875 0.0970171
0.625 0.875 0.0838882
0.625 0.84375 0.0540442
0.625 0.8125 0.0247438
0.65625 0.8125 0.0430072
0.65625 0.84375 0.0694147
0.625 0.84375 0.0540442
0.65625 0.875 0.0970171
0.65625 0.84375 0.0694147
0.6875 0.84375 0.0892146
0.6875 0.875 0.114556
0.65625 0.875 0.0970171
0.65625 0.84375 0.0694147
0.65625 0.8125 0.0430072
0.6875 0.8125 0.0654099
0.6875 0.84375 0.0892146
0.65625 0.84375 0.0694147
0.625 0.8125 0.0247438
0.625 0.78125 -0.00334746
0.65625 0.78125 0.0183907
0.65625 0.8125 0.0430072
0.625 0.8125 0.0247438
0.625 0.78125 -0.00334746
0.625 0.75 -0.0270063
0.65625 0.75 -0.00270952
0.65625 0.78125 0.0183907
0.625 0.78125 -0.00334746
0.65625 0.8125 0.0430072
0.65625 0.78125 0.0183907
0.6875 0.78125 0.0436763
0.6875 0.8125 0.0654099
0.65625 0.8125 0.0430072
0.65625 0.78125 0.0183907
0.65625 0.75 -0.00270952
0.6875 0.75 0.0247113
0.6875 0.78125 0.0436763
0.65625 0.78125 0.0183907
0.6875 0.875 0.114556
0.6875 0.84375 0.0892146
0.71875 0.84375 0.111575
0.71875 0.875 0.135018
0.6875 0.875 0.114556
0.6875 0.84375 0.0892146
0.6875 0.8125 0.0654099
0.71875 0.8125 0.0898077
0.71875 0.84375 0.111575
0.6875 0.84375 0.0892146
0.71875 0.875 0.135018
0.71875 0.84375 0.111575
0.75 0.84375 0.13545
0.75 0.875 0.157218
0.71875 0.875 0.135018
0.71875 0.84375 0.111575
0.71875 0.8125 0.0898077
0.75 0.8125 0.115336
0.75 0.84375 0.13545
0.71875 0.84375 0.111575
0.6875 0.8125 0.0654099
0.6875 0.78125 0.0436763
0.71875 0.78125 0.0700648
0.71875 0.8125 0.0898077
0.6875 0.8125 0.0654099
0.6875 0.78125 0.0436763
0.6875 0.75 0.0247113
0.71875 0.75 0.052683
0.71875 0.78125 0.0700648
0.6875 0.78125 0.0436763
0.71875 0.8125 0.0898077
0.71875 0.78125 0.0700648
0.75 0.78125 0.0970776
0.75 0.8125 0.115336
0.71875 0.8125 0.0898077
0.71875 0.78125 0.0700648
0.71875 0.75 0.052683
0.75 0.75 0.0807932
0.75 0.78125 0.0970776
0.71875 0.78125 0.0700648
0.5 0.75 -0.0201914
0.5 0.71875 -0.0489546
0.53125 0.71875 -0.0609834
0.53125 0.75 -0.0320505
0.5 0.75 -0.0201914
0.5 0.71875 -0.0489546
0.5 0.6875 -0.0776971
0.53125 0.6875 -0.0898363
0.53125 0.71875 -0.0609834
0.5 0.71875 -0.0489546
0.53125 0.75 -0.0320505
0.53125 0.71875 -0.0609834
0.5625 0.71875 -0.072051
0.5625 0.75 -0.0425314
0.53125 0.75 -0.0320505
0.53125 0.71875 -0.0609834
0.53125 0.6875 -0.0898363
0.5625 0.6875 -0.101346
0.5625 0.71875 -0.072051
0.53125 0.71875 -0.0609834
0.5 0.6875 -0.0776971
0.5 0.65625 -0.106429
0.53125 0.65625 -0.118644
0.53125 0.6875 -0.0898363
0.5 0.6875 -0.0776971
0.5 0.65625 -0.106429
0.5 0.625 -0.135148
0.53125 0.625 -0.14741
0.53125 0.65625 -0.118644
0.5 0.65625 -0.106429
0.53125 0.6875 -0.0898363
0.53125 0.65625 -0.118644
0.5625 0.65625 -0.125805
0.5625 0.6875 -0.101346
0.53125 0.6875 -0.0898363
0.53125 0.65625 -0.118644
0.53125 0.625 -0.14741
0.5625 0.625 -0.142254
0.5625 0.65625 -0.125805
0.53125 0.65625 -0.118644
0.5625 0.75 -0.0425314
0.5625 0.71875 -0.072051
0.59375 0.71875 -0.0691682
0.59375 0.75 -0.0445732
0.5625 0.75 -0.0425314
0.5625 0.71875 -0.072051
0.5625 0.6875 -0.101346
0.59375 0.6875 -0.0875076
0.59375 0.71875 -0.0691682
0.5625 0.71875 -0.072051
0.59375 0.75 -0.0445732
0.59375 0.71875 -0.0691682
0.625 0.71875 -0.0456996
0.625 0.75 -0.0270063
0.59375 0.75 -0.0445732
0.59375 0.71875 -0.0691682
0.59375 0.6875 -0.0875076
0.625 0.6875 -0.0602874
0.625 0.71875 -0.0456996
0.59375 0.71875 -0.0691682
0.5625 0.6875 -0.101346
0.5625 0.65625 -0.125805
0.59375 0.65625 -0.101583
0.59375 0.6875 -0.0875076
0.5625 0.6875 -0.101346
0.5625 0.65625 -0.125805
0.5625 0.625 -0.142254
0.59375 0.625 -0.114358
0.59375 0.65625 -0.101583
0.5625 0.65625 -0.125805
0.59375 0.6875 -0.0875076
0.59375 0.65625 -0.101583
0.625 0.65625 -0.0732401
0.625 0.6875 -0.0602874
0.59375 0.6875 -0.0875076
0.59375 0.65625 -0.101583
0.59375 0.625 -0.114358
0.625 0.625 -0.0857363
0.625 0.65625 -0.0732401
0.59375 0.65625 -0.101583
0.5 0.625 -0.135148
0.5 0.5625 -0.192604
0.5625 0.5625 -0.16792
0.5625 0.625 -0.142254
0.5 0.625 -0.135148
0.5 0.5625 -0.192604
0.5 0.5 -0.231047
0.5625 0.5 -0.187039
0.5625 0.5625 -0.16792
0.5 0.5625 -0.192604
0.5625 0.625 -0.142254
0.5625 0.59375 -0.155364
0.59375 0.59375 -0.126807
0.59375 0.625 -0.114358
0.5625 0.625 -0.142254
0.5625 0.59375 -0.155364
0.5625 0.5625 -0.16792
0.59375 0.5625 -0.139184
0.59375 0.59375 -0.126807
0.5625 0.59375 -0.155364
0.59375 0.625 -0.114358
0.59375 0.59375 -0.126807
0.625 0.59375 -0.0981201
0.625 0.625 -0.0857363
0.59375 0.625 -0.114358
0.59375 0.59375 -0.126807
0.59375 0.5625 -0.139184
0.625 0.5625 -0.110474
0.625 0.59375 -0.0981201
0.59375 0.59375 -0.126807
0.5625 0.5625 -0.16792
0.5625 0.5 -0.187039
0.625 0.5 -0.135123
0.625 0.5625 -0.110474
0.5625 0.5625 -0.16792
0.625 0.75 -0.0270063
0.625 0.71875 -0.0456996
0.65625 0.71875 -0.0187314
0.65625 0.75 -0.00270952
0.625 0.75 -0.0270063
0.625 0.71875 -0.0456996
0.625 0.6875 -0.0602874
0.65625 0.6875 -0.0320789
0.65625 0.71875 -0.0187314
0.625 0.71875 -0.0456996
0.65625 0.75 -0.00270952
0.65625 0.71875 -0.0187314
0.6875 0.71875 0.00926419
0.6875 0.75 0.0247113
0.65625 0.75 -0.00270952
0.65625 0.71875 -0.0187314
0.65625 0.6875 -0.0320789
0.6875 0.6875 -0.00356396
0.6875 0.71875 0.00926419
0.65625 0.71875 -0.0187314
0.625 0.6875 -0.0602874
0.625 0.65625 -0.0732401
0.65625 0.65625 -0.0446572
0.65625 0.6875 -0.0320789
0.625 0.6875 -0.0602874
0.625 0.65625 -0.0732401
0.625 0.625 -0.0857363
0.65625 0.625 -0.0570589
0.65625 0.65625 -0.0446572
0.625 0.65625 -0.0732401
0.65625 0.6875 -0.0320789
0.65625 0.65625 -0.0446572
0.6875 0.65625 -0.0159952
0.6875 0.6875 -0.00356396
0.65625 0.6875 -0.0320789
0.65625 0.65625 -0.0446572
0.65625 0.625 -0.0570589
0.6875 0.625 -0.0283623
0.6875 0.65625 -0.0159952
0.65625 0.65625 -0.0446572
0.6875 0.75 0.0247113
0.6875 0.71875 0.00926419
0.71875 0.71875 0.0378595
0.71875 0.75 0.052683
0.6875 0.75 0.0247113
0.6875 0.71875 0.00926419
0.6875 0.6875 -0.00356396
0.71875 0.6875 0.0251106
0.71875 0.71875 0.0378595
0.6875 0.71875 0.00926419
0.71875 0.75 0.052683
0.71875 0.71875 0.0378595
0.75 0.71875 0.0664734
0.75 0.75 0.0807932
0.71875 0.75 0.052683
0.71875 0.71875 0.0378595
0.71875 0.6875 0.0251106
0.75 0.6875 0.0538035
0.75 0.71875 0.0664734
0.71875 0.71875 0.0378595
0.6875 0.6875 -0.00356396
0.6875 0.65625 -0.0159952
0.71875 0.65625 0.0126993
0.71875 0.6875 0.0251106
0.6875 0.6875 -0.00356396
0.6875 0.65625 -0.0159952
0.6875 0.625 -0.0283623
0.71875 0.625 0.000341892
0.71875 0.65625 0.0126993
0.6875 0.65625 -0.0159952
0.71875 0.6875 0.0251106
0.71875 0.65625 0.0126993
0.75 0.65625 0.0414041
0.75 0.6875 0.0538035
0.71875 0.6875 0.0251106
0.71875 0.65625 0.0126993
0.71875 0.625 0.000341892
0.75 0.625 0.0290502
0.75 0.65625 0.0414041
0.71875 0.65625 0.0126993
0.625 0.625 -0.0857363
0.625 0.59375 -0.0981201
0.65625 0.59375 -0.0694195
0.65625 0.625 -0.0570589
0.625 0.625 -0.0857363
0.625 0.59375 -0.0981201
0.625 0.5625 -0.110474
0.65625 0.5625 -0.0817672
0.65625 0.59375 -0.0694195
0.625 0.59375 -0.0981201
0.65625 0.625 -0.0570589
0.65625 0.59375 -0.0694195
0.6875 0.59375 -0.0407138
0.6875 0.625 -0.0283623
0.65625 0.625 -0.0570589
0.65625 0.59375 -0.0694195
0.65625 0.5625 -0.0817672
0.6875 0.5625 -0.0530567
0.6875 0.59375 -0.0407138
0.65625 0.59375 -0.0694195
0.625 0.5625 -0.110474
0.625 0.53125 -0.122814
0.65625 0.53125 -0.0940987
0.65625 0.5625 -0.0817672
0.625 0.5625 -0.110474
0.625 0.53125 -0.122814
0.625 0.5 -0.135123
0.65625 0.5 -0.106384
0.65625 0.53125 -0.0940987
0.625 0.53125 -0.122814
0.65625 0.5625 -0.0817672
0.65625 0.53125 -0.0940987
0.6875 0.53125 -0.0653791
0.6875 0.5625 -0.0530567
0.65625 0.5625 -0.0817672
0.65625 0.53125 -0.0940987
0.65625 0.5 -0.106384
0.6875 0.5 -0.0776324
0.6875 0.53125 -0.0653791
0.65625 0.53125 -0.0940987
0.6875 0.625 -0.0283623
0.6875 0.59375 -0.0407138
0.71875 0.59375 -0.0120051
0.71875 0.625 0.000341892
0.6875 0.625 -0.0283623
0.6875 0.59375 -0.0407138
0.6875 0.5625 -0.0530567
0.71875 0.5625 -0.0243453
0.71875 0.59375 -0.0120051
0.6875 0.59375 -0.0407138
0.71875 0.625 0.000341892
0.71875 0.59375 -0.0120051
0.75 0.59375 0.0167063
0.75 0.625 0.0290502
0.71875 0.625 0.000341892
0.71875 0.59375 -0.0120051
0.71875 0.5625 -0.0243453
0.75 0.5625 0.00437006
0.75 0.59375 0.0167063
0.71875 0.59375 -0.0120051
0.6875 0.5625 -0.0530567
0.6875 0.53125 -0.0653791
0.71875 0.53125 -0.0366535
0.71875 0.5625 -0.0243453
0.6875 0.5625 -0.0530567
0.6875 0.53125 -0.0653791
0.6875 0.5 -0.0776324
0.71875 0.5 -0.048859
0.71875 0.53125 -0.0366535
0.6875 0.53125 -0.0653791
0.71875 0.5625 -0.0243453
0.71875 0.53125 -0.0366535
0.75 0.53125 -0.00791714
0.75 0.5625 0.00437006
0.71875 0.5625 -0.0243453
0.71875 0.53125 -0.0366535
0.71875 0.5 -0.048859
0.75 0.5 -0.0200531
0.75 0.53125 -0.00791714
0.71875 0.53125 -0.0366535
0.75 1 0.257028
0.75 0.9375 0.205732
0.8125 0.9375 0.250366
0.8125 1 0.296749
0.75 1 0.257028
0.75 0.9375 0.205732
0.75 0.875 0.157218
0.8125 0.875 0.207001
0.8125 0.9375 0.250366
0.75 0.9375 0.205732
0.8125 1 0.296749
0.8125 0.9375 0.250366
0.875 0.9375 0.298355
0.875 1 0.340619
0.8125 1 0.296749
0.8125 0.9375 0.250366
0.8125 0.875 0.207001
0.875 0.875 0.259046
0.875 0.9375 0.298355
0.8125 0.9375 0.250366
0.75 0.875 0.157218
0.75 0.8125 0.115336
0.8125 0.8125 0.168476
0.8125 0.875 0.207001
0.75 0.875 0.157218
0.75 0.8125 0.115336
0.75 0.78125 0.0970776
0.78125 0.78125 0.12448
0.78125 0.8125 0.14168
0.75 0.8125 0.115336
0.75 0.78125 0.0970776
0.75 0.75 0.0807932
0.78125 0.75 0.109018
0.78125 0.78125 0.12448
0.75 0.78125 0.0970776
0.78125 0.8125 0.14168
0.78125 0.78125 0.12448
0.8125 0.78125 0.152139
0.8125 0.8125 0.168476
0.78125 0.8125 0.14168
0.78125 0.78125 0.12448
0.78125 0.75 0.109018
0.8125 0.75 0.137328
0.8125 0.78125 0.152139
0.78125 0.78125 0.12448
0.8125 0.875 0.207001
0.8125 0.8125 0.168476
0.875 0.8125 0.224119
0.875 0.875 0.259046
0.8125 0.875 0.207001
0.8125 0.8125 0.168476
0.8125 0.75 0.137328
0.875 0.75 0.194505
0.875 0.8125 0.224119
0.8125 0.8125 0.168476
0.875 1 0.340619
0.875 0.875 0.259046
1 0.875 0.370737
1 1 0.442747
0.875 1 0.340619
0.875 0.875 0.259046
0.875 0.75 0.194505
1 0.75 0.30936
1 0.875 0.370737
0.875 0.875 0.259046
0.75 0.75 0.0807932
0.75 0.71875 0.0664734
0.78125 0.71875 0.0951019
0.78125 0.75 0.109018
0.75 0.75 0.0807932
0.75 0.71875 0.0664734
0.75 0.6875 0.0538035
0.78125 0.6875 0.0824998
0.78125 0.71875 0.0951019
0.75 0.71875 0.0664734
0.78125 0.75 0.109018
0.78125 0.71875 0.0951019
0.8125 0.71875 0.123754
0.8125 0.75 0.137328
0.78125 0.75 0.109018
0.78125 0.71875 0.0951019
0.78125 0.6875 0.0824998
0.8125 0.6875 0.111201
0.8125 0.71875 0.123754
0.78125 0.71875 0.0951019
0.75 0.6875 0.0538035
0.75 0.65625 0.0414041
0.78125 0.65625 0.0701124
0.78125 0.6875 0.0824998
0.75 0.6875 0.0538035
0.75 0.65625 0.0414041
0.75 0.625 0.0290502
0.78125 0.625 0.0577642
0.78125 0.65625 0.0701124
0.75 0.65625 0.0414041
0.78125 0.6875 0.0824998
0.78125 0.65625 0.0701124
0.8125 0.65625 0.0988277
0.8125 0.6875 0.111201
0.78125 0.6875 0.0824998
0.78125 0.65625 0.0701124
0.78125 0.625 0.0577642
0.8125 0.625 0.0864912
0.8125 0.65625 0.0988277
0.78125 0.65625 0.0701124
0.8125 0.75 0.137328
0.8125 0.6875 0.111201
0.875 0.6875 0.16863
0.875 0.75 0.194505
0.8125 0.75 0.137328
0.8125 0.6875 0.111201
0.8125 0.65625 0.0988277
0.84375 0.65625 0.127554
0.84375 0.6875 0.139909
0.8125 0.6875 0.111201
0.8125 0.65625 0.0988277
0.8125 0.625 0.0864912
0.84375 0.625 0.115244
0.84375 0.65625 0.127554
0.8125 0.65625 0.0988277
0.84375 0.6875 0.139909
0.84375 0.65625 0.127554
0.875 0.65625 0.156301
0.875 0.6875 0.16863
0.84375 0.6875 0.139909
0.84375 0.65625 0.127554
0.84375 0.625 0.115244
0.875 0.625 0.144039
0.875 0.65625 0.156301
0.84375 0.65625 0.127554
0.75 0.625 0.0290502
0.75 0.59375 0.0167063
0.78125 0.59375 0.0454316
0.78125 0.625 0.0577642
0.75 0.625 0.0290502
0.75 0.59375 0.0167063
0.75 0.5625 0.00437006
0.78125 0.5625 0.0331283
0.78125 0.59375 0.0454316
0.75 0.59375 0.0167063
0.78125 0.625 0.0577642
0.78125 0.59375 0.0454316
0.8125 0.59375 0.0741885
0.8125 0.625 0.0864912
0.78125 0.625 0.0577642
0.78125 0.59375 0.0454316
0.78125 0.5625 0.0331283
0.8125 0.5625 0.0619587
0.8125 0.59375 0.0741885
0.78125 0.59375 0.0454316
0.75 0.5625 0.00437006
0.75 0.53125 -0.00791714
0.78125 0.53125 0.0209089
0.78125 0.5625 0.0331283
0.75 0.5625 0.00437006
0.75 0.53125 -0.00791714
0.75 0.5 -0.0200531
0.78125 0.5 0.00888499
0.78125 0.53125 0.0209089
0.75 0.53125 -0.00791714
0.78125 0.5625 0.0331283
0.78125 0.53125 0.0209089
0.8125 0.53125 0.0499022
0.8125 0.5625 0.0619587
0.78125 0.5625 0.0331283
0.78125 0.53125 0.0209089
0.78125 0.5 0.00888499
0.8125 0.5 0.0382487
0.8125 0.53125 0.0499022
0.78125 0.53125 0.0209089
0.8125 0.625 0.0864912
0.8125 0.59375 0.0741885
0.84375 0.59375 0.103002
0.84375 0.625 0.115244
0.8125 0.625 0.0864912
0.8125 0.59375 0.0741885
0.8125 0.5625 0.0619587
0.84375 0.5625 0.0909023
0.84375 0.59375 0.103002
0.8125 0.59375 0.0741885
0.84375 0.625 0.115244
0.84375 0.59375 0.103002
0.875 0.59375 0.131896
0.875 0.625 0.144039
0.84375 0.625 0.115244
0.84375 0.59375 0.103002
0.84375 0.5625 0.0909023
0.875 0.5625 0.119988
0.875 0.59375 0.131896
0.84375 0.59375 0.103002
0.8125 0.5625 0.0619587
0.8125 0.53125 0.0499022
0.84375 0.53125 0.0791106
0.84375 0.5625 0.0909023
0.8125 0.5625 0.0619587
0.8125 0.53125 0.0499022
0.8125 0.5 0.0382487
0.84375 0.5 0.0679641
0.84375 0.53125 0.0791106
0.8125 0.53125 0.0499022
0.84375 0.5625 0.0909023
0.84375 0.53125 0.0791106
0.875 0.53125 0.108534
0.875 0.5625 0.119988
0.84375 0.5625 0.0909023
0.84375 0.53125 0.0791106
0.84375 0.5 0.0679641
0.875 0.5 0.0979208
0.875 0.53125 0.108534
0.84375 0.53125 0.0791106
0.875 0.75 0.194505
0.875 0.6875 0.16863
0.9375 0.6875 0.226303
0.9375 0.75 0.251777
0.875 0.75 0.194505
0.875 0.6875 0.16863
0.875 0.625 0.144039
0.9375 0.625 0.202037
0.9375 0.6875 0.226303
0.875 0.6875 0.16863
0.9375 0.75 0.251777
0.9375 0.6875 0.226303
1 0.6875 0.284429
1 0.75 0.30936
0.9375 0.75 0.251777
0.9375 0.6875 0.226303
0.9375 0.625 0.202037
1 0.625 0.260822
1 0.6875 0.284429
0.9375 0.6875 0.226303
0.875 0.625 0.144039
0.875 0.5625 0.119988
0.9375 0.5625 0.178893
0.9375 0.625 0.202037
0.875 0.625 0.144039
0.875 0.5625 0.119988
0.875 0.5 0.0979208
0.9375 0.5 0.158259
0.9375 0.5625 0.178893
0.875 0.5625 0.119988
0.9375 0.625 0.202037
0.9375 0.5625 0.178893
1 0.5625 0.238836
1 0.625 0.260822
0.9375 0.625 0.202037
0.9375 0.5625 0.178893
0.9375 0.5 0.158259
1 0.5 0.219792
1 0.5625 0.238836
0.9375 0.5625 0.178893
0.5 0.5 -0.231047
0.5 0.4375 -0.192569
0.5625 0.4375 -0.166892
0.5625 0.5 -0.187039
0.5 0.5 -0.231047
0.5 0.4375 -0.192569
0.5 0.375 -0.135128
0.5625 0.375 -0.110424
0.5625 0.4375 -0.166892
0.5 0.4375 -0.192569
0.5625 0.5 -0.187039
0.5625 0.4375 -0.166892
0.625 0.4375 -0.137763
0.625 0.5 -0.135123
0.5625 0.5 -0.187039
0.5625 0.4375 -0.166892
0.5625 0.40625 -0.138948
0.59375 0.40625 -0.126345
0.59375 0.4375 -0.153248
0.5625 0.4375 -0.166892
0.5625 0.40625 -0.138948
0.5625 0.375 -0.110424
0.59375 0.375 -0.0979903
0.59375 0.40625 -0.126345
0.5625 0.40625 -0.138948
0.59375 0.4375 -0.153248
0.59375 0.40625 -0.126345
0.625 0.40625 -0.113191
0.625 0.4375 -0.137763
0.59375 0.4375 -0.153248
0.59375 0.40625 -0.126345
0.59375 0.375 -0.0979903
0.625 0.375 -0.0854122
0.625 0.40625 -0.113191
0.59375 0.40625 -0.126345
0.5 0.375 -0.135128
0.5 0.34375 -0.106402
0.53125 0.34375 -0.0941042
0.53125 0.375 -0.122804
0.5 0.375 -0.135128
0.5 0.34375 -0.106402
0.5 0.3125 -0.077667
0.53125 0.3125 -0.0653935
0.53125 0.34375 -0.0941042
0.5 0.34375 -0.106402
0.53125 0.375 -0.122804
0.53125 0.34375 -0.0941042
0.5625 0.34375 -0.0817567
0.5625 0.375 -0.110424
0.53125 0.375 -0.122804
0.53125 0.34375 -0.0941042
0.53125 0.3125 -0.0653935
0.5625 0.3125 -0.0530592
0.5625 0.34375 -0.0817567
0.53125 0.34375 -0.0941042
0.5 0.3125 -0.077667
0.5 0.28125 -0.0489207
0.53125 0.28125 -0.036679
0.53125 0.3125 -0.0653935
0.5 0.3125 -0.077667
0.5 0.28125 -0.0489207
0.5 0.25 -0.0201582
0.53125 0.25 -0.00796073
0.53125 0.28125 -0.036679
0.5 0.28125 -0.0489207
0.53125 0.3125 -0.0653935
0.53125 0.28125 -0.036679
0.5625 0.28125 -0.0243525
0.5625 0.3125 -0.0530592
0.53125 0.3125 -0.0653935
0.53125 0.28125 -0.036679
0.53125 0.25 -0.00796073
0.5625 0.25 0.0043565
0.5625 0.28125 -0.0243525
0.53125 0.28125 -0.036679
0.5625 0.375 -0.110424
0.5625 0.34375 -0.0817567
0.59375 0.34375 -0.0693847
0.59375 0.375 -0.0979903
0.5625 0.375 -0.110424
0.5625 0.34375 -0.0817567
0.5625 0.3125 -0.0530592
0.59375 0.3125 -0.0407095
0.59375 0.34375 -0.0693847
0.5625 0.34375 -0.0817567
0.59375 0.375 -0.0979903
0.59375 0.34375 -0.0693847
0.625 0.34375 -0.0569728
0.625 0.375 -0.0854122
0.59375 0.375 -0.0979903
0.59375 0.34375 -0.0693847
0.59375 0.3125 -0.0407095
0.625 0.3125 -0.028352
0.625 0.34375 -0.0569728
0.59375 0.34375 -0.0693847
0.5625 0.3125 -0.0530592
0.5625 0.28125 -0.0243525
0.59375 0.28125 -0.0120074
0.59375 0.3125 -0.0407095
0.5625 0.3125 -0.0530592
0.5625 0.28125 -0.0243525
0.5625 0.25 0.0043565
0.59375 0.25 0.0166997
0.59375 0.28125 -0.0120074
0.5625 0.28125 -0.0243525
0.59375 0.3125 -0.0407095
0.59375 0.28125 -0.0120074
0.625 0.28125 0.000342011
0.625 0.3125 -0.028352
0.59375 0.3125 -0.0407095
0.59375 0.28125 -0.0120074
0.59375 0.25 0.0166997
0.625 0.25 0.0290477
0.625 0.28125 0.000342011
0.59375 0.28125 -0.0120074
0.625 0.5 -0.135123
0.625 0.46875 -0.145888
0.65625 0.46875 -0.118525
0.65625 0.5 -0.106384
0.625 0.5 -0.135123
0.625 0.46875 -0.145888
0.625 0.4375 -0.137763
0.65625 0.4375 -0.119208
0.65625 0.46875 -0.118525
0.625 0.46875 -0.145888
0.65625 0.5 -0.106384
0.65625 0.46875 -0.118525
0.6875 0.46875 -0.0896638
0.6875 0.5 -0.0776324
0.65625 0.5 -0.106384
0.65625 0.46875 -0.118525
0.65625 0.4375 -0.119208
0.6875 0.4375 -0.0966817
0.6875 0.46875 -0.0896638
0.65625 0.46875 -0.118525
0.625 0.4375 -0.137763
0.625 0.40625 -0.113191
0.65625 0.40625 -0.0990355
0.65625 0.4375 -0.119208
0.625 0.4375 -0.137763
0.625 0.40625 -0.113191
0.625 0.375 -0.0854122
0.65625 0.375 -0.0724689
0.65625 0.40625 -0.0990355
0.625 0.40625 -0.113191
0.65625 0.4375 -0.119208
0.65625 0.40625 -0.0990355
0.6875 0.40625 -0.082744
0.6875 0.4375 -0.0966817
0.65625 0.4375 -0.119208
0.65625 0.40625 -0.0990355
0.65625 0.375 -0.0724689
0.6875 0.375 -0.0586312
0.6875 0.40625 -0.082744
0.65625 0.40625 -0.0990355
0.6875 0.5 -0.0776324
0.6875 0.46875 -0.0896638
0.71875 0.46875 -0.0607428
0.71875 0.5 -0.048859
0.6875 0.5 -0.0776324
0.6875 0.46875 -0.0896638
0.6875 0.4375 -0.0966817
0.71875 0.4375 -0.0705754
0.71875 0.46875 -0.0607428
0.6875 0.46875 -0.0896638
0.71875 0.5 -0.048859
0.71875 0.46875 -0.0607428
0.75 0.46875 -0.0317257
0.75 0.5 -0.0200531
0.71875 0.5 -0.048859
0.71875 0.46875 -0.0607428
0.71875 0.4375 -0.0705754
0.75 0.4375 -0.0418448
0.75 0.46875 -0.0317257
0.71875 0.46875 -0.0607428
0.6875 0.4375 -0.0966817
0.6875 0.40625 -0.082744
0.71875 0.40625 -0.0629589
0.71875 0.4375 -0.0705754
0.6875 0.4375 -0.0966817
0.6875 0.40625 -0.082744
0.6875 0.375 -0.0586312
0.71875 0.375 -0.0428956
0.71875 0.40625 -0.0629589
0.6875 0.40625 -0.082744
0.71875 0.4375 -0.0705754
0.71875 0.40625 -0.0629589
0.75 0.40625 -0.0394292
0.75 0.4375 -0.0418448
0.71875 0.4375 -0.0705754
0.71875 0.40625 -0.0629589
0.71875 0.375 -0.0428956
0.75 0.375 -0.024375
0.75 0.40625 -0.0394292
0.71875 0.40625 -0.0629589
0.625 0.375 -0.0854122
0.625 0.34375 -0.0569728
0.65625 0.34375 -0.0444536
0.65625 0.375 -0.0724689
0.625 0.375 -0.0854122
0.625 0.34375 -0.0569728
0.625 0.3125 -0.028352
0.65625 0.3125 -0.0159789
0.65625 0.34375 -0.0444536
0.625 0.34375 -0.0569728
0.65625 0.375 -0.0724689
0.65625 0.34375 -0.0444536
0.6875 0.34375 -0.0316822
0.6875 0.375 -0.0586312
0.65625 0.375 -0.0724689
0.65625 0.34375 -0.0444536
0.65625 0.3125 -0.0159789
0.6875 0.3125 -0.00353298
0.6875 0.34375 -0.0316822
0.65625 0.34375 -0.0444536
0.625 0.3125 -0.028352
0.625 0.28125 0.000342011
0.65625 0.28125 0.0127052
0.65625 0.3125 -0.0159789
0.625 0.3125 -0.028352
0.625 0.28125 0.000342011
0.625 0.25 0.0290477
0.65625 0.25 0.0414049
0.65625 0.28125 0.0127052
0.625 0.28125 0.000342011
0.65625 0.3125 -0.0159789
0.65625 0.28125 0.0127052
0.6875 0.28125 0.025115
0.6875 0.3125 -0.00353298
0.65625 0.3125 -0.0159789
0.65625 0.28125 0.0127052
0.65625 0.25 0.0414049
0.6875 0.25 0.053793
0.6875 0.28125 0.025115
0.65625 0.28125 0.0127052
0.6875 0.375 -0.0586312
0.6875 0.34375 -0.0316822
0.71875 0.34375 -0.0183627
0.71875 0.375 -0.0428956
0.6875 0.375 -0.0586312
0.6875 0.34375 -0.0316822
0.6875 0.3125 -0.00353298
0.71875 0.3125 0.00941378
0.71875 0.34375 -0.0183627
0.6875 0.34375 -0.0316822
0.71875 0.375 -0.0428956
0.71875 0.34375 -0.0183627
0.75 0.34375 -0.00303654
0.75 0.375 -0.024375
0.71875 0.375 -0.0428956
0.71875 0.34375 -0.0183627
0.71875 0.3125 0.00941378
0.75 0.3125 0.0238319
0.75 0.34375 -0.00303654
0.71875 0.34375 -0.0183627
0.6875 0.3125 -0.00353298
0.6875 0.28125 0.025115
0.71875 0.28125 0.0378305
0.71875 0.3125 0.00941378
0.6875 0.3125 -0.00353298
0.6875 0.28125 0.025115
0.6875 0.25 0.053793
0.71875 0.25 0.0663671
0.71875 0.28125 0.0378305
0.6875 0.28125 0.025115
0.71875 0.3125 0.00941378
0.71875 0.28125 0.0378305
0.75 0.28125 0.0514961
0.75 0.3125 0.0238319
0.71875 0.3125 0.00941378
0.71875 0.28125 0.0378305
0.71875 0.25 0.0663671
0.75 0.25 0.079561
0.75 0.28125 0.0514961
0.71875 0.28125 0.0378305
0.5 0.25 -0.0201582
0.5 0.21875 0.00865143
0.53125 0.21875 0.0207854
0.53125 0.25 -0.00796073
0.5 0.25 -0.0201582
0.5 0.21875 0.00865143
0.5 0.1875 0.0376056
0.53125 0.1875 0.0495754
0.53125 0.21875 0.0207854
0.5 0.21875 0.00865143
0.53125 0.25 -0.00796073
0.53125 0.21875 0.0207854
0.5625 0.21875 0.0330745
0.5625 0.25 0.0043565
0.53125 0.25 -0.00796073
0.53125 0.21875 0.0207854
0.53125 0.1875 0.0495754
0.5625 0.1875 0.0618062
0.5625 0.21875 0.0330745
0.53125 0.21875 0.0207854
0.5 0.1875 0.0376056
0.5 0.15625 0.0667283
0.53125 0.15625 0.0784303
0.53125 0.1875 0.0495754
0.5 0.1875 0.0376056
0.5 0.15625 0.0667283
0.5 0.125 0.0960354
0.53125 0.125 0.107375
0.53125 0.15625 0.0784303
0.5 0.15625 0.0667283
0.53125 0.1875 0.0495754
0.53125 0.15625 0.0784303
0.5625 0.15625 0.0905612
0.5625 0.1875 0.0618062
0.53125 0.1875 0.0495754
0.53125 0.15625 0.0784303
0.53125 0.125 0.107375
0.5625 0.125 0.119353
0.5625 0.15625 0.0905612
0.53125 0.15625 0.0784303
0.5625 0.25 0.0043565
0.5625 0.21875 0.0330745
0.59375 0.21875 0.0454091
0.59375 0.25 0.0166997
0.5625 0.25 0.0043565
0.5625 0.21875 0.0330745
0.5625 0.1875 0.0618062
0.59375 0.1875 0.0741226
0.59375 0.21875 0.0454091
0.5625 0.21875 0.0330745
0.59375 0.25 0.0166997
0.59375 0.21875 0.0454091
0.625 0.21875 0.0577539
0.625 0.25 0.0290477
0.59375 0.25 0.0166997
0.59375 0.21875 0.0454091
0.59375 0.1875 0.0741226
0.625 0.1875 0.0864618
0.625 0.21875 0.0577539
0.59375 0.21875 0.0454091
0.5625 0.1875 0.0618062
0.5625 0.15625 0.0905612
0.59375 0.15625 0.102844
0.59375 0.1875 0.0741226
0.5625 0.1875 0.0618062
0.5625 0.15625 0.0905612
0.5625 0.125 0.119353
0.59375 0.125 0.131578
0.59375 0.15625 0.102844
0.5625 0.15625 0.0905612
0.59375 0.1875 0.0741226
0.59375 0.15625 0.102844
0.625 0.15625 0.115172
0.625 0.1875 0.0864618
0.59375 0.1875 0.0741226
0.59375 0.15625 0.102844
0.59375 0.125 0.131578
0.625 0.125 0.143888
0.625 0.15625 0.115172
0.59375 0.15625 0.102844
0.5 0.125 0.0960354
0.5 0.0625 0.155303
0.5625 0.0625 0.177241
0.5625 0.125 0.119353
0.5 0.125 0.0960354
0.5 0.0625 0.155303
0.5 0 0.215665
0.5625 0 0.235825
0.5625 0.0625 0.177241
0.5 0.0625 0.155303
0.5625 0.125 0.119353
0.5625 0.0625 0.177241
0.625 0.0625 0.201391
0.625 0.125 0.143888
0.5625 0.125 0.119353
0.5625 0.0625 0.177241
0.5625 0 0.235825
0.625 0 0.259168
0.625 0.0625 0.201391
0.5625 0.0625 0.177241
0.625 0.25 0.0290477
0.625 0.21875 0.0577539
0.65625 0.21875 0.0701071
0.65625 0.25 0.0414049
0.625 0.25 0.0290477
0.625 0.21875 0.0577539
0.625 0.1875 0.0864618
0.65625 0.1875 0.0988107
0.65625 0.21875 0.0701071
0.625 0.21875 0.0577539
0.65625 0.25 0.0414049
0.65625 0.21875 0.0701071
0.6875 0.21875 0.082481
0.6875 0.25 0.053793
0.65625 0.25 0.0414049
0.65625 0.21875 0.0701071
0.65625 0.1875 0.0988107
0.6875 0.1875 0.111175
0.6875 0.21875 0.082481
0.65625 0.21875 0.0701071
0.625 0.1875 0.0864618
0.625 0.15625 0.115172
0.65625 0.15625 0.127516
0.65625 0.1875 0.0988107
0.625 0.1875 0.0864618
0.625 0.15625 0.115172
0.625 0.125 0.143888
0.65625 0.125 0.156224
0.65625 0.15625 0.127516
0.625 0.15625 0.115172
0.65625 0.1875 0.0988107
0.65625 0.15625 0.127516
0.6875 0.15625 0.139873
0.6875 0.1875 0.111175
0.65625 0.1875 0.0988107
0.65625 0.15625 0.127516
0.65625 0.125 0.156224
0.6875 0.125 0.168575
0.6875 0.15625 0.139873
0.65625 0.15625 0.127516
0.6875 0.25 0.053793
0.6875 0.21875 0.082481
0.71875 0.21875 0.094963
0.71875 0.25 0.0663671
0.6875 0.25 0.053793
0.6875 0.21875 0.082481
0.6875 0.1875 0.111175
0.71875 0.1875 0.123613
0.71875 0.21875 0.094963
0.6875 0.21875 0.082481
0.71875 0.25 0.0663671
0.71875 0.21875 0.094963
0.75 0.21875 0.107849
0.75 0.25 0.079561
0.71875 0.25 0.0663671
0.71875 0.21875 0.094963
0.71875 0.1875 0.123613
0.75 0.1875 0.136295
0.75 0.21875 0.107849
0.71875 0.21875 0.094963
0.6875 0.1875 0.111175
0.6875 0.125 0.168575
0.75 0.125 0.1935
0.75 0.1875 0.136295
0.6875 0.1875 0.111175
0.625 0.125 0.143888
0.625 0.0625 0.201391
0.6875 0.0625 0.225984
0.6875 0.125 0.168575
0.625 0.125 0.143888
0.625 0.0625 0.201391
0.625 0 0.259168
0.6875 0 0.283487
0.6875 0.0625 0.225984
0.625 0.0625 0.201391
0.6875 0.125 0.168575
0.6875 0.0625 0.225984
0.75 0.0625 0.250786
0.75 0.125 0.1935
0.6875 0.125 0.168575
0.6875 0.0625 0.225984
0.6875 0 0.283487
0.75 0 0.308144
0.75 0.0625 0.250786
0.6875 0.0625 0.225984
0.75 0.5 -0.0200531
0.75 0.46875 -0.0317257
0.78125 0.46875 -0.00258248
0.78125 0.5 0.00888499
0.75 0.5 -0.0200531
0.75 0.46875 -0.0317257
0.75 0.4375 -0.0418448
0.78125 0.4375 -0.0116963
0.78125 0.46875 -0.00258248
0.75 0.46875 -0.0317257
0.78125 0.5 0.00888499
0.78125 0.46875 -0.00258248
0.8125 0.46875 0.0275575
0.8125 0.5 0.0382487
0.78125 0.5 0.00888499
0.78125 0.46875 -0.00258248
0.78125 0.4375 -0.0116963
0.8125 0.4375 0.0191082
0.8125 0.46875 0.0275575
0.78125 0.46875 -0.00258248
0.75 0.4375 -0.0418448
0.75 0.40625 -0.0394292
0.78125 0.40625 -0.012654
0.78125 0.4375 -0.0116963
0.75 0.4375 -0.0418448
0.75 0.40625 -0.0394292
0.75 0.375 -0.024375
0.78125 0.375 -0.00308708
0.78125 0.40625 -0.012654
0.75 0.40625 -0.0394292
0.78125 0.4375 -0.0116963
0.78125 0.40625 -0.012654
0.8125 0.40625 0.0168519
0.8125 0.4375 0.0191082
0.78125 0.4375 -0.0116963
0.78125 0.40625 -0.012654
0.78125 0.375 -0.00308708
0.8125 0.375 0.0248029
0.8125 0.40625 0.0168519
0.78125 0.40625 -0.012654
0.8125 0.5 0.0382487
0.8125 0.46875 0.0275575
0.84375 0.46875 0.0580453
0.84375 0.5 0.0679641
0.8125 0.5 0.0382487
0.8125 0.46875 0.0275575
0.8125 0.4375 0.0191082
0.84375 0.4375 0.0503511
0.84375 0.46875 0.0580453
0.8125 0.46875 0.0275575
0.84375 0.5 0.0679641
0.84375 0.46875 0.0580453
0.875 0.46875 0.0886593
0.875 0.5 0.0979208
0.84375 0.5 0.0679641
0.84375 0.46875 0.0580453
0.84375 0.4375 0.0503511
0.875 0.4375 0.0815854
0.875 0.46875 0.0886593
0.84375 0.46875 0.0580453
0.8125 0.4375 0.0191082
0.8125 0.40625 0.0168519
0.84375 0.40625 0.0480826
0.84375 0.4375 0.0503511
0.8125 0.4375 0.0191082
0.8125 0.40625 0.0168519
0.8125 0.375 0.0248029
0.84375 0.375 0.0542765
0.84375 0.40625 0.0480826
0.8125 0.40625 0.0168519
0.84375 0.4375 0.0503511
0.84375 0.40625 0.0480826
0.875 0.40625 0.0792943
0.875 0.4375 0.0815854
0.84375 0.4375 0.0503511
0.84375 0.40625 0.0480826
0.84375 0.375 0.0542765
0.875 0.375 0.0843023
0.875 0.40625 0.0792943
0.84375 0.40625 0.0480826
0.75 0.375 -0.024375
0.75 0.34375 -0.00303654
0.78125 0.34375 0.0167021
0.78125 0.375 -0.00308708
0.75 0.375 -0.024375
0.75 0.34375 -0.00303654
0.75 0.3125 0.0238319
0.78125 0.3125 0.0409905
0.78125 0.34375 0.0167021
0.75 0.34375 -0.00303654
0.78125 0.375 -0.00308708
0.78125 0.34375 0.0167021
0.8125 0.34375 0.0408961
0.8125 0.375 0.0248029
0.78125 0.375 -0.00308708
0.78125 0.34375 0.0167021
0.78125 0.3125 0.0409905
0.8125 0.3125 0.0615233
0.8125 0.34375 0.0408961
0.78125 0.34375 0.0167021
0.75 0.3125 0.0238319
0.75 0.28125 0.0514961
0.78125 0.28125 0.0670415
0.78125 0.3125 0.0409905
0.75 0.3125 0.0238319
0.75 0.28125 0.0514961
0.75 0.25 0.079561
0.78125 0.25 0.0940747
0.78125 0.28125 0.0670415
0.75 0.28125 0.0514961
0.78125 0.3125 0.0409905
0.78125 0.28125 0.0670415
0.8125 0.28125 0.0851311
0.8125 0.3125 0.0615233
0.78125 0.3125 0.0409905
0.78125 0.28125 0.0670415
0.78125 0.25 0.0940747
0.8125 0.25 0.110525
0.8125 0.28125 0.0851311
0.78125 0.28125 0.0670415
0.8125 0.375 0.0248029
0.8125 0.34375 0.0408961
0.84375 0.34375 0.0674216
0.84375 0.375 0.0542765
0.8125 0.375 0.0248029
0.8125 0.34375 0.0408961
0.8125 0.3125 0.0615233
0.84375 0.3125 0.0851684
0.84375 0.34375 0.0674216
0.8125 0.34375 0.0408961
0.84375 0.375 0.0542765
0.84375 0.34375 0.0674216
0.875 0.34375 0.0951836
0.875 0.375 0.0843023
0.84375 0.375 0.0542765
0.84375 0.34375 0.0674216
0.84375 0.3125 0.0851684
0.875 0.3125 0.110546
0.875 0.34375 0.0951836
0.84375 0.34375 0.0674216
0.8125 0.3125 0.0615233
0.8125 0.28125 0.0851311
0.84375 0.28125 0.105993
0.84375 0.3125 0.0851684
0.8125 0.3125 0.0615233
0.8125 0.28125 0.0851311
0.8125 0.25 0.110525
0.84375 0.25 0.129313
0.84375 0.28125 0.105993
0.8125 0.28125 0.0851311
0.84375 0.3125 0.0851684
0.84375 0.28125 0.105993
0.875 0.28125 0.129167
0.875 0.3125 0.110546
0.84375 0.3125 0.0851684
0.84375 0.28125 0.105993
0.84375 0.25 0.129313
0.875 0.25 0.150451
0.875 0.28125 0.129167
0.84375 0.28125 0.105993
0.875 0.5 0.0979208
0.875 0.46875 0.0886593
0.90625 0.46875 0.119356
0.90625 0.5 0.128027
0.875 0.5 0.0979208
0.875 0.46875 0.0886593
0.875 0.4375 0.0815854
0.90625 0.4375 0.112802
0.90625 0.46875 0.119356
0.875 0.46875 0.0886593
0.90625 0.5 0.128027
0.90625 0.46875 0.119356
0.9375 0.46875 0.150098
0.9375 0.5 0.158259
0.90625 0.5 0.128027
0.90625 0.46875 0.119356
0.90625 0.4375 0.112802
0.9375 0.4375 0.143977
0.9375 0.46875 0.150098
0.90625 0.46875 0.119356
0.875 0.4375 0.0815854
0.875 0.40625 0.0792943
0.90625 0.40625 0.110461
0.90625 0.4375 0.112802
0.875 0.4375 0.0815854
0.875 0.40625 0.0792943
0.875 0.375 0.0843023
0.90625 0.375 0.114601
0.90625 0.40625 0.110461
0.875 0.40625 0.0792943
0.90625 0.4375 0.112802
0.90625 0.40625 0.110461
0.9375 0.40625 0.141564
0.9375 0.4375 0.143977
0.90625 0.4375 0.112802
0.90625 0.40625 0.110461
0.90625 0.375 0.114601
0.9375 0.375 0.145058
0.9375 0.40625 0.141564
0.90625 0.40625 0.110461
0.9375 0.5 0.158259
0.9375 0.4375 0.143977
1 0.4375 0.206389
1 0.5 0.219792
0.9375 0.5 0.158259
0.9375 0.4375 0.143977
0.9375 0.375 0.145058
1 0.375 0.206955
1 0.4375 0.206389
0.9375 0.4375 0.143977
0.875 0.375 0.0843023
0.875 0.34375 0.0951836
0.90625 0.34375 0.123869
0.90625 0.375 0.114601
0.875 0.375 0.0843023
0.875 0.34375 0.0951836
0.875 0.3125 0.110546
0.90625 0.3125 0.137397
0.90625 0.34375 0.123869
0.875 0.34375 0.0951836
0.90625 0.375 0.114601
0.90625 0.34375 0.123869
0.9375 0.34375 0.153082
0.9375 0.375 0.145058
0.90625 0.375 0.114601
0.90625 0.34375 0.123869
0.90625 0.3125 0.137397
0.9375 0.3125 0.165092
0.9375 0.34375 0.153082
0.90625 0.34375 0.123869
0.875 0.3125 0.110546
0.875 0.25 0.150451
0.9375 0.25 0.197587
0.9375 0.3125 0.165092
0.875 0.3125 0.110546
0.9375 0.375 0.145058
0.9375 0.3125 0.165092
1 0.3125 0.223427
1 0.375 0.206955
0.9375 0.375 0.145058
0.9375 0.3125 0.165092
0.9375 0.25 0.197587
1 0.25 0.251237
1 0.3125 0.223427
0.9375 0.3125 0.165092
0.75 0.25 0.079561
0.75 0.21875 0.107849
0.78125 0.21875 0.121658
0.78125 0.25 0.0940747
0.75 0.25 0.079561
0.75 0.21875 0.107849
0.75 0.1875 0.136295
0.78125 0.1875 0.149632
0.78125 0.21875 0.121658
0.75 0.21875 0.107849
0.78125 0.25 0.0940747
0.78125 0.21875 0.121658
0.8125 0.21875 0.136965
0.8125 0.25 0.110525
0.78125 0.25 0.0940747
0.78125 0.21875 0.121658
0.78125 0.1875 0.149632
0.8125 0.1875 0.164055
0.8125 0.21875 0.136965
0.78125 0.21875 0.121658
0.75 0.1875 0.136295
0.75 0.125 0.1935
0.8125 0.125 0.220059
0.8125 0.1875 0.164055
0.75 0.1875 0.136295
0.8125 0.25 0.110525
0.8125 0.1875 0.164055
0.875 0.1875 0.198143
0.875 0.25 0.150451
0.8125 0.25 0.110525
0.8125 0.1875 0.164055
0.8125 0.125 0.220059
0.875 0.125 0.250483
0.875 0.1875 0.198143
0.8125 0.1875 0.164055
0.75 0.125 0.1935
0.75 0 0.308144
0.875 0 0.361891
0.875 0.125 0.250483
0.75 0.125 0.1935
0.875 0.25 0.150451
0.875 0.1875 0.198143
0.9375 0.1875 0.238851
0.9375 0.25 0.197587
0.875 0.25 0.150451
0.875 0.1875 0.198143
0.875 0.125 0.250483
0.9375 0.125 0.286146
0.9375 0.1875 0.238851
0.875 0.1875 0.198143
0.9375 0.25 0.197587
0.9375 0.1875 0.238851
1 0.1875 0.287466
1 0.25 0.251237
0.9375 0.25 0.197587
0.9375 0.1875 0.238851
0.9375 0.125 0.286146
1 0.125 0.329495
1 0.1875 0.287466
0.9375 0.1875 0.238851
0.875 0.125 0.250483
0.875 0 0.361891
1 0 0.432578
1 0.125 0.329495
0.875 0.125 0.250483
