0 1 0.446243
0 0.875 0.368834
0.125 0.875 0.25798
0.125 1 0.348181
0 1 0.446243
0 0.875 0.368834
0 0.75 0.30458
0.125 0.75 0.186434
0.125 0.875 0.25798
0 0.875 0.368834
0.125 1 0.348181
0.125 0.9375 0.301641
0.1875 0.9375 0.25837
0.1875 1 0.309405
0.125 1 0.348181
0.125 0.9375 0.301641
0.125 0.875 0.25798
0.1875 0.875 0.20972
0.1875 0.9375 0.25837
0.125 0.9375 0.301641
0.1875 1 0.309405
0.1875 0.9375 0.25837
0.25 0.9375 0.22052
0.25 1 0.276279
0.1875 1 0.309405
0.1875 0.9375 0.25837
0.1875 0.875 0.20972
0.25 0.875 0.166431
0.25 0.9375 0.22052
0.1875 0.9375 0.25837
0.125 0.875 0.25798
0.125 0.8125 0.219091
0.1875 0.8125 0.165204
0.1875 0.875 0.20972
0.125 0.875 0.25798
0.125 0.8125 0.219091
0.125 0.75 0.186434
0.1875 0.75 0.128608
0.1875 0.8125 0.165204
0.125 0.8125 0.219091
0.1875 0.875 0.20972
0.1875 0.8125 0.165204
0.25 0.8125 0.117079
0.25 0.875 0.166431
0.1875 0.875 0.20972
0.1875 0.8125 0.165204
0.1875 0.78125 0.145923
0.21875 0.78125 0.119809
0.21875 0.8125 0.140551
0.1875 0.8125 0.165204
0.1875 0.78125 0.145923
0.1875 0.75 0.128608
0.21875 0.75 0.101064
0.21875 0.78125 0.119809
0.1875 0.78125 0.145923
0.21875 0.8125 0.140551
0.21875 0.78125 0.119809
0.25 0.78125 0.0946073
0.25 0.8125 0.117079
0.21875 0.8125 0.140551
0.21875 0.78125 0.119809
0.21875 0.75 0.101064
0.25 0.75 0.0741273
0.25 0.78125 0.0946073
0.21875 0.78125 0.119809
0 0.75 0.30458
0 0.6875 0.282256
0.0625 0.6875 0.221238
0.0625 0.75 0.245065
0 0.75 0.30458
0 0.6875 0.282256
0 0.625 0.266446
0.0625 0.625 0.204753
0.0625 0.6875 0.221238
0 0.6875 0.282256
0.0625 0.75 0.245065
0.0625 0.6875 0.221238
0.125 0.6875 0.160484
0.125 0.75 0.186434
0.0625 0.75 0.245065
0.0625 0.6875 0.221238
0.0625 0.625 0.204753
0.125 0.625 0.143194
0.125 0.6875 0.160484
0.0625 0.6875 0.221238
0 0.625 0.266446
0 0.5625 0.255044
0.0625 0.5625 0.192971
0.0625 0.625 0.204753
0 0.625 0.266446
0 0.5625 0.255044
0 0.5 0.246343
0.0625 0.5 0.18394
0.0625 0.5625 0.192971
0 0.5625 0.255044
0.0625 0.625 0.204753
0.0625 0.5625 0.192971
0.125 0.5625 0.130984
0.125 0.625 0.143194
0.0625 0.625 0.204753
0.0625 0.5625 0.192971
0.0625 0.5 0.18394
0.125 0.5 0.121552
0.125 0.5625 0.130984
0.0625 0.5625 0.192971
0.125 0.75 0.186434
0.125 0.6875 0.160484
0.1875 0.6875 0.100649
0.1875 0.75 0.128608
0.125 0.75 0.186434
0.125 0.6875 0.160484
0.125 0.65625 0.15088
0.15625 0.65625 0.120464
0.15625 0.6875 0.130515
0.125 0.6875 0.160484
0.125 0.65625 0.15088
0.125 0.625 0.143194
0.15625 0.625 0.112562
0.15625 0.65625 0.120464
0.125 0.65625 0.15088
0.15625 0.6875 0.130515
0.15625 0.65625 0.120464
0.1875 0.65625 0.0900942
0.1875 0.6875 0.100649
0.15625 0.6875 0.130515
0.15625 0.65625 0.120464
0.15625 0.625 0.112562
0.1875 0.625 0.081953
0.1875 0.65625 0.0900942
0.15625 0.65625 0.120464
0.1875 0.75 0.128608
0.1875 0.71875 0.113453
0.21875 0.71875 0.0846593
0.21875 0.75 0.101064
0.1875 0.75 0.128608
0.1875 0.71875 0.113453
0.1875 0.6875 0.100649
0.21875 0.6875 0.0709464
0.21875 0.71875 0.0846593
0.1875 0.71875 0.113453
0.21875 0.75 0.101064
0.21875 0.71875 0.0846593
0.25 0.71875 0.0561749
0.25 0.75 0.0741273
0.21875 0.75 0.101064
0.21875 0.71875 0.0846593
0.21875 0.6875 0.0709464
0.25 0.6875 0.0413926
0.25 0.71875 0.0561749
0.21875 0.71875 0.0846593
0.1875 0.6875 0.100649
0.1875 0.65625 0.0900942
0.21875 0.65625 0.0597719
0.21875 0.6875 0.0709464
0.1875 0.6875 0.100649
0.1875 0.65625 0.0900942
0.1875 0.625 0.081953
0.21875 0.625 0.0513677
0.21875 0.65625 0.0597719
0.1875 0.65625 0.0900942
0.21875 0.6875 0.0709464
0.21875 0.65625 0.0597719
0.25 0.65625 0.0294979
0.25 0.6875 0.0413926
0.21875 0.6875 0.0709464
0.21875 0.65625 0.0597719
0.21875 0.625 0.0513677
0.25 0.625 0.0208063
0.25 0.65625 0.0294979
0.21875 0.65625 0.0597719
0.125 0.625 0.143194
0.125 0.59375 0.136711
0.15625 0.59375 0.105945
0.15625 0.625 0.112562
0.125 0.625 0.143194
0.125 0.59375 0.136711
0.125 0.5625 0.130984
0.15625 0.5625 0.100113
0.15625 0.59375 0.105945
0.125 0.59375 0.136711
0.15625 0.625 0.112562
0.15625 0.59375 0.105945
0.1875 0.59375 0.0751995
0.1875 0.625 0.081953
0.15625 0.625 0.112562
0.15625 0.59375 0.105945
0.15625 0.5625 0.100113
0.1875 0.5625 0.0692621
0.1875 0.59375 0.0751995
0.15625 0.59375 0.105945
0.125 0.5625 0.130984
0.125 0.53125 0.125889
0.15625 0.53125 0.0948987
0.15625 0.5625 0.100113
0.125 0.5625 0.130984
0.125 0.53125 0.125889
0.125 0.5 0.121552
0.15625 0.5 0.0904433
0.15625 0.53125 0.0948987
0.125 0.53125 0.125889
0.15625 0.5625 0.100113
0.15625 0.53125 0.0948987
0.1875 0.53125 0.0639251
0.1875 0.5625 0.0692621
0.15625 0.5625 0.100113
0.15625 0.53125 0.0948987
0.15625 0.5 0.0904433
0.1875 0.5 0.0593437
0.1875 0.53125 0.0639251
0.15625 0.53125 0.0948987
0.1875 0.625 0.081953
0.1875 0.59375 0.0751995
0.21875 0.59375 0.0444739
0.21875 0.625 0.0513677
0.1875 0.625 0.081953
0.1875 0.59375 0.0751995
0.1875 0.5625 0.0692621
0.21875 0.5625 0.0384327
0.21875 0.59375 0.0444739
0.1875 0.59375 0.0751995
0.21875 0.625 0.0513677
0.21875 0.59375 0.0444739
0.25 0.59375 0.0137687
0.25 0.625 0.0208063
0.21875 0.625 0.0513677
0.21875 0.59375 0.0444739
0.21875 0.5625 0.0384327
0.25 0.5625 0.00762605
0.25 0.59375 0.0137687
0.21875 0.59375 0.0444739
0.1875 0.5625 0.0692621
0.1875 0.53125 0.0639251
0.21875 0.53125 0.0329685
0.21875 0.5625 0.0384327
0.1875 0.5625 0.0692621
0.1875 0.53125 0.0639251
0.1875 0.5 0.0593437
0.21875 0.5 0.0282537
0.21875 0.53125 0.0329685
0.1875 0.53125 0.0639251
0.21875 0.5625 0.0384327
0.21875 0.53125 0.0329685
0.25 0.53125 0.00203092
0.25 0.5625 0.00762605
0.21875 0.5625 0.0384327
0.21875 0.53125 0.0329685
0.21875 0.5 0.0282537
0.25 0.5 -0.00280338
0.25 0.53125 0.00203092
0.21875 0.53125 0.0329685
0.25 1 0.276279
0.25 0.9375 0.22052
0.3125 0.9375 0.193206
0.3125 1 0.253236
0.25 1 0.276279
0.25 0.9375 0.22052
0.25 0.875 0.166431
0.3125 0.875 0.133861
0.3125 0.9375 0.193206
0.25 0.9375 0.22052
0.3125 1 0.253236
0.3125 0.9375 0.193206
0.375 0.9375 0.17883
0.375 1 0.241094
0.3125 1 0.253236
0.3125 0.9375 0.193206
0.3125 0.875 0.133861
0.375 0.875 0.116598
0.375 0.9375 0.17883
0.3125 0.9375 0.193206
0.25 0.875 0.166431
0.25 0.84375 0.141133
0.28125 0.84375 0.121681
0.28125 0.875 0.14874
0.25 0.875 0.166431
0.25 0.84375 0.141133
0.25 0.8125 0.117079
0.28125 0.8125 0.0956671
0.28125 0.84375 0.121681
0.25 0.84375 0.141133
0.28125 0.875 0.14874
0.28125 0.84375 0.121681
0.3125 0.84375 0.105081
0.3125 0.875 0.133861
0.28125 0.875 0.14874
0.28125 0.84375 0.121681
0.28125 0.8125 0.0956671
0.3125 0.8125 0.0769955
0.3125 0.84375 0.105081
0.28125 0.84375 0.121681
0.25 0.8125 0.117079
0.25 0.78125 0.0946073
0.28125 0.78125 0.0710234
0.28125 0.8125 0.0956671
0.25 0.8125 0.117079
0.25 0.78125 0.0946073
0.25 0.75 0.0741273
0.28125 0.75 0.0482637
0.28125 0.78125 0.0710234
0.25 0.78125 0.0946073
0.28125 0.8125 0.0956671
0.28125 0.78125 0.0710234
0.3125 0.78125 0.0498714
0.3125 0.8125 0.0769955
0.28125 0.8125 0.0956671
0.28125 0.78125 0.0710234
0.28125 0.75 0.0482637
0.3125 0.75 0.0241718
0.3125 0.78125 0.0498714
0.28125 0.78125 0.0710234
0.3125 0.875 0.133861
0.3125 0.84375 0.105081
0.34375 0.84375 0.0929335
0.34375 0.875 0.123104
0.3125 0.875 0.133861
0.3125 0.84375 0.105081
0.3125 0.8125 0.0769955
0.34375 0.8125 0.0630226
0.34375 0.84375 0.0929335
0.3125 0.84375 0.105081
0.34375 0.875 0.123104
0.34375 0.84375 0.0929335
0.375 0.84375 0.0856304
0.375 0.875 0.116598
0.34375 0.875 0.123104
0.34375 0.84375 0.0929335
0.34375 0.8125 0.0630226
0.375 0.8125 0.0547297
0.375 0.84375 0.0856304
0.34375 0.84375 0.0929335
0.3125 0.8125 0.0769955
0.3125 0.78125 0.0498714
0.34375 0.78125 0.0334926
0.34375 0.8125 0.0630226
0.3125 0.8125 0.0769955
0.3125 0.78125 0.0498714
0.3125 0.75 0.0241718
0.34375 0.75 0.0045479
0.34375 0.78125 0.0334926
0.3125 0.78125 0.0498714
0.34375 0.8125 0.0630226
0.34375 0.78125 0.0334926
0.375 0.78125 0.023908
0.375 0.8125 0.0547297
0.34375 0.8125 0.0630226
0.34375 0.78125 0.0334926
0.34375 0.75 0.0045479
0.375 0.75 -0.00672886
0.375 0.78125 0.023908
0.34375 0.78125 0.0334926
0.375 1 0.241094
0.375 0.9375 0.17883
0.4375 0.9375 0.176812
0.4375 1 0.239293
0.375 1 0.241094
0.375 0.9375 0.17883
0.375 0.875 0.116598
0.4375 0.875 0.114334
0.4375 0.9375 0.176812
0.375 0.9375 0.17883
0.4375 1 0.239293
0.4375 0.9375 0.176812
0.5 0.9375 0.182576
0.5 1 0.24467
0.4375 1 0.239293
0.4375 0.9375 0.176812
0.4375 0.875 0.114334
0.5 0.875 0.120516
0.5 0.9375 0.182576
0.4375 0.9375 0.176812
0.375 0.875 0.116598
0.375 0.84375 0.0856304
0.40625 0.84375 0.0825805
0.40625 0.875 0.113829
0.375 0.875 0.116598
0.375 0.84375 0.0856304
0.375 0.8125 0.0547297
0.40625 0.8125 0.051336
0.40625 0.84375 0.0825805
0.375 0.84375 0.0856304
0.40625 0.875 0.113829
0.40625 0.84375 0.0825805
0.4375 0.84375 0.0831152
0.4375 0.875 0.114334
0.40625 0.875 0.113829
0.40625 0.84375 0.0825805
0.40625 0.8125 0.051336
0.4375 0.8125 0.0519027
0.4375 0.84375 0.0831152
0.40625 0.84375 0.0825805
0.375 0.8125 0.0547297
0.375 0.78125 0.023908
0.40625 0.78125 0.0200908
0.40625 0.8125 0.051336
0.375 0.8125 0.0547297
0.375 0.78125 0.023908
0.375 0.75 -0.00672886
0.40625 0.75 -0.0111398
0.40625 0.78125 0.0200908
0.375 0.78125 0.023908
0.40625 0.8125 0.051336
0.40625 0.78125 0.0200908
0.4375 0.78125 0.0206939
0.4375 0.8125 0.0519027
0.40625 0.8125 0.051336
0.40625 0.78125 0.0200908
0.40625 0.75 -0.0111398
0.4375 0.75 -0.0104988
0.4375 0.78125 0.0206939
0.40625 0.78125 0.0200908
0.4375 0.875 0.114334
0.4375 0.84375 0.0831152
0.46875 0.84375 0.0857038
0.46875 0.875 0.11681
0.4375 0.875 0.114334
0.4375 0.84375 0.0831152
0.4375 0.8125 0.0519027
0.46875 0.8125 0.0546124
0.46875 0.84375 0.0857038
0.4375 0.84375 0.0831152
0.46875 0.875 0.11681
0.46875 0.84375 0.0857038
0.5 0.84375 0.0895306
0.5 0.875 0.120516
0.46875 0.875 0.11681
0.46875 0.84375 0.0857038
0.46875 0.8125 0.0546124
0.5 0.8125 0.0585627
0.5 0.84375 0.0895306
0.46875 0.84375 0.0857038
0.4375 0.8125 0.0519027
0.4375 0.78125 0.0206939
0.46875 0.78125 0.0235338
0.46875 0.8125 0.0546124
0.4375 0.8125 0.0519027
0.4375 0.78125 0.0206939
0.4375 0.75 -0.0104988
0.46875 0.75 -0.00752192
0.46875 0.78125 0.0235338
0.4375 0.78125 0.0206939
0.46875 0.8125 0.0546124
0.46875 0.78125 0.0235338
0.5 0.78125 0.0276115
0.5 0.8125 0.0585627
0.46875 0.8125 0.0546124
0.46875 0.78125 0.0235338
0.46875 0.75 -0.00752192
0.5 0.75 -0.00331902
0.5 0.78125 0.0276115
0.46875 0.78125 0.0235338
0.25 0.75 0.0741273
0.25 0.71875 0.0561749
0.28125 0.71875 0.0281546
0.28125 0.75 0.0482637
0.25 0.75 0.0741273
0.25 0.71875 0.0561749
0.25 0.6875 0.0413926
0.28125 0.6875 0.0120494
0.28125 0.71875 0.0281546
0.25 0.71875 0.0561749
0.28125 0.75 0.0482637
0.28125 0.71875 0.0281546
0.3125 0.71875 0.000716265
0.3125 0.75 0.0241718
0.28125 0.75 0.0482637
0.28125 0.71875 0.0281546
0.28125 0.6875 0.0120494
0.3125 0.6875 -0.0161072
0.3125 0.71875 0.000716265
0.28125 0.71875 0.0281546
0.25 0.6875 0.0413926
0.25 0.65625 0.0294979
0.28125 0.65625 -0.000683227
0.28125 0.6875 0.0120494
0.25 0.6875 0.0413926
0.25 0.65625 0.0294979
0.25 0.625 0.0208063
0.28125 0.625 -0.00959974
0.28125 0.65625 -0.000683227
0.25 0.65625 0.0294979
0.28125 0.6875 0.0120494
0.28125 0.65625 -0.000683227
0.3125 0.65625 -0.0298108
0.3125 0.6875 -0.0161072
0.28125 0.6875 0.0120494
0.28125 0.65625 -0.000683227
0.28125 0.625 -0.00959974
0.3125 0.625 -0.0397344
0.3125 0.65625 -0.0298108
0.28125 0.65625 -0.000683227
0.3125 0.75 0.0241718
0.3125 0.71875 0.000716265
0.34375 0.71875 -0.0214375
0.34375 0.75 0.0045479
0.3125 0.75 0.0241718
0.3125 0.71875 0.000716265
0.3125 0.6875 -0.0161072
0.34375 0.6875 -0.0423245
0.34375 0.71875 -0.0214375
0.3125 0.71875 0.000716265
0.34375 0.75 0.0045479
0.34375 0.71875 -0.0214375
0.375 0.71875 -0.036362
0.375 0.75 -0.00672886
0.34375 0.75 0.0045479
0.34375 0.71875 -0.0214375
0.34375 0.6875 -0.0423245
0.375 0.6875 -0.0631849
0.375 0.71875 -0.036362
0.34375 0.71875 -0.0214375
0.3125 0.6875 -0.0161072
0.3125 0.65625 -0.0298108
0.34375 0.65625 -0.058271
0.34375 0.6875 -0.0423245
0.3125 0.6875 -0.0161072
0.3125 0.65625 -0.0298108
0.3125 0.625 -0.0397344
0.34375 0.625 -0.06958
0.34375 0.65625 -0.058271
0.3125 0.65625 -0.0298108
0.34375 0.6875 -0.0423245
0.34375 0.65625 -0.058271
0.375 0.65625 -0.0845131
0.375 0.6875 -0.0631849
0.34375 0.6875 -0.0423245
0.34375 0.65625 -0.058271
0.34375 0.625 -0.06958
0.375 0.625 -0.0988435
0.375 0.65625 -0.0845131
0.34375 0.65625 -0.058271
0.25 0.625 0.0208063
0.25 0.59375 0.0137687
0.28125 0.59375 -0.0168309
0.28125 0.625 -0.00959974
0.25 0.625 0.0208063
0.25 0.59375 0.0137687
0.25 0.5625 0.00762605
0.28125 0.5625 -0.0230913
0.28125 0.59375 -0.0168309
0.25 0.59375 0.0137687
0.28125 0.625 -0.00959974
0.28125 0.59375 -0.0168309
0.3125 0.59375 -0.0473302
0.3125 0.625 -0.0397344
0.28125 0.625 -0.00959974
0.28125 0.59375 -0.0168309
0.28125 0.5625 -0.0230913
0.3125 0.5625 -0.053756
0.3125 0.59375 -0.0473302
0.28125 0.59375 -0.0168309
0.25 0.5625 0.00762605
0.25 0.53125 0.00203092
0.28125 0.53125 -0.0287658
0.28125 0.5625 -0.0230913
0.25 0.5625 0.00762605
0.25 0.53125 0.00203092
0.25 0.5 -0.00280338
0.28125 0.5 -0.033723
0.28125 0.53125 -0.0287658
0.25 0.53125 0.00203092
0.28125 0.5625 -0.0230913
0.28125 0.53125 -0.0287658
0.3125 0.53125 -0.0595418
0.3125 0.5625 -0.053756
0.28125 0.5625 -0.0230913
0.28125 0.53125 -0.0287658
0.28125 0.5 -0.033723
0.3125 0.5 -0.0646227
0.3125 0.53125 -0.0595418
0.28125 0.53125 -0.0287658
0.3125 0.625 -0.0397344
0.3125 0.59375 -0.0473302
0.34375 0.59375 -0.0777388
0.34375 0.625 -0.06958
0.3125 0.625 -0.0397344
0.3125 0.59375 -0.0473302
0.3125 0.5625 -0.053756
0.34375 0.5625 -0.0843868
0.34375 0.59375 -0.0777388
0.3125 0.59375 -0.0473302
0.34375 0.625 -0.06958
0.34375 0.59375 -0.0777388
0.375 0.59375 -0.108006
0.375 0.625 -0.0988435
0.34375 0.625 -0.06958
0.34375 0.59375 -0.0777388
0.34375 0.5625 -0.0843868
0.375 0.5625 -0.114975
0.375 0.59375 -0.108006
0.34375 0.59375 -0.0777388
0.3125 0.5625 -0.053756
0.3125 0.53125 -0.0595418
0.34375 0.53125 -0.0903021
0.34375 0.5625 -0.0843868
0.3125 0.5625 -0.053756
0.3125 0.53125 -0.0595418
0.3125 0.5 -0.0646227
0.34375 0.5 -0.0955048
0.34375 0.53125 -0.0903021
0.3125 0.53125 -0.0595418
0.34375 0.5625 -0.0843868
0.34375 0.53125 -0.0903021
0.375 0.53125 -0.121041
0.375 0.5625 -0.114975
0.34375 0.5625 -0.0843868
0.34375 0.53125 -0.0903021
0.34375 0.5 -0.0955048
0.375 0.5 -0.126369
0.375 0.53125 -0.121041
0.34375 0.53125 -0.0903021
0.375 0.75 -0.00672886
0.375 0.71875 -0.036362
0.40625 0.71875 -0.0423086
0.40625 0.75 -0.0111398
0.375 0.75 -0.00672886
0.375 0.71875 -0.036362
0.375 0.6875 -0.0631849
0.40625 0.6875 -0.0732834
0.40625 0.71875 -0.0423086
0.375 0.71875 -0.036362
0.40625 0.75 -0.0111398
0.40625 0.71875 -0.0423086
0.4375 0.71875 -0.0416539
0.4375 0.75 -0.0104988
0.40625 0.75 -0.0111398
0.40625 0.71875 -0.0423086
0.40625 0.6875 -0.0732834
0.4375 0.6875 -0.0727961
0.4375 0.71875 -0.0416539
0.40625 0.71875 -0.0423086
0.375 0.6875 -0.0631849
0.375 0.65625 -0.0845131
0.40625 0.65625 -0.102356
0.40625 0.6875 -0.0732834
0.375 0.6875 -0.0631849
0.375 0.65625 -0.0845131
0.375 0.625 -0.0988435
0.40625 0.625 -0.12484
0.40625 0.65625 -0.102356
0.375 0.65625 -0.0845131
0.40625 0.6875 -0.0732834
0.40625 0.65625 -0.102356
0.4375 0.65625 -0.103925
0.4375 0.6875 -0.0727961
0.40625 0.6875 -0.0732834
0.40625 0.65625 -0.102356
0.40625 0.625 -0.12484
0.4375 0.625 -0.135018
0.4375 0.65625 -0.103925
0.40625 0.65625 -0.102356
0.4375 0.75 -0.0104988
0.4375 0.71875 -0.0416539
0.46875 0.71875 -0.0385332
0.46875 0.75 -0.00752192
0.4375 0.75 -0.0104988
0.4375 0.71875 -0.0416539
0.4375 0.6875 -0.0727961
0.46875 0.6875 -0.0695286
0.46875 0.71875 -0.0385332
0.4375 0.71875 -0.0416539
0.46875 0.75 -0.00752192
0.46875 0.71875 -0.0385332
0.5 0.71875 -0.0342079
0.5 0.75 -0.00331902
0.46875 0.75 -0.00752192
0.46875 0.71875 -0.0385332
0.46875 0.6875 -0.0695286
0.5 0.6875 -0.0650798
0.5 0.71875 -0.0342079
0.46875 0.71875 -0.0385332
0.4375 0.6875 -0.0727961
0.4375 0.65625 -0.103925
0.46875 0.65625 -0.100508
0.46875 0.6875 -0.0695286
0.4375 0.6875 -0.0727961
0.4375 0.65625 -0.103925
0.4375 0.625 -0.135018
0.46875 0.625 -0.131469
0.46875 0.65625 -0.100508
0.4375 0.65625 -0.103925
0.46875 0.6875 -0.0695286
0.46875 0.65625 -0.100508
0.5 0.65625 -0.0959342
0.5 0.6875 -0.0650798
0.46875 0.6875 -0.0695286
0.46875 0.65625 -0.100508
0.46875 0.625 -0.131469
0.5 0.625 -0.126764
0.5 0.65625 -0.0959342
0.46875 0.65625 -0.100508
0.375 0.625 -0.0988435
0.375 0.5625 -0.114975
0.4375 0.5625 -0.174136
0.4375 0.625 -0.135018
0.375 0.625 -0.0988435
0.375 0.5625 -0.114975
0.375 0.5 -0.126369
0.4375 0.5 -0.18249
0.4375 0.5625 -0.174136
0.375 0.5625 -0.114975
0.4375 0.625 -0.135018
0.4375 0.5625 -0.174136
0.5 0.5625 -0.189101
0.5 0.625 -0.126764
0.4375 0.625 -0.135018
0.4375 0.5625 -0.174136
0.4375 0.5 -0.18249
0.5 0.5 -0.226309
0.5 0.5625 -0.189101
0.4375 0.5625 -0.174136
0 0.5 0.246343
0 0.4375 0.241005
0.0625 0.4375 0.178488
0.0625 0.5 0.18394
0 0.5 0.246343
0 0.4375 0.241005
0 0.375 0.243967
0.0625 0.375 0.181887
0.0625 0.4375 0.178488
0 0.4375 0.241005
0.0625 0.5 0.18394
0.0625 0.4375 0.178488
0.125 0.4375 0.115983
0.125 0.5 0.121552
0.0625 0.5 0.18394
0.0625 0.4375 0.178488
0.0625 0.375 0.181887
0.125 0.375 0.120008
0.125 0.4375 0.115983
0.0625 0.4375 0.178488
0 0.375 0.243967
0 0.3125 0.255884
0.0625 0.3125 0.195599
0.0625 0.375 0.181887
0 0.375 0.243967
0 0.3125 0.255884
0 0.25 0.276892
0.0625 0.25 0.219871
0.0625 0.3125 0.195599
0 0.3125 0.255884
0.0625 0.375 0.181887
0.0625 0.3125 0.195599
0.125 0.3125 0.136817
0.125 0.375 0.120008
0.0625 0.375 0.181887
0.0625 0.3125 0.195599
0.0625 0.25 0.219871
0.125 0.25 0.16624
0.125 0.3125 0.136817
0.0625 0.3125 0.195599
0.125 0.5 0.121552
0.125 0.46875 0.118165
0.15625 0.46875 0.0869547
0.15625 0.5 0.0904433
0.125 0.5 0.121552
0.125 0.46875 0.118165
0.125 0.4375 0.115983
0.15625 0.4375 0.0847321
0.15625 0.46875 0.0869547
0.125 0.46875 0.118165
0.15625 0.5 0.0904433
0.15625 0.46875 0.0869547
0.1875 0.46875 0.0557459
0.1875 0.5 0.0593437
0.15625 0.5 0.0904433
0.15625 0.46875 0.0869547
0.15625 0.4375 0.0847321
0.1875 0.4375 0.0534826
0.1875 0.46875 0.0557459
0.15625 0.46875 0.0869547
0.125 0.4375 0.115983
0.125 0.40625 0.116529
0.15625 0.40625 0.0853509
0.15625 0.4375 0.0847321
0.125 0.4375 0.115983
0.125 0.40625 0.116529
0.125 0.375 0.120008
0.15625 0.375 0.0892207
0.15625 0.40625 0.0853509
0.125 0.40625 0.116529
0.15625 0.4375 0.0847321
0.15625 0.40625 0.0853509
0.1875 0.40625 0.0541759
0.1875 0.4375 0.0534826
0.15625 0.4375 0.0847321
0.15625 0.40625 0.0853509
0.15625 0.375 0.0892207
0.1875 0.375 0.0585088
0.1875 0.40625 0.0541759
0.15625 0.40625 0.0853509
0.1875 0.5 0.0593437
0.1875 0.46875 0.0557459
0.21875 0.46875 0.024537
0.21875 0.5 0.0282537
0.1875 0.5 0.0593437
0.1875 0.46875 0.0557459
0.1875 0.4375 0.0534826
0.21875 0.4375 0.0222328
0.21875 0.46875 0.024537
0.1875 0.46875 0.0557459
0.21875 0.5 0.0282537
0.21875 0.46875 0.024537
0.25 0.46875 -0.00663205
0.25 0.5 -0.00280338
0.21875 0.5 0.0282537
0.21875 0.46875 0.024537
0.21875 0.4375 0.0222328
0.25 0.4375 -0.0089706
0.25 0.46875 -0.00663205
0.21875 0.46875 0.024537
0.1875 0.4375 0.0534826
0.1875 0.40625 0.0541759
0.21875 0.40625 0.0230035
0.21875 0.4375 0.0222328
0.1875 0.4375 0.0534826
0.1875 0.40625 0.0541759
0.1875 0.375 0.0585088
0.21875 0.375 0.0279348
0.21875 0.40625 0.0230035
0.1875 0.40625 0.0541759
0.21875 0.4375 0.0222328
0.21875 0.40625 0.0230035
0.25 0.40625 -0.00785522
0.25 0.4375 -0.0089706
0.21875 0.4375 0.0222328
0.21875 0.40625 0.0230035
0.21875 0.375 0.0279348
0.25 0.375 -0.00230343
0.25 0.40625 -0.00785522
0.21875 0.40625 0.0230035
0.125 0.375 0.120008
0.125 0.34375 0.126729
0.15625 0.34375 0.0967163
0.15625 0.375 0.0892207
0.125 0.375 0.120008
0.125 0.34375 0.126729
0.125 0.3125 0.136817
0.15625 0.3125 0.108204
0.15625 0.34375 0.0967163
0.125 0.34375 0.126729
0.15625 0.375 0.0892207
0.15625 0.34375 0.0967163
0.1875 0.34375 0.067122
0.1875 0.375 0.0585088
0.15625 0.375 0.0892207
0.15625 0.34375 0.0967163
0.15625 0.3125 0.108204
0.1875 0.3125 0.0803055
0.1875 0.34375 0.067122
0.15625 0.34375 0.0967163
0.125 0.3125 0.136817
0.125 0.28125 0.150148
0.15625 0.28125 0.122938
0.15625 0.3125 0.108204
0.125 0.3125 0.136817
0.125 0.28125 0.150148
0.125 0.25 0.16624
0.15625 0.25 0.140659
0.15625 0.28125 0.122938
0.125 0.28125 0.150148
0.15625 0.3125 0.108204
0.15625 0.28125 0.122938
0.1875 0.28125 0.0969534
0.1875 0.3125 0.0803055
0.15625 0.3125 0.108204
0.15625 0.28125 0.122938
0.15625 0.25 0.140659
0.1875 0.25 0.116486
0.1875 0.28125 0.0969534
0.15625 0.28125 0.122938
0.1875 0.375 0.0585088
0.1875 0.34375 0.067122
0.21875 0.34375 0.0380252
0.21875 0.375 0.0279348
0.1875 0.375 0.0585088
0.1875 0.34375 0.067122
0.1875 0.3125 0.0803055
0.21875 0.3125 0.0533266
0.21875 0.34375 0.0380252
0.1875 0.34375 0.067122
0.21875 0.375 0.0279348
0.21875 0.34375 0.0380252
0.25 0.34375 0.00998574
0.25 0.375 -0.00230343
0.21875 0.375 0.0279348
0.21875 0.34375 0.0380252
0.21875 0.3125 0.0533266
0.25 0.3125 0.027928
0.25 0.34375 0.00998574
0.21875 0.34375 0.0380252
0.1875 0.3125 0.0803055
0.1875 0.28125 0.0969534
0.21875 0.28125 0.0722341
0.21875 0.3125 0.0533266
0.1875 0.3125 0.0803055
0.1875 0.28125 0.0969534
0.1875 0.25 0.116486
0.21875 0.25 0.09378
0.21875 0.28125 0.0722341
0.1875 0.28125 0.0969534
0.21875 0.3125 0.0533266
0.21875 0.28125 0.0722341
0.25 0.28125 0.049469
0.25 0.3125 0.027928
0.21875 0.3125 0.0533266
0.21875 0.28125 0.0722341
0.21875 0.25 0.09378
0.25 0.25 0.0733747
0.25 0.28125 0.049469
0.21875 0.28125 0.0722341
0 0.25 0.276892
0 0.1875 0.306856
0.0625 0.1875 0.253728
0.0625 0.25 0.219871
0 0.25 0.276892
0 0.1875 0.306856
0 0.125 0.342588
0.0625 0.125 0.293503
0.0625 0.1875 0.253728
0 0.1875 0.306856
0.0625 0.25 0.219871
0.0625 0.1875 0.253728
0.125 0.1875 0.205401
0.125 0.25 0.16624
0.0625 0.25 0.219871
0.0625 0.1875 0.253728
0.0625 0.125 0.293503
0.125 0.125 0.250331
0.125 0.1875 0.205401
0.0625 0.1875 0.253728
0 0.125 0.342588
0 0 0.436596
0.125 0 0.354253
0.125 0.125 0.250331
0 0.125 0.342588
0.125 0.25 0.16624
0.125 0.1875 0.205401
0.1875 0.1875 0.16134
0.1875 0.25 0.116486
0.125 0.25 0.16624
0.125 0.1875 0.205401
0.125 0.125 0.250331
0.1875 0.125 0.211899
0.1875 0.1875 0.16134
0.125 0.1875 0.205401
0.1875 0.25 0.116486
0.1875 0.21875 0.138081
0.21875 0.21875 0.117247
0.21875 0.25 0.09378
0.1875 0.25 0.116486
0.1875 0.21875 0.138081
0.1875 0.1875 0.16134
0.21875 0.1875 0.142292
0.21875 0.21875 0.117247
0.1875 0.21875 0.138081
0.21875 0.25 0.09378
0.21875 0.21875 0.117247
0.25 0.21875 0.0988162
0.25 0.25 0.0733747
0.21875 0.25 0.09378
0.21875 0.21875 0.117247
0.21875 0.1875 0.142292
0.25 0.1875 0.125497
0.25 0.21875 0.0988162
0.21875 0.21875 0.117247
0.1875 0.1875 0.16134
0.1875 0.125 0.211899
0.25 0.125 0.181323
0.25 0.1875 0.125497
0.1875 0.1875 0.16134
0.125 0.125 0.250331
0.125 0 0.354253
0.25 0 0.297718
0.25 0.125 0.181323
0.125 0.125 0.250331
0.25 0.5 -0.00280338
0.25 0.46875 -0.00663205
0.28125 0.46875 -0.0376967
0.28125 0.5 -0.033723
0.25 0.5 -0.00280338
0.25 0.46875 -0.00663205
0.25 0.4375 -0.0089706
0.28125 0.4375 -0.039976
0.28125 0.46875 -0.0376967
0.25 0.46875 -0.00663205
0.28125 0.5 -0.033723
0.28125 0.46875 -0.0376967
0.3125 0.46875 -0.068744
0.3125 0.5 -0.0646227
0.28125 0.5 -0.033723
0.28125 0.46875 -0.0376967
0.28125 0.4375 -0.039976
0.3125 0.4375 -0.0704997
0.3125 0.46875 -0.068744
0.28125 0.46875 -0.0376967
0.25 0.4375 -0.0089706
0.25 0.40625 -0.00785522
0.28125 0.40625 -0.0376495
0.28125 0.4375 -0.039976
0.25 0.4375 -0.0089706
0.25 0.40625 -0.00785522
0.25 0.375 -0.00230343
0.28125 0.375 -0.0295583
0.28125 0.40625 -0.0376495
0.25 0.40625 -0.00785522
0.28125 0.4375 -0.039976
0.28125 0.40625 -0.0376495
0.3125 0.40625 -0.0659323
0.3125 0.4375 -0.0704997
0.28125 0.4375 -0.039976
0.28125 0.40625 -0.0376495
0.28125 0.375 -0.0295583
0.3125 0.375 -0.0544952
0.3125 0.40625 -0.0659323
0.28125 0.40625 -0.0376495
0.3125 0.5 -0.0646227
0.3125 0.46875 -0.068744
0.34375 0.46875 -0.0997734
0.34375 0.5 -0.0955048
0.3125 0.5 -0.0646227
0.3125 0.46875 -0.068744
0.3125 0.4375 -0.0704997
0.34375 0.4375 -0.0999297
0.34375 0.46875 -0.0997734
0.3125 0.46875 -0.068744
0.34375 0.5 -0.0955048
0.34375 0.46875 -0.0997734
0.375 0.46875 -0.130448
0.375 0.5 -0.126369
0.34375 0.5 -0.0955048
0.34375 0.46875 -0.0997734
0.34375 0.4375 -0.0999297
0.375 0.4375 -0.127246
0.375 0.46875 -0.130448
0.34375 0.46875 -0.0997734
0.3125 0.4375 -0.0704997
0.3125 0.40625 -0.0659323
0.34375 0.40625 -0.0919005
0.34375 0.4375 -0.0999297
0.3125 0.4375 -0.0704997
0.3125 0.40625 -0.0659323
0.3125 0.375 -0.0544952
0.34375 0.375 -0.0760239
0.34375 0.40625 -0.0919005
0.3125 0.40625 -0.0659323
0.34375 0.4375 -0.0999297
0.34375 0.40625 -0.0919005
0.375 0.40625 -0.114311
0.375 0.4375 -0.127246
0.34375 0.4375 -0.0999297
0.34375 0.40625 -0.0919005
0.34375 0.375 -0.0760239
0.375 0.375 -0.093306
0.375 0.40625 -0.114311
0.34375 0.40625 -0.0919005
0.25 0.375 -0.00230343
0.25 0.34375 0.00998574
0.28125 0.34375 -0.0150755
0.28125 0.375 -0.0295583
0.25 0.375 -0.00230343
0.25 0.34375 0.00998574
0.25 0.3125 0.027928
0.28125 0.3125 0.00482985
0.28125 0.34375 -0.0150755
0.25 0.34375 0.00998574
0.28125 0.375 -0.0295583
0.28125 0.34375 -0.0150755
0.3125 0.34375 -0.036322
0.3125 0.375 -0.0544952
0.28125 0.375 -0.0295583
0.28125 0.34375 -0.0150755
0.28125 0.3125 0.00482985
0.3125 0.3125 -0.0139255
0.3125 0.34375 -0.036322
0.28125 0.34375 -0.0150755
0.25 0.3125 0.027928
0.25 0.28125 0.049469
0.28125 0.28125 0.0292236
0.28125 0.3125 0.00482985
0.25 0.3125 0.027928
0.25 0.28125 0.049469
0.25 0.25 0.0733747
0.28125 0.25 0.0555587
0.28125 0.28125 0.0292236
0.25 0.28125 0.049469
0.28125 0.3125 0.00482985
0.28125 0.28125 0.0292236
0.3125 0.28125 0.0128408
0.3125 0.3125 -0.0139255
0.28125 0.3125 0.00482985
0.28125 0.28125 0.0292236
0.28125 0.25 0.0555587
0.3125 0.25 0.0411552
0.3125 0.28125 0.0128408
0.28125 0.28125 0.0292236
0.3125 0.375 -0.0544952
0.3125 0.34375 -0.036322
0.34375 0.34375 -0.0538628
0.34375 0.375 -0.0760239
0.3125 0.375 -0.0544952
0.3125 0.34375 -0.036322
0.3125 0.3125 -0.0139255
0.34375 0.3125 -0.0276785
0.34375 0.34375 -0.0538628
0.3125 0.34375 -0.036322
0.34375 0.375 -0.0760239
0.34375 0.34375 -0.0538628
0.375 0.34375 -0.0673231
0.375 0.375 -0.093306
0.34375 0.375 -0.0760239
0.34375 0.34375 -0.0538628
0.34375 0.3125 -0.0276785
0.375 0.3125 -0.0386118
0.375 0.34375 -0.0673231
0.34375 0.34375 -0.0538628
0.3125 0.3125 -0.0139255
0.3125 0.28125 0.0128408
0.34375 0.28125 0.00020296
0.34375 0.3125 -0.0276785
0.3125 0.3125 -0.0139255
0.3125 0.28125 0.0128408
0.3125 0.25 0.0411552
0.34375 0.25 0.0298123
0.34375 0.28125 0.00020296
0.3125 0.28125 0.0128408
0.34375 0.3125 -0.0276785
0.34375 0.28125 0.00020296
0.375 0.28125 -0.00922164
0.375 0.3125 -0.0386118
0.34375 0.3125 -0.0276785
0.34375 0.28125 0.00020296
0.34375 0.25 0.0298123
0.375 0.25 0.0209612
0.375 0.28125 -0.00922164
0.34375 0.28125 0.00020296
0.375 0.5 -0.126369
0.375 0.4375 -0.127246
0.4375 0.4375 -0.161276
0.4375 0.5 -0.18249
0.375 0.5 -0.126369
0.375 0.4375 -0.127246
0.375 0.375 -0.093306
0.4375 0.375 -0.114314
0.4375 0.4375 -0.161276
0.375 0.4375 -0.127246
0.4375 0.5 -0.18249
0.4375 0.4375 -0.161276
0.5 0.4375 -0.183923
0.5 0.5 -0.226309
0.4375 0.5 -0.18249
0.4375 0.4375 -0.161276
0.4375 0.375 -0.114314
0.5 0.375 -0.126569
0.5 0.4375 -0.183923
0.4375 0.4375 -0.161276
0.375 0.375 -0.093306
0.375 0.34375 -0.0673231
0.40625 0.34375 -0.0769147
0.40625 0.375 -0.105732
0.375 0.375 -0.093306
0.375 0.34375 -0.0673231
0.375 0.3125 -0.0386118
0.40625 0.3125 -0.0469469
0.40625 0.34375 -0.0769147
0.375 0.34375 -0.0673231
0.40625 0.375 -0.105732
0.40625 0.34375 -0.0769147
0.4375 0.34375 -0.0842244
0.4375 0.375 -0.114314
0.40625 0.375 -0.105732
0.40625 0.34375 -0.0769147
0.40625 0.3125 -0.0469469
0.4375 0.3125 -0.0537495
0.4375 0.34375 -0.0842244
0.40625 0.34375 -0.0769147
0.375 0.3125 -0.0386118
0.375 0.28125 -0.00922164
0.40625 0.28125 -0.0167444
0.40625 0.3125 -0.0469469
0.375 0.3125 -0.0386118
0.375 0.28125 -0.00922164
0.375 0.25 0.0209612
0.40625 0.25 0.0137317
0.40625 0.28125 -0.0167444
0.375 0.28125 -0.00922164
0.40625 0.3125 -0.0469469
0.40625 0.28125 -0.0167444
0.4375 0.28125 -0.023196
0.4375 0.3125 -0.0537495
0.40625 0.3125 -0.0469469
0.40625 0.28125 -0.0167444
0.40625 0.25 0.0137317
0.4375 0.25 0.00744241
0.4375 0.28125 -0.023196
0.40625 0.28125 -0.0167444
0.4375 0.375 -0.114314
0.4375 0.34375 -0.0842244
0.46875 0.34375 -0.0903857
0.46875 0.375 -0.120959
0.4375 0.375 -0.114314
0.4375 0.34375 -0.0842244
0.4375 0.3125 -0.0537495
0.46875 0.3125 -0.0596935
0.46875 0.34375 -0.0903857
0.4375 0.34375 -0.0842244
0.46875 0.375 -0.120959
0.46875 0.34375 -0.0903857
0.5 0.34375 -0.0957689
0.5 0.375 -0.126569
0.46875 0.375 -0.120959
0.46875 0.34375 -0.0903857
0.46875 0.3125 -0.0596935
0.5 0.3125 -0.0649311
0.5 0.34375 -0.0957689
0.46875 0.34375 -0.0903857
0.4375 0.3125 -0.0537495
0.4375 0.28125 -0.023196
0.46875 0.28125 -0.0289631
0.46875 0.3125 -0.0596935
0.4375 0.3125 -0.0537495
0.4375 0.28125 -0.023196
0.4375 0.25 0.00744241
0.46875 0.25 0.00179764
0.46875 0.28125 -0.0289631
0.4375 0.28125 -0.023196
0.46875 0.3125 -0.0596935
0.46875 0.28125 -0.0289631
0.5 0.28125 -0.0340735
0.5 0.3125 -0.0649311
0.46875 0.3125 -0.0596935
0.46875 0.28125 -0.0289631
0.46875 0.25 0.00179764
0.5 0.25 -0.00319973
0.5 0.28125 -0.0340735
0.46875 0.28125 -0.0289631
0.25 0.25 0.0733747
0.25 0.21875 0.0988162
0.28125 0.21875 0.0829844
0.28125 0.25 0.0555587
0.25 0.25 0.0733747
0.25 0.21875 0.0988162
0.25 0.1875 0.125497
0.28125 0.1875 0.111204
0.28125 0.21875 0.0829844
0.25 0.21875 0.0988162
0.28125 0.25 0.0555587
0.28125 0.21875 0.0829844
0.3125 0.21875 0.0700445
0.3125 0.25 0.0411552
0.28125 0.25 0.0555587
0.28125 0.21875 0.0829844
0.28125 0.1875 0.111204
0.3125 0.1875 0.0993243
0.3125 0.21875 0.0700445
0.28125 0.21875 0.0829844
0.25 0.1875 0.125497
0.25 0.125 0.181323
0.3125 0.125 0.158609
0.3125 0.1875 0.0993243
0.25 0.1875 0.125497
0.3125 0.25 0.0411552
0.3125 0.21875 0.0700445
0.34375 0.21875 0.0596429
0.34375 0.25 0.0298123
0.3125 0.25 0.0411552
0.3125 0.21875 0.0700445
0.3125 0.1875 0.0993243
0.34375 0.1875 0.0896417
0.34375 0.21875 0.0596429
0.3125 0.21875 0.0700445
0.34375 0.25 0.0298123
0.34375 0.21875 0.0596429
0.375 0.21875 0.0512868
0.375 0.25 0.0209612
0.34375 0.25 0.0298123
0.34375 0.21875 0.0596429
0.34375 0.1875 0.0896417
0.375 0.1875 0.0816751
0.375 0.21875 0.0512868
0.34375 0.21875 0.0596429
0.3125 0.1875 0.0993243
0.3125 0.15625 0.12886
0.34375 0.15625 0.11975
0.34375 0.1875 0.0896417
0.3125 0.1875 0.0993243
0.3125 0.15625 0.12886
0.3125 0.125 0.158609
0.34375 0.125 0.149978
0.34375 0.15625 0.11975
0.3125 0.15625 0.12886
0.34375 0.1875 0.0896417
0.34375 0.15625 0.11975
0.375 0.15625 0.11211
0.375 0.1875 0.0816751
0.34375 0.1875 0.0896417
0.34375 0.15625 0.11975
0.34375 0.125 0.149978
0.375 0.125 0.142592
0.375 0.15625 0.11211
0.34375 0.15625 0.11975
0.25 0.125 0.181323
0.25 0.0625 0.238776
0.3125 0.0625 0.218629
0.3125 0.125 0.158609
0.25 0.125 0.181323
0.25 0.0625 0.238776
0.25 0 0.297718
0.3125 0 0.279123
0.3125 0.0625 0.218629
0.25 0.0625 0.238776
0.3125 0.125 0.158609
0.3125 0.0625 0.218629
0.375 0.0625 0.203657
0.375 0.125 0.142592
0.3125 0.125 0.158609
0.3125 0.0625 0.218629
0.3125 0 0.279123
0.375 0 0.264885
0.375 0.0625 0.203657
0.3125 0.0625 0.218629
0.375 0.25 0.0209612
0.375 0.21875 0.0512868
0.40625 0.21875 0.0442895
0.40625 0.25 0.0137317
0.375 0.25 0.0209612
0.375 0.21875 0.0512868
0.375 0.1875 0.0816751
0.40625 0.1875 0.0748749
0.40625 0.21875 0.0442895
0.375 0.21875 0.0512868
0.40625 0.25 0.0137317
0.40625 0.21875 0.0442895
0.4375 0.21875 0.0381299
0.4375 0.25 0.00744241
0.40625 0.25 0.0137317
0.40625 0.21875 0.0442895
0.40625 0.1875 0.0748749
0.4375 0.1875 0.0688397
0.4375 0.21875 0.0381299
0.40625 0.21875 0.0442895
0.375 0.1875 0.0816751
0.375 0.15625 0.11211
0.40625 0.15625 0.105486
0.40625 0.1875 0.0748749
0.375 0.1875 0.0816751
0.375 0.15625 0.11211
0.375 0.125 0.142592
0.40625 0.125 0.136128
0.40625 0.15625 0.105486
0.375 0.15625 0.11211
0.40625 0.1875 0.0748749
0.40625 0.15625 0.105486
0.4375 0.15625 0.099572
0.4375 0.1875 0.0688397
0.40625 0.1875 0.0748749
0.40625 0.15625 0.105486
0.40625 0.125 0.136128
0.4375 0.125 0.130324
0.4375 0.15625 0.099572
0.40625 0.15625 0.105486
0.4375 0.25 0.00744241
0.4375 0.21875 0.0381299
0.46875 0.21875 0.0326013
0.46875 0.25 0.00179764
0.4375 0.25 0.00744241
0.4375 0.21875 0.0381299
0.4375 0.1875 0.0688397
0.46875 0.1875 0.0634245
0.46875 0.21875 0.0326013
0.4375 0.21875 0.0381299
0.46875 0.25 0.00179764
0.46875 0.21875 0.0326013
0.5 0.21875 0.0277185
0.5 0.25 -0.00319973
0.46875 0.25 0.00179764
0.46875 0.21875 0.0326013
0.46875 0.1875 0.0634245
0.5 0.1875 0.0586579
0.5 0.21875 0.0277185
0.46875 0.21875 0.0326013
0.4375 0.1875 0.0688397
0.4375 0.15625 0.099572
0.46875 0.15625 0.0942662
0.46875 0.1875 0.0634245
0.4375 0.1875 0.0688397
0.4375 0.15625 0.099572
0.4375 0.125 0.130324
0.46875 0.125 0.125125
0.46875 0.15625 0.0942662
0.4375 0.15625 0.099572
0.46875 0.1875 0.0634245
0.46875 0.15625 0.0942662
0.5 0.15625 0.089614
0.5 0.1875 0.0586579
0.46875 0.1875 0.0634245
0.46875 0.15625 0.0942662
0.46875 0.125 0.125125
0.5 0.125 0.120586
0.5 0.15625 0.089614
0.46875 0.15625 0.0942662
0.375 0.125 0.142592
0.375 0.0625 0.203657
0.4375 0.0625 0.19189
0.4375 0.125 0.130324
0.375 0.125 0.142592
0.375 0.0625 0.203657
0.375 0 0.264885
0.4375 0 0.253571
0.4375 0.0625 0.19189
0.375 0.0625 0.203657
0.4375 0.125 0.130324
0.4375 0.0625 0.19189
0.5 0.0625 0.182599
0.5 0.125 0.120586
0.4375 0.125 0.130324
0.4375 0.0625 0.19189
0.4375 0 0.253571
0.5 0 0.244704
0.5 0.0625 0.182599
0.4375 0.0625 0.19189
0.5 1 0.24467
0.5 0.9375 0.182576
0.5625 0.9375 0.191942
0.5625 1 0.253607
0.5 1 0.24467
0.5 0.9375 0.182576
0.5 0.875 0.120516
0.5625 0.875 0.130329
0.5625 0.9375 0.191942
0.5 0.9375 0.182576
0.5625 1 0.253607
0.5625 0.9375 0.191942
0.625 0.9375 0.203888
0.625 1 0.265078
0.5625 1 0.253607
0.5625 0.9375 0.191942
0.5625 0.875 0.130329
0.625 0.875 0.142768
0.625 0.9375 0.203888
0.5625 0.9375 0.191942
0.5 0.875 0.120516
0.5 0.84375 0.0895306
0.53125 0.84375 0.0942116
0.53125 0.875 0.125084
0.5 0.875 0.120516
0.5 0.84375 0.0895306
0.5 0.8125 0.0585627
0.53125 0.8125 0.0633571
0.53125 0.84375 0.0942116
0.5 0.84375 0.0895306
0.53125 0.875 0.125084
0.53125 0.84375 0.0942116
0.5625 0.84375 0.0995647
0.5625 0.875 0.130329
0.53125 0.875 0.125084
0.53125 0.84375 0.0942116
0.53125 0.8125 0.0633571
0.5625 0.8125 0.0688216
0.5625 0.84375 0.0995647
0.53125 0.84375 0.0942116
0.5 0.8125 0.0585627
0.5 0.78125 0.0276115
0.53125 0.78125 0.0325214
0.53125 0.8125 0.0633571
0.5 0.8125 0.0585627
0.5 0.78125 0.0276115
0.5 0.75 -0.00331902
0.53125 0.75 0.00170488
0.53125 0.78125 0.0325214
0.5 0.78125 0.0276115
0.53125 0.8125 0.0633571
0.53125 0.78125 0.0325214
0.5625 0.78125 0.0381003
0.5625 0.8125 0.0688216
0.53125 0.8125 0.0633571
0.53125 0.78125 0.0325214
0.53125 0.75 0.00170488
0.5625 0.75 0.00740162
0.5625 0.78125 0.0381003
0.53125 0.78125 0.0325214
0.5625 0.875 0.130329
0.5625 0.84375 0.0995647
0.59375 0.84375 0.105548
0.59375 0.875 0.136195
0.5625 0.875 0.130329
0.5625 0.84375 0.0995647
0.5625 0.8125 0.0688216
0.59375 0.8125 0.0749258
0.59375 0.84375 0.105548
0.5625 0.84375 0.0995647
0.59375 0.875 0.136195
0.59375 0.84375 0.105548
0.625 0.84375 0.112275
0.625 0.875 0.142768
0.59375 0.875 0.136195
0.59375 0.84375 0.105548
0.59375 0.8125 0.0749258
0.625 0.8125 0.0818217
0.625 0.84375 0.112275
0.59375 0.84375 0.105548
0.5625 0.8125 0.0688216
0.5625 0.78125 0.0381003
0.59375 0.78125 0.0443301
0.59375 0.8125 0.0749258
0.5625 0.8125 0.0688216
0.5625 0.78125 0.0381003
0.5625 0.75 0.00740162
0.59375 0.75 0.0137616
0.59375 0.78125 0.0443301
0.5625 0.78125 0.0381003
0.59375 0.8125 0.0749258
0.59375 0.78125 0.0443301
0.625 0.78125 0.051413
0.625 0.8125 0.0818217
0.59375 0.8125 0.0749258
0.59375 0.78125 0.0443301
0.59375 0.75 0.0137616
0.625 0.75 0.0210539
0.625 0.78125 0.051413
0.59375 0.78125 0.0443301
0.625 1 0.265078
0.625 0.9375 0.203888
0.6875 0.9375 0.219541
0.6875 1 0.27985
0.625 1 0.265078
0.625 0.9375 0.203888
0.625 0.875 0.142768
0.6875 0.875 0.159438
0.6875 0.9375 0.219541
0.625 0.9375 0.203888
0.6875 1 0.27985
0.6875 0.9375 0.219541
0.75 0.9375 0.241961
0.75 1 0.300088
0.6875 1 0.27985
0.6875 0.9375 0.219541
0.6875 0.875 0.159438
0.75 0.875 0.184618
0.75 0.9375 0.241961
0.6875 0.9375 0.219541
0.625 0.875 0.142768
0.625 0.84375 0.112275
0.65625 0.84375 0.120097
0.65625 0.875 0.150322
0.625 0.875 0.142768
0.625 0.84375 0.112275
0.625 0.8125 0.0818217
0.65625 0.8125 0.0899516
0.65625 0.84375 0.120097
0.625 0.84375 0.112275
0.65625 0.875 0.150322
0.65625 0.84375 0.120097
0.6875 0.84375 0.129696
0.6875 0.875 0.159438
0.65625 0.875 0.150322
0.65625 0.84375 0.120097
0.65625 0.8125 0.0899516
0.6875 0.8125 0.100156
0.6875 0.84375 0.129696
0.65625 0.84375 0.120097
0.625 0.8125 0.0818217
0.625 0.78125 0.051413
0.65625 0.78125 0.0599019
0.65625 0.8125 0.0899516
0.625 0.8125 0.0818217
0.625 0.78125 0.051413
0.625 0.75 0.0210539
0.65625 0.75 0.0299744
0.65625 0.78125 0.0599019
0.625 0.78125 0.051413
0.65625 0.8125 0.0899516
0.65625 0.78125 0.0599019
0.6875 0.78125 0.0708719
0.6875 0.8125 0.100156
0.65625 0.8125 0.0899516
0.65625 0.78125 0.0599019
0.65625 0.75 0.0299744
0.6875 0.75 0.0419339
0.6875 0.78125 0.0708719
0.65625 0.78125 0.0599019
0.6875 0.875 0.159438
0.6875 0.8125 0.100156
0.75 0.8125 0.128806
0.75 0.875 0.184618
0.6875 0.875 0.159438
0.6875 0.8125 0.100156
0.6875 0.78125 0.0708719
0.71875 0.78125 0.0848903
0.71875 0.8125 0.112983
0.6875 0.8125 0.100156
0.6875 0.78125 0.0708719
0.6875 0.75 0.0419339
0.71875 0.75 0.0574525
0.71875 0.78125 0.0848903
0.6875 0.78125 0.0708719
0.71875 0.8125 0.112983
0.71875 0.78125 0.0848903
0.75 0.78125 0.102265
0.75 0.8125 0.128806
0.71875 0.8125 0.112983
0.71875 0.78125 0.0848903
0.71875 0.75 0.0574525
0.75 0.75 0.0767801
0.75 0.78125 0.102265
0.71875 0.78125 0.0848903
0.5 0.75 -0.00331902
0.5 0.71875 -0.0342079
0.53125 0.71875 -0.0290725
0.53125 0.75 0.00170488
0.5 0.75 -0.00331902
0.5 0.71875 -0.0342079
0.5 0.6875 -0.0650798
0.53125 0.6875 -0.0598271
0.53125 0.71875 -0.0290725
0.5 0.71875 -0.0342079
0.53125 0.75 0.00170488
0.53125 0.71875 -0.0290725
0.5625 0.71875 -0.0232515
0.5625 0.75 0.00740162
0.53125 0.75 0.00170488
0.53125 0.71875 -0.0290725
0.53125 0.6875 -0.0598271
0.5625 0.6875 -0.05387
0.5625 0.71875 -0.0232515
0.53125 0.71875 -0.0290725
0.5 0.6875 -0.0650798
0.5 0.65625 -0.0959342
0.53125 0.65625 -0.0905571
0.53125 0.6875 -0.0598271
0.5 0.6875 -0.0650798
0.5 0.65625 -0.0959342
0.5 0.625 -0.126764
0.53125 0.625 -0.121259
0.53125 0.65625 -0.0905571
0.5 0.65625 -0.0959342
0.53125 0.6875 -0.0598271
0.53125 0.65625 -0.0905571
0.5625 0.65625 -0.0844475
0.5625 0.6875 -0.05387
0.53125 0.6875 -0.0598271
0.53125 0.65625 -0.0905571
0.53125 0.625 -0.121259
0.5625 0.625 -0.114968
0.5625 0.65625 -0.0844475
0.53125 0.65625 -0.0905571
0.5625 0.75 0.00740162
0.5625 0.71875 -0.0232515
0.59375 0.71875 -0.016739
0.59375 0.75 0.0137616
0.5625 0.75 0.00740162
0.5625 0.71875 -0.0232515
0.5625 0.6875 -0.05387
0.59375 0.6875 -0.0471557
0.59375 0.71875 -0.016739
0.5625 0.71875 -0.0232515
0.59375 0.75 0.0137616
0.59375 0.71875 -0.016739
0.625 0.71875 -0.00919211
0.625 0.75 0.0210539
0.59375 0.75 0.0137616
0.59375 0.71875 -0.016739
0.59375 0.6875 -0.0471557
0.625 0.6875 -0.0391766
0.625 0.71875 -0.00919211
0.59375 0.71875 -0.016739
0.5625 0.6875 -0.05387
0.5625 0.65625 -0.0844475
0.59375 0.65625 -0.0774629
0.59375 0.6875 -0.0471557
0.5625 0.6875 -0.05387
0.5625 0.65625 -0.0844475
0.5625 0.625 -0.114968
0.59375 0.625 -0.107566
0.59375 0.65625 -0.0774629
0.5625 0.65625 -0.0844475
0.59375 0.6875 -0.0471557
0.59375 0.65625 -0.0774629
0.625 0.65625 -0.0687683
0.625 0.6875 -0.0391766
0.59375 0.6875 -0.0471557
0.59375 0.65625 -0.0774629
0.59375 0.625 -0.107566
0.625 0.625 -0.0974664
0.625 0.65625 -0.0687683
0.59375 0.65625 -0.0774629
0.5 0.625 -0.126764
0.5 0.5625 -0.189101
0.5625 0.5625 -0.172978
0.5625 0.625 -0.114968
0.5 0.625 -0.126764
0.5 0.5625 -0.189101
0.5 0.5 -0.226309
0.5625 0.5 -0.184508
0.5625 0.5625 -0.172978
0.5 0.5625 -0.189101
0.5625 0.625 -0.114968
0.5625 0.5625 -0.172978
0.625 0.5625 -0.133575
0.625 0.625 -0.0974664
0.5625 0.625 -0.114968
0.5625 0.5625 -0.172978
0.5625 0.5 -0.184508
0.625 0.5 -0.125991
0.625 0.5625 -0.133575
0.5625 0.5625 -0.172978
0.625 0.75 0.0210539
0.625 0.71875 -0.00919211
0.65625 0.71875 0.000201819
0.65625 0.75 0.0299744
0.625 0.75 0.0210539
0.625 0.71875 -0.00919211
0.625 0.6875 -0.0391766
0.65625 0.6875 -0.0286751
0.65625 0.71875 0.000201819
0.625 0.71875 -0.00919211
0.65625 0.75 0.0299744
0.65625 0.71875 0.000201819
0.6875 0.71875 0.0134928
0.6875 0.75 0.0419339
0.65625 0.75 0.0299744
0.65625 0.71875 0.000201819
0.65625 0.6875 -0.0286751
0.6875 0.6875 -0.0135478
0.6875 0.71875 0.0134928
0.65625 0.71875 0.000201819
0.625 0.6875 -0.0391766
0.625 0.65625 -0.0687683
0.65625 0.65625 -0.0562349
0.65625 0.6875 -0.0286751
0.625 0.6875 -0.0391766
0.625 0.65625 -0.0687683
0.625 0.625 -0.0974664
0.65625 0.625 -0.0809464
0.65625 0.65625 -0.0562349
0.625 0.65625 -0.0687683
0.65625 0.6875 -0.0286751
0.65625 0.65625 -0.0562349
0.6875 0.65625 -0.0380153
0.6875 0.6875 -0.0135478
0.65625 0.6875 -0.0286751
0.65625 0.65625 -0.0562349
0.65625 0.625 -0.0809464
0.6875 0.625 -0.0581522
0.6875 0.65625 -0.0380153
0.65625 0.65625 -0.0562349
0.6875 0.75 0.0419339
0.6875 0.71875 0.0134928
0.71875 0.71875 0.030959
0.71875 0.75 0.0574525
0.6875 0.75 0.0419339
0.6875 0.71875 0.0134928
0.6875 0.6875 -0.0135478
0.71875 0.6875 0.00587707
0.71875 0.71875 0.030959
0.6875 0.71875 0.0134928
0.71875 0.75 0.0574525
0.71875 0.71875 0.030959
0.75 0.71875 0.0527008
0.75 0.75 0.0767801
0.71875 0.75 0.0574525
0.71875 0.71875 0.030959
0.71875 0.6875 0.00587707
0.75 0.6875 0.0306031
0.75 0.71875 0.0527008
0.71875 0.71875 0.030959
0.6875 0.6875 -0.0135478
0.6875 0.65625 -0.0380153
0.71875 0.65625 -0.0151722
0.71875 0.6875 0.00587707
0.6875 0.6875 -0.0135478
0.6875 0.65625 -0.0380153
0.6875 0.625 -0.0581522
0.71875 0.625 -0.0314549
0.71875 0.65625 -0.0151722
0.6875 0.65625 -0.0380153
0.71875 0.6875 0.00587707
0.71875 0.65625 -0.0151722
0.75 0.65625 0.0114395
0.75 0.6875 0.0306031
0.71875 0.6875 0.00587707
0.71875 0.65625 -0.0151722
0.71875 0.625 -0.0314549
0.75 0.625 -0.00250546
0.75 0.65625 0.0114395
0.71875 0.65625 -0.0151722
0.625 0.625 -0.0974664
0.625 0.59375 -0.122479
0.65625 0.59375 -0.0989958
0.65625 0.625 -0.0809464
0.625 0.625 -0.0974664
0.625 0.59375 -0.122479
0.625 0.5625 -0.133575
0.65625 0.5625 -0.102573
0.65625 0.59375 -0.0989958
0.625 0.59375 -0.122479
0.65625 0.625 -0.0809464
0.65625 0.59375 -0.0989958
0.6875 0.59375 -0.0704789
0.6875 0.625 -0.0581522
0.65625 0.625 -0.0809464
0.65625 0.59375 -0.0989958
0.65625 0.5625 -0.102573
0.6875 0.5625 -0.0715245
0.6875 0.59375 -0.0704789
0.65625 0.59375 -0.0989958
0.625 0.5625 -0.133575
0.625 0.53125 -0.1305
0.65625 0.53125 -0.0996405
0.65625 0.5625 -0.102573
0.625 0.5625 -0.133575
0.625 0.53125 -0.1305
0.625 0.5 -0.125991
0.65625 0.5 -0.0953045
0.65625 0.53125 -0.0996405
0.625 0.53125 -0.1305
0.65625 0.5625 -0.102573
0.65625 0.53125 -0.0996405
0.6875 0.53125 -0.0687528
0.6875 0.5625 -0.0715245
0.65625 0.5625 -0.102573
0.65625 0.53125 -0.0996405
0.65625 0.5 -0.0953045
0.6875 0.5 -0.0645671
0.6875 0.53125 -0.0687528
0.65625 0.53125 -0.0996405
0.6875 0.625 -0.0581522
0.6875 0.59375 -0.0704789
0.71875 0.59375 -0.0400885
0.71875 0.625 -0.0314549
0.6875 0.625 -0.0581522
0.6875 0.59375 -0.0704789
0.6875 0.5625 -0.0715245
0.71875 0.5625 -0.0404593
0.71875 0.59375 -0.0400885
0.6875 0.59375 -0.0704789
0.71875 0.625 -0.0314549
0.71875 0.59375 -0.0400885
0.75 0.59375 -0.00910923
0.75 0.625 -0.00250546
0.71875 0.625 -0.0314549
0.71875 0.59375 -0.0400885
0.71875 0.5625 -0.0404593
0.75 0.5625 -0.0093789
0.75 0.59375 -0.00910923
0.71875 0.59375 -0.0400885
0.6875 0.5625 -0.0715245
0.6875 0.53125 -0.0687528
0.71875 0.53125 -0.0378439
0.71875 0.5625 -0.0404593
0.6875 0.5625 -0.0715245
0.6875 0.53125 -0.0687528
0.6875 0.5 -0.0645671
0.71875 0.5 -0.0337963
0.71875 0.53125 -0.0378439
0.6875 0.53125 -0.0687528
0.71875 0.5625 -0.0404593
0.71875 0.53125 -0.0378439
0.75 0.53125 -0.00691592
0.75 0.5625 -0.0093789
0.71875 0.5625 -0.0404593
0.71875 0.53125 -0.0378439
0.71875 0.5 -0.0337963
0.75 0.5 -0.0030002
0.75 0.53125 -0.00691592
0.71875 0.53125 -0.0378439
0.75 1 0.300088
0.75 0.875 0.184618
0.875 0.875 0.260823
0.875 1 0.361345
0.75 1 0.300088
0.75 0.875 0.184618
0.75 0.8125 0.128806
0.8125 0.8125 0.167983
0.8125 0.875 0.218627
0.75 0.875 0.184618
0.75 0.8125 0.128806
0.75 0.78125 0.102265
0.78125 0.78125 0.122512
0.78125 0.8125 0.147408
0.75 0.8125 0.128806
0.75 0.78125 0.102265
0.75 0.75 0.0767801
0.78125 0.75 0.0989408
0.78125 0.78125 0.122512
0.75 0.78125 0.102265
0.78125 0.8125 0.147408
0.78125 0.78125 0.122512
0.8125 0.78125 0.144719
0.8125 0.8125 0.167983
0.78125 0.8125 0.147408
0.78125 0.78125 0.122512
0.78125 0.75 0.0989408
0.8125 0.75 0.122941
0.8125 0.78125 0.144719
0.78125 0.78125 0.122512
0.8125 0.875 0.218627
0.8125 0.8125 0.167983
0.875 0.8125 0.215373
0.875 0.875 0.260823
0.8125 0.875 0.218627
0.8125 0.8125 0.167983
0.8125 0.75 0.122941
0.875 0.75 0.174743
0.875 0.8125 0.215373
0.8125 0.8125 0.167983
0.875 1 0.361345
0.875 0.875 0.260823
1 0.875 0.359289
1 1 0.448707
0.875 1 0.361345
0.875 0.875 0.260823
0.875 0.8125 0.215373
0.9375 0.8125 0.266729
0.9375 0.875 0.307598
0.875 0.875 0.260823
0.875 0.8125 0.215373
0.875 0.75 0.174743
0.9375 0.75 0.231311
0.9375 0.8125 0.266729
0.875 0.8125 0.215373
0.9375 0.875 0.307598
0.9375 0.8125 0.266729
1 0.8125 0.321795
1 0.875 0.359289
0.9375 0.875 0.307598
0.9375 0.8125 0.266729
0.9375 0.75 0.231311
1 0.75 0.289645
1 0.8125 0.321795
0.9375 0.8125 0.266729
0.75 0.75 0.0767801
0.75 0.71875 0.0527008
0.78125 0.71875 0.0770537
0.78125 0.75 0.0989408
0.75 0.75 0.0767801
0.75 0.71875 0.0527008
0.75 0.6875 0.0306031
0.78125 0.6875 0.0573913
0.78125 0.71875 0.0770537
0.75 0.71875 0.0527008
0.78125 0.75 0.0989408
0.78125 0.71875 0.0770537
0.8125 0.71875 0.102974
0.8125 0.75 0.122941
0.78125 0.75 0.0989408
0.78125 0.71875 0.0770537
0.78125 0.6875 0.0573913
0.8125 0.6875 0.0852756
0.8125 0.71875 0.102974
0.78125 0.71875 0.0770537
0.75 0.6875 0.0306031
0.75 0.65625 0.0114395
0.78125 0.65625 0.040749
0.78125 0.6875 0.0573913
0.75 0.6875 0.0306031
0.75 0.65625 0.0114395
0.75 0.625 -0.00250546
0.78125 0.625 0.0283596
0.78125 0.65625 0.040749
0.75 0.65625 0.0114395
0.78125 0.6875 0.0573913
0.78125 0.65625 0.040749
0.8125 0.65625 0.0704719
0.8125 0.6875 0.0852756
0.78125 0.6875 0.0573913
0.78125 0.65625 0.040749
0.78125 0.625 0.0283596
0.8125 0.625 0.0594016
0.8125 0.65625 0.0704719
0.78125 0.65625 0.040749
0.8125 0.75 0.122941
0.8125 0.71875 0.102974
0.84375 0.71875 0.130008
0.84375 0.75 0.148406
0.8125 0.75 0.122941
0.8125 0.71875 0.102974
0.8125 0.6875 0.0852756
0.84375 0.6875 0.113872
0.84375 0.71875 0.130008
0.8125 0.71875 0.102974
0.84375 0.75 0.148406
0.84375 0.71875 0.130008
0.875 0.71875 0.157686
0.875 0.75 0.174743
0.84375 0.75 0.148406
0.84375 0.71875 0.130008
0.84375 0.6875 0.113872
0.875 0.6875 0.142866
0.875 0.71875 0.157686
0.84375 0.71875 0.130008
0.8125 0.6875 0.0852756
0.8125 0.65625 0.0704719
0.84375 0.65625 0.100471
0.84375 0.6875 0.113872
0.8125 0.6875 0.0852756
0.8125 0.65625 0.0704719
0.8125 0.625 0.0594016
0.84375 0.625 0.0904197
0.84375 0.65625 0.100471
0.8125 0.65625 0.0704719
0.84375 0.6875 0.113872
0.84375 0.65625 0.100471
0.875 0.65625 0.130624
0.875 0.6875 0.142866
0.84375 0.6875 0.113872
0.84375 0.65625 0.100471
0.84375 0.625 0.0904197
0.875 0.625 0.12141
0.875 0.65625 0.130624
0.84375 0.65625 0.100471
0.75 0.625 -0.00250546
0.75 0.59375 -0.00910923
0.78125 0.59375 0.0220715
0.78125 0.625 0.0283596
0.75 0.625 -0.00250546
0.75 0.59375 -0.00910923
0.75 0.5625 -0.0093789
0.78125 0.5625 0.021799
0.78125 0.59375 0.0220715
0.75 0.59375 -0.00910923
0.78125 0.625 0.0283596
0.78125 0.59375 0.0220715
0.8125 0.59375 0.0533204
0.8125 0.625 0.0594016
0.78125 0.625 0.0283596
0.78125 0.59375 0.0220715
0.78125 0.5625 0.021799
0.8125 0.5625 0.0530337
0.8125 0.59375 0.0533204
0.78125 0.59375 0.0220715
0.75 0.5625 -0.0093789
0.75 0.53125 -0.00691592
0.78125 0.53125 0.0241304
0.78125 0.5625 0.021799
0.75 0.5625 -0.0093789
0.75 0.53125 -0.00691592
0.75 0.5 -0.0030002
0.78125 0.5 0.0279281
0.78125 0.53125 0.0241304
0.75 0.53125 -0.00691592
0.78125 0.5625 0.021799
0.78125 0.53125 0.0241304
0.8125 0.53125 0.0552378
0.8125 0.5625 0.0530337
0.78125 0.5625 0.021799
0.78125 0.53125 0.0241304
0.78125 0.5 0.0279281
0.8125 0.5 0.0588907
0.8125 0.53125 0.0552378
0.78125 0.53125 0.0241304
0.8125 0.625 0.0594016
0.8125 0.59375 0.0533204
0.84375 0.59375 0.0845663
0.84375 0.625 0.0904197
0.8125 0.625 0.0594016
0.8125 0.59375 0.0533204
0.8125 0.5625 0.0530337
0.84375 0.5625 0.0842685
0.84375 0.59375 0.0845663
0.8125 0.59375 0.0533204
0.84375 0.625 0.0904197
0.84375 0.59375 0.0845663
0.875 0.59375 0.115819
0.875 0.625 0.12141
0.84375 0.625 0.0904197
0.84375 0.59375 0.0845663
0.84375 0.5625 0.0842685
0.875 0.5625 0.115503
0.875 0.59375 0.115819
0.84375 0.59375 0.0845663
0.8125 0.5625 0.0530337
0.8125 0.53125 0.0552378
0.84375 0.53125 0.0863554
0.84375 0.5625 0.0842685
0.8125 0.5625 0.0530337
0.8125 0.53125 0.0552378
0.8125 0.5 0.0588907
0.84375 0.5 0.0898702
0.84375 0.53125 0.0863554
0.8125 0.53125 0.0552378
0.84375 0.5625 0.0842685
0.84375 0.53125 0.0863554
0.875 0.53125 0.117486
0.875 0.5625 0.115503
0.84375 0.5625 0.0842685
0.84375 0.53125 0.0863554
0.84375 0.5 0.0898702
0.875 0.5 0.120865
0.875 0.53125 0.117486
0.84375 0.53125 0.0863554
0.875 0.75 0.174743
0.875 0.6875 0.142866
0.9375 0.6875 0.20321
0.9375 0.75 0.231311
0.875 0.75 0.174743
0.875 0.6875 0.142866
0.875 0.625 0.12141
0.9375 0.625 0.183864
0.9375 0.6875 0.20321
0.875 0.6875 0.142866
0.9375 0.75 0.231311
0.9375 0.6875 0.20321
1 0.6875 0.264081
1 0.75 0.289645
0.9375 0.75 0.231311
0.9375 0.6875 0.20321
0.9375 0.625 0.183864
1 0.625 0.246306
1 0.6875 0.264081
0.9375 0.6875 0.20321
0.875 0.625 0.12141
0.875 0.5625 0.115503
0.9375 0.5625 0.177995
0.9375 0.625 0.183864
0.875 0.625 0.12141
0.875 0.5625 0.115503
0.875 0.5 0.120865
0.9375 0.5 0.182922
0.9375 0.5625 0.177995
0.875 0.5625 0.115503
0.9375 0.625 0.183864
0.9375 0.5625 0.177995
1 0.5625 0.240497
1 0.625 0.246306
0.9375 0.625 0.183864
0.9375 0.5625 0.177995
0.9375 0.5 0.182922
1 0.5 0.245069
1 0.5625 0.240497
0.9375 0.5625 0.177995
0.5 0.5 -0.226309
0.5 0.4375 -0.183923
0.5625 0.4375 -0.165698
0.5625 0.5 -0.184508
0.5 0.5 -0.226309
0.5 0.4375 -0.183923
0.5 0.375 -0.126569
0.5625 0.375 -0.131541
0.5625 0.4375 -0.165698
0.5 0.4375 -0.183923
0.5625 0.5 -0.184508
0.5625 0.4375 -0.165698
0.625 0.4375 -0.113843
0.625 0.5 -0.125991
0.5625 0.5 -0.184508
0.5625 0.4375 -0.165698
0.5625 0.375 -0.131541
0.625 0.375 -0.0940242
0.625 0.4375 -0.113843
0.5625 0.4375 -0.165698
0.5 0.375 -0.126569
0.5 0.34375 -0.0957689
0.53125 0.34375 -0.100318
0.53125 0.375 -0.13127
0.5 0.375 -0.126569
0.5 0.34375 -0.0957689
0.5 0.3125 -0.0649311
0.53125 0.3125 -0.0693499
0.53125 0.34375 -0.100318
0.5 0.34375 -0.0957689
0.53125 0.375 -0.13127
0.53125 0.34375 -0.100318
0.5625 0.34375 -0.103672
0.5625 0.375 -0.131541
0.53125 0.375 -0.13127
0.53125 0.34375 -0.100318
0.53125 0.3125 -0.0693499
0.5625 0.3125 -0.0725522
0.5625 0.34375 -0.103672
0.53125 0.34375 -0.100318
0.5 0.3125 -0.0649311
0.5 0.28125 -0.0340735
0.53125 0.28125 -0.0383663
0.53125 0.3125 -0.0693499
0.5 0.3125 -0.0649311
0.5 0.28125 -0.0340735
0.5 0.25 -0.00319973
0.53125 0.25 -0.00736659
0.53125 0.28125 -0.0383663
0.5 0.28125 -0.0340735
0.53125 0.3125 -0.0693499
0.53125 0.28125 -0.0383663
0.5625 0.28125 -0.041417
0.5625 0.3125 -0.0725522
0.53125 0.3125 -0.0693499
0.53125 0.28125 -0.0383663
0.53125 0.25 -0.00736659
0.5625 0.25 -0.0102683
0.5625 0.28125 -0.041417
0.53125 0.28125 -0.0383663
0.5625 0.375 -0.131541
0.5625 0.34375 -0.103672
0.59375 0.34375 -0.0963073
0.59375 0.375 -0.116983
0.5625 0.375 -0.131541
0.5625 0.34375 -0.103672
0.5625 0.3125 -0.0725522
0.59375 0.3125 -0.0707802
0.59375 0.34375 -0.0963073
0.5625 0.34375 -0.103672
0.59375 0.375 -0.116983
0.59375 0.34375 -0.0963073
0.625 0.34375 -0.0784527
0.625 0.375 -0.0940242
0.59375 0.375 -0.116983
0.59375 0.34375 -0.0963073
0.59375 0.3125 -0.0707802
0.625 0.3125 -0.0584115
0.625 0.34375 -0.0784527
0.59375 0.34375 -0.0963073
0.5625 0.3125 -0.0725522
0.5625 0.28125 -0.041417
0.59375 0.28125 -0.0415306
0.59375 0.3125 -0.0707802
0.5625 0.3125 -0.0725522
0.5625 0.28125 -0.041417
0.5625 0.25 -0.0102683
0.59375 0.25 -0.0108093
0.59375 0.28125 -0.0415306
0.5625 0.28125 -0.041417
0.59375 0.3125 -0.0707802
0.59375 0.28125 -0.0415306
0.625 0.28125 -0.0338188
0.625 0.3125 -0.0584115
0.59375 0.3125 -0.0707802
0.59375 0.28125 -0.0415306
0.59375 0.25 -0.0108093
0.625 0.25 -0.00632293
0.625 0.28125 -0.0338188
0.59375 0.28125 -0.0415306
0.625 0.5 -0.125991
0.625 0.46875 -0.120459
0.65625 0.46875 -0.0899833
0.65625 0.5 -0.0953045
0.625 0.5 -0.125991
0.625 0.46875 -0.120459
0.625 0.4375 -0.113843
0.65625 0.4375 -0.0838411
0.65625 0.46875 -0.0899833
0.625 0.46875 -0.120459
0.65625 0.5 -0.0953045
0.65625 0.46875 -0.0899833
0.6875 0.46875 -0.0593981
0.6875 0.5 -0.0645671
0.65625 0.5 -0.0953045
0.65625 0.46875 -0.0899833
0.65625 0.4375 -0.0838411
0.6875 0.4375 -0.0535162
0.6875 0.46875 -0.0593981
0.65625 0.46875 -0.0899833
0.625 0.4375 -0.113843
0.625 0.40625 -0.105436
0.65625 0.40625 -0.0765516
0.65625 0.4375 -0.0838411
0.625 0.4375 -0.113843
0.625 0.40625 -0.105436
0.625 0.375 -0.0940242
0.65625 0.375 -0.0673154
0.65625 0.40625 -0.0765516
0.625 0.40625 -0.105436
0.65625 0.4375 -0.0838411
0.65625 0.40625 -0.0765516
0.6875 0.40625 -0.0468086
0.6875 0.4375 -0.0535162
0.65625 0.4375 -0.0838411
0.65625 0.40625 -0.0765516
0.65625 0.375 -0.0673154
0.6875 0.375 -0.0387985
0.6875 0.40625 -0.0468086
0.65625 0.40625 -0.0765516
0.6875 0.5 -0.0645671
0.6875 0.46875 -0.0593981
0.71875 0.46875 -0.0287551
0.71875 0.5 -0.0337963
0.6875 0.5 -0.0645671
0.6875 0.46875 -0.0593981
0.6875 0.4375 -0.0535162
0.71875 0.4375 -0.0230342
0.71875 0.46875 -0.0287551
0.6875 0.46875 -0.0593981
0.71875 0.5 -0.0337963
0.71875 0.46875 -0.0287551
0.75 0.46875 0.00193133
0.75 0.5 -0.0030002
0.71875 0.5 -0.0337963
0.71875 0.46875 -0.0287551
0.71875 0.4375 -0.0230342
0.75 0.4375 0.00755473
0.75 0.46875 0.00193133
0.71875 0.46875 -0.0287551
0.6875 0.4375 -0.0535162
0.6875 0.40625 -0.0468086
0.71875 0.40625 -0.0166547
0.71875 0.4375 -0.0230342
0.6875 0.4375 -0.0535162
0.6875 0.40625 -0.0468086
0.6875 0.375 -0.0387985
0.71875 0.375 -0.00932877
0.71875 0.40625 -0.0166547
0.6875 0.40625 -0.0468086
0.71875 0.4375 -0.0230342
0.71875 0.40625 -0.0166547
0.75 0.40625 0.013754
0.75 0.4375 0.00755473
0.71875 0.4375 -0.0230342
0.71875 0.40625 -0.0166547
0.71875 0.375 -0.00932877
0.75 0.375 0.020779
0.75 0.40625 0.013754
0.71875 0.40625 -0.0166547
0.625 0.375 -0.0940242
0.625 0.34375 -0.0784527
0.65625 0.34375 -0.0550364
0.65625 0.375 -0.0673154
0.625 0.375 -0.0940242
0.625 0.34375 -0.0784527
0.625 0.3125 -0.0584115
0.65625 0.3125 -0.0389389
0.65625 0.34375 -0.0550364
0.625 0.34375 -0.0784527
0.65625 0.375 -0.0673154
0.65625 0.34375 -0.0550364
0.6875 0.34375 -0.0286197
0.6875 0.375 -0.0387985
0.65625 0.375 -0.0673154
0.65625 0.34375 -0.0550364
0.65625 0.3125 -0.0389389
0.6875 0.3125 -0.015079
0.6875 0.34375 -0.0286197
0.65625 0.34375 -0.0550364
0.625 0.3125 -0.0584115
0.625 0.28125 -0.0338188
0.65625 0.28125 -0.0190567
0.65625 0.3125 -0.0389389
0.625 0.3125 -0.0584115
0.625 0.28125 -0.0338188
0.625 0.25 -0.00632293
0.65625 0.25 0.00534309
0.65625 0.28125 -0.0190567
0.625 0.28125 -0.0338188
0.65625 0.3125 -0.0389389
0.65625 0.28125 -0.0190567
0.6875 0.28125 0.00167779
0.6875 0.3125 -0.015079
0.65625 0.3125 -0.0389389
0.65625 0.28125 -0.0190567
0.65625 0.25 0.00534309
0.6875 0.25 0.0238761
0.6875 0.28125 0.00167779
0.65625 0.28125 -0.0190567
0.6875 0.375 -0.0387985
0.6875 0.34375 -0.0286197
0.71875 0.34375 -0.000478923
0.71875 0.375 -0.00932877
0.6875 0.375 -0.0387985
0.6875 0.34375 -0.0286197
0.6875 0.3125 -0.015079
0.71875 0.3125 0.0116704
0.71875 0.34375 -0.000478923
0.6875 0.34375 -0.0286197
0.71875 0.375 -0.00932877
0.71875 0.34375 -0.000478923
0.75 0.34375 0.029276
0.75 0.375 0.020779
0.71875 0.375 -0.00932877
0.71875 0.34375 -0.000478923
0.71875 0.3125 0.0116704
0.75 0.3125 0.0402013
0.75 0.34375 0.029276
0.71875 0.34375 -0.000478923
0.6875 0.3125 -0.015079
0.6875 0.28125 0.00167779
0.71875 0.28125 0.0271251
0.71875 0.3125 0.0116704
0.6875 0.3125 -0.015079
0.6875 0.28125 0.00167779
0.6875 0.25 0.0238761
0.71875 0.25 0.0462842
0.71875 0.28125 0.0271251
0.6875 0.28125 0.00167779
0.71875 0.3125 0.0116704
0.71875 0.28125 0.0271251
0.75 0.28125 0.0539802
0.75 0.3125 0.0402013
0.71875 0.3125 0.0116704
0.71875 0.28125 0.0271251
0.71875 0.25 0.0462842
0.75 0.25 0.0709018
0.75 0.28125 0.0539802
0.71875 0.28125 0.0271251
0.5 0.25 -0.00319973
0.5 0.21875 0.0277185
0.53125 0.21875 0.0236803
0.53125 0.25 -0.00736659
0.5 0.25 -0.00319973
0.5 0.21875 0.0277185
0.5 0.1875 0.0586579
0.53125 0.1875 0.0547529
0.53125 0.21875 0.0236803
0.5 0.21875 0.0277185
0.53125 0.25 -0.00736659
0.53125 0.21875 0.0236803
0.5625 0.21875 0.0209199
0.5625 0.25 -0.0102683
0.53125 0.25 -0.00736659
0.53125 0.21875 0.0236803
0.53125 0.1875 0.0547529
0.5625 0.1875 0.0521297
0.5625 0.21875 0.0209199
0.53125 0.21875 0.0236803
0.5 0.1875 0.0586579
0.5 0.15625 0.089614
0.53125 0.15625 0.0858383
0.53125 0.1875 0.0547529
0.5 0.1875 0.0586579
0.5 0.15625 0.089614
0.5 0.125 0.120586
0.53125 0.125 0.116938
0.53125 0.15625 0.0858383
0.5 0.15625 0.089614
0.53125 0.1875 0.0547529
0.53125 0.15625 0.0858383
0.5625 0.15625 0.0833428
0.5625 0.1875 0.0521297
0.53125 0.1875 0.0547529
0.53125 0.15625 0.0858383
0.53125 0.125 0.116938
0.5625 0.125 0.114559
0.5625 0.15625 0.0833428
0.53125 0.15625 0.0858383
0.5625 0.25 -0.0102683
0.5625 0.21875 0.0209199
0.59375 0.21875 0.0204081
0.59375 0.25 -0.0108093
0.5625 0.25 -0.0102683
0.5625 0.21875 0.0209199
0.5625 0.1875 0.0521297
0.59375 0.1875 0.051652
0.59375 0.21875 0.0204081
0.5625 0.21875 0.0209199
0.59375 0.25 -0.0108093
0.59375 0.21875 0.0204081
0.625 0.21875 0.0241711
0.625 0.25 -0.00632293
0.59375 0.25 -0.0108093
0.59375 0.21875 0.0204081
0.59375 0.1875 0.051652
0.625 0.1875 0.0549411
0.625 0.21875 0.0241711
0.59375 0.21875 0.0204081
0.5625 0.1875 0.0521297
0.5625 0.15625 0.0833428
0.59375 0.15625 0.0828952
0.59375 0.1875 0.051652
0.5625 0.1875 0.0521297
0.5625 0.15625 0.0833428
0.5625 0.125 0.114559
0.59375 0.125 0.114141
0.59375 0.15625 0.0828952
0.5625 0.15625 0.0833428
0.59375 0.1875 0.051652
0.59375 0.15625 0.0828952
0.625 0.15625 0.0858144
0.625 0.1875 0.0549411
0.59375 0.1875 0.051652
0.59375 0.15625 0.0828952
0.59375 0.125 0.114141
0.625 0.125 0.116749
0.625 0.15625 0.0858144
0.59375 0.15625 0.0828952
0.5 0.125 0.120586
0.5 0.0625 0.182599
0.5625 0.0625 0.177025
0.5625 0.125 0.114559
0.5 0.125 0.120586
0.5 0.0625 0.182599
0.5 0 0.244704
0.5625 0 0.239508
0.5625 0.0625 0.177025
0.5 0.0625 0.182599
0.5625 0.125 0.114559
0.5625 0.0625 0.177025
0.625 0.0625 0.178935
0.625 0.125 0.116749
0.5625 0.125 0.114559
0.5625 0.0625 0.177025
0.5625 0 0.239508
0.625 0 0.241222
0.625 0.0625 0.178935
0.5625 0.0625 0.177025
0.625 0.25 -0.00632293
0.625 0.21875 0.0241711
0.65625 0.21875 0.033574
0.65625 0.25 0.00534309
0.625 0.25 -0.00632293
0.625 0.21875 0.0241711
0.625 0.1875 0.0549411
0.65625 0.1875 0.0628609
0.65625 0.21875 0.033574
0.625 0.21875 0.0241711
0.65625 0.25 0.00534309
0.65625 0.21875 0.033574
0.6875 0.21875 0.0489388
0.6875 0.25 0.0238761
0.65625 0.25 0.00534309
0.65625 0.21875 0.033574
0.65625 0.1875 0.0628609
0.6875 0.1875 0.0758371
0.6875 0.21875 0.0489388
0.65625 0.21875 0.033574
0.625 0.1875 0.0549411
0.625 0.15625 0.0858144
0.65625 0.15625 0.0926326
0.65625 0.1875 0.0628609
0.625 0.1875 0.0549411
0.625 0.15625 0.0858144
0.625 0.125 0.116749
0.65625 0.125 0.12282
0.65625 0.15625 0.0926326
0.625 0.15625 0.0858144
0.65625 0.1875 0.0628609
0.65625 0.15625 0.0926326
0.6875 0.15625 0.103806
0.6875 0.1875 0.0758371
0.65625 0.1875 0.0628609
0.65625 0.15625 0.0926326
0.65625 0.125 0.12282
0.6875 0.125 0.132515
0.6875 0.15625 0.103806
0.65625 0.15625 0.0926326
0.6875 0.25 0.0238761
0.6875 0.21875 0.0489388
0.71875 0.21875 0.0683796
0.71875 0.25 0.0462842
0.6875 0.25 0.0238761
0.6875 0.21875 0.0489388
0.6875 0.1875 0.0758371
0.71875 0.1875 0.0927918
0.71875 0.21875 0.0683796
0.6875 0.21875 0.0489388
0.71875 0.25 0.0462842
0.71875 0.21875 0.0683796
0.75 0.21875 0.0905889
0.75 0.25 0.0709018
0.71875 0.25 0.0462842
0.71875 0.21875 0.0683796
0.71875 0.1875 0.0927918
0.75 0.1875 0.112822
0.75 0.21875 0.0905889
0.71875 0.21875 0.0683796
0.6875 0.1875 0.0758371
0.6875 0.15625 0.103806
0.71875 0.15625 0.118644
0.71875 0.1875 0.0927918
0.6875 0.1875 0.0758371
0.6875 0.15625 0.103806
0.6875 0.125 0.132515
0.71875 0.125 0.145784
0.71875 0.15625 0.118644
0.6875 0.15625 0.103806
0.71875 0.1875 0.0927918
0.71875 0.15625 0.118644
0.75 0.15625 0.136653
0.75 0.1875 0.112822
0.71875 0.1875 0.0927918
0.71875 0.15625 0.118644
0.71875 0.125 0.145784
0.75 0.125 0.162027
0.75 0.15625 0.136653
0.71875 0.15625 0.118644
0.625 0.125 0.116749
0.625 0.0625 0.178935
0.6875 0.0625 0.191595
0.6875 0.125 0.132515
0.625 0.125 0.116749
0.625 0.0625 0.178935
0.625 0 0.241222
0.6875 0 0.252131
0.6875 0.0625 0.191595
0.625 0.0625 0.178935
0.6875 0.125 0.132515
0.6875 0.0625 0.191595
0.75 0.0625 0.215498
0.75 0.125 0.162027
0.6875 0.125 0.132515
0.6875 0.0625 0.191595
0.6875 0 0.252131
0.75 0 0.272634
0.75 0.0625 0.215498
0.6875 0.0625 0.191595
0.75 0.5 -0.0030002
0.75 0.46875 0.00193133
0.78125 0.46875 0.0327419
0.78125 0.5 0.0279281
0.75 0.5 -0.0030002
0.75 0.46875 0.00193133
0.75 0.4375 0.00755473
0.78125 0.4375 0.0382517
0.78125 0.46875 0.0327419
0.75 0.46875 0.00193133
0.78125 0.5 0.0279281
0.78125 0.46875 0.0327419
0.8125 0.46875 0.063573
0.8125 0.5 0.0588907
0.78125 0.5 0.0279281
0.78125 0.46875 0.0327419
0.78125 0.4375 0.0382517
0.8125 0.4375 0.0689695
0.8125 0.46875 0.063573
0.78125 0.46875 0.0327419
0.75 0.4375 0.00755473
0.75 0.40625 0.013754
0.78125 0.40625 0.0443357
0.78125 0.4375 0.0382517
0.75 0.4375 0.00755473
0.75 0.40625 0.013754
0.75 0.375 0.020779
0.78125 0.375 0.0511639
0.78125 0.40625 0.0443357
0.75 0.40625 0.013754
0.78125 0.4375 0.0382517
0.78125 0.40625 0.0443357
0.8125 0.40625 0.0749402
0.8125 0.4375 0.0689695
0.78125 0.4375 0.0382517
0.78125 0.40625 0.0443357
0.78125 0.375 0.0511639
0.8125 0.375 0.0815973
0.8125 0.40625 0.0749402
0.78125 0.40625 0.0443357
0.8125 0.5 0.0588907
0.8125 0.46875 0.063573
0.84375 0.46875 0.0944229
0.84375 0.5 0.0898702
0.8125 0.5 0.0588907
0.8125 0.46875 0.063573
0.8125 0.4375 0.0689695
0.84375 0.4375 0.0997081
0.84375 0.46875 0.0944229
0.8125 0.46875 0.063573
0.84375 0.5 0.0898702
0.84375 0.46875 0.0944229
0.875 0.46875 0.125291
0.875 0.5 0.120865
0.84375 0.5 0.0898702
0.84375 0.46875 0.0944229
0.84375 0.4375 0.0997081
0.875 0.4375 0.130466
0.875 0.46875 0.125291
0.84375 0.46875 0.0944229
0.8125 0.4375 0.0689695
0.8125 0.40625 0.0749402
0.84375 0.40625 0.105566
0.84375 0.4375 0.0997081
0.8125 0.4375 0.0689695
0.8125 0.40625 0.0749402
0.8125 0.375 0.0815973
0.84375 0.375 0.112067
0.84375 0.40625 0.105566
0.8125 0.40625 0.0749402
0.84375 0.4375 0.0997081
0.84375 0.40625 0.105566
0.875 0.40625 0.136217
0.875 0.4375 0.130466
0.84375 0.4375 0.0997081
0.84375 0.40625 0.105566
0.84375 0.375 0.112067
0.875 0.375 0.142576
0.875 0.40625 0.136217
0.84375 0.40625 0.105566
0.75 0.375 0.020779
0.75 0.34375 0.029276
0.78125 0.34375 0.059228
0.78125 0.375 0.0511639
0.75 0.375 0.020779
0.75 0.34375 0.029276
0.75 0.3125 0.0402013
0.78125 0.3125 0.069266
0.78125 0.34375 0.059228
0.75 0.34375 0.029276
0.78125 0.375 0.0511639
0.78125 0.34375 0.059228
0.8125 0.34375 0.0893171
0.8125 0.375 0.0815973
0.78125 0.375 0.0511639
0.78125 0.34375 0.059228
0.78125 0.3125 0.069266
0.8125 0.3125 0.0986806
0.8125 0.34375 0.0893171
0.78125 0.34375 0.059228
0.75 0.3125 0.0402013
0.75 0.28125 0.0539802
0.78125 0.28125 0.0817263
0.78125 0.3125 0.069266
0.75 0.3125 0.0402013
0.75 0.28125 0.0539802
0.75 0.25 0.0709018
0.78125 0.25 0.0968702
0.78125 0.28125 0.0817263
0.75 0.28125 0.0539802
0.78125 0.3125 0.069266
0.78125 0.28125 0.0817263
0.8125 0.28125 0.110158
0.8125 0.3125 0.0986806
0.78125 0.3125 0.069266
0.78125 0.28125 0.0817263
0.78125 0.25 0.0968702
0.8125 0.25 0.123922
0.8125 0.28125 0.110158
0.78125 0.28125 0.0817263
0.8125 0.375 0.0815973
0.8125 0.34375 0.0893171
0.84375 0.34375 0.119496
0.84375 0.375 0.112067
0.8125 0.375 0.0815973
0.8125 0.34375 0.0893171
0.8125 0.3125 0.0986806
0.84375 0.3125 0.128324
0.84375 0.34375 0.119496
0.8125 0.34375 0.0893171
0.84375 0.375 0.112067
0.84375 0.34375 0.119496
0.875 0.34375 0.149777
0.875 0.375 0.142576
0.84375 0.375 0.112067
0.84375 0.34375 0.119496
0.84375 0.3125 0.128324
0.875 0.3125 0.158158
0.875 0.34375 0.149777
0.84375 0.34375 0.119496
0.8125 0.3125 0.0986806
0.8125 0.25 0.123922
0.875 0.25 0.18018
0.875 0.3125 0.158158
0.8125 0.3125 0.0986806
0.875 0.5 0.120865
0.875 0.4375 0.130466
0.9375 0.4375 0.192051
0.9375 0.5 0.182922
0.875 0.5 0.120865
0.875 0.4375 0.130466
0.875 0.375 0.142576
0.9375 0.375 0.203675
0.9375 0.4375 0.192051
0.875 0.4375 0.130466
0.9375 0.5 0.182922
0.9375 0.4375 0.192051
1 0.4375 0.253758
1 0.5 0.245069
0.9375 0.5 0.182922
0.9375 0.4375 0.192051
0.9375 0.375 0.203675
1 0.375 0.264926
1 0.4375 0.253758
0.9375 0.4375 0.192051
0.875 0.375 0.142576
0.875 0.3125 0.158158
0.9375 0.3125 0.218316
0.9375 0.375 0.203675
0.875 0.375 0.142576
0.875 0.3125 0.158158
0.875 0.25 0.18018
0.9375 0.25 0.237931
0.9375 0.3125 0.218316
0.875 0.3125 0.158158
0.9375 0.375 0.203675
0.9375 0.3125 0.218316
1 0.3125 0.278892
1 0.375 0.264926
0.9375 0.375 0.203675
0.9375 0.3125 0.218316
0.9375 0.25 0.237931
1 0.25 0.297049
1 0.3125 0.278892
0.9375 0.3125 0.218316
0.75 0.25 0.0709018
0.75 0.21875 0.0905889
0.78125 0.21875 0.114584
0.78125 0.25 0.0968702
0.75 0.25 0.0709018
0.75 0.21875 0.0905889
0.75 0.1875 0.112822
0.78125 0.1875 0.134845
0.78125 0.21875 0.114584
0.75 0.21875 0.0905889
0.78125 0.25 0.0968702
0.78125 0.21875 0.114584
0.8125 0.21875 0.140074
0.8125 0.25 0.123922
0.78125 0.25 0.0968702
0.78125 0.21875 0.114584
0.78125 0.1875 0.134845
0.8125 0.1875 0.158526
0.8125 0.21875 0.140074
0.78125 0.21875 0.114584
0.75 0.1875 0.112822
0.75 0.125 0.162027
0.8125 0.125 0.201815
0.8125 0.1875 0.158526
0.75 0.1875 0.112822
0.8125 0.25 0.123922
0.8125 0.1875 0.158526
0.875 0.1875 0.209854
0.875 0.25 0.18018
0.8125 0.25 0.123922
0.8125 0.1875 0.158526
0.8125 0.125 0.201815
0.875 0.125 0.247443
0.875 0.1875 0.209854
0.8125 0.1875 0.158526
0.75 0.125 0.162027
0.75 0.0625 0.215498
0.8125 0.0625 0.249693
0.8125 0.125 0.201815
0.75 0.125 0.162027
0.75 0.0625 0.215498
0.75 0 0.272634
0.8125 0 0.302719
0.8125 0.0625 0.249693
0.75 0.0625 0.215498
0.8125 0.125 0.201815
0.8125 0.0625 0.249693
0.875 0.0625 0.289973
0.875 0.125 0.247443
0.8125 0.125 0.201815
0.8125 0.0625 0.249693
0.8125 0 0.302719
0.875 0 0.338757
0.875 0.0625 0.289973
0.8125 0.0625 0.249693
0.875 0.25 0.18018
0.875 0.125 0.247443
1 0.125 0.352339
1 0.25 0.297049
0.875 0.25 0.18018
0.875 0.125 0.247443
0.875 0 0.338757
1 0 0.433651
1 0.125 0.352339
0.875 0.125 0.247443
