0 1 0.451211
0 0.875 0.354209
0.125 0.875 0.266562
0.125 1 0.372365
0 1 0.451211
0 0.875 0.354209
0 0.8125 0.311326
0.0625 0.8125 0.260508
0.0625 0.875 0.307192
0 0.875 0.354209
0 0.8125 0.311326
0 0.75 0.27276
0.0625 0.75 0.218082
0.0625 0.8125 0.260508
0 0.8125 0.311326
0.0625 0.875 0.307192
0.0625 0.8125 0.260508
0.125 0.8125 0.21596
0.125 0.875 0.266562
0.0625 0.875 0.307192
0.0625 0.8125 0.260508
0.0625 0.75 0.218082
0.125 0.75 0.167719
0.125 0.8125 0.21596
0.0625 0.8125 0.260508
0.125 1 0.372365
0.125 0.875 0.266562
0.25 0.875 0.199186
0.25 1 0.309123
0.125 1 0.372365
0.125 0.875 0.266562
0.125 0.8125 0.21596
0.1875 0.8125 0.177482
0.1875 0.875 0.230978
0.125 0.875 0.266562
0.125 0.8125 0.21596
0.125 0.75 0.167719
0.1875 0.75 0.125079
0.1875 0.8125 0.177482
0.125 0.8125 0.21596
0.1875 0.875 0.230978
0.1875 0.8125 0.177482
0.25 0.8125 0.144471
0.25 0.875 0.199186
0.1875 0.875 0.230978
0.1875 0.8125 0.177482
0.1875 0.75 0.125079
0.25 0.75 0.0900862
0.25 0.8125 0.144471
0.1875 0.8125 0.177482
0 0.75 0.27276
0 0.6875 0.239822
0.0625 0.6875 0.181457
0.0625 0.75 0.218082
0 0.75 0.27276
0 0.6875 0.239822
0 0.625 0.214056
0.0625 0.625 0.152342
0.0625 0.6875 0.181457
0 0.6875 0.239822
0.0625 0.75 0.218082
0.0625 0.6875 0.181457
0.125 0.6875 0.125787
0.125 0.75 0.167719
0.0625 0.75 0.218082
0.0625 0.6875 0.181457
0.0625 0.625 0.152342
0.125 0.625 0.0925863
0.125 0.6875 0.125787
0.0625 0.6875 0.181457
0 0.625 0.214056
0 0.5625 0.19908
0.0625 0.5625 0.13655
0.0625 0.625 0.152342
0 0.625 0.214056
0 0.5625 0.19908
0 0.5 0.206335
0.0625 0.5 0.145296
0.0625 0.5625 0.13655
0 0.5625 0.19908
0.0625 0.625 0.152342
0.0625 0.59375 0.142679
0.09375 0.59375 0.111784
0.09375 0.625 0.122345
0.0625 0.625 0.152342
0.0625 0.59375 0.142679
0.0625 0.5625 0.13655
0.09375 0.5625 0.105305
0.09375 0.59375 0.111784
0.0625 0.59375 0.142679
0.09375 0.625 0.122345
0.09375 0.59375 0.111784
0.125 0.59375 0.080897
0.125 0.625 0.0925863
0.09375 0.625 0.122345
0.09375 0.59375 0.111784
0.09375 0.5625 0.105305
0.125 0.5625 0.0740734
0.125 0.59375 0.080897
0.09375 0.59375 0.111784
0.0625 0.5625 0.13655
0.0625 0.53125 0.138929
0.09375 0.53125 0.108079
0.09375 0.5625 0.105305
0.0625 0.5625 0.13655
0.0625 0.53125 0.138929
0.0625 0.5 0.145296
0.09375 0.5 0.115252
0.09375 0.53125 0.108079
0.0625 0.53125 0.138929
0.09375 0.5625 0.105305
0.09375 0.53125 0.108079
0.125 0.53125 0.0773375
0.125 0.5625 0.0740734
0.09375 0.5625 0.105305
0.09375 0.53125 0.108079
0.09375 0.5 0.115252
0.125 0.5 0.085421
0.125 0.53125 0.0773375
0.09375 0.53125 0.108079
0.125 0.75 0.167719
0.125 0.71875 0.145883
0.15625 0.71875 0.122178
0.15625 0.75 0.145548
0.125 0.75 0.167719
0.125 0.71875 0.145883
0.125 0.6875 0.125787
0.15625 0.6875 0.100271
0.15625 0.71875 0.122178
0.125 0.71875 0.145883
0.15625 0.75 0.145548
0.15625 0.71875 0.122178
0.1875 0.71875 0.100016
0.1875 0.75 0.125079
0.15625 0.75 0.145548
0.15625 0.71875 0.122178
0.15625 0.6875 0.100271
0.1875 0.6875 0.076145
0.1875 0.71875 0.100016
0.15625 0.71875 0.122178
0.125 0.6875 0.125787
0.125 0.65625 0.107817
0.15625 0.65625 0.0803505
0.15625 0.6875 0.100271
0.125 0.6875 0.125787
0.125 0.65625 0.107817
0.125 0.625 0.0925863
0.15625 0.625 0.0631826
0.15625 0.65625 0.0803505
0.125 0.65625 0.107817
0.15625 0.6875 0.100271
0.15625 0.65625 0.0803505
0.1875 0.65625 0.0539295
0.1875 0.6875 0.076145
0.15625 0.6875 0.100271
0.15625 0.65625 0.0803505
0.15625 0.625 0.0631826
0.1875 0.625 0.0342828
0.1875 0.65625 0.0539295
0.15625 0.65625 0.0803505
0.1875 0.75 0.125079
0.1875 0.71875 0.100016
0.21875 0.71875 0.0804361
0.21875 0.75 0.106686
0.1875 0.75 0.125079
0.1875 0.71875 0.100016
0.1875 0.6875 0.076145
0.21875 0.6875 0.0546627
0.21875 0.71875 0.0804361
0.1875 0.71875 0.100016
0.21875 0.75 0.106686
0.21875 0.71875 0.0804361
0.25 0.71875 0.0630653
0.25 0.75 0.0900862
0.21875 0.75 0.106686
0.21875 0.71875 0.0804361
0.21875 0.6875 0.0546627
0.25 0.6875 0.0362636
0.25 0.71875 0.0630653
0.21875 0.71875 0.0804361
0.1875 0.6875 0.076145
0.1875 0.65625 0.0539295
0.21875 0.65625 0.0297885
0.21875 0.6875 0.0546627
0.1875 0.6875 0.076145
0.1875 0.65625 0.0539295
0.1875 0.625 0.0342828
0.21875 0.625 0.00643172
0.21875 0.65625 0.0297885
0.1875 0.65625 0.0539295
0.21875 0.6875 0.0546627
0.21875 0.65625 0.0297885
0.25 0.65625 0.00975952
0.25 0.6875 0.0362636
0.21875 0.6875 0.0546627
0.21875 0.65625 0.0297885
0.21875 0.625 0.00643172
0.25 0.625 -0.0154265
0.25 0.65625 0.00975952
0.21875 0.65625 0.0297885
0.125 0.625 0.0925863
0.125 0.59375 0.080897
0.15625 0.59375 0.0499727
0.15625 0.625 0.0631826
0.125 0.625 0.0925863
0.125 0.59375 0.080897
0.125 0.5625 0.0740734
0.15625 0.5625 0.042839
0.15625 0.59375 0.0499727
0.125 0.59375 0.080897
0.15625 0.625 0.0631826
0.15625 0.59375 0.0499727
0.1875 0.59375 0.0190026
0.1875 0.625 0.0342828
0.15625 0.625 0.0631826
0.15625 0.59375 0.0499727
0.15625 0.5625 0.042839
0.1875 0.5625 0.0115974
0.1875 0.59375 0.0190026
0.15625 0.59375 0.0499727
0.125 0.5625 0.0740734
0.125 0.53125 0.0773375
0.15625 0.53125 0.0466867
0.15625 0.5625 0.042839
0.125 0.5625 0.0740734
0.125 0.53125 0.0773375
0.125 0.5 0.085421
0.15625 0.5 0.0559304
0.15625 0.53125 0.0466867
0.125 0.53125 0.0773375
0.15625 0.5625 0.042839
0.15625 0.53125 0.0466867
0.1875 0.53125 0.0162212
0.1875 0.5625 0.0115974
0.15625 0.5625 0.042839
0.15625 0.53125 0.0466867
0.15625 0.5 0.0559304
0.1875 0.5 0.0268164
0.1875 0.53125 0.0162212
0.15625 0.53125 0.0466867
0.1875 0.625 0.0342828
0.1875 0.59375 0.0190026
0.21875 0.59375 -0.0107824
0.21875 0.625 0.00643172
0.1875 0.625 0.0342828
0.1875 0.59375 0.0190026
0.1875 0.5625 0.0115974
0.21875 0.5625 -0.0189697
0.21875 0.59375 -0.0107824
0.1875 0.59375 0.0190026
0.21875 0.625 0.00643172
0.21875 0.59375 -0.0107824
0.25 0.59375 -0.0369163
0.25 0.625 -0.0154265
0.21875 0.625 0.00643172
0.21875 0.59375 -0.0107824
0.21875 0.5625 -0.0189697
0.25 0.5625 -0.0489587
0.25 0.59375 -0.0369163
0.21875 0.59375 -0.0107824
0.1875 0.5625 0.0115974
0.1875 0.53125 0.0162212
0.21875 0.53125 -0.0132275
0.21875 0.5625 -0.0189697
0.1875 0.5625 0.0115974
0.1875 0.53125 0.0162212
0.1875 0.5 0.0268164
0.21875 0.5 -0.00177953
0.21875 0.53125 -0.0132275
0.1875 0.53125 0.0162212
0.21875 0.5625 -0.0189697
0.21875 0.53125 -0.0132275
0.25 0.53125 -0.041662
0.25 0.5625 -0.0489587
0.21875 0.5625 -0.0189697
0.21875 0.53125 -0.0132275
0.21875 0.5 -0.00177953
0.25 0.5 -0.0295136
0.25 0.53125 -0.041662
0.21875 0.53125 -0.0132275
0.25 1 0.309123
0.25 0.9375 0.254087
0.3125 0.9375 0.224444
0.3125 1 0.280032
0.25 1 0.309123
0.25 0.9375 0.254087
0.25 0.875 0.199186
0.3125 0.875 0.169103
0.3125 0.9375 0.224444
0.25 0.9375 0.254087
0.3125 1 0.280032
0.3125 0.9375 0.224444
0.375 0.9375 0.195529
0.375 1 0.251975
0.3125 1 0.280032
0.3125 0.9375 0.224444
0.3125 0.875 0.169103
0.375 0.875 0.139517
0.375 0.9375 0.195529
0.3125 0.9375 0.224444
0.25 0.875 0.199186
0.25 0.8125 0.144471
0.3125 0.8125 0.114168
0.3125 0.875 0.169103
0.25 0.875 0.199186
0.25 0.8125 0.144471
0.25 0.78125 0.117221
0.28125 0.78125 0.101828
0.28125 0.8125 0.129208
0.25 0.8125 0.144471
0.25 0.78125 0.117221
0.25 0.75 0.0900862
0.28125 0.75 0.0744764
0.28125 0.78125 0.101828
0.25 0.78125 0.117221
0.28125 0.8125 0.129208
0.28125 0.78125 0.101828
0.3125 0.78125 0.0867369
0.3125 0.8125 0.114168
0.28125 0.8125 0.129208
0.28125 0.78125 0.101828
0.28125 0.75 0.0744764
0.3125 0.75 0.0593213
0.3125 0.78125 0.0867369
0.28125 0.78125 0.101828
0.3125 0.875 0.169103
0.3125 0.84375 0.141618
0.34375 0.84375 0.126703
0.34375 0.875 0.154257
0.3125 0.875 0.169103
0.3125 0.84375 0.141618
0.3125 0.8125 0.114168
0.34375 0.8125 0.0992053
0.34375 0.84375 0.126703
0.3125 0.84375 0.141618
0.34375 0.875 0.154257
0.34375 0.84375 0.126703
0.375 0.84375 0.111857
0.375 0.875 0.139517
0.34375 0.875 0.154257
0.34375 0.84375 0.126703
0.34375 0.8125 0.0992053
0.375 0.8125 0.0842851
0.375 0.84375 0.111857
0.34375 0.84375 0.126703
0.3125 0.8125 0.114168
0.3125 0.78125 0.0867369
0.34375 0.78125 0.0717481
0.34375 0.8125 0.0992053
0.3125 0.8125 0.114168
0.3125 0.78125 0.0867369
0.3125 0.75 0.0593213
0.34375 0.75 0.0443139
0.34375 0.78125 0.0717481
0.3125 0.78125 0.0867369
0.34375 0.8125 0.0992053
0.34375 0.78125 0.0717481
0.375 0.78125 0.0567912
0.375 0.8125 0.0842851
0.34375 0.8125 0.0992053
0.34375 0.78125 0.0717481
0.34375 0.75 0.0443139
0.375 0.75 0.0293297
0.375 0.78125 0.0567912
0.34375 0.78125 0.0717481
0.375 1 0.251975
0.375 0.9375 0.195529
0.4375 0.9375 0.168109
0.4375 1 0.226343
0.375 1 0.251975
0.375 0.9375 0.195529
0.375 0.875 0.139517
0.4375 0.875 0.110948
0.4375 0.9375 0.168109
0.375 0.9375 0.195529
0.4375 1 0.226343
0.4375 0.9375 0.168109
0.5 0.9375 0.145885
0.5 1 0.206661
0.4375 1 0.226343
0.4375 0.9375 0.168109
0.4375 0.90625 0.139412
0.46875 0.90625 0.126743
0.46875 0.9375 0.156048
0.4375 0.9375 0.168109
0.4375 0.90625 0.139412
0.4375 0.875 0.110948
0.46875 0.875 0.0976949
0.46875 0.90625 0.126743
0.4375 0.90625 0.139412
0.46875 0.9375 0.156048
0.46875 0.90625 0.126743
0.5 0.90625 0.115844
0.5 0.9375 0.145885
0.46875 0.9375 0.156048
0.46875 0.90625 0.126743
0.46875 0.875 0.0976949
0.5 0.875 0.0860047
0.5 0.90625 0.115844
0.46875 0.90625 0.126743
0.375 0.875 0.139517
0.375 0.84375 0.111857
0.40625 0.84375 0.0971572
0.40625 0.875 0.125014
0.375 0.875 0.139517
0.375 0.84375 0.111857
0.375 0.8125 0.0842851
0.40625 0.8125 0.0694443
0.40625 0.84375 0.0971572
0.375 0.84375 0.111857
0.40625 0.875 0.125014
0.40625 0.84375 0.0971572
0.4375 0.84375 0.0827449
0.4375 0.875 0.110948
0.40625 0.875 0.125014
0.40625 0.84375 0.0971572
0.40625 0.8125 0.0694443
0.4375 0.8125 0.0547701
0.4375 0.84375 0.0827449
0.40625 0.84375 0.0971572
0.375 0.8125 0.0842851
0.375 0.78125 0.0567912
0.40625 0.78125 0.0418666
0.40625 0.8125 0.0694443
0.375 0.8125 0.0842851
0.375 0.78125 0.0567912
0.375 0.75 0.0293297
0.40625 0.75 0.0143593
0.40625 0.78125 0.0418666
0.375 0.78125 0.0567912
0.40625 0.8125 0.0694443
0.40625 0.78125 0.0418666
0.4375 0.78125 0.0270062
0.4375 0.8125 0.0547701
0.40625 0.8125 0.0694443
0.40625 0.78125 0.0418666
0.40625 0.75 0.0143593
0.4375 0.75 -0.000585587
0.4375 0.78125 0.0270062
0.40625 0.78125 0.0418666
0.4375 0.875 0.110948
0.4375 0.84375 0.0827449
0.46875 0.84375 0.068921
0.46875 0.875 0.0976949
0.4375 0.875 0.110948
0.4375 0.84375 0.0827449
0.4375 0.8125 0.0547701
0.46875 0.8125 0.0404432
0.46875 0.84375 0.068921
0.4375 0.84375 0.0827449
0.46875 0.875 0.0976949
0.46875 0.84375 0.068921
0.5 0.84375 0.0564047
0.5 0.875 0.0860047
0.46875 0.875 0.0976949
0.46875 0.84375 0.068921
0.46875 0.8125 0.0404432
0.5 0.8125 0.027097
0.5 0.84375 0.0564047
0.46875 0.84375 0.068921
0.4375 0.8125 0.0547701
0.4375 0.78125 0.0270062
0.46875 0.78125 0.012273
0.46875 0.8125 0.0404432
0.4375 0.8125 0.0547701
0.4375 0.78125 0.0270062
0.4375 0.75 -0.000585587
0.46875 0.75 -0.0153894
0.46875 0.78125 0.012273
0.4375 0.78125 0.0270062
0.46875 0.8125 0.0404432
0.46875 0.78125 0.012273
0.5 0.78125 -0.00181221
0.5 0.8125 0.027097
0.46875 0.8125 0.0404432
0.46875 0.78125 0.012273
0.46875 0.75 -0.0153894
0.5 0.75 -0.0297659
0.5 0.78125 -0.00181221
0.46875 0.78125 0.012273
0.25 0.75 0.0900862
0.25 0.71875 0.0630653
0.28125 0.71875 0.0471683
0.28125 0.75 0.0744764
0.25 0.75 0.0900862
0.25 0.71875 0.0630653
0.25 0.6875 0.0362636
0.28125 0.6875 0.0199264
0.28125 0.71875 0.0471683
0.25 0.71875 0.0630653
0.28125 0.75 0.0744764
0.28125 0.71875 0.0471683
0.3125 0.71875 0.0319134
0.3125 0.75 0.0593213
0.28125 0.75 0.0744764
0.28125 0.71875 0.0471683
0.28125 0.6875 0.0199264
0.3125 0.6875 0.00451556
0.3125 0.71875 0.0319134
0.28125 0.71875 0.0471683
0.25 0.6875 0.0362636
0.25 0.65625 0.00975952
0.28125 0.65625 -0.00713461
0.28125 0.6875 0.0199264
0.25 0.6875 0.0362636
0.25 0.65625 0.00975952
0.25 0.625 -0.0154265
0.28125 0.625 -0.0335527
0.28125 0.65625 -0.00713461
0.25 0.65625 0.00975952
0.28125 0.6875 0.0199264
0.28125 0.65625 -0.00713461
0.3125 0.65625 -0.0227577
0.3125 0.6875 0.00451556
0.28125 0.6875 0.0199264
0.28125 0.65625 -0.00713461
0.28125 0.625 -0.0335527
0.3125 0.625 -0.0498116
0.3125 0.65625 -0.0227577
0.28125 0.65625 -0.00713461
0.3125 0.75 0.0593213
0.3125 0.71875 0.0319134
0.34375 0.71875 0.0168898
0.34375 0.75 0.0443139
0.3125 0.75 0.0593213
0.3125 0.71875 0.0319134
0.3125 0.6875 0.00451556
0.34375 0.6875 -0.0105251
0.34375 0.71875 0.0168898
0.3125 0.71875 0.0319134
0.34375 0.75 0.0443139
0.34375 0.71875 0.0168898
0.375 0.71875 0.0018988
0.375 0.75 0.0293297
0.34375 0.75 0.0443139
0.34375 0.71875 0.0168898
0.34375 0.6875 -0.0105251
0.375 0.6875 -0.0255244
0.375 0.71875 0.0018988
0.34375 0.71875 0.0168898
0.3125 0.6875 0.00451556
0.3125 0.65625 -0.0227577
0.34375 0.65625 -0.0379071
0.34375 0.6875 -0.0105251
0.3125 0.6875 0.00451556
0.3125 0.65625 -0.0227577
0.3125 0.625 -0.0498116
0.34375 0.625 -0.0652163
0.34375 0.65625 -0.0379071
0.3125 0.65625 -0.0227577
0.34375 0.6875 -0.0105251
0.34375 0.65625 -0.0379071
0.375 0.65625 -0.0529372
0.375 0.6875 -0.0255244
0.34375 0.6875 -0.0105251
0.34375 0.65625 -0.0379071
0.34375 0.625 -0.0652163
0.375 0.625 -0.0803273
0.375 0.65625 -0.0529372
0.34375 0.65625 -0.0379071
0.25 0.625 -0.0154265
0.25 0.59375 -0.0369163
0.28125 0.59375 -0.0585248
0.28125 0.625 -0.0335527
0.25 0.625 -0.0154265
0.25 0.59375 -0.0369163
0.25 0.5625 -0.0489587
0.28125 0.5625 -0.0770962
0.28125 0.59375 -0.0585248
0.25 0.59375 -0.0369163
0.28125 0.625 -0.0335527
0.28125 0.59375 -0.0585248
0.3125 0.59375 -0.0763512
0.3125 0.625 -0.0498116
0.28125 0.625 -0.0335527
0.28125 0.59375 -0.0585248
0.28125 0.5625 -0.0770962
0.3125 0.5625 -0.100556
0.3125 0.59375 -0.0763512
0.28125 0.59375 -0.0585248
0.25 0.5625 -0.0489587
0.25 0.53125 -0.041662
0.28125 0.53125 -0.0699089
0.28125 0.5625 -0.0770962
0.25 0.5625 -0.0489587
0.25 0.53125 -0.041662
0.25 0.5 -0.0295136
0.28125 0.5 -0.0571825
0.28125 0.53125 -0.0699089
0.25 0.53125 -0.041662
0.28125 0.5625 -0.0770962
0.28125 0.53125 -0.0699089
0.3125 0.53125 -0.0980104
0.3125 0.5625 -0.100556
0.28125 0.5625 -0.0770962
0.28125 0.53125 -0.0699089
0.28125 0.5 -0.0571825
0.3125 0.5 -0.0847974
0.3125 0.53125 -0.0980104
0.28125 0.53125 -0.0699089
0.3125 0.625 -0.0498116
0.3125 0.59375 -0.0763512
0.34375 0.59375 -0.0923521
0.34375 0.625 -0.0652163
0.3125 0.625 -0.0498116
0.3125 0.59375 -0.0763512
0.3125 0.5625 -0.100556
0.34375 0.5625 -0.118826
0.34375 0.59375 -0.0923521
0.3125 0.59375 -0.0763512
0.34375 0.625 -0.0652163
0.34375 0.59375 -0.0923521
0.375 0.59375 -0.107662
0.375 0.625 -0.0803273
0.34375 0.625 -0.0652163
0.34375 0.59375 -0.0923521
0.34375 0.5625 -0.118826
0.375 0.5625 -0.134815
0.375 0.59375 -0.107662
0.34375 0.59375 -0.0923521
0.3125 0.5625 -0.100556
0.3125 0.53125 -0.0980104
0.34375 0.53125 -0.125988
0.34375 0.5625 -0.118826
0.3125 0.5625 -0.100556
0.3125 0.53125 -0.0980104
0.3125 0.5 -0.0847974
0.34375 0.5 -0.112371
0.34375 0.53125 -0.125988
0.3125 0.53125 -0.0980104
0.34375 0.5625 -0.118826
0.34375 0.53125 -0.125988
0.375 0.53125 -0.153675
0.375 0.5625 -0.134815
0.34375 0.5625 -0.118826
0.34375 0.53125 -0.125988
0.34375 0.5 -0.112371
0.375 0.5 -0.139901
0.375 0.53125 -0.153675
0.34375 0.53125 -0.125988
0.375 0.75 0.0293297
0.375 0.71875 0.0018988
0.40625 0.71875 -0.0130768
0.40625 0.75 0.0143593
0.375 0.75 0.0293297
0.375 0.71875 0.0018988
0.375 0.6875 -0.0255244
0.40625 0.6875 -0.0405076
0.40625 0.71875 -0.0130768
0.375 0.71875 0.0018988
0.40625 0.75 0.0143593
0.40625 0.71875 -0.0130768
0.4375 0.71875 -0.0280329
0.4375 0.75 -0.000585587
0.40625 0.75 0.0143593
0.40625 0.71875 -0.0130768
0.40625 0.6875 -0.0405076
0.4375 0.6875 -0.0554735
0.4375 0.71875 -0.0280329
0.40625 0.71875 -0.0130768
0.375 0.6875 -0.0255244
0.375 0.65625 -0.0529372
0.40625 0.65625 -0.0679328
0.40625 0.6875 -0.0405076
0.375 0.6875 -0.0255244
0.375 0.65625 -0.0529372
0.375 0.625 -0.0803273
0.40625 0.625 -0.0953488
0.40625 0.65625 -0.0679328
0.375 0.65625 -0.0529372
0.40625 0.6875 -0.0405076
0.40625 0.65625 -0.0679328
0.4375 0.65625 -0.082909
0.4375 0.6875 -0.0554735
0.40625 0.6875 -0.0405076
0.40625 0.65625 -0.0679328
0.40625 0.625 -0.0953488
0.4375 0.625 -0.110339
0.4375 0.65625 -0.082909
0.40625 0.65625 -0.0679328
0.4375 0.75 -0.000585587
0.4375 0.71875 -0.0280329
0.46875 0.71875 -0.0429112
0.46875 0.75 -0.0153894
0.4375 0.75 -0.000585587
0.4375 0.71875 -0.0280329
0.4375 0.6875 -0.0554735
0.46875 0.6875 -0.0703932
0.46875 0.71875 -0.0429112
0.4375 0.71875 -0.0280329
0.46875 0.75 -0.0153894
0.46875 0.71875 -0.0429112
0.5 0.71875 -0.0575251
0.5 0.75 -0.0297659
0.46875 0.75 -0.0153894
0.46875 0.71875 -0.0429112
0.46875 0.6875 -0.0703932
0.5 0.6875 -0.0851511
0.5 0.71875 -0.0575251
0.46875 0.71875 -0.0429112
0.4375 0.6875 -0.0554735
0.4375 0.65625 -0.082909
0.46875 0.65625 -0.0978539
0.46875 0.6875 -0.0703932
0.4375 0.6875 -0.0554735
0.4375 0.65625 -0.082909
0.4375 0.625 -0.110339
0.46875 0.625 -0.1253
0.46875 0.65625 -0.0978539
0.4375 0.65625 -0.082909
0.46875 0.6875 -0.0703932
0.46875 0.65625 -0.0978539
0.5 0.65625 -0.112704
0.5 0.6875 -0.0851511
0.46875 0.6875 -0.0703932
0.46875 0.65625 -0.0978539
0.46875 0.625 -0.1253
0.5 0.625 -0.140199
0.5 0.65625 -0.112704
0.46875 0.65625 -0.0978539
0.375 0.625 -0.0803273
0.375 0.59375 -0.107662
0.40625 0.59375 -0.122746
0.40625 0.625 -0.0953488
0.375 0.625 -0.0803273
0.375 0.59375 -0.107662
0.375 0.5625 -0.134815
0.40625 0.5625 -0.150092
0.40625 0.59375 -0.122746
0.375 0.59375 -0.107662
0.40625 0.625 -0.0953488
0.40625 0.59375 -0.122746
0.4375 0.59375 -0.137761
0.4375 0.625 -0.110339
0.40625 0.625 -0.0953488
0.40625 0.59375 -0.122746
0.40625 0.5625 -0.150092
0.4375 0.5625 -0.165163
0.4375 0.59375 -0.137761
0.40625 0.59375 -0.122746
0.375 0.5625 -0.134815
0.375 0.5 -0.139901
0.4375 0.5 -0.194575
0.4375 0.5625 -0.165163
0.375 0.5625 -0.134815
0.4375 0.625 -0.110339
0.4375 0.5625 -0.165163
0.5 0.5625 -0.195137
0.5 0.625 -0.140199
0.4375 0.625 -0.110339
0.4375 0.5625 -0.165163
0.4375 0.5 -0.194575
0.5 0.5 -0.230476
0.5 0.5625 -0.195137
0.4375 0.5625 -0.165163
0 0.5 0.206335
0 0.4375 0.225227
0.0625 0.4375 0.166837
0.0625 0.5 0.145296
0 0.5 0.206335
0 0.4375 0.225227
0 0.375 0.250884
0.0625 0.375 0.194538
0.0625 0.4375 0.166837
0 0.4375 0.225227
0.0625 0.5 0.145296
0.0625 0.46875 0.154854
0.09375 0.46875 0.125705
0.09375 0.5 0.115252
0.0625 0.5 0.145296
0.0625 0.46875 0.154854
0.0625 0.4375 0.166837
0.09375 0.4375 0.138387
0.09375 0.46875 0.125705
0.0625 0.46875 0.154854
0.09375 0.5 0.115252
0.09375 0.46875 0.125705
0.125 0.46875 0.0968583
0.125 0.5 0.085421
0.09375 0.5 0.115252
0.09375 0.46875 0.125705
0.09375 0.4375 0.138387
0.125 0.4375 0.110197
0.125 0.46875 0.0968583
0.09375 0.46875 0.125705
0.0625 0.4375 0.166837
0.0625 0.375 0.194538
0.125 0.375 0.139173
0.125 0.4375 0.110197
0.0625 0.4375 0.166837
0 0.375 0.250884
0 0.3125 0.279346
0.0625 0.3125 0.223936
0.0625 0.375 0.194538
0 0.375 0.250884
0 0.3125 0.279346
0 0.25 0.308729
0.0625 0.25 0.253812
0.0625 0.3125 0.223936
0 0.3125 0.279346
0.0625 0.375 0.194538
0.0625 0.3125 0.223936
0.125 0.3125 0.168982
0.125 0.375 0.139173
0.0625 0.375 0.194538
0.0625 0.3125 0.223936
0.0625 0.25 0.253812
0.125 0.25 0.199084
0.125 0.3125 0.168982
0.0625 0.3125 0.223936
0.125 0.5 0.085421
0.125 0.46875 0.0968583
0.15625 0.46875 0.0683496
0.15625 0.5 0.0559304
0.125 0.5 0.085421
0.125 0.46875 0.0968583
0.125 0.4375 0.110197
0.15625 0.4375 0.0822677
0.15625 0.46875 0.0683496
0.125 0.46875 0.0968583
0.15625 0.5 0.0559304
0.15625 0.46875 0.0683496
0.1875 0.46875 0.0401677
0.1875 0.5 0.0268164
0.15625 0.5 0.0559304
0.15625 0.46875 0.0683496
0.15625 0.4375 0.0822677
0.1875 0.4375 0.054526
0.1875 0.46875 0.0401677
0.15625 0.46875 0.0683496
0.125 0.4375 0.110197
0.125 0.40625 0.124474
0.15625 0.40625 0.0968362
0.15625 0.4375 0.0822677
0.125 0.4375 0.110197
0.125 0.40625 0.124474
0.125 0.375 0.139173
0.15625 0.375 0.111663
0.15625 0.40625 0.0968362
0.125 0.40625 0.124474
0.15625 0.4375 0.0822677
0.15625 0.40625 0.0968362
0.1875 0.40625 0.0692902
0.1875 0.4375 0.054526
0.15625 0.4375 0.0822677
0.15625 0.40625 0.0968362
0.15625 0.375 0.111663
0.1875 0.375 0.0841941
0.1875 0.40625 0.0692902
0.15625 0.40625 0.0968362
0.1875 0.5 0.0268164
0.1875 0.46875 0.0401677
0.21875 0.46875 0.0122882
0.21875 0.5 -0.00177953
0.1875 0.5 0.0268164
0.1875 0.46875 0.0401677
0.1875 0.4375 0.054526
0.21875 0.4375 0.0269232
0.21875 0.46875 0.0122882
0.1875 0.46875 0.0401677
0.21875 0.5 -0.00177953
0.21875 0.46875 0.0122882
0.25 0.46875 -0.0153301
0.25 0.5 -0.0295136
0.21875 0.5 -0.00177953
0.21875 0.46875 0.0122882
0.21875 0.4375 0.0269232
0.25 0.4375 -0.000586915
0.25 0.46875 -0.0153301
0.21875 0.46875 0.0122882
0.1875 0.4375 0.054526
0.1875 0.40625 0.0692902
0.21875 0.40625 0.0418036
0.21875 0.4375 0.0269232
0.1875 0.4375 0.054526
0.1875 0.40625 0.0692902
0.1875 0.375 0.0841941
0.21875 0.375 0.0567494
0.21875 0.40625 0.0418036
0.1875 0.40625 0.0692902
0.21875 0.4375 0.0269232
0.21875 0.40625 0.0418036
0.25 0.40625 0.0143522
0.25 0.4375 -0.000586915
0.21875 0.4375 0.0269232
0.21875 0.40625 0.0418036
0.21875 0.375 0.0567494
0.25 0.375 0.0293198
0.25 0.40625 0.0143522
0.21875 0.40625 0.0418036
0.125 0.375 0.139173
0.125 0.34375 0.154043
0.15625 0.34375 0.126587
0.15625 0.375 0.111663
0.125 0.375 0.139173
0.125 0.34375 0.154043
0.125 0.3125 0.168982
0.15625 0.3125 0.14156
0.15625 0.34375 0.126587
0.125 0.34375 0.154043
0.15625 0.375 0.111663
0.15625 0.34375 0.126587
0.1875 0.34375 0.0991515
0.1875 0.375 0.0841941
0.15625 0.375 0.111663
0.15625 0.34375 0.126587
0.15625 0.3125 0.14156
0.1875 0.3125 0.114151
0.1875 0.34375 0.0991515
0.15625 0.34375 0.126587
0.125 0.3125 0.168982
0.125 0.25 0.199084
0.1875 0.25 0.144433
0.1875 0.3125 0.114151
0.125 0.3125 0.168982
0.1875 0.375 0.0841941
0.1875 0.34375 0.0991515
0.21875 0.34375 0.0717303
0.21875 0.375 0.0567494
0.1875 0.375 0.0841941
0.1875 0.34375 0.0991515
0.1875 0.3125 0.114151
0.21875 0.3125 0.0867535
0.21875 0.34375 0.0717303
0.1875 0.34375 0.0991515
0.21875 0.375 0.0567494
0.21875 0.34375 0.0717303
0.25 0.34375 0.0443195
0.25 0.375 0.0293198
0.21875 0.375 0.0567494
0.21875 0.34375 0.0717303
0.21875 0.3125 0.0867535
0.25 0.3125 0.059371
0.25 0.34375 0.0443195
0.21875 0.34375 0.0717303
0.1875 0.3125 0.114151
0.1875 0.28125 0.129218
0.21875 0.28125 0.101869
0.21875 0.3125 0.0867535
0.1875 0.3125 0.114151
0.1875 0.28125 0.129218
0.1875 0.25 0.144433
0.21875 0.25 0.117221
0.21875 0.28125 0.101869
0.1875 0.28125 0.129218
0.21875 0.3125 0.0867535
0.21875 0.28125 0.101869
0.25 0.28125 0.0745718
0.25 0.3125 0.059371
0.21875 0.3125 0.0867535
0.21875 0.28125 0.101869
0.21875 0.25 0.117221
0.25 0.25 0.090143
0.25 0.28125 0.0745718
0.21875 0.28125 0.101869
0 0.25 0.308729
0 0.125 0.370613
0.125 0.125 0.263227
0.125 0.25 0.199084
0 0.25 0.308729
0 0.125 0.370613
0 0 0.443459
0.125 0 0.341922
0.125 0.125 0.263227
0 0.125 0.370613
0.125 0.25 0.199084
0.125 0.1875 0.230115
0.1875 0.1875 0.176283
0.1875 0.25 0.144433
0.125 0.25 0.199084
0.125 0.1875 0.230115
0.125 0.125 0.263227
0.1875 0.125 0.211595
0.1875 0.1875 0.176283
0.125 0.1875 0.230115
0.1875 0.25 0.144433
0.1875 0.1875 0.176283
0.25 0.1875 0.123759
0.25 0.25 0.090143
0.1875 0.25 0.144433
0.1875 0.1875 0.176283
0.1875 0.125 0.211595
0.25 0.125 0.16266
0.25 0.1875 0.123759
0.1875 0.1875 0.176283
0.125 0.125 0.263227
0.125 0.0625 0.299656
0.1875 0.0625 0.251497
0.1875 0.125 0.211595
0.125 0.125 0.263227
0.125 0.0625 0.299656
0.125 0 0.341922
0.1875 0 0.298295
0.1875 0.0625 0.251497
0.125 0.0625 0.299656
0.1875 0.125 0.211595
0.1875 0.0625 0.251497
0.25 0.0625 0.207609
0.25 0.125 0.16266
0.1875 0.125 0.211595
0.1875 0.0625 0.251497
0.1875 0 0.298295
0.25 0 0.259306
0.25 0.0625 0.207609
0.1875 0.0625 0.251497
0.25 0.5 -0.0295136
0.25 0.46875 -0.0153301
0.28125 0.46875 -0.0428226
0.28125 0.5 -0.0571825
0.25 0.5 -0.0295136
0.25 0.46875 -0.0153301
0.25 0.4375 -0.000586915
0.28125 0.4375 -0.0280264
0.28125 0.46875 -0.0428226
0.25 0.46875 -0.0153301
0.28125 0.5 -0.0571825
0.28125 0.46875 -0.0428226
0.3125 0.46875 -0.0702991
0.3125 0.5 -0.0847974
0.28125 0.5 -0.0571825
0.28125 0.46875 -0.0428226
0.28125 0.4375 -0.0280264
0.3125 0.4375 -0.0554562
0.3125 0.46875 -0.0702991
0.28125 0.46875 -0.0428226
0.25 0.4375 -0.000586915
0.25 0.40625 0.0143522
0.28125 0.40625 -0.0130781
0.28125 0.4375 -0.0280264
0.25 0.4375 -0.000586915
0.25 0.40625 0.0143522
0.25 0.375 0.0293198
0.28125 0.375 0.00190028
0.28125 0.40625 -0.0130781
0.25 0.40625 0.0143522
0.28125 0.4375 -0.0280264
0.28125 0.40625 -0.0130781
0.3125 0.40625 -0.0404922
0.3125 0.4375 -0.0554562
0.28125 0.4375 -0.0280264
0.28125 0.40625 -0.0130781
0.28125 0.375 0.00190028
0.3125 0.375 -0.0254935
0.3125 0.40625 -0.0404922
0.28125 0.40625 -0.0130781
0.3125 0.5 -0.0847974
0.3125 0.46875 -0.0702991
0.34375 0.46875 -0.0977577
0.34375 0.5 -0.112371
0.3125 0.5 -0.0847974
0.3125 0.46875 -0.0702991
0.3125 0.4375 -0.0554562
0.34375 0.4375 -0.0828684
0.34375 0.46875 -0.0977577
0.3125 0.46875 -0.0702991
0.34375 0.5 -0.112371
0.34375 0.46875 -0.0977577
0.375 0.46875 -0.12519
0.375 0.5 -0.139901
0.34375 0.5 -0.112371
0.34375 0.46875 -0.0977577
0.34375 0.4375 -0.0828684
0.375 0.4375 -0.110245
0.375 0.46875 -0.12519
0.34375 0.46875 -0.0977577
0.3125 0.4375 -0.0554562
0.3125 0.40625 -0.0404922
0.34375 0.40625 -0.0678774
0.34375 0.4375 -0.0828684
0.3125 0.4375 -0.0554562
0.3125 0.40625 -0.0404922
0.3125 0.375 -0.0254935
0.34375 0.375 -0.0528269
0.34375 0.40625 -0.0678774
0.3125 0.40625 -0.0404922
0.34375 0.4375 -0.0828684
0.34375 0.40625 -0.0678774
0.375 0.40625 -0.0951935
0.375 0.4375 -0.110245
0.34375 0.4375 -0.0828684
0.34375 0.40625 -0.0678774
0.34375 0.375 -0.0528269
0.375 0.375 -0.0800147
0.375 0.40625 -0.0951935
0.34375 0.40625 -0.0678774
0.25 0.375 0.0293198
0.25 0.34375 0.0443195
0.28125 0.34375 0.0169183
0.28125 0.375 0.00190028
0.25 0.375 0.0293198
0.25 0.34375 0.0443195
0.25 0.3125 0.059371
0.28125 0.3125 0.0320098
0.28125 0.34375 0.0169183
0.25 0.34375 0.0443195
0.28125 0.375 0.00190028
0.28125 0.34375 0.0169183
0.3125 0.34375 -0.0104521
0.3125 0.375 -0.0254935
0.28125 0.375 0.00190028
0.28125 0.34375 0.0169183
0.28125 0.3125 0.0320098
0.3125 0.3125 0.0046831
0.3125 0.34375 -0.0104521
0.28125 0.34375 0.0169183
0.25 0.3125 0.059371
0.25 0.28125 0.0745718
0.28125 0.28125 0.0473475
0.28125 0.3125 0.0320098
0.25 0.3125 0.059371
0.25 0.28125 0.0745718
0.25 0.25 0.090143
0.28125 0.25 0.0632563
0.28125 0.28125 0.0473475
0.25 0.28125 0.0745718
0.28125 0.3125 0.0320098
0.28125 0.28125 0.0473475
0.3125 0.28125 0.0202582
0.3125 0.3125 0.0046831
0.28125 0.3125 0.0320098
0.28125 0.28125 0.0473475
0.28125 0.25 0.0632563
0.3125 0.25 0.0366968
0.3125 0.28125 0.0202582
0.28125 0.28125 0.0473475
0.3125 0.375 -0.0254935
0.3125 0.34375 -0.0104521
0.34375 0.34375 -0.0376752
0.34375 0.375 -0.0528269
0.3125 0.375 -0.0254935
0.3125 0.34375 -0.0104521
0.3125 0.3125 0.0046831
0.34375 0.3125 -0.0223076
0.34375 0.34375 -0.0376752
0.3125 0.34375 -0.0104521
0.34375 0.375 -0.0528269
0.34375 0.34375 -0.0376752
0.375 0.34375 -0.0645972
0.375 0.375 -0.0800147
0.34375 0.375 -0.0528269
0.34375 0.34375 -0.0376752
0.34375 0.3125 -0.0223076
0.375 0.3125 -0.0487105
0.375 0.34375 -0.0645972
0.34375 0.34375 -0.0376752
0.3125 0.3125 0.0046831
0.3125 0.28125 0.0202582
0.34375 0.28125 -0.00646549
0.34375 0.3125 -0.0223076
0.3125 0.3125 0.0046831
0.3125 0.28125 0.0202582
0.3125 0.25 0.0366968
0.34375 0.25 0.010647
0.34375 0.28125 -0.00646549
0.3125 0.28125 0.0202582
0.34375 0.3125 -0.0223076
0.34375 0.28125 -0.00646549
0.375 0.28125 -0.0319648
0.375 0.3125 -0.0487105
0.34375 0.3125 -0.0223076
0.34375 0.28125 -0.00646549
0.34375 0.25 0.010647
0.375 0.25 -0.0137825
0.375 0.28125 -0.0319648
0.34375 0.28125 -0.00646549
0.375 0.5 -0.139901
0.375 0.4375 -0.110245
0.4375 0.4375 -0.16463
0.4375 0.5 -0.194575
0.375 0.5 -0.139901
0.375 0.4375 -0.110245
0.375 0.40625 -0.0951935
0.40625 0.40625 -0.122345
0.40625 0.4375 -0.137539
0.375 0.4375 -0.110245
0.375 0.40625 -0.0951935
0.375 0.375 -0.0800147
0.40625 0.375 -0.106863
0.40625 0.40625 -0.122345
0.375 0.40625 -0.0951935
0.40625 0.4375 -0.137539
0.40625 0.40625 -0.122345
0.4375 0.40625 -0.149058
0.4375 0.4375 -0.16463
0.40625 0.4375 -0.137539
0.40625 0.40625 -0.122345
0.40625 0.375 -0.106863
0.4375 0.375 -0.132846
0.4375 0.40625 -0.149058
0.40625 0.40625 -0.122345
0.4375 0.5 -0.194575
0.4375 0.4375 -0.16463
0.5 0.4375 -0.194926
0.5 0.5 -0.230476
0.4375 0.5 -0.194575
0.4375 0.4375 -0.16463
0.4375 0.375 -0.132846
0.5 0.375 -0.140092
0.5 0.4375 -0.194926
0.4375 0.4375 -0.16463
0.375 0.375 -0.0800147
0.375 0.34375 -0.0645972
0.40625 0.34375 -0.0908596
0.40625 0.375 -0.106863
0.375 0.375 -0.0800147
0.375 0.34375 -0.0645972
0.375 0.3125 -0.0487105
0.40625 0.3125 -0.0738825
0.40625 0.34375 -0.0908596
0.375 0.34375 -0.0645972
0.40625 0.375 -0.106863
0.40625 0.34375 -0.0908596
0.4375 0.34375 -0.11539
0.4375 0.375 -0.132846
0.40625 0.375 -0.106863
0.40625 0.34375 -0.0908596
0.40625 0.3125 -0.0738825
0.4375 0.3125 -0.0960116
0.4375 0.34375 -0.11539
0.40625 0.34375 -0.0908596
0.375 0.3125 -0.0487105
0.375 0.28125 -0.0319648
0.40625 0.28125 -0.0553494
0.40625 0.3125 -0.0738825
0.375 0.3125 -0.0487105
0.375 0.28125 -0.0319648
0.375 0.25 -0.0137825
0.40625 0.25 -0.0345815
0.40625 0.28125 -0.0553494
0.375 0.28125 -0.0319648
0.40625 0.3125 -0.0738825
0.40625 0.28125 -0.0553494
0.4375 0.28125 -0.0738536
0.4375 0.3125 -0.0960116
0.40625 0.3125 -0.0738825
0.40625 0.28125 -0.0553494
0.40625 0.25 -0.0345815
0.4375 0.25 -0.0484007
0.4375 0.28125 -0.0738536
0.40625 0.28125 -0.0553494
0.4375 0.375 -0.132846
0.4375 0.34375 -0.11539
0.46875 0.34375 -0.126774
0.46875 0.375 -0.152273
0.4375 0.375 -0.132846
0.4375 0.34375 -0.11539
0.4375 0.3125 -0.0960116
0.46875 0.3125 -0.0989087
0.46875 0.34375 -0.126774
0.4375 0.34375 -0.11539
0.46875 0.375 -0.152273
0.46875 0.34375 -0.126774
0.5 0.34375 -0.112579
0.5 0.375 -0.140092
0.46875 0.375 -0.152273
0.46875 0.34375 -0.126774
0.46875 0.3125 -0.0989087
0.5 0.3125 -0.085014
0.5 0.34375 -0.112579
0.46875 0.34375 -0.126774
0.4375 0.3125 -0.0960116
0.4375 0.28125 -0.0738536
0.46875 0.28125 -0.0708278
0.46875 0.3125 -0.0989087
0.4375 0.3125 -0.0960116
0.4375 0.28125 -0.0738536
0.4375 0.25 -0.0484007
0.46875 0.25 -0.0424964
0.46875 0.28125 -0.0708278
0.4375 0.28125 -0.0738536
0.46875 0.3125 -0.0989087
0.46875 0.28125 -0.0708278
0.5 0.28125 -0.0573904
0.5 0.3125 -0.085014
0.46875 0.3125 -0.0989087
0.46875 0.28125 -0.0708278
0.46875 0.25 -0.0424964
0.5 0.25 -0.0296779
0.5 0.28125 -0.0573904
0.46875 0.28125 -0.0708278
0.25 0.25 0.090143
0.25 0.21875 0.106437
0.28125 0.21875 0.0801511
0.28125 0.25 0.0632563
0.25 0.25 0.090143
0.25 0.21875 0.106437
0.25 0.1875 0.123759
0.28125 0.1875 0.0984612
0.28125 0.21875 0.0801511
0.25 0.21875 0.106437
0.28125 0.25 0.0632563
0.28125 0.21875 0.0801511
0.3125 0.21875 0.0545335
0.3125 0.25 0.0366968
0.28125 0.25 0.0632563
0.28125 0.21875 0.0801511
0.28125 0.1875 0.0984612
0.3125 0.1875 0.074252
0.3125 0.21875 0.0545335
0.28125 0.21875 0.0801511
0.25 0.1875 0.123759
0.25 0.15625 0.142454
0.28125 0.15625 0.118474
0.28125 0.1875 0.0984612
0.25 0.1875 0.123759
0.25 0.15625 0.142454
0.25 0.125 0.16266
0.28125 0.125 0.14028
0.28125 0.15625 0.118474
0.25 0.15625 0.142454
0.28125 0.1875 0.0984612
0.28125 0.15625 0.118474
0.3125 0.15625 0.0961219
0.3125 0.1875 0.074252
0.28125 0.1875 0.0984612
0.28125 0.15625 0.118474
0.28125 0.125 0.14028
0.3125 0.125 0.119788
0.3125 0.15625 0.0961219
0.28125 0.15625 0.118474
0.3125 0.25 0.0366968
0.3125 0.21875 0.0545335
0.34375 0.21875 0.0298387
0.34375 0.25 0.010647
0.3125 0.25 0.0366968
0.3125 0.21875 0.0545335
0.3125 0.1875 0.074252
0.34375 0.1875 0.0515925
0.34375 0.21875 0.0298387
0.3125 0.21875 0.0545335
0.34375 0.25 0.010647
0.34375 0.21875 0.0298387
0.375 0.21875 0.00690607
0.375 0.25 -0.0137825
0.34375 0.25 0.010647
0.34375 0.21875 0.0298387
0.34375 0.1875 0.0515925
0.375 0.1875 0.0319075
0.375 0.21875 0.00690607
0.34375 0.21875 0.0298387
0.3125 0.1875 0.074252
0.3125 0.15625 0.0961219
0.34375 0.15625 0.0758368
0.34375 0.1875 0.0515925
0.3125 0.1875 0.074252
0.3125 0.15625 0.0961219
0.3125 0.125 0.119788
0.34375 0.125 0.101727
0.34375 0.15625 0.0758368
0.3125 0.15625 0.0961219
0.34375 0.1875 0.0515925
0.34375 0.15625 0.0758368
0.375 0.15625 0.0590068
0.375 0.1875 0.0319075
0.34375 0.1875 0.0515925
0.34375 0.15625 0.0758368
0.34375 0.125 0.101727
0.375 0.125 0.0872873
0.375 0.15625 0.0590068
0.34375 0.15625 0.0758368
0.25 0.125 0.16266
0.25 0.0625 0.207609
0.3125 0.0625 0.171559
0.3125 0.125 0.119788
0.25 0.125 0.16266
0.25 0.0625 0.207609
0.25 0 0.259306
0.3125 0 0.228071
0.3125 0.0625 0.171559
0.25 0.0625 0.207609
0.3125 0.125 0.119788
0.3125 0.09375 0.14516
0.34375 0.09375 0.128952
0.34375 0.125 0.101727
0.3125 0.125 0.119788
0.3125 0.09375 0.14516
0.3125 0.0625 0.171559
0.34375 0.0625 0.156966
0.34375 0.09375 0.128952
0.3125 0.09375 0.14516
0.34375 0.125 0.101727
0.34375 0.09375 0.128952
0.375 0.09375 0.116318
0.375 0.125 0.0872873
0.34375 0.125 0.101727
0.34375 0.09375 0.128952
0.34375 0.0625 0.156966
0.375 0.0625 0.145806
0.375 0.09375 0.116318
0.34375 0.09375 0.128952
0.3125 0.0625 0.171559
0.3125 0 0.228071
0.375 0 0.206386
0.375 0.0625 0.145806
0.3125 0.0625 0.171559
0.375 0.25 -0.0137825
0.375 0.21875 0.00690607
0.40625 0.21875 -0.0111125
0.40625 0.25 -0.0345815
0.375 0.25 -0.0137825
0.375 0.21875 0.00690607
0.375 0.1875 0.0319075
0.40625 0.1875 0.0170058
0.40625 0.21875 -0.0111125
0.375 0.21875 0.00690607
0.40625 0.25 -0.0345815
0.40625 0.21875 -0.0111125
0.4375 0.21875 -0.020249
0.4375 0.25 -0.0484007
0.40625 0.25 -0.0345815
0.40625 0.21875 -0.0111125
0.40625 0.1875 0.0170058
0.4375 0.1875 0.0106788
0.4375 0.21875 -0.020249
0.40625 0.21875 -0.0111125
0.375 0.1875 0.0319075
0.375 0.15625 0.0590068
0.40625 0.15625 0.0468122
0.40625 0.1875 0.0170058
0.375 0.1875 0.0319075
0.375 0.15625 0.0590068
0.375 0.125 0.0872873
0.40625 0.125 0.0771439
0.40625 0.15625 0.0468122
0.375 0.15625 0.0590068
0.40625 0.1875 0.0170058
0.40625 0.15625 0.0468122
0.4375 0.15625 0.0419208
0.4375 0.1875 0.0106788
0.40625 0.1875 0.0170058
0.40625 0.15625 0.0468122
0.40625 0.125 0.0771439
0.4375 0.125 0.0731555
0.4375 0.15625 0.0419208
0.40625 0.15625 0.0468122
0.4375 0.25 -0.0484007
0.4375 0.21875 -0.020249
0.46875 0.21875 -0.0138306
0.46875 0.25 -0.0424964
0.4375 0.25 -0.0484007
0.4375 0.21875 -0.020249
0.4375 0.1875 0.0106788
0.46875 0.1875 0.0157406
0.46875 0.21875 -0.0138306
0.4375 0.21875 -0.020249
0.46875 0.25 -0.0424964
0.46875 0.21875 -0.0138306
0.5 0.21875 -0.00185033
0.5 0.25 -0.0296779
0.46875 0.25 -0.0424964
0.46875 0.21875 -0.0138306
0.46875 0.1875 0.0157406
0.5 0.1875 0.0266565
0.5 0.21875 -0.00185033
0.46875 0.21875 -0.0138306
0.4375 0.1875 0.0106788
0.4375 0.15625 0.0419208
0.46875 0.15625 0.046117
0.46875 0.1875 0.0157406
0.4375 0.1875 0.0106788
0.4375 0.15625 0.0419208
0.4375 0.125 0.0731555
0.46875 0.125 0.0767174
0.46875 0.15625 0.046117
0.4375 0.15625 0.0419208
0.46875 0.1875 0.0157406
0.46875 0.15625 0.046117
0.5 0.15625 0.0556766
0.5 0.1875 0.0266565
0.46875 0.1875 0.0157406
0.46875 0.15625 0.046117
0.46875 0.125 0.0767174
0.5 0.125 0.085094
0.5 0.15625 0.0556766
0.46875 0.15625 0.046117
0.375 0.125 0.0872873
0.375 0.09375 0.116318
0.40625 0.09375 0.107678
0.40625 0.125 0.0771439
0.375 0.125 0.0872873
0.375 0.09375 0.116318
0.375 0.0625 0.145806
0.40625 0.0625 0.138438
0.40625 0.09375 0.107678
0.375 0.09375 0.116318
0.40625 0.125 0.0771439
0.40625 0.09375 0.107678
0.4375 0.09375 0.104376
0.4375 0.125 0.0731555
0.40625 0.125 0.0771439
0.40625 0.09375 0.107678
0.40625 0.0625 0.138438
0.4375 0.0625 0.135573
0.4375 0.09375 0.104376
0.40625 0.09375 0.107678
0.375 0.0625 0.145806
0.375 0 0.206386
0.4375 0 0.198013
0.4375 0.0625 0.135573
0.375 0.0625 0.145806
0.4375 0.125 0.0731555
0.4375 0.09375 0.104376
0.46875 0.09375 0.107419
0.46875 0.125 0.0767174
0.4375 0.125 0.0731555
0.4375 0.09375 0.104376
0.4375 0.0625 0.135573
0.46875 0.0625 0.138241
0.46875 0.09375 0.107419
0.4375 0.09375 0.104376
0.46875 0.125 0.0767174
0.46875 0.09375 0.107419
0.5 0.09375 0.114861
0.5 0.125 0.085094
0.46875 0.125 0.0767174
0.46875 0.09375 0.107419
0.46875 0.0625 0.138241
0.5 0.0625 0.14485
0.5 0.09375 0.114861
0.46875 0.09375 0.107419
0.4375 0.0625 0.135573
0.4375 0 0.198013
0.5 0 0.205794
0.5 0.0625 0.14485
0.4375 0.0625 0.135573
0.5 1 0.206661
0.5 0.9375 0.145885
0.5625 0.9375 0.135419
0.5625 1 0.19788
0.5 1 0.206661
0.5 0.9375 0.145885
0.5 0.90625 0.115844
0.53125 0.90625 0.107818
0.53125 0.9375 0.138588
0.5 0.9375 0.145885
0.5 0.90625 0.115844
0.5 0.875 0.0860047
0.53125 0.875 0.0771164
0.53125 0.90625 0.107818
0.5 0.90625 0.115844
0.53125 0.9375 0.138588
0.53125 0.90625 0.107818
0.5625 0.90625 0.104201
0.5625 0.9375 0.135419
0.53125 0.9375 0.138588
0.53125 0.90625 0.107818
0.53125 0.875 0.0771164
0.5625 0.875 0.0729755
0.5625 0.90625 0.104201
0.53125 0.90625 0.107818
0.5625 1 0.19788
0.5625 0.9375 0.135419
0.625 0.9375 0.147171
0.625 1 0.207362
0.5625 1 0.19788
0.5625 0.9375 0.135419
0.5625 0.90625 0.104201
0.59375 0.90625 0.108077
0.59375 0.9375 0.138721
0.5625 0.9375 0.135419
0.5625 0.90625 0.104201
0.5625 0.875 0.0729755
0.59375 0.875 0.0775408
0.59375 0.90625 0.108077
0.5625 0.90625 0.104201
0.59375 0.9375 0.138721
0.59375 0.90625 0.108077
0.625 0.90625 0.117626
0.625 0.9375 0.147171
0.59375 0.9375 0.138721
0.59375 0.90625 0.108077
0.59375 0.875 0.0775408
0.625 0.875 0.0885361
0.625 0.90625 0.117626
0.59375 0.90625 0.108077
0.5 0.875 0.0860047
0.5 0.84375 0.0564047
0.53125 0.84375 0.0465227
0.53125 0.875 0.0771164
0.5 0.875 0.0860047
0.5 0.84375 0.0564047
0.5 0.8125 0.027097
0.53125 0.8125 0.01608
0.53125 0.84375 0.0465227
0.5 0.84375 0.0564047
0.53125 0.875 0.0771164
0.53125 0.84375 0.0465227
0.5625 0.84375 0.0417418
0.5625 0.875 0.0729755
0.53125 0.875 0.0771164
0.53125 0.84375 0.0465227
0.53125 0.8125 0.01608
0.5625 0.8125 0.0104965
0.5625 0.84375 0.0417418
0.53125 0.84375 0.0465227
0.5 0.8125 0.027097
0.5 0.78125 -0.00181221
0.53125 0.78125 -0.0137901
0.53125 0.8125 0.01608
0.5 0.8125 0.027097
0.5 0.78125 -0.00181221
0.5 0.75 -0.0297659
0.53125 0.75 -0.0427594
0.53125 0.78125 -0.0137901
0.5 0.78125 -0.00181221
0.53125 0.8125 0.01608
0.53125 0.78125 -0.0137901
0.5625 0.78125 -0.0205858
0.5625 0.8125 0.0104965
0.53125 0.8125 0.01608
0.53125 0.78125 -0.0137901
0.53125 0.75 -0.0427594
0.5625 0.75 -0.0507852
0.5625 0.78125 -0.0205858
0.53125 0.78125 -0.0137901
0.5625 0.875 0.0729755
0.5625 0.84375 0.0417418
0.59375 0.84375 0.0472043
0.59375 0.875 0.0775408
0.5625 0.875 0.0729755
0.5625 0.84375 0.0417418
0.5625 0.8125 0.0104965
0.59375 0.8125 0.0171843
0.59375 0.84375 0.0472043
0.5625 0.84375 0.0417418
0.59375 0.875 0.0775408
0.59375 0.84375 0.0472043
0.625 0.84375 0.0600741
0.625 0.875 0.0885361
0.59375 0.875 0.0775408
0.59375 0.84375 0.0472043
0.59375 0.8125 0.0171843
0.625 0.8125 0.0325293
0.625 0.84375 0.0600741
0.59375 0.84375 0.0472043
0.5625 0.8125 0.0104965
0.5625 0.78125 -0.0205858
0.59375 0.78125 -0.0116256
0.59375 0.8125 0.0171843
0.5625 0.8125 0.0104965
0.5625 0.78125 -0.0205858
0.5625 0.75 -0.0507852
0.59375 0.75 -0.0371604
0.59375 0.78125 -0.0116256
0.5625 0.78125 -0.0205858
0.59375 0.8125 0.0171843
0.59375 0.78125 -0.0116256
0.625 0.78125 0.00637321
0.625 0.8125 0.0325293
0.59375 0.8125 0.0171843
0.59375 0.78125 -0.0116256
0.59375 0.75 -0.0371604
0.625 0.75 -0.0153538
0.625 0.78125 0.00637321
0.59375 0.78125 -0.0116256
0.625 1 0.207362
0.625 0.9375 0.147171
0.6875 0.9375 0.175809
0.6875 1 0.231188
0.625 1 0.207362
0.625 0.9375 0.147171
0.625 0.875 0.0885361
0.6875 0.875 0.123788
0.6875 0.9375 0.175809
0.625 0.9375 0.147171
0.6875 1 0.231188
0.6875 0.9375 0.175809
0.75 0.9375 0.215139
0.75 1 0.265134
0.6875 1 0.231188
0.6875 0.9375 0.175809
0.6875 0.875 0.123788
0.75 0.875 0.16791
0.75 0.9375 0.215139
0.6875 0.9375 0.175809
0.625 0.875 0.0885361
0.625 0.84375 0.0600741
0.65625 0.84375 0.0783252
0.65625 0.875 0.104593
0.625 0.875 0.0885361
0.625 0.84375 0.0600741
0.625 0.8125 0.0325293
0.65625 0.8125 0.0534077
0.65625 0.84375 0.0783252
0.625 0.84375 0.0600741
0.65625 0.875 0.104593
0.65625 0.84375 0.0783252
0.6875 0.84375 0.0994583
0.6875 0.875 0.123788
0.65625 0.875 0.104593
0.65625 0.84375 0.0783252
0.65625 0.8125 0.0534077
0.6875 0.8125 0.076605
0.6875 0.84375 0.0994583
0.65625 0.84375 0.0783252
0.625 0.8125 0.0325293
0.625 0.78125 0.00637321
0.65625 0.78125 0.0303394
0.65625 0.8125 0.0534077
0.625 0.8125 0.0325293
0.625 0.78125 0.00637321
0.625 0.75 -0.0153538
0.65625 0.75 0.00979354
0.65625 0.78125 0.0303394
0.625 0.78125 0.00637321
0.65625 0.8125 0.0534077
0.65625 0.78125 0.0303394
0.6875 0.78125 0.0555463
0.6875 0.8125 0.076605
0.65625 0.8125 0.0534077
0.65625 0.78125 0.0303394
0.65625 0.75 0.00979354
0.6875 0.75 0.0365431
0.6875 0.78125 0.0555463
0.65625 0.78125 0.0303394
0.6875 0.875 0.123788
0.6875 0.84375 0.0994583
0.71875 0.84375 0.122457
0.71875 0.875 0.145232
0.6875 0.875 0.123788
0.6875 0.84375 0.0994583
0.6875 0.8125 0.076605
0.71875 0.8125 0.101148
0.71875 0.84375 0.122457
0.6875 0.84375 0.0994583
0.71875 0.875 0.145232
0.71875 0.84375 0.122457
0.75 0.84375 0.146438
0.75 0.875 0.16791
0.71875 0.875 0.145232
0.71875 0.84375 0.122457
0.71875 0.8125 0.101148
0.75 0.8125 0.126364
0.75 0.84375 0.146438
0.71875 0.84375 0.122457
0.6875 0.8125 0.076605
0.6875 0.78125 0.0555463
0.71875 0.78125 0.0814596
0.71875 0.8125 0.101148
0.6875 0.8125 0.076605
0.6875 0.78125 0.0555463
0.6875 0.75 0.0365431
0.71875 0.75 0.0634534
0.71875 0.78125 0.0814596
0.6875 0.78125 0.0555463
0.71875 0.8125 0.101148
0.71875 0.78125 0.0814596
0.75 0.78125 0.107743
0.75 0.8125 0.126364
0.71875 0.8125 0.101148
0.71875 0.78125 0.0814596
0.71875 0.75 0.0634534
0.75 0.75 0.0904827
0.75 0.78125 0.107743
0.71875 0.78125 0.0814596
0.5 0.75 -0.0297659
0.5 0.71875 -0.0575251
0.53125 0.71875 -0.0712468
0.53125 0.75 -0.0427594
0.5 0.75 -0.0297659
0.5 0.71875 -0.0575251
0.5 0.6875 -0.0851511
0.53125 0.6875 -0.0993456
0.53125 0.71875 -0.0712468
0.5 0.71875 -0.0575251
0.53125 0.75 -0.0427594
0.53125 0.71875 -0.0712468
0.5625 0.71875 -0.0782944
0.5625 0.75 -0.0507852
0.53125 0.75 -0.0427594
0.53125 0.71875 -0.0712468
0.53125 0.6875 -0.0993456
0.5625 0.6875 -0.101024
0.5625 0.71875 -0.0782944
0.53125 0.71875 -0.0712468
0.5 0.6875 -0.0851511
0.5 0.65625 -0.112704
0.53125 0.65625 -0.127222
0.53125 0.6875 -0.0993456
0.5 0.6875 -0.0851511
0.5 0.65625 -0.112704
0.5 0.625 -0.140199
0.53125 0.625 -0.154452
0.53125 0.65625 -0.127222
0.5 0.65625 -0.112704
0.53125 0.6875 -0.0993456
0.53125 0.65625 -0.127222
0.5625 0.65625 -0.118927
0.5625 0.6875 -0.101024
0.53125 0.6875 -0.0993456
0.53125 0.65625 -0.127222
0.53125 0.625 -0.154452
0.5625 0.625 -0.13484
0.5625 0.65625 -0.118927
0.53125 0.65625 -0.127222
0.5625 0.75 -0.0507852
0.5625 0.71875 -0.0782944
0.59375 0.71875 -0.0585593
0.59375 0.75 -0.0371604
0.5625 0.75 -0.0507852
0.5625 0.71875 -0.0782944
0.5625 0.6875 -0.101024
0.59375 0.6875 -0.076356
0.59375 0.71875 -0.0585593
0.5625 0.71875 -0.0782944
0.59375 0.75 -0.0371604
0.59375 0.71875 -0.0585593
0.625 0.71875 -0.0335246
0.625 0.75 -0.0153538
0.59375 0.75 -0.0371604
0.59375 0.71875 -0.0585593
0.59375 0.6875 -0.076356
0.625 0.6875 -0.0498128
0.625 0.71875 -0.0335246
0.59375 0.71875 -0.0585593
0.5625 0.6875 -0.101024
0.5625 0.65625 -0.118927
0.59375 0.65625 -0.0923573
0.59375 0.6875 -0.076356
0.5625 0.6875 -0.101024
0.5625 0.65625 -0.118927
0.5625 0.625 -0.13484
0.59375 0.625 -0.107669
0.59375 0.65625 -0.0923573
0.5625 0.65625 -0.118927
0.59375 0.6875 -0.076356
0.59375 0.65625 -0.0923573
0.625 0.65625 -0.0652217
0.625 0.6875 -0.0498128
0.59375 0.6875 -0.076356
0.59375 0.65625 -0.0923573
0.59375 0.625 -0.107669
0.625 0.625 -0.0803335
0.625 0.65625 -0.0652217
0.59375 0.65625 -0.0923573
0.5 0.625 -0.140199
0.5 0.5625 -0.195137
0.5625 0.5625 -0.165186
0.5625 0.625 -0.13484
0.5 0.625 -0.140199
0.5 0.5625 -0.195137
0.5 0.5 -0.230476
0.5625 0.5 -0.186308
0.5625 0.5625 -0.165186
0.5 0.5625 -0.195137
0.5625 0.625 -0.13484
0.5625 0.59375 -0.150099
0.59375 0.59375 -0.122752
0.59375 0.625 -0.107669
0.5625 0.625 -0.13484
0.5625 0.59375 -0.150099
0.5625 0.5625 -0.165186
0.59375 0.5625 -0.137765
0.59375 0.59375 -0.122752
0.5625 0.59375 -0.150099
0.59375 0.625 -0.107669
0.59375 0.59375 -0.122752
0.625 0.59375 -0.0953528
0.625 0.625 -0.0803335
0.59375 0.625 -0.107669
0.59375 0.59375 -0.122752
0.59375 0.5625 -0.137765
0.625 0.5625 -0.110335
0.625 0.59375 -0.0953528
0.59375 0.59375 -0.122752
0.5625 0.5625 -0.165186
0.5625 0.5 -0.186308
0.625 0.5 -0.140129
0.625 0.5625 -0.110335
0.5625 0.5625 -0.165186
0.625 0.75 -0.0153538
0.625 0.71875 -0.0335246
0.65625 0.71875 -0.00711093
0.65625 0.75 0.00979354
0.625 0.75 -0.0153538
0.625 0.71875 -0.0335246
0.625 0.6875 -0.0498128
0.65625 0.6875 -0.0227665
0.65625 0.71875 -0.00711093
0.625 0.71875 -0.0335246
0.65625 0.75 0.00979354
0.65625 0.71875 -0.00711093
0.6875 0.71875 0.0199854
0.6875 0.75 0.0365431
0.65625 0.75 0.00979354
0.65625 0.71875 -0.00711093
0.65625 0.6875 -0.0227665
0.6875 0.6875 0.00450335
0.6875 0.71875 0.0199854
0.65625 0.71875 -0.00711093
0.625 0.6875 -0.0498128
0.625 0.65625 -0.0652217
0.65625 0.65625 -0.0379126
0.65625 0.6875 -0.0227665
0.625 0.6875 -0.0498128
0.625 0.65625 -0.0652217
0.625 0.625 -0.0803335
0.65625 0.625 -0.0529423
0.65625 0.65625 -0.0379126
0.625 0.65625 -0.0652217
0.65625 0.6875 -0.0227665
0.65625 0.65625 -0.0379126
0.6875 0.65625 -0.0105285
0.6875 0.6875 0.00450335
0.65625 0.6875 -0.0227665
0.65625 0.65625 -0.0379126
0.65625 0.625 -0.0529423
0.6875 0.625 -0.0255271
0.6875 0.65625 -0.0105285
0.65625 0.65625 -0.0379126
0.6875 0.75 0.0365431
0.6875 0.71875 0.0199854
0.71875 0.71875 0.0472777
0.71875 0.75 0.0634534
0.6875 0.75 0.0365431
0.6875 0.71875 0.0199854
0.6875 0.6875 0.00450335
0.71875 0.6875 0.0319114
0.71875 0.71875 0.0472777
0.6875 0.71875 0.0199854
0.71875 0.75 0.0634534
0.71875 0.71875 0.0472777
0.75 0.71875 0.074599
0.75 0.75 0.0904827
0.71875 0.75 0.0634534
0.71875 0.71875 0.0472777
0.71875 0.6875 0.0319114
0.75 0.6875 0.0593265
0.75 0.71875 0.074599
0.71875 0.71875 0.0472777
0.6875 0.6875 0.00450335
0.6875 0.65625 -0.0105285
0.71875 0.65625 0.0168909
0.71875 0.6875 0.0319114
0.6875 0.6875 0.00450335
0.6875 0.65625 -0.0105285
0.6875 0.625 -0.0255271
0.71875 0.625 0.00190067
0.71875 0.65625 0.0168909
0.6875 0.65625 -0.0105285
0.71875 0.6875 0.0319114
0.71875 0.65625 0.0168909
0.75 0.65625 0.0443198
0.75 0.6875 0.0593265
0.71875 0.6875 0.0319114
0.71875 0.65625 0.0168909
0.71875 0.625 0.00190067
0.75 0.625 0.0293419
0.75 0.65625 0.0443198
0.71875 0.65625 0.0168909
0.625 0.625 -0.0803335
0.625 0.59375 -0.0953528
0.65625 0.59375 -0.0679329
0.65625 0.625 -0.0529423
0.625 0.625 -0.0803335
0.625 0.59375 -0.0953528
0.625 0.5625 -0.110335
0.65625 0.5625 -0.0828963
0.65625 0.59375 -0.0679329
0.625 0.59375 -0.0953528
0.65625 0.625 -0.0529423
0.65625 0.59375 -0.0679329
0.6875 0.59375 -0.040502
0.6875 0.625 -0.0255271
0.65625 0.625 -0.0529423
0.65625 0.59375 -0.0679329
0.65625 0.5625 -0.0828963
0.6875 0.5625 -0.0554504
0.6875 0.59375 -0.040502
0.65625 0.59375 -0.0679329
0.625 0.5625 -0.110335
0.625 0.53125 -0.125276
0.65625 0.53125 -0.0978084
0.65625 0.5625 -0.0828963
0.625 0.5625 -0.110335
0.625 0.53125 -0.125276
0.625 0.5 -0.140129
0.65625 0.5 -0.112578
0.65625 0.53125 -0.0978084
0.625 0.53125 -0.125276
0.65625 0.5625 -0.0828963
0.65625 0.53125 -0.0978084
0.6875 0.53125 -0.0703219
0.6875 0.5625 -0.0554504
0.65625 0.5625 -0.0828963
0.65625 0.53125 -0.0978084
0.65625 0.5 -0.112578
0.6875 0.5 -0.0849681
0.6875 0.53125 -0.0703219
0.65625 0.53125 -0.0978084
0.6875 0.625 -0.0255271
0.6875 0.59375 -0.040502
0.71875 0.59375 -0.0130636
0.71875 0.625 0.00190067
0.6875 0.625 -0.0255271
0.6875 0.59375 -0.040502
0.6875 0.5625 -0.0554504
0.71875 0.5625 -0.027996
0.71875 0.59375 -0.0130636
0.6875 0.59375 -0.040502
0.71875 0.625 0.00190067
0.71875 0.59375 -0.0130636
0.75 0.59375 0.0143899
0.75 0.625 0.0293419
0.71875 0.625 0.00190067
0.71875 0.59375 -0.0130636
0.71875 0.5625 -0.027996
0.75 0.5625 -0.000530147
0.75 0.59375 0.0143899
0.71875 0.59375 -0.0130636
0.6875 0.5625 -0.0554504
0.6875 0.53125 -0.0703219
0.71875 0.53125 -0.0427969
0.71875 0.5625 -0.027996
0.6875 0.5625 -0.0554504
0.6875 0.53125 -0.0703219
0.6875 0.5 -0.0849681
0.71875 0.5 -0.0572461
0.71875 0.53125 -0.0427969
0.6875 0.53125 -0.0703219
0.71875 0.5625 -0.027996
0.71875 0.53125 -0.0427969
0.75 0.53125 -0.0152058
0.75 0.5625 -0.000530147
0.71875 0.5625 -0.027996
0.71875 0.53125 -0.0427969
0.71875 0.5 -0.0572461
0.75 0.5 -0.0293655
0.75 0.53125 -0.0152058
0.71875 0.53125 -0.0427969
0.75 1 0.265134
0.75 0.9375 0.215139
0.8125 0.9375 0.260711
0.8125 1 0.306243
0.75 1 0.265134
0.75 0.9375 0.215139
0.75 0.875 0.16791
0.8125 0.875 0.21795
0.8125 0.9375 0.260711
0.75 0.9375 0.215139
0.8125 1 0.306243
0.8125 0.9375 0.260711
0.875 0.9375 0.30877
0.875 1 0.350777
0.8125 1 0.306243
0.8125 0.9375 0.260711
0.8125 0.875 0.21795
0.875 0.875 0.269194
0.875 0.9375 0.30877
0.8125 0.9375 0.260711
0.75 0.875 0.16791
0.75 0.8125 0.126364
0.8125 0.8125 0.179416
0.8125 0.875 0.21795
0.75 0.875 0.16791
0.75 0.8125 0.126364
0.75 0.75 0.0904827
0.8125 0.75 0.14481
0.8125 0.8125 0.179416
0.75 0.8125 0.126364
0.8125 0.875 0.21795
0.8125 0.8125 0.179416
0.875 0.8125 0.232901
0.875 0.875 0.269194
0.8125 0.875 0.21795
0.8125 0.8125 0.179416
0.8125 0.75 0.14481
0.875 0.75 0.199515
0.875 0.8125 0.232901
0.8125 0.8125 0.179416
0.875 1 0.350777
0.875 0.875 0.269194
1 0.875 0.3772
1 1 0.451357
0.875 1 0.350777
0.875 0.875 0.269194
0.875 0.75 0.199515
1 0.75 0.310575
1 0.875 0.3772
0.875 0.875 0.269194
0.75 0.75 0.0904827
0.75 0.71875 0.074599
0.78125 0.71875 0.101945
0.78125 0.75 0.117611
0.75 0.75 0.0904827
0.75 0.71875 0.074599
0.75 0.6875 0.0593265
0.78125 0.6875 0.086752
0.78125 0.71875 0.101945
0.75 0.71875 0.074599
0.78125 0.75 0.117611
0.78125 0.71875 0.101945
0.8125 0.71875 0.129318
0.8125 0.75 0.14481
0.78125 0.75 0.117611
0.78125 0.71875 0.101945
0.78125 0.6875 0.086752
0.8125 0.6875 0.114198
0.8125 0.71875 0.129318
0.78125 0.71875 0.101945
0.75 0.6875 0.0593265
0.75 0.65625 0.0443198
0.78125 0.65625 0.0717637
0.78125 0.6875 0.086752
0.75 0.6875 0.0593265
0.75 0.65625 0.0443198
0.75 0.625 0.0293419
0.78125 0.625 0.0568128
0.78125 0.65625 0.0717637
0.75 0.65625 0.0443198
0.78125 0.6875 0.086752
0.78125 0.65625 0.0717637
0.8125 0.65625 0.099241
0.8125 0.6875 0.114198
0.78125 0.6875 0.086752
0.78125 0.65625 0.0717637
0.78125 0.625 0.0568128
0.8125 0.625 0.084353
0.8125 0.65625 0.099241
0.78125 0.65625 0.0717637
0.8125 0.75 0.14481
0.8125 0.6875 0.114198
0.875 0.6875 0.169228
0.875 0.75 0.199515
0.8125 0.75 0.14481
0.8125 0.6875 0.114198
0.8125 0.65625 0.099241
0.84375 0.65625 0.126782
0.84375 0.6875 0.141682
0.8125 0.6875 0.114198
0.8125 0.65625 0.099241
0.8125 0.625 0.084353
0.84375 0.625 0.112016
0.84375 0.65625 0.126782
0.8125 0.65625 0.099241
0.84375 0.6875 0.141682
0.84375 0.65625 0.126782
0.875 0.65625 0.154427
0.875 0.6875 0.169228
0.84375 0.6875 0.141682
0.84375 0.65625 0.126782
0.84375 0.625 0.112016
0.875 0.625 0.139845
0.875 0.65625 0.154427
0.84375 0.65625 0.126782
0.75 0.625 0.0293419
0.75 0.59375 0.0143899
0.78125 0.59375 0.0419167
0.78125 0.625 0.0568128
0.75 0.625 0.0293419
0.75 0.59375 0.0143899
0.75 0.5625 -0.000530147
0.78125 0.5625 0.027135
0.78125 0.59375 0.0419167
0.75 0.59375 0.0143899
0.78125 0.625 0.0568128
0.78125 0.59375 0.0419167
0.8125 0.59375 0.069589
0.8125 0.625 0.084353
0.78125 0.625 0.0568128
0.78125 0.59375 0.0419167
0.78125 0.5625 0.027135
0.8125 0.5625 0.0550807
0.8125 0.59375 0.069589
0.78125 0.59375 0.0419167
0.75 0.5625 -0.000530147
0.75 0.53125 -0.0152058
0.78125 0.53125 0.0126487
0.78125 0.5625 0.027135
0.75 0.5625 -0.000530147
0.75 0.53125 -0.0152058
0.75 0.5 -0.0293655
0.78125 0.5 -0.00127046
0.78125 0.53125 0.0126487
0.75 0.53125 -0.0152058
0.78125 0.5625 0.027135
0.78125 0.53125 0.0126487
0.8125 0.53125 0.0411074
0.8125 0.5625 0.0550807
0.78125 0.5625 0.027135
0.78125 0.53125 0.0126487
0.78125 0.5 -0.00127046
0.8125 0.5 0.0282633
0.8125 0.53125 0.0411074
0.78125 0.53125 0.0126487
0.8125 0.625 0.084353
0.8125 0.59375 0.069589
0.84375 0.59375 0.0974825
0.84375 0.625 0.112016
0.8125 0.625 0.084353
0.8125 0.59375 0.069589
0.8125 0.5625 0.0550807
0.84375 0.5625 0.0833979
0.84375 0.59375 0.0974825
0.8125 0.59375 0.069589
0.84375 0.625 0.112016
0.84375 0.59375 0.0974825
0.875 0.59375 0.125636
0.875 0.625 0.139845
0.84375 0.625 0.112016
0.84375 0.59375 0.0974825
0.84375 0.5625 0.0833979
0.875 0.5625 0.112053
0.875 0.59375 0.125636
0.84375 0.59375 0.0974825
0.8125 0.5625 0.0550807
0.8125 0.53125 0.0411074
0.84375 0.53125 0.070139
0.84375 0.5625 0.0833979
0.8125 0.5625 0.0550807
0.8125 0.53125 0.0411074
0.8125 0.5 0.0282633
0.84375 0.5 0.0582946
0.84375 0.53125 0.070139
0.8125 0.53125 0.0411074
0.84375 0.5625 0.0833979
0.84375 0.53125 0.070139
0.875 0.53125 0.0995078
0.875 0.5625 0.112053
0.84375 0.5625 0.0833979
0.84375 0.53125 0.070139
0.84375 0.5 0.0582946
0.875 0.5 0.0885616
0.875 0.53125 0.0995078
0.84375 0.53125 0.070139
0.875 0.75 0.199515
0.875 0.6875 0.169228
0.9375 0.6875 0.224904
0.9375 0.75 0.254645
0.875 0.75 0.199515
0.875 0.6875 0.169228
0.875 0.625 0.139845
0.9375 0.625 0.196603
0.9375 0.6875 0.224904
0.875 0.6875 0.169228
0.9375 0.75 0.254645
0.9375 0.6875 0.224904
1 0.6875 0.281748
1 0.75 0.310575
0.9375 0.75 0.254645
0.9375 0.6875 0.224904
0.9375 0.625 0.196603
1 0.625 0.254845
1 0.6875 0.281748
0.9375 0.6875 0.224904
0.875 0.625 0.139845
0.875 0.5625 0.112053
0.9375 0.5625 0.170845
0.9375 0.625 0.196603
0.875 0.625 0.139845
0.875 0.5625 0.112053
0.875 0.5 0.0885616
0.9375 0.5 0.149411
0.9375 0.5625 0.170845
0.875 0.5625 0.112053
0.9375 0.625 0.196603
0.9375 0.5625 0.170845
1 0.5625 0.230846
1 0.625 0.254845
0.9375 0.625 0.196603
0.9375 0.5625 0.170845
0.9375 0.5 0.149411
1 0.5 0.211351
1 0.5625 0.230846
0.9375 0.5625 0.170845
0.5 0.5 -0.230476
0.5 0.4375 -0.194926
0.5625 0.4375 -0.164498
0.5625 0.5 -0.186308
0.5 0.5 -0.230476
0.5 0.4375 -0.194926
0.5 0.375 -0.140092
0.5625 0.375 -0.110283
0.5625 0.4375 -0.164498
0.5 0.4375 -0.194926
0.5625 0.5 -0.186308
0.5625 0.4375 -0.164498
0.625 0.4375 -0.132281
0.625 0.5 -0.140129
0.5625 0.5 -0.186308
0.5625 0.4375 -0.164498
0.5625 0.40625 -0.137557
0.59375 0.40625 -0.122362
0.59375 0.4375 -0.148782
0.5625 0.4375 -0.164498
0.5625 0.40625 -0.137557
0.5625 0.375 -0.110283
0.59375 0.375 -0.0952326
0.59375 0.40625 -0.122362
0.5625 0.40625 -0.137557
0.59375 0.4375 -0.148782
0.59375 0.40625 -0.122362
0.625 0.40625 -0.106876
0.625 0.4375 -0.132281
0.59375 0.4375 -0.148782
0.59375 0.40625 -0.122362
0.59375 0.375 -0.0952326
0.625 0.375 -0.0800978
0.625 0.40625 -0.106876
0.59375 0.40625 -0.122362
0.5 0.375 -0.140092
0.5 0.34375 -0.112579
0.53125 0.34375 -0.0978149
0.53125 0.375 -0.125255
0.5 0.375 -0.140092
0.5 0.34375 -0.112579
0.5 0.3125 -0.085014
0.53125 0.3125 -0.0703529
0.53125 0.34375 -0.0978149
0.5 0.34375 -0.112579
0.53125 0.375 -0.125255
0.53125 0.34375 -0.0978149
0.5625 0.34375 -0.0828902
0.5625 0.375 -0.110283
0.53125 0.375 -0.125255
0.53125 0.34375 -0.0978149
0.53125 0.3125 -0.0703529
0.5625 0.3125 -0.0554644
0.5625 0.34375 -0.0828902
0.53125 0.34375 -0.0978149
0.5 0.3125 -0.085014
0.5 0.28125 -0.0573904
0.53125 0.28125 -0.0428679
0.53125 0.3125 -0.0703529
0.5 0.3125 -0.085014
0.5 0.28125 -0.0573904
0.5 0.25 -0.0296779
0.53125 0.25 -0.015352
0.53125 0.28125 -0.0428679
0.5 0.28125 -0.0573904
0.53125 0.3125 -0.0703529
0.53125 0.28125 -0.0428679
0.5625 0.28125 -0.0280283
0.5625 0.3125 -0.0554644
0.53125 0.3125 -0.0703529
0.53125 0.28125 -0.0428679
0.53125 0.25 -0.015352
0.5625 0.25 -0.000583757
0.5625 0.28125 -0.0280283
0.53125 0.28125 -0.0428679
0.5625 0.375 -0.110283
0.5625 0.34375 -0.0828902
0.59375 0.34375 -0.0679025
0.59375 0.375 -0.0952326
0.5625 0.375 -0.110283
0.5625 0.34375 -0.0828902
0.5625 0.3125 -0.0554644
0.59375 0.3125 -0.0405017
0.59375 0.34375 -0.0679025
0.5625 0.34375 -0.0828902
0.59375 0.375 -0.0952326
0.59375 0.34375 -0.0679025
0.625 0.34375 -0.0528802
0.625 0.375 -0.0800978
0.59375 0.375 -0.0952326
0.59375 0.34375 -0.0679025
0.59375 0.3125 -0.0405017
0.625 0.3125 -0.0255196
0.625 0.34375 -0.0528802
0.59375 0.34375 -0.0679025
0.5625 0.3125 -0.0554644
0.5625 0.28125 -0.0280283
0.59375 0.28125 -0.013078
0.59375 0.3125 -0.0405017
0.5625 0.3125 -0.0554644
0.5625 0.28125 -0.0280283
0.5625 0.25 -0.000583757
0.59375 0.25 0.0143558
0.59375 0.28125 -0.013078
0.5625 0.28125 -0.0280283
0.59375 0.3125 -0.0405017
0.59375 0.28125 -0.013078
0.625 0.28125 0.0018974
0.625 0.3125 -0.0255196
0.59375 0.3125 -0.0405017
0.59375 0.28125 -0.013078
0.59375 0.25 0.0143558
0.625 0.25 0.0293221
0.625 0.28125 0.0018974
0.59375 0.28125 -0.013078
0.625 0.5 -0.140129
0.625 0.46875 -0.149651
0.65625 0.46875 -0.125671
0.65625 0.5 -0.112578
0.625 0.5 -0.140129
0.625 0.46875 -0.149651
0.625 0.4375 -0.132281
0.65625 0.4375 -0.114395
0.65625 0.46875 -0.125671
0.625 0.46875 -0.149651
0.65625 0.5 -0.112578
0.65625 0.46875 -0.125671
0.6875 0.46875 -0.098924
0.6875 0.5 -0.0849681
0.65625 0.5 -0.112578
0.65625 0.46875 -0.125671
0.65625 0.4375 -0.114395
0.6875 0.4375 -0.0942845
0.6875 0.46875 -0.098924
0.65625 0.46875 -0.125671
0.625 0.4375 -0.132281
0.625 0.40625 -0.106876
0.65625 0.40625 -0.0908727
0.65625 0.4375 -0.114395
0.625 0.4375 -0.132281
0.625 0.40625 -0.106876
0.625 0.375 -0.0800978
0.65625 0.375 -0.0647679
0.65625 0.40625 -0.0908727
0.625 0.40625 -0.106876
0.65625 0.4375 -0.114395
0.65625 0.40625 -0.0908727
0.6875 0.40625 -0.0738233
0.6875 0.4375 -0.0942845
0.65625 0.4375 -0.114395
0.65625 0.40625 -0.0908727
0.65625 0.375 -0.0647679
0.6875 0.375 -0.0490381
0.6875 0.40625 -0.0738233
0.65625 0.40625 -0.0908727
0.6875 0.5 -0.0849681
0.6875 0.46875 -0.098924
0.71875 0.46875 -0.0706006
0.71875 0.5 -0.0572461
0.6875 0.5 -0.0849681
0.6875 0.46875 -0.098924
0.6875 0.4375 -0.0942845
0.71875 0.4375 -0.0713292
0.71875 0.46875 -0.0706006
0.6875 0.46875 -0.098924
0.71875 0.5 -0.0572461
0.71875 0.46875 -0.0706006
0.75 0.46875 -0.0419024
0.75 0.5 -0.0293655
0.71875 0.5 -0.0572461
0.71875 0.46875 -0.0706006
0.71875 0.4375 -0.0713292
0.75 0.4375 -0.0455978
0.75 0.46875 -0.0419024
0.71875 0.46875 -0.0706006
0.6875 0.4375 -0.0942845
0.6875 0.40625 -0.0738233
0.71875 0.40625 -0.0549556
0.71875 0.4375 -0.0713292
0.6875 0.4375 -0.0942845
0.6875 0.40625 -0.0738233
0.6875 0.375 -0.0490381
0.71875 0.375 -0.0325587
0.71875 0.40625 -0.0549556
0.6875 0.40625 -0.0738233
0.71875 0.4375 -0.0713292
0.71875 0.40625 -0.0549556
0.75 0.40625 -0.0336235
0.75 0.4375 -0.0455978
0.71875 0.4375 -0.0713292
0.71875 0.40625 -0.0549556
0.71875 0.375 -0.0325587
0.75 0.375 -0.0150126
0.75 0.40625 -0.0336235
0.71875 0.40625 -0.0549556
0.625 0.375 -0.0800978
0.625 0.34375 -0.0528802
0.65625 0.34375 -0.0378063
0.65625 0.375 -0.0647679
0.625 0.375 -0.0800978
0.625 0.34375 -0.0528802
0.625 0.3125 -0.0255196
0.65625 0.3125 -0.0105217
0.65625 0.34375 -0.0378063
0.625 0.34375 -0.0528802
0.65625 0.375 -0.0647679
0.65625 0.34375 -0.0378063
0.6875 0.34375 -0.0226333
0.6875 0.375 -0.0490381
0.65625 0.375 -0.0647679
0.65625 0.34375 -0.0378063
0.65625 0.3125 -0.0105217
0.6875 0.3125 0.00453497
0.6875 0.34375 -0.0226333
0.65625 0.34375 -0.0378063
0.625 0.3125 -0.0255196
0.625 0.28125 0.0018974
0.65625 0.28125 0.0168883
0.65625 0.3125 -0.0105217
0.625 0.3125 -0.0255196
0.625 0.28125 0.0018974
0.625 0.25 0.0293221
0.65625 0.25 0.0443052
0.65625 0.28125 0.0168883
0.625 0.28125 0.0018974
0.65625 0.3125 -0.0105217
0.65625 0.28125 0.0168883
0.6875 0.28125 0.0319158
0.6875 0.3125 0.00453497
0.65625 0.3125 -0.0105217
0.65625 0.28125 0.0168883
0.65625 0.25 0.0443052
0.6875 0.25 0.0593138
0.6875 0.28125 0.0319158
0.65625 0.28125 0.0168883
0.6875 0.375 -0.0490381
0.6875 0.34375 -0.0226333
0.71875 0.34375 -0.00711801
0.71875 0.375 -0.0325587
0.6875 0.375 -0.0490381
0.6875 0.34375 -0.0226333
0.6875 0.3125 0.00453497
0.71875 0.3125 0.0198714
0.71875 0.34375 -0.00711801
0.6875 0.34375 -0.0226333
0.71875 0.375 -0.0325587
0.71875 0.34375 -0.00711801
0.75 0.34375 0.00972716
0.75 0.375 -0.0150126
0.71875 0.375 -0.0325587
0.71875 0.34375 -0.00711801
0.71875 0.3125 0.0198714
0.75 0.3125 0.0360055
0.75 0.34375 0.00972716
0.71875 0.34375 -0.00711801
0.6875 0.3125 0.00453497
0.6875 0.28125 0.0319158
0.71875 0.28125 0.0470984
0.71875 0.3125 0.0198714
0.6875 0.3125 0.00453497
0.6875 0.28125 0.0319158
0.6875 0.25 0.0593138
0.71875 0.25 0.0744117
0.71875 0.28125 0.0470984
0.6875 0.28125 0.0319158
0.71875 0.3125 0.0198714
0.71875 0.28125 0.0470984
0.75 0.28125 0.0627627
0.75 0.3125 0.0360055
0.71875 0.3125 0.0198714
0.71875 0.28125 0.0470984
0.71875 0.25 0.0744117
0.75 0.25 0.0897992
0.75 0.28125 0.0627627
0.71875 0.28125 0.0470984
0.5 0.25 -0.0296779
0.5 0.21875 -0.00185033
0.53125 0.21875 0.0122713
0.53125 0.25 -0.015352
0.5 0.25 -0.0296779
0.5 0.21875 -0.00185033
0.5 0.1875 0.0266565
0.53125 0.1875 0.0401274
0.53125 0.21875 0.0122713
0.5 0.21875 -0.00185033
0.53125 0.25 -0.015352
0.53125 0.21875 0.0122713
0.5625 0.21875 0.0269242
0.5625 0.25 -0.000583757
0.53125 0.25 -0.015352
0.53125 0.21875 0.0122713
0.53125 0.1875 0.0401274
0.5625 0.1875 0.0545191
0.5625 0.21875 0.0269242
0.53125 0.21875 0.0122713
0.5 0.1875 0.0266565
0.5 0.15625 0.0556766
0.53125 0.15625 0.0682674
0.53125 0.1875 0.0401274
0.5 0.1875 0.0266565
0.5 0.15625 0.0556766
0.5 0.125 0.085094
0.53125 0.125 0.0967256
0.53125 0.15625 0.0682674
0.5 0.15625 0.0556766
0.53125 0.1875 0.0401274
0.53125 0.15625 0.0682674
0.5625 0.15625 0.0822455
0.5625 0.1875 0.0545191
0.53125 0.1875 0.0401274
0.53125 0.15625 0.0682674
0.53125 0.125 0.0967256
0.5625 0.125 0.110152
0.5625 0.15625 0.0822455
0.53125 0.15625 0.0682674
0.5625 0.25 -0.000583757
0.5625 0.21875 0.0269242
0.59375 0.21875 0.0418076
0.59375 0.25 0.0143558
0.5625 0.25 -0.000583757
0.5625 0.21875 0.0269242
0.5625 0.1875 0.0545191
0.59375 0.1875 0.0692922
0.59375 0.21875 0.0418076
0.5625 0.21875 0.0269242
0.59375 0.25 0.0143558
0.59375 0.21875 0.0418076
0.625 0.21875 0.0567547
0.625 0.25 0.0293221
0.59375 0.25 0.0143558
0.59375 0.21875 0.0418076
0.59375 0.1875 0.0692922
0.625 0.1875 0.0842001
0.625 0.21875 0.0567547
0.59375 0.21875 0.0418076
0.5625 0.1875 0.0545191
0.5625 0.15625 0.0822455
0.59375 0.15625 0.096833
0.59375 0.1875 0.0692922
0.5625 0.1875 0.0545191
0.5625 0.15625 0.0822455
0.5625 0.125 0.110152
0.59375 0.125 0.124462
0.59375 0.15625 0.096833
0.5625 0.15625 0.0822455
0.59375 0.1875 0.0692922
0.59375 0.15625 0.096833
0.625 0.15625 0.111668
0.625 0.1875 0.0842001
0.59375 0.1875 0.0692922
0.59375 0.15625 0.096833
0.59375 0.125 0.124462
0.625 0.125 0.139173
0.625 0.15625 0.111668
0.59375 0.15625 0.096833
0.5 0.125 0.085094
0.5 0.09375 0.114861
0.53125 0.09375 0.125517
0.53125 0.125 0.0967256
0.5 0.125 0.085094
0.5 0.09375 0.114861
0.5 0.0625 0.14485
0.53125 0.0625 0.154612
0.53125 0.09375 0.125517
0.5 0.09375 0.114861
0.53125 0.125 0.0967256
0.53125 0.09375 0.125517
0.5625 0.09375 0.13831
0.5625 0.125 0.110152
0.53125 0.125 0.0967256
0.53125 0.09375 0.125517
0.53125 0.0625 0.154612
0.5625 0.0625 0.166724
0.5625 0.09375 0.13831
0.53125 0.09375 0.125517
0.5 0.0625 0.14485
0.5 0 0.205794
0.5625 0 0.225026
0.5625 0.0625 0.166724
0.5 0.0625 0.14485
0.5625 0.125 0.110152
0.5625 0.0625 0.166724
0.625 0.0625 0.194517
0.625 0.125 0.139173
0.5625 0.125 0.110152
0.5625 0.0625 0.166724
0.5625 0 0.225026
0.625 0 0.250817
0.625 0.0625 0.194517
0.5625 0.0625 0.166724
0.625 0.25 0.0293221
0.625 0.21875 0.0567547
0.65625 0.21875 0.0717267
0.65625 0.25 0.0443052
0.625 0.25 0.0293221
0.625 0.21875 0.0567547
0.625 0.1875 0.0842001
0.65625 0.1875 0.0991553
0.65625 0.21875 0.0717267
0.625 0.21875 0.0567547
0.65625 0.25 0.0443052
0.65625 0.21875 0.0717267
0.6875 0.21875 0.0867214
0.6875 0.25 0.0593138
0.65625 0.25 0.0443052
0.65625 0.21875 0.0717267
0.65625 0.1875 0.0991553
0.6875 0.1875 0.114136
0.6875 0.21875 0.0867214
0.65625 0.21875 0.0717267
0.625 0.1875 0.0842001
0.625 0.15625 0.111668
0.65625 0.15625 0.126595
0.65625 0.1875 0.0991553
0.625 0.1875 0.0842001
0.625 0.15625 0.111668
0.625 0.125 0.139173
0.65625 0.125 0.154051
0.65625 0.15625 0.126595
0.625 0.15625 0.111668
0.65625 0.1875 0.0991553
0.65625 0.15625 0.126595
0.6875 0.15625 0.141558
0.6875 0.1875 0.114136
0.65625 0.1875 0.0991553
0.65625 0.15625 0.126595
0.65625 0.125 0.154051
0.6875 0.125 0.168988
0.6875 0.15625 0.141558
0.65625 0.15625 0.126595
0.6875 0.25 0.0593138
0.6875 0.21875 0.0867214
0.71875 0.21875 0.101769
0.71875 0.25 0.0744117
0.6875 0.25 0.0593138
0.6875 0.21875 0.0867214
0.6875 0.1875 0.114136
0.71875 0.1875 0.129157
0.71875 0.21875 0.101769
0.6875 0.21875 0.0867214
0.71875 0.25 0.0744117
0.71875 0.21875 0.101769
0.75 0.21875 0.116989
0.75 0.25 0.0897992
0.71875 0.25 0.0744117
0.71875 0.21875 0.101769
0.71875 0.1875 0.129157
0.75 0.1875 0.144279
0.75 0.21875 0.116989
0.71875 0.21875 0.101769
0.6875 0.1875 0.114136
0.6875 0.125 0.168988
0.75 0.125 0.199015
0.75 0.1875 0.144279
0.6875 0.1875 0.114136
0.625 0.125 0.139173
0.625 0.0625 0.194517
0.6875 0.0625 0.223948
0.6875 0.125 0.168988
0.625 0.125 0.139173
0.625 0.0625 0.194517
0.625 0 0.250817
0.6875 0 0.279341
0.6875 0.0625 0.223948
0.625 0.0625 0.194517
0.6875 0.125 0.168988
0.6875 0.0625 0.223948
0.75 0.0625 0.253794
0.75 0.125 0.199015
0.6875 0.125 0.168988
0.6875 0.0625 0.223948
0.6875 0 0.279341
0.75 0 0.308726
0.75 0.0625 0.253794
0.6875 0.0625 0.223948
0.75 0.5 -0.0293655
0.75 0.46875 -0.0419024
0.78125 0.46875 -0.0126636
0.78125 0.5 -0.00127046
0.75 0.5 -0.0293655
0.75 0.46875 -0.0419024
0.75 0.4375 -0.0455978
0.78125 0.4375 -0.0174325
0.78125 0.46875 -0.0126636
0.75 0.46875 -0.0419024
0.78125 0.5 -0.00127046
0.78125 0.46875 -0.0126636
0.8125 0.46875 0.0177565
0.8125 0.5 0.0282633
0.78125 0.5 -0.00127046
0.78125 0.46875 -0.0126636
0.78125 0.4375 -0.0174325
0.8125 0.4375 0.0125585
0.8125 0.46875 0.0177565
0.78125 0.46875 -0.0126636
0.75 0.4375 -0.0455978
0.75 0.40625 -0.0336235
0.78125 0.40625 -0.0099068
0.78125 0.4375 -0.0174325
0.75 0.4375 -0.0455978
0.75 0.40625 -0.0336235
0.75 0.375 -0.0150126
0.78125 0.375 0.00616241
0.78125 0.40625 -0.0099068
0.75 0.40625 -0.0336235
0.78125 0.4375 -0.0174325
0.78125 0.40625 -0.0099068
0.8125 0.40625 0.0183162
0.8125 0.4375 0.0125585
0.78125 0.4375 -0.0174325
0.78125 0.40625 -0.0099068
0.78125 0.375 0.00616241
0.8125 0.375 0.03188
0.8125 0.40625 0.0183162
0.78125 0.40625 -0.0099068
0.8125 0.5 0.0282633
0.8125 0.46875 0.0177565
0.84375 0.46875 0.0488633
0.84375 0.5 0.0582946
0.8125 0.5 0.0282633
0.8125 0.46875 0.0177565
0.8125 0.4375 0.0125585
0.84375 0.4375 0.0437976
0.84375 0.46875 0.0488633
0.8125 0.46875 0.0177565
0.84375 0.5 0.0582946
0.84375 0.46875 0.0488633
0.875 0.46875 0.0799458
0.875 0.5 0.0885616
0.84375 0.5 0.0582946
0.84375 0.46875 0.0488633
0.84375 0.4375 0.0437976
0.875 0.4375 0.0750254
0.875 0.46875 0.0799458
0.84375 0.46875 0.0488633
0.8125 0.4375 0.0125585
0.8125 0.40625 0.0183162
0.84375 0.40625 0.0483749
0.84375 0.4375 0.0437976
0.8125 0.4375 0.0125585
0.8125 0.40625 0.0183162
0.8125 0.375 0.03188
0.84375 0.375 0.0595135
0.84375 0.40625 0.0483749
0.8125 0.40625 0.0183162
0.84375 0.4375 0.0437976
0.84375 0.40625 0.0483749
0.875 0.40625 0.0788294
0.875 0.4375 0.0750254
0.84375 0.4375 0.0437976
0.84375 0.40625 0.0483749
0.84375 0.375 0.0595135
0.875 0.375 0.088131
0.875 0.40625 0.0788294
0.84375 0.40625 0.0483749
0.75 0.375 -0.0150126
0.75 0.34375 0.00972716
0.78125 0.34375 0.0288899
0.78125 0.375 0.00616241
0.75 0.375 -0.0150126
0.75 0.34375 0.00972716
0.75 0.3125 0.0360055
0.78125 0.3125 0.0536377
0.78125 0.34375 0.0288899
0.75 0.34375 0.00972716
0.78125 0.375 0.00616241
0.78125 0.34375 0.0288899
0.8125 0.34375 0.0509982
0.8125 0.375 0.03188
0.78125 0.375 0.00616241
0.78125 0.34375 0.0288899
0.78125 0.3125 0.0536377
0.8125 0.3125 0.0733751
0.8125 0.34375 0.0509982
0.78125 0.34375 0.0288899
0.75 0.3125 0.0360055
0.75 0.28125 0.0627627
0.78125 0.28125 0.0794252
0.78125 0.3125 0.0536377
0.75 0.3125 0.0360055
0.75 0.28125 0.0627627
0.75 0.25 0.0897992
0.78125 0.25 0.105846
0.78125 0.28125 0.0794252
0.75 0.28125 0.0627627
0.78125 0.3125 0.0536377
0.78125 0.28125 0.0794252
0.8125 0.28125 0.0976142
0.8125 0.3125 0.0733751
0.78125 0.3125 0.0536377
0.78125 0.28125 0.0794252
0.78125 0.25 0.105846
0.8125 0.25 0.122994
0.8125 0.28125 0.0976142
0.78125 0.28125 0.0794252
0.8125 0.375 0.03188
0.8125 0.34375 0.0509982
0.84375 0.34375 0.07567
0.84375 0.375 0.0595135
0.8125 0.375 0.03188
0.8125 0.34375 0.0509982
0.8125 0.3125 0.0733751
0.84375 0.3125 0.0954782
0.84375 0.34375 0.07567
0.8125 0.34375 0.0509982
0.84375 0.375 0.0595135
0.84375 0.34375 0.07567
0.875 0.34375 0.101919
0.875 0.375 0.088131
0.84375 0.375 0.0595135
0.84375 0.34375 0.07567
0.84375 0.3125 0.0954782
0.875 0.3125 0.119435
0.875 0.34375 0.101919
0.84375 0.34375 0.07567
0.8125 0.3125 0.0733751
0.8125 0.28125 0.0976142
0.84375 0.28125 0.117655
0.84375 0.3125 0.0954782
0.8125 0.3125 0.0733751
0.8125 0.28125 0.0976142
0.8125 0.25 0.122994
0.84375 0.25 0.141652
0.84375 0.28125 0.117655
0.8125 0.28125 0.0976142
0.84375 0.3125 0.0954782
0.84375 0.28125 0.117655
0.875 0.28125 0.139646
0.875 0.3125 0.119435
0.84375 0.3125 0.0954782
0.84375 0.28125 0.117655
0.84375 0.25 0.141652
0.875 0.25 0.161962
0.875 0.28125 0.139646
0.84375 0.28125 0.117655
0.875 0.5 0.0885616
0.875 0.46875 0.0799458
0.90625 0.46875 0.110992
0.90625 0.5 0.118945
0.875 0.5 0.0885616
0.875 0.46875 0.0799458
0.875 0.4375 0.0750254
0.90625 0.4375 0.10623
0.90625 0.46875 0.110992
0.875 0.46875 0.0799458
0.90625 0.5 0.118945
0.90625 0.46875 0.110992
0.9375 0.46875 0.141987
0.9375 0.5 0.149411
0.90625 0.5 0.118945
0.90625 0.46875 0.110992
0.90625 0.4375 0.10623
0.9375 0.4375 0.137403
0.9375 0.46875 0.141987
0.90625 0.46875 0.110992
0.875 0.4375 0.0750254
0.875 0.40625 0.0788294
0.90625 0.40625 0.109427
0.90625 0.4375 0.10623
0.875 0.4375 0.0750254
0.875 0.40625 0.0788294
0.875 0.375 0.088131
0.90625 0.375 0.117379
0.90625 0.40625 0.109427
0.875 0.40625 0.0788294
0.90625 0.4375 0.10623
0.90625 0.40625 0.109427
0.9375 0.40625 0.14019
0.9375 0.4375 0.137403
0.90625 0.4375 0.10623
0.90625 0.40625 0.109427
0.90625 0.375 0.117379
0.9375 0.375 0.147027
0.9375 0.40625 0.14019
0.90625 0.40625 0.109427
0.9375 0.5 0.149411
0.9375 0.4375 0.137403
1 0.4375 0.199821
1 0.5 0.211351
0.9375 0.5 0.149411
0.9375 0.4375 0.137403
0.9375 0.375 0.147027
1 0.375 0.207743
1 0.4375 0.199821
0.9375 0.4375 0.137403
0.875 0.375 0.088131
0.875 0.34375 0.101919
0.90625 0.34375 0.129425
0.90625 0.375 0.117379
0.875 0.375 0.088131
0.875 0.34375 0.101919
0.875 0.3125 0.119435
0.90625 0.3125 0.145102
0.90625 0.34375 0.129425
0.875 0.34375 0.101919
0.90625 0.375 0.117379
0.90625 0.34375 0.129425
0.9375 0.34375 0.157666
0.9375 0.375 0.147027
0.90625 0.375 0.117379
0.90625 0.34375 0.129425
0.90625 0.3125 0.145102
0.9375 0.3125 0.171762
0.9375 0.34375 0.157666
0.90625 0.34375 0.129425
0.875 0.3125 0.119435
0.875 0.25 0.161962
0.9375 0.25 0.207273
0.9375 0.3125 0.171762
0.875 0.3125 0.119435
0.9375 0.375 0.147027
0.9375 0.3125 0.171762
1 0.3125 0.228585
1 0.375 0.207743
0.9375 0.375 0.147027
0.9375 0.3125 0.171762
0.9375 0.25 0.207273
1 0.25 0.259315
1 0.3125 0.228585
0.9375 0.3125 0.171762
0.75 0.25 0.0897992
0.75 0.1875 0.144279
0.8125 0.1875 0.175601
0.8125 0.25 0.122994
0.75 0.25 0.0897992
0.75 0.1875 0.144279
0.75 0.125 0.199015
0.8125 0.125 0.229745
0.8125 0.1875 0.175601
0.75 0.1875 0.144279
0.8125 0.25 0.122994
0.8125 0.1875 0.175601
0.875 0.1875 0.210579
0.875 0.25 0.161962
0.8125 0.25 0.122994
0.8125 0.1875 0.175601
0.8125 0.125 0.229745
0.875 0.125 0.262503
0.875 0.1875 0.210579
0.8125 0.1875 0.175601
0.75 0.125 0.199015
0.75 0 0.308726
0.875 0 0.370251
0.875 0.125 0.262503
0.75 0.125 0.199015
0.875 0.25 0.161962
0.875 0.1875 0.210579
0.9375 0.1875 0.25056
0.9375 0.25 0.207273
0.875 0.25 0.161962
0.875 0.1875 0.210579
0.875 0.125 0.262503
0.9375 0.125 0.298758
0.9375 0.1875 0.25056
0.875 0.1875 0.210579
0.9375 0.25 0.207273
0.9375 0.1875 0.25056
1 0.1875 0.297675
1 0.25 0.259315
0.9375 0.25 0.207273
0.9375 0.1875 0.25056
0.9375 0.125 0.298758
1 0.125 0.341101
1 0.1875 0.297675
0.9375 0.1875 0.25056
0.875 0.125 0.262503
0.875 0 0.370251
1 0 0.442856
1 0.125 0.341101
0.875 0.125 0.262503
