0 1 0.465406
0 0.875 0.379913
0.125 0.875 0.282578
0.125 1 0.374221
0 1 0.465406
0 0.875 0.379913
0 0.75 0.299186
0.125 0.75 0.195632
0.125 0.875 0.282578
0 0.875 0.379913
0.125 1 0.374221
0.125 0.875 0.282578
0.25 0.875 0.195654
0.25 1 0.294151
0.125 1 0.374221
0.125 0.875 0.282578
0.125 0.8125 0.238352
0.1875 0.8125 0.192865
0.1875 0.875 0.238481
0.125 0.875 0.282578
0.125 0.8125 0.238352
0.125 0.75 0.195632
0.1875 0.75 0.148569
0.1875 0.8125 0.192865
0.125 0.8125 0.238352
0.1875 0.875 0.238481
0.1875 0.8125 0.192865
0.25 0.8125 0.148769
0.25 0.875 0.195654
0.1875 0.875 0.238481
0.1875 0.8125 0.192865
0.1875 0.75 0.148569
0.25 0.75 0.103807
0.25 0.8125 0.148769
0.1875 0.8125 0.192865
0 0.75 0.299186
0 0.6875 0.264987
0.0625 0.6875 0.208545
0.0625 0.75 0.24556
0 0.75 0.299186
0 0.6875 0.264987
0 0.625 0.235758
0.0625 0.625 0.176478
0.0625 0.6875 0.208545
0 0.6875 0.264987
0.0625 0.75 0.24556
0.0625 0.6875 0.208545
0.125 0.6875 0.154915
0.125 0.75 0.195632
0.0625 0.75 0.24556
0.0625 0.6875 0.208545
0.0625 0.625 0.176478
0.125 0.625 0.119004
0.125 0.6875 0.154915
0.0625 0.6875 0.208545
0 0.625 0.235758
0 0.5625 0.212878
0.0625 0.5625 0.150975
0.0625 0.625 0.176478
0 0.625 0.235758
0 0.5625 0.212878
0 0.5 0.199612
0.0625 0.5 0.137101
0.0625 0.5625 0.150975
0 0.5625 0.212878
0.0625 0.625 0.176478
0.0625 0.5625 0.150975
0.125 0.5625 0.0905013
0.125 0.625 0.119004
0.0625 0.625 0.176478
0.0625 0.5625 0.150975
0.0625 0.53125 0.142471
0.09375 0.53125 0.111487
0.09375 0.5625 0.12066
0.0625 0.5625 0.150975
0.0625 0.53125 0.142471
0.0625 0.5 0.137101
0.09375 0.5 0.105867
0.09375 0.53125 0.111487
0.0625 0.53125 0.142471
0.09375 0.5625 0.12066
0.09375 0.53125 0.111487
0.125 0.53125 0.080505
0.125 0.5625 0.0905013
0.09375 0.5625 0.12066
0.09375 0.53125 0.111487
0.09375 0.5 0.105867
0.125 0.5 0.07464
0.125 0.53125 0.080505
0.09375 0.53125 0.111487
0.125 0.75 0.195632
0.125 0.6875 0.154915
0.1875 0.6875 0.10568
0.1875 0.75 0.148569
0.125 0.75 0.195632
0.125 0.6875 0.154915
0.125 0.65625 0.13628
0.15625 0.65625 0.110227
0.15625 0.6875 0.12991
0.125 0.6875 0.154915
0.125 0.65625 0.13628
0.125 0.625 0.119004
0.15625 0.625 0.091752
0.15625 0.65625 0.110227
0.125 0.65625 0.13628
0.15625 0.6875 0.12991
0.15625 0.65625 0.110227
0.1875 0.65625 0.0850454
0.1875 0.6875 0.10568
0.15625 0.6875 0.12991
0.15625 0.65625 0.110227
0.15625 0.625 0.091752
0.1875 0.625 0.0652613
0.1875 0.65625 0.0850454
0.15625 0.65625 0.110227
0.1875 0.75 0.148569
0.1875 0.71875 0.126971
0.21875 0.71875 0.104067
0.21875 0.75 0.12604
0.1875 0.75 0.148569
0.1875 0.71875 0.126971
0.1875 0.6875 0.10568
0.21875 0.6875 0.0823473
0.21875 0.71875 0.104067
0.1875 0.71875 0.126971
0.21875 0.75 0.12604
0.21875 0.71875 0.104067
0.25 0.71875 0.0816444
0.25 0.75 0.103807
0.21875 0.75 0.12604
0.21875 0.71875 0.104067
0.21875 0.6875 0.0823473
0.25 0.6875 0.059619
0.25 0.71875 0.0816444
0.21875 0.71875 0.104067
0.1875 0.6875 0.10568
0.1875 0.65625 0.0850454
0.21875 0.65625 0.0609346
0.21875 0.6875 0.0823473
0.1875 0.6875 0.10568
0.1875 0.65625 0.0850454
0.1875 0.625 0.0652613
0.21875 0.625 0.0400638
0.21875 0.65625 0.0609346
0.1875 0.65625 0.0850454
0.21875 0.6875 0.0823473
0.21875 0.65625 0.0609346
0.25 0.65625 0.037768
0.25 0.6875 0.059619
0.21875 0.6875 0.0823473
0.21875 0.65625 0.0609346
0.21875 0.625 0.0400638
0.25 0.625 0.0161747
0.25 0.65625 0.037768
0.21875 0.65625 0.0609346
0.125 0.625 0.119004
0.125 0.59375 0.103562
0.15625 0.59375 0.0749684
0.15625 0.625 0.091752
0.125 0.625 0.119004
0.125 0.59375 0.103562
0.125 0.5625 0.0905013
0.15625 0.5625 0.0605475
0.15625 0.59375 0.0749684
0.125 0.59375 0.103562
0.15625 0.625 0.091752
0.15625 0.59375 0.0749684
0.1875 0.59375 0.0469564
0.1875 0.625 0.0652613
0.15625 0.625 0.091752
0.15625 0.59375 0.0749684
0.15625 0.5625 0.0605475
0.1875 0.5625 0.0308756
0.1875 0.59375 0.0469564
0.15625 0.59375 0.0749684
0.125 0.5625 0.0905013
0.125 0.53125 0.080505
0.15625 0.53125 0.0494973
0.15625 0.5625 0.0605475
0.125 0.5625 0.0905013
0.125 0.53125 0.080505
0.125 0.5 0.07464
0.15625 0.5 0.0434049
0.15625 0.53125 0.0494973
0.125 0.53125 0.080505
0.15625 0.5625 0.0605475
0.15625 0.53125 0.0494973
0.1875 0.53125 0.0184636
0.1875 0.5625 0.0308756
0.15625 0.5625 0.0605475
0.15625 0.53125 0.0494973
0.15625 0.5 0.0434049
0.1875 0.5 0.0121624
0.1875 0.53125 0.0184636
0.15625 0.53125 0.0494973
0.1875 0.625 0.0652613
0.1875 0.59375 0.0469564
0.21875 0.59375 0.0200915
0.21875 0.625 0.0400638
0.1875 0.625 0.0652613
0.1875 0.59375 0.0469564
0.1875 0.5625 0.0308756
0.21875 0.5625 0.00172882
0.21875 0.59375 0.0200915
0.1875 0.59375 0.0469564
0.21875 0.625 0.0400638
0.21875 0.59375 0.0200915
0.25 0.59375 -0.00483139
0.25 0.625 0.0161747
0.21875 0.625 0.0400638
0.21875 0.59375 0.0200915
0.21875 0.5625 0.00172882
0.25 0.5625 -0.0241913
0.25 0.59375 -0.00483139
0.21875 0.59375 0.0200915
0.1875 0.5625 0.0308756
0.1875 0.53125 0.0184636
0.21875 0.53125 -0.0117959
0.21875 0.5625 0.00172882
0.1875 0.5625 0.0308756
0.1875 0.53125 0.0184636
0.1875 0.5 0.0121624
0.21875 0.5 -0.0182492
0.21875 0.53125 -0.0117959
0.1875 0.53125 0.0184636
0.21875 0.5625 0.00172882
0.21875 0.53125 -0.0117959
0.25 0.53125 -0.0403289
0.25 0.5625 -0.0241913
0.21875 0.5625 0.00172882
0.21875 0.53125 -0.0117959
0.21875 0.5 -0.0182492
0.25 0.5 -0.0475889
0.25 0.53125 -0.0403289
0.21875 0.53125 -0.0117959
0.25 1 0.294151
0.25 0.9375 0.244263
0.3125 0.9375 0.205095
0.3125 1 0.257783
0.25 1 0.294151
0.25 0.9375 0.244263
0.25 0.875 0.195654
0.3125 0.875 0.15395
0.3125 0.9375 0.205095
0.25 0.9375 0.244263
0.3125 1 0.257783
0.3125 0.9375 0.205095
0.375 0.9375 0.170389
0.375 1 0.227079
0.3125 1 0.257783
0.3125 0.9375 0.205095
0.3125 0.875 0.15395
0.375 0.875 0.116016
0.375 0.9375 0.170389
0.3125 0.9375 0.205095
0.25 0.875 0.195654
0.25 0.8125 0.148769
0.3125 0.8125 0.105859
0.3125 0.875 0.15395
0.25 0.875 0.195654
0.25 0.8125 0.148769
0.25 0.78125 0.12617
0.28125 0.78125 0.104328
0.28125 0.8125 0.127193
0.25 0.8125 0.148769
0.25 0.78125 0.12617
0.25 0.75 0.103807
0.28125 0.75 0.081774
0.28125 0.78125 0.104328
0.25 0.78125 0.12617
0.28125 0.8125 0.127193
0.28125 0.78125 0.104328
0.3125 0.78125 0.0826539
0.3125 0.8125 0.105859
0.28125 0.8125 0.127193
0.28125 0.78125 0.104328
0.28125 0.75 0.081774
0.3125 0.75 0.0598698
0.3125 0.78125 0.0826539
0.28125 0.78125 0.104328
0.3125 0.875 0.15395
0.3125 0.84375 0.12963
0.34375 0.84375 0.109339
0.34375 0.875 0.134495
0.3125 0.875 0.15395
0.3125 0.84375 0.12963
0.3125 0.8125 0.105859
0.34375 0.8125 0.0848998
0.34375 0.84375 0.109339
0.3125 0.84375 0.12963
0.34375 0.875 0.134495
0.34375 0.84375 0.109339
0.375 0.84375 0.0898585
0.375 0.875 0.116016
0.34375 0.875 0.134495
0.34375 0.84375 0.109339
0.34375 0.8125 0.0848998
0.375 0.8125 0.0645008
0.375 0.84375 0.0898585
0.34375 0.84375 0.109339
0.3125 0.8125 0.105859
0.3125 0.78125 0.0826539
0.34375 0.78125 0.0611809
0.34375 0.8125 0.0848998
0.3125 0.8125 0.105859
0.3125 0.78125 0.0826539
0.3125 0.75 0.0598698
0.34375 0.75 0.038067
0.34375 0.78125 0.0611809
0.3125 0.78125 0.0826539
0.34375 0.8125 0.0848998
0.34375 0.78125 0.0611809
0.375 0.78125 0.040002
0.375 0.8125 0.0645008
0.34375 0.8125 0.0848998
0.34375 0.78125 0.0611809
0.34375 0.75 0.038067
0.375 0.75 0.0163612
0.375 0.78125 0.040002
0.34375 0.78125 0.0611809
0.375 1 0.227079
0.375 0.9375 0.170389
0.4375 0.9375 0.144832
0.4375 1 0.205449
0.375 1 0.227079
0.375 0.9375 0.170389
0.375 0.90625 0.142903
0.40625 0.90625 0.127465
0.40625 0.9375 0.156145
0.375 0.9375 0.170389
0.375 0.90625 0.142903
0.375 0.875 0.116016
0.40625 0.875 0.0993021
0.40625 0.90625 0.127465
0.375 0.90625 0.142903
0.40625 0.9375 0.156145
0.40625 0.90625 0.127465
0.4375 0.90625 0.114934
0.4375 0.9375 0.144832
0.40625 0.9375 0.156145
0.40625 0.90625 0.127465
0.40625 0.875 0.0993021
0.4375 0.875 0.0853558
0.4375 0.90625 0.114934
0.40625 0.90625 0.127465
0.4375 1 0.205449
0.4375 0.9375 0.144832
0.5 0.9375 0.13467
0.5 1 0.197135
0.4375 1 0.205449
0.4375 0.9375 0.144832
0.4375 0.90625 0.114934
0.46875 0.90625 0.106608
0.46875 0.9375 0.137401
0.4375 0.9375 0.144832
0.4375 0.90625 0.114934
0.4375 0.875 0.0853558
0.46875 0.875 0.0758859
0.46875 0.90625 0.106608
0.4375 0.90625 0.114934
0.46875 0.9375 0.137401
0.46875 0.90625 0.106608
0.5 0.90625 0.103446
0.5 0.9375 0.13467
0.46875 0.9375 0.137401
0.46875 0.90625 0.106608
0.46875 0.875 0.0758859
0.5 0.875 0.0722167
0.5 0.90625 0.103446
0.46875 0.90625 0.106608
0.375 0.875 0.116016
0.375 0.84375 0.0898585
0.40625 0.84375 0.0717784
0.40625 0.875 0.0993021
0.375 0.875 0.116016
0.375 0.84375 0.0898585
0.375 0.8125 0.0645008
0.40625 0.8125 0.0450603
0.40625 0.84375 0.0717784
0.375 0.84375 0.0898585
0.40625 0.875 0.0993021
0.40625 0.84375 0.0717784
0.4375 0.84375 0.056197
0.4375 0.875 0.0853558
0.40625 0.875 0.0993021
0.40625 0.84375 0.0717784
0.40625 0.8125 0.0450603
0.4375 0.8125 0.0276165
0.4375 0.84375 0.056197
0.40625 0.84375 0.0717784
0.375 0.8125 0.0645008
0.375 0.78125 0.040002
0.40625 0.78125 0.0193392
0.40625 0.8125 0.0450603
0.375 0.8125 0.0645008
0.375 0.78125 0.040002
0.375 0.75 0.0163612
0.40625 0.75 -0.00489779
0.40625 0.78125 0.0193392
0.375 0.78125 0.040002
0.40625 0.8125 0.0450603
0.40625 0.78125 0.0193392
0.4375 0.78125 -0.000143682
0.4375 0.8125 0.0276165
0.40625 0.8125 0.0450603
0.40625 0.78125 0.0193392
0.40625 0.75 -0.00489779
0.4375 0.75 -0.0250504
0.4375 0.78125 -0.000143682
0.40625 0.78125 0.0193392
0.4375 0.875 0.0853558
0.4375 0.84375 0.056197
0.46875 0.84375 0.0452909
0.46875 0.875 0.0758859
0.4375 0.875 0.0853558
0.4375 0.84375 0.056197
0.4375 0.8125 0.0276165
0.46875 0.8125 0.0148927
0.46875 0.84375 0.0452909
0.4375 0.84375 0.056197
0.46875 0.875 0.0758859
0.46875 0.84375 0.0452909
0.5 0.84375 0.04098
0.5 0.875 0.0722167
0.46875 0.875 0.0758859
0.46875 0.84375 0.0452909
0.46875 0.8125 0.0148927
0.5 0.8125 0.0097335
0.5 0.84375 0.04098
0.46875 0.84375 0.0452909
0.4375 0.8125 0.0276165
0.4375 0.78125 -0.000143682
0.46875 0.78125 -0.0146864
0.46875 0.8125 0.0148927
0.4375 0.8125 0.0276165
0.4375 0.78125 -0.000143682
0.4375 0.75 -0.0250504
0.46875 0.75 -0.042439
0.46875 0.78125 -0.0146864
0.4375 0.78125 -0.000143682
0.46875 0.8125 0.0148927
0.46875 0.78125 -0.0146864
0.5 0.78125 -0.021326
0.5 0.8125 0.0097335
0.46875 0.8125 0.0148927
0.46875 0.78125 -0.0146864
0.46875 0.75 -0.042439
0.5 0.75 -0.0519155
0.5 0.78125 -0.021326
0.46875 0.78125 -0.0146864
0.25 0.75 0.103807
0.25 0.71875 0.0816444
0.28125 0.71875 0.0594756
0.28125 0.75 0.081774
0.25 0.75 0.103807
0.25 0.71875 0.0816444
0.25 0.6875 0.059619
0.28125 0.6875 0.0373018
0.28125 0.71875 0.0594756
0.25 0.71875 0.0816444
0.28125 0.75 0.081774
0.28125 0.71875 0.0594756
0.3125 0.71875 0.0374482
0.3125 0.75 0.0598698
0.28125 0.75 0.081774
0.28125 0.71875 0.0594756
0.28125 0.6875 0.0373018
0.3125 0.6875 0.0151918
0.3125 0.71875 0.0374482
0.28125 0.71875 0.0594756
0.25 0.6875 0.059619
0.25 0.65625 0.037768
0.28125 0.65625 0.0152269
0.28125 0.6875 0.0373018
0.25 0.6875 0.059619
0.25 0.65625 0.037768
0.25 0.625 0.0161747
0.28125 0.625 -0.00668002
0.28125 0.65625 0.0152269
0.25 0.65625 0.037768
0.28125 0.6875 0.0373018
0.28125 0.65625 0.0152269
0.3125 0.65625 -0.00696897
0.3125 0.6875 0.0151918
0.28125 0.6875 0.0373018
0.28125 0.65625 0.0152269
0.28125 0.625 -0.00668002
0.3125 0.625 -0.0289938
0.3125 0.65625 -0.00696897
0.28125 0.65625 0.0152269
0.3125 0.75 0.0598698
0.3125 0.71875 0.0374482
0.34375 0.71875 0.0155054
0.34375 0.75 0.038067
0.3125 0.75 0.0598698
0.3125 0.71875 0.0374482
0.3125 0.6875 0.0151918
0.34375 0.6875 -0.00680173
0.34375 0.71875 0.0155054
0.3125 0.71875 0.0374482
0.34375 0.75 0.038067
0.34375 0.71875 0.0155054
0.375 0.71875 -0.00631463
0.375 0.75 0.0163612
0.34375 0.75 0.038067
0.34375 0.71875 0.0155054
0.34375 0.6875 -0.00680173
0.375 0.6875 -0.0286994
0.375 0.71875 -0.00631463
0.34375 0.71875 0.0155054
0.3125 0.6875 0.0151918
0.3125 0.65625 -0.00696897
0.34375 0.65625 -0.0290236
0.34375 0.6875 -0.00680173
0.3125 0.6875 0.0151918
0.3125 0.65625 -0.00696897
0.3125 0.625 -0.0289938
0.34375 0.625 -0.0511532
0.34375 0.65625 -0.0290236
0.3125 0.65625 -0.00696897
0.34375 0.6875 -0.00680173
0.34375 0.65625 -0.0290236
0.375 0.65625 -0.0509983
0.375 0.6875 -0.0286994
0.34375 0.6875 -0.00680173
0.34375 0.65625 -0.0290236
0.34375 0.625 -0.0511532
0.375 0.625 -0.0732159
0.375 0.65625 -0.0509983
0.34375 0.65625 -0.0290236
0.25 0.625 0.0161747
0.25 0.59375 -0.00483139
0.28125 0.59375 -0.0281048
0.28125 0.625 -0.00668002
0.25 0.625 0.0161747
0.25 0.59375 -0.00483139
0.25 0.5625 -0.0241913
0.28125 0.5625 -0.0486387
0.28125 0.59375 -0.0281048
0.25 0.59375 -0.00483139
0.28125 0.625 -0.00668002
0.28125 0.59375 -0.0281048
0.3125 0.59375 -0.050781
0.3125 0.625 -0.0289938
0.28125 0.625 -0.00668002
0.28125 0.59375 -0.0281048
0.28125 0.5625 -0.0486387
0.3125 0.5625 -0.0720699
0.3125 0.59375 -0.050781
0.28125 0.59375 -0.0281048
0.25 0.5625 -0.0241913
0.25 0.53125 -0.0403289
0.28125 0.53125 -0.0671223
0.28125 0.5625 -0.0486387
0.25 0.5625 -0.0241913
0.25 0.53125 -0.0403289
0.25 0.5 -0.0475889
0.28125 0.5 -0.0758946
0.28125 0.53125 -0.0671223
0.25 0.53125 -0.0403289
0.28125 0.5625 -0.0486387
0.28125 0.53125 -0.0671223
0.3125 0.53125 -0.0921678
0.3125 0.5625 -0.0720699
0.28125 0.5625 -0.0486387
0.28125 0.53125 -0.0671223
0.28125 0.5 -0.0758946
0.3125 0.5 -0.103128
0.3125 0.53125 -0.0921678
0.28125 0.53125 -0.0671223
0.3125 0.625 -0.0289938
0.3125 0.59375 -0.050781
0.34375 0.59375 -0.0731429
0.34375 0.625 -0.0511532
0.3125 0.625 -0.0289938
0.3125 0.59375 -0.050781
0.3125 0.5625 -0.0720699
0.34375 0.5625 -0.0948603
0.34375 0.59375 -0.0731429
0.3125 0.59375 -0.050781
0.34375 0.625 -0.0511532
0.34375 0.59375 -0.0731429
0.375 0.59375 -0.0953306
0.375 0.625 -0.0732159
0.34375 0.625 -0.0511532
0.34375 0.59375 -0.0731429
0.34375 0.5625 -0.0948603
0.375 0.5625 -0.117285
0.375 0.59375 -0.0953306
0.34375 0.59375 -0.0731429
0.3125 0.5625 -0.0720699
0.3125 0.53125 -0.0921678
0.34375 0.53125 -0.115969
0.34375 0.5625 -0.0948603
0.3125 0.5625 -0.0720699
0.3125 0.53125 -0.0921678
0.3125 0.5 -0.103128
0.34375 0.5 -0.129255
0.34375 0.53125 -0.115969
0.3125 0.53125 -0.0921678
0.34375 0.5625 -0.0948603
0.34375 0.53125 -0.115969
0.375 0.53125 -0.138847
0.375 0.5625 -0.117285
0.34375 0.5625 -0.0948603
0.34375 0.53125 -0.115969
0.34375 0.5 -0.129255
0.375 0.5 -0.15443
0.375 0.53125 -0.138847
0.34375 0.53125 -0.115969
0.375 0.75 0.0163612
0.375 0.71875 -0.00631463
0.40625 0.71875 -0.0278526
0.40625 0.75 -0.00489779
0.375 0.75 0.0163612
0.375 0.71875 -0.00631463
0.375 0.6875 -0.0286994
0.40625 0.6875 -0.0504503
0.40625 0.71875 -0.0278526
0.375 0.71875 -0.00631463
0.40625 0.75 -0.00489779
0.40625 0.71875 -0.0278526
0.4375 0.71875 -0.048824
0.4375 0.75 -0.0250504
0.40625 0.75 -0.00489779
0.40625 0.71875 -0.0278526
0.40625 0.6875 -0.0504503
0.4375 0.6875 -0.0718969
0.4375 0.71875 -0.048824
0.40625 0.71875 -0.0278526
0.375 0.6875 -0.0286994
0.375 0.65625 -0.0509983
0.40625 0.65625 -0.0728721
0.40625 0.6875 -0.0504503
0.375 0.6875 -0.0286994
0.375 0.65625 -0.0509983
0.375 0.625 -0.0732159
0.40625 0.625 -0.0951874
0.40625 0.65625 -0.0728721
0.375 0.65625 -0.0509983
0.40625 0.6875 -0.0504503
0.40625 0.65625 -0.0728721
0.4375 0.65625 -0.0945744
0.4375 0.6875 -0.0718969
0.40625 0.6875 -0.0504503
0.40625 0.65625 -0.0728721
0.40625 0.625 -0.0951874
0.4375 0.625 -0.117039
0.4375 0.65625 -0.0945744
0.40625 0.65625 -0.0728721
0.4375 0.75 -0.0250504
0.4375 0.71875 -0.048824
0.46875 0.71875 -0.0682698
0.46875 0.75 -0.042439
0.4375 0.75 -0.0250504
0.4375 0.71875 -0.048824
0.4375 0.6875 -0.0718969
0.46875 0.6875 -0.0925472
0.46875 0.71875 -0.0682698
0.4375 0.71875 -0.048824
0.46875 0.75 -0.042439
0.46875 0.71875 -0.0682698
0.5 0.71875 -0.0815416
0.5 0.75 -0.0519155
0.46875 0.75 -0.042439
0.46875 0.71875 -0.0682698
0.46875 0.6875 -0.0925472
0.5 0.6875 -0.109538
0.5 0.71875 -0.0815416
0.46875 0.71875 -0.0682698
0.4375 0.6875 -0.0718969
0.4375 0.65625 -0.0945744
0.46875 0.65625 -0.115887
0.46875 0.6875 -0.0925472
0.4375 0.6875 -0.0718969
0.4375 0.65625 -0.0945744
0.4375 0.625 -0.117039
0.46875 0.625 -0.138638
0.46875 0.65625 -0.115887
0.4375 0.65625 -0.0945744
0.46875 0.6875 -0.0925472
0.46875 0.65625 -0.115887
0.5 0.65625 -0.135514
0.5 0.6875 -0.109538
0.46875 0.6875 -0.0925472
0.46875 0.65625 -0.115887
0.46875 0.625 -0.138638
0.5 0.625 -0.15946
0.5 0.65625 -0.135514
0.46875 0.65625 -0.115887
0.375 0.625 -0.0732159
0.375 0.59375 -0.0953306
0.40625 0.59375 -0.117407
0.40625 0.625 -0.0951874
0.375 0.625 -0.0732159
0.375 0.59375 -0.0953306
0.375 0.5625 -0.117285
0.40625 0.5625 -0.139507
0.40625 0.59375 -0.117407
0.375 0.59375 -0.0953306
0.40625 0.625 -0.0951874
0.40625 0.59375 -0.117407
0.4375 0.59375 -0.139376
0.4375 0.625 -0.117039
0.40625 0.625 -0.0951874
0.40625 0.59375 -0.117407
0.40625 0.5625 -0.139507
0.4375 0.5625 -0.161597
0.4375 0.59375 -0.139376
0.40625 0.59375 -0.117407
0.375 0.5625 -0.117285
0.375 0.5 -0.15443
0.4375 0.5 -0.200826
0.4375 0.5625 -0.161597
0.375 0.5625 -0.117285
0.4375 0.625 -0.117039
0.4375 0.5625 -0.161597
0.5 0.5625 -0.205449
0.5 0.625 -0.15946
0.4375 0.625 -0.117039
0.4375 0.5625 -0.161597
0.4375 0.5 -0.200826
0.5 0.5 -0.245541
0.5 0.5625 -0.205449
0.4375 0.5625 -0.161597
0 0.5 0.199612
0 0.4375 0.206418
0.0625 0.4375 0.145408
0.0625 0.5 0.137101
0 0.5 0.199612
0 0.4375 0.206418
0 0.375 0.225956
0.0625 0.375 0.16841
0.0625 0.4375 0.145408
0 0.4375 0.206418
0.0625 0.5 0.137101
0.0625 0.46875 0.139015
0.09375 0.46875 0.108116
0.09375 0.5 0.105867
0.0625 0.5 0.137101
0.0625 0.46875 0.139015
0.0625 0.4375 0.145408
0.09375 0.4375 0.115513
0.09375 0.46875 0.108116
0.0625 0.46875 0.139015
0.09375 0.5 0.105867
0.09375 0.46875 0.108116
0.125 0.46875 0.0773505
0.125 0.5 0.07464
0.09375 0.5 0.105867
0.09375 0.46875 0.108116
0.09375 0.4375 0.115513
0.125 0.4375 0.0859214
0.125 0.46875 0.0773505
0.09375 0.46875 0.108116
0.0625 0.4375 0.145408
0.0625 0.40625 0.155412
0.09375 0.40625 0.12669
0.09375 0.4375 0.115513
0.0625 0.4375 0.145408
0.0625 0.40625 0.155412
0.0625 0.375 0.16841
0.09375 0.375 0.140955
0.09375 0.40625 0.12669
0.0625 0.40625 0.155412
0.09375 0.4375 0.115513
0.09375 0.40625 0.12669
0.125 0.40625 0.0984624
0.125 0.4375 0.0859214
0.09375 0.4375 0.115513
0.09375 0.40625 0.12669
0.09375 0.375 0.140955
0.125 0.375 0.114147
0.125 0.40625 0.0984624
0.09375 0.40625 0.12669
0 0.375 0.225956
0 0.3125 0.254774
0.0625 0.3125 0.201326
0.0625 0.375 0.16841
0 0.375 0.225956
0 0.3125 0.254774
0 0.25 0.29058
0.0625 0.25 0.240556
0.0625 0.3125 0.201326
0 0.3125 0.254774
0.0625 0.375 0.16841
0.0625 0.3125 0.201326
0.125 0.3125 0.151776
0.125 0.375 0.114147
0.0625 0.375 0.16841
0.0625 0.3125 0.201326
0.0625 0.25 0.240556
0.125 0.25 0.193513
0.125 0.3125 0.151776
0.0625 0.3125 0.201326
0.125 0.5 0.07464
0.125 0.46875 0.0773505
0.15625 0.46875 0.0466895
0.15625 0.5 0.0434049
0.125 0.5 0.07464
0.125 0.46875 0.0773505
0.125 0.4375 0.0859214
0.15625 0.4375 0.0568019
0.15625 0.46875 0.0466895
0.125 0.46875 0.0773505
0.15625 0.5 0.0434049
0.15625 0.46875 0.0466895
0.1875 0.46875 0.0162927
0.1875 0.5 0.0121624
0.15625 0.5 0.0434049
0.15625 0.46875 0.0466895
0.15625 0.4375 0.0568019
0.1875 0.4375 0.028351
0.1875 0.46875 0.0162927
0.15625 0.46875 0.0466895
0.125 0.4375 0.0859214
0.125 0.40625 0.0984624
0.15625 0.40625 0.0710204
0.15625 0.4375 0.0568019
0.125 0.4375 0.0859214
0.125 0.40625 0.0984624
0.125 0.375 0.114147
0.15625 0.375 0.0883511
0.15625 0.40625 0.0710204
0.125 0.40625 0.0984624
0.15625 0.4375 0.0568019
0.15625 0.40625 0.0710204
0.1875 0.40625 0.0445962
0.1875 0.4375 0.028351
0.15625 0.4375 0.0568019
0.15625 0.40625 0.0710204
0.15625 0.375 0.0883511
0.1875 0.375 0.0635029
0.1875 0.40625 0.0445962
0.15625 0.40625 0.0710204
0.1875 0.5 0.0121624
0.1875 0.46875 0.0162927
0.21875 0.46875 -0.0124313
0.21875 0.5 -0.0182492
0.1875 0.5 0.0121624
0.1875 0.46875 0.0162927
0.1875 0.4375 0.028351
0.21875 0.4375 0.00102782
0.21875 0.46875 -0.0124313
0.1875 0.46875 0.0162927
0.21875 0.5 -0.0182492
0.21875 0.46875 -0.0124313
0.25 0.46875 -0.039051
0.25 0.5 -0.0475889
0.21875 0.5 -0.0182492
0.21875 0.46875 -0.0124313
0.21875 0.4375 0.00102782
0.25 0.4375 -0.0234276
0.25 0.46875 -0.039051
0.21875 0.46875 -0.0124313
0.1875 0.4375 0.028351
0.1875 0.40625 0.0445962
0.21875 0.40625 0.019314
0.21875 0.4375 0.00102782
0.1875 0.4375 0.028351
0.1875 0.40625 0.0445962
0.1875 0.375 0.0635029
0.21875 0.375 0.0395634
0.21875 0.40625 0.019314
0.1875 0.40625 0.0445962
0.21875 0.4375 0.00102782
0.21875 0.40625 0.019314
0.25 0.40625 -0.00466994
0.25 0.4375 -0.0234276
0.21875 0.4375 0.00102782
0.21875 0.40625 0.019314
0.21875 0.375 0.0395634
0.25 0.375 0.0163846
0.25 0.40625 -0.00466994
0.21875 0.40625 0.019314
0.125 0.375 0.114147
0.125 0.34375 0.132168
0.15625 0.34375 0.107627
0.15625 0.375 0.0883511
0.125 0.375 0.114147
0.125 0.34375 0.132168
0.125 0.3125 0.151776
0.15625 0.3125 0.12808
0.15625 0.34375 0.107627
0.125 0.34375 0.132168
0.15625 0.375 0.0883511
0.15625 0.34375 0.107627
0.1875 0.34375 0.0838336
0.1875 0.375 0.0635029
0.15625 0.375 0.0883511
0.15625 0.34375 0.107627
0.15625 0.3125 0.12808
0.1875 0.3125 0.10491
0.1875 0.34375 0.0838336
0.15625 0.34375 0.107627
0.125 0.3125 0.151776
0.125 0.25 0.193513
0.1875 0.25 0.148098
0.1875 0.3125 0.10491
0.125 0.3125 0.151776
0.1875 0.375 0.0635029
0.1875 0.34375 0.0838336
0.21875 0.34375 0.0606571
0.21875 0.375 0.0395634
0.1875 0.375 0.0635029
0.1875 0.34375 0.0838336
0.1875 0.3125 0.10491
0.21875 0.3125 0.0821628
0.21875 0.34375 0.0606571
0.1875 0.34375 0.0838336
0.21875 0.375 0.0395634
0.21875 0.34375 0.0606571
0.25 0.34375 0.0379293
0.25 0.375 0.0163846
0.21875 0.375 0.0395634
0.21875 0.34375 0.0606571
0.21875 0.3125 0.0821628
0.25 0.3125 0.0596829
0.25 0.34375 0.0379293
0.21875 0.34375 0.0606571
0.1875 0.3125 0.10491
0.1875 0.28125 0.126388
0.21875 0.28125 0.103892
0.21875 0.3125 0.0821628
0.1875 0.3125 0.10491
0.1875 0.28125 0.126388
0.1875 0.25 0.148098
0.21875 0.25 0.125765
0.21875 0.28125 0.103892
0.1875 0.28125 0.126388
0.21875 0.3125 0.0821628
0.21875 0.28125 0.103892
0.25 0.28125 0.0815692
0.25 0.3125 0.0596829
0.21875 0.3125 0.0821628
0.21875 0.28125 0.103892
0.21875 0.25 0.125765
0.25 0.25 0.103573
0.25 0.28125 0.0815692
0.21875 0.28125 0.103892
0 0.25 0.29058
0 0.125 0.372027
0.125 0.125 0.280348
0.125 0.25 0.193513
0 0.25 0.29058
0 0.125 0.372027
0 0 0.460481
0.125 0 0.372141
0.125 0.125 0.280348
0 0.125 0.372027
0.125 0.25 0.193513
0.125 0.1875 0.236559
0.1875 0.1875 0.191944
0.1875 0.25 0.148098
0.125 0.25 0.193513
0.125 0.1875 0.236559
0.125 0.125 0.280348
0.1875 0.125 0.236507
0.1875 0.1875 0.191944
0.125 0.1875 0.236559
0.1875 0.25 0.148098
0.1875 0.1875 0.191944
0.25 0.1875 0.148004
0.25 0.25 0.103573
0.1875 0.25 0.148098
0.1875 0.1875 0.191944
0.1875 0.125 0.236507
0.25 0.125 0.193445
0.25 0.1875 0.148004
0.1875 0.1875 0.191944
0.125 0.125 0.280348
0.125 0 0.372141
0.25 0 0.290715
0.25 0.125 0.193445
0.125 0.125 0.280348
0.25 0.5 -0.0475889
0.25 0.46875 -0.039051
0.28125 0.46875 -0.0646439
0.28125 0.5 -0.0758946
0.25 0.5 -0.0475889
0.25 0.46875 -0.039051
0.25 0.4375 -0.0234276
0.28125 0.4375 -0.0472758
0.28125 0.46875 -0.0646439
0.25 0.46875 -0.039051
0.28125 0.5 -0.0758946
0.28125 0.46875 -0.0646439
0.3125 0.46875 -0.0893545
0.3125 0.5 -0.103128
0.28125 0.5 -0.0758946
0.28125 0.46875 -0.0646439
0.28125 0.4375 -0.0472758
0.3125 0.4375 -0.0706208
0.3125 0.46875 -0.0893545
0.28125 0.46875 -0.0646439
0.25 0.4375 -0.0234276
0.25 0.40625 -0.00466994
0.28125 0.40625 -0.02746
0.28125 0.4375 -0.0472758
0.25 0.4375 -0.0234276
0.25 0.40625 -0.00466994
0.25 0.375 0.0163846
0.28125 0.375 -0.00628086
0.28125 0.40625 -0.02746
0.25 0.40625 -0.00466994
0.28125 0.4375 -0.0472758
0.28125 0.40625 -0.02746
0.3125 0.40625 -0.0500887
0.3125 0.4375 -0.0706208
0.28125 0.4375 -0.0472758
0.28125 0.40625 -0.02746
0.28125 0.375 -0.00628086
0.3125 0.375 -0.0286154
0.3125 0.40625 -0.0500887
0.28125 0.40625 -0.02746
0.3125 0.5 -0.103128
0.3125 0.46875 -0.0893545
0.34375 0.46875 -0.113346
0.34375 0.5 -0.129255
0.3125 0.5 -0.103128
0.3125 0.46875 -0.0893545
0.3125 0.4375 -0.0706208
0.34375 0.4375 -0.0935865
0.34375 0.46875 -0.113346
0.3125 0.46875 -0.0893545
0.34375 0.5 -0.129255
0.34375 0.46875 -0.113346
0.375 0.46875 -0.136785
0.375 0.5 -0.15443
0.34375 0.5 -0.129255
0.34375 0.46875 -0.113346
0.34375 0.4375 -0.0935865
0.375 0.4375 -0.116269
0.375 0.46875 -0.136785
0.34375 0.46875 -0.113346
0.3125 0.4375 -0.0706208
0.3125 0.40625 -0.0500887
0.34375 0.40625 -0.0725565
0.34375 0.4375 -0.0935865
0.3125 0.4375 -0.0706208
0.3125 0.40625 -0.0500887
0.3125 0.375 -0.0286154
0.34375 0.375 -0.0508665
0.34375 0.40625 -0.0725565
0.3125 0.40625 -0.0500887
0.34375 0.4375 -0.0935865
0.34375 0.40625 -0.0725565
0.375 0.40625 -0.0948707
0.375 0.4375 -0.116269
0.34375 0.4375 -0.0935865
0.34375 0.40625 -0.0725565
0.34375 0.375 -0.0508665
0.375 0.375 -0.0730003
0.375 0.40625 -0.0948707
0.34375 0.40625 -0.0725565
0.25 0.375 0.0163846
0.25 0.34375 0.0379293
0.28125 0.34375 0.0154761
0.28125 0.375 -0.00628086
0.25 0.375 0.0163846
0.25 0.34375 0.0379293
0.25 0.3125 0.0596829
0.28125 0.3125 0.0373729
0.28125 0.34375 0.0154761
0.25 0.34375 0.0379293
0.28125 0.375 -0.00628086
0.28125 0.34375 0.0154761
0.3125 0.34375 -0.00681152
0.3125 0.375 -0.0286154
0.28125 0.375 -0.00628086
0.28125 0.34375 0.0154761
0.28125 0.3125 0.0373729
0.3125 0.3125 0.015184
0.3125 0.34375 -0.00681152
0.28125 0.34375 0.0154761
0.25 0.3125 0.0596829
0.25 0.28125 0.0815692
0.28125 0.28125 0.0593769
0.28125 0.3125 0.0373729
0.25 0.3125 0.0596829
0.25 0.28125 0.0815692
0.25 0.25 0.103573
0.28125 0.25 0.0815023
0.28125 0.28125 0.0593769
0.25 0.28125 0.0815692
0.28125 0.3125 0.0373729
0.28125 0.28125 0.0593769
0.3125 0.28125 0.0372961
0.3125 0.3125 0.015184
0.28125 0.3125 0.0373729
0.28125 0.28125 0.0593769
0.28125 0.25 0.0815023
0.3125 0.25 0.0595581
0.3125 0.28125 0.0372961
0.28125 0.28125 0.0593769
0.3125 0.375 -0.0286154
0.3125 0.34375 -0.00681152
0.34375 0.34375 -0.0289516
0.34375 0.375 -0.0508665
0.3125 0.375 -0.0286154
0.3125 0.34375 -0.00681152
0.3125 0.3125 0.015184
0.34375 0.3125 -0.00689729
0.34375 0.34375 -0.0289516
0.3125 0.34375 -0.00681152
0.34375 0.375 -0.0508665
0.34375 0.34375 -0.0289516
0.375 0.34375 -0.0509519
0.375 0.375 -0.0730003
0.34375 0.375 -0.0508665
0.34375 0.34375 -0.0289516
0.34375 0.3125 -0.00689729
0.375 0.3125 -0.0287603
0.375 0.34375 -0.0509519
0.34375 0.34375 -0.0289516
0.3125 0.3125 0.015184
0.3125 0.28125 0.0372961
0.34375 0.28125 0.01533
0.34375 0.3125 -0.00689729
0.3125 0.3125 0.015184
0.3125 0.28125 0.0372961
0.3125 0.25 0.0595581
0.34375 0.25 0.0377939
0.34375 0.28125 0.01533
0.3125 0.28125 0.0372961
0.34375 0.3125 -0.00689729
0.34375 0.28125 0.01533
0.375 0.28125 -0.00640638
0.375 0.3125 -0.0287603
0.34375 0.3125 -0.00689729
0.34375 0.28125 0.01533
0.34375 0.25 0.0377939
0.375 0.25 0.0163561
0.375 0.28125 -0.00640638
0.34375 0.28125 0.01533
0.375 0.5 -0.15443
0.375 0.4375 -0.116269
0.4375 0.4375 -0.160889
0.4375 0.5 -0.200826
0.375 0.5 -0.15443
0.375 0.4375 -0.116269
0.375 0.40625 -0.0948707
0.40625 0.40625 -0.117008
0.40625 0.4375 -0.138711
0.375 0.4375 -0.116269
0.375 0.40625 -0.0948707
0.375 0.375 -0.0730003
0.40625 0.375 -0.0949516
0.40625 0.40625 -0.117008
0.375 0.40625 -0.0948707
0.40625 0.4375 -0.138711
0.40625 0.40625 -0.117008
0.4375 0.40625 -0.138885
0.4375 0.4375 -0.160889
0.40625 0.4375 -0.138711
0.40625 0.40625 -0.117008
0.40625 0.375 -0.0949516
0.4375 0.375 -0.116575
0.4375 0.40625 -0.138885
0.40625 0.40625 -0.117008
0.4375 0.5 -0.200826
0.4375 0.4375 -0.160889
0.5 0.4375 -0.202842
0.5 0.5 -0.245541
0.4375 0.5 -0.200826
0.4375 0.4375 -0.160889
0.4375 0.375 -0.116575
0.5 0.375 -0.156852
0.5 0.4375 -0.202842
0.4375 0.4375 -0.160889
0.375 0.375 -0.0730003
0.375 0.34375 -0.0509519
0.40625 0.34375 -0.0727101
0.40625 0.375 -0.0949516
0.375 0.375 -0.0730003
0.375 0.34375 -0.0509519
0.375 0.3125 -0.0287603
0.40625 0.3125 -0.0502647
0.40625 0.34375 -0.0727101
0.375 0.34375 -0.0509519
0.40625 0.375 -0.0949516
0.40625 0.34375 -0.0727101
0.4375 0.34375 -0.0939955
0.4375 0.375 -0.116575
0.40625 0.375 -0.0949516
0.40625 0.34375 -0.0727101
0.40625 0.3125 -0.0502647
0.4375 0.3125 -0.0710655
0.4375 0.34375 -0.0939955
0.40625 0.34375 -0.0727101
0.375 0.3125 -0.0287603
0.375 0.28125 -0.00640638
0.40625 0.28125 -0.0275533
0.40625 0.3125 -0.0502647
0.375 0.3125 -0.0287603
0.375 0.28125 -0.00640638
0.375 0.25 0.0163561
0.40625 0.25 -0.00446579
0.40625 0.28125 -0.0275533
0.375 0.28125 -0.00640638
0.40625 0.3125 -0.0502647
0.40625 0.28125 -0.0275533
0.4375 0.28125 -0.0476705
0.4375 0.3125 -0.0710655
0.40625 0.3125 -0.0502647
0.40625 0.28125 -0.0275533
0.40625 0.25 -0.00446579
0.4375 0.25 -0.0236454
0.4375 0.28125 -0.0476705
0.40625 0.28125 -0.0275533
0.4375 0.375 -0.116575
0.4375 0.34375 -0.0939955
0.46875 0.34375 -0.114284
0.46875 0.375 -0.137531
0.4375 0.375 -0.116575
0.4375 0.34375 -0.0939955
0.4375 0.3125 -0.0710655
0.46875 0.3125 -0.0903974
0.46875 0.34375 -0.114284
0.4375 0.34375 -0.0939955
0.46875 0.375 -0.137531
0.46875 0.34375 -0.114284
0.5 0.34375 -0.132176
0.5 0.375 -0.156852
0.46875 0.375 -0.137531
0.46875 0.34375 -0.114284
0.46875 0.3125 -0.0903974
0.5 0.3125 -0.106406
0.5 0.34375 -0.132176
0.46875 0.34375 -0.114284
0.4375 0.3125 -0.0710655
0.4375 0.28125 -0.0476705
0.46875 0.28125 -0.065702
0.46875 0.3125 -0.0903974
0.4375 0.3125 -0.0710655
0.4375 0.28125 -0.0476705
0.4375 0.25 -0.0236454
0.46875 0.25 -0.0399766
0.46875 0.28125 -0.065702
0.4375 0.28125 -0.0476705
0.46875 0.3125 -0.0903974
0.46875 0.28125 -0.065702
0.5 0.28125 -0.0792854
0.5 0.3125 -0.106406
0.46875 0.3125 -0.0903974
0.46875 0.28125 -0.065702
0.46875 0.25 -0.0399766
0.5 0.25 -0.0507381
0.5 0.28125 -0.0792854
0.46875 0.28125 -0.065702
0.25 0.25 0.103573
0.25 0.21875 0.125708
0.28125 0.21875 0.103781
0.28125 0.25 0.0815023
0.25 0.25 0.103573
0.25 0.21875 0.125708
0.25 0.1875 0.148004
0.28125 0.1875 0.126272
0.28125 0.21875 0.103781
0.25 0.21875 0.125708
0.28125 0.25 0.0815023
0.28125 0.21875 0.103781
0.3125 0.21875 0.0820396
0.3125 0.25 0.0595581
0.28125 0.25 0.0815023
0.28125 0.21875 0.103781
0.28125 0.1875 0.126272
0.3125 0.1875 0.104843
0.3125 0.21875 0.0820396
0.28125 0.21875 0.103781
0.25 0.1875 0.148004
0.25 0.125 0.193445
0.3125 0.125 0.151918
0.3125 0.1875 0.104843
0.25 0.1875 0.148004
0.3125 0.25 0.0595581
0.3125 0.21875 0.0820396
0.34375 0.21875 0.0606004
0.34375 0.25 0.0377939
0.3125 0.25 0.0595581
0.3125 0.21875 0.0820396
0.3125 0.1875 0.104843
0.34375 0.1875 0.083893
0.34375 0.21875 0.0606004
0.3125 0.21875 0.0820396
0.34375 0.25 0.0377939
0.34375 0.21875 0.0606004
0.375 0.21875 0.0396815
0.375 0.25 0.0163561
0.34375 0.25 0.0377939
0.34375 0.21875 0.0606004
0.34375 0.1875 0.083893
0.375 0.1875 0.0637336
0.375 0.21875 0.0396815
0.34375 0.21875 0.0606004
0.3125 0.1875 0.104843
0.3125 0.15625 0.12811
0.34375 0.15625 0.107808
0.34375 0.1875 0.083893
0.3125 0.1875 0.104843
0.3125 0.15625 0.12811
0.3125 0.125 0.151918
0.34375 0.125 0.132445
0.34375 0.15625 0.107808
0.3125 0.15625 0.12811
0.34375 0.1875 0.083893
0.34375 0.15625 0.107808
0.375 0.15625 0.0886506
0.375 0.1875 0.0637336
0.34375 0.1875 0.083893
0.34375 0.15625 0.107808
0.34375 0.125 0.132445
0.375 0.125 0.114457
0.375 0.15625 0.0886506
0.34375 0.15625 0.107808
0.25 0.125 0.193445
0.25 0.0625 0.240595
0.3125 0.0625 0.201612
0.3125 0.125 0.151918
0.25 0.125 0.193445
0.25 0.0625 0.240595
0.25 0 0.290715
0.3125 0 0.255054
0.3125 0.0625 0.201612
0.25 0.0625 0.240595
0.3125 0.125 0.151918
0.3125 0.0625 0.201612
0.375 0.0625 0.168615
0.375 0.125 0.114457
0.3125 0.125 0.151918
0.3125 0.0625 0.201612
0.3125 0 0.255054
0.375 0 0.226002
0.375 0.0625 0.168615
0.3125 0.0625 0.201612
0.375 0.25 0.0163561
0.375 0.21875 0.0396815
0.40625 0.21875 0.0196488
0.40625 0.25 -0.00446579
0.375 0.25 0.0163561
0.375 0.21875 0.0396815
0.375 0.1875 0.0637336
0.40625 0.1875 0.0448866
0.40625 0.21875 0.0196488
0.375 0.21875 0.0396815
0.40625 0.25 -0.00446579
0.40625 0.21875 0.0196488
0.4375 0.21875 0.00128086
0.4375 0.25 -0.0236454
0.40625 0.25 -0.00446579
0.40625 0.21875 0.0196488
0.40625 0.1875 0.0448866
0.4375 0.1875 0.0284661
0.4375 0.21875 0.00128086
0.40625 0.21875 0.0196488
0.375 0.1875 0.0637336
0.375 0.15625 0.0886506
0.40625 0.15625 0.0712773
0.40625 0.1875 0.0448866
0.375 0.1875 0.0637336
0.375 0.15625 0.0886506
0.375 0.125 0.114457
0.40625 0.125 0.0985805
0.40625 0.15625 0.0712773
0.375 0.15625 0.0886506
0.40625 0.1875 0.0448866
0.40625 0.15625 0.0712773
0.4375 0.15625 0.056702
0.4375 0.1875 0.0284661
0.40625 0.1875 0.0448866
0.40625 0.15625 0.0712773
0.40625 0.125 0.0985805
0.4375 0.125 0.0856398
0.4375 0.15625 0.056702
0.40625 0.15625 0.0712773
0.4375 0.25 -0.0236454
0.4375 0.21875 0.00128086
0.46875 0.21875 -0.0130925
0.46875 0.25 -0.0399766
0.4375 0.25 -0.0236454
0.4375 0.21875 0.00128086
0.4375 0.1875 0.0284661
0.46875 0.1875 0.0159677
0.46875 0.21875 -0.0130925
0.4375 0.21875 0.00128086
0.46875 0.25 -0.0399766
0.46875 0.21875 -0.0130925
0.5 0.21875 -0.0210788
0.5 0.25 -0.0507381
0.46875 0.25 -0.0399766
0.46875 0.21875 -0.0130925
0.46875 0.1875 0.0159677
0.5 0.1875 0.00981954
0.5 0.21875 -0.0210788
0.46875 0.21875 -0.0130925
0.4375 0.1875 0.0284661
0.4375 0.15625 0.056702
0.46875 0.15625 0.0460468
0.46875 0.1875 0.0159677
0.4375 0.1875 0.0284661
0.4375 0.15625 0.056702
0.4375 0.125 0.0856398
0.46875 0.125 0.0764822
0.46875 0.15625 0.0460468
0.4375 0.15625 0.056702
0.46875 0.1875 0.0159677
0.46875 0.15625 0.0460468
0.5 0.15625 0.0410653
0.5 0.1875 0.00981954
0.46875 0.1875 0.0159677
0.46875 0.15625 0.0460468
0.46875 0.125 0.0764822
0.5 0.125 0.0723069
0.5 0.15625 0.0410653
0.46875 0.15625 0.0460468
0.375 0.125 0.114457
0.375 0.09375 0.141215
0.40625 0.09375 0.12668
0.40625 0.125 0.0985805
0.375 0.125 0.114457
0.375 0.09375 0.141215
0.375 0.0625 0.168615
0.40625 0.0625 0.155298
0.40625 0.09375 0.12668
0.375 0.09375 0.141215
0.40625 0.125 0.0985805
0.40625 0.09375 0.12668
0.4375 0.09375 0.115097
0.4375 0.125 0.0856398
0.40625 0.125 0.0985805
0.40625 0.09375 0.12668
0.40625 0.0625 0.155298
0.4375 0.0625 0.144884
0.4375 0.09375 0.115097
0.40625 0.09375 0.12668
0.375 0.0625 0.168615
0.375 0 0.226002
0.4375 0 0.205655
0.4375 0.0625 0.144884
0.375 0.0625 0.168615
0.4375 0.125 0.0856398
0.4375 0.09375 0.115097
0.46875 0.09375 0.107077
0.46875 0.125 0.0764822
0.4375 0.125 0.0856398
0.4375 0.09375 0.115097
0.4375 0.0625 0.144884
0.46875 0.0625 0.13785
0.46875 0.09375 0.107077
0.4375 0.09375 0.115097
0.46875 0.125 0.0764822
0.46875 0.09375 0.107077
0.5 0.09375 0.103539
0.5 0.125 0.0723069
0.46875 0.125 0.0764822
0.46875 0.09375 0.107077
0.46875 0.0625 0.13785
0.5 0.0625 0.134752
0.5 0.09375 0.103539
0.46875 0.09375 0.107077
0.4375 0.0625 0.144884
0.4375 0 0.205655
0.5 0 0.197206
0.5 0.0625 0.134752
0.4375 0.0625 0.144884
0.5 1 0.197135
0.5 0.9375 0.13467
0.5625 0.9375 0.14599
0.5625 1 0.206508
0.5 1 0.197135
0.5 0.9375 0.13467
0.5 0.90625 0.103446
0.53125 0.90625 0.10741
0.53125 0.9375 0.138121
0.5 0.9375 0.13467
0.5 0.90625 0.103446
0.5 0.875 0.0722167
0.53125 0.875 0.0767895
0.53125 0.90625 0.10741
0.5 0.90625 0.103446
0.53125 0.9375 0.138121
0.53125 0.90625 0.10741
0.5625 0.90625 0.116134
0.5625 0.9375 0.14599
0.53125 0.9375 0.138121
0.53125 0.90625 0.10741
0.53125 0.875 0.0767895
0.5625 0.875 0.0865928
0.5625 0.90625 0.116134
0.53125 0.90625 0.10741
0.5625 1 0.206508
0.5625 0.9375 0.14599
0.625 0.9375 0.1714
0.625 1 0.228224
0.5625 1 0.206508
0.5625 0.9375 0.14599
0.5625 0.90625 0.116134
0.59375 0.90625 0.128605
0.59375 0.9375 0.15734
0.5625 0.9375 0.14599
0.5625 0.90625 0.116134
0.5625 0.875 0.0865928
0.59375 0.875 0.100349
0.59375 0.90625 0.128605
0.5625 0.90625 0.116134
0.59375 0.9375 0.15734
0.59375 0.90625 0.128605
0.625 0.90625 0.143773
0.625 0.9375 0.1714
0.59375 0.9375 0.15734
0.59375 0.90625 0.128605
0.59375 0.875 0.100349
0.625 0.875 0.116706
0.625 0.90625 0.143773
0.59375 0.90625 0.128605
0.5 0.875 0.0722167
0.5 0.84375 0.04098
0.53125 0.84375 0.0463199
0.53125 0.875 0.0767895
0.5 0.875 0.0722167
0.5 0.84375 0.04098
0.5 0.8125 0.0097335
0.53125 0.8125 0.0160721
0.53125 0.84375 0.0463199
0.5 0.84375 0.04098
0.53125 0.875 0.0767895
0.53125 0.84375 0.0463199
0.5625 0.84375 0.0574538
0.5625 0.875 0.0865928
0.53125 0.875 0.0767895
0.53125 0.84375 0.0463199
0.53125 0.8125 0.0160721
0.5625 0.8125 0.0288546
0.5625 0.84375 0.0574538
0.53125 0.84375 0.0463199
0.5 0.8125 0.0097335
0.5 0.78125 -0.021326
0.53125 0.78125 -0.0134092
0.53125 0.8125 0.0160721
0.5 0.8125 0.0097335
0.5 0.78125 -0.021326
0.5 0.75 -0.0519155
0.53125 0.75 -0.0413753
0.53125 0.78125 -0.0134092
0.5 0.78125 -0.021326
0.53125 0.8125 0.0160721
0.53125 0.78125 -0.0134092
0.5625 0.78125 0.000986639
0.5625 0.8125 0.0288546
0.53125 0.8125 0.0160721
0.53125 0.78125 -0.0134092
0.53125 0.75 -0.0413753
0.5625 0.75 -0.0245974
0.5625 0.78125 0.000986639
0.53125 0.78125 -0.0134092
0.5625 0.875 0.0865928
0.5625 0.84375 0.0574538
0.59375 0.84375 0.0726817
0.59375 0.875 0.100349
0.5625 0.875 0.0865928
0.5625 0.84375 0.0574538
0.5625 0.8125 0.0288546
0.59375 0.8125 0.0457451
0.59375 0.84375 0.0726817
0.5625 0.84375 0.0574538
0.59375 0.875 0.100349
0.59375 0.84375 0.0726817
0.625 0.84375 0.09033
0.625 0.875 0.116706
0.59375 0.875 0.100349
0.59375 0.84375 0.0726817
0.59375 0.8125 0.0457451
0.625 0.8125 0.0647151
0.625 0.84375 0.09033
0.59375 0.84375 0.0726817
0.5625 0.8125 0.0288546
0.5625 0.78125 0.000986639
0.59375 0.78125 0.0197059
0.59375 0.8125 0.0457451
0.5625 0.8125 0.0288546
0.5625 0.78125 0.000986639
0.5625 0.75 -0.0245974
0.59375 0.75 -0.00500462
0.59375 0.78125 0.0197059
0.5625 0.78125 0.000986639
0.59375 0.8125 0.0457451
0.59375 0.78125 0.0197059
0.625 0.78125 0.0399393
0.625 0.8125 0.0647151
0.59375 0.8125 0.0457451
0.59375 0.78125 0.0197059
0.59375 0.75 -0.00500462
0.625 0.75 0.0160408
0.625 0.78125 0.0399393
0.59375 0.78125 0.0197059
0.625 1 0.228224
0.625 0.9375 0.1714
0.6875 0.9375 0.20559
0.6875 1 0.258539
0.625 1 0.228224
0.625 0.9375 0.1714
0.625 0.875 0.116706
0.6875 0.875 0.15415
0.6875 0.9375 0.20559
0.625 0.9375 0.1714
0.6875 1 0.258539
0.6875 0.9375 0.20559
0.75 0.9375 0.244507
0.75 1 0.294623
0.6875 1 0.258539
0.6875 0.9375 0.20559
0.6875 0.875 0.15415
0.75 0.875 0.195702
0.75 0.9375 0.244507
0.6875 0.9375 0.20559
0.625 0.875 0.116706
0.625 0.84375 0.09033
0.65625 0.84375 0.109531
0.65625 0.875 0.1349
0.625 0.875 0.116706
0.625 0.84375 0.09033
0.625 0.8125 0.0647151
0.65625 0.8125 0.0848929
0.65625 0.84375 0.109531
0.625 0.84375 0.09033
0.65625 0.875 0.1349
0.65625 0.84375 0.109531
0.6875 0.84375 0.129659
0.6875 0.875 0.15415
0.65625 0.875 0.1349
0.65625 0.84375 0.109531
0.65625 0.8125 0.0848929
0.6875 0.8125 0.105757
0.6875 0.84375 0.129659
0.65625 0.84375 0.109531
0.625 0.8125 0.0647151
0.625 0.78125 0.0399393
0.65625 0.78125 0.0609924
0.65625 0.8125 0.0848929
0.625 0.8125 0.0647151
0.625 0.78125 0.0399393
0.625 0.75 0.0160408
0.65625 0.75 0.0377769
0.65625 0.78125 0.0609924
0.625 0.78125 0.0399393
0.65625 0.8125 0.0848929
0.65625 0.78125 0.0609924
0.6875 0.78125 0.082458
0.6875 0.8125 0.105757
0.65625 0.8125 0.0848929
0.65625 0.78125 0.0609924
0.65625 0.75 0.0377769
0.6875 0.75 0.0596696
0.6875 0.78125 0.082458
0.65625 0.78125 0.0609924
0.6875 0.875 0.15415
0.6875 0.8125 0.105757
0.75 0.8125 0.148703
0.75 0.875 0.195702
0.6875 0.875 0.15415
0.6875 0.8125 0.105757
0.6875 0.78125 0.082458
0.71875 0.78125 0.1042
0.71875 0.8125 0.127085
0.6875 0.8125 0.105757
0.6875 0.78125 0.082458
0.6875 0.75 0.0596696
0.71875 0.75 0.0816967
0.71875 0.78125 0.1042
0.6875 0.78125 0.082458
0.71875 0.8125 0.127085
0.71875 0.78125 0.1042
0.75 0.78125 0.12614
0.75 0.8125 0.148703
0.71875 0.8125 0.127085
0.71875 0.78125 0.1042
0.71875 0.75 0.0816967
0.75 0.75 0.103867
0.75 0.78125 0.12614
0.71875 0.78125 0.1042
0.5 0.75 -0.0519155
0.5 0.71875 -0.0815416
0.53125 0.71875 -0.0677357
0.53125 0.75 -0.0413753
0.5 0.75 -0.0519155
0.5 0.71875 -0.0815416
0.5 0.6875 -0.109538
0.53125 0.6875 -0.0924926
0.53125 0.71875 -0.0677357
0.5 0.71875 -0.0815416
0.53125 0.75 -0.0413753
0.53125 0.71875 -0.0677357
0.5625 0.71875 -0.0488572
0.5625 0.75 -0.0245974
0.53125 0.75 -0.0413753
0.53125 0.71875 -0.0677357
0.53125 0.6875 -0.0924926
0.5625 0.6875 -0.0721826
0.5625 0.71875 -0.0488572
0.53125 0.71875 -0.0677357
0.5 0.6875 -0.109538
0.5 0.65625 -0.135514
0.53125 0.65625 -0.116119
0.53125 0.6875 -0.0924926
0.5 0.6875 -0.109538
0.5 0.65625 -0.135514
0.5 0.625 -0.15946
0.53125 0.625 -0.138941
0.53125 0.65625 -0.116119
0.5 0.65625 -0.135514
0.53125 0.6875 -0.0924926
0.53125 0.65625 -0.116119
0.5625 0.65625 -0.0949196
0.5625 0.6875 -0.0721826
0.53125 0.6875 -0.0924926
0.53125 0.65625 -0.116119
0.53125 0.625 -0.138941
0.5625 0.625 -0.117319
0.5625 0.65625 -0.0949196
0.53125 0.65625 -0.116119
0.5625 0.75 -0.0245974
0.5625 0.71875 -0.0488572
0.59375 0.71875 -0.0281917
0.59375 0.75 -0.00500462
0.5625 0.75 -0.0245974
0.5625 0.71875 -0.0488572
0.5625 0.6875 -0.0721826
0.59375 0.6875 -0.0508274
0.59375 0.71875 -0.0281917
0.5625 0.71875 -0.0488572
0.59375 0.75 -0.00500462
0.59375 0.71875 -0.0281917
0.625 0.71875 -0.00671914
0.625 0.75 0.0160408
0.59375 0.75 -0.00500462
0.59375 0.71875 -0.0281917
0.59375 0.6875 -0.0508274
0.625 0.6875 -0.0290141
0.625 0.71875 -0.00671914
0.59375 0.71875 -0.0281917
0.5625 0.6875 -0.0721826
0.5625 0.65625 -0.0949196
0.59375 0.65625 -0.0731704
0.59375 0.6875 -0.0508274
0.5625 0.6875 -0.0721826
0.5625 0.65625 -0.0949196
0.5625 0.625 -0.117319
0.59375 0.625 -0.0953446
0.59375 0.65625 -0.0731704
0.5625 0.65625 -0.0949196
0.59375 0.6875 -0.0508274
0.59375 0.65625 -0.0731704
0.625 0.65625 -0.0511635
0.625 0.6875 -0.0290141
0.59375 0.6875 -0.0508274
0.59375 0.65625 -0.0731704
0.59375 0.625 -0.0953446
0.625 0.625 -0.0732066
0.625 0.65625 -0.0511635
0.59375 0.65625 -0.0731704
0.5 0.625 -0.15946
0.5 0.5625 -0.205449
0.5625 0.5625 -0.16159
0.5625 0.625 -0.117319
0.5 0.625 -0.15946
0.5 0.5625 -0.205449
0.5 0.5 -0.245541
0.5625 0.5 -0.201383
0.5625 0.5625 -0.16159
0.5 0.5625 -0.205449
0.5625 0.625 -0.117319
0.5625 0.59375 -0.139525
0.59375 0.59375 -0.117398
0.59375 0.625 -0.0953446
0.5625 0.625 -0.117319
0.5625 0.59375 -0.139525
0.5625 0.5625 -0.16159
0.59375 0.5625 -0.13932
0.59375 0.59375 -0.117398
0.5625 0.59375 -0.139525
0.59375 0.625 -0.0953446
0.59375 0.59375 -0.117398
0.625 0.59375 -0.0951387
0.625 0.625 -0.0732066
0.59375 0.625 -0.0953446
0.59375 0.59375 -0.117398
0.59375 0.5625 -0.13932
0.625 0.5625 -0.116917
0.625 0.59375 -0.0951387
0.59375 0.59375 -0.117398
0.5625 0.5625 -0.16159
0.5625 0.5 -0.201383
0.625 0.5 -0.154486
0.625 0.5625 -0.116917
0.5625 0.5625 -0.16159
0.625 0.75 0.0160408
0.625 0.71875 -0.00671914
0.65625 0.71875 0.0151944
0.65625 0.75 0.0377769
0.625 0.75 0.0160408
0.625 0.71875 -0.00671914
0.625 0.6875 -0.0290141
0.65625 0.6875 -0.00697243
0.65625 0.71875 0.0151944
0.625 0.71875 -0.00671914
0.65625 0.75 0.0377769
0.65625 0.71875 0.0151944
0.6875 0.71875 0.0373114
0.6875 0.75 0.0596696
0.65625 0.75 0.0377769
0.65625 0.71875 0.0151944
0.65625 0.6875 -0.00697243
0.6875 0.6875 0.0152093
0.6875 0.71875 0.0373114
0.65625 0.71875 0.0151944
0.625 0.6875 -0.0290141
0.625 0.65625 -0.0511635
0.65625 0.65625 -0.0290135
0.65625 0.6875 -0.00697243
0.625 0.6875 -0.0290141
0.625 0.65625 -0.0511635
0.625 0.625 -0.0732066
0.65625 0.625 -0.0509546
0.65625 0.65625 -0.0290135
0.625 0.65625 -0.0511635
0.65625 0.6875 -0.00697243
0.65625 0.65625 -0.0290135
0.6875 0.65625 -0.006759
0.6875 0.6875 0.0152093
0.65625 0.6875 -0.00697243
0.65625 0.65625 -0.0290135
0.65625 0.625 -0.0509546
0.6875 0.625 -0.0286046
0.6875 0.65625 -0.006759
0.65625 0.65625 -0.0290135
0.6875 0.75 0.0596696
0.6875 0.71875 0.0373114
0.71875 0.71875 0.0595119
0.71875 0.75 0.0816967
0.6875 0.75 0.0596696
0.6875 0.71875 0.0373114
0.6875 0.6875 0.0152093
0.71875 0.6875 0.0375052
0.71875 0.71875 0.0595119
0.6875 0.71875 0.0373114
0.71875 0.75 0.0816967
0.71875 0.71875 0.0595119
0.75 0.71875 0.0818424
0.75 0.75 0.103867
0.71875 0.75 0.0816967
0.71875 0.71875 0.0595119
0.71875 0.6875 0.0375052
0.75 0.6875 0.0599709
0.75 0.71875 0.0818424
0.71875 0.71875 0.0595119
0.6875 0.6875 0.0152093
0.6875 0.65625 -0.006759
0.71875 0.65625 0.015611
0.71875 0.6875 0.0375052
0.6875 0.6875 0.0152093
0.6875 0.65625 -0.006759
0.6875 0.625 -0.0286046
0.71875 0.625 -0.00614282
0.71875 0.65625 0.015611
0.6875 0.65625 -0.006759
0.71875 0.6875 0.0375052
0.71875 0.65625 0.015611
0.75 0.65625 0.0382595
0.75 0.6875 0.0599709
0.71875 0.6875 0.0375052
0.71875 0.65625 0.015611
0.71875 0.625 -0.00614282
0.75 0.625 0.0167659
0.75 0.65625 0.0382595
0.71875 0.65625 0.015611
0.625 0.625 -0.0732066
0.625 0.59375 -0.0951387
0.65625 0.59375 -0.0727658
0.65625 0.625 -0.0509546
0.625 0.625 -0.0732066
0.625 0.59375 -0.0951387
0.625 0.5625 -0.116917
0.65625 0.5625 -0.0943397
0.65625 0.59375 -0.0727658
0.625 0.59375 -0.0951387
0.65625 0.625 -0.0509546
0.65625 0.59375 -0.0727658
0.6875 0.59375 -0.0502522
0.6875 0.625 -0.0286046
0.65625 0.625 -0.0509546
0.65625 0.59375 -0.0727658
0.65625 0.5625 -0.0943397
0.6875 0.5625 -0.0714652
0.6875 0.59375 -0.0502522
0.65625 0.59375 -0.0727658
0.625 0.5625 -0.116917
0.625 0.53125 -0.13833
0.65625 0.53125 -0.115368
0.65625 0.5625 -0.0943397
0.625 0.5625 -0.116917
0.625 0.53125 -0.13833
0.625 0.5 -0.154486
0.65625 0.5 -0.12921
0.65625 0.53125 -0.115368
0.625 0.53125 -0.13833
0.65625 0.5625 -0.0943397
0.65625 0.53125 -0.115368
0.6875 0.53125 -0.0915876
0.6875 0.5625 -0.0714652
0.65625 0.5625 -0.0943397
0.65625 0.53125 -0.115368
0.65625 0.5 -0.12921
0.6875 0.5 -0.102961
0.6875 0.53125 -0.0915876
0.65625 0.53125 -0.115368
0.6875 0.625 -0.0286046
0.6875 0.59375 -0.0502522
0.71875 0.59375 -0.0274983
0.71875 0.625 -0.00614282
0.6875 0.625 -0.0286046
0.6875 0.59375 -0.0502522
0.6875 0.5625 -0.0714652
0.71875 0.5625 -0.0480382
0.71875 0.59375 -0.0274983
0.6875 0.59375 -0.0502522
0.71875 0.625 -0.00614282
0.71875 0.59375 -0.0274983
0.75 0.59375 -0.00425222
0.75 0.625 0.0167659
0.71875 0.625 -0.00614282
0.71875 0.59375 -0.0274983
0.71875 0.5625 -0.0480382
0.75 0.5625 -0.0236597
0.75 0.59375 -0.00425222
0.71875 0.59375 -0.0274983
0.6875 0.5625 -0.0714652
0.6875 0.53125 -0.0915876
0.71875 0.53125 -0.0666303
0.71875 0.5625 -0.0480382
0.6875 0.5625 -0.0714652
0.6875 0.53125 -0.0915876
0.6875 0.5 -0.102961
0.71875 0.5 -0.0755991
0.71875 0.53125 -0.0666303
0.6875 0.53125 -0.0915876
0.71875 0.5625 -0.0480382
0.71875 0.53125 -0.0666303
0.75 0.53125 -0.0399593
0.75 0.5625 -0.0236597
0.71875 0.5625 -0.0480382
0.71875 0.53125 -0.0666303
0.71875 0.5 -0.0755991
0.75 0.5 -0.0471694
0.75 0.53125 -0.0399593
0.71875 0.53125 -0.0666303
0.75 1 0.294623
0.75 0.875 0.195702
0.875 0.875 0.282744
0.875 1 0.374471
0.75 1 0.294623
0.75 0.875 0.195702
0.75 0.8125 0.148703
0.8125 0.8125 0.192975
0.8125 0.875 0.238555
0.75 0.875 0.195702
0.75 0.8125 0.148703
0.75 0.75 0.103867
0.8125 0.75 0.148884
0.8125 0.8125 0.192975
0.75 0.8125 0.148703
0.8125 0.875 0.238555
0.8125 0.8125 0.192975
0.875 0.8125 0.23865
0.875 0.875 0.282744
0.8125 0.875 0.238555
0.8125 0.8125 0.192975
0.8125 0.75 0.148884
0.875 0.75 0.196033
0.875 0.8125 0.23865
0.8125 0.8125 0.192975
0.875 1 0.374471
0.875 0.875 0.282744
1 0.875 0.38021
1 1 0.465691
0.875 1 0.374471
0.875 0.875 0.282744
0.875 0.75 0.196033
1 0.75 0.299551
1 0.875 0.38021
0.875 0.875 0.282744
0.75 0.75 0.103867
0.75 0.71875 0.0818424
0.78125 0.71875 0.104397
0.78125 0.75 0.126231
0.75 0.75 0.103867
0.75 0.71875 0.0818424
0.75 0.6875 0.0599709
0.78125 0.6875 0.0827919
0.78125 0.71875 0.104397
0.75 0.71875 0.0818424
0.78125 0.75 0.126231
0.78125 0.71875 0.104397
0.8125 0.71875 0.127375
0.8125 0.75 0.148884
0.78125 0.75 0.126231
0.78125 0.71875 0.104397
0.78125 0.6875 0.0827919
0.8125 0.6875 0.106188
0.8125 0.71875 0.127375
0.78125 0.71875 0.104397
0.75 0.6875 0.0599709
0.75 0.65625 0.0382595
0.78125 0.65625 0.0614738
0.78125 0.6875 0.0827919
0.75 0.6875 0.0599709
0.75 0.65625 0.0382595
0.75 0.625 0.0167659
0.78125 0.625 0.0406425
0.78125 0.65625 0.0614738
0.75 0.65625 0.0382595
0.78125 0.6875 0.0827919
0.78125 0.65625 0.0614738
0.8125 0.65625 0.0855874
0.8125 0.6875 0.106188
0.78125 0.6875 0.0827919
0.78125 0.65625 0.0614738
0.78125 0.625 0.0406425
0.8125 0.625 0.0658109
0.8125 0.65625 0.0855874
0.78125 0.65625 0.0614738
0.8125 0.75 0.148884
0.8125 0.6875 0.106188
0.875 0.6875 0.155414
0.875 0.75 0.196033
0.8125 0.75 0.148884
0.8125 0.6875 0.106188
0.8125 0.65625 0.0855874
0.84375 0.65625 0.110755
0.84375 0.6875 0.130415
0.8125 0.6875 0.106188
0.8125 0.65625 0.0855874
0.8125 0.625 0.0658109
0.84375 0.625 0.0922623
0.84375 0.65625 0.110755
0.8125 0.65625 0.0855874
0.84375 0.6875 0.130415
0.84375 0.65625 0.110755
0.875 0.65625 0.13677
0.875 0.6875 0.155414
0.84375 0.6875 0.130415
0.84375 0.65625 0.110755
0.84375 0.625 0.0922623
0.875 0.625 0.11947
0.875 0.65625 0.13677
0.84375 0.65625 0.110755
0.75 0.625 0.0167659
0.75 0.59375 -0.00425222
0.78125 0.59375 0.0206469
0.78125 0.625 0.0406425
0.75 0.625 0.0167659
0.75 0.59375 -0.00425222
0.75 0.5625 -0.0236597
0.78125 0.5625 0.00224935
0.78125 0.59375 0.0206469
0.75 0.59375 -0.00425222
0.78125 0.625 0.0406425
0.78125 0.59375 0.0206469
0.8125 0.59375 0.0474615
0.8125 0.625 0.0658109
0.78125 0.625 0.0406425
0.78125 0.59375 0.0206469
0.78125 0.5625 0.00224935
0.8125 0.5625 0.0312949
0.8125 0.59375 0.0474615
0.78125 0.59375 0.0206469
0.75 0.5625 -0.0236597
0.75 0.53125 -0.0399593
0.78125 0.53125 -0.0115258
0.78125 0.5625 0.00224935
0.75 0.5625 -0.0236597
0.75 0.53125 -0.0399593
0.75 0.5 -0.0471694
0.78125 0.5 -0.0177298
0.78125 0.53125 -0.0115258
0.75 0.53125 -0.0399593
0.78125 0.5625 0.00224935
0.78125 0.53125 -0.0115258
0.8125 0.53125 0.018713
0.8125 0.5625 0.0312949
0.78125 0.5625 0.00224935
0.78125 0.53125 -0.0115258
0.78125 0.5 -0.0177298
0.8125 0.5 0.012732
0.8125 0.53125 0.018713
0.78125 0.53125 -0.0115258
0.8125 0.625 0.0658109
0.8125 0.59375 0.0474615
0.84375 0.59375 0.0754252
0.84375 0.625 0.0922623
0.8125 0.625 0.0658109
0.8125 0.59375 0.0474615
0.8125 0.5625 0.0312949
0.84375 0.5625 0.0609231
0.84375 0.59375 0.0754252
0.8125 0.59375 0.0474615
0.84375 0.625 0.0922623
0.84375 0.59375 0.0754252
0.875 0.59375 0.103979
0.875 0.625 0.11947
0.84375 0.625 0.0922623
0.84375 0.59375 0.0754252
0.84375 0.5625 0.0609231
0.875 0.5625 0.0908671
0.875 0.59375 0.103979
0.84375 0.59375 0.0754252
0.8125 0.5625 0.0312949
0.8125 0.53125 0.018713
0.84375 0.53125 0.0497925
0.84375 0.5625 0.0609231
0.8125 0.5625 0.0312949
0.8125 0.53125 0.018713
0.8125 0.5 0.012732
0.84375 0.5 0.0439743
0.84375 0.53125 0.0497925
0.8125 0.53125 0.018713
0.84375 0.5625 0.0609231
0.84375 0.53125 0.0497925
0.875 0.53125 0.08084
0.875 0.5625 0.0908671
0.84375 0.5625 0.0609231
0.84375 0.53125 0.0497925
0.84375 0.5 0.0439743
0.875 0.5 0.0752085
0.875 0.53125 0.08084
0.84375 0.53125 0.0497925
0.875 0.75 0.196033
0.875 0.6875 0.155414
0.9375 0.6875 0.208967
0.9375 0.75 0.246006
0.875 0.75 0.196033
0.875 0.6875 0.155414
0.875 0.625 0.11947
0.9375 0.625 0.176854
0.9375 0.6875 0.208967
0.875 0.6875 0.155414
0.9375 0.75 0.246006
0.9375 0.6875 0.208967
1 0.6875 0.265333
1 0.75 0.299551
0.9375 0.75 0.246006
0.9375 0.6875 0.208967
0.9375 0.625 0.176854
1 0.625 0.236045
1 0.6875 0.265333
0.9375 0.6875 0.208967
0.875 0.625 0.11947
0.875 0.5625 0.0908671
0.9375 0.5625 0.151277
0.9375 0.625 0.176854
0.875 0.625 0.11947
0.875 0.5625 0.0908671
0.875 0.53125 0.08084
0.90625 0.53125 0.111844
0.90625 0.5625 0.121011
0.875 0.5625 0.0908671
0.875 0.53125 0.08084
0.875 0.5 0.0752085
0.90625 0.5 0.106426
0.90625 0.53125 0.111844
0.875 0.53125 0.08084
0.90625 0.5625 0.121011
0.90625 0.53125 0.111844
0.9375 0.53125 0.142796
0.9375 0.5625 0.151277
0.90625 0.5625 0.121011
0.90625 0.53125 0.111844
0.90625 0.5 0.106426
0.9375 0.5 0.137618
0.9375 0.53125 0.142796
0.90625 0.53125 0.111844
0.9375 0.625 0.176854
0.9375 0.5625 0.151277
1 0.5625 0.213121
1 0.625 0.236045
0.9375 0.625 0.176854
0.9375 0.5625 0.151277
0.9375 0.5 0.137618
1 0.5 0.200054
1 0.5625 0.213121
0.9375 0.5625 0.151277
0.5 0.5 -0.245541
0.5 0.4375 -0.202842
0.5625 0.4375 -0.161001
0.5625 0.5 -0.201383
0.5 0.5 -0.245541
0.5 0.4375 -0.202842
0.5 0.375 -0.156852
0.5625 0.375 -0.116686
0.5625 0.4375 -0.161001
0.5 0.4375 -0.202842
0.5625 0.5 -0.201383
0.5625 0.4375 -0.161001
0.625 0.4375 -0.11646
0.625 0.5 -0.154486
0.5625 0.5 -0.201383
0.5625 0.4375 -0.161001
0.5625 0.40625 -0.138987
0.59375 0.40625 -0.117103
0.59375 0.4375 -0.138847
0.5625 0.4375 -0.161001
0.5625 0.40625 -0.138987
0.5625 0.375 -0.116686
0.59375 0.375 -0.0950002
0.59375 0.40625 -0.117103
0.5625 0.40625 -0.138987
0.59375 0.4375 -0.138847
0.59375 0.40625 -0.117103
0.625 0.40625 -0.095024
0.625 0.4375 -0.11646
0.59375 0.4375 -0.138847
0.59375 0.40625 -0.117103
0.59375 0.375 -0.0950002
0.625 0.375 -0.073084
0.625 0.40625 -0.095024
0.59375 0.40625 -0.117103
0.5 0.375 -0.156852
0.5 0.34375 -0.132176
0.53125 0.34375 -0.114776
0.53125 0.375 -0.137837
0.5 0.375 -0.156852
0.5 0.34375 -0.132176
0.5 0.3125 -0.106406
0.53125 0.3125 -0.0911366
0.53125 0.34375 -0.114776
0.5 0.34375 -0.132176
0.53125 0.375 -0.137837
0.53125 0.34375 -0.114776
0.5625 0.34375 -0.0941751
0.5625 0.375 -0.116686
0.53125 0.375 -0.137837
0.53125 0.34375 -0.114776
0.53125 0.3125 -0.0911366
0.5625 0.3125 -0.0714119
0.5625 0.34375 -0.0941751
0.53125 0.34375 -0.114776
0.5 0.3125 -0.106406
0.5 0.28125 -0.0792854
0.53125 0.28125 -0.0667708
0.53125 0.3125 -0.0911366
0.5 0.3125 -0.106406
0.5 0.28125 -0.0792854
0.5 0.25 -0.0507381
0.53125 0.25 -0.0413529
0.53125 0.28125 -0.0667708
0.5 0.28125 -0.0792854
0.53125 0.3125 -0.0911366
0.53125 0.28125 -0.0667708
0.5625 0.28125 -0.0482801
0.5625 0.3125 -0.0714119
0.53125 0.3125 -0.0911366
0.53125 0.28125 -0.0667708
0.53125 0.25 -0.0413529
0.5625 0.25 -0.0246039
0.5625 0.28125 -0.0482801
0.53125 0.28125 -0.0667708
0.5625 0.375 -0.116686
0.5625 0.34375 -0.0941751
0.59375 0.34375 -0.0727262
0.59375 0.375 -0.0950002
0.5625 0.375 -0.116686
0.5625 0.34375 -0.0941751
0.5625 0.3125 -0.0714119
0.59375 0.3125 -0.0503255
0.59375 0.34375 -0.0727262
0.5625 0.34375 -0.0941751
0.59375 0.375 -0.0950002
0.59375 0.34375 -0.0727262
0.625 0.34375 -0.0509314
0.625 0.375 -0.073084
0.59375 0.375 -0.0950002
0.59375 0.34375 -0.0727262
0.59375 0.3125 -0.0503255
0.625 0.3125 -0.0286861
0.625 0.34375 -0.0509314
0.59375 0.34375 -0.0727262
0.5625 0.3125 -0.0714119
0.5625 0.28125 -0.0482801
0.59375 0.28125 -0.0277578
0.59375 0.3125 -0.0503255
0.5625 0.3125 -0.0714119
0.5625 0.28125 -0.0482801
0.5625 0.25 -0.0246039
0.59375 0.25 -0.00494752
0.59375 0.28125 -0.0277578
0.5625 0.28125 -0.0482801
0.59375 0.3125 -0.0503255
0.59375 0.28125 -0.0277578
0.625 0.28125 -0.00634176
0.625 0.3125 -0.0286861
0.59375 0.3125 -0.0503255
0.59375 0.28125 -0.0277578
0.59375 0.25 -0.00494752
0.625 0.25 0.0162459
0.625 0.28125 -0.00634176
0.59375 0.28125 -0.0277578
0.625 0.5 -0.154486
0.625 0.46875 -0.136764
0.65625 0.46875 -0.113312
0.65625 0.5 -0.12921
0.625 0.5 -0.154486
0.625 0.46875 -0.136764
0.625 0.4375 -0.11646
0.65625 0.4375 -0.0938443
0.65625 0.46875 -0.113312
0.625 0.46875 -0.136764
0.65625 0.5 -0.12921
0.65625 0.46875 -0.113312
0.6875 0.46875 -0.0891338
0.6875 0.5 -0.102961
0.65625 0.5 -0.12921
0.65625 0.46875 -0.113312
0.65625 0.4375 -0.0938443
0.6875 0.4375 -0.070907
0.6875 0.46875 -0.0891338
0.65625 0.46875 -0.113312
0.625 0.4375 -0.11646
0.625 0.40625 -0.095024
0.65625 0.40625 -0.072803
0.65625 0.4375 -0.0938443
0.625 0.4375 -0.11646
0.625 0.40625 -0.095024
0.625 0.375 -0.073084
0.65625 0.375 -0.0510466
0.65625 0.40625 -0.072803
0.625 0.40625 -0.095024
0.65625 0.4375 -0.0938443
0.65625 0.40625 -0.072803
0.6875 0.40625 -0.0504413
0.6875 0.4375 -0.070907
0.65625 0.4375 -0.0938443
0.65625 0.40625 -0.072803
0.65625 0.375 -0.0510466
0.6875 0.375 -0.0289261
0.6875 0.40625 -0.0504413
0.65625 0.40625 -0.072803
0.6875 0.5 -0.102961
0.6875 0.46875 -0.0891338
0.71875 0.46875 -0.0641993
0.71875 0.5 -0.0755991
0.6875 0.5 -0.102961
0.6875 0.46875 -0.0891338
0.6875 0.4375 -0.070907
0.71875 0.4375 -0.0475374
0.71875 0.46875 -0.0641993
0.6875 0.46875 -0.0891338
0.71875 0.5 -0.0755991
0.71875 0.46875 -0.0641993
0.75 0.46875 -0.038238
0.75 0.5 -0.0471694
0.71875 0.5 -0.0755991
0.71875 0.46875 -0.0641993
0.71875 0.4375 -0.0475374
0.75 0.4375 -0.0235591
0.75 0.46875 -0.038238
0.71875 0.46875 -0.0641993
0.6875 0.4375 -0.070907
0.6875 0.40625 -0.0504413
0.71875 0.40625 -0.0278778
0.71875 0.4375 -0.0475374
0.6875 0.4375 -0.070907
0.6875 0.40625 -0.0504413
0.6875 0.375 -0.0289261
0.71875 0.375 -0.00673604
0.71875 0.40625 -0.0278778
0.6875 0.40625 -0.0504413
0.71875 0.4375 -0.0475374
0.71875 0.40625 -0.0278778
0.75 0.40625 -0.00511261
0.75 0.4375 -0.0235591
0.71875 0.4375 -0.0475374
0.71875 0.40625 -0.0278778
0.71875 0.375 -0.00673604
0.75 0.375 0.0158762
0.75 0.40625 -0.00511261
0.71875 0.40625 -0.0278778
0.625 0.375 -0.073084
0.625 0.34375 -0.0509314
0.65625 0.34375 -0.0289946
0.65625 0.375 -0.0510466
0.625 0.375 -0.073084
0.625 0.34375 -0.0509314
0.625 0.3125 -0.0286861
0.65625 0.3125 -0.0068284
0.65625 0.34375 -0.0289946
0.625 0.34375 -0.0509314
0.65625 0.375 -0.0510466
0.65625 0.34375 -0.0289946
0.6875 0.34375 -0.00698605
0.6875 0.375 -0.0289261
0.65625 0.375 -0.0510466
0.65625 0.34375 -0.0289946
0.65625 0.3125 -0.0068284
0.6875 0.3125 0.0151519
0.6875 0.34375 -0.00698605
0.65625 0.34375 -0.0289946
0.625 0.3125 -0.0286861
0.625 0.28125 -0.00634176
0.65625 0.28125 0.0154467
0.65625 0.3125 -0.0068284
0.625 0.3125 -0.0286861
0.625 0.28125 -0.00634176
0.625 0.25 0.0162459
0.65625 0.25 0.0378592
0.65625 0.28125 0.0154467
0.625 0.28125 -0.00634176
0.65625 0.3125 -0.0068284
0.65625 0.28125 0.0154467
0.6875 0.28125 0.0373604
0.6875 0.3125 0.0151519
0.65625 0.3125 -0.0068284
0.65625 0.28125 0.0154467
0.65625 0.25 0.0378592
0.6875 0.25 0.0596579
0.6875 0.28125 0.0373604
0.65625 0.28125 0.0154467
0.6875 0.375 -0.0289261
0.6875 0.34375 -0.00698605
0.71875 0.34375 0.0151541
0.71875 0.375 -0.00673604
0.6875 0.375 -0.0289261
0.6875 0.34375 -0.00698605
0.6875 0.3125 0.0151519
0.71875 0.3125 0.037211
0.71875 0.34375 0.0151541
0.6875 0.34375 -0.00698605
0.71875 0.375 -0.00673604
0.71875 0.34375 0.0151541
0.75 0.34375 0.0374908
0.75 0.375 0.0158762
0.71875 0.375 -0.00673604
0.71875 0.34375 0.0151541
0.71875 0.3125 0.037211
0.75 0.3125 0.0593839
0.75 0.34375 0.0374908
0.71875 0.34375 0.0151541
0.6875 0.3125 0.0151519
0.6875 0.28125 0.0373604
0.71875 0.28125 0.0593454
0.71875 0.3125 0.037211
0.6875 0.3125 0.0151519
0.6875 0.28125 0.0373604
0.6875 0.25 0.0596579
0.71875 0.25 0.0815578
0.71875 0.28125 0.0593454
0.6875 0.28125 0.0373604
0.71875 0.3125 0.037211
0.71875 0.28125 0.0593454
0.75 0.28125 0.0814173
0.75 0.3125 0.0593839
0.71875 0.3125 0.037211
0.71875 0.28125 0.0593454
0.71875 0.25 0.0815578
0.75 0.25 0.103541
0.75 0.28125 0.0814173
0.71875 0.28125 0.0593454
0.5 0.25 -0.0507381
0.5 0.21875 -0.0210788
0.53125 0.21875 -0.0147192
0.53125 0.25 -0.0413529
0.5 0.25 -0.0507381
0.5 0.21875 -0.0210788
0.5 0.1875 0.00981954
0.53125 0.1875 0.014293
0.53125 0.21875 -0.0147192
0.5 0.21875 -0.0210788
0.53125 0.25 -0.0413529
0.53125 0.21875 -0.0147192
0.5625 0.21875 -0.000113781
0.5625 0.25 -0.0246039
0.53125 0.25 -0.0413529
0.53125 0.21875 -0.0147192
0.53125 0.1875 0.014293
0.5625 0.1875 0.0268564
0.5625 0.21875 -0.000113781
0.53125 0.21875 -0.0147192
0.5 0.1875 0.00981954
0.5 0.15625 0.0410653
0.53125 0.15625 0.0445981
0.53125 0.1875 0.014293
0.5 0.1875 0.00981954
0.5 0.15625 0.0410653
0.5 0.125 0.0723069
0.53125 0.125 0.0752127
0.53125 0.15625 0.0445981
0.5 0.15625 0.0410653
0.53125 0.1875 0.014293
0.53125 0.15625 0.0445981
0.5625 0.15625 0.0550635
0.5625 0.1875 0.0268564
0.53125 0.1875 0.014293
0.53125 0.15625 0.0445981
0.53125 0.125 0.0752127
0.5625 0.125 0.0840447
0.5625 0.15625 0.0550635
0.53125 0.15625 0.0445981
0.5625 0.25 -0.0246039
0.5625 0.21875 -0.000113781
0.59375 0.21875 0.0187922
0.59375 0.25 -0.00494752
0.5625 0.25 -0.0246039
0.5625 0.21875 -0.000113781
0.5625 0.1875 0.0268564
0.59375 0.1875 0.043701
0.59375 0.21875 0.0187922
0.5625 0.21875 -0.000113781
0.59375 0.25 -0.00494752
0.59375 0.21875 0.0187922
0.625 0.21875 0.039288
0.625 0.25 0.0162459
0.59375 0.25 -0.00494752
0.59375 0.21875 0.0187922
0.59375 0.1875 0.043701
0.625 0.1875 0.0630142
0.625 0.21875 0.039288
0.59375 0.21875 0.0187922
0.5625 0.1875 0.0268564
0.5625 0.15625 0.0550635
0.59375 0.15625 0.069796
0.59375 0.1875 0.043701
0.5625 0.1875 0.0268564
0.5625 0.15625 0.0550635
0.5625 0.125 0.0840447
0.59375 0.125 0.0970205
0.59375 0.15625 0.069796
0.5625 0.15625 0.0550635
0.59375 0.1875 0.043701
0.59375 0.15625 0.069796
0.625 0.15625 0.0876098
0.625 0.1875 0.0630142
0.59375 0.1875 0.043701
0.59375 0.15625 0.069796
0.59375 0.125 0.0970205
0.625 0.125 0.113164
0.625 0.15625 0.0876098
0.59375 0.15625 0.069796
0.5 0.125 0.0723069
0.5 0.09375 0.103539
0.53125 0.09375 0.105951
0.53125 0.125 0.0752127
0.5 0.125 0.0723069
0.5 0.09375 0.103539
0.5 0.0625 0.134752
0.53125 0.0625 0.136837
0.53125 0.09375 0.105951
0.5 0.09375 0.103539
0.53125 0.125 0.0752127
0.53125 0.09375 0.105951
0.5625 0.09375 0.113568
0.5625 0.125 0.0840447
0.53125 0.125 0.0752127
0.53125 0.09375 0.105951
0.53125 0.0625 0.136837
0.5625 0.0625 0.143417
0.5625 0.09375 0.113568
0.53125 0.09375 0.105951
0.5 0.0625 0.134752
0.5 0 0.197206
0.5625 0 0.204342
0.5625 0.0625 0.143417
0.5 0.0625 0.134752
0.5625 0.125 0.0840447
0.5625 0.09375 0.113568
0.59375 0.09375 0.125085
0.59375 0.125 0.0970205
0.5625 0.125 0.0840447
0.5625 0.09375 0.113568
0.5625 0.0625 0.143417
0.59375 0.0625 0.153678
0.59375 0.09375 0.125085
0.5625 0.09375 0.113568
0.59375 0.125 0.0970205
0.59375 0.09375 0.125085
0.625 0.09375 0.139758
0.625 0.125 0.113164
0.59375 0.125 0.0970205
0.59375 0.09375 0.125085
0.59375 0.0625 0.153678
0.625 0.0625 0.167029
0.625 0.09375 0.139758
0.59375 0.09375 0.125085
0.5625 0.0625 0.143417
0.5625 0 0.204342
0.625 0 0.224359
0.625 0.0625 0.167029
0.5625 0.0625 0.143417
0.625 0.25 0.0162459
0.625 0.21875 0.039288
0.65625 0.21875 0.0605094
0.65625 0.25 0.0378592
0.625 0.25 0.0162459
0.625 0.21875 0.039288
0.625 0.1875 0.0630142
0.65625 0.1875 0.0835605
0.65625 0.21875 0.0605094
0.625 0.21875 0.039288
0.65625 0.25 0.0378592
0.65625 0.21875 0.0605094
0.6875 0.21875 0.0820943
0.6875 0.25 0.0596579
0.65625 0.25 0.0378592
0.65625 0.21875 0.0605094
0.65625 0.1875 0.0835605
0.6875 0.1875 0.104764
0.6875 0.21875 0.0820943
0.65625 0.21875 0.0605094
0.625 0.1875 0.0630142
0.625 0.15625 0.0876098
0.65625 0.15625 0.107186
0.65625 0.1875 0.0835605
0.625 0.1875 0.0630142
0.625 0.15625 0.0876098
0.625 0.125 0.113164
0.65625 0.125 0.131533
0.65625 0.15625 0.107186
0.625 0.15625 0.0876098
0.65625 0.1875 0.0835605
0.65625 0.15625 0.107186
0.6875 0.15625 0.127821
0.6875 0.1875 0.104764
0.65625 0.1875 0.0835605
0.65625 0.15625 0.107186
0.65625 0.125 0.131533
0.6875 0.125 0.151374
0.6875 0.15625 0.127821
0.65625 0.15625 0.107186
0.6875 0.25 0.0596579
0.6875 0.21875 0.0820943
0.71875 0.21875 0.103869
0.71875 0.25 0.0815578
0.6875 0.25 0.0596579
0.6875 0.21875 0.0820943
0.6875 0.1875 0.104764
0.71875 0.1875 0.126323
0.71875 0.21875 0.103869
0.6875 0.21875 0.0820943
0.71875 0.25 0.0815578
0.71875 0.21875 0.103869
0.75 0.21875 0.125754
0.75 0.25 0.103541
0.71875 0.25 0.0815578
0.71875 0.21875 0.103869
0.71875 0.1875 0.126323
0.75 0.1875 0.148078
0.75 0.21875 0.125754
0.71875 0.21875 0.103869
0.6875 0.1875 0.104764
0.6875 0.125 0.151374
0.75 0.125 0.193381
0.75 0.1875 0.148078
0.6875 0.1875 0.104764
0.625 0.125 0.113164
0.625 0.0625 0.167029
0.6875 0.0625 0.200593
0.6875 0.125 0.151374
0.625 0.125 0.113164
0.625 0.0625 0.167029
0.625 0 0.224359
0.6875 0 0.253745
0.6875 0.0625 0.200593
0.625 0.0625 0.167029
0.6875 0.125 0.151374
0.6875 0.0625 0.200593
0.75 0.0625 0.24022
0.75 0.125 0.193381
0.6875 0.125 0.151374
0.6875 0.0625 0.200593
0.6875 0 0.253745
0.75 0 0.289986
0.75 0.0625 0.24022
0.6875 0.0625 0.200593
0.75 0.5 -0.0471694
0.75 0.46875 -0.038238
0.78125 0.46875 -0.0111864
0.78125 0.5 -0.0177298
0.75 0.5 -0.0471694
0.75 0.46875 -0.038238
0.75 0.4375 -0.0235591
0.78125 0.4375 0.00109639
0.78125 0.46875 -0.0111864
0.75 0.46875 -0.038238
0.78125 0.5 -0.0177298
0.78125 0.46875 -0.0111864
0.8125 0.46875 0.0178346
0.8125 0.5 0.012732
0.78125 0.5 -0.0177298
0.78125 0.46875 -0.0111864
0.78125 0.4375 0.00109639
0.8125 0.4375 0.0288942
0.8125 0.46875 0.0178346
0.78125 0.46875 -0.0111864
0.75 0.4375 -0.0235591
0.75 0.40625 -0.00511261
0.78125 0.40625 0.0190034
0.78125 0.4375 0.00109639
0.75 0.4375 -0.0235591
0.75 0.40625 -0.00511261
0.75 0.375 0.0158762
0.78125 0.375 0.0390915
0.78125 0.40625 0.0190034
0.75 0.40625 -0.00511261
0.78125 0.4375 0.00109639
0.78125 0.40625 0.0190034
0.8125 0.40625 0.0445187
0.8125 0.4375 0.0288942
0.78125 0.4375 0.00109639
0.78125 0.40625 0.0190034
0.78125 0.375 0.0390915
0.8125 0.375 0.0631513
0.8125 0.40625 0.0445187
0.78125 0.40625 0.0190034
0.8125 0.5 0.012732
0.8125 0.46875 0.0178346
0.84375 0.46875 0.0482138
0.84375 0.5 0.0439743
0.8125 0.5 0.012732
0.8125 0.46875 0.0178346
0.8125 0.4375 0.0288942
0.84375 0.4375 0.0576562
0.84375 0.46875 0.0482138
0.8125 0.46875 0.0178346
0.84375 0.5 0.0439743
0.84375 0.46875 0.0482138
0.875 0.46875 0.0788256
0.875 0.5 0.0752085
0.84375 0.5 0.0439743
0.84375 0.46875 0.0482138
0.84375 0.4375 0.0576562
0.875 0.4375 0.086963
0.875 0.46875 0.0788256
0.84375 0.46875 0.0482138
0.8125 0.4375 0.0288942
0.8125 0.40625 0.0445187
0.84375 0.40625 0.0713073
0.84375 0.4375 0.0576562
0.8125 0.4375 0.0288942
0.8125 0.40625 0.0445187
0.8125 0.375 0.0631513
0.84375 0.375 0.0882079
0.84375 0.40625 0.0713073
0.8125 0.40625 0.0445187
0.84375 0.4375 0.0576562
0.84375 0.40625 0.0713073
0.875 0.40625 0.0989843
0.875 0.4375 0.086963
0.84375 0.4375 0.0576562
0.84375 0.40625 0.0713073
0.84375 0.375 0.0882079
0.875 0.375 0.114234
0.875 0.40625 0.0989843
0.84375 0.40625 0.0713073
0.75 0.375 0.0158762
0.75 0.34375 0.0374908
0.78125 0.34375 0.0601621
0.78125 0.375 0.0390915
0.75 0.375 0.0158762
0.75 0.34375 0.0374908
0.75 0.3125 0.0593839
0.78125 0.3125 0.08175
0.78125 0.34375 0.0601621
0.75 0.34375 0.0374908
0.78125 0.375 0.0390915
0.78125 0.34375 0.0601621
0.8125 0.34375 0.0833582
0.8125 0.375 0.0631513
0.78125 0.375 0.0390915
0.78125 0.34375 0.0601621
0.78125 0.3125 0.08175
0.8125 0.3125 0.104435
0.8125 0.34375 0.0833582
0.78125 0.34375 0.0601621
0.75 0.3125 0.0593839
0.75 0.28125 0.0814173
0.78125 0.28125 0.103611
0.78125 0.3125 0.08175
0.75 0.3125 0.0593839
0.75 0.28125 0.0814173
0.75 0.25 0.103541
0.78125 0.25 0.125625
0.78125 0.28125 0.103611
0.75 0.28125 0.0814173
0.78125 0.3125 0.08175
0.78125 0.28125 0.103611
0.8125 0.28125 0.125996
0.8125 0.3125 0.104435
0.78125 0.3125 0.08175
0.78125 0.28125 0.103611
0.78125 0.25 0.125625
0.8125 0.25 0.14784
0.8125 0.28125 0.125996
0.78125 0.28125 0.103611
0.8125 0.375 0.0631513
0.8125 0.34375 0.0833582
0.84375 0.34375 0.107252
0.84375 0.375 0.0882079
0.8125 0.375 0.0631513
0.8125 0.34375 0.0833582
0.8125 0.3125 0.104435
0.84375 0.3125 0.127617
0.84375 0.34375 0.107252
0.8125 0.34375 0.0833582
0.84375 0.375 0.0882079
0.84375 0.34375 0.107252
0.875 0.34375 0.131953
0.875 0.375 0.114234
0.84375 0.375 0.0882079
0.84375 0.34375 0.107252
0.84375 0.3125 0.127617
0.875 0.3125 0.151392
0.875 0.34375 0.131953
0.84375 0.34375 0.107252
0.8125 0.3125 0.104435
0.8125 0.25 0.14784
0.875 0.25 0.19311
0.875 0.3125 0.151392
0.8125 0.3125 0.104435
0.875 0.5 0.0752085
0.875 0.46875 0.0788256
0.90625 0.46875 0.109532
0.90625 0.5 0.106426
0.875 0.5 0.0752085
0.875 0.46875 0.0788256
0.875 0.4375 0.086963
0.90625 0.4375 0.116669
0.90625 0.46875 0.109532
0.875 0.46875 0.0788256
0.90625 0.5 0.106426
0.90625 0.46875 0.109532
0.9375 0.46875 0.14035
0.9375 0.5 0.137618
0.90625 0.5 0.106426
0.90625 0.46875 0.109532
0.90625 0.4375 0.116669
0.9375 0.4375 0.146646
0.9375 0.46875 0.14035
0.90625 0.46875 0.109532
0.875 0.4375 0.086963
0.875 0.40625 0.0989843
0.90625 0.40625 0.1274
0.90625 0.4375 0.116669
0.875 0.4375 0.086963
0.875 0.40625 0.0989843
0.875 0.375 0.114234
0.90625 0.375 0.141275
0.90625 0.40625 0.1274
0.875 0.40625 0.0989843
0.90625 0.4375 0.116669
0.90625 0.40625 0.1274
0.9375 0.40625 0.156292
0.9375 0.4375 0.146646
0.90625 0.4375 0.116669
0.90625 0.40625 0.1274
0.90625 0.375 0.141275
0.9375 0.375 0.168952
0.9375 0.40625 0.156292
0.90625 0.40625 0.1274
0.9375 0.5 0.137618
0.9375 0.4375 0.146646
1 0.4375 0.207623
1 0.5 0.200054
0.9375 0.5 0.137618
0.9375 0.4375 0.146646
0.9375 0.375 0.168952
1 0.375 0.226754
1 0.4375 0.207623
0.9375 0.4375 0.146646
0.875 0.375 0.114234
0.875 0.3125 0.151392
0.9375 0.3125 0.201216
0.9375 0.375 0.168952
0.875 0.375 0.114234
0.875 0.3125 0.151392
0.875 0.25 0.19311
0.9375 0.25 0.240185
0.9375 0.3125 0.201216
0.875 0.3125 0.151392
0.9375 0.375 0.168952
0.9375 0.3125 0.201216
1 0.3125 0.254973
1 0.375 0.226754
0.9375 0.375 0.168952
0.9375 0.3125 0.201216
0.9375 0.25 0.240185
1 0.25 0.290396
1 0.3125 0.254973
0.9375 0.3125 0.201216
0.75 0.25 0.103541
0.75 0.1875 0.148078
0.8125 0.1875 0.191915
0.8125 0.25 0.14784
0.75 0.25 0.103541
0.75 0.1875 0.148078
0.75 0.125 0.193381
0.8125 0.125 0.236541
0.8125 0.1875 0.191915
0.75 0.1875 0.148078
0.8125 0.25 0.14784
0.8125 0.1875 0.191915
0.875 0.1875 0.236375
0.875 0.25 0.19311
0.8125 0.25 0.14784
0.8125 0.1875 0.191915
0.8125 0.125 0.236541
0.875 0.125 0.280326
0.875 0.1875 0.236375
0.8125 0.1875 0.191915
0.75 0.125 0.193381
0.75 0 0.289986
0.875 0 0.371807
0.875 0.125 0.280326
0.75 0.125 0.193381
0.875 0.25 0.19311
0.875 0.125 0.280326
1 0.125 0.372045
1 0.25 0.290396
0.875 0.25 0.19311
0.875 0.125 0.280326
0.875 0 0.371807
1 0 0.460324
1 0.125 0.372045
0.875 0.125 0.280326
