0 1 0.453712
0 0.875 0.357358
0.125 0.875 0.269627
0.125 1 0.374043
0 1 0.453712
0 0.875 0.357358
0 0.8125 0.314438
0.0625 0.8125 0.263878
0.0625 0.875 0.310481
0 0.875 0.357358
0 0.8125 0.314438
0 0.75 0.27558
0.0625 0.75 0.22127
0.0625 0.8125 0.263878
0 0.8125 0.314438
0.0625 0.875 0.310481
0.0625 0.8125 0.263878
0.125 0.8125 0.219441
0.125 0.875 0.269627
0.0625 0.875 0.310481
0.0625 0.8125 0.263878
0.0625 0.75 0.22127
0.125 0.75 0.171378
0.125 0.8125 0.219441
0.0625 0.8125 0.263878
0.125 1 0.374043
0.125 0.875 0.269627
0.25 0.875 0.200194
0.25 1 0.308495
0.125 1 0.374043
0.125 0.875 0.269627
0.125 0.8125 0.219441
0.1875 0.8125 0.180545
0.1875 0.875 0.233308
0.125 0.875 0.269627
0.125 0.8125 0.219441
0.125 0.75 0.171378
0.1875 0.75 0.128803
0.1875 0.8125 0.180545
0.125 0.8125 0.219441
0.1875 0.875 0.233308
0.1875 0.8125 0.180545
0.25 0.8125 0.146386
0.25 0.875 0.200194
0.1875 0.875 0.233308
0.1875 0.8125 0.180545
0.1875 0.75 0.128803
0.25 0.75 0.0928971
0.25 0.8125 0.146386
0.1875 0.8125 0.180545
0 0.75 0.27558
0 0.6875 0.242104
0.0625 0.6875 0.184149
0.0625 0.75 0.22127
0 0.75 0.27558
0 0.6875 0.242104
0 0.625 0.21545
0.0625 0.625 0.154077
0.0625 0.6875 0.184149
0 0.6875 0.242104
0.0625 0.75 0.22127
0.0625 0.6875 0.184149
0.125 0.6875 0.129159
0.125 0.75 0.171378
0.0625 0.75 0.22127
0.0625 0.6875 0.184149
0.0625 0.625 0.154077
0.125 0.625 0.0949763
0.125 0.6875 0.129159
0.0625 0.6875 0.184149
0 0.625 0.21545
0 0.5625 0.19884
0.0625 0.5625 0.136322
0.0625 0.625 0.154077
0 0.625 0.21545
0 0.5625 0.19884
0 0.5 0.20407
0.0625 0.5 0.142715
0.0625 0.5625 0.136322
0 0.5625 0.19884
0.0625 0.625 0.154077
0.0625 0.59375 0.143582
0.09375 0.59375 0.112925
0.09375 0.625 0.124377
0.0625 0.625 0.154077
0.0625 0.59375 0.143582
0.0625 0.5625 0.136322
0.09375 0.5625 0.105076
0.09375 0.59375 0.112925
0.0625 0.59375 0.143582
0.09375 0.625 0.124377
0.09375 0.59375 0.112925
0.125 0.59375 0.0823362
0.125 0.625 0.0949763
0.09375 0.625 0.124377
0.09375 0.59375 0.112925
0.09375 0.5625 0.105076
0.125 0.5625 0.0738397
0.125 0.59375 0.0823362
0.09375 0.59375 0.112925
0.0625 0.5625 0.136322
0.0625 0.53125 0.137317
0.09375 0.53125 0.106312
0.09375 0.5625 0.105076
0.0625 0.5625 0.136322
0.0625 0.53125 0.137317
0.0625 0.5 0.142715
0.09375 0.5 0.112476
0.09375 0.53125 0.106312
0.0625 0.53125 0.137317
0.09375 0.5625 0.105076
0.09375 0.53125 0.106312
0.125 0.53125 0.075362
0.125 0.5625 0.0738397
0.09375 0.5625 0.105076
0.09375 0.53125 0.106312
0.09375 0.5 0.112476
0.125 0.5 0.0824411
0.125 0.53125 0.075362
0.09375 0.53125 0.106312
0.125 0.75 0.171378
0.125 0.71875 0.149451
0.15625 0.71875 0.125953
0.15625 0.75 0.149285
0.125 0.75 0.171378
0.125 0.71875 0.149451
0.125 0.6875 0.129159
0.15625 0.6875 0.103948
0.15625 0.71875 0.125953
0.125 0.71875 0.149451
0.15625 0.75 0.149285
0.15625 0.71875 0.125953
0.1875 0.71875 0.103913
0.1875 0.75 0.128803
0.15625 0.75 0.149285
0.15625 0.71875 0.125953
0.15625 0.6875 0.103948
0.1875 0.6875 0.0801138
0.1875 0.71875 0.103913
0.15625 0.71875 0.125953
0.125 0.6875 0.129159
0.125 0.65625 0.110811
0.15625 0.65625 0.0837509
0.15625 0.6875 0.103948
0.125 0.6875 0.129159
0.125 0.65625 0.110811
0.125 0.625 0.0949763
0.15625 0.625 0.0660278
0.15625 0.65625 0.0837509
0.125 0.65625 0.110811
0.15625 0.6875 0.103948
0.15625 0.65625 0.0837509
0.1875 0.65625 0.0577848
0.1875 0.6875 0.0801138
0.15625 0.6875 0.103948
0.15625 0.65625 0.0837509
0.15625 0.625 0.0660278
0.1875 0.625 0.0377107
0.1875 0.65625 0.0577848
0.15625 0.65625 0.0837509
0.1875 0.75 0.128803
0.1875 0.71875 0.103913
0.21875 0.71875 0.084187
0.21875 0.75 0.110081
0.1875 0.75 0.128803
0.1875 0.71875 0.103913
0.1875 0.6875 0.0801138
0.21875 0.6875 0.0587112
0.21875 0.71875 0.084187
0.1875 0.71875 0.103913
0.21875 0.75 0.110081
0.21875 0.71875 0.084187
0.25 0.71875 0.0663122
0.25 0.75 0.0928971
0.21875 0.75 0.110081
0.21875 0.71875 0.084187
0.21875 0.6875 0.0587112
0.25 0.6875 0.0399359
0.25 0.71875 0.0663122
0.21875 0.71875 0.084187
0.1875 0.6875 0.0801138
0.1875 0.65625 0.0577848
0.21875 0.65625 0.0340649
0.21875 0.6875 0.0587112
0.1875 0.6875 0.0801138
0.1875 0.65625 0.0577848
0.1875 0.625 0.0377107
0.21875 0.625 0.0107387
0.21875 0.65625 0.0340649
0.1875 0.65625 0.0577848
0.21875 0.6875 0.0587112
0.21875 0.65625 0.0340649
0.25 0.65625 0.0138498
0.25 0.6875 0.0399359
0.21875 0.6875 0.0587112
0.21875 0.65625 0.0340649
0.21875 0.625 0.0107387
0.25 0.625 -0.0112518
0.25 0.65625 0.0138498
0.21875 0.65625 0.0340649
0.125 0.625 0.0949763
0.125 0.59375 0.0823362
0.15625 0.59375 0.0517995
0.15625 0.625 0.0660278
0.125 0.625 0.0949763
0.125 0.59375 0.0823362
0.125 0.5625 0.0738397
0.15625 0.5625 0.0426006
0.15625 0.59375 0.0517995
0.125 0.59375 0.0823362
0.15625 0.625 0.0660278
0.15625 0.59375 0.0517995
0.1875 0.59375 0.0212996
0.1875 0.625 0.0377107
0.15625 0.625 0.0660278
0.15625 0.59375 0.0517995
0.15625 0.5625 0.0426006
0.1875 0.5625 0.0113561
0.1875 0.59375 0.0212996
0.15625 0.59375 0.0517995
0.125 0.5625 0.0738397
0.125 0.53125 0.075362
0.15625 0.53125 0.0444584
0.15625 0.5625 0.0426006
0.125 0.5625 0.0738397
0.125 0.53125 0.075362
0.125 0.5 0.0824411
0.15625 0.5 0.0527174
0.15625 0.53125 0.0444584
0.125 0.53125 0.075362
0.15625 0.5625 0.0426006
0.15625 0.53125 0.0444584
0.1875 0.53125 0.0136877
0.1875 0.5625 0.0113561
0.15625 0.5625 0.0426006
0.15625 0.53125 0.0444584
0.15625 0.5 0.0527174
0.1875 0.5 0.0233688
0.1875 0.53125 0.0136877
0.15625 0.53125 0.0444584
0.1875 0.625 0.0377107
0.1875 0.59375 0.0212996
0.21875 0.59375 -0.00798809
0.21875 0.625 0.0107387
0.1875 0.625 0.0377107
0.1875 0.59375 0.0212996
0.1875 0.5625 0.0113561
0.21875 0.5625 -0.0193555
0.21875 0.59375 -0.00798809
0.1875 0.59375 0.0212996
0.21875 0.625 0.0107387
0.21875 0.59375 -0.00798809
0.25 0.59375 -0.033388
0.25 0.625 -0.0112518
0.21875 0.625 0.0107387
0.21875 0.59375 -0.00798809
0.21875 0.5625 -0.0193555
0.25 0.5625 -0.048812
0.25 0.59375 -0.033388
0.21875 0.59375 -0.00798809
0.1875 0.5625 0.0113561
0.1875 0.53125 0.0136877
0.21875 0.53125 -0.0159133
0.21875 0.5625 -0.0193555
0.1875 0.5625 0.0113561
0.1875 0.53125 0.0136877
0.1875 0.5 0.0233688
0.21875 0.5 -0.00521978
0.21875 0.53125 -0.0159133
0.1875 0.53125 0.0136877
0.21875 0.5625 -0.0193555
0.21875 0.53125 -0.0159133
0.25 0.53125 -0.0444035
0.25 0.5625 -0.048812
0.21875 0.5625 -0.0193555
0.21875 0.53125 -0.0159133
0.21875 0.5 -0.00521978
0.25 0.5 -0.0326901
0.25 0.53125 -0.0444035
0.21875 0.53125 -0.0159133
0.25 1 0.308495
0.25 0.9375 0.254247
0.3125 0.9375 0.223158
0.3125 1 0.27813
0.25 1 0.308495
0.25 0.9375 0.254247
0.25 0.875 0.200194
0.3125 0.875 0.168518
0.3125 0.9375 0.223158
0.25 0.9375 0.254247
0.3125 1 0.27813
0.3125 0.9375 0.223158
0.375 0.9375 0.192988
0.375 1 0.249073
0.3125 1 0.27813
0.3125 0.9375 0.223158
0.3125 0.875 0.168518
0.375 0.875 0.137453
0.375 0.9375 0.192988
0.3125 0.9375 0.223158
0.25 0.875 0.200194
0.25 0.8125 0.146386
0.3125 0.8125 0.114468
0.3125 0.875 0.168518
0.25 0.875 0.200194
0.25 0.8125 0.146386
0.25 0.78125 0.119588
0.28125 0.78125 0.103422
0.28125 0.8125 0.130335
0.25 0.8125 0.146386
0.25 0.78125 0.119588
0.25 0.75 0.0928971
0.28125 0.75 0.0765396
0.28125 0.78125 0.103422
0.25 0.78125 0.119588
0.28125 0.8125 0.130335
0.28125 0.78125 0.103422
0.3125 0.78125 0.0875049
0.3125 0.8125 0.114468
0.28125 0.8125 0.130335
0.28125 0.78125 0.103422
0.28125 0.75 0.0765396
0.3125 0.75 0.0605653
0.3125 0.78125 0.0875049
0.28125 0.78125 0.103422
0.3125 0.875 0.168518
0.3125 0.84375 0.141466
0.34375 0.84375 0.125751
0.34375 0.875 0.152907
0.3125 0.875 0.168518
0.3125 0.84375 0.141466
0.3125 0.8125 0.114468
0.34375 0.8125 0.0986815
0.34375 0.84375 0.125751
0.3125 0.84375 0.141466
0.34375 0.875 0.152907
0.34375 0.84375 0.125751
0.375 0.84375 0.110137
0.375 0.875 0.137453
0.34375 0.875 0.152907
0.34375 0.84375 0.125751
0.34375 0.8125 0.0986815
0.375 0.8125 0.0829549
0.375 0.84375 0.110137
0.34375 0.84375 0.125751
0.3125 0.8125 0.114468
0.3125 0.78125 0.0875049
0.34375 0.78125 0.0716775
0.34375 0.8125 0.0986815
0.3125 0.8125 0.114468
0.3125 0.78125 0.0875049
0.3125 0.75 0.0605653
0.34375 0.75 0.0447106
0.34375 0.78125 0.0716775
0.3125 0.78125 0.0875049
0.34375 0.8125 0.0986815
0.34375 0.78125 0.0716775
0.375 0.78125 0.0558898
0.375 0.8125 0.0829549
0.34375 0.8125 0.0986815
0.34375 0.78125 0.0716775
0.34375 0.75 0.0447106
0.375 0.75 0.028883
0.375 0.78125 0.0558898
0.34375 0.78125 0.0716775
0.375 1 0.249073
0.375 0.9375 0.192988
0.4375 0.9375 0.164816
0.4375 1 0.223077
0.375 1 0.249073
0.375 0.9375 0.192988
0.375 0.875 0.137453
0.4375 0.875 0.107798
0.4375 0.9375 0.164816
0.375 0.9375 0.192988
0.4375 1 0.223077
0.4375 0.9375 0.164816
0.5 0.9375 0.143041
0.5 1 0.204114
0.4375 1 0.223077
0.4375 0.9375 0.164816
0.4375 0.90625 0.13617
0.46875 0.90625 0.123424
0.46875 0.9375 0.152808
0.4375 0.9375 0.164816
0.4375 0.90625 0.13617
0.4375 0.875 0.107798
0.46875 0.875 0.0943278
0.46875 0.90625 0.123424
0.4375 0.90625 0.13617
0.46875 0.9375 0.152808
0.46875 0.90625 0.123424
0.5 0.90625 0.112841
0.5 0.9375 0.143041
0.46875 0.9375 0.152808
0.46875 0.90625 0.123424
0.46875 0.875 0.0943278
0.5 0.875 0.0828395
0.5 0.90625 0.112841
0.46875 0.90625 0.123424
0.375 0.875 0.137453
0.375 0.84375 0.110137
0.40625 0.84375 0.094735
0.40625 0.875 0.122332
0.375 0.875 0.137453
0.375 0.84375 0.110137
0.375 0.8125 0.0829549
0.40625 0.8125 0.0673469
0.40625 0.84375 0.094735
0.375 0.84375 0.110137
0.40625 0.875 0.122332
0.40625 0.84375 0.094735
0.4375 0.84375 0.0797343
0.4375 0.875 0.107798
0.40625 0.875 0.122332
0.40625 0.84375 0.094735
0.40625 0.8125 0.0673469
0.4375 0.8125 0.0519782
0.4375 0.84375 0.0797343
0.40625 0.84375 0.094735
0.375 0.8125 0.0829549
0.375 0.78125 0.0558898
0.40625 0.78125 0.0401492
0.40625 0.8125 0.0673469
0.375 0.8125 0.0829549
0.375 0.78125 0.0558898
0.375 0.75 0.028883
0.40625 0.75 0.0130723
0.40625 0.78125 0.0401492
0.375 0.78125 0.0558898
0.40625 0.8125 0.0673469
0.40625 0.78125 0.0401492
0.4375 0.78125 0.0244957
0.4375 0.8125 0.0519782
0.40625 0.8125 0.0673469
0.40625 0.78125 0.0401492
0.40625 0.75 0.0130723
0.4375 0.75 -0.00268808
0.4375 0.78125 0.0244957
0.40625 0.78125 0.0401492
0.4375 0.875 0.107798
0.4375 0.84375 0.0797343
0.46875 0.84375 0.065545
0.46875 0.875 0.0943278
0.4375 0.875 0.107798
0.4375 0.84375 0.0797343
0.4375 0.8125 0.0519782
0.46875 0.8125 0.0371158
0.46875 0.84375 0.065545
0.4375 0.84375 0.0797343
0.46875 0.875 0.0943278
0.46875 0.84375 0.065545
0.5 0.84375 0.0530804
0.5 0.875 0.0828395
0.46875 0.875 0.0943278
0.46875 0.84375 0.065545
0.46875 0.8125 0.0371158
0.5 0.8125 0.0236315
0.5 0.84375 0.0530804
0.46875 0.84375 0.065545
0.4375 0.8125 0.0519782
0.4375 0.78125 0.0244957
0.46875 0.78125 0.00907526
0.46875 0.8125 0.0371158
0.4375 0.8125 0.0519782
0.4375 0.78125 0.0244957
0.4375 0.75 -0.00268808
0.46875 0.75 -0.0182353
0.46875 0.78125 0.00907526
0.4375 0.78125 0.0244957
0.46875 0.8125 0.0371158
0.46875 0.78125 0.00907526
0.5 0.78125 -0.0052712
0.5 0.8125 0.0236315
0.46875 0.8125 0.0371158
0.46875 0.78125 0.00907526
0.46875 0.75 -0.0182353
0.5 0.75 -0.0331055
0.5 0.78125 -0.0052712
0.46875 0.78125 0.00907526
0.25 0.75 0.0928971
0.25 0.71875 0.0663122
0.28125 0.71875 0.0496978
0.28125 0.75 0.0765396
0.25 0.75 0.0928971
0.25 0.71875 0.0663122
0.25 0.6875 0.0399359
0.28125 0.6875 0.0229161
0.28125 0.71875 0.0496978
0.25 0.71875 0.0663122
0.28125 0.75 0.0765396
0.28125 0.71875 0.0496978
0.3125 0.71875 0.0336381
0.3125 0.75 0.0605653
0.28125 0.75 0.0765396
0.28125 0.71875 0.0496978
0.28125 0.6875 0.0229161
0.3125 0.6875 0.00672399
0.3125 0.71875 0.0336381
0.28125 0.71875 0.0496978
0.25 0.6875 0.0399359
0.25 0.65625 0.0138498
0.28125 0.65625 -0.00373335
0.28125 0.6875 0.0229161
0.25 0.6875 0.0399359
0.25 0.65625 0.0138498
0.25 0.625 -0.0112518
0.28125 0.625 -0.0297775
0.28125 0.65625 -0.00373335
0.25 0.65625 0.0138498
0.28125 0.6875 0.0229161
0.28125 0.65625 -0.00373335
0.3125 0.65625 -0.0200862
0.3125 0.6875 0.00672399
0.28125 0.6875 0.0229161
0.28125 0.65625 -0.00373335
0.28125 0.625 -0.0297775
0.3125 0.625 -0.0466907
0.3125 0.65625 -0.0200862
0.28125 0.65625 -0.00373335
0.3125 0.75 0.0605653
0.3125 0.71875 0.0336381
0.34375 0.71875 0.0177644
0.34375 0.75 0.0447106
0.3125 0.75 0.0605653
0.3125 0.71875 0.0336381
0.3125 0.6875 0.00672399
0.34375 0.6875 -0.00917001
0.34375 0.71875 0.0177644
0.3125 0.71875 0.0336381
0.34375 0.75 0.0447106
0.34375 0.71875 0.0177644
0.375 0.71875 0.00192718
0.375 0.75 0.028883
0.34375 0.75 0.0447106
0.34375 0.71875 0.0177644
0.34375 0.6875 -0.00917001
0.375 0.6875 -0.0250175
0.375 0.71875 0.00192718
0.34375 0.71875 0.0177644
0.3125 0.6875 0.00672399
0.3125 0.65625 -0.0200862
0.34375 0.65625 -0.0360709
0.34375 0.6875 -0.00917001
0.3125 0.6875 0.00672399
0.3125 0.65625 -0.0200862
0.3125 0.625 -0.0466907
0.34375 0.625 -0.0629008
0.34375 0.65625 -0.0360709
0.3125 0.65625 -0.0200862
0.34375 0.6875 -0.00917001
0.34375 0.65625 -0.0360709
0.375 0.65625 -0.0519495
0.375 0.6875 -0.0250175
0.34375 0.6875 -0.00917001
0.34375 0.65625 -0.0360709
0.34375 0.625 -0.0629008
0.375 0.625 -0.0788569
0.375 0.65625 -0.0519495
0.34375 0.65625 -0.0360709
0.25 0.625 -0.0112518
0.25 0.59375 -0.033388
0.28125 0.59375 -0.0546219
0.28125 0.625 -0.0297775
0.25 0.625 -0.0112518
0.25 0.59375 -0.033388
0.25 0.5625 -0.048812
0.28125 0.5625 -0.0753455
0.28125 0.59375 -0.0546219
0.25 0.59375 -0.033388
0.28125 0.625 -0.0297775
0.28125 0.59375 -0.0546219
0.3125 0.59375 -0.0728352
0.3125 0.625 -0.0466907
0.28125 0.625 -0.0297775
0.28125 0.59375 -0.0546219
0.28125 0.5625 -0.0753455
0.3125 0.5625 -0.0974588
0.3125 0.59375 -0.0728352
0.28125 0.59375 -0.0546219
0.25 0.5625 -0.048812
0.25 0.53125 -0.0444035
0.28125 0.53125 -0.0726122
0.28125 0.5625 -0.0753455
0.25 0.5625 -0.048812
0.25 0.53125 -0.0444035
0.25 0.5 -0.0326901
0.28125 0.5 -0.0600483
0.28125 0.53125 -0.0726122
0.25 0.53125 -0.0444035
0.28125 0.5625 -0.0753455
0.28125 0.53125 -0.0726122
0.3125 0.53125 -0.100593
0.3125 0.5625 -0.0974588
0.28125 0.5625 -0.0753455
0.28125 0.53125 -0.0726122
0.28125 0.5 -0.0600483
0.3125 0.5 -0.0873115
0.3125 0.53125 -0.100593
0.28125 0.53125 -0.0726122
0.3125 0.625 -0.0466907
0.3125 0.59375 -0.0728352
0.34375 0.59375 -0.0895655
0.34375 0.625 -0.0629008
0.3125 0.625 -0.0466907
0.3125 0.59375 -0.0728352
0.3125 0.5625 -0.0974588
0.34375 0.5625 -0.115733
0.34375 0.59375 -0.0895655
0.3125 0.59375 -0.0728352
0.34375 0.625 -0.0629008
0.34375 0.59375 -0.0895655
0.375 0.59375 -0.105708
0.375 0.625 -0.0788569
0.34375 0.625 -0.0629008
0.34375 0.59375 -0.0895655
0.34375 0.5625 -0.115733
0.375 0.5625 -0.132401
0.375 0.59375 -0.105708
0.34375 0.59375 -0.0895655
0.3125 0.5625 -0.0974588
0.3125 0.53125 -0.100593
0.34375 0.53125 -0.128375
0.34375 0.5625 -0.115733
0.3125 0.5625 -0.0974588
0.3125 0.53125 -0.100593
0.3125 0.5 -0.0873115
0.34375 0.5 -0.114504
0.34375 0.53125 -0.128375
0.3125 0.53125 -0.100593
0.34375 0.5625 -0.115733
0.34375 0.53125 -0.128375
0.375 0.53125 -0.154074
0.375 0.5625 -0.132401
0.34375 0.5625 -0.115733
0.34375 0.53125 -0.128375
0.34375 0.5 -0.114504
0.375 0.5 -0.141628
0.375 0.53125 -0.154074
0.34375 0.53125 -0.128375
0.375 0.75 0.028883
0.375 0.71875 0.00192718
0.40625 0.71875 -0.0138912
0.40625 0.75 0.0130723
0.375 0.75 0.028883
0.375 0.71875 0.00192718
0.375 0.6875 -0.0250175
0.40625 0.6875 -0.0408455
0.40625 0.71875 -0.0138912
0.375 0.71875 0.00192718
0.40625 0.75 0.0130723
0.40625 0.71875 -0.0138912
0.4375 0.71875 -0.0296761
0.4375 0.75 -0.00268808
0.40625 0.75 0.0130723
0.40625 0.71875 -0.0138912
0.40625 0.6875 -0.0408455
0.4375 0.6875 -0.0566484
0.4375 0.71875 -0.0296761
0.40625 0.71875 -0.0138912
0.375 0.6875 -0.0250175
0.375 0.65625 -0.0519495
0.40625 0.65625 -0.0677927
0.40625 0.6875 -0.0408455
0.375 0.6875 -0.0250175
0.375 0.65625 -0.0519495
0.375 0.625 -0.0788569
0.40625 0.625 -0.0947282
0.40625 0.65625 -0.0677927
0.375 0.65625 -0.0519495
0.40625 0.6875 -0.0408455
0.40625 0.65625 -0.0677927
0.4375 0.65625 -0.0836108
0.4375 0.6875 -0.0566484
0.40625 0.6875 -0.0408455
0.40625 0.65625 -0.0677927
0.40625 0.625 -0.0947282
0.4375 0.625 -0.110565
0.4375 0.65625 -0.0836108
0.40625 0.65625 -0.0677927
0.4375 0.75 -0.00268808
0.4375 0.71875 -0.0296761
0.46875 0.71875 -0.0453427
0.46875 0.75 -0.0182353
0.4375 0.75 -0.00268808
0.4375 0.71875 -0.0296761
0.4375 0.6875 -0.0566484
0.46875 0.6875 -0.0723822
0.46875 0.71875 -0.0453427
0.4375 0.71875 -0.0296761
0.46875 0.75 -0.0182353
0.46875 0.71875 -0.0453427
0.5 0.71875 -0.0606035
0.5 0.75 -0.0331055
0.46875 0.75 -0.0182353
0.46875 0.71875 -0.0453427
0.46875 0.6875 -0.0723822
0.5 0.6875 -0.087875
0.5 0.71875 -0.0606035
0.46875 0.71875 -0.0453427
0.4375 0.6875 -0.0566484
0.4375 0.65625 -0.0836108
0.46875 0.65625 -0.0993847
0.46875 0.6875 -0.0723822
0.4375 0.6875 -0.0566484
0.4375 0.65625 -0.0836108
0.4375 0.625 -0.110565
0.46875 0.625 -0.126363
0.46875 0.65625 -0.0993847
0.4375 0.65625 -0.0836108
0.46875 0.6875 -0.0723822
0.46875 0.65625 -0.0993847
0.5 0.65625 -0.115022
0.5 0.6875 -0.087875
0.46875 0.6875 -0.0723822
0.46875 0.65625 -0.0993847
0.46875 0.625 -0.126363
0.5 0.625 -0.142075
0.5 0.65625 -0.115022
0.46875 0.65625 -0.0993847
0.375 0.625 -0.0788569
0.375 0.59375 -0.105708
0.40625 0.59375 -0.121642
0.40625 0.625 -0.0947282
0.375 0.625 -0.0788569
0.375 0.59375 -0.105708
0.375 0.5625 -0.132401
0.40625 0.5625 -0.148504
0.40625 0.59375 -0.121642
0.375 0.59375 -0.105708
0.40625 0.625 -0.0947282
0.40625 0.59375 -0.121642
0.4375 0.59375 -0.137508
0.4375 0.625 -0.110565
0.40625 0.625 -0.0947282
0.40625 0.59375 -0.121642
0.40625 0.5625 -0.148504
0.4375 0.5625 -0.164428
0.4375 0.59375 -0.137508
0.40625 0.59375 -0.121642
0.375 0.5625 -0.132401
0.375 0.5 -0.141628
0.4375 0.5 -0.195427
0.4375 0.5625 -0.164428
0.375 0.5625 -0.132401
0.4375 0.625 -0.110565
0.4375 0.5625 -0.164428
0.5 0.5625 -0.196091
0.5 0.625 -0.142075
0.4375 0.625 -0.110565
0.4375 0.5625 -0.164428
0.4375 0.5 -0.195427
0.5 0.5 -0.231981
0.5 0.5625 -0.196091
0.4375 0.5625 -0.164428
0 0.5 0.20407
0 0.4375 0.221912
0.0625 0.4375 0.163394
0.0625 0.5 0.142715
0 0.5 0.20407
0 0.4375 0.221912
0 0.375 0.247714
0.0625 0.375 0.19167
0.0625 0.4375 0.163394
0 0.4375 0.221912
0.0625 0.5 0.142715
0.0625 0.46875 0.15165
0.09375 0.46875 0.122382
0.09375 0.5 0.112476
0.0625 0.5 0.142715
0.0625 0.46875 0.15165
0.0625 0.4375 0.163394
0.09375 0.4375 0.134974
0.09375 0.46875 0.122382
0.0625 0.46875 0.15165
0.09375 0.5 0.112476
0.09375 0.46875 0.122382
0.125 0.46875 0.093435
0.125 0.5 0.0824411
0.09375 0.5 0.112476
0.09375 0.46875 0.122382
0.09375 0.4375 0.134974
0.125 0.4375 0.106865
0.125 0.46875 0.093435
0.09375 0.46875 0.122382
0.0625 0.4375 0.163394
0.0625 0.375 0.19167
0.125 0.375 0.136941
0.125 0.4375 0.106865
0.0625 0.4375 0.163394
0 0.375 0.247714
0 0.3125 0.277178
0.0625 0.3125 0.222416
0.0625 0.375 0.19167
0 0.375 0.247714
0 0.3125 0.277178
0 0.25 0.307949
0.0625 0.25 0.253835
0.0625 0.3125 0.222416
0 0.3125 0.277178
0.0625 0.375 0.19167
0.0625 0.3125 0.222416
0.125 0.3125 0.168316
0.125 0.375 0.136941
0.0625 0.375 0.19167
0.0625 0.3125 0.222416
0.0625 0.25 0.253835
0.125 0.25 0.200044
0.125 0.3125 0.168316
0.0625 0.3125 0.222416
0.125 0.5 0.0824411
0.125 0.46875 0.093435
0.15625 0.46875 0.0648953
0.15625 0.5 0.0527174
0.125 0.5 0.0824411
0.125 0.46875 0.093435
0.125 0.4375 0.106865
0.15625 0.4375 0.0791187
0.15625 0.46875 0.0648953
0.125 0.46875 0.093435
0.15625 0.5 0.0527174
0.15625 0.46875 0.0648953
0.1875 0.46875 0.0367948
0.1875 0.5 0.0233688
0.15625 0.5 0.0527174
0.15625 0.46875 0.0648953
0.15625 0.4375 0.0791187
0.1875 0.4375 0.0516523
0.1875 0.46875 0.0367948
0.15625 0.46875 0.0648953
0.125 0.4375 0.106865
0.125 0.40625 0.121588
0.15625 0.40625 0.0942783
0.15625 0.4375 0.0791187
0.125 0.4375 0.106865
0.125 0.40625 0.121588
0.125 0.375 0.136941
0.15625 0.375 0.109841
0.15625 0.40625 0.0942783
0.125 0.40625 0.121588
0.15625 0.4375 0.0791187
0.15625 0.40625 0.0942783
0.1875 0.40625 0.0671188
0.1875 0.4375 0.0516523
0.15625 0.4375 0.0791187
0.15625 0.40625 0.0942783
0.15625 0.375 0.109841
0.1875 0.375 0.0828111
0.1875 0.40625 0.0671188
0.15625 0.40625 0.0942783
0.1875 0.5 0.0233688
0.1875 0.46875 0.0367948
0.21875 0.46875 0.00913627
0.21875 0.5 -0.00521978
0.1875 0.5 0.0233688
0.1875 0.46875 0.0367948
0.1875 0.4375 0.0516523
0.21875 0.4375 0.0244051
0.21875 0.46875 0.00913627
0.1875 0.46875 0.0367948
0.21875 0.5 -0.00521978
0.21875 0.46875 0.00913627
0.25 0.46875 -0.0181063
0.25 0.5 -0.0326901
0.21875 0.5 -0.00521978
0.21875 0.46875 0.00913627
0.21875 0.4375 0.0244051
0.25 0.4375 -0.00268778
0.25 0.46875 -0.0181063
0.21875 0.46875 0.00913627
0.1875 0.4375 0.0516523
0.1875 0.40625 0.0671188
0.21875 0.40625 0.0400614
0.21875 0.4375 0.0244051
0.1875 0.4375 0.0516523
0.1875 0.40625 0.0671188
0.1875 0.375 0.0828111
0.21875 0.375 0.0558257
0.21875 0.40625 0.0400614
0.1875 0.40625 0.0671188
0.21875 0.4375 0.0244051
0.21875 0.40625 0.0400614
0.25 0.40625 0.0130665
0.25 0.4375 -0.00268778
0.21875 0.4375 0.0244051
0.21875 0.40625 0.0400614
0.21875 0.375 0.0558257
0.25 0.375 0.0288668
0.25 0.40625 0.0130665
0.21875 0.40625 0.0400614
0.125 0.375 0.136941
0.125 0.34375 0.152572
0.15625 0.34375 0.125563
0.15625 0.375 0.109841
0.125 0.375 0.136941
0.125 0.34375 0.152572
0.125 0.3125 0.168316
0.15625 0.3125 0.141357
0.15625 0.34375 0.125563
0.125 0.34375 0.152572
0.15625 0.375 0.109841
0.15625 0.34375 0.125563
0.1875 0.34375 0.0985897
0.1875 0.375 0.0828111
0.15625 0.375 0.109841
0.15625 0.34375 0.125563
0.15625 0.3125 0.141357
0.1875 0.3125 0.114421
0.1875 0.34375 0.0985897
0.15625 0.34375 0.125563
0.125 0.3125 0.168316
0.125 0.25 0.200044
0.1875 0.25 0.146332
0.1875 0.3125 0.114421
0.125 0.3125 0.168316
0.1875 0.375 0.0828111
0.1875 0.34375 0.0985897
0.21875 0.34375 0.0716396
0.21875 0.375 0.0558257
0.1875 0.375 0.0828111
0.1875 0.34375 0.0985897
0.1875 0.3125 0.114421
0.21875 0.3125 0.0875017
0.21875 0.34375 0.0716396
0.1875 0.34375 0.0985897
0.21875 0.375 0.0558257
0.21875 0.34375 0.0716396
0.25 0.34375 0.0447067
0.25 0.375 0.0288668
0.21875 0.375 0.0558257
0.21875 0.34375 0.0716396
0.21875 0.3125 0.0875017
0.25 0.3125 0.0605998
0.25 0.34375 0.0447067
0.21875 0.34375 0.0716396
0.1875 0.3125 0.114421
0.1875 0.28125 0.130318
0.21875 0.28125 0.103443
0.21875 0.3125 0.0875017
0.1875 0.3125 0.114421
0.1875 0.28125 0.130318
0.1875 0.25 0.146332
0.21875 0.25 0.119566
0.21875 0.28125 0.103443
0.1875 0.28125 0.130318
0.21875 0.3125 0.0875017
0.21875 0.28125 0.103443
0.25 0.28125 0.0766126
0.25 0.3125 0.0605998
0.21875 0.3125 0.0875017
0.21875 0.28125 0.103443
0.21875 0.25 0.119566
0.25 0.25 0.0929142
0.25 0.28125 0.0766126
0.21875 0.28125 0.103443
0 0.25 0.307949
0 0.125 0.3725
0.125 0.125 0.266695
0.125 0.25 0.200044
0 0.25 0.307949
0 0.125 0.3725
0 0 0.446606
0.125 0 0.345942
0.125 0.125 0.266695
0 0.125 0.3725
0.125 0.25 0.200044
0.125 0.1875 0.23252
0.1875 0.1875 0.179488
0.1875 0.25 0.146332
0.125 0.25 0.200044
0.125 0.1875 0.23252
0.125 0.125 0.266695
0.1875 0.125 0.21552
0.1875 0.1875 0.179488
0.125 0.1875 0.23252
0.1875 0.25 0.146332
0.1875 0.1875 0.179488
0.25 0.1875 0.127554
0.25 0.25 0.0929142
0.1875 0.25 0.146332
0.1875 0.1875 0.179488
0.1875 0.125 0.21552
0.25 0.125 0.166736
0.25 0.1875 0.127554
0.1875 0.1875 0.179488
0.125 0.125 0.266695
0.125 0.0625 0.3037
0.1875 0.0625 0.255592
0.1875 0.125 0.21552
0.125 0.125 0.266695
0.125 0.0625 0.3037
0.125 0 0.345942
0.1875 0 0.302085
0.1875 0.0625 0.255592
0.125 0.0625 0.3037
0.1875 0.125 0.21552
0.1875 0.0625 0.255592
0.25 0.0625 0.211441
0.25 0.125 0.166736
0.1875 0.125 0.21552
0.1875 0.0625 0.255592
0.1875 0 0.302085
0.25 0 0.262654
0.25 0.0625 0.211441
0.1875 0.0625 0.255592
0.25 0.5 -0.0326901
0.25 0.46875 -0.0181063
0.28125 0.46875 -0.0451746
0.28125 0.5 -0.0600483
0.25 0.5 -0.0326901
0.25 0.46875 -0.0181063
0.25 0.4375 -0.00268778
0.28125 0.4375 -0.0296599
0.28125 0.46875 -0.0451746
0.25 0.46875 -0.0181063
0.28125 0.5 -0.0600483
0.28125 0.46875 -0.0451746
0.3125 0.46875 -0.0722144
0.3125 0.5 -0.0873115
0.28125 0.5 -0.0600483
0.28125 0.46875 -0.0451746
0.28125 0.4375 -0.0296599
0.3125 0.4375 -0.056619
0.3125 0.46875 -0.0722144
0.28125 0.46875 -0.0451746
0.25 0.4375 -0.00268778
0.25 0.40625 0.0130665
0.28125 0.40625 -0.0138909
0.28125 0.4375 -0.0296599
0.25 0.4375 -0.00268778
0.25 0.40625 0.0130665
0.25 0.375 0.0288668
0.28125 0.375 0.0019261
0.28125 0.40625 -0.0138909
0.25 0.40625 0.0130665
0.28125 0.4375 -0.0296599
0.28125 0.40625 -0.0138909
0.3125 0.40625 -0.0408271
0.3125 0.4375 -0.056619
0.28125 0.4375 -0.0296599
0.28125 0.40625 -0.0138909
0.28125 0.375 0.0019261
0.3125 0.375 -0.0249878
0.3125 0.40625 -0.0408271
0.28125 0.40625 -0.0138909
0.3125 0.5 -0.0873115
0.3125 0.46875 -0.0722144
0.34375 0.46875 -0.0992254
0.34375 0.5 -0.114504
0.3125 0.5 -0.0873115
0.3125 0.46875 -0.0722144
0.3125 0.4375 -0.056619
0.34375 0.4375 -0.0835578
0.34375 0.46875 -0.0992254
0.3125 0.46875 -0.0722144
0.34375 0.5 -0.114504
0.34375 0.46875 -0.0992254
0.375 0.46875 -0.126201
0.375 0.5 -0.141628
0.34375 0.5 -0.114504
0.34375 0.46875 -0.0992254
0.34375 0.4375 -0.0835578
0.375 0.4375 -0.110456
0.375 0.46875 -0.126201
0.34375 0.46875 -0.0992254
0.3125 0.4375 -0.056619
0.3125 0.40625 -0.0408271
0.34375 0.40625 -0.0677331
0.34375 0.4375 -0.0835578
0.3125 0.4375 -0.056619
0.3125 0.40625 -0.0408271
0.3125 0.375 -0.0249878
0.34375 0.375 -0.0518449
0.34375 0.40625 -0.0677331
0.3125 0.40625 -0.0408271
0.34375 0.4375 -0.0835578
0.34375 0.40625 -0.0677331
0.375 0.40625 -0.0945722
0.375 0.4375 -0.110456
0.34375 0.4375 -0.0835578
0.34375 0.40625 -0.0677331
0.34375 0.375 -0.0518449
0.375 0.375 -0.0785676
0.375 0.40625 -0.0945722
0.34375 0.40625 -0.0677331
0.25 0.375 0.0288668
0.25 0.34375 0.0447067
0.28125 0.34375 0.0177866
0.28125 0.375 0.0019261
0.25 0.375 0.0288668
0.25 0.34375 0.0447067
0.25 0.3125 0.0605998
0.28125 0.3125 0.0337204
0.28125 0.34375 0.0177866
0.25 0.34375 0.0447067
0.28125 0.375 0.0019261
0.28125 0.34375 0.0177866
0.3125 0.34375 -0.00910487
0.3125 0.375 -0.0249878
0.28125 0.375 0.0019261
0.28125 0.34375 0.0177866
0.28125 0.3125 0.0337204
0.3125 0.3125 0.00687855
0.3125 0.34375 -0.00910487
0.28125 0.34375 0.0177866
0.25 0.3125 0.0605998
0.25 0.28125 0.0766126
0.28125 0.28125 0.049846
0.28125 0.3125 0.0337204
0.25 0.3125 0.0605998
0.25 0.28125 0.0766126
0.25 0.25 0.0929142
0.28125 0.25 0.0664297
0.28125 0.28125 0.049846
0.25 0.28125 0.0766126
0.28125 0.3125 0.0337204
0.28125 0.28125 0.049846
0.3125 0.28125 0.0231938
0.3125 0.3125 0.00687855
0.28125 0.3125 0.0337204
0.28125 0.28125 0.049846
0.28125 0.25 0.0664297
0.3125 0.25 0.0402355
0.3125 0.28125 0.0231938
0.28125 0.28125 0.049846
0.3125 0.375 -0.0249878
0.3125 0.34375 -0.00910487
0.34375 0.34375 -0.0358655
0.34375 0.375 -0.0518449
0.3125 0.375 -0.0249878
0.3125 0.34375 -0.00910487
0.3125 0.3125 0.00687855
0.34375 0.3125 -0.0197084
0.34375 0.34375 -0.0358655
0.3125 0.34375 -0.00910487
0.34375 0.375 -0.0518449
0.34375 0.34375 -0.0358655
0.375 0.34375 -0.0623582
0.375 0.375 -0.0785676
0.34375 0.375 -0.0518449
0.34375 0.34375 -0.0358655
0.34375 0.3125 -0.0197084
0.375 0.3125 -0.0457631
0.375 0.34375 -0.0623582
0.34375 0.34375 -0.0358655
0.3125 0.3125 0.00687855
0.3125 0.28125 0.0231938
0.34375 0.28125 -0.00320481
0.34375 0.3125 -0.0197084
0.3125 0.3125 0.00687855
0.3125 0.28125 0.0231938
0.3125 0.25 0.0402355
0.34375 0.25 0.0145204
0.34375 0.28125 -0.00320481
0.3125 0.28125 0.0231938
0.34375 0.3125 -0.0197084
0.34375 0.28125 -0.00320481
0.375 0.28125 -0.0284641
0.375 0.3125 -0.0457631
0.34375 0.3125 -0.0197084
0.34375 0.28125 -0.00320481
0.34375 0.25 0.0145204
0.375 0.25 -0.00992597
0.375 0.28125 -0.0284641
0.34375 0.28125 -0.00320481
0.375 0.5 -0.141628
0.375 0.4375 -0.110456
0.4375 0.4375 -0.163888
0.4375 0.5 -0.195427
0.375 0.5 -0.141628
0.375 0.4375 -0.110456
0.375 0.40625 -0.0945722
0.40625 0.40625 -0.121254
0.40625 0.4375 -0.137268
0.375 0.4375 -0.110456
0.375 0.40625 -0.0945722
0.375 0.375 -0.0785676
0.40625 0.375 -0.104983
0.40625 0.40625 -0.121254
0.375 0.40625 -0.0945722
0.40625 0.4375 -0.137268
0.40625 0.40625 -0.121254
0.4375 0.40625 -0.14755
0.4375 0.4375 -0.163888
0.40625 0.4375 -0.137268
0.40625 0.40625 -0.121254
0.40625 0.375 -0.104983
0.4375 0.375 -0.130653
0.4375 0.40625 -0.14755
0.40625 0.40625 -0.121254
0.4375 0.5 -0.195427
0.4375 0.4375 -0.163888
0.5 0.4375 -0.195797
0.5 0.5 -0.231981
0.4375 0.5 -0.195427
0.4375 0.4375 -0.163888
0.4375 0.375 -0.130653
0.5 0.375 -0.14191
0.5 0.4375 -0.195797
0.4375 0.4375 -0.163888
0.375 0.375 -0.0785676
0.375 0.34375 -0.0623582
0.40625 0.34375 -0.0882663
0.40625 0.375 -0.104983
0.375 0.375 -0.0785676
0.375 0.34375 -0.0623582
0.375 0.3125 -0.0457631
0.40625 0.3125 -0.0707528
0.40625 0.34375 -0.0882663
0.375 0.34375 -0.0623582
0.40625 0.375 -0.104983
0.40625 0.34375 -0.0882663
0.4375 0.34375 -0.112766
0.4375 0.375 -0.130653
0.40625 0.375 -0.104983
0.40625 0.34375 -0.0882663
0.40625 0.3125 -0.0707528
0.4375 0.3125 -0.0933148
0.4375 0.34375 -0.112766
0.40625 0.34375 -0.0882663
0.375 0.3125 -0.0457631
0.375 0.28125 -0.0284641
0.40625 0.28125 -0.0519503
0.40625 0.3125 -0.0707528
0.375 0.3125 -0.0457631
0.375 0.28125 -0.0284641
0.375 0.25 -0.00992597
0.40625 0.25 -0.0312862
0.40625 0.28125 -0.0519503
0.375 0.28125 -0.0284641
0.40625 0.3125 -0.0707528
0.40625 0.28125 -0.0519503
0.4375 0.28125 -0.0715944
0.4375 0.3125 -0.0933148
0.40625 0.3125 -0.0707528
0.40625 0.28125 -0.0519503
0.40625 0.25 -0.0312862
0.4375 0.25 -0.0471631
0.4375 0.28125 -0.0715944
0.40625 0.28125 -0.0519503
0.4375 0.375 -0.130653
0.4375 0.34375 -0.112766
0.46875 0.34375 -0.129527
0.46875 0.375 -0.152746
0.4375 0.375 -0.130653
0.4375 0.34375 -0.112766
0.4375 0.3125 -0.0933148
0.46875 0.3125 -0.101915
0.46875 0.34375 -0.129527
0.4375 0.34375 -0.112766
0.46875 0.375 -0.152746
0.46875 0.34375 -0.129527
0.5 0.34375 -0.114828
0.5 0.375 -0.14191
0.46875 0.375 -0.152746
0.46875 0.34375 -0.129527
0.46875 0.3125 -0.101915
0.5 0.3125 -0.0876582
0.5 0.34375 -0.114828
0.46875 0.34375 -0.129527
0.4375 0.3125 -0.0933148
0.4375 0.28125 -0.0715944
0.46875 0.28125 -0.0739868
0.46875 0.3125 -0.101915
0.4375 0.3125 -0.0933148
0.4375 0.28125 -0.0715944
0.4375 0.25 -0.0471631
0.46875 0.25 -0.0456829
0.46875 0.28125 -0.0739868
0.4375 0.28125 -0.0715944
0.46875 0.3125 -0.101915
0.46875 0.28125 -0.0739868
0.5 0.28125 -0.0603961
0.5 0.3125 -0.0876582
0.46875 0.3125 -0.101915
0.46875 0.28125 -0.0739868
0.46875 0.25 -0.0456829
0.5 0.25 -0.0329854
0.5 0.28125 -0.0603961
0.46875 0.28125 -0.0739868
0.25 0.25 0.0929142
0.25 0.21875 0.109804
0.28125 0.21875 0.0838378
0.28125 0.25 0.0664297
0.25 0.25 0.0929142
0.25 0.21875 0.109804
0.25 0.1875 0.127554
0.28125 0.1875 0.102456
0.28125 0.21875 0.0838378
0.25 0.21875 0.109804
0.28125 0.25 0.0664297
0.28125 0.21875 0.0838378
0.3125 0.21875 0.0584812
0.3125 0.25 0.0402355
0.28125 0.25 0.0664297
0.28125 0.21875 0.0838378
0.28125 0.1875 0.102456
0.3125 0.1875 0.0783398
0.3125 0.21875 0.0584812
0.28125 0.21875 0.0838378
0.25 0.1875 0.127554
0.25 0.15625 0.146485
0.28125 0.15625 0.122552
0.28125 0.1875 0.102456
0.25 0.1875 0.127554
0.25 0.15625 0.146485
0.25 0.125 0.166736
0.28125 0.125 0.144216
0.28125 0.15625 0.122552
0.25 0.15625 0.146485
0.28125 0.1875 0.102456
0.28125 0.15625 0.122552
0.3125 0.15625 0.100055
0.3125 0.1875 0.0783398
0.28125 0.1875 0.102456
0.28125 0.15625 0.122552
0.28125 0.125 0.144216
0.3125 0.125 0.123443
0.3125 0.15625 0.100055
0.28125 0.15625 0.122552
0.3125 0.25 0.0402355
0.3125 0.21875 0.0584812
0.34375 0.21875 0.0339873
0.34375 0.25 0.0145204
0.3125 0.25 0.0402355
0.3125 0.21875 0.0584812
0.3125 0.1875 0.0783398
0.34375 0.1875 0.0555895
0.34375 0.21875 0.0339873
0.3125 0.21875 0.0584812
0.34375 0.25 0.0145204
0.34375 0.21875 0.0339873
0.375 0.21875 0.0110329
0.375 0.25 -0.00992597
0.34375 0.25 0.0145204
0.34375 0.21875 0.0339873
0.34375 0.1875 0.0555895
0.375 0.1875 0.0353349
0.375 0.21875 0.0110329
0.34375 0.21875 0.0339873
0.3125 0.1875 0.0783398
0.3125 0.15625 0.100055
0.34375 0.15625 0.0794296
0.34375 0.1875 0.0555895
0.3125 0.1875 0.0783398
0.3125 0.15625 0.100055
0.3125 0.125 0.123443
0.34375 0.125 0.104867
0.34375 0.15625 0.0794296
0.3125 0.15625 0.100055
0.34375 0.1875 0.0555895
0.34375 0.15625 0.0794296
0.375 0.15625 0.0617637
0.375 0.1875 0.0353349
0.34375 0.1875 0.0555895
0.34375 0.15625 0.0794296
0.34375 0.125 0.104867
0.375 0.125 0.0895073
0.375 0.15625 0.0617637
0.34375 0.15625 0.0794296
0.25 0.125 0.166736
0.25 0.0625 0.211441
0.3125 0.0625 0.174528
0.3125 0.125 0.123443
0.25 0.125 0.166736
0.25 0.0625 0.211441
0.25 0 0.262654
0.3125 0 0.230499
0.3125 0.0625 0.174528
0.25 0.0625 0.211441
0.3125 0.125 0.123443
0.3125 0.0625 0.174528
0.375 0.0625 0.147272
0.375 0.125 0.0895073
0.3125 0.125 0.123443
0.3125 0.0625 0.174528
0.3125 0 0.230499
0.375 0 0.207449
0.375 0.0625 0.147272
0.3125 0.0625 0.174528
0.375 0.25 -0.00992597
0.375 0.21875 0.0110329
0.40625 0.21875 -0.00829018
0.40625 0.25 -0.0312862
0.375 0.25 -0.00992597
0.375 0.21875 0.0110329
0.375 0.1875 0.0353349
0.40625 0.1875 0.0190358
0.40625 0.21875 -0.00829018
0.375 0.21875 0.0110329
0.40625 0.25 -0.0312862
0.40625 0.21875 -0.00829018
0.4375 0.21875 -0.0201088
0.4375 0.25 -0.0471631
0.40625 0.25 -0.0312862
0.40625 0.21875 -0.00829018
0.40625 0.1875 0.0190358
0.4375 0.1875 0.0101588
0.4375 0.21875 -0.0201088
0.40625 0.21875 -0.00829018
0.375 0.1875 0.0353349
0.375 0.15625 0.0617637
0.40625 0.15625 0.0482326
0.40625 0.1875 0.0190358
0.375 0.1875 0.0353349
0.375 0.15625 0.0617637
0.375 0.125 0.0895073
0.40625 0.125 0.0781573
0.40625 0.15625 0.0482326
0.375 0.15625 0.0617637
0.40625 0.1875 0.0190358
0.40625 0.15625 0.0482326
0.4375 0.15625 0.0413806
0.4375 0.1875 0.0101588
0.40625 0.1875 0.0190358
0.40625 0.15625 0.0482326
0.40625 0.125 0.0781573
0.4375 0.125 0.0725947
0.4375 0.15625 0.0413806
0.40625 0.15625 0.0482326
0.4375 0.25 -0.0471631
0.4375 0.21875 -0.0201088
0.46875 0.21875 -0.0169115
0.46875 0.25 -0.0456829
0.4375 0.25 -0.0471631
0.4375 0.21875 -0.0201088
0.4375 0.1875 0.0101588
0.46875 0.1875 0.0128618
0.46875 0.21875 -0.0169115
0.4375 0.21875 -0.0201088
0.46875 0.25 -0.0456829
0.46875 0.21875 -0.0169115
0.5 0.21875 -0.00538797
0.5 0.25 -0.0329854
0.46875 0.25 -0.0456829
0.46875 0.21875 -0.0169115
0.46875 0.1875 0.0128618
0.5 0.1875 0.0230728
0.5 0.21875 -0.00538797
0.46875 0.21875 -0.0169115
0.4375 0.1875 0.0101588
0.4375 0.15625 0.0413806
0.46875 0.15625 0.0435532
0.46875 0.1875 0.0128618
0.4375 0.1875 0.0101588
0.4375 0.15625 0.0413806
0.4375 0.125 0.0725947
0.46875 0.125 0.0744067
0.46875 0.15625 0.0435532
0.4375 0.15625 0.0413806
0.46875 0.1875 0.0128618
0.46875 0.15625 0.0435532
0.5 0.15625 0.0522804
0.5 0.1875 0.0230728
0.46875 0.1875 0.0128618
0.46875 0.15625 0.0435532
0.46875 0.125 0.0744067
0.5 0.125 0.0818902
0.5 0.15625 0.0522804
0.46875 0.15625 0.0435532
0.375 0.125 0.0895073
0.375 0.09375 0.118123
0.40625 0.09375 0.108369
0.40625 0.125 0.0781573
0.375 0.125 0.0895073
0.375 0.09375 0.118123
0.375 0.0625 0.147272
0.40625 0.0625 0.138867
0.40625 0.09375 0.108369
0.375 0.09375 0.118123
0.40625 0.125 0.0781573
0.40625 0.09375 0.108369
0.4375 0.09375 0.103789
0.4375 0.125 0.0725947
0.40625 0.125 0.0781573
0.40625 0.09375 0.108369
0.40625 0.0625 0.138867
0.4375 0.0625 0.13495
0.4375 0.09375 0.103789
0.40625 0.09375 0.108369
0.375 0.0625 0.147272
0.375 0 0.207449
0.4375 0 0.197356
0.4375 0.0625 0.13495
0.375 0.0625 0.147272
0.4375 0.125 0.0725947
0.4375 0.09375 0.103789
0.46875 0.09375 0.105316
0.46875 0.125 0.0744067
0.4375 0.125 0.0725947
0.4375 0.09375 0.103789
0.4375 0.0625 0.13495
0.46875 0.0625 0.136288
0.46875 0.09375 0.105316
0.4375 0.09375 0.103789
0.46875 0.125 0.0744067
0.46875 0.09375 0.105316
0.5 0.09375 0.111842
0.5 0.125 0.0818902
0.46875 0.125 0.0744067
0.46875 0.09375 0.105316
0.46875 0.0625 0.136288
0.5 0.0625 0.142014
0.5 0.09375 0.111842
0.46875 0.09375 0.105316
0.4375 0.0625 0.13495
0.4375 0 0.197356
0.5 0 0.203262
0.5 0.0625 0.142014
0.4375 0.0625 0.13495
0.5 1 0.204114
0.5 0.9375 0.143041
0.5625 0.9375 0.134851
0.5625 1 0.197281
0.5 1 0.204114
0.5 0.9375 0.143041
0.5 0.90625 0.112841
0.53125 0.90625 0.105565
0.53125 0.9375 0.136486
0.5 0.9375 0.143041
0.5 0.90625 0.112841
0.5 0.875 0.0828395
0.53125 0.875 0.0746768
0.53125 0.90625 0.105565
0.5 0.90625 0.112841
0.53125 0.9375 0.136486
0.53125 0.90625 0.105565
0.5625 0.90625 0.103666
0.5625 0.9375 0.134851
0.53125 0.9375 0.136486
0.53125 0.90625 0.105565
0.53125 0.875 0.0746768
0.5625 0.875 0.0724694
0.5625 0.90625 0.103666
0.53125 0.90625 0.105565
0.5625 1 0.197281
0.5625 0.9375 0.134851
0.625 0.9375 0.148917
0.625 1 0.208501
0.5625 1 0.197281
0.5625 0.9375 0.134851
0.5625 0.90625 0.103666
0.59375 0.90625 0.109023
0.59375 0.9375 0.139434
0.5625 0.9375 0.134851
0.5625 0.90625 0.103666
0.5625 0.875 0.0724694
0.59375 0.875 0.078781
0.59375 0.90625 0.109023
0.5625 0.90625 0.103666
0.59375 0.9375 0.139434
0.59375 0.90625 0.109023
0.625 0.90625 0.119715
0.625 0.9375 0.148917
0.59375 0.9375 0.139434
0.59375 0.90625 0.109023
0.59375 0.875 0.078781
0.625 0.875 0.0909897
0.625 0.90625 0.119715
0.59375 0.90625 0.109023
0.5 0.875 0.0828395
0.5 0.84375 0.0530804
0.53125 0.84375 0.0438532
0.53125 0.875 0.0746768
0.5 0.875 0.0828395
0.5 0.84375 0.0530804
0.5 0.8125 0.0236315
0.53125 0.8125 0.0131286
0.53125 0.84375 0.0438532
0.5 0.84375 0.0530804
0.53125 0.875 0.0746768
0.53125 0.84375 0.0438532
0.5625 0.84375 0.0412574
0.5625 0.875 0.0724694
0.53125 0.875 0.0746768
0.53125 0.84375 0.0438532
0.53125 0.8125 0.0131286
0.5625 0.8125 0.010024
0.5625 0.84375 0.0412574
0.53125 0.84375 0.0438532
0.5 0.8125 0.0236315
0.5 0.78125 -0.0052712
0.53125 0.78125 -0.0169533
0.53125 0.8125 0.0131286
0.5 0.8125 0.0236315
0.5 0.78125 -0.0052712
0.5 0.75 -0.0331055
0.53125 0.75 -0.0460999
0.53125 0.78125 -0.0169533
0.5 0.78125 -0.0052712
0.53125 0.8125 0.0131286
0.53125 0.78125 -0.0169533
0.5625 0.78125 -0.0206582
0.5625 0.8125 0.010024
0.53125 0.8125 0.0131286
0.53125 0.78125 -0.0169533
0.53125 0.75 -0.0460999
0.5625 0.75 -0.0498192
0.5625 0.78125 -0.0206582
0.53125 0.78125 -0.0169533
0.5625 0.875 0.0724694
0.5625 0.84375 0.0412574
0.59375 0.84375 0.0488267
0.59375 0.875 0.078781
0.5625 0.875 0.0724694
0.5625 0.84375 0.0412574
0.5625 0.8125 0.010024
0.59375 0.8125 0.019317
0.59375 0.84375 0.0488267
0.5625 0.84375 0.0412574
0.59375 0.875 0.078781
0.59375 0.84375 0.0488267
0.625 0.84375 0.0629715
0.625 0.875 0.0909897
0.59375 0.875 0.078781
0.59375 0.84375 0.0488267
0.59375 0.8125 0.019317
0.625 0.8125 0.0359458
0.625 0.84375 0.0629715
0.59375 0.84375 0.0488267
0.5625 0.8125 0.010024
0.5625 0.78125 -0.0206582
0.59375 0.78125 -0.00886836
0.59375 0.8125 0.019317
0.5625 0.8125 0.010024
0.5625 0.78125 -0.0206582
0.5625 0.75 -0.0498192
0.59375 0.75 -0.0336526
0.59375 0.78125 -0.00886836
0.5625 0.78125 -0.0206582
0.59375 0.8125 0.019317
0.59375 0.78125 -0.00886836
0.625 0.78125 0.0103766
0.625 0.8125 0.0359458
0.59375 0.8125 0.019317
0.59375 0.78125 -0.00886836
0.59375 0.75 -0.0336526
0.625 0.75 -0.0112304
0.625 0.78125 0.0103766
0.59375 0.78125 -0.00886836
0.625 1 0.208501
0.625 0.9375 0.148917
0.6875 0.9375 0.180059
0.6875 1 0.234729
0.625 1 0.208501
0.625 0.9375 0.148917
0.625 0.875 0.0909897
0.6875 0.875 0.127363
0.6875 0.9375 0.180059
0.625 0.9375 0.148917
0.6875 1 0.234729
0.6875 0.9375 0.180059
0.75 0.9375 0.218994
0.75 1 0.268912
0.6875 1 0.234729
0.6875 0.9375 0.180059
0.6875 0.875 0.127363
0.75 0.875 0.171581
0.75 0.9375 0.218994
0.6875 0.9375 0.180059
0.625 0.875 0.0909897
0.625 0.84375 0.0629715
0.65625 0.84375 0.0818033
0.65625 0.875 0.107746
0.625 0.875 0.0909897
0.625 0.84375 0.0629715
0.625 0.8125 0.0359458
0.65625 0.8125 0.0572226
0.65625 0.84375 0.0818033
0.625 0.84375 0.0629715
0.65625 0.875 0.107746
0.65625 0.84375 0.0818033
0.6875 0.84375 0.103175
0.6875 0.875 0.127363
0.65625 0.875 0.107746
0.65625 0.84375 0.0818033
0.65625 0.8125 0.0572226
0.6875 0.8125 0.0804671
0.6875 0.84375 0.103175
0.65625 0.84375 0.0818033
0.625 0.8125 0.0359458
0.625 0.78125 0.0103766
0.65625 0.78125 0.0344167
0.65625 0.8125 0.0572226
0.625 0.8125 0.0359458
0.625 0.78125 0.0103766
0.625 0.75 -0.0112304
0.65625 0.75 0.0139076
0.65625 0.78125 0.0344167
0.625 0.78125 0.0103766
0.65625 0.8125 0.0572226
0.65625 0.78125 0.0344167
0.6875 0.78125 0.0594305
0.6875 0.8125 0.0804671
0.65625 0.8125 0.0572226
0.65625 0.78125 0.0344167
0.65625 0.75 0.0139076
0.6875 0.75 0.0402084
0.6875 0.78125 0.0594305
0.65625 0.78125 0.0344167
0.6875 0.875 0.127363
0.6875 0.84375 0.103175
0.71875 0.84375 0.126187
0.71875 0.875 0.148924
0.6875 0.875 0.127363
0.6875 0.84375 0.103175
0.6875 0.8125 0.0804671
0.71875 0.8125 0.104872
0.71875 0.84375 0.126187
0.6875 0.84375 0.103175
0.71875 0.875 0.148924
0.71875 0.84375 0.126187
0.75 0.84375 0.15007
0.75 0.875 0.171581
0.71875 0.875 0.148924
0.71875 0.84375 0.126187
0.71875 0.8125 0.104872
0.75 0.8125 0.129861
0.75 0.84375 0.15007
0.71875 0.84375 0.126187
0.6875 0.8125 0.0804671
0.6875 0.78125 0.0594305
0.71875 0.78125 0.0850408
0.71875 0.8125 0.104872
0.6875 0.8125 0.0804671
0.6875 0.78125 0.0594305
0.6875 0.75 0.0402084
0.71875 0.75 0.066667
0.71875 0.78125 0.0850408
0.6875 0.78125 0.0594305
0.71875 0.8125 0.104872
0.71875 0.78125 0.0850408
0.75 0.78125 0.11097
0.75 0.8125 0.129861
0.71875 0.8125 0.104872
0.71875 0.78125 0.0850408
0.71875 0.75 0.066667
0.75 0.75 0.0932432
0.75 0.78125 0.11097
0.71875 0.78125 0.0850408
0.5 0.75 -0.0331055
0.5 0.71875 -0.0606035
0.53125 0.71875 -0.0746208
0.53125 0.75 -0.0460999
0.5 0.75 -0.0331055
0.5 0.71875 -0.0606035
0.5 0.6875 -0.087875
0.53125 0.6875 -0.102578
0.53125 0.71875 -0.0746208
0.5 0.71875 -0.0606035
0.53125 0.75 -0.0460999
0.53125 0.71875 -0.0746208
0.5625 0.71875 -0.0758902
0.5625 0.75 -0.0498192
0.53125 0.75 -0.0460999
0.53125 0.71875 -0.0746208
0.53125 0.6875 -0.102578
0.5625 0.6875 -0.0976087
0.5625 0.71875 -0.0758902
0.53125 0.71875 -0.0746208
0.5 0.6875 -0.087875
0.5 0.65625 -0.115022
0.53125 0.65625 -0.130197
0.53125 0.6875 -0.102578
0.5 0.6875 -0.087875
0.5 0.65625 -0.115022
0.5 0.625 -0.142075
0.53125 0.625 -0.154895
0.53125 0.65625 -0.130197
0.5 0.65625 -0.115022
0.53125 0.6875 -0.102578
0.53125 0.65625 -0.130197
0.5625 0.65625 -0.115769
0.5625 0.6875 -0.0976087
0.53125 0.6875 -0.102578
0.53125 0.65625 -0.130197
0.53125 0.625 -0.154895
0.5625 0.625 -0.132412
0.5625 0.65625 -0.115769
0.53125 0.65625 -0.130197
0.5625 0.75 -0.0498192
0.5625 0.71875 -0.0758902
0.59375 0.71875 -0.0546717
0.59375 0.75 -0.0336526
0.5625 0.75 -0.0498192
0.5625 0.71875 -0.0758902
0.5625 0.6875 -0.0976087
0.59375 0.6875 -0.0728426
0.59375 0.71875 -0.0546717
0.5625 0.71875 -0.0758902
0.59375 0.75 -0.0336526
0.59375 0.71875 -0.0546717
0.625 0.71875 -0.0297559
0.625 0.75 -0.0112304
0.59375 0.75 -0.0336526
0.59375 0.71875 -0.0546717
0.59375 0.6875 -0.0728426
0.625 0.6875 -0.0466909
0.625 0.71875 -0.0297559
0.59375 0.71875 -0.0546717
0.5625 0.6875 -0.0976087
0.5625 0.65625 -0.115769
0.59375 0.65625 -0.0895704
0.59375 0.6875 -0.0728426
0.5625 0.6875 -0.0976087
0.5625 0.65625 -0.115769
0.5625 0.625 -0.132412
0.59375 0.625 -0.105713
0.59375 0.65625 -0.0895704
0.5625 0.65625 -0.115769
0.59375 0.6875 -0.0728426
0.59375 0.65625 -0.0895704
0.625 0.65625 -0.0629055
0.625 0.6875 -0.0466909
0.59375 0.6875 -0.0728426
0.59375 0.65625 -0.0895704
0.59375 0.625 -0.105713
0.625 0.625 -0.0788624
0.625 0.65625 -0.0629055
0.59375 0.65625 -0.0895704
0.5 0.625 -0.142075
0.5 0.5625 -0.196091
0.5625 0.5625 -0.164447
0.5625 0.625 -0.132412
0.5 0.625 -0.142075
0.5 0.5625 -0.196091
0.5 0.5 -0.231981
0.5625 0.5 -0.187854
0.5625 0.5625 -0.164447
0.5 0.5625 -0.196091
0.5625 0.625 -0.132412
0.5625 0.59375 -0.14851
0.59375 0.59375 -0.121648
0.59375 0.625 -0.105713
0.5625 0.625 -0.132412
0.5625 0.59375 -0.14851
0.5625 0.5625 -0.164447
0.59375 0.5625 -0.13751
0.59375 0.59375 -0.121648
0.5625 0.59375 -0.14851
0.59375 0.625 -0.105713
0.59375 0.59375 -0.121648
0.625 0.59375 -0.0947315
0.625 0.625 -0.0788624
0.59375 0.625 -0.105713
0.59375 0.59375 -0.121648
0.59375 0.5625 -0.13751
0.625 0.5625 -0.110557
0.625 0.59375 -0.0947315
0.59375 0.59375 -0.121648
0.5625 0.5625 -0.164447
0.5625 0.5 -0.187854
0.625 0.5 -0.141985
0.625 0.5625 -0.110557
0.5625 0.5625 -0.164447
0.625 0.75 -0.0112304
0.625 0.71875 -0.0297559
0.65625 0.71875 -0.00370271
0.65625 0.75 0.0139076
0.625 0.75 -0.0112304
0.625 0.71875 -0.0297559
0.625 0.6875 -0.0466909
0.65625 0.6875 -0.0200938
0.65625 0.71875 -0.00370271
0.625 0.71875 -0.0297559
0.65625 0.75 0.0139076
0.65625 0.71875 -0.00370271
0.6875 0.71875 0.0229884
0.6875 0.75 0.0402084
0.65625 0.75 0.0139076
0.65625 0.71875 -0.00370271
0.65625 0.6875 -0.0200938
0.6875 0.6875 0.00671092
0.6875 0.71875 0.0229884
0.65625 0.71875 -0.00370271
0.625 0.6875 -0.0466909
0.625 0.65625 -0.0629055
0.65625 0.65625 -0.0360758
0.65625 0.6875 -0.0200938
0.625 0.6875 -0.0466909
0.625 0.65625 -0.0629055
0.625 0.625 -0.0788624
0.65625 0.625 -0.0519538
0.65625 0.65625 -0.0360758
0.625 0.65625 -0.0629055
0.65625 0.6875 -0.0200938
0.65625 0.65625 -0.0360758
0.6875 0.65625 -0.00917234
0.6875 0.6875 0.00671092
0.65625 0.6875 -0.0200938
0.65625 0.65625 -0.0360758
0.65625 0.625 -0.0519538
0.6875 0.625 -0.0250186
0.6875 0.65625 -0.00917234
0.65625 0.65625 -0.0360758
0.6875 0.75 0.0402084
0.6875 0.71875 0.0229884
0.71875 0.71875 0.0498048
0.71875 0.75 0.066667
0.6875 0.75 0.0402084
0.6875 0.71875 0.0229884
0.6875 0.6875 0.00671092
0.71875 0.6875 0.0336363
0.71875 0.71875 0.0498048
0.6875 0.71875 0.0229884
0.71875 0.75 0.066667
0.71875 0.71875 0.0498048
0.75 0.71875 0.0766513
0.75 0.75 0.0932432
0.71875 0.75 0.066667
0.71875 0.71875 0.0498048
0.71875 0.6875 0.0336363
0.75 0.6875 0.060572
0.75 0.71875 0.0766513
0.71875 0.71875 0.0498048
0.6875 0.6875 0.00671092
0.6875 0.65625 -0.00917234
0.71875 0.65625 0.0177678
0.71875 0.6875 0.0336363
0.6875 0.6875 0.00671092
0.6875 0.65625 -0.00917234
0.6875 0.625 -0.0250186
0.71875 0.625 0.00193139
0.71875 0.65625 0.0177678
0.6875 0.65625 -0.00917234
0.71875 0.6875 0.0336363
0.71875 0.65625 0.0177678
0.75 0.65625 0.0447213
0.75 0.6875 0.060572
0.71875 0.6875 0.0336363
0.71875 0.65625 0.0177678
0.71875 0.625 0.00193139
0.75 0.625 0.0289029
0.75 0.65625 0.0447213
0.71875 0.65625 0.0177678
0.625 0.625 -0.0788624
0.625 0.59375 -0.0947315
0.65625 0.59375 -0.0677907
0.65625 0.625 -0.0519538
0.625 0.625 -0.0788624
0.625 0.59375 -0.0947315
0.625 0.5625 -0.110557
0.65625 0.5625 -0.0835917
0.65625 0.59375 -0.0677907
0.625 0.59375 -0.0947315
0.65625 0.625 -0.0519538
0.65625 0.59375 -0.0677907
0.6875 0.59375 -0.0408355
0.6875 0.625 -0.0250186
0.65625 0.625 -0.0519538
0.65625 0.59375 -0.0677907
0.65625 0.5625 -0.0835917
0.6875 0.5625 -0.0566139
0.6875 0.59375 -0.0408355
0.65625 0.59375 -0.0677907
0.625 0.5625 -0.110557
0.625 0.53125 -0.126331
0.65625 0.53125 -0.0993221
0.65625 0.5625 -0.0835917
0.625 0.5625 -0.110557
0.625 0.53125 -0.126331
0.625 0.5 -0.141985
0.65625 0.5 -0.114853
0.65625 0.53125 -0.0993221
0.625 0.53125 -0.126331
0.65625 0.5625 -0.0835917
0.65625 0.53125 -0.0993221
0.6875 0.53125 -0.0722831
0.6875 0.5625 -0.0566139
0.65625 0.5625 -0.0835917
0.65625 0.53125 -0.0993221
0.65625 0.5 -0.114853
0.6875 0.5 -0.0876267
0.6875 0.53125 -0.0722831
0.65625 0.53125 -0.0993221
0.6875 0.625 -0.0250186
0.6875 0.59375 -0.0408355
0.71875 0.59375 -0.0138704
0.71875 0.625 0.00193139
0.6875 0.625 -0.0250186
0.6875 0.59375 -0.0408355
0.6875 0.5625 -0.0566139
0.71875 0.5625 -0.0296205
0.71875 0.59375 -0.0138704
0.6875 0.59375 -0.0408355
0.71875 0.625 0.00193139
0.71875 0.59375 -0.0138704
0.75 0.59375 0.0131206
0.75 0.625 0.0289029
0.71875 0.625 0.00193139
0.71875 0.59375 -0.0138704
0.71875 0.5625 -0.0296205
0.75 0.5625 -0.0026022
0.75 0.59375 0.0131206
0.71875 0.59375 -0.0138704
0.6875 0.5625 -0.0566139
0.6875 0.53125 -0.0722831
0.71875 0.53125 -0.0451819
0.71875 0.5625 -0.0296205
0.6875 0.5625 -0.0566139
0.6875 0.53125 -0.0722831
0.6875 0.5 -0.0876267
0.71875 0.5 -0.0602169
0.71875 0.53125 -0.0451819
0.6875 0.53125 -0.0722831
0.71875 0.5625 -0.0296205
0.71875 0.53125 -0.0451819
0.75 0.53125 -0.0179751
0.75 0.5625 -0.0026022
0.71875 0.5625 -0.0296205
0.71875 0.53125 -0.0451819
0.71875 0.5 -0.0602169
0.75 0.5 -0.0325443
0.75 0.53125 -0.0179751
0.71875 0.53125 -0.0451819
0.75 1 0.268912
0.75 0.9375 0.218994
0.8125 0.9375 0.264218
0.8125 1 0.309879
0.75 1 0.268912
0.75 0.9375 0.218994
0.75 0.875 0.171581
0.8125 0.875 0.221154
0.8125 0.9375 0.264218
0.75 0.9375 0.218994
0.8125 1 0.309879
0.8125 0.9375 0.264218
0.875 0.9375 0.311894
0.875 1 0.354191
0.8125 1 0.309879
0.8125 0.9375 0.264218
0.8125 0.875 0.221154
0.875 0.875 0.271871
0.875 0.9375 0.311894
0.8125 0.9375 0.264218
0.75 0.875 0.171581
0.75 0.8125 0.129861
0.8125 0.8125 0.182191
0.8125 0.875 0.221154
0.75 0.875 0.171581
0.75 0.8125 0.129861
0.75 0.75 0.0932432
0.8125 0.75 0.146666
0.8125 0.8125 0.182191
0.75 0.8125 0.129861
0.8125 0.875 0.221154
0.8125 0.8125 0.182191
0.875 0.8125 0.234936
0.875 0.875 0.271871
0.8125 0.875 0.221154
0.8125 0.8125 0.182191
0.8125 0.75 0.146666
0.875 0.75 0.200509
0.875 0.8125 0.234936
0.8125 0.8125 0.182191
0.875 1 0.354191
0.875 0.875 0.271871
1 0.875 0.378662
1 1 0.453963
0.875 1 0.354191
0.875 0.875 0.271871
0.875 0.75 0.200509
1 0.75 0.310259
1 0.875 0.378662
0.875 0.875 0.271871
0.75 0.75 0.0932432
0.75 0.71875 0.0766513
0.78125 0.71875 0.103527
0.78125 0.75 0.119918
0.75 0.75 0.0932432
0.75 0.71875 0.0766513
0.75 0.6875 0.060572
0.78125 0.6875 0.0875244
0.78125 0.71875 0.103527
0.75 0.71875 0.0766513
0.78125 0.75 0.119918
0.78125 0.71875 0.103527
0.8125 0.71875 0.130436
0.8125 0.75 0.146666
0.78125 0.75 0.119918
0.78125 0.71875 0.103527
0.78125 0.6875 0.0875244
0.8125 0.6875 0.11451
0.8125 0.71875 0.130436
0.78125 0.71875 0.103527
0.75 0.6875 0.060572
0.75 0.65625 0.0447213
0.78125 0.65625 0.0716993
0.78125 0.6875 0.0875244
0.75 0.6875 0.060572
0.75 0.65625 0.0447213
0.75 0.625 0.0289029
0.78125 0.625 0.0559242
0.78125 0.65625 0.0716993
0.75 0.65625 0.0447213
0.78125 0.6875 0.0875244
0.78125 0.65625 0.0716993
0.8125 0.65625 0.0987327
0.8125 0.6875 0.11451
0.78125 0.6875 0.0875244
0.78125 0.65625 0.0716993
0.78125 0.625 0.0559242
0.8125 0.625 0.0830556
0.8125 0.65625 0.0987327
0.78125 0.65625 0.0716993
0.8125 0.75 0.146666
0.8125 0.6875 0.11451
0.875 0.6875 0.168693
0.875 0.75 0.200509
0.8125 0.75 0.146666
0.8125 0.6875 0.11451
0.8125 0.65625 0.0987327
0.84375 0.65625 0.125869
0.84375 0.6875 0.141558
0.8125 0.6875 0.11451
0.8125 0.65625 0.0987327
0.8125 0.625 0.0830556
0.84375 0.625 0.11037
0.84375 0.65625 0.125869
0.8125 0.65625 0.0987327
0.84375 0.6875 0.141558
0.84375 0.65625 0.125869
0.875 0.65625 0.153156
0.875 0.6875 0.168693
0.84375 0.6875 0.141558
0.84375 0.65625 0.125869
0.84375 0.625 0.11037
0.875 0.625 0.137924
0.875 0.65625 0.153156
0.84375 0.65625 0.125869
0.75 0.625 0.0289029
0.75 0.59375 0.0131206
0.78125 0.59375 0.0402299
0.78125 0.625 0.0559242
0.75 0.625 0.0289029
0.75 0.59375 0.0131206
0.75 0.5625 -0.0026022
0.78125 0.5625 0.0247045
0.78125 0.59375 0.0402299
0.75 0.59375 0.0131206
0.78125 0.625 0.0559242
0.78125 0.59375 0.0402299
0.8125 0.59375 0.0675579
0.8125 0.625 0.0830556
0.78125 0.625 0.0559242
0.78125 0.59375 0.0402299
0.78125 0.5625 0.0247045
0.8125 0.5625 0.0524205
0.8125 0.59375 0.0675579
0.78125 0.59375 0.0402299
0.75 0.5625 -0.0026022
0.75 0.53125 -0.0179751
0.78125 0.53125 0.00958815
0.78125 0.5625 0.0247045
0.75 0.5625 -0.0026022
0.75 0.53125 -0.0179751
0.75 0.5 -0.0325443
0.78125 0.5 -0.00450701
0.78125 0.53125 0.00958815
0.75 0.53125 -0.0179751
0.78125 0.5625 0.0247045
0.78125 0.53125 0.00958815
0.8125 0.53125 0.0380172
0.8125 0.5625 0.0524205
0.78125 0.5625 0.0247045
0.78125 0.53125 0.00958815
0.78125 0.5 -0.00450701
0.8125 0.5 0.0250536
0.8125 0.53125 0.0380172
0.78125 0.53125 0.00958815
0.8125 0.625 0.0830556
0.8125 0.59375 0.0675579
0.84375 0.59375 0.0951984
0.84375 0.625 0.11037
0.8125 0.625 0.0830556
0.8125 0.59375 0.0675579
0.8125 0.5625 0.0524205
0.84375 0.5625 0.0806251
0.84375 0.59375 0.0951984
0.8125 0.59375 0.0675579
0.84375 0.625 0.11037
0.84375 0.59375 0.0951984
0.875 0.59375 0.123185
0.875 0.625 0.137924
0.84375 0.625 0.11037
0.84375 0.59375 0.0951984
0.84375 0.5625 0.0806251
0.875 0.5625 0.109261
0.875 0.59375 0.123185
0.84375 0.59375 0.0951984
0.8125 0.5625 0.0524205
0.8125 0.53125 0.0380172
0.84375 0.53125 0.0670967
0.84375 0.5625 0.0806251
0.8125 0.5625 0.0524205
0.8125 0.53125 0.0380172
0.8125 0.5 0.0250536
0.84375 0.5 0.0552818
0.84375 0.53125 0.0670967
0.8125 0.53125 0.0380172
0.84375 0.5625 0.0806251
0.84375 0.53125 0.0670967
0.875 0.53125 0.096562
0.875 0.5625 0.109261
0.84375 0.5625 0.0806251
0.84375 0.53125 0.0670967
0.84375 0.5 0.0552818
0.875 0.5 0.085696
0.875 0.53125 0.096562
0.84375 0.53125 0.0670967
0.875 0.75 0.200509
0.875 0.6875 0.168693
0.9375 0.6875 0.223713
0.9375 0.75 0.25488
0.875 0.75 0.200509
0.875 0.6875 0.168693
0.875 0.625 0.137924
0.9375 0.625 0.194211
0.9375 0.6875 0.223713
0.875 0.6875 0.168693
0.9375 0.75 0.25488
0.9375 0.6875 0.223713
1 0.6875 0.280195
1 0.75 0.310259
0.9375 0.75 0.25488
0.9375 0.6875 0.223713
0.9375 0.625 0.194211
1 0.625 0.252348
1 0.6875 0.280195
0.9375 0.6875 0.223713
0.875 0.625 0.137924
0.875 0.5625 0.109261
0.9375 0.5625 0.16744
0.9375 0.625 0.194211
0.875 0.625 0.137924
0.875 0.5625 0.109261
0.875 0.53125 0.096562
0.90625 0.53125 0.126297
0.90625 0.5625 0.138214
0.875 0.5625 0.109261
0.875 0.53125 0.096562
0.875 0.5 0.085696
0.90625 0.5 0.116234
0.90625 0.53125 0.126297
0.875 0.53125 0.096562
0.90625 0.5625 0.138214
0.90625 0.53125 0.126297
0.9375 0.53125 0.156214
0.9375 0.5625 0.16744
0.90625 0.5625 0.138214
0.90625 0.53125 0.126297
0.90625 0.5 0.116234
0.9375 0.5 0.146843
0.9375 0.53125 0.156214
0.90625 0.53125 0.126297
0.9375 0.625 0.194211
0.9375 0.5625 0.16744
1 0.5625 0.227823
1 0.625 0.252348
0.9375 0.625 0.194211
0.9375 0.5625 0.16744
0.9375 0.5 0.146843
1 0.5 0.209045
1 0.5625 0.227823
0.9375 0.5625 0.16744
0.5 0.5 -0.231981
0.5 0.4375 -0.195797
0.5625 0.4375 -0.163803
0.5625 0.5 -0.187854
0.5 0.5 -0.231981
0.5 0.4375 -0.195797
0.5 0.375 -0.14191
0.5625 0.375 -0.1105
0.5625 0.4375 -0.163803
0.5 0.4375 -0.195797
0.5625 0.5 -0.187854
0.5625 0.4375 -0.163803
0.625 0.4375 -0.130212
0.625 0.5 -0.141985
0.5625 0.5 -0.187854
0.5625 0.4375 -0.163803
0.5625 0.40625 -0.137308
0.59375 0.40625 -0.121273
0.59375 0.4375 -0.147318
0.5625 0.4375 -0.163803
0.5625 0.40625 -0.137308
0.5625 0.375 -0.1105
0.59375 0.375 -0.0946099
0.59375 0.40625 -0.121273
0.5625 0.40625 -0.137308
0.59375 0.4375 -0.147318
0.59375 0.40625 -0.121273
0.625 0.40625 -0.105
0.625 0.4375 -0.130212
0.59375 0.4375 -0.147318
0.59375 0.40625 -0.121273
0.59375 0.375 -0.0946099
0.625 0.375 -0.0786394
0.625 0.40625 -0.105
0.59375 0.40625 -0.121273
0.5 0.375 -0.14191
0.5 0.34375 -0.114828
0.53125 0.34375 -0.0993234
0.53125 0.375 -0.126298
0.5 0.375 -0.14191
0.5 0.34375 -0.114828
0.5 0.3125 -0.0876582
0.53125 0.3125 -0.0723162
0.53125 0.34375 -0.0993234
0.5 0.34375 -0.114828
0.53125 0.375 -0.126298
0.53125 0.34375 -0.0993234
0.5625 0.34375 -0.0835872
0.5625 0.375 -0.1105
0.53125 0.375 -0.126298
0.53125 0.34375 -0.0993234
0.53125 0.3125 -0.0723162
0.5625 0.3125 -0.0566338
0.5625 0.34375 -0.0835872
0.53125 0.34375 -0.0993234
0.5 0.3125 -0.0876582
0.5 0.28125 -0.0603961
0.53125 0.28125 -0.0452703
0.53125 0.3125 -0.0723162
0.5 0.3125 -0.0876582
0.5 0.28125 -0.0603961
0.5 0.25 -0.0329854
0.53125 0.25 -0.0181709
0.53125 0.28125 -0.0452703
0.5 0.28125 -0.0603961
0.53125 0.3125 -0.0723162
0.53125 0.28125 -0.0452703
0.5625 0.28125 -0.0296683
0.5625 0.3125 -0.0566338
0.53125 0.3125 -0.0723162
0.53125 0.28125 -0.0452703
0.53125 0.25 -0.0181709
0.5625 0.25 -0.00268831
0.5625 0.28125 -0.0296683
0.53125 0.28125 -0.0452703
0.5625 0.375 -0.1105
0.5625 0.34375 -0.0835872
0.59375 0.34375 -0.0677628
0.59375 0.375 -0.0946099
0.5625 0.375 -0.1105
0.5625 0.34375 -0.0835872
0.5625 0.3125 -0.0566338
0.59375 0.3125 -0.0408365
0.59375 0.34375 -0.0677628
0.5625 0.34375 -0.0835872
0.59375 0.375 -0.0946099
0.59375 0.34375 -0.0677628
0.625 0.34375 -0.0518973
0.625 0.375 -0.0786394
0.59375 0.375 -0.0946099
0.59375 0.34375 -0.0677628
0.59375 0.3125 -0.0408365
0.625 0.3125 -0.025011
0.625 0.34375 -0.0518973
0.59375 0.34375 -0.0677628
0.5625 0.3125 -0.0566338
0.5625 0.28125 -0.0296683
0.59375 0.28125 -0.0138919
0.59375 0.3125 -0.0408365
0.5625 0.3125 -0.0566338
0.5625 0.28125 -0.0296683
0.5625 0.25 -0.00268831
0.59375 0.25 0.0130681
0.59375 0.28125 -0.0138919
0.5625 0.28125 -0.0296683
0.59375 0.3125 -0.0408365
0.59375 0.28125 -0.0138919
0.625 0.28125 0.00192548
0.625 0.3125 -0.025011
0.59375 0.3125 -0.0408365
0.59375 0.28125 -0.0138919
0.59375 0.25 0.0130681
0.625 0.25 0.0288727
0.625 0.28125 0.00192548
0.59375 0.28125 -0.0138919
0.625 0.5 -0.141985
0.625 0.46875 -0.149624
0.65625 0.46875 -0.127091
0.65625 0.5 -0.114853
0.625 0.5 -0.141985
0.625 0.46875 -0.149624
0.625 0.4375 -0.130212
0.65625 0.4375 -0.111998
0.65625 0.46875 -0.127091
0.625 0.46875 -0.149624
0.65625 0.5 -0.114853
0.65625 0.46875 -0.127091
0.6875 0.46875 -0.101508
0.6875 0.5 -0.0876267
0.65625 0.5 -0.114853
0.65625 0.46875 -0.127091
0.65625 0.4375 -0.111998
0.6875 0.4375 -0.0920288
0.6875 0.46875 -0.101508
0.65625 0.46875 -0.127091
0.625 0.4375 -0.130212
0.625 0.40625 -0.105
0.65625 0.40625 -0.0882984
0.65625 0.4375 -0.111998
0.625 0.4375 -0.130212
0.625 0.40625 -0.105
0.625 0.375 -0.0786394
0.65625 0.375 -0.0625
0.65625 0.40625 -0.0882984
0.625 0.40625 -0.105
0.65625 0.4375 -0.111998
0.65625 0.40625 -0.0882984
0.6875 0.40625 -0.0707611
0.6875 0.4375 -0.0920288
0.65625 0.4375 -0.111998
0.65625 0.40625 -0.0882984
0.65625 0.375 -0.0625
0.6875 0.375 -0.0460343
0.6875 0.40625 -0.0707611
0.65625 0.40625 -0.0882984
0.6875 0.5 -0.0876267
0.6875 0.46875 -0.101508
0.71875 0.46875 -0.0737536
0.71875 0.5 -0.0602169
0.6875 0.5 -0.0876267
0.6875 0.46875 -0.101508
0.6875 0.4375 -0.0920288
0.71875 0.4375 -0.0696465
0.71875 0.46875 -0.0737536
0.6875 0.46875 -0.101508
0.71875 0.5 -0.0602169
0.71875 0.46875 -0.0737536
0.75 0.46875 -0.0449203
0.75 0.5 -0.0325443
0.71875 0.5 -0.0602169
0.71875 0.46875 -0.0737536
0.71875 0.4375 -0.0696465
0.75 0.4375 -0.0446777
0.75 0.46875 -0.0449203
0.71875 0.46875 -0.0737536
0.6875 0.4375 -0.0920288
0.6875 0.40625 -0.0707611
0.71875 0.40625 -0.051776
0.71875 0.4375 -0.0696465
0.6875 0.4375 -0.0920288
0.6875 0.40625 -0.0707611
0.6875 0.375 -0.0460343
0.71875 0.375 -0.0289962
0.71875 0.40625 -0.051776
0.6875 0.40625 -0.0707611
0.71875 0.4375 -0.0696465
0.71875 0.40625 -0.051776
0.75 0.40625 -0.0307782
0.75 0.4375 -0.0446777
0.71875 0.4375 -0.0696465
0.71875 0.40625 -0.051776
0.71875 0.375 -0.0289962
0.75 0.375 -0.011135
0.75 0.40625 -0.0307782
0.71875 0.40625 -0.051776
0.625 0.375 -0.0786394
0.625 0.34375 -0.0518973
0.65625 0.34375 -0.0359904
0.65625 0.375 -0.0625
0.625 0.375 -0.0786394
0.625 0.34375 -0.0518973
0.625 0.3125 -0.025011
0.65625 0.3125 -0.00916623
0.65625 0.34375 -0.0359904
0.625 0.34375 -0.0518973
0.65625 0.375 -0.0625
0.65625 0.34375 -0.0359904
0.6875 0.34375 -0.0200064
0.6875 0.375 -0.0460343
0.65625 0.375 -0.0625
0.65625 0.34375 -0.0359904
0.65625 0.3125 -0.00916623
0.6875 0.3125 0.00674165
0.6875 0.34375 -0.0200064
0.65625 0.34375 -0.0359904
0.625 0.3125 -0.025011
0.625 0.28125 0.00192548
0.65625 0.28125 0.0177621
0.65625 0.3125 -0.00916623
0.625 0.3125 -0.025011
0.625 0.28125 0.00192548
0.625 0.25 0.0288727
0.65625 0.25 0.0446984
0.65625 0.28125 0.0177621
0.625 0.28125 0.00192548
0.65625 0.3125 -0.00916623
0.65625 0.28125 0.0177621
0.6875 0.28125 0.0336376
0.6875 0.3125 0.00674165
0.65625 0.3125 -0.00916623
0.65625 0.28125 0.0177621
0.65625 0.25 0.0446984
0.6875 0.25 0.0605527
0.6875 0.28125 0.0336376
0.65625 0.28125 0.0177621
0.6875 0.375 -0.0460343
0.6875 0.34375 -0.0200064
0.71875 0.34375 -0.0037405
0.71875 0.375 -0.0289962
0.6875 0.375 -0.0460343
0.6875 0.34375 -0.0200064
0.6875 0.3125 0.00674165
0.71875 0.3125 0.0228596
0.71875 0.34375 -0.0037405
0.6875 0.34375 -0.0200064
0.71875 0.375 -0.0289962
0.71875 0.34375 -0.0037405
0.75 0.34375 0.0136732
0.75 0.375 -0.011135
0.71875 0.375 -0.0289962
0.71875 0.34375 -0.0037405
0.71875 0.3125 0.0228596
0.75 0.3125 0.0396231
0.75 0.34375 0.0136732
0.71875 0.34375 -0.0037405
0.6875 0.3125 0.00674165
0.6875 0.28125 0.0336376
0.71875 0.28125 0.0496332
0.71875 0.3125 0.0228596
0.6875 0.3125 0.00674165
0.6875 0.28125 0.0336376
0.6875 0.25 0.0605527
0.71875 0.25 0.0764789
0.71875 0.28125 0.0496332
0.6875 0.28125 0.0336376
0.71875 0.3125 0.0228596
0.71875 0.28125 0.0496332
0.75 0.28125 0.0660036
0.75 0.3125 0.0396231
0.71875 0.3125 0.0228596
0.71875 0.28125 0.0496332
0.71875 0.25 0.0764789
0.75 0.25 0.0926248
0.75 0.28125 0.0660036
0.71875 0.28125 0.0496332
0.5 0.25 -0.0329854
0.5 0.21875 -0.00538797
0.53125 0.21875 0.00907973
0.53125 0.25 -0.0181709
0.5 0.25 -0.0329854
0.5 0.21875 -0.00538797
0.5 0.1875 0.0230728
0.53125 0.1875 0.0366958
0.53125 0.21875 0.00907973
0.5 0.21875 -0.00538797
0.53125 0.25 -0.0181709
0.53125 0.21875 0.00907973
0.5625 0.21875 0.0243962
0.5625 0.25 -0.00268831
0.53125 0.25 -0.0181709
0.53125 0.21875 0.00907973
0.53125 0.1875 0.0366958
0.5625 0.1875 0.0516237
0.5625 0.21875 0.0243962
0.53125 0.21875 0.00907973
0.5 0.1875 0.0230728
0.5 0.15625 0.0522804
0.53125 0.15625 0.0647234
0.53125 0.1875 0.0366958
0.5 0.1875 0.0230728
0.5 0.15625 0.0522804
0.5 0.125 0.0818902
0.53125 0.125 0.0931728
0.53125 0.15625 0.0647234
0.5 0.15625 0.0522804
0.53125 0.1875 0.0366958
0.53125 0.15625 0.0647234
0.5625 0.15625 0.0790576
0.5625 0.1875 0.0516237
0.53125 0.1875 0.0366958
0.53125 0.15625 0.0647234
0.53125 0.125 0.0931728
0.5625 0.125 0.106757
0.5625 0.15625 0.0790576
0.53125 0.15625 0.0647234
0.5625 0.25 -0.00268831
0.5625 0.21875 0.0243962
0.59375 0.21875 0.0400608
0.59375 0.25 0.0130681
0.5625 0.25 -0.00268831
0.5625 0.21875 0.0243962
0.5625 0.1875 0.0516237
0.59375 0.1875 0.0671113
0.59375 0.21875 0.0400608
0.5625 0.21875 0.0243962
0.59375 0.25 0.0130681
0.59375 0.21875 0.0400608
0.625 0.21875 0.055833
0.625 0.25 0.0288727
0.59375 0.25 0.0130681
0.59375 0.21875 0.0400608
0.59375 0.1875 0.0671113
0.625 0.1875 0.0828159
0.625 0.21875 0.055833
0.59375 0.21875 0.0400608
0.5625 0.1875 0.0516237
0.5625 0.15625 0.0790576
0.59375 0.15625 0.0942578
0.59375 0.1875 0.0671113
0.5625 0.1875 0.0516237
0.5625 0.15625 0.0790576
0.5625 0.125 0.106757
0.59375 0.125 0.121547
0.59375 0.15625 0.0942578
0.5625 0.15625 0.0790576
0.59375 0.1875 0.0671113
0.59375 0.15625 0.0942578
0.625 0.15625 0.109839
0.625 0.1875 0.0828159
0.59375 0.1875 0.0671113
0.59375 0.15625 0.0942578
0.59375 0.125 0.121547
0.625 0.125 0.136929
0.625 0.15625 0.109839
0.59375 0.15625 0.0942578
0.5 0.125 0.0818902
0.5 0.09375 0.111842
0.53125 0.09375 0.122035
0.53125 0.125 0.0931728
0.5 0.125 0.0818902
0.5 0.09375 0.111842
0.5 0.0625 0.142014
0.53125 0.0625 0.151225
0.53125 0.09375 0.122035
0.5 0.09375 0.111842
0.53125 0.125 0.0931728
0.53125 0.09375 0.122035
0.5625 0.09375 0.134806
0.5625 0.125 0.106757
0.53125 0.125 0.0931728
0.53125 0.09375 0.122035
0.53125 0.0625 0.151225
0.5625 0.0625 0.163165
0.5625 0.09375 0.134806
0.53125 0.09375 0.122035
0.5 0.0625 0.142014
0.5 0 0.203262
0.5625 0 0.221562
0.5625 0.0625 0.163165
0.5 0.0625 0.142014
0.5625 0.125 0.106757
0.5625 0.0625 0.163165
0.625 0.0625 0.191614
0.625 0.125 0.136929
0.5625 0.125 0.106757
0.5625 0.0625 0.163165
0.5625 0 0.221562
0.625 0 0.247582
0.625 0.0625 0.191614
0.5625 0.0625 0.163165
0.625 0.25 0.0288727
0.625 0.21875 0.055833
0.65625 0.21875 0.0716425
0.65625 0.25 0.0446984
0.625 0.25 0.0288727
0.625 0.21875 0.055833
0.625 0.1875 0.0828159
0.65625 0.1875 0.0985981
0.65625 0.21875 0.0716425
0.625 0.21875 0.055833
0.65625 0.25 0.0446984
0.65625 0.21875 0.0716425
0.6875 0.21875 0.0874796
0.6875 0.25 0.0605527
0.65625 0.25 0.0446984
0.65625 0.21875 0.0716425
0.65625 0.1875 0.0985981
0.6875 0.1875 0.114416
0.6875 0.21875 0.0874796
0.65625 0.21875 0.0716425
0.625 0.1875 0.0828159
0.625 0.15625 0.109839
0.65625 0.15625 0.125572
0.65625 0.1875 0.0985981
0.625 0.1875 0.0828159
0.625 0.15625 0.109839
0.625 0.125 0.136929
0.65625 0.125 0.152576
0.65625 0.15625 0.125572
0.625 0.15625 0.109839
0.65625 0.1875 0.0985981
0.65625 0.15625 0.125572
0.6875 0.15625 0.141362
0.6875 0.1875 0.114416
0.65625 0.1875 0.0985981
0.65625 0.15625 0.125572
0.65625 0.125 0.152576
0.6875 0.125 0.168327
0.6875 0.15625 0.141362
0.65625 0.15625 0.125572
0.6875 0.25 0.0605527
0.6875 0.21875 0.0874796
0.71875 0.21875 0.103363
0.71875 0.25 0.0764789
0.6875 0.25 0.0605527
0.6875 0.21875 0.0874796
0.6875 0.1875 0.114416
0.71875 0.1875 0.130273
0.71875 0.21875 0.103363
0.6875 0.21875 0.0874796
0.71875 0.25 0.0764789
0.71875 0.21875 0.103363
0.75 0.21875 0.119377
0.75 0.25 0.0926248
0.71875 0.25 0.0764789
0.71875 0.21875 0.103363
0.71875 0.1875 0.130273
0.75 0.1875 0.146211
0.75 0.21875 0.119377
0.71875 0.21875 0.103363
0.6875 0.1875 0.114416
0.6875 0.125 0.168327
0.75 0.125 0.2
0.75 0.1875 0.146211
0.6875 0.1875 0.114416
0.625 0.125 0.136929
0.625 0.0625 0.191614
0.6875 0.0625 0.222422
0.6875 0.125 0.168327
0.625 0.125 0.136929
0.625 0.0625 0.191614
0.625 0 0.247582
0.6875 0 0.277148
0.6875 0.0625 0.222422
0.625 0.0625 0.191614
0.6875 0.125 0.168327
0.6875 0.0625 0.222422
0.75 0.0625 0.253834
0.75 0.125 0.2
0.6875 0.125 0.168327
0.6875 0.0625 0.222422
0.6875 0 0.277148
0.75 0 0.307955
0.75 0.0625 0.253834
0.6875 0.0625 0.222422
0.75 0.5 -0.0325443
0.75 0.46875 -0.0449203
0.78125 0.46875 -0.0154611
0.78125 0.5 -0.00450701
0.75 0.5 -0.0325443
0.75 0.46875 -0.0449203
0.75 0.4375 -0.0446777
0.78125 0.4375 -0.0172594
0.78125 0.46875 -0.0154611
0.75 0.46875 -0.0449203
0.78125 0.5 -0.00450701
0.78125 0.46875 -0.0154611
0.8125 0.46875 0.0150556
0.8125 0.5 0.0250536
0.78125 0.5 -0.00450701
0.78125 0.46875 -0.0154611
0.78125 0.4375 -0.0172594
0.8125 0.4375 0.0122583
0.8125 0.46875 0.0150556
0.78125 0.46875 -0.0154611
0.75 0.4375 -0.0446777
0.75 0.40625 -0.0307782
0.78125 0.40625 -0.00781809
0.78125 0.4375 -0.0172594
0.75 0.4375 -0.0446777
0.75 0.40625 -0.0307782
0.75 0.375 -0.011135
0.78125 0.375 0.0101042
0.78125 0.40625 -0.00781809
0.75 0.40625 -0.0307782
0.78125 0.4375 -0.0172594
0.78125 0.40625 -0.00781809
0.8125 0.40625 0.0200113
0.8125 0.4375 0.0122583
0.78125 0.4375 -0.0172594
0.78125 0.40625 -0.00781809
0.78125 0.375 0.0101042
0.8125 0.375 0.0350502
0.8125 0.40625 0.0200113
0.78125 0.40625 -0.00781809
0.8125 0.5 0.0250536
0.8125 0.46875 0.0150556
0.84375 0.46875 0.046297
0.84375 0.5 0.0552818
0.8125 0.5 0.0250536
0.8125 0.46875 0.0150556
0.8125 0.4375 0.0122583
0.84375 0.4375 0.0434927
0.84375 0.46875 0.046297
0.8125 0.46875 0.0150556
0.84375 0.5 0.0552818
0.84375 0.46875 0.046297
0.875 0.46875 0.0775291
0.875 0.5 0.085696
0.84375 0.5 0.0552818
0.84375 0.46875 0.046297
0.84375 0.4375 0.0434927
0.875 0.4375 0.0747127
0.875 0.46875 0.0775291
0.84375 0.46875 0.046297
0.8125 0.4375 0.0122583
0.8125 0.40625 0.0200113
0.84375 0.40625 0.0495549
0.84375 0.4375 0.0434927
0.8125 0.4375 0.0122583
0.8125 0.40625 0.0200113
0.8125 0.375 0.0350502
0.84375 0.375 0.0621075
0.84375 0.40625 0.0495549
0.8125 0.40625 0.0200113
0.84375 0.4375 0.0434927
0.84375 0.40625 0.0495549
0.875 0.40625 0.079688
0.875 0.4375 0.0747127
0.84375 0.4375 0.0434927
0.84375 0.40625 0.0495549
0.84375 0.375 0.0621075
0.875 0.375 0.0901901
0.875 0.40625 0.079688
0.84375 0.40625 0.0495549
0.75 0.375 -0.011135
0.75 0.34375 0.0136732
0.78125 0.34375 0.033004
0.78125 0.375 0.0101042
0.75 0.375 -0.011135
0.75 0.34375 0.0136732
0.75 0.3125 0.0396231
0.78125 0.3125 0.057635
0.78125 0.34375 0.033004
0.75 0.34375 0.0136732
0.78125 0.375 0.0101042
0.78125 0.34375 0.033004
0.8125 0.34375 0.0547624
0.8125 0.375 0.0350502
0.78125 0.375 0.0101042
0.78125 0.34375 0.033004
0.78125 0.3125 0.057635
0.8125 0.3125 0.0774222
0.8125 0.34375 0.0547624
0.78125 0.34375 0.033004
0.75 0.3125 0.0396231
0.75 0.28125 0.0660036
0.78125 0.28125 0.0831714
0.78125 0.3125 0.057635
0.75 0.3125 0.0396231
0.75 0.28125 0.0660036
0.75 0.25 0.0926248
0.78125 0.25 0.109309
0.78125 0.28125 0.0831714
0.75 0.28125 0.0660036
0.78125 0.3125 0.057635
0.78125 0.28125 0.0831714
0.8125 0.28125 0.101617
0.8125 0.3125 0.0774222
0.78125 0.3125 0.057635
0.78125 0.28125 0.0831714
0.78125 0.25 0.109309
0.8125 0.25 0.126859
0.8125 0.28125 0.101617
0.78125 0.28125 0.0831714
0.8125 0.375 0.0350502
0.8125 0.34375 0.0547624
0.84375 0.34375 0.0789967
0.84375 0.375 0.0621075
0.8125 0.375 0.0350502
0.8125 0.34375 0.0547624
0.8125 0.3125 0.0774222
0.84375 0.3125 0.0992205
0.84375 0.34375 0.0789967
0.8125 0.34375 0.0547624
0.84375 0.375 0.0621075
0.84375 0.34375 0.0789967
0.875 0.34375 0.104931
0.875 0.375 0.0901901
0.84375 0.375 0.0621075
0.84375 0.34375 0.0789967
0.84375 0.3125 0.0992205
0.875 0.3125 0.12306
0.875 0.34375 0.104931
0.84375 0.34375 0.0789967
0.8125 0.3125 0.0774222
0.8125 0.28125 0.101617
0.84375 0.28125 0.121662
0.84375 0.3125 0.0992205
0.8125 0.3125 0.0774222
0.8125 0.28125 0.101617
0.8125 0.25 0.126859
0.84375 0.25 0.145662
0.84375 0.28125 0.121662
0.8125 0.28125 0.101617
0.84375 0.3125 0.0992205
0.84375 0.28125 0.121662
0.875 0.28125 0.143529
0.875 0.3125 0.12306
0.84375 0.3125 0.0992205
0.84375 0.28125 0.121662
0.84375 0.25 0.145662
0.875 0.25 0.16592
0.875 0.28125 0.143529
0.84375 0.28125 0.121662
0.875 0.5 0.085696
0.875 0.46875 0.0775291
0.90625 0.46875 0.108741
0.90625 0.5 0.116234
0.875 0.5 0.085696
0.875 0.46875 0.0775291
0.875 0.4375 0.0747127
0.90625 0.4375 0.105901
0.90625 0.46875 0.108741
0.875 0.46875 0.0775291
0.90625 0.5 0.116234
0.90625 0.46875 0.108741
0.9375 0.46875 0.13991
0.9375 0.5 0.146843
0.90625 0.5 0.116234
0.90625 0.46875 0.108741
0.90625 0.4375 0.105901
0.9375 0.4375 0.137039
0.9375 0.46875 0.13991
0.90625 0.46875 0.108741
0.875 0.4375 0.0747127
0.875 0.40625 0.079688
0.90625 0.40625 0.110044
0.90625 0.4375 0.105901
0.875 0.4375 0.0747127
0.875 0.40625 0.079688
0.875 0.375 0.0901901
0.90625 0.375 0.119077
0.90625 0.40625 0.110044
0.875 0.40625 0.079688
0.90625 0.4375 0.105901
0.90625 0.40625 0.110044
0.9375 0.40625 0.14062
0.9375 0.4375 0.137039
0.90625 0.4375 0.105901
0.90625 0.40625 0.110044
0.90625 0.375 0.119077
0.9375 0.375 0.148443
0.9375 0.40625 0.14062
0.90625 0.40625 0.110044
0.9375 0.5 0.146843
0.9375 0.4375 0.137039
1 0.4375 0.199409
1 0.5 0.209045
0.9375 0.5 0.146843
0.9375 0.4375 0.137039
0.9375 0.375 0.148443
1 0.375 0.208805
1 0.4375 0.199409
0.9375 0.4375 0.137039
0.875 0.375 0.0901901
0.875 0.3125 0.12306
0.9375 0.3125 0.174818
0.9375 0.375 0.148443
0.875 0.375 0.0901901
0.875 0.3125 0.12306
0.875 0.25 0.16592
0.9375 0.25 0.210883
0.9375 0.3125 0.174818
0.875 0.3125 0.12306
0.9375 0.375 0.148443
0.9375 0.3125 0.174818
1 0.3125 0.231136
1 0.375 0.208805
0.9375 0.375 0.148443
0.9375 0.3125 0.174818
0.9375 0.25 0.210883
1 0.25 0.262487
1 0.3125 0.231136
0.9375 0.3125 0.174818
0.75 0.25 0.0926248
0.75 0.1875 0.146211
0.8125 0.1875 0.179087
0.8125 0.25 0.126859
0.75 0.25 0.0926248
0.75 0.1875 0.146211
0.75 0.125 0.2
0.8125 0.125 0.232302
0.8125 0.1875 0.179087
0.75 0.1875 0.146211
0.8125 0.25 0.126859
0.8125 0.1875 0.179087
0.875 0.1875 0.214867
0.875 0.25 0.16592
0.8125 0.25 0.126859
0.8125 0.1875 0.179087
0.8125 0.125 0.232302
0.875 0.125 0.266246
0.875 0.1875 0.214867
0.8125 0.1875 0.179087
0.75 0.125 0.2
0.75 0 0.307955
0.875 0 0.372298
0.875 0.125 0.266246
0.75 0.125 0.2
0.875 0.25 0.16592
0.875 0.1875 0.214867
0.9375 0.1875 0.254876
0.9375 0.25 0.210883
0.875 0.25 0.16592
0.875 0.1875 0.214867
0.875 0.125 0.266246
0.9375 0.125 0.303088
0.9375 0.1875 0.254876
0.875 0.1875 0.214867
0.9375 0.25 0.210883
0.9375 0.1875 0.254876
1 0.1875 0.301555
1 0.25 0.262487
0.9375 0.25 0.210883
0.9375 0.1875 0.254876
0.9375 0.125 0.303088
1 0.125 0.345347
1 0.1875 0.301555
0.9375 0.1875 0.254876
0.875 0.125 0.266246
0.875 0 0.372298
1 0 0.446178
1 0.125 0.345347
0.875 0.125 0.266246
