0 1 0.463058
0 0.875 0.383161
0.125 0.875 0.280208
0.125 1 0.366989
0 1 0.463058
0 0.875 0.383161
0 0.75 0.309283
0.125 0.75 0.20193
0.125 0.875 0.280208
0 0.875 0.383161
0.125 1 0.366989
0.125 0.875 0.280208
0.25 0.875 0.18557
0.25 1 0.283287
0.125 1 0.366989
0.125 0.875 0.280208
0.125 0.8125 0.24002
0.1875 0.8125 0.190075
0.1875 0.875 0.2322
0.125 0.875 0.280208
0.125 0.8125 0.24002
0.125 0.75 0.20193
0.1875 0.75 0.150664
0.1875 0.8125 0.190075
0.125 0.8125 0.24002
0.1875 0.875 0.2322
0.1875 0.8125 0.190075
0.25 0.8125 0.140896
0.25 0.875 0.18557
0.1875 0.875 0.2322
0.1875 0.8125 0.190075
0.1875 0.75 0.150664
0.25 0.75 0.100584
0.25 0.8125 0.140896
0.1875 0.8125 0.190075
0 0.75 0.309283
0 0.6875 0.277391
0.0625 0.6875 0.220608
0.0625 0.75 0.254568
0 0.75 0.309283
0 0.6875 0.277391
0 0.625 0.24935
0.0625 0.625 0.190357
0.0625 0.6875 0.220608
0 0.6875 0.277391
0.0625 0.75 0.254568
0.0625 0.6875 0.220608
0.125 0.6875 0.166072
0.125 0.75 0.20193
0.0625 0.75 0.254568
0.0625 0.6875 0.220608
0.0625 0.625 0.190357
0.125 0.625 0.133218
0.125 0.6875 0.166072
0.0625 0.6875 0.220608
0 0.625 0.24935
0 0.5625 0.226254
0.0625 0.5625 0.164896
0.0625 0.625 0.190357
0 0.625 0.24935
0 0.5625 0.226254
0 0.5 0.210664
0.0625 0.5 0.148182
0.0625 0.5625 0.164896
0 0.5625 0.226254
0.0625 0.625 0.190357
0.0625 0.5625 0.164896
0.125 0.5625 0.105254
0.125 0.625 0.133218
0.0625 0.625 0.190357
0.0625 0.5625 0.164896
0.0625 0.53125 0.15531
0.09375 0.53125 0.124696
0.09375 0.5625 0.134968
0.0625 0.5625 0.164896
0.0625 0.53125 0.15531
0.0625 0.5 0.148182
0.09375 0.5 0.117049
0.09375 0.53125 0.124696
0.0625 0.53125 0.15531
0.09375 0.5625 0.134968
0.09375 0.53125 0.124696
0.125 0.53125 0.0941685
0.125 0.5625 0.105254
0.09375 0.5625 0.134968
0.09375 0.53125 0.124696
0.09375 0.5 0.117049
0.125 0.5 0.0859006
0.125 0.53125 0.0941685
0.09375 0.53125 0.124696
0.125 0.75 0.20193
0.125 0.6875 0.166072
0.1875 0.6875 0.113786
0.1875 0.75 0.150664
0.125 0.75 0.20193
0.125 0.6875 0.166072
0.125 0.65625 0.149192
0.15625 0.65625 0.122325
0.15625 0.6875 0.139736
0.125 0.6875 0.166072
0.125 0.65625 0.149192
0.125 0.625 0.133218
0.15625 0.625 0.105636
0.15625 0.65625 0.122325
0.125 0.65625 0.149192
0.15625 0.6875 0.139736
0.15625 0.65625 0.122325
0.1875 0.65625 0.0959014
0.1875 0.6875 0.113786
0.15625 0.6875 0.139736
0.15625 0.65625 0.122325
0.15625 0.625 0.105636
0.1875 0.625 0.0785481
0.1875 0.65625 0.0959014
0.15625 0.65625 0.122325
0.1875 0.75 0.150664
0.1875 0.71875 0.132046
0.21875 0.71875 0.106657
0.21875 0.75 0.125532
0.1875 0.75 0.150664
0.1875 0.71875 0.132046
0.1875 0.6875 0.113786
0.21875 0.6875 0.0881441
0.21875 0.71875 0.106657
0.1875 0.71875 0.132046
0.21875 0.75 0.125532
0.21875 0.71875 0.106657
0.25 0.71875 0.0814484
0.25 0.75 0.100584
0.21875 0.75 0.125532
0.21875 0.71875 0.106657
0.21875 0.6875 0.0881441
0.25 0.6875 0.0627377
0.25 0.71875 0.0814484
0.21875 0.71875 0.106657
0.1875 0.6875 0.113786
0.1875 0.65625 0.0959014
0.21875 0.65625 0.069921
0.21875 0.6875 0.0881441
0.1875 0.6875 0.113786
0.1875 0.65625 0.0959014
0.1875 0.625 0.0785481
0.21875 0.625 0.0520448
0.21875 0.65625 0.069921
0.1875 0.65625 0.0959014
0.21875 0.6875 0.0881441
0.21875 0.65625 0.069921
0.25 0.65625 0.0442912
0.25 0.6875 0.0627377
0.21875 0.6875 0.0881441
0.21875 0.65625 0.069921
0.21875 0.625 0.0520448
0.25 0.625 0.0260661
0.25 0.65625 0.0442912
0.21875 0.65625 0.069921
0.125 0.625 0.133218
0.125 0.59375 0.118432
0.15625 0.59375 0.0899894
0.15625 0.625 0.105636
0.125 0.625 0.133218
0.125 0.59375 0.118432
0.125 0.5625 0.105254
0.15625 0.5625 0.0758245
0.15625 0.59375 0.0899894
0.125 0.59375 0.118432
0.15625 0.625 0.105636
0.15625 0.59375 0.0899894
0.1875 0.59375 0.0620098
0.1875 0.625 0.0785481
0.15625 0.625 0.105636
0.15625 0.59375 0.0899894
0.15625 0.5625 0.0758245
0.1875 0.5625 0.0467768
0.1875 0.59375 0.0620098
0.15625 0.59375 0.0899894
0.125 0.5625 0.105254
0.125 0.53125 0.0941685
0.15625 0.53125 0.0637567
0.15625 0.5625 0.0758245
0.125 0.5625 0.105254
0.125 0.53125 0.0941685
0.125 0.5 0.0859006
0.15625 0.5 0.0547213
0.15625 0.53125 0.0637567
0.125 0.53125 0.0941685
0.15625 0.5625 0.0758245
0.15625 0.53125 0.0637567
0.1875 0.53125 0.0335067
0.1875 0.5625 0.0467768
0.15625 0.5625 0.0758245
0.15625 0.53125 0.0637567
0.15625 0.5 0.0547213
0.1875 0.5 0.023523
0.1875 0.53125 0.0335067
0.15625 0.53125 0.0637567
0.1875 0.625 0.0785481
0.1875 0.59375 0.0620098
0.21875 0.59375 0.0347088
0.21875 0.625 0.0520448
0.1875 0.625 0.0785481
0.1875 0.59375 0.0620098
0.1875 0.5625 0.0467768
0.21875 0.5625 0.0183558
0.21875 0.59375 0.0347088
0.1875 0.59375 0.0620098
0.21875 0.625 0.0520448
0.21875 0.59375 0.0347088
0.25 0.59375 0.00815944
0.25 0.625 0.0260661
0.21875 0.625 0.0520448
0.21875 0.59375 0.0347088
0.21875 0.5625 0.0183558
0.25 0.5625 -0.00891271
0.25 0.59375 0.00815944
0.21875 0.59375 0.0347088
0.1875 0.5625 0.0467768
0.1875 0.53125 0.0335067
0.21875 0.53125 0.00351772
0.21875 0.5625 0.0183558
0.1875 0.5625 0.0467768
0.1875 0.53125 0.0335067
0.1875 0.5 0.023523
0.21875 0.5 -0.00731253
0.21875 0.53125 0.00351772
0.1875 0.53125 0.0335067
0.21875 0.5625 0.0183558
0.21875 0.53125 0.00351772
0.25 0.53125 -0.0244752
0.25 0.5625 -0.00891271
0.21875 0.5625 0.0183558
0.21875 0.53125 0.00351772
0.21875 0.5 -0.00731253
0.25 0.5 -0.0369886
0.25 0.53125 -0.0244752
0.21875 0.53125 0.00351772
0.25 1 0.283287
0.25 0.9375 0.233437
0.3125 0.9375 0.193822
0.3125 1 0.247809
0.25 1 0.283287
0.25 0.9375 0.233437
0.25 0.875 0.18557
0.3125 0.875 0.141731
0.3125 0.9375 0.193822
0.25 0.9375 0.233437
0.3125 1 0.247809
0.3125 0.9375 0.193822
0.375 0.9375 0.16179
0.375 1 0.220587
0.3125 1 0.247809
0.3125 0.9375 0.193822
0.3125 0.875 0.141731
0.375 0.875 0.10497
0.375 0.9375 0.16179
0.3125 0.9375 0.193822
0.25 0.875 0.18557
0.25 0.8125 0.140896
0.3125 0.8125 0.0942226
0.3125 0.875 0.141731
0.25 0.875 0.18557
0.25 0.8125 0.140896
0.25 0.78125 0.120366
0.28125 0.78125 0.0960935
0.28125 0.8125 0.117303
0.25 0.8125 0.140896
0.25 0.78125 0.120366
0.25 0.75 0.100584
0.28125 0.75 0.075809
0.28125 0.78125 0.0960935
0.25 0.78125 0.120366
0.28125 0.8125 0.117303
0.28125 0.78125 0.0960935
0.3125 0.78125 0.072144
0.3125 0.8125 0.0942226
0.28125 0.8125 0.117303
0.28125 0.78125 0.0960935
0.28125 0.75 0.075809
0.3125 0.75 0.0512226
0.3125 0.78125 0.072144
0.28125 0.78125 0.0960935
0.3125 0.875 0.141731
0.3125 0.84375 0.117448
0.34375 0.84375 0.0966149
0.34375 0.875 0.122339
0.3125 0.875 0.141731
0.3125 0.84375 0.117448
0.3125 0.8125 0.0942226
0.34375 0.8125 0.072014
0.34375 0.84375 0.0966149
0.3125 0.84375 0.117448
0.34375 0.875 0.122339
0.34375 0.84375 0.0966149
0.375 0.84375 0.0775947
0.375 0.875 0.10497
0.34375 0.875 0.122339
0.34375 0.84375 0.0966149
0.34375 0.8125 0.072014
0.375 0.8125 0.0511986
0.375 0.84375 0.0775947
0.34375 0.84375 0.0966149
0.3125 0.8125 0.0942226
0.3125 0.78125 0.072144
0.34375 0.78125 0.0487146
0.34375 0.8125 0.072014
0.3125 0.8125 0.0942226
0.3125 0.78125 0.072144
0.3125 0.75 0.0512226
0.34375 0.75 0.0268628
0.34375 0.78125 0.0487146
0.3125 0.78125 0.072144
0.34375 0.8125 0.072014
0.34375 0.78125 0.0487146
0.375 0.78125 0.0261067
0.375 0.8125 0.0511986
0.34375 0.8125 0.072014
0.34375 0.78125 0.0487146
0.34375 0.75 0.0268628
0.375 0.75 0.00274077
0.375 0.78125 0.0261067
0.34375 0.78125 0.0487146
0.375 1 0.220587
0.375 0.9375 0.16179
0.4375 0.9375 0.143666
0.4375 1 0.205793
0.375 1 0.220587
0.375 0.9375 0.16179
0.375 0.90625 0.133107
0.40625 0.90625 0.12062
0.40625 0.9375 0.150581
0.375 0.9375 0.16179
0.375 0.90625 0.133107
0.375 0.875 0.10497
0.40625 0.875 0.0909565
0.40625 0.90625 0.12062
0.375 0.90625 0.133107
0.40625 0.9375 0.150581
0.40625 0.90625 0.12062
0.4375 0.90625 0.112756
0.4375 0.9375 0.143666
0.40625 0.9375 0.150581
0.40625 0.90625 0.12062
0.40625 0.875 0.0909565
0.4375 0.875 0.0819411
0.4375 0.90625 0.112756
0.40625 0.90625 0.12062
0.4375 1 0.205793
0.4375 0.9375 0.143666
0.5 0.9375 0.144182
0.5 1 0.206232
0.4375 1 0.205793
0.4375 0.9375 0.143666
0.4375 0.90625 0.112756
0.46875 0.90625 0.110024
0.46875 0.9375 0.141263
0.4375 0.9375 0.143666
0.4375 0.90625 0.112756
0.4375 0.875 0.0819411
0.46875 0.875 0.0787848
0.46875 0.90625 0.110024
0.4375 0.90625 0.112756
0.46875 0.9375 0.141263
0.46875 0.90625 0.110024
0.5 0.90625 0.113284
0.5 0.9375 0.144182
0.46875 0.9375 0.141263
0.46875 0.90625 0.110024
0.46875 0.875 0.0787848
0.5 0.875 0.0824659
0.5 0.90625 0.113284
0.46875 0.90625 0.110024
0.375 0.875 0.10497
0.375 0.84375 0.0775947
0.40625 0.84375 0.0617134
0.40625 0.875 0.0909565
0.375 0.875 0.10497
0.375 0.84375 0.0775947
0.375 0.8125 0.0511986
0.40625 0.8125 0.0330821
0.40625 0.84375 0.0617134
0.375 0.84375 0.0775947
0.40625 0.875 0.0909565
0.40625 0.84375 0.0617134
0.4375 0.84375 0.0512483
0.4375 0.875 0.0819411
0.40625 0.875 0.0909565
0.40625 0.84375 0.0617134
0.40625 0.8125 0.0330821
0.4375 0.8125 0.020733
0.4375 0.84375 0.0512483
0.40625 0.84375 0.0617134
0.375 0.8125 0.0511986
0.375 0.78125 0.0261067
0.40625 0.78125 0.00535039
0.40625 0.8125 0.0330821
0.375 0.8125 0.0511986
0.375 0.78125 0.0261067
0.375 0.75 0.00274077
0.40625 0.75 -0.0192564
0.40625 0.78125 0.00535039
0.375 0.78125 0.0261067
0.40625 0.8125 0.0330821
0.40625 0.78125 0.00535039
0.4375 0.78125 -0.00921376
0.4375 0.8125 0.020733
0.40625 0.8125 0.0330821
0.40625 0.78125 0.00535039
0.40625 0.75 -0.0192564
0.4375 0.75 -0.0371522
0.4375 0.78125 -0.00921376
0.40625 0.78125 0.00535039
0.4375 0.875 0.0819411
0.4375 0.84375 0.0512483
0.46875 0.84375 0.0475427
0.46875 0.875 0.0787848
0.4375 0.875 0.0819411
0.4375 0.84375 0.0512483
0.4375 0.8125 0.020733
0.46875 0.8125 0.0162952
0.46875 0.84375 0.0475427
0.4375 0.84375 0.0512483
0.46875 0.875 0.0787848
0.46875 0.84375 0.0475427
0.5 0.84375 0.0517483
0.5 0.875 0.0824659
0.46875 0.875 0.0787848
0.46875 0.84375 0.0475427
0.46875 0.8125 0.0162952
0.5 0.8125 0.0211623
0.5 0.84375 0.0517483
0.46875 0.84375 0.0475427
0.4375 0.8125 0.020733
0.4375 0.78125 -0.00921376
0.46875 0.78125 -0.0148993
0.46875 0.8125 0.0162952
0.4375 0.8125 0.020733
0.4375 0.78125 -0.00921376
0.4375 0.75 -0.0371522
0.46875 0.75 -0.0458994
0.46875 0.78125 -0.0148993
0.4375 0.78125 -0.00921376
0.46875 0.8125 0.0162952
0.46875 0.78125 -0.0148993
0.5 0.78125 -0.0090662
0.5 0.8125 0.0211623
0.46875 0.8125 0.0162952
0.46875 0.78125 -0.0148993
0.46875 0.75 -0.0458994
0.5 0.75 -0.0383958
0.5 0.78125 -0.0090662
0.46875 0.78125 -0.0148993
0.25 0.75 0.100584
0.25 0.71875 0.0814484
0.28125 0.71875 0.0563781
0.28125 0.75 0.075809
0.25 0.75 0.100584
0.25 0.71875 0.0814484
0.25 0.6875 0.0627377
0.28125 0.6875 0.037494
0.28125 0.71875 0.0563781
0.25 0.71875 0.0814484
0.28125 0.75 0.075809
0.28125 0.71875 0.0563781
0.3125 0.71875 0.0314178
0.3125 0.75 0.0512226
0.28125 0.75 0.075809
0.28125 0.71875 0.0563781
0.28125 0.6875 0.037494
0.3125 0.6875 0.0123732
0.3125 0.71875 0.0314178
0.28125 0.71875 0.0563781
0.25 0.6875 0.0627377
0.25 0.65625 0.0442912
0.28125 0.65625 0.0189069
0.28125 0.6875 0.037494
0.25 0.6875 0.0627377
0.25 0.65625 0.0442912
0.25 0.625 0.0260661
0.28125 0.625 0.000484543
0.28125 0.65625 0.0189069
0.25 0.65625 0.0442912
0.28125 0.6875 0.037494
0.28125 0.65625 0.0189069
0.3125 0.65625 -0.00631809
0.3125 0.6875 0.0123732
0.28125 0.6875 0.037494
0.28125 0.65625 0.0189069
0.28125 0.625 0.000484543
0.3125 0.625 -0.0248174
0.3125 0.65625 -0.00631809
0.28125 0.65625 0.0189069
0.3125 0.75 0.0512226
0.3125 0.71875 0.0314178
0.34375 0.71875 0.00655654
0.34375 0.75 0.0268628
0.3125 0.75 0.0512226
0.3125 0.71875 0.0314178
0.3125 0.6875 0.0123732
0.34375 0.6875 -0.0125776
0.34375 0.71875 0.00655654
0.3125 0.71875 0.0314178
0.34375 0.75 0.0268628
0.34375 0.71875 0.00655654
0.375 0.71875 -0.017756
0.375 0.75 0.00274077
0.34375 0.75 0.0268628
0.34375 0.71875 0.00655654
0.34375 0.6875 -0.0125776
0.375 0.6875 -0.0372823
0.375 0.71875 -0.017756
0.34375 0.71875 0.00655654
0.3125 0.6875 0.0123732
0.3125 0.65625 -0.00631809
0.34375 0.65625 -0.0314055
0.34375 0.6875 -0.0125776
0.3125 0.6875 0.0123732
0.3125 0.65625 -0.00631809
0.3125 0.625 -0.0248174
0.34375 0.625 -0.0500283
0.34375 0.65625 -0.0314055
0.3125 0.65625 -0.00631809
0.34375 0.6875 -0.0125776
0.34375 0.65625 -0.0314055
0.375 0.65625 -0.0563471
0.375 0.6875 -0.0372823
0.34375 0.6875 -0.0125776
0.34375 0.65625 -0.0314055
0.34375 0.625 -0.0500283
0.375 0.625 -0.0751324
0.375 0.65625 -0.0563471
0.34375 0.65625 -0.0314055
0.25 0.625 0.0260661
0.25 0.59375 0.00815944
0.28125 0.59375 -0.0176278
0.28125 0.625 0.000484543
0.25 0.625 0.0260661
0.25 0.59375 0.00815944
0.25 0.5625 -0.00891271
0.28125 0.5625 -0.0351675
0.28125 0.59375 -0.0176278
0.25 0.59375 0.00815944
0.28125 0.625 0.000484543
0.28125 0.59375 -0.0176278
0.3125 0.59375 -0.0431048
0.3125 0.625 -0.0248174
0.28125 0.625 0.000484543
0.28125 0.59375 -0.0176278
0.28125 0.5625 -0.0351675
0.3125 0.5625 -0.0610243
0.3125 0.59375 -0.0431048
0.28125 0.59375 -0.0176278
0.25 0.5625 -0.00891271
0.25 0.53125 -0.0244752
0.28125 0.53125 -0.0516485
0.28125 0.5625 -0.0351675
0.25 0.5625 -0.00891271
0.25 0.53125 -0.0244752
0.25 0.5 -0.0369886
0.28125 0.5 -0.065822
0.28125 0.53125 -0.0516485
0.25 0.53125 -0.0244752
0.28125 0.5625 -0.0351675
0.28125 0.53125 -0.0516485
0.3125 0.53125 -0.0782221
0.3125 0.5625 -0.0610243
0.28125 0.5625 -0.0351675
0.28125 0.53125 -0.0516485
0.28125 0.5 -0.065822
0.3125 0.5 -0.0937991
0.3125 0.53125 -0.0782221
0.28125 0.53125 -0.0516485
0.3125 0.625 -0.0248174
0.3125 0.59375 -0.0431048
0.34375 0.59375 -0.0684608
0.34375 0.625 -0.0500283
0.3125 0.625 -0.0248174
0.3125 0.59375 -0.0431048
0.3125 0.5625 -0.0610243
0.34375 0.5625 -0.0866286
0.34375 0.59375 -0.0684608
0.3125 0.59375 -0.0431048
0.34375 0.625 -0.0500283
0.34375 0.59375 -0.0684608
0.375 0.59375 -0.0937138
0.375 0.625 -0.0751324
0.34375 0.625 -0.0500283
0.34375 0.59375 -0.0684608
0.34375 0.5625 -0.0866286
0.375 0.5625 -0.112068
0.375 0.59375 -0.0937138
0.34375 0.59375 -0.0684608
0.3125 0.5625 -0.0610243
0.3125 0.53125 -0.0782221
0.34375 0.53125 -0.104309
0.34375 0.5625 -0.0866286
0.3125 0.5625 -0.0610243
0.3125 0.53125 -0.0782221
0.3125 0.5 -0.0937991
0.34375 0.5 -0.12091
0.34375 0.53125 -0.104309
0.3125 0.53125 -0.0782221
0.34375 0.5625 -0.0866286
0.34375 0.53125 -0.104309
0.375 0.53125 -0.1301
0.375 0.5625 -0.112068
0.34375 0.5625 -0.0866286
0.34375 0.53125 -0.104309
0.34375 0.5 -0.12091
0.375 0.5 -0.14744
0.375 0.53125 -0.1301
0.34375 0.53125 -0.104309
0.375 0.75 0.00274077
0.375 0.71875 -0.017756
0.40625 0.71875 -0.0411946
0.40625 0.75 -0.0192564
0.375 0.75 0.00274077
0.375 0.71875 -0.017756
0.375 0.6875 -0.0372823
0.40625 0.6875 -0.0615615
0.40625 0.71875 -0.0411946
0.375 0.71875 -0.017756
0.40625 0.75 -0.0192564
0.40625 0.71875 -0.0411946
0.4375 0.71875 -0.0624124
0.4375 0.75 -0.0371522
0.40625 0.75 -0.0192564
0.40625 0.71875 -0.0411946
0.40625 0.6875 -0.0615615
0.4375 0.6875 -0.0848074
0.4375 0.71875 -0.0624124
0.40625 0.71875 -0.0411946
0.375 0.6875 -0.0372823
0.375 0.65625 -0.0563471
0.40625 0.65625 -0.0810649
0.40625 0.6875 -0.0615615
0.375 0.6875 -0.0372823
0.375 0.65625 -0.0563471
0.375 0.625 -0.0751324
0.40625 0.625 -0.100096
0.40625 0.65625 -0.0810649
0.375 0.65625 -0.0563471
0.40625 0.6875 -0.0615615
0.40625 0.65625 -0.0810649
0.4375 0.65625 -0.105311
0.4375 0.6875 -0.0848074
0.40625 0.6875 -0.0615615
0.40625 0.65625 -0.0810649
0.40625 0.625 -0.100096
0.4375 0.625 -0.124826
0.4375 0.65625 -0.105311
0.40625 0.65625 -0.0810649
0.4375 0.75 -0.0371522
0.4375 0.71875 -0.0624124
0.46875 0.71875 -0.0760148
0.46875 0.75 -0.0458994
0.4375 0.75 -0.0371522
0.4375 0.71875 -0.0624124
0.4375 0.6875 -0.0848074
0.46875 0.6875 -0.103672
0.46875 0.71875 -0.0760148
0.4375 0.71875 -0.0624124
0.46875 0.75 -0.0458994
0.46875 0.71875 -0.0760148
0.5 0.71875 -0.0668729
0.5 0.75 -0.0383958
0.46875 0.75 -0.0458994
0.46875 0.71875 -0.0760148
0.46875 0.6875 -0.103672
0.5 0.6875 -0.0944776
0.5 0.71875 -0.0668729
0.46875 0.71875 -0.0760148
0.4375 0.6875 -0.0848074
0.4375 0.65625 -0.105311
0.46875 0.65625 -0.12786
0.46875 0.6875 -0.103672
0.4375 0.6875 -0.0848074
0.4375 0.65625 -0.105311
0.4375 0.625 -0.124826
0.46875 0.625 -0.148632
0.46875 0.65625 -0.12786
0.4375 0.65625 -0.105311
0.46875 0.6875 -0.103672
0.46875 0.65625 -0.12786
0.5 0.65625 -0.121381
0.5 0.6875 -0.0944776
0.46875 0.6875 -0.103672
0.46875 0.65625 -0.12786
0.46875 0.625 -0.148632
0.5 0.625 -0.147652
0.5 0.65625 -0.121381
0.46875 0.65625 -0.12786
0.375 0.625 -0.0751324
0.375 0.59375 -0.0937138
0.40625 0.59375 -0.118853
0.40625 0.625 -0.100096
0.375 0.625 -0.0751324
0.375 0.59375 -0.0937138
0.375 0.5625 -0.112068
0.40625 0.5625 -0.137381
0.40625 0.59375 -0.118853
0.375 0.59375 -0.0937138
0.40625 0.625 -0.100096
0.40625 0.59375 -0.118853
0.4375 0.59375 -0.143841
0.4375 0.625 -0.124826
0.40625 0.625 -0.100096
0.40625 0.59375 -0.118853
0.40625 0.5625 -0.137381
0.4375 0.5625 -0.162569
0.4375 0.59375 -0.143841
0.40625 0.59375 -0.118853
0.375 0.5625 -0.112068
0.375 0.5 -0.14744
0.4375 0.5 -0.193282
0.4375 0.5625 -0.162569
0.375 0.5625 -0.112068
0.4375 0.625 -0.124826
0.4375 0.5625 -0.162569
0.5 0.5625 -0.199271
0.5 0.625 -0.147652
0.4375 0.625 -0.124826
0.4375 0.5625 -0.162569
0.4375 0.5 -0.193282
0.5 0.5 -0.237176
0.5 0.5625 -0.199271
0.4375 0.5625 -0.162569
0 0.5 0.210664
0 0.4375 0.208233
0.0625 0.4375 0.145929
0.0625 0.5 0.148182
0 0.5 0.210664
0 0.4375 0.208233
0 0.375 0.221345
0.0625 0.375 0.161784
0.0625 0.4375 0.145929
0 0.4375 0.208233
0.0625 0.5 0.148182
0.0625 0.46875 0.144236
0.09375 0.46875 0.113005
0.09375 0.5 0.117049
0.0625 0.5 0.148182
0.0625 0.46875 0.144236
0.0625 0.4375 0.145929
0.09375 0.4375 0.115025
0.09375 0.46875 0.113005
0.0625 0.46875 0.144236
0.09375 0.5 0.117049
0.09375 0.46875 0.113005
0.125 0.46875 0.0817831
0.125 0.5 0.0859006
0.09375 0.5 0.117049
0.09375 0.46875 0.113005
0.09375 0.4375 0.115025
0.125 0.4375 0.0841873
0.125 0.46875 0.0817831
0.09375 0.46875 0.113005
0.0625 0.4375 0.145929
0.0625 0.40625 0.152021
0.09375 0.40625 0.12203
0.09375 0.4375 0.115025
0.0625 0.4375 0.145929
0.0625 0.40625 0.152021
0.0625 0.375 0.161784
0.09375 0.375 0.132986
0.09375 0.40625 0.12203
0.0625 0.40625 0.152021
0.09375 0.4375 0.115025
0.09375 0.40625 0.12203
0.125 0.40625 0.0923414
0.125 0.4375 0.0841873
0.09375 0.4375 0.115025
0.09375 0.40625 0.12203
0.09375 0.375 0.132986
0.125 0.375 0.104713
0.125 0.40625 0.0923414
0.09375 0.40625 0.12203
0 0.375 0.221345
0 0.3125 0.245493
0.0625 0.3125 0.189918
0.0625 0.375 0.161784
0 0.375 0.221345
0 0.3125 0.245493
0 0.25 0.278349
0.0625 0.25 0.227294
0.0625 0.3125 0.189918
0 0.3125 0.245493
0.0625 0.375 0.161784
0.0625 0.3125 0.189918
0.125 0.3125 0.138864
0.125 0.375 0.104713
0.0625 0.375 0.161784
0.0625 0.3125 0.189918
0.0625 0.25 0.227294
0.125 0.25 0.181163
0.125 0.3125 0.138864
0.0625 0.3125 0.189918
0.125 0.5 0.0859006
0.125 0.46875 0.0817831
0.15625 0.46875 0.0505469
0.15625 0.5 0.0547213
0.125 0.5 0.0859006
0.125 0.46875 0.0817831
0.125 0.4375 0.0841873
0.15625 0.4375 0.0534576
0.15625 0.46875 0.0505469
0.125 0.46875 0.0817831
0.15625 0.5 0.0547213
0.15625 0.46875 0.0505469
0.1875 0.46875 0.0193026
0.1875 0.5 0.023523
0.15625 0.5 0.0547213
0.15625 0.46875 0.0505469
0.15625 0.4375 0.0534576
0.1875 0.4375 0.0229467
0.1875 0.46875 0.0193026
0.15625 0.46875 0.0505469
0.125 0.4375 0.0841873
0.125 0.40625 0.0923414
0.15625 0.40625 0.0630916
0.15625 0.4375 0.0534576
0.125 0.4375 0.0841873
0.125 0.40625 0.0923414
0.125 0.375 0.104713
0.15625 0.375 0.07729
0.15625 0.40625 0.0630916
0.125 0.40625 0.0923414
0.15625 0.4375 0.0534576
0.15625 0.40625 0.0630916
0.1875 0.40625 0.034619
0.1875 0.4375 0.0229467
0.15625 0.4375 0.0534576
0.15625 0.40625 0.0630916
0.15625 0.375 0.07729
0.1875 0.375 0.0508969
0.1875 0.40625 0.034619
0.15625 0.40625 0.0630916
0.1875 0.5 0.023523
0.1875 0.46875 0.0193026
0.21875 0.46875 -0.0113599
0.21875 0.5 -0.00731253
0.1875 0.5 0.023523
0.1875 0.46875 0.0193026
0.1875 0.4375 0.0229467
0.21875 0.4375 -0.00660803
0.21875 0.46875 -0.0113599
0.1875 0.46875 0.0193026
0.21875 0.5 -0.00731253
0.21875 0.46875 -0.0113599
0.25 0.46875 -0.0408559
0.25 0.5 -0.0369886
0.21875 0.5 -0.00731253
0.21875 0.46875 -0.0113599
0.21875 0.4375 -0.00660803
0.25 0.4375 -0.032819
0.25 0.46875 -0.0408559
0.21875 0.46875 -0.0113599
0.1875 0.4375 0.0229467
0.1875 0.40625 0.034619
0.21875 0.40625 0.00716641
0.21875 0.4375 -0.00660803
0.1875 0.4375 0.0229467
0.1875 0.40625 0.034619
0.1875 0.375 0.0508969
0.21875 0.375 0.026193
0.21875 0.40625 0.00716641
0.1875 0.40625 0.034619
0.21875 0.4375 -0.00660803
0.21875 0.40625 0.00716641
0.25 0.40625 -0.0171243
0.25 0.4375 -0.032819
0.21875 0.4375 -0.00660803
0.21875 0.40625 0.00716641
0.21875 0.375 0.026193
0.25 0.375 0.00349371
0.25 0.40625 -0.0171243
0.21875 0.40625 0.00716641
0.125 0.375 0.104713
0.125 0.34375 0.120409
0.15625 0.34375 0.0947711
0.15625 0.375 0.07729
0.125 0.375 0.104713
0.125 0.34375 0.120409
0.125 0.3125 0.138864
0.15625 0.3125 0.114919
0.15625 0.34375 0.0947711
0.125 0.34375 0.120409
0.15625 0.375 0.07729
0.15625 0.34375 0.0947711
0.1875 0.34375 0.0705963
0.1875 0.375 0.0508969
0.15625 0.375 0.07729
0.15625 0.34375 0.0947711
0.15625 0.3125 0.114919
0.1875 0.3125 0.0923246
0.1875 0.34375 0.0705963
0.15625 0.34375 0.0947711
0.125 0.3125 0.138864
0.125 0.25 0.181163
0.1875 0.25 0.138974
0.1875 0.3125 0.0923246
0.125 0.3125 0.138864
0.1875 0.375 0.0508969
0.1875 0.34375 0.0705963
0.21875 0.34375 0.0479371
0.21875 0.375 0.026193
0.1875 0.375 0.0508969
0.1875 0.34375 0.0705963
0.1875 0.3125 0.0923246
0.21875 0.3125 0.0710106
0.21875 0.34375 0.0479371
0.1875 0.34375 0.0705963
0.21875 0.375 0.026193
0.21875 0.34375 0.0479371
0.25 0.34375 0.026736
0.25 0.375 0.00349371
0.21875 0.375 0.026193
0.21875 0.34375 0.0479371
0.21875 0.3125 0.0710106
0.25 0.3125 0.0507629
0.25 0.34375 0.026736
0.21875 0.34375 0.0479371
0.1875 0.3125 0.0923246
0.1875 0.28125 0.115243
0.21875 0.28125 0.0948543
0.21875 0.3125 0.0710106
0.1875 0.3125 0.0923246
0.1875 0.28125 0.115243
0.1875 0.25 0.138974
0.21875 0.25 0.119202
0.21875 0.28125 0.0948543
0.1875 0.28125 0.115243
0.21875 0.3125 0.0710106
0.21875 0.28125 0.0948543
0.25 0.28125 0.0752302
0.25 0.3125 0.0507629
0.21875 0.3125 0.0710106
0.21875 0.28125 0.0948543
0.21875 0.25 0.119202
0.25 0.25 0.0999639
0.25 0.28125 0.0752302
0.21875 0.28125 0.0948543
0 0.25 0.278349
0 0.125 0.362988
0.125 0.125 0.275809
0.125 0.25 0.181163
0 0.25 0.278349
0 0.125 0.362988
0 0 0.457474
0.125 0 0.375628
0.125 0.125 0.275809
0 0.125 0.362988
0.125 0.25 0.181163
0.125 0.1875 0.227645
0.1875 0.1875 0.187809
0.1875 0.25 0.138974
0.125 0.25 0.181163
0.125 0.1875 0.227645
0.125 0.125 0.275809
0.1875 0.125 0.237403
0.1875 0.1875 0.187809
0.125 0.1875 0.227645
0.1875 0.25 0.138974
0.1875 0.1875 0.187809
0.25 0.1875 0.149917
0.25 0.25 0.0999639
0.1875 0.25 0.138974
0.1875 0.1875 0.187809
0.1875 0.125 0.237403
0.25 0.125 0.200412
0.25 0.1875 0.149917
0.1875 0.1875 0.187809
0.125 0.125 0.275809
0.125 0 0.375628
0.25 0 0.304084
0.25 0.125 0.200412
0.125 0.125 0.275809
0.25 0.5 -0.0369886
0.25 0.46875 -0.0408559
0.28125 0.46875 -0.0689677
0.28125 0.5 -0.065822
0.25 0.5 -0.0369886
0.25 0.46875 -0.0408559
0.25 0.4375 -0.032819
0.28125 0.4375 -0.0574895
0.28125 0.46875 -0.0689677
0.25 0.46875 -0.0408559
0.28125 0.5 -0.065822
0.28125 0.46875 -0.0689677
0.3125 0.46875 -0.0954672
0.3125 0.5 -0.0937991
0.28125 0.5 -0.065822
0.28125 0.46875 -0.0689677
0.28125 0.4375 -0.0574895
0.3125 0.4375 -0.0805391
0.3125 0.46875 -0.0954672
0.28125 0.46875 -0.0689677
0.25 0.4375 -0.032819
0.25 0.40625 -0.0171243
0.28125 0.40625 -0.0389498
0.28125 0.4375 -0.0574895
0.25 0.4375 -0.032819
0.25 0.40625 -0.0171243
0.25 0.375 0.00349371
0.28125 0.375 -0.0171874
0.28125 0.40625 -0.0389498
0.25 0.40625 -0.0171243
0.28125 0.4375 -0.0574895
0.28125 0.40625 -0.0389498
0.3125 0.40625 -0.0598371
0.3125 0.4375 -0.0805391
0.28125 0.4375 -0.0574895
0.28125 0.40625 -0.0389498
0.28125 0.375 -0.0171874
0.3125 0.375 -0.0367281
0.3125 0.40625 -0.0598371
0.28125 0.40625 -0.0389498
0.3125 0.5 -0.0937991
0.3125 0.46875 -0.0954672
0.34375 0.46875 -0.120218
0.34375 0.5 -0.12091
0.3125 0.5 -0.0937991
0.3125 0.46875 -0.0954672
0.3125 0.4375 -0.0805391
0.34375 0.4375 -0.102125
0.34375 0.46875 -0.120218
0.3125 0.46875 -0.0954672
0.34375 0.5 -0.12091
0.34375 0.46875 -0.120218
0.375 0.46875 -0.143064
0.375 0.5 -0.14744
0.34375 0.5 -0.12091
0.34375 0.46875 -0.120218
0.34375 0.4375 -0.102125
0.375 0.4375 -0.122658
0.375 0.46875 -0.143064
0.34375 0.46875 -0.120218
0.3125 0.4375 -0.0805391
0.3125 0.40625 -0.0598371
0.34375 0.40625 -0.0798347
0.34375 0.4375 -0.102125
0.3125 0.4375 -0.0805391
0.3125 0.40625 -0.0598371
0.3125 0.375 -0.0367281
0.34375 0.375 -0.0559145
0.34375 0.40625 -0.0798347
0.3125 0.40625 -0.0598371
0.34375 0.4375 -0.102125
0.34375 0.40625 -0.0798347
0.375 0.40625 -0.0992235
0.375 0.4375 -0.122658
0.34375 0.4375 -0.102125
0.34375 0.40625 -0.0798347
0.34375 0.375 -0.0559145
0.375 0.375 -0.0747847
0.375 0.40625 -0.0992235
0.34375 0.40625 -0.0798347
0.25 0.375 0.00349371
0.25 0.34375 0.026736
0.28125 0.34375 0.00669725
0.28125 0.375 -0.0171874
0.25 0.375 0.00349371
0.25 0.34375 0.026736
0.25 0.3125 0.0507629
0.28125 0.3125 0.0312992
0.28125 0.34375 0.00669725
0.25 0.34375 0.026736
0.28125 0.375 -0.0171874
0.28125 0.34375 0.00669725
0.3125 0.34375 -0.012532
0.3125 0.375 -0.0367281
0.28125 0.375 -0.0171874
0.28125 0.34375 0.00669725
0.28125 0.3125 0.0312992
0.3125 0.3125 0.0123322
0.3125 0.34375 -0.012532
0.28125 0.34375 0.00669725
0.25 0.3125 0.0507629
0.25 0.28125 0.0752302
0.28125 0.28125 0.0561331
0.28125 0.3125 0.0312992
0.25 0.3125 0.0507629
0.25 0.28125 0.0752302
0.25 0.25 0.0999639
0.28125 0.25 0.0811135
0.28125 0.28125 0.0561331
0.25 0.28125 0.0752302
0.28125 0.3125 0.0312992
0.28125 0.28125 0.0561331
0.3125 0.28125 0.0373772
0.3125 0.3125 0.0123322
0.28125 0.3125 0.0312992
0.28125 0.28125 0.0561331
0.28125 0.25 0.0811135
0.3125 0.25 0.0625259
0.3125 0.28125 0.0373772
0.28125 0.28125 0.0561331
0.3125 0.375 -0.0367281
0.3125 0.34375 -0.012532
0.34375 0.34375 -0.0312779
0.34375 0.375 -0.0559145
0.3125 0.375 -0.0367281
0.3125 0.34375 -0.012532
0.3125 0.3125 0.0123322
0.34375 0.3125 -0.0063287
0.34375 0.34375 -0.0312779
0.3125 0.34375 -0.012532
0.34375 0.375 -0.0559145
0.34375 0.34375 -0.0312779
0.375 0.34375 -0.0498555
0.375 0.375 -0.0747847
0.34375 0.375 -0.0559145
0.34375 0.34375 -0.0312779
0.34375 0.3125 -0.0063287
0.375 0.3125 -0.0247413
0.375 0.34375 -0.0498555
0.34375 0.34375 -0.0312779
0.3125 0.3125 0.0123322
0.3125 0.28125 0.0373772
0.34375 0.28125 0.0188544
0.34375 0.3125 -0.0063287
0.3125 0.3125 0.0123322
0.3125 0.28125 0.0373772
0.3125 0.25 0.0625259
0.34375 0.25 0.0441544
0.34375 0.28125 0.0188544
0.3125 0.28125 0.0373772
0.34375 0.3125 -0.0063287
0.34375 0.28125 0.0188544
0.375 0.28125 0.000526311
0.375 0.3125 -0.0247413
0.34375 0.3125 -0.0063287
0.34375 0.28125 0.0188544
0.34375 0.25 0.0441544
0.375 0.25 0.0260016
0.375 0.28125 0.000526311
0.34375 0.28125 0.0188544
0.375 0.5 -0.14744
0.375 0.4375 -0.122658
0.4375 0.4375 -0.161487
0.4375 0.5 -0.193282
0.375 0.5 -0.14744
0.375 0.4375 -0.122658
0.375 0.40625 -0.0992235
0.40625 0.40625 -0.118187
0.40625 0.4375 -0.142367
0.375 0.4375 -0.122658
0.375 0.40625 -0.0992235
0.375 0.375 -0.0747847
0.40625 0.375 -0.0933655
0.40625 0.40625 -0.118187
0.375 0.40625 -0.0992235
0.40625 0.4375 -0.142367
0.40625 0.40625 -0.118187
0.4375 0.40625 -0.136761
0.4375 0.4375 -0.161487
0.40625 0.4375 -0.142367
0.40625 0.40625 -0.118187
0.40625 0.375 -0.0933655
0.4375 0.375 -0.111609
0.4375 0.40625 -0.136761
0.40625 0.40625 -0.118187
0.4375 0.5 -0.193282
0.4375 0.4375 -0.161487
0.5 0.4375 -0.197349
0.5 0.5 -0.237176
0.4375 0.5 -0.193282
0.4375 0.4375 -0.161487
0.4375 0.375 -0.111609
0.5 0.375 -0.146172
0.5 0.4375 -0.197349
0.4375 0.4375 -0.161487
0.375 0.375 -0.0747847
0.375 0.34375 -0.0498555
0.40625 0.34375 -0.0682036
0.40625 0.375 -0.0933655
0.375 0.375 -0.0747847
0.375 0.34375 -0.0498555
0.375 0.3125 -0.0247413
0.40625 0.3125 -0.0428959
0.40625 0.34375 -0.0682036
0.375 0.34375 -0.0498555
0.40625 0.375 -0.0933655
0.40625 0.34375 -0.0682036
0.4375 0.34375 -0.0862021
0.4375 0.375 -0.111609
0.40625 0.375 -0.0933655
0.40625 0.34375 -0.0682036
0.40625 0.3125 -0.0428959
0.4375 0.3125 -0.060623
0.4375 0.34375 -0.0862021
0.40625 0.34375 -0.0682036
0.375 0.3125 -0.0247413
0.375 0.28125 0.000526311
0.40625 0.28125 -0.0174418
0.40625 0.3125 -0.0428959
0.375 0.3125 -0.0247413
0.375 0.28125 0.000526311
0.375 0.25 0.0260016
0.40625 0.25 0.00825114
0.40625 0.28125 -0.0174418
0.375 0.28125 0.000526311
0.40625 0.3125 -0.0428959
0.40625 0.28125 -0.0174418
0.4375 0.28125 -0.034839
0.4375 0.3125 -0.060623
0.40625 0.3125 -0.0428959
0.40625 0.28125 -0.0174418
0.40625 0.25 0.00825114
0.4375 0.25 -0.00881282
0.4375 0.28125 -0.034839
0.40625 0.28125 -0.0174418
0.4375 0.375 -0.111609
0.4375 0.34375 -0.0862021
0.46875 0.34375 -0.103599
0.46875 0.375 -0.129354
0.4375 0.375 -0.111609
0.4375 0.34375 -0.0862021
0.4375 0.3125 -0.060623
0.46875 0.3125 -0.0775563
0.46875 0.34375 -0.103599
0.4375 0.34375 -0.0862021
0.46875 0.375 -0.129354
0.46875 0.34375 -0.103599
0.5 0.34375 -0.119771
0.5 0.375 -0.146172
0.46875 0.375 -0.129354
0.46875 0.34375 -0.103599
0.46875 0.3125 -0.0775563
0.5 0.3125 -0.092938
0.5 0.34375 -0.119771
0.46875 0.34375 -0.103599
0.4375 0.3125 -0.060623
0.4375 0.28125 -0.034839
0.46875 0.28125 -0.0512126
0.46875 0.3125 -0.0775563
0.4375 0.3125 -0.060623
0.4375 0.28125 -0.034839
0.4375 0.25 -0.00881282
0.46875 0.25 -0.0244729
0.46875 0.28125 -0.0512126
0.4375 0.28125 -0.034839
0.46875 0.3125 -0.0775563
0.46875 0.28125 -0.0512126
0.5 0.28125 -0.0655354
0.5 0.3125 -0.092938
0.46875 0.3125 -0.0775563
0.46875 0.28125 -0.0512126
0.46875 0.25 -0.0244729
0.5 0.25 -0.0375681
0.5 0.28125 -0.0655354
0.46875 0.28125 -0.0512126
0.25 0.25 0.0999639
0.25 0.21875 0.124873
0.28125 0.21875 0.106214
0.28125 0.25 0.0811135
0.25 0.25 0.0999639
0.25 0.21875 0.124873
0.25 0.1875 0.149917
0.28125 0.1875 0.131436
0.28125 0.21875 0.106214
0.25 0.21875 0.124873
0.28125 0.25 0.0811135
0.28125 0.21875 0.106214
0.3125 0.21875 0.0877916
0.3125 0.25 0.0625259
0.28125 0.25 0.0811135
0.28125 0.21875 0.106214
0.28125 0.1875 0.131436
0.3125 0.1875 0.113189
0.3125 0.21875 0.0877916
0.28125 0.21875 0.106214
0.25 0.1875 0.149917
0.25 0.125 0.200412
0.3125 0.125 0.164499
0.3125 0.1875 0.113189
0.25 0.1875 0.149917
0.3125 0.25 0.0625259
0.3125 0.21875 0.0877916
0.34375 0.21875 0.0695941
0.34375 0.25 0.0441544
0.3125 0.25 0.0625259
0.3125 0.21875 0.0877916
0.3125 0.1875 0.113189
0.34375 0.1875 0.0952085
0.34375 0.21875 0.0695941
0.3125 0.21875 0.0877916
0.34375 0.25 0.0441544
0.34375 0.21875 0.0695941
0.375 0.21875 0.0516918
0.375 0.25 0.0260016
0.34375 0.25 0.0441544
0.34375 0.21875 0.0695941
0.34375 0.1875 0.0952085
0.375 0.1875 0.0776441
0.375 0.21875 0.0516918
0.34375 0.21875 0.0695941
0.3125 0.1875 0.113189
0.3125 0.15625 0.138749
0.34375 0.15625 0.121041
0.34375 0.1875 0.0952085
0.3125 0.1875 0.113189
0.3125 0.15625 0.138749
0.3125 0.125 0.164499
0.34375 0.125 0.147137
0.34375 0.15625 0.121041
0.3125 0.15625 0.138749
0.34375 0.1875 0.0952085
0.34375 0.15625 0.121041
0.375 0.15625 0.103914
0.375 0.1875 0.0776441
0.34375 0.1875 0.0952085
0.34375 0.15625 0.121041
0.34375 0.125 0.147137
0.375 0.125 0.13055
0.375 0.15625 0.103914
0.34375 0.15625 0.121041
0.25 0.125 0.200412
0.25 0.0625 0.251584
0.3125 0.0625 0.21686
0.3125 0.125 0.164499
0.25 0.125 0.200412
0.25 0.0625 0.251584
0.25 0 0.304084
0.3125 0 0.2711
0.3125 0.0625 0.21686
0.25 0.0625 0.251584
0.3125 0.125 0.164499
0.3125 0.0625 0.21686
0.375 0.0625 0.185158
0.375 0.125 0.13055
0.3125 0.125 0.164499
0.3125 0.0625 0.21686
0.3125 0 0.2711
0.375 0 0.242016
0.375 0.0625 0.185158
0.3125 0.0625 0.21686
0.375 0.25 0.0260016
0.375 0.21875 0.0516918
0.40625 0.21875 0.0343241
0.40625 0.25 0.00825114
0.375 0.25 0.0260016
0.375 0.21875 0.0516918
0.375 0.1875 0.0776441
0.40625 0.1875 0.0607953
0.40625 0.21875 0.0343241
0.375 0.21875 0.0516918
0.40625 0.25 0.00825114
0.40625 0.21875 0.0343241
0.4375 0.21875 0.0178228
0.4375 0.25 -0.00881282
0.40625 0.25 0.00825114
0.40625 0.21875 0.0343241
0.40625 0.1875 0.0607953
0.4375 0.1875 0.0450786
0.4375 0.21875 0.0178228
0.40625 0.21875 0.0343241
0.375 0.1875 0.0776441
0.375 0.15625 0.103914
0.40625 0.15625 0.087713
0.40625 0.1875 0.0607953
0.375 0.1875 0.0776441
0.375 0.15625 0.103914
0.375 0.125 0.13055
0.40625 0.125 0.115094
0.40625 0.15625 0.087713
0.375 0.15625 0.103914
0.40625 0.1875 0.0607953
0.40625 0.15625 0.087713
0.4375 0.15625 0.0729564
0.4375 0.1875 0.0450786
0.40625 0.1875 0.0607953
0.40625 0.15625 0.087713
0.40625 0.125 0.115094
0.4375 0.125 0.101327
0.4375 0.15625 0.0729564
0.40625 0.15625 0.087713
0.4375 0.25 -0.00881282
0.4375 0.21875 0.0178228
0.46875 0.21875 0.00280687
0.46875 0.25 -0.0244729
0.4375 0.25 -0.00881282
0.4375 0.21875 0.0178228
0.4375 0.1875 0.0450786
0.46875 0.1875 0.031354
0.46875 0.21875 0.00280687
0.4375 0.21875 0.0178228
0.46875 0.25 -0.0244729
0.46875 0.21875 0.00280687
0.5 0.21875 -0.00895046
0.5 0.25 -0.0375681
0.46875 0.25 -0.0244729
0.46875 0.21875 0.00280687
0.46875 0.1875 0.031354
0.5 0.1875 0.0209978
0.5 0.21875 -0.00895046
0.46875 0.21875 0.00280687
0.4375 0.1875 0.0450786
0.4375 0.15625 0.0729564
0.46875 0.15625 0.0604843
0.46875 0.1875 0.031354
0.4375 0.1875 0.0450786
0.4375 0.15625 0.0729564
0.4375 0.125 0.101327
0.46875 0.125 0.0900349
0.46875 0.15625 0.0604843
0.4375 0.15625 0.0729564
0.46875 0.1875 0.031354
0.46875 0.15625 0.0604843
0.5 0.15625 0.0514659
0.5 0.1875 0.0209978
0.46875 0.1875 0.031354
0.46875 0.15625 0.0604843
0.46875 0.125 0.0900349
0.5 0.125 0.0821228
0.5 0.15625 0.0514659
0.46875 0.15625 0.0604843
0.375 0.125 0.13055
0.375 0.0625 0.185158
0.4375 0.0625 0.159449
0.4375 0.125 0.101327
0.375 0.125 0.13055
0.375 0.0625 0.185158
0.375 0 0.242016
0.4375 0 0.219251
0.4375 0.0625 0.159449
0.375 0.0625 0.185158
0.4375 0.125 0.101327
0.4375 0.09375 0.130224
0.46875 0.09375 0.119925
0.46875 0.125 0.0900349
0.4375 0.125 0.101327
0.4375 0.09375 0.130224
0.4375 0.0625 0.159449
0.46875 0.0625 0.150034
0.46875 0.09375 0.119925
0.4375 0.09375 0.130224
0.46875 0.125 0.0900349
0.46875 0.09375 0.119925
0.5 0.09375 0.112908
0.5 0.125 0.0821228
0.46875 0.125 0.0900349
0.46875 0.09375 0.119925
0.46875 0.0625 0.150034
0.5 0.0625 0.143768
0.5 0.09375 0.112908
0.46875 0.09375 0.119925
0.4375 0.0625 0.159449
0.4375 0 0.219251
0.5 0 0.205826
0.5 0.0625 0.143768
0.4375 0.0625 0.159449
0.5 1 0.206232
0.5 0.9375 0.144182
0.5625 0.9375 0.160756
0.5625 1 0.220312
0.5 1 0.206232
0.5 0.9375 0.144182
0.5 0.90625 0.113284
0.53125 0.90625 0.120663
0.53125 0.9375 0.150852
0.5 0.9375 0.144182
0.5 0.90625 0.113284
0.5 0.875 0.0824659
0.53125 0.875 0.0906665
0.53125 0.90625 0.120663
0.5 0.90625 0.113284
0.53125 0.9375 0.150852
0.53125 0.90625 0.120663
0.5625 0.90625 0.131396
0.5625 0.9375 0.160756
0.53125 0.9375 0.150852
0.53125 0.90625 0.120663
0.53125 0.875 0.0906665
0.5625 0.875 0.102332
0.5625 0.90625 0.131396
0.53125 0.90625 0.120663
0.5625 1 0.220312
0.5625 0.9375 0.160756
0.625 0.9375 0.187551
0.625 1 0.244155
0.5625 1 0.220312
0.5625 0.9375 0.160756
0.5625 0.875 0.102332
0.625 0.875 0.13182
0.625 0.9375 0.187551
0.5625 0.9375 0.160756
0.5 0.875 0.0824659
0.5 0.84375 0.0517483
0.53125 0.84375 0.0609185
0.53125 0.875 0.0906665
0.5 0.875 0.0824659
0.5 0.84375 0.0517483
0.5 0.8125 0.0211623
0.53125 0.8125 0.0314925
0.53125 0.84375 0.0609185
0.5 0.84375 0.0517483
0.53125 0.875 0.0906665
0.53125 0.84375 0.0609185
0.5625 0.84375 0.0736501
0.5625 0.875 0.102332
0.53125 0.875 0.0906665
0.53125 0.84375 0.0609185
0.53125 0.8125 0.0314925
0.5625 0.8125 0.0454039
0.5625 0.84375 0.0736501
0.53125 0.84375 0.0609185
0.5 0.8125 0.0211623
0.5 0.78125 -0.0090662
0.53125 0.78125 0.00248205
0.53125 0.8125 0.0314925
0.5 0.8125 0.0211623
0.5 0.78125 -0.0090662
0.5 0.75 -0.0383958
0.53125 0.75 -0.0251679
0.53125 0.78125 0.00248205
0.5 0.78125 -0.0090662
0.53125 0.8125 0.0314925
0.53125 0.78125 0.00248205
0.5625 0.78125 0.017665
0.5625 0.8125 0.0454039
0.53125 0.8125 0.0314925
0.53125 0.78125 0.00248205
0.53125 0.75 -0.0251679
0.5625 0.75 -0.00924654
0.5625 0.78125 0.017665
0.53125 0.78125 0.00248205
0.5625 0.875 0.102332
0.5625 0.84375 0.0736501
0.59375 0.84375 0.0885406
0.59375 0.875 0.116317
0.5625 0.875 0.102332
0.5625 0.84375 0.0736501
0.5625 0.8125 0.0454039
0.59375 0.8125 0.06122
0.59375 0.84375 0.0885406
0.5625 0.84375 0.0736501
0.59375 0.875 0.116317
0.59375 0.84375 0.0885406
0.625 0.84375 0.104781
0.625 0.875 0.13182
0.59375 0.875 0.116317
0.59375 0.84375 0.0885406
0.59375 0.8125 0.06122
0.625 0.8125 0.0781502
0.625 0.84375 0.104781
0.59375 0.84375 0.0885406
0.5625 0.8125 0.0454039
0.5625 0.78125 0.017665
0.59375 0.78125 0.0343714
0.59375 0.8125 0.06122
0.5625 0.8125 0.0454039
0.5625 0.78125 0.017665
0.5625 0.75 -0.00924654
0.59375 0.75 0.007993
0.59375 0.78125 0.0343714
0.5625 0.78125 0.017665
0.59375 0.8125 0.06122
0.59375 0.78125 0.0343714
0.625 0.78125 0.0519002
0.625 0.8125 0.0781502
0.59375 0.8125 0.06122
0.59375 0.78125 0.0343714
0.59375 0.75 0.007993
0.625 0.75 0.0260333
0.625 0.78125 0.0519002
0.59375 0.78125 0.0343714
0.625 1 0.244155
0.625 0.9375 0.187551
0.6875 0.9375 0.219048
0.6875 1 0.273374
0.625 1 0.244155
0.625 0.9375 0.187551
0.625 0.875 0.13182
0.6875 0.875 0.165518
0.6875 0.9375 0.219048
0.625 0.9375 0.187551
0.6875 1 0.273374
0.6875 0.9375 0.219048
0.75 0.9375 0.253394
0.75 1 0.305994
0.6875 1 0.273374
0.6875 0.9375 0.219048
0.6875 0.875 0.165518
0.75 0.875 0.201521
0.75 0.9375 0.253394
0.6875 0.9375 0.219048
0.625 0.875 0.13182
0.625 0.84375 0.104781
0.65625 0.84375 0.12185
0.65625 0.875 0.148345
0.625 0.875 0.13182
0.625 0.84375 0.104781
0.625 0.8125 0.0781502
0.65625 0.8125 0.0957078
0.65625 0.84375 0.12185
0.625 0.84375 0.104781
0.65625 0.875 0.148345
0.65625 0.84375 0.12185
0.6875 0.84375 0.139453
0.6875 0.875 0.165518
0.65625 0.875 0.148345
0.65625 0.84375 0.12185
0.65625 0.8125 0.0957078
0.6875 0.8125 0.113666
0.6875 0.84375 0.139453
0.65625 0.84375 0.12185
0.625 0.8125 0.0781502
0.625 0.78125 0.0519002
0.65625 0.78125 0.0698517
0.65625 0.8125 0.0957078
0.625 0.8125 0.0781502
0.625 0.78125 0.0519002
0.625 0.75 0.0260333
0.65625 0.75 0.0442844
0.65625 0.78125 0.0698517
0.625 0.78125 0.0519002
0.65625 0.8125 0.0957078
0.65625 0.78125 0.0698517
0.6875 0.78125 0.0880972
0.6875 0.8125 0.113666
0.65625 0.8125 0.0957078
0.65625 0.78125 0.0698517
0.65625 0.75 0.0442844
0.6875 0.75 0.0627568
0.6875 0.78125 0.0880972
0.65625 0.78125 0.0698517
0.6875 0.875 0.165518
0.6875 0.8125 0.113666
0.75 0.8125 0.150577
0.75 0.875 0.201521
0.6875 0.875 0.165518
0.6875 0.8125 0.113666
0.6875 0.78125 0.0880972
0.71875 0.78125 0.10663
0.71875 0.8125 0.131949
0.6875 0.8125 0.113666
0.6875 0.78125 0.0880972
0.6875 0.75 0.0627568
0.71875 0.75 0.0814993
0.71875 0.78125 0.10663
0.6875 0.78125 0.0880972
0.71875 0.8125 0.131949
0.71875 0.78125 0.10663
0.75 0.78125 0.125515
0.75 0.8125 0.150577
0.71875 0.8125 0.131949
0.71875 0.78125 0.10663
0.71875 0.75 0.0814993
0.75 0.75 0.100648
0.75 0.78125 0.125515
0.71875 0.78125 0.10663
0.5 0.75 -0.0383958
0.5 0.71875 -0.0668729
0.53125 0.71875 -0.0521033
0.53125 0.75 -0.0251679
0.5 0.75 -0.0383958
0.5 0.71875 -0.0668729
0.5 0.6875 -0.0944776
0.53125 0.6875 -0.0784938
0.53125 0.71875 -0.0521033
0.5 0.71875 -0.0668729
0.53125 0.75 -0.0251679
0.53125 0.71875 -0.0521033
0.5625 0.71875 -0.0353496
0.5625 0.75 -0.00924654
0.53125 0.75 -0.0251679
0.53125 0.71875 -0.0521033
0.53125 0.6875 -0.0784938
0.5625 0.6875 -0.0611368
0.5625 0.71875 -0.0353496
0.53125 0.71875 -0.0521033
0.5 0.6875 -0.0944776
0.5 0.65625 -0.121381
0.53125 0.65625 -0.104494
0.53125 0.6875 -0.0784938
0.5 0.6875 -0.0944776
0.5 0.65625 -0.121381
0.5 0.625 -0.147652
0.53125 0.625 -0.130182
0.53125 0.65625 -0.104494
0.5 0.65625 -0.121381
0.53125 0.6875 -0.0784938
0.53125 0.65625 -0.104494
0.5625 0.65625 -0.0867055
0.5625 0.6875 -0.0611368
0.53125 0.6875 -0.0784938
0.53125 0.65625 -0.104494
0.53125 0.625 -0.130182
0.5625 0.625 -0.112118
0.5625 0.65625 -0.0867055
0.53125 0.65625 -0.104494
0.5625 0.75 -0.00924654
0.5625 0.71875 -0.0353496
0.59375 0.71875 -0.0176901
0.59375 0.75 0.007993
0.5625 0.75 -0.00924654
0.5625 0.71875 -0.0353496
0.5625 0.6875 -0.0611368
0.59375 0.6875 -0.043155
0.59375 0.71875 -0.0176901
0.5625 0.71875 -0.0353496
0.59375 0.75 0.007993
0.59375 0.71875 -0.0176901
0.625 0.71875 0.000449813
0.625 0.75 0.0260333
0.59375 0.75 0.007993
0.59375 0.71875 -0.0176901
0.59375 0.6875 -0.043155
0.625 0.6875 -0.0248328
0.625 0.71875 0.000449813
0.59375 0.71875 -0.0176901
0.5625 0.6875 -0.0611368
0.5625 0.65625 -0.0867055
0.59375 0.65625 -0.0684903
0.59375 0.6875 -0.043155
0.5625 0.6875 -0.0611368
0.5625 0.65625 -0.0867055
0.5625 0.625 -0.112118
0.59375 0.625 -0.0937051
0.59375 0.65625 -0.0684903
0.5625 0.65625 -0.0867055
0.59375 0.6875 -0.043155
0.59375 0.65625 -0.0684903
0.625 0.65625 -0.0500019
0.625 0.6875 -0.0248328
0.59375 0.6875 -0.043155
0.59375 0.65625 -0.0684903
0.59375 0.625 -0.0937051
0.625 0.625 -0.0750363
0.625 0.65625 -0.0500019
0.59375 0.65625 -0.0684903
0.5 0.625 -0.147652
0.5 0.5625 -0.199271
0.5625 0.5625 -0.162508
0.5625 0.625 -0.112118
0.5 0.625 -0.147652
0.5 0.5625 -0.199271
0.5 0.5 -0.237176
0.5625 0.5 -0.196535
0.5625 0.5625 -0.162508
0.5 0.5625 -0.199271
0.5625 0.625 -0.112118
0.5625 0.59375 -0.137391
0.59375 0.59375 -0.118776
0.59375 0.625 -0.0937051
0.5625 0.625 -0.112118
0.5625 0.59375 -0.137391
0.5625 0.5625 -0.162508
0.59375 0.5625 -0.143649
0.59375 0.59375 -0.118776
0.5625 0.59375 -0.137391
0.59375 0.625 -0.0937051
0.59375 0.59375 -0.118776
0.625 0.59375 -0.0998837
0.625 0.625 -0.0750363
0.59375 0.625 -0.0937051
0.59375 0.59375 -0.118776
0.59375 0.5625 -0.143649
0.625 0.5625 -0.124403
0.625 0.59375 -0.0998837
0.59375 0.59375 -0.118776
0.5625 0.5625 -0.162508
0.5625 0.5 -0.196535
0.625 0.5 -0.144877
0.625 0.5625 -0.124403
0.5625 0.5625 -0.162508
0.625 0.75 0.0260333
0.625 0.71875 0.000449813
0.65625 0.71875 0.018902
0.65625 0.75 0.0442844
0.625 0.75 0.0260333
0.625 0.71875 0.000449813
0.625 0.6875 -0.0248328
0.65625 0.6875 -0.00627493
0.65625 0.71875 0.018902
0.625 0.71875 0.000449813
0.65625 0.75 0.0442844
0.65625 0.71875 0.018902
0.6875 0.71875 0.0375643
0.6875 0.75 0.0627568
0.65625 0.75 0.0442844
0.65625 0.71875 0.018902
0.65625 0.6875 -0.00627493
0.6875 0.6875 0.012509
0.6875 0.71875 0.0375643
0.65625 0.71875 0.018902
0.625 0.6875 -0.0248328
0.625 0.65625 -0.0500019
0.65625 0.65625 -0.0312916
0.65625 0.6875 -0.00627493
0.625 0.6875 -0.0248328
0.625 0.65625 -0.0500019
0.625 0.625 -0.0750363
0.65625 0.625 -0.0561153
0.65625 0.65625 -0.0312916
0.625 0.65625 -0.0500019
0.65625 0.6875 -0.00627493
0.65625 0.65625 -0.0312916
0.6875 0.65625 -0.0123326
0.6875 0.6875 0.012509
0.65625 0.6875 -0.00627493
0.65625 0.65625 -0.0312916
0.65625 0.625 -0.0561153
0.6875 0.625 -0.0368173
0.6875 0.65625 -0.0123326
0.65625 0.65625 -0.0312916
0.6875 0.75 0.0627568
0.6875 0.71875 0.0375643
0.71875 0.71875 0.0565192
0.71875 0.75 0.0814993
0.6875 0.75 0.0627568
0.6875 0.71875 0.0375643
0.6875 0.6875 0.012509
0.71875 0.6875 0.0317056
0.71875 0.71875 0.0565192
0.6875 0.71875 0.0375643
0.71875 0.75 0.0814993
0.71875 0.71875 0.0565192
0.75 0.71875 0.0760105
0.75 0.75 0.100648
0.71875 0.75 0.0814993
0.71875 0.71875 0.0565192
0.71875 0.6875 0.0317056
0.75 0.6875 0.0516532
0.75 0.71875 0.0760105
0.71875 0.71875 0.0565192
0.6875 0.6875 0.012509
0.6875 0.65625 -0.0123326
0.71875 0.65625 0.00710292
0.71875 0.6875 0.0317056
0.6875 0.6875 0.012509
0.6875 0.65625 -0.0123326
0.6875 0.625 -0.0368173
0.71875 0.625 -0.0168327
0.71875 0.65625 0.00710292
0.6875 0.65625 -0.0123326
0.71875 0.6875 0.0317056
0.71875 0.65625 0.00710292
0.75 0.65625 0.0277118
0.75 0.6875 0.0516532
0.71875 0.6875 0.0317056
0.71875 0.65625 0.00710292
0.71875 0.625 -0.0168327
0.75 0.625 0.00442213
0.75 0.65625 0.0277118
0.71875 0.65625 0.00710292
0.625 0.625 -0.0750363
0.625 0.59375 -0.0998837
0.65625 0.59375 -0.0806204
0.65625 0.625 -0.0561153
0.625 0.625 -0.0750363
0.625 0.59375 -0.0998837
0.625 0.5625 -0.124403
0.65625 0.5625 -0.104466
0.65625 0.59375 -0.0806204
0.625 0.59375 -0.0998837
0.65625 0.625 -0.0561153
0.65625 0.59375 -0.0806204
0.6875 0.59375 -0.0606909
0.6875 0.625 -0.0368173
0.65625 0.625 -0.0561153
0.65625 0.59375 -0.0806204
0.65625 0.5625 -0.104466
0.6875 0.5625 -0.0832199
0.6875 0.59375 -0.0606909
0.65625 0.59375 -0.0806204
0.625 0.5625 -0.124403
0.625 0.53125 -0.147496
0.65625 0.53125 -0.125673
0.65625 0.5625 -0.104466
0.625 0.5625 -0.124403
0.625 0.53125 -0.147496
0.625 0.5 -0.144877
0.65625 0.5 -0.11825
0.65625 0.53125 -0.125673
0.625 0.53125 -0.147496
0.65625 0.5625 -0.104466
0.65625 0.53125 -0.125673
0.6875 0.53125 -0.10008
0.6875 0.5625 -0.0832199
0.65625 0.5625 -0.104466
0.65625 0.53125 -0.125673
0.65625 0.5 -0.11825
0.6875 0.5 -0.0912353
0.6875 0.53125 -0.10008
0.65625 0.53125 -0.125673
0.6875 0.625 -0.0368173
0.6875 0.59375 -0.0606909
0.71875 0.59375 -0.0395741
0.71875 0.625 -0.0168327
0.6875 0.625 -0.0368173
0.6875 0.59375 -0.0606909
0.6875 0.5625 -0.0832199
0.71875 0.5625 -0.0597797
0.71875 0.59375 -0.0395741
0.6875 0.59375 -0.0606909
0.71875 0.625 -0.0168327
0.71875 0.59375 -0.0395741
0.75 0.59375 -0.0165901
0.75 0.625 0.00442213
0.71875 0.625 -0.0168327
0.71875 0.59375 -0.0395741
0.71875 0.5625 -0.0597797
0.75 0.5625 -0.0337375
0.75 0.59375 -0.0165901
0.71875 0.59375 -0.0395741
0.6875 0.5625 -0.0832199
0.6875 0.53125 -0.10008
0.71875 0.53125 -0.0715447
0.71875 0.5625 -0.0597797
0.6875 0.5625 -0.0832199
0.6875 0.53125 -0.10008
0.6875 0.5 -0.0912353
0.71875 0.5 -0.0637366
0.71875 0.53125 -0.0715447
0.6875 0.53125 -0.10008
0.71875 0.5625 -0.0597797
0.71875 0.53125 -0.0715447
0.75 0.53125 -0.0418134
0.75 0.5625 -0.0337375
0.71875 0.5625 -0.0597797
0.71875 0.53125 -0.0715447
0.71875 0.5 -0.0637366
0.75 0.5 -0.0357351
0.75 0.53125 -0.0418134
0.71875 0.53125 -0.0715447
0.75 1 0.305994
0.75 0.875 0.201521
0.875 0.875 0.279538
0.875 1 0.378175
0.75 1 0.305994
0.75 0.875 0.201521
0.75 0.8125 0.150577
0.8125 0.8125 0.189634
0.8125 0.875 0.239221
0.75 0.875 0.201521
0.75 0.8125 0.150577
0.75 0.75 0.100648
0.8125 0.75 0.141228
0.8125 0.8125 0.189634
0.75 0.8125 0.150577
0.8125 0.875 0.239221
0.8125 0.8125 0.189634
0.875 0.8125 0.232247
0.875 0.875 0.279538
0.8125 0.875 0.239221
0.8125 0.8125 0.189634
0.8125 0.75 0.141228
0.875 0.75 0.187177
0.875 0.8125 0.232247
0.8125 0.8125 0.189634
0.875 1 0.378175
0.875 0.875 0.279538
1 0.875 0.375034
1 1 0.46498
0.875 1 0.378175
0.875 0.875 0.279538
0.875 0.75 0.187177
1 0.75 0.291305
1 0.875 0.375034
0.875 0.875 0.279538
0.75 0.75 0.100648
0.75 0.71875 0.0760105
0.78125 0.71875 0.0963935
0.78125 0.75 0.120463
0.75 0.75 0.100648
0.75 0.71875 0.0760105
0.75 0.6875 0.0516532
0.78125 0.6875 0.0728526
0.78125 0.71875 0.0963935
0.75 0.71875 0.0760105
0.78125 0.75 0.120463
0.78125 0.71875 0.0963935
0.8125 0.71875 0.118011
0.8125 0.75 0.141228
0.78125 0.75 0.120463
0.78125 0.71875 0.0963935
0.78125 0.6875 0.0728526
0.8125 0.6875 0.0956229
0.8125 0.71875 0.118011
0.78125 0.71875 0.0963935
0.75 0.6875 0.0516532
0.75 0.65625 0.0277118
0.78125 0.65625 0.0500924
0.78125 0.6875 0.0728526
0.75 0.6875 0.0516532
0.75 0.65625 0.0277118
0.75 0.625 0.00442213
0.78125 0.625 0.0286009
0.78125 0.65625 0.0500924
0.75 0.65625 0.0277118
0.78125 0.6875 0.0728526
0.78125 0.65625 0.0500924
0.8125 0.65625 0.0744781
0.8125 0.6875 0.0956229
0.78125 0.6875 0.0728526
0.78125 0.65625 0.0500924
0.78125 0.625 0.0286009
0.8125 0.625 0.0550675
0.8125 0.65625 0.0744781
0.78125 0.65625 0.0500924
0.8125 0.75 0.141228
0.8125 0.6875 0.0956229
0.875 0.6875 0.145452
0.875 0.75 0.187177
0.8125 0.75 0.141228
0.8125 0.6875 0.0956229
0.8125 0.65625 0.0744781
0.84375 0.65625 0.100419
0.84375 0.6875 0.119996
0.8125 0.6875 0.0956229
0.8125 0.65625 0.0744781
0.8125 0.625 0.0550675
0.84375 0.625 0.08278
0.84375 0.65625 0.100419
0.8125 0.65625 0.0744781
0.84375 0.6875 0.119996
0.84375 0.65625 0.100419
0.875 0.65625 0.127302
0.875 0.6875 0.145452
0.84375 0.6875 0.119996
0.84375 0.65625 0.100419
0.84375 0.625 0.08278
0.875 0.625 0.111214
0.875 0.65625 0.127302
0.84375 0.65625 0.100419
0.75 0.625 0.00442213
0.75 0.59375 -0.0165901
0.78125 0.59375 0.00923256
0.78125 0.625 0.0286009
0.75 0.625 0.00442213
0.75 0.59375 -0.0165901
0.75 0.5625 -0.0337375
0.78125 0.5625 -0.00533886
0.78125 0.59375 0.00923256
0.75 0.59375 -0.0165901
0.78125 0.625 0.0286009
0.78125 0.59375 0.00923256
0.8125 0.59375 0.0382004
0.8125 0.625 0.0550675
0.78125 0.625 0.0286009
0.78125 0.59375 0.00923256
0.78125 0.5625 -0.00533886
0.8125 0.5625 0.025258
0.8125 0.59375 0.0382004
0.78125 0.59375 0.00923256
0.75 0.5625 -0.0337375
0.75 0.53125 -0.0418134
0.78125 0.53125 -0.011587
0.78125 0.5625 -0.00533886
0.75 0.5625 -0.0337375
0.75 0.53125 -0.0418134
0.75 0.5 -0.0357351
0.78125 0.5 -0.00719195
0.78125 0.53125 -0.011587
0.75 0.53125 -0.0418134
0.78125 0.5625 -0.00533886
0.78125 0.53125 -0.011587
0.8125 0.53125 0.0192896
0.8125 0.5625 0.025258
0.78125 0.5625 -0.00533886
0.78125 0.53125 -0.011587
0.78125 0.5 -0.00719195
0.8125 0.5 0.0229066
0.8125 0.53125 0.0192896
0.78125 0.53125 -0.011587
0.8125 0.625 0.0550675
0.8125 0.59375 0.0382004
0.84375 0.59375 0.0677626
0.84375 0.625 0.08278
0.8125 0.625 0.0550675
0.8125 0.59375 0.0382004
0.8125 0.5625 0.025258
0.84375 0.5625 0.0563574
0.84375 0.59375 0.0677626
0.8125 0.59375 0.0382004
0.84375 0.625 0.08278
0.84375 0.59375 0.0677626
0.875 0.59375 0.0976722
0.875 0.625 0.111214
0.84375 0.625 0.08278
0.84375 0.59375 0.0677626
0.84375 0.5625 0.0563574
0.875 0.5625 0.087424
0.875 0.59375 0.0976722
0.84375 0.59375 0.0677626
0.8125 0.5625 0.025258
0.8125 0.53125 0.0192896
0.84375 0.53125 0.0505363
0.84375 0.5625 0.0563574
0.8125 0.5625 0.025258
0.8125 0.53125 0.0192896
0.8125 0.5 0.0229066
0.84375 0.5 0.0536154
0.84375 0.53125 0.0505363
0.8125 0.53125 0.0192896
0.84375 0.5625 0.0563574
0.84375 0.53125 0.0505363
0.875 0.53125 0.0817781
0.875 0.5625 0.087424
0.84375 0.5625 0.0563574
0.84375 0.53125 0.0505363
0.84375 0.5 0.0536154
0.875 0.5 0.0844449
0.875 0.53125 0.0817781
0.84375 0.53125 0.0505363
0.875 0.75 0.187177
0.875 0.6875 0.145452
0.9375 0.6875 0.20007
0.9375 0.75 0.237098
0.875 0.75 0.187177
0.875 0.6875 0.145452
0.875 0.625 0.111214
0.9375 0.625 0.16946
0.9375 0.6875 0.20007
0.875 0.6875 0.145452
0.9375 0.75 0.237098
0.9375 0.6875 0.20007
1 0.6875 0.257606
1 0.75 0.291305
0.9375 0.75 0.237098
0.9375 0.6875 0.20007
0.9375 0.625 0.16946
1 0.625 0.230259
1 0.6875 0.257606
0.9375 0.6875 0.20007
0.875 0.625 0.111214
0.875 0.59375 0.0976722
0.90625 0.59375 0.12779
0.90625 0.625 0.140176
0.875 0.625 0.111214
0.875 0.59375 0.0976722
0.875 0.5625 0.087424
0.90625 0.5625 0.118442
0.90625 0.59375 0.12779
0.875 0.59375 0.0976722
0.90625 0.625 0.140176
0.90625 0.59375 0.12779
0.9375 0.59375 0.158031
0.9375 0.625 0.16946
0.90625 0.625 0.140176
0.90625 0.59375 0.12779
0.90625 0.5625 0.118442
0.9375 0.5625 0.149421
0.9375 0.59375 0.158031
0.90625 0.59375 0.12779
0.875 0.5625 0.087424
0.875 0.53125 0.0817781
0.90625 0.53125 0.113006
0.90625 0.5625 0.118442
0.875 0.5625 0.087424
0.875 0.53125 0.0817781
0.875 0.5 0.0844449
0.90625 0.5 0.115331
0.90625 0.53125 0.113006
0.875 0.53125 0.0817781
0.90625 0.5625 0.118442
0.90625 0.53125 0.113006
0.9375 0.53125 0.144238
0.9375 0.5625 0.149421
0.90625 0.5625 0.118442
0.90625 0.53125 0.113006
0.90625 0.5 0.115331
0.9375 0.5 0.146265
0.9375 0.53125 0.144238
0.90625 0.53125 0.113006
0.9375 0.625 0.16946
0.9375 0.5625 0.149421
1 0.5625 0.211824
1 0.625 0.230259
0.9375 0.625 0.16946
0.9375 0.5625 0.149421
0.9375 0.5 0.146265
1 0.5 0.208551
1 0.5625 0.211824
0.9375 0.5625 0.149421
0.5 0.5 -0.237176
0.5 0.4375 -0.197349
0.5625 0.4375 -0.161657
0.5625 0.5 -0.196535
0.5 0.5 -0.237176
0.5 0.4375 -0.197349
0.5 0.375 -0.146172
0.5625 0.375 -0.123492
0.5625 0.4375 -0.161657
0.5 0.4375 -0.197349
0.5625 0.5 -0.196535
0.5625 0.4375 -0.161657
0.625 0.4375 -0.11154
0.625 0.5 -0.144877
0.5625 0.5 -0.196535
0.5625 0.4375 -0.161657
0.5625 0.40625 -0.142882
0.59375 0.40625 -0.118315
0.59375 0.4375 -0.136738
0.5625 0.4375 -0.161657
0.5625 0.40625 -0.142882
0.5625 0.375 -0.123492
0.59375 0.375 -0.0995224
0.59375 0.40625 -0.118315
0.5625 0.40625 -0.142882
0.59375 0.4375 -0.136738
0.59375 0.40625 -0.118315
0.625 0.40625 -0.0933865
0.625 0.4375 -0.11154
0.59375 0.4375 -0.136738
0.59375 0.40625 -0.118315
0.59375 0.375 -0.0995224
0.625 0.375 -0.0748584
0.625 0.40625 -0.0933865
0.59375 0.40625 -0.118315
0.5 0.375 -0.146172
0.5 0.34375 -0.119771
0.53125 0.34375 -0.123802
0.53125 0.375 -0.146203
0.5 0.375 -0.146172
0.5 0.34375 -0.119771
0.5 0.3125 -0.092938
0.53125 0.3125 -0.0999415
0.53125 0.34375 -0.123802
0.5 0.34375 -0.119771
0.53125 0.375 -0.146203
0.53125 0.34375 -0.123802
0.5625 0.34375 -0.103533
0.5625 0.375 -0.123492
0.53125 0.375 -0.146203
0.53125 0.34375 -0.123802
0.53125 0.3125 -0.0999415
0.5625 0.3125 -0.0824061
0.5625 0.34375 -0.103533
0.53125 0.34375 -0.123802
0.5 0.3125 -0.092938
0.5 0.28125 -0.0655354
0.53125 0.28125 -0.0737158
0.53125 0.3125 -0.0999415
0.5 0.3125 -0.092938
0.5 0.28125 -0.0655354
0.5 0.25 -0.0375681
0.53125 0.25 -0.0452847
0.53125 0.28125 -0.0737158
0.5 0.28125 -0.0655354
0.53125 0.3125 -0.0999415
0.53125 0.28125 -0.0737158
0.5625 0.28125 -0.0600017
0.5625 0.3125 -0.0824061
0.53125 0.3125 -0.0999415
0.53125 0.28125 -0.0737158
0.53125 0.25 -0.0452847
0.5625 0.25 -0.0357495
0.5625 0.28125 -0.0600017
0.53125 0.28125 -0.0737158
0.5625 0.375 -0.123492
0.5625 0.34375 -0.103533
0.59375 0.34375 -0.0803149
0.59375 0.375 -0.0995224
0.5625 0.375 -0.123492
0.5625 0.34375 -0.103533
0.5625 0.3125 -0.0824061
0.59375 0.3125 -0.0605835
0.59375 0.34375 -0.0803149
0.5625 0.34375 -0.103533
0.59375 0.375 -0.0995224
0.59375 0.34375 -0.0803149
0.625 0.34375 -0.0560766
0.625 0.375 -0.0748584
0.59375 0.375 -0.0995224
0.59375 0.34375 -0.0803149
0.59375 0.3125 -0.0605835
0.625 0.3125 -0.036974
0.625 0.34375 -0.0560766
0.59375 0.34375 -0.0803149
0.5625 0.3125 -0.0824061
0.5625 0.28125 -0.0600017
0.59375 0.28125 -0.0400354
0.59375 0.3125 -0.0605835
0.5625 0.3125 -0.0824061
0.5625 0.28125 -0.0600017
0.5625 0.25 -0.0357495
0.59375 0.25 -0.0183421
0.59375 0.28125 -0.0400354
0.5625 0.28125 -0.0600017
0.59375 0.3125 -0.0605835
0.59375 0.28125 -0.0400354
0.625 0.28125 -0.0174272
0.625 0.3125 -0.036974
0.59375 0.3125 -0.0605835
0.59375 0.28125 -0.0400354
0.59375 0.25 -0.0183421
0.625 0.25 0.00287699
0.625 0.28125 -0.0174272
0.59375 0.28125 -0.0400354
0.625 0.5 -0.144877
0.625 0.46875 -0.128966
0.65625 0.46875 -0.103151
0.65625 0.5 -0.11825
0.625 0.5 -0.144877
0.625 0.46875 -0.128966
0.625 0.4375 -0.11154
0.65625 0.4375 -0.08616
0.65625 0.46875 -0.103151
0.625 0.46875 -0.128966
0.65625 0.5 -0.11825
0.65625 0.46875 -0.103151
0.6875 0.46875 -0.0771004
0.6875 0.5 -0.0912353
0.65625 0.5 -0.11825
0.65625 0.46875 -0.103151
0.65625 0.4375 -0.08616
0.6875 0.4375 -0.0606297
0.6875 0.46875 -0.0771004
0.65625 0.46875 -0.103151
0.625 0.4375 -0.11154
0.625 0.40625 -0.0933865
0.65625 0.40625 -0.0682455
0.65625 0.4375 -0.08616
0.625 0.4375 -0.11154
0.625 0.40625 -0.0933865
0.625 0.375 -0.0748584
0.65625 0.375 -0.0499022
0.65625 0.40625 -0.0682455
0.625 0.40625 -0.0933865
0.65625 0.4375 -0.08616
0.65625 0.40625 -0.0682455
0.6875 0.40625 -0.0429683
0.6875 0.4375 -0.0606297
0.65625 0.4375 -0.08616
0.65625 0.40625 -0.0682455
0.65625 0.375 -0.0499022
0.6875 0.375 -0.0247919
0.6875 0.40625 -0.0429683
0.65625 0.40625 -0.0682455
0.6875 0.5 -0.0912353
0.6875 0.46875 -0.0771004
0.71875 0.46875 -0.0507889
0.71875 0.5 -0.0637366
0.6875 0.5 -0.0912353
0.6875 0.46875 -0.0771004
0.6875 0.4375 -0.0606297
0.71875 0.4375 -0.0349521
0.71875 0.46875 -0.0507889
0.6875 0.46875 -0.0771004
0.71875 0.5 -0.0637366
0.71875 0.46875 -0.0507889
0.75 0.46875 -0.0241504
0.75 0.5 -0.0357351
0.71875 0.5 -0.0637366
0.71875 0.46875 -0.0507889
0.71875 0.4375 -0.0349521
0.75 0.4375 -0.00909558
0.75 0.46875 -0.0241504
0.71875 0.46875 -0.0507889
0.6875 0.4375 -0.0606297
0.6875 0.40625 -0.0429683
0.71875 0.40625 -0.0175826
0.71875 0.4375 -0.0349521
0.6875 0.4375 -0.0606297
0.6875 0.40625 -0.0429683
0.6875 0.375 -0.0247919
0.71875 0.375 0.000411153
0.71875 0.40625 -0.0175826
0.6875 0.40625 -0.0429683
0.71875 0.4375 -0.0349521
0.71875 0.40625 -0.0175826
0.75 0.40625 0.00800531
0.75 0.4375 -0.00909558
0.71875 0.4375 -0.0349521
0.71875 0.40625 -0.0175826
0.71875 0.375 0.000411153
0.75 0.375 0.0258305
0.75 0.40625 0.00800531
0.71875 0.40625 -0.0175826
0.625 0.375 -0.0748584
0.625 0.34375 -0.0560766
0.65625 0.34375 -0.0313444
0.65625 0.375 -0.0499022
0.625 0.375 -0.0748584
0.625 0.34375 -0.0560766
0.625 0.3125 -0.036974
0.65625 0.3125 -0.012557
0.65625 0.34375 -0.0313444
0.625 0.34375 -0.0560766
0.65625 0.375 -0.0499022
0.65625 0.34375 -0.0313444
0.6875 0.34375 -0.00636798
0.6875 0.375 -0.0247919
0.65625 0.375 -0.0499022
0.65625 0.34375 -0.0313444
0.65625 0.3125 -0.012557
0.6875 0.3125 0.0122907
0.6875 0.34375 -0.00636798
0.65625 0.34375 -0.0313444
0.625 0.3125 -0.036974
0.625 0.28125 -0.0174272
0.65625 0.28125 0.00656257
0.65625 0.3125 -0.012557
0.625 0.3125 -0.036974
0.625 0.28125 -0.0174272
0.625 0.25 0.00287699
0.65625 0.25 0.0263976
0.65625 0.28125 0.00656257
0.625 0.28125 -0.0174272
0.65625 0.3125 -0.012557
0.65625 0.28125 0.00656257
0.6875 0.28125 0.0312202
0.6875 0.3125 0.0122907
0.65625 0.3125 -0.012557
0.65625 0.28125 0.00656257
0.65625 0.25 0.0263976
0.6875 0.25 0.0505756
0.6875 0.28125 0.0312202
0.65625 0.28125 0.00656257
0.6875 0.375 -0.0247919
0.6875 0.34375 -0.00636798
0.71875 0.34375 0.0187909
0.71875 0.375 0.000411153
0.6875 0.375 -0.0247919
0.6875 0.34375 -0.00636798
0.6875 0.3125 0.0122907
0.71875 0.3125 0.0373368
0.71875 0.34375 0.0187909
0.6875 0.34375 -0.00636798
0.71875 0.375 0.000411153
0.71875 0.34375 0.0187909
0.75 0.34375 0.0440548
0.75 0.375 0.0258305
0.71875 0.375 0.000411153
0.71875 0.34375 0.0187909
0.71875 0.3125 0.0373368
0.75 0.3125 0.0624715
0.75 0.34375 0.0440548
0.71875 0.34375 0.0187909
0.6875 0.3125 0.0122907
0.6875 0.28125 0.0312202
0.71875 0.28125 0.0560834
0.71875 0.3125 0.0373368
0.6875 0.3125 0.0122907
0.6875 0.28125 0.0312202
0.6875 0.25 0.0505756
0.71875 0.25 0.075124
0.71875 0.28125 0.0560834
0.6875 0.28125 0.0312202
0.71875 0.3125 0.0373368
0.71875 0.28125 0.0560834
0.75 0.28125 0.0810733
0.75 0.3125 0.0624715
0.71875 0.3125 0.0373368
0.71875 0.28125 0.0560834
0.71875 0.25 0.075124
0.75 0.25 0.0999014
0.75 0.28125 0.0810733
0.71875 0.28125 0.0560834
0.5 0.25 -0.0375681
0.5 0.21875 -0.00895046
0.53125 0.21875 -0.0149527
0.53125 0.25 -0.0452847
0.5 0.25 -0.0375681
0.5 0.21875 -0.00895046
0.5 0.1875 0.0209978
0.53125 0.1875 0.0161962
0.53125 0.21875 -0.0149527
0.5 0.21875 -0.00895046
0.53125 0.25 -0.0452847
0.53125 0.21875 -0.0149527
0.5625 0.21875 -0.00959394
0.5625 0.25 -0.0357495
0.53125 0.25 -0.0452847
0.53125 0.21875 -0.0149527
0.53125 0.1875 0.0161962
0.5625 0.1875 0.0198623
0.5625 0.21875 -0.00959394
0.53125 0.21875 -0.0149527
0.5 0.1875 0.0209978
0.5 0.15625 0.0514659
0.53125 0.15625 0.0474394
0.53125 0.1875 0.0161962
0.5 0.1875 0.0209978
0.5 0.15625 0.0514659
0.5 0.125 0.0821228
0.53125 0.125 0.0786809
0.53125 0.15625 0.0474394
0.5 0.15625 0.0514659
0.53125 0.1875 0.0161962
0.53125 0.15625 0.0474394
0.5625 0.15625 0.0503291
0.5625 0.1875 0.0198623
0.53125 0.1875 0.0161962
0.53125 0.15625 0.0474394
0.53125 0.125 0.0786809
0.5625 0.125 0.0810596
0.5625 0.15625 0.0503291
0.53125 0.15625 0.0474394
0.5625 0.25 -0.0357495
0.5625 0.21875 -0.00959394
0.59375 0.21875 0.00534653
0.59375 0.25 -0.0183421
0.5625 0.25 -0.0357495
0.5625 0.21875 -0.00959394
0.5625 0.1875 0.0198623
0.59375 0.1875 0.0323273
0.59375 0.21875 0.00534653
0.5625 0.21875 -0.00959394
0.59375 0.25 -0.0183421
0.59375 0.21875 0.00534653
0.625 0.21875 0.0250926
0.625 0.25 0.00287699
0.59375 0.25 -0.0183421
0.59375 0.21875 0.00534653
0.59375 0.1875 0.0323273
0.625 0.1875 0.0492883
0.625 0.21875 0.0250926
0.59375 0.21875 0.00534653
0.5625 0.1875 0.0198623
0.5625 0.15625 0.0503291
0.59375 0.15625 0.0604916
0.59375 0.1875 0.0323273
0.5625 0.1875 0.0198623
0.5625 0.15625 0.0503291
0.5625 0.125 0.0810596
0.59375 0.125 0.0895881
0.59375 0.15625 0.0604916
0.5625 0.15625 0.0503291
0.59375 0.1875 0.0323273
0.59375 0.15625 0.0604916
0.625 0.15625 0.0752854
0.625 0.1875 0.0492883
0.59375 0.1875 0.0323273
0.59375 0.15625 0.0604916
0.59375 0.125 0.0895881
0.625 0.125 0.102435
0.625 0.15625 0.0752854
0.59375 0.15625 0.0604916
0.5 0.125 0.0821228
0.5 0.09375 0.112908
0.53125 0.09375 0.109917
0.53125 0.125 0.0786809
0.5 0.125 0.0821228
0.5 0.09375 0.112908
0.5 0.0625 0.143768
0.53125 0.0625 0.141149
0.53125 0.09375 0.109917
0.5 0.09375 0.112908
0.53125 0.125 0.0786809
0.53125 0.09375 0.109917
0.5625 0.09375 0.111925
0.5625 0.125 0.0810596
0.53125 0.125 0.0786809
0.53125 0.09375 0.109917
0.53125 0.0625 0.141149
0.5625 0.0625 0.142859
0.5625 0.09375 0.111925
0.53125 0.09375 0.109917
0.5 0.0625 0.143768
0.5 0 0.205826
0.5625 0 0.205064
0.5625 0.0625 0.142859
0.5 0.0625 0.143768
0.5625 0.125 0.0810596
0.5625 0.09375 0.111925
0.59375 0.09375 0.119165
0.59375 0.125 0.0895881
0.5625 0.125 0.0810596
0.5625 0.09375 0.111925
0.5625 0.0625 0.142859
0.59375 0.0625 0.149111
0.59375 0.09375 0.119165
0.5625 0.09375 0.111925
0.59375 0.125 0.0895881
0.59375 0.09375 0.119165
0.625 0.09375 0.13051
0.625 0.125 0.102435
0.59375 0.125 0.0895881
0.59375 0.09375 0.119165
0.59375 0.0625 0.149111
0.625 0.0625 0.159159
0.625 0.09375 0.13051
0.59375 0.09375 0.119165
0.5625 0.0625 0.142859
0.5625 0 0.205064
0.625 0 0.218561
0.625 0.0625 0.159159
0.5625 0.0625 0.142859
0.625 0.25 0.00287699
0.625 0.21875 0.0250926
0.65625 0.21875 0.0472799
0.65625 0.25 0.0263976
0.625 0.25 0.00287699
0.625 0.21875 0.0250926
0.625 0.1875 0.0492883
0.65625 0.1875 0.0695508
0.65625 0.21875 0.0472799
0.625 0.21875 0.0250926
0.65625 0.25 0.0263976
0.65625 0.21875 0.0472799
0.6875 0.21875 0.0706228
0.6875 0.25 0.0505756
0.65625 0.25 0.0263976
0.65625 0.21875 0.0472799
0.65625 0.1875 0.0695508
0.6875 0.1875 0.0916563
0.6875 0.21875 0.0706228
0.65625 0.21875 0.0472799
0.625 0.1875 0.0492883
0.625 0.15625 0.0752854
0.65625 0.15625 0.0933327
0.65625 0.1875 0.0695508
0.625 0.1875 0.0492883
0.625 0.15625 0.0752854
0.625 0.125 0.102435
0.65625 0.125 0.118631
0.65625 0.15625 0.0933327
0.625 0.15625 0.0752854
0.65625 0.1875 0.0695508
0.65625 0.15625 0.0933327
0.6875 0.15625 0.113928
0.6875 0.1875 0.0916563
0.65625 0.1875 0.0695508
0.65625 0.15625 0.0933327
0.65625 0.125 0.118631
0.6875 0.125 0.137532
0.6875 0.15625 0.113928
0.65625 0.15625 0.0933327
0.6875 0.25 0.0505756
0.6875 0.21875 0.0706228
0.71875 0.21875 0.0946262
0.71875 0.25 0.075124
0.6875 0.25 0.0505756
0.6875 0.21875 0.0706228
0.6875 0.1875 0.0916563
0.71875 0.1875 0.114822
0.71875 0.21875 0.0946262
0.6875 0.21875 0.0706228
0.71875 0.25 0.075124
0.71875 0.21875 0.0946262
0.75 0.21875 0.119067
0.75 0.25 0.0999014
0.71875 0.25 0.075124
0.71875 0.21875 0.0946262
0.71875 0.1875 0.114822
0.75 0.1875 0.13871
0.75 0.21875 0.119067
0.71875 0.21875 0.0946262
0.6875 0.1875 0.0916563
0.6875 0.125 0.137532
0.75 0.125 0.18049
0.75 0.1875 0.13871
0.6875 0.1875 0.0916563
0.625 0.125 0.102435
0.625 0.0625 0.159159
0.6875 0.0625 0.188035
0.6875 0.125 0.137532
0.625 0.125 0.102435
0.625 0.0625 0.159159
0.625 0 0.218561
0.6875 0 0.24329
0.6875 0.0625 0.188035
0.625 0.0625 0.159159
0.6875 0.125 0.137532
0.6875 0.0625 0.188035
0.75 0.0625 0.226146
0.75 0.125 0.18049
0.6875 0.125 0.137532
0.6875 0.0625 0.188035
0.6875 0 0.24329
0.75 0 0.276793
0.75 0.0625 0.226146
0.6875 0.0625 0.188035
0.75 0.5 -0.0357351
0.75 0.46875 -0.0241504
0.78125 0.46875 0.00303927
0.78125 0.5 -0.00719195
0.75 0.5 -0.0357351
0.75 0.46875 -0.0241504
0.75 0.4375 -0.00909558
0.78125 0.4375 0.0175975
0.78125 0.46875 0.00303927
0.75 0.46875 -0.0241504
0.78125 0.5 -0.00719195
0.78125 0.46875 0.00303927
0.8125 0.46875 0.0320056
0.8125 0.5 0.0229066
0.78125 0.5 -0.00719195
0.78125 0.46875 0.00303927
0.78125 0.4375 0.0175975
0.8125 0.4375 0.0450609
0.8125 0.46875 0.0320056
0.78125 0.46875 0.00303927
0.75 0.4375 -0.00909558
0.75 0.40625 0.00800531
0.78125 0.40625 0.0340423
0.78125 0.4375 0.0175975
0.75 0.4375 -0.00909558
0.75 0.40625 0.00800531
0.75 0.375 0.0258305
0.78125 0.375 0.0514703
0.78125 0.40625 0.0340423
0.75 0.40625 0.00800531
0.78125 0.4375 0.0175975
0.78125 0.40625 0.0340423
0.8125 0.40625 0.0605478
0.8125 0.4375 0.0450609
0.78125 0.4375 0.0175975
0.78125 0.40625 0.0340423
0.78125 0.375 0.0514703
0.8125 0.375 0.0773918
0.8125 0.40625 0.0605478
0.78125 0.40625 0.0340423
0.8125 0.5 0.0229066
0.8125 0.46875 0.0320056
0.84375 0.46875 0.061497
0.84375 0.5 0.0536154
0.8125 0.5 0.0229066
0.8125 0.46875 0.0320056
0.8125 0.4375 0.0450609
0.84375 0.4375 0.0732035
0.84375 0.46875 0.061497
0.8125 0.46875 0.0320056
0.84375 0.5 0.0536154
0.84375 0.46875 0.061497
0.875 0.46875 0.0913322
0.875 0.5 0.0844449
0.84375 0.5 0.0536154
0.84375 0.46875 0.061497
0.84375 0.4375 0.0732035
0.875 0.4375 0.101831
0.875 0.46875 0.0913322
0.84375 0.46875 0.061497
0.8125 0.4375 0.0450609
0.8125 0.40625 0.0605478
0.84375 0.40625 0.0875658
0.84375 0.4375 0.0732035
0.8125 0.4375 0.0450609
0.8125 0.40625 0.0605478
0.8125 0.375 0.0773918
0.84375 0.375 0.103665
0.84375 0.40625 0.0875658
0.8125 0.40625 0.0605478
0.84375 0.4375 0.0732035
0.84375 0.40625 0.0875658
0.875 0.40625 0.115095
0.875 0.4375 0.101831
0.84375 0.4375 0.0732035
0.84375 0.40625 0.0875658
0.84375 0.375 0.103665
0.875 0.375 0.130345
0.875 0.40625 0.115095
0.84375 0.40625 0.0875658
0.75 0.375 0.0258305
0.75 0.34375 0.0440548
0.78125 0.34375 0.0694494
0.78125 0.375 0.0514703
0.75 0.375 0.0258305
0.75 0.34375 0.0440548
0.75 0.3125 0.0624715
0.78125 0.3125 0.0877091
0.78125 0.34375 0.0694494
0.75 0.34375 0.0440548
0.78125 0.375 0.0514703
0.78125 0.34375 0.0694494
0.8125 0.34375 0.0950176
0.8125 0.375 0.0773918
0.78125 0.375 0.0514703
0.78125 0.34375 0.0694494
0.78125 0.3125 0.0877091
0.8125 0.3125 0.113068
0.8125 0.34375 0.0950176
0.78125 0.34375 0.0694494
0.75 0.3125 0.0624715
0.75 0.28125 0.0810733
0.78125 0.28125 0.106166
0.78125 0.3125 0.0877091
0.75 0.3125 0.0624715
0.75 0.28125 0.0810733
0.75 0.25 0.0999014
0.78125 0.25 0.124829
0.78125 0.28125 0.106166
0.75 0.28125 0.0810733
0.78125 0.3125 0.0877091
0.78125 0.28125 0.106166
0.8125 0.28125 0.131368
0.8125 0.3125 0.113068
0.78125 0.3125 0.0877091
0.78125 0.28125 0.106166
0.78125 0.25 0.124829
0.8125 0.25 0.149874
0.8125 0.28125 0.131368
0.78125 0.28125 0.106166
0.8125 0.375 0.0773918
0.8125 0.34375 0.0950176
0.84375 0.34375 0.120813
0.84375 0.375 0.103665
0.8125 0.375 0.0773918
0.8125 0.34375 0.0950176
0.8125 0.3125 0.113068
0.84375 0.3125 0.138586
0.84375 0.34375 0.120813
0.8125 0.34375 0.0950176
0.84375 0.375 0.103665
0.84375 0.34375 0.120813
0.875 0.34375 0.146893
0.875 0.375 0.130345
0.84375 0.375 0.103665
0.84375 0.34375 0.120813
0.84375 0.3125 0.138586
0.875 0.3125 0.164298
0.875 0.34375 0.146893
0.84375 0.34375 0.120813
0.8125 0.3125 0.113068
0.8125 0.25 0.149874
0.875 0.25 0.200336
0.875 0.3125 0.164298
0.8125 0.3125 0.113068
0.875 0.5 0.0844449
0.875 0.46875 0.0913322
0.90625 0.46875 0.121439
0.90625 0.5 0.115331
0.875 0.5 0.0844449
0.875 0.46875 0.0913322
0.875 0.4375 0.101831
0.90625 0.4375 0.130965
0.90625 0.46875 0.121439
0.875 0.46875 0.0913322
0.90625 0.5 0.115331
0.90625 0.46875 0.121439
0.9375 0.46875 0.151727
0.9375 0.5 0.146265
0.90625 0.5 0.115331
0.90625 0.46875 0.121439
0.90625 0.4375 0.130965
0.9375 0.4375 0.160409
0.9375 0.46875 0.151727
0.90625 0.46875 0.121439
0.875 0.4375 0.101831
0.875 0.375 0.130345
0.9375 0.375 0.185163
0.9375 0.4375 0.160409
0.875 0.4375 0.101831
0.9375 0.5 0.146265
0.9375 0.4375 0.160409
1 0.4375 0.220551
1 0.5 0.208551
0.9375 0.5 0.146265
0.9375 0.4375 0.160409
0.9375 0.375 0.185163
1 0.375 0.242325
1 0.4375 0.220551
0.9375 0.4375 0.160409
0.875 0.375 0.130345
0.875 0.3125 0.164298
0.9375 0.3125 0.216648
0.9375 0.375 0.185163
0.875 0.375 0.130345
0.875 0.3125 0.164298
0.875 0.25 0.200336
0.9375 0.25 0.25147
0.9375 0.3125 0.216648
0.875 0.3125 0.164298
0.9375 0.375 0.185163
0.9375 0.3125 0.216648
1 0.3125 0.271001
1 0.375 0.242325
0.9375 0.375 0.185163
0.9375 0.3125 0.216648
0.9375 0.25 0.25147
1 0.25 0.303975
1 0.3125 0.271001
0.9375 0.3125 0.216648
0.75 0.25 0.0999014
0.75 0.1875 0.13871
0.8125 0.1875 0.187702
0.8125 0.25 0.149874
0.75 0.25 0.0999014
0.75 0.1875 0.13871
0.75 0.125 0.18049
0.8125 0.125 0.227311
0.8125 0.1875 0.187702
0.75 0.1875 0.13871
0.8125 0.25 0.149874
0.8125 0.1875 0.187702
0.875 0.1875 0.237358
0.875 0.25 0.200336
0.8125 0.25 0.149874
0.8125 0.1875 0.187702
0.8125 0.125 0.227311
0.875 0.125 0.275666
0.875 0.1875 0.237358
0.8125 0.1875 0.187702
0.75 0.125 0.18049
0.75 0 0.276793
0.875 0 0.36227
0.875 0.125 0.275666
0.75 0.125 0.18049
0.875 0.25 0.200336
0.875 0.125 0.275666
1 0.125 0.3755
1 0.25 0.303975
0.875 0.25 0.200336
0.875 0.125 0.275666
0.875 0 0.36227
1 0 0.457029
1 0.125 0.3755
0.875 0.125 0.275666
