0 1 0.463847
0 0.875 0.382989
0.125 0.875 0.281196
0.125 1 0.368585
0 1 0.463847
0 0.875 0.382989
0 0.75 0.307687
0.125 0.75 0.201286
0.125 0.875 0.281196
0 0.875 0.382989
0.125 1 0.368585
0.125 0.875 0.281196
0.25 0.875 0.187734
0.25 1 0.28526
0.125 1 0.368585
0.125 0.875 0.281196
0.125 0.8125 0.240307
0.1875 0.8125 0.191167
0.1875 0.875 0.233816
0.125 0.875 0.281196
0.125 0.8125 0.240307
0.125 0.75 0.201286
0.1875 0.75 0.15088
0.1875 0.8125 0.191167
0.125 0.8125 0.240307
0.1875 0.875 0.233816
0.1875 0.8125 0.191167
0.25 0.8125 0.142829
0.25 0.875 0.187734
0.1875 0.875 0.233816
0.1875 0.8125 0.191167
0.1875 0.75 0.15088
0.25 0.75 0.101755
0.25 0.8125 0.142829
0.1875 0.8125 0.191167
0 0.75 0.307687
0 0.6875 0.275178
0.0625 0.6875 0.218554
0.0625 0.75 0.253302
0 0.75 0.307687
0 0.6875 0.275178
0 0.625 0.246711
0.0625 0.625 0.187741
0.0625 0.6875 0.218554
0 0.6875 0.275178
0.0625 0.75 0.253302
0.0625 0.6875 0.218554
0.125 0.6875 0.164332
0.125 0.75 0.201286
0.0625 0.75 0.253302
0.0625 0.6875 0.218554
0.0625 0.625 0.187741
0.125 0.625 0.13067
0.125 0.6875 0.164332
0.0625 0.6875 0.218554
0 0.625 0.246711
0 0.5625 0.223444
0.0625 0.5625 0.162027
0.0625 0.625 0.187741
0 0.625 0.246711
0 0.5625 0.223444
0 0.5 0.20804
0.0625 0.5 0.145572
0.0625 0.5625 0.162027
0 0.5625 0.223444
0.0625 0.625 0.187741
0.0625 0.5625 0.162027
0.125 0.5625 0.102332
0.125 0.625 0.13067
0.0625 0.625 0.187741
0.0625 0.5625 0.162027
0.0625 0.53125 0.152498
0.09375 0.53125 0.121836
0.09375 0.5625 0.132073
0.0625 0.5625 0.162027
0.0625 0.53125 0.152498
0.0625 0.5 0.145572
0.09375 0.5 0.114373
0.09375 0.53125 0.121836
0.0625 0.53125 0.152498
0.09375 0.5625 0.132073
0.09375 0.53125 0.121836
0.125 0.53125 0.0912562
0.125 0.5625 0.102332
0.09375 0.5625 0.132073
0.09375 0.53125 0.121836
0.09375 0.5 0.114373
0.125 0.5 0.0831513
0.125 0.53125 0.0912562
0.09375 0.53125 0.121836
0.125 0.75 0.201286
0.125 0.6875 0.164332
0.1875 0.6875 0.112747
0.1875 0.75 0.15088
0.125 0.75 0.201286
0.125 0.6875 0.164332
0.125 0.65625 0.147005
0.15625 0.65625 0.120358
0.15625 0.6875 0.13831
0.125 0.6875 0.164332
0.125 0.65625 0.147005
0.125 0.625 0.13067
0.15625 0.625 0.103221
0.15625 0.65625 0.120358
0.125 0.65625 0.147005
0.15625 0.6875 0.13831
0.15625 0.65625 0.120358
0.1875 0.65625 0.0942381
0.1875 0.6875 0.112747
0.15625 0.6875 0.13831
0.15625 0.65625 0.120358
0.15625 0.625 0.103221
0.1875 0.625 0.0763183
0.1875 0.65625 0.0942381
0.15625 0.65625 0.120358
0.1875 0.75 0.15088
0.1875 0.71875 0.131651
0.21875 0.71875 0.106753
0.21875 0.75 0.126222
0.1875 0.75 0.15088
0.1875 0.71875 0.131651
0.1875 0.6875 0.112747
0.21875 0.6875 0.0875677
0.21875 0.71875 0.106753
0.1875 0.71875 0.131651
0.21875 0.75 0.126222
0.21875 0.71875 0.106753
0.25 0.71875 0.0820558
0.25 0.75 0.101755
0.21875 0.75 0.126222
0.21875 0.71875 0.106753
0.21875 0.6875 0.0875677
0.25 0.6875 0.0626772
0.25 0.71875 0.0820558
0.21875 0.71875 0.106753
0.1875 0.6875 0.112747
0.1875 0.65625 0.0942381
0.21875 0.65625 0.0686602
0.21875 0.6875 0.0875677
0.1875 0.6875 0.112747
0.1875 0.65625 0.0942381
0.1875 0.625 0.0763183
0.21875 0.625 0.0501179
0.21875 0.65625 0.0686602
0.1875 0.65625 0.0942381
0.21875 0.6875 0.0875677
0.21875 0.65625 0.0686602
0.25 0.65625 0.0435201
0.25 0.6875 0.0626772
0.21875 0.6875 0.0875677
0.21875 0.65625 0.0686602
0.21875 0.625 0.0501179
0.25 0.625 0.0245714
0.25 0.65625 0.0435201
0.21875 0.65625 0.0686602
0.125 0.625 0.13067
0.125 0.59375 0.115636
0.15625 0.59375 0.0872388
0.15625 0.625 0.103221
0.125 0.625 0.13067
0.125 0.59375 0.115636
0.125 0.5625 0.102332
0.15625 0.5625 0.0728816
0.15625 0.59375 0.0872388
0.125 0.59375 0.115636
0.15625 0.625 0.103221
0.15625 0.59375 0.0872388
0.1875 0.59375 0.0593324
0.1875 0.625 0.0763183
0.15625 0.625 0.103221
0.15625 0.59375 0.0872388
0.15625 0.5625 0.0728816
0.1875 0.5625 0.0438108
0.1875 0.59375 0.0593324
0.15625 0.59375 0.0872388
0.125 0.5625 0.102332
0.125 0.53125 0.0912562
0.15625 0.53125 0.0607898
0.15625 0.5625 0.0728816
0.125 0.5625 0.102332
0.125 0.53125 0.0912562
0.125 0.5 0.0831513
0.15625 0.5 0.0519121
0.15625 0.53125 0.0607898
0.125 0.53125 0.0912562
0.15625 0.5625 0.0728816
0.15625 0.53125 0.0607898
0.1875 0.53125 0.0304726
0.1875 0.5625 0.0438108
0.15625 0.5625 0.0728816
0.15625 0.53125 0.0607898
0.15625 0.5 0.0519121
0.1875 0.5 0.0206656
0.1875 0.53125 0.0304726
0.15625 0.53125 0.0607898
0.1875 0.625 0.0763183
0.1875 0.59375 0.0593324
0.21875 0.59375 0.0321799
0.21875 0.625 0.0501179
0.1875 0.625 0.0763183
0.1875 0.59375 0.0593324
0.1875 0.5625 0.0438108
0.21875 0.5625 0.0153757
0.21875 0.59375 0.0321799
0.1875 0.59375 0.0593324
0.21875 0.625 0.0501179
0.21875 0.59375 0.0321799
0.25 0.59375 0.00593155
0.25 0.625 0.0245714
0.21875 0.625 0.0501179
0.21875 0.59375 0.0321799
0.21875 0.5625 0.0153757
0.25 0.5625 -0.0116987
0.25 0.59375 0.00593155
0.21875 0.59375 0.0321799
0.1875 0.5625 0.0438108
0.1875 0.53125 0.0304726
0.21875 0.53125 0.000387746
0.21875 0.5625 0.0153757
0.1875 0.5625 0.0438108
0.1875 0.53125 0.0304726
0.1875 0.5 0.0206656
0.21875 0.5 -0.010137
0.21875 0.53125 0.000387746
0.1875 0.53125 0.0304726
0.21875 0.5625 0.0153757
0.21875 0.53125 0.000387746
0.25 0.53125 -0.0275212
0.25 0.5625 -0.0116987
0.21875 0.5625 0.0153757
0.21875 0.53125 0.000387746
0.21875 0.5 -0.010137
0.25 0.5 -0.039946
0.25 0.53125 -0.0275212
0.21875 0.53125 0.000387746
0.25 1 0.28526
0.25 0.9375 0.235561
0.3125 0.9375 0.195777
0.3125 1 0.249387
0.25 1 0.28526
0.25 0.9375 0.235561
0.25 0.875 0.187734
0.3125 0.875 0.144042
0.3125 0.9375 0.195777
0.25 0.9375 0.235561
0.3125 1 0.249387
0.3125 0.9375 0.195777
0.375 0.9375 0.162952
0.375 1 0.221302
0.3125 1 0.249387
0.3125 0.9375 0.195777
0.3125 0.875 0.144042
0.375 0.875 0.106713
0.375 0.9375 0.162952
0.3125 0.9375 0.195777
0.25 0.875 0.187734
0.25 0.8125 0.142829
0.3125 0.8125 0.0966704
0.3125 0.875 0.144042
0.25 0.875 0.187734
0.25 0.8125 0.142829
0.25 0.78125 0.121987
0.28125 0.78125 0.0981024
0.28125 0.8125 0.119526
0.25 0.8125 0.142829
0.25 0.78125 0.121987
0.25 0.75 0.101755
0.28125 0.75 0.0774552
0.28125 0.78125 0.0981024
0.25 0.78125 0.121987
0.28125 0.8125 0.119526
0.28125 0.78125 0.0981024
0.3125 0.78125 0.0744977
0.3125 0.8125 0.0966704
0.28125 0.8125 0.119526
0.28125 0.78125 0.0981024
0.28125 0.75 0.0774552
0.3125 0.75 0.0533191
0.3125 0.78125 0.0744977
0.28125 0.78125 0.0981024
0.3125 0.875 0.144042
0.3125 0.84375 0.119873
0.34375 0.84375 0.0989935
0.34375 0.875 0.124498
0.3125 0.875 0.144042
0.3125 0.84375 0.119873
0.3125 0.8125 0.0966704
0.34375 0.8125 0.0745656
0.34375 0.84375 0.0989935
0.3125 0.84375 0.119873
0.34375 0.875 0.124498
0.34375 0.84375 0.0989935
0.375 0.84375 0.0796723
0.375 0.875 0.106713
0.34375 0.875 0.124498
0.34375 0.84375 0.0989935
0.34375 0.8125 0.0745656
0.375 0.8125 0.0536166
0.375 0.84375 0.0796723
0.34375 0.84375 0.0989935
0.3125 0.8125 0.0966704
0.3125 0.78125 0.0744977
0.34375 0.78125 0.0513351
0.34375 0.8125 0.0745656
0.3125 0.8125 0.0966704
0.3125 0.78125 0.0744977
0.3125 0.75 0.0533191
0.34375 0.75 0.0293747
0.34375 0.78125 0.0513351
0.3125 0.78125 0.0744977
0.34375 0.8125 0.0745656
0.34375 0.78125 0.0513351
0.375 0.78125 0.0288288
0.375 0.8125 0.0536166
0.34375 0.8125 0.0745656
0.34375 0.78125 0.0513351
0.34375 0.75 0.0293747
0.375 0.75 0.00563623
0.375 0.78125 0.0288288
0.34375 0.78125 0.0513351
0.375 1 0.221302
0.375 0.9375 0.162952
0.4375 0.9375 0.143118
0.4375 1 0.205009
0.375 1 0.221302
0.375 0.9375 0.162952
0.375 0.90625 0.134545
0.40625 0.90625 0.121324
0.40625 0.9375 0.151028
0.375 0.9375 0.162952
0.375 0.90625 0.134545
0.375 0.875 0.106713
0.40625 0.875 0.0919731
0.40625 0.90625 0.121324
0.375 0.90625 0.134545
0.40625 0.9375 0.151028
0.40625 0.90625 0.121324
0.4375 0.90625 0.112363
0.4375 0.9375 0.143118
0.40625 0.9375 0.151028
0.40625 0.90625 0.121324
0.40625 0.875 0.0919731
0.4375 0.875 0.0817428
0.4375 0.90625 0.112363
0.40625 0.90625 0.121324
0.4375 1 0.205009
0.4375 0.9375 0.143118
0.5 0.9375 0.141781
0.5 1 0.203943
0.4375 1 0.205009
0.4375 0.9375 0.143118
0.4375 0.90625 0.112363
0.46875 0.90625 0.108515
0.46875 0.9375 0.139745
0.4375 0.9375 0.143118
0.4375 0.90625 0.112363
0.4375 0.875 0.0817428
0.46875 0.875 0.0772835
0.46875 0.90625 0.108515
0.4375 0.90625 0.112363
0.46875 0.9375 0.139745
0.46875 0.90625 0.108515
0.5 0.90625 0.110802
0.5 0.9375 0.141781
0.46875 0.9375 0.139745
0.46875 0.90625 0.108515
0.46875 0.875 0.0772835
0.5 0.875 0.0798852
0.5 0.90625 0.110802
0.46875 0.90625 0.108515
0.375 0.875 0.106713
0.375 0.84375 0.0796723
0.40625 0.84375 0.063108
0.40625 0.875 0.0919731
0.375 0.875 0.106713
0.375 0.84375 0.0796723
0.375 0.8125 0.0536166
0.40625 0.8125 0.0349337
0.40625 0.84375 0.063108
0.375 0.84375 0.0796723
0.40625 0.875 0.0919731
0.40625 0.84375 0.063108
0.4375 0.84375 0.0513018
0.4375 0.875 0.0817428
0.40625 0.875 0.0919731
0.40625 0.84375 0.063108
0.40625 0.8125 0.0349337
0.4375 0.8125 0.0211204
0.4375 0.84375 0.0513018
0.40625 0.84375 0.063108
0.375 0.8125 0.0536166
0.375 0.78125 0.0288288
0.40625 0.78125 0.00775008
0.40625 0.8125 0.0349337
0.375 0.8125 0.0536166
0.375 0.78125 0.0288288
0.375 0.75 0.00563623
0.40625 0.75 -0.0164459
0.40625 0.78125 0.00775008
0.375 0.78125 0.0288288
0.40625 0.8125 0.0349337
0.40625 0.78125 0.00775008
0.4375 0.78125 -0.00829976
0.4375 0.8125 0.0211204
0.40625 0.8125 0.0349337
0.40625 0.78125 0.00775008
0.40625 0.75 -0.0164459
0.4375 0.75 -0.0354095
0.4375 0.78125 -0.00829976
0.40625 0.78125 0.00775008
0.4375 0.875 0.0817428
0.4375 0.84375 0.0513018
0.46875 0.84375 0.0460462
0.46875 0.875 0.0772835
0.4375 0.875 0.0817428
0.4375 0.84375 0.0513018
0.4375 0.8125 0.0211204
0.46875 0.8125 0.0148003
0.46875 0.84375 0.0460462
0.4375 0.84375 0.0513018
0.46875 0.875 0.0772835
0.46875 0.84375 0.0460462
0.5 0.84375 0.0490473
0.5 0.875 0.0798852
0.46875 0.875 0.0772835
0.46875 0.84375 0.0460462
0.46875 0.8125 0.0148003
0.5 0.8125 0.0183144
0.5 0.84375 0.0490473
0.46875 0.84375 0.0460462
0.4375 0.8125 0.0211204
0.4375 0.78125 -0.00829976
0.46875 0.78125 -0.0163378
0.46875 0.8125 0.0148003
0.4375 0.8125 0.0211204
0.4375 0.78125 -0.00829976
0.4375 0.75 -0.0354095
0.46875 0.75 -0.0468988
0.46875 0.78125 -0.0163378
0.4375 0.78125 -0.00829976
0.46875 0.8125 0.0148003
0.46875 0.78125 -0.0163378
0.5 0.78125 -0.0120209
0.5 0.8125 0.0183144
0.46875 0.8125 0.0148003
0.46875 0.78125 -0.0163378
0.46875 0.75 -0.0468988
0.5 0.75 -0.0414691
0.5 0.78125 -0.0120209
0.46875 0.78125 -0.0163378
0.25 0.75 0.101755
0.25 0.71875 0.0820558
0.28125 0.71875 0.0575087
0.28125 0.75 0.0774552
0.25 0.75 0.101755
0.25 0.71875 0.0820558
0.25 0.6875 0.0626772
0.28125 0.6875 0.0379734
0.28125 0.71875 0.0575087
0.25 0.71875 0.0820558
0.28125 0.75 0.0774552
0.28125 0.71875 0.0575087
0.3125 0.71875 0.0330697
0.3125 0.75 0.0533191
0.28125 0.75 0.0774552
0.28125 0.71875 0.0575087
0.28125 0.6875 0.0379734
0.3125 0.6875 0.0134019
0.3125 0.71875 0.0330697
0.28125 0.71875 0.0575087
0.25 0.6875 0.0626772
0.25 0.65625 0.0435201
0.28125 0.65625 0.0186765
0.28125 0.6875 0.0379734
0.25 0.6875 0.0626772
0.25 0.65625 0.0435201
0.25 0.625 0.0245714
0.28125 0.625 -0.000474256
0.28125 0.65625 0.0186765
0.25 0.65625 0.0435201
0.28125 0.6875 0.0379734
0.28125 0.65625 0.0186765
0.3125 0.65625 -0.00599692
0.3125 0.6875 0.0134019
0.28125 0.6875 0.0379734
0.28125 0.65625 0.0186765
0.28125 0.625 -0.000474256
0.3125 0.625 -0.0252227
0.3125 0.65625 -0.00599692
0.28125 0.65625 0.0186765
0.3125 0.75 0.0533191
0.3125 0.71875 0.0330697
0.34375 0.71875 0.00872344
0.34375 0.75 0.0293747
0.3125 0.75 0.0533191
0.3125 0.71875 0.0330697
0.3125 0.6875 0.0134019
0.34375 0.6875 -0.0110273
0.34375 0.71875 0.00872344
0.3125 0.71875 0.0330697
0.34375 0.75 0.0293747
0.34375 0.71875 0.00872344
0.375 0.71875 -0.0151937
0.375 0.75 0.00563623
0.34375 0.75 0.0293747
0.34375 0.71875 0.00872344
0.34375 0.6875 -0.0110273
0.375 0.6875 -0.0352456
0.375 0.71875 -0.0151937
0.34375 0.71875 0.00872344
0.3125 0.6875 0.0134019
0.3125 0.65625 -0.00599692
0.34375 0.65625 -0.03054
0.34375 0.6875 -0.0110273
0.3125 0.6875 0.0134019
0.3125 0.65625 -0.00599692
0.3125 0.625 -0.0252227
0.34375 0.625 -0.049881
0.34375 0.65625 -0.03054
0.3125 0.65625 -0.00599692
0.34375 0.6875 -0.0110273
0.34375 0.65625 -0.03054
0.375 0.65625 -0.0549504
0.375 0.6875 -0.0352456
0.34375 0.6875 -0.0110273
0.34375 0.65625 -0.03054
0.34375 0.625 -0.049881
0.375 0.625 -0.0744352
0.375 0.65625 -0.0549504
0.34375 0.65625 -0.03054
0.25 0.625 0.0245714
0.25 0.59375 0.00593155
0.28125 0.59375 -0.0193175
0.28125 0.625 -0.000474256
0.25 0.625 0.0245714
0.25 0.59375 0.00593155
0.25 0.5625 -0.0116987
0.28125 0.5625 -0.0375451
0.28125 0.59375 -0.0193175
0.25 0.59375 0.00593155
0.28125 0.625 -0.000474256
0.28125 0.59375 -0.0193175
0.3125 0.59375 -0.0442493
0.3125 0.625 -0.0252227
0.28125 0.625 -0.000474256
0.28125 0.59375 -0.0193175
0.28125 0.5625 -0.0375451
0.3125 0.5625 -0.062903
0.3125 0.59375 -0.0442493
0.28125 0.59375 -0.0193175
0.25 0.5625 -0.0116987
0.25 0.53125 -0.0275212
0.28125 0.53125 -0.0545357
0.28125 0.5625 -0.0375451
0.25 0.5625 -0.0116987
0.25 0.53125 -0.0275212
0.25 0.5 -0.039946
0.28125 0.5 -0.0688416
0.28125 0.53125 -0.0545357
0.25 0.53125 -0.0275212
0.28125 0.5625 -0.0375451
0.28125 0.53125 -0.0545357
0.3125 0.53125 -0.0807621
0.3125 0.5625 -0.062903
0.28125 0.5625 -0.0375451
0.28125 0.53125 -0.0545357
0.28125 0.5 -0.0688416
0.3125 0.5 -0.0967422
0.3125 0.53125 -0.0807621
0.28125 0.53125 -0.0545357
0.3125 0.625 -0.0252227
0.3125 0.59375 -0.0442493
0.34375 0.59375 -0.0690497
0.34375 0.625 -0.049881
0.3125 0.625 -0.0252227
0.3125 0.59375 -0.0442493
0.3125 0.5625 -0.062903
0.34375 0.5625 -0.0879661
0.34375 0.59375 -0.0690497
0.3125 0.59375 -0.0442493
0.34375 0.625 -0.049881
0.34375 0.59375 -0.0690497
0.375 0.59375 -0.0937438
0.375 0.625 -0.0744352
0.34375 0.625 -0.049881
0.34375 0.59375 -0.0690497
0.34375 0.5625 -0.0879661
0.375 0.5625 -0.112846
0.375 0.59375 -0.0937438
0.34375 0.59375 -0.0690497
0.3125 0.5625 -0.062903
0.3125 0.53125 -0.0807621
0.34375 0.53125 -0.106377
0.34375 0.5625 -0.0879661
0.3125 0.5625 -0.062903
0.3125 0.53125 -0.0807621
0.3125 0.5 -0.0967422
0.34375 0.5 -0.123589
0.34375 0.53125 -0.106377
0.3125 0.53125 -0.0807621
0.34375 0.5625 -0.0879661
0.34375 0.53125 -0.106377
0.375 0.53125 -0.13164
0.375 0.5625 -0.112846
0.34375 0.5625 -0.0879661
0.34375 0.53125 -0.106377
0.34375 0.5 -0.123589
0.375 0.5 -0.149713
0.375 0.53125 -0.13164
0.34375 0.53125 -0.106377
0.375 0.75 0.00563623
0.375 0.71875 -0.0151937
0.40625 0.71875 -0.0383908
0.40625 0.75 -0.0164459
0.375 0.75 0.00563623
0.375 0.71875 -0.0151937
0.375 0.6875 -0.0352456
0.40625 0.6875 -0.0591083
0.40625 0.71875 -0.0383908
0.375 0.71875 -0.0151937
0.40625 0.75 -0.0164459
0.40625 0.71875 -0.0383908
0.4375 0.71875 -0.0599466
0.4375 0.75 -0.0354095
0.40625 0.75 -0.0164459
0.40625 0.71875 -0.0383908
0.40625 0.6875 -0.0591083
0.4375 0.6875 -0.0821699
0.4375 0.71875 -0.0599466
0.40625 0.71875 -0.0383908
0.375 0.6875 -0.0352456
0.375 0.65625 -0.0549504
0.40625 0.65625 -0.0791655
0.40625 0.6875 -0.0591083
0.375 0.6875 -0.0352456
0.375 0.65625 -0.0549504
0.375 0.625 -0.0744352
0.40625 0.625 -0.0988582
0.40625 0.65625 -0.0791655
0.375 0.65625 -0.0549504
0.40625 0.6875 -0.0591083
0.40625 0.65625 -0.0791655
0.4375 0.65625 -0.102993
0.4375 0.6875 -0.0821699
0.40625 0.6875 -0.0591083
0.40625 0.65625 -0.0791655
0.40625 0.625 -0.0988582
0.4375 0.625 -0.123074
0.4375 0.65625 -0.102993
0.40625 0.65625 -0.0791655
0.4375 0.75 -0.0354095
0.4375 0.71875 -0.0599466
0.46875 0.71875 -0.0759568
0.46875 0.75 -0.0468988
0.4375 0.75 -0.0354095
0.4375 0.71875 -0.0599466
0.4375 0.6875 -0.0821699
0.46875 0.6875 -0.10233
0.46875 0.71875 -0.0759568
0.4375 0.71875 -0.0599466
0.46875 0.75 -0.0468988
0.46875 0.71875 -0.0759568
0.5 0.71875 -0.0699797
0.5 0.75 -0.0414691
0.46875 0.75 -0.0468988
0.46875 0.71875 -0.0759568
0.46875 0.6875 -0.10233
0.5 0.6875 -0.0974749
0.5 0.71875 -0.0699797
0.46875 0.71875 -0.0759568
0.4375 0.6875 -0.0821699
0.4375 0.65625 -0.102993
0.46875 0.65625 -0.125642
0.46875 0.6875 -0.10233
0.4375 0.6875 -0.0821699
0.4375 0.65625 -0.102993
0.4375 0.625 -0.123074
0.46875 0.625 -0.1466
0.46875 0.65625 -0.125642
0.4375 0.65625 -0.102993
0.46875 0.6875 -0.10233
0.46875 0.65625 -0.125642
0.5 0.65625 -0.124083
0.5 0.6875 -0.0974749
0.46875 0.6875 -0.10233
0.46875 0.65625 -0.125642
0.46875 0.625 -0.1466
0.5 0.625 -0.149897
0.5 0.65625 -0.124083
0.46875 0.65625 -0.125642
0.375 0.625 -0.0744352
0.375 0.59375 -0.0937438
0.40625 0.59375 -0.118326
0.40625 0.625 -0.0988582
0.375 0.625 -0.0744352
0.375 0.59375 -0.0937438
0.375 0.5625 -0.112846
0.40625 0.5625 -0.137593
0.40625 0.59375 -0.118326
0.375 0.59375 -0.0937438
0.40625 0.625 -0.0988582
0.40625 0.59375 -0.118326
0.4375 0.59375 -0.142765
0.4375 0.625 -0.123074
0.40625 0.625 -0.0988582
0.40625 0.59375 -0.118326
0.40625 0.5625 -0.137593
0.4375 0.5625 -0.162215
0.4375 0.59375 -0.142765
0.40625 0.59375 -0.118326
0.375 0.5625 -0.112846
0.375 0.5 -0.149713
0.4375 0.5 -0.195347
0.4375 0.5625 -0.162215
0.375 0.5625 -0.112846
0.4375 0.625 -0.123074
0.4375 0.5625 -0.162215
0.5 0.5625 -0.200448
0.5 0.625 -0.149897
0.4375 0.625 -0.123074
0.4375 0.5625 -0.162215
0.4375 0.5 -0.195347
0.5 0.5 -0.239175
0.5 0.5625 -0.200448
0.4375 0.5625 -0.162215
0 0.5 0.20804
0 0.4375 0.207254
0.0625 0.4375 0.145161
0.0625 0.5 0.145572
0 0.5 0.20804
0 0.4375 0.207254
0 0.375 0.22162
0.0625 0.375 0.162418
0.0625 0.4375 0.145161
0 0.4375 0.207254
0.0625 0.5 0.145572
0.0625 0.46875 0.142599
0.09375 0.46875 0.111392
0.09375 0.5 0.114373
0.0625 0.5 0.145572
0.0625 0.46875 0.142599
0.0625 0.4375 0.145161
0.09375 0.4375 0.114389
0.09375 0.46875 0.111392
0.0625 0.46875 0.142599
0.09375 0.5 0.114373
0.09375 0.46875 0.111392
0.125 0.46875 0.0801841
0.125 0.5 0.0831513
0.09375 0.5 0.114373
0.09375 0.46875 0.111392
0.09375 0.4375 0.114389
0.125 0.4375 0.0837132
0.125 0.46875 0.0801841
0.09375 0.46875 0.111392
0.0625 0.4375 0.145161
0.0625 0.40625 0.151992
0.09375 0.40625 0.122219
0.09375 0.4375 0.114389
0.0625 0.4375 0.145161
0.0625 0.40625 0.151992
0.0625 0.375 0.162418
0.09375 0.375 0.133888
0.09375 0.40625 0.122219
0.0625 0.40625 0.151992
0.09375 0.4375 0.114389
0.09375 0.40625 0.122219
0.125 0.40625 0.0927921
0.125 0.4375 0.0837132
0.09375 0.4375 0.114389
0.09375 0.40625 0.122219
0.09375 0.375 0.133888
0.125 0.375 0.105927
0.125 0.40625 0.0927921
0.09375 0.40625 0.122219
0 0.375 0.22162
0 0.3125 0.246751
0.0625 0.3125 0.19165
0.0625 0.375 0.162418
0 0.375 0.22162
0 0.3125 0.246751
0 0.25 0.280441
0.0625 0.25 0.229778
0.0625 0.3125 0.19165
0 0.3125 0.246751
0.0625 0.375 0.162418
0.0625 0.3125 0.19165
0.125 0.3125 0.14114
0.125 0.375 0.105927
0.0625 0.375 0.162418
0.0625 0.3125 0.19165
0.0625 0.25 0.229778
0.125 0.25 0.183758
0.125 0.3125 0.14114
0.0625 0.3125 0.19165
0.125 0.5 0.0831513
0.125 0.46875 0.0801841
0.15625 0.46875 0.0489523
0.15625 0.5 0.0519121
0.125 0.5 0.0831513
0.125 0.46875 0.0801841
0.125 0.4375 0.0837132
0.15625 0.4375 0.0532105
0.15625 0.46875 0.0489523
0.125 0.46875 0.0801841
0.15625 0.5 0.0519121
0.15625 0.46875 0.0489523
0.1875 0.46875 0.0177101
0.1875 0.5 0.0206656
0.15625 0.5 0.0519121
0.15625 0.46875 0.0489523
0.15625 0.4375 0.0532105
0.1875 0.4375 0.0230046
0.1875 0.46875 0.0177101
0.15625 0.46875 0.0489523
0.125 0.4375 0.0837132
0.125 0.40625 0.0927921
0.15625 0.40625 0.0638839
0.15625 0.4375 0.0532105
0.125 0.4375 0.0837132
0.125 0.40625 0.0927921
0.125 0.375 0.105927
0.15625 0.375 0.0789058
0.15625 0.40625 0.0638839
0.125 0.40625 0.0927921
0.15625 0.4375 0.0532105
0.15625 0.40625 0.0638839
0.1875 0.40625 0.035875
0.1875 0.4375 0.0230046
0.15625 0.4375 0.0532105
0.15625 0.40625 0.0638839
0.15625 0.375 0.0789058
0.1875 0.375 0.0529758
0.1875 0.40625 0.035875
0.15625 0.40625 0.0638839
0.1875 0.5 0.0206656
0.1875 0.46875 0.0177101
0.21875 0.46875 -0.012646
0.21875 0.5 -0.010137
0.1875 0.5 0.0206656
0.1875 0.46875 0.0177101
0.1875 0.4375 0.0230046
0.21875 0.4375 -0.00611212
0.21875 0.46875 -0.012646
0.1875 0.46875 0.0177101
0.21875 0.5 -0.010137
0.21875 0.46875 -0.012646
0.25 0.46875 -0.0416273
0.25 0.5 -0.039946
0.21875 0.5 -0.010137
0.21875 0.46875 -0.012646
0.21875 0.4375 -0.00611212
0.25 0.4375 -0.0316574
0.25 0.46875 -0.0416273
0.21875 0.46875 -0.012646
0.1875 0.4375 0.0230046
0.1875 0.40625 0.035875
0.21875 0.40625 0.00901403
0.21875 0.4375 -0.00611212
0.1875 0.4375 0.0230046
0.1875 0.40625 0.035875
0.1875 0.375 0.0529758
0.21875 0.375 0.0287122
0.21875 0.40625 0.00901403
0.1875 0.40625 0.035875
0.21875 0.4375 -0.00611212
0.21875 0.40625 0.00901403
0.25 0.40625 -0.0150771
0.25 0.4375 -0.0316574
0.21875 0.4375 -0.00611212
0.21875 0.40625 0.00901403
0.21875 0.375 0.0287122
0.25 0.375 0.00614822
0.25 0.40625 -0.0150771
0.21875 0.40625 0.00901403
0.125 0.375 0.105927
0.125 0.34375 0.122267
0.15625 0.34375 0.0970028
0.15625 0.375 0.0789058
0.125 0.375 0.105927
0.125 0.34375 0.122267
0.125 0.3125 0.14114
0.15625 0.3125 0.117443
0.15625 0.34375 0.0970028
0.125 0.34375 0.122267
0.15625 0.375 0.0789058
0.15625 0.34375 0.0970028
0.1875 0.34375 0.0731043
0.1875 0.375 0.0529758
0.15625 0.375 0.0789058
0.15625 0.34375 0.0970028
0.15625 0.3125 0.117443
0.1875 0.3125 0.0949205
0.1875 0.34375 0.0731043
0.15625 0.34375 0.0970028
0.125 0.3125 0.14114
0.125 0.25 0.183758
0.1875 0.25 0.141217
0.1875 0.3125 0.0949205
0.125 0.3125 0.14114
0.1875 0.375 0.0529758
0.1875 0.34375 0.0731043
0.21875 0.34375 0.0505542
0.21875 0.375 0.0287122
0.1875 0.375 0.0529758
0.1875 0.34375 0.0731043
0.1875 0.3125 0.0949205
0.21875 0.3125 0.0734918
0.21875 0.34375 0.0505542
0.1875 0.34375 0.0731043
0.21875 0.375 0.0287122
0.21875 0.34375 0.0505542
0.25 0.34375 0.0292162
0.25 0.375 0.00614822
0.21875 0.375 0.0287122
0.21875 0.34375 0.0505542
0.21875 0.3125 0.0734918
0.25 0.3125 0.0529212
0.25 0.34375 0.0292162
0.21875 0.34375 0.0505542
0.1875 0.3125 0.0949205
0.1875 0.28125 0.117734
0.21875 0.28125 0.0970586
0.21875 0.3125 0.0734918
0.1875 0.3125 0.0949205
0.1875 0.28125 0.117734
0.1875 0.25 0.141217
0.21875 0.25 0.121027
0.21875 0.28125 0.0970586
0.1875 0.28125 0.117734
0.21875 0.3125 0.0734918
0.21875 0.28125 0.0970586
0.25 0.28125 0.0769766
0.25 0.3125 0.0529212
0.21875 0.3125 0.0734918
0.21875 0.28125 0.0970586
0.21875 0.25 0.121027
0.25 0.25 0.101245
0.25 0.28125 0.0769766
0.21875 0.28125 0.0970586
0 0.25 0.280441
0 0.125 0.365083
0.125 0.125 0.277382
0.125 0.25 0.183758
0 0.25 0.280441
0 0.125 0.365083
0 0 0.458539
0.125 0 0.37552
0.125 0.125 0.277382
0 0.125 0.365083
0.125 0.25 0.183758
0.125 0.1875 0.229882
0.1875 0.1875 0.189264
0.1875 0.25 0.141217
0.125 0.25 0.183758
0.125 0.1875 0.229882
0.125 0.125 0.277382
0.1875 0.125 0.237974
0.1875 0.1875 0.189264
0.125 0.1875 0.229882
0.1875 0.25 0.141217
0.1875 0.1875 0.189264
0.25 0.1875 0.150208
0.25 0.25 0.101245
0.1875 0.25 0.141217
0.1875 0.1875 0.189264
0.1875 0.125 0.237974
0.25 0.125 0.199743
0.25 0.1875 0.150208
0.1875 0.1875 0.189264
0.125 0.125 0.277382
0.125 0 0.37552
0.25 0 0.301981
0.25 0.125 0.199743
0.125 0.125 0.277382
0.25 0.5 -0.039946
0.25 0.46875 -0.0416273
0.28125 0.46875 -0.0691253
0.28125 0.5 -0.0688416
0.25 0.5 -0.039946
0.25 0.46875 -0.0416273
0.25 0.4375 -0.0316574
0.28125 0.4375 -0.0558932
0.28125 0.46875 -0.0691253
0.25 0.46875 -0.0416273
0.28125 0.5 -0.0688416
0.28125 0.46875 -0.0691253
0.3125 0.46875 -0.0950443
0.3125 0.5 -0.0967422
0.28125 0.5 -0.0688416
0.28125 0.46875 -0.0691253
0.28125 0.4375 -0.0558932
0.3125 0.4375 -0.0787538
0.3125 0.46875 -0.0950443
0.28125 0.46875 -0.0691253
0.25 0.4375 -0.0316574
0.25 0.40625 -0.0150771
0.28125 0.40625 -0.0367984
0.28125 0.4375 -0.0558932
0.25 0.4375 -0.0316574
0.25 0.40625 -0.0150771
0.25 0.375 0.00614822
0.28125 0.375 -0.0148484
0.28125 0.40625 -0.0367984
0.25 0.40625 -0.0150771
0.28125 0.4375 -0.0558932
0.28125 0.40625 -0.0367984
0.3125 0.40625 -0.0578335
0.3125 0.4375 -0.0787538
0.28125 0.4375 -0.0558932
0.28125 0.40625 -0.0367984
0.28125 0.375 -0.0148484
0.3125 0.375 -0.0348582
0.3125 0.40625 -0.0578335
0.28125 0.40625 -0.0367984
0.3125 0.5 -0.0967422
0.3125 0.46875 -0.0950443
0.34375 0.46875 -0.119381
0.34375 0.5 -0.123589
0.3125 0.5 -0.0967422
0.3125 0.46875 -0.0950443
0.3125 0.4375 -0.0787538
0.34375 0.4375 -0.100439
0.34375 0.46875 -0.119381
0.3125 0.46875 -0.0950443
0.34375 0.5 -0.123589
0.34375 0.46875 -0.119381
0.375 0.46875 -0.142065
0.375 0.5 -0.149713
0.34375 0.5 -0.123589
0.34375 0.46875 -0.119381
0.34375 0.4375 -0.100439
0.375 0.4375 -0.121294
0.375 0.46875 -0.142065
0.34375 0.46875 -0.119381
0.3125 0.4375 -0.0787538
0.3125 0.40625 -0.0578335
0.34375 0.40625 -0.0782151
0.34375 0.4375 -0.100439
0.3125 0.4375 -0.0787538
0.3125 0.40625 -0.0578335
0.3125 0.375 -0.0348582
0.34375 0.375 -0.0546186
0.34375 0.40625 -0.0782151
0.3125 0.40625 -0.0578335
0.34375 0.4375 -0.100439
0.34375 0.40625 -0.0782151
0.375 0.40625 -0.0981426
0.375 0.4375 -0.121294
0.34375 0.4375 -0.100439
0.34375 0.40625 -0.0782151
0.34375 0.375 -0.0546186
0.375 0.375 -0.0741384
0.375 0.40625 -0.0981426
0.34375 0.40625 -0.0782151
0.25 0.375 0.00614822
0.25 0.34375 0.0292162
0.28125 0.34375 0.00879684
0.28125 0.375 -0.0148484
0.25 0.375 0.00614822
0.25 0.34375 0.0292162
0.25 0.3125 0.0529212
0.28125 0.3125 0.0329528
0.28125 0.34375 0.00879684
0.25 0.34375 0.0292162
0.28125 0.375 -0.0148484
0.28125 0.34375 0.00879684
0.3125 0.34375 -0.0110073
0.3125 0.375 -0.0348582
0.28125 0.375 -0.0148484
0.28125 0.34375 0.00879684
0.28125 0.3125 0.0329528
0.3125 0.3125 0.0133582
0.3125 0.34375 -0.0110073
0.28125 0.34375 0.00879684
0.25 0.3125 0.0529212
0.25 0.28125 0.0769766
0.28125 0.28125 0.0572919
0.28125 0.3125 0.0329528
0.25 0.3125 0.0529212
0.25 0.28125 0.0769766
0.25 0.25 0.101245
0.28125 0.25 0.08176
0.28125 0.28125 0.0572919
0.25 0.28125 0.0769766
0.28125 0.3125 0.0329528
0.28125 0.28125 0.0572919
0.3125 0.28125 0.0378696
0.3125 0.3125 0.0133582
0.28125 0.3125 0.0329528
0.28125 0.28125 0.0572919
0.28125 0.25 0.08176
0.3125 0.25 0.06249
0.3125 0.28125 0.0378696
0.28125 0.28125 0.0572919
0.3125 0.375 -0.0348582
0.3125 0.34375 -0.0110073
0.34375 0.34375 -0.0304319
0.34375 0.375 -0.0546186
0.3125 0.375 -0.0348582
0.3125 0.34375 -0.0110073
0.3125 0.3125 0.0133582
0.34375 0.3125 -0.00599938
0.34375 0.34375 -0.0304319
0.3125 0.34375 -0.0110073
0.34375 0.375 -0.0546186
0.34375 0.34375 -0.0304319
0.375 0.34375 -0.0497123
0.375 0.375 -0.0741384
0.34375 0.375 -0.0546186
0.34375 0.34375 -0.0304319
0.34375 0.3125 -0.00599938
0.375 0.3125 -0.0251336
0.375 0.34375 -0.0497123
0.34375 0.34375 -0.0304319
0.3125 0.3125 0.0133582
0.3125 0.28125 0.0378696
0.34375 0.28125 0.0186416
0.34375 0.3125 -0.00599938
0.3125 0.3125 0.0133582
0.3125 0.28125 0.0378696
0.3125 0.25 0.06249
0.34375 0.25 0.0434085
0.34375 0.28125 0.0186416
0.3125 0.28125 0.0378696
0.34375 0.3125 -0.00599938
0.34375 0.28125 0.0186416
0.375 0.28125 -0.000411818
0.375 0.3125 -0.0251336
0.34375 0.3125 -0.00599938
0.34375 0.28125 0.0186416
0.34375 0.25 0.0434085
0.375 0.25 0.0245408
0.375 0.28125 -0.000411818
0.34375 0.28125 0.0186416
0.375 0.5 -0.149713
0.375 0.4375 -0.121294
0.4375 0.4375 -0.161234
0.4375 0.5 -0.195347
0.375 0.5 -0.149713
0.375 0.4375 -0.121294
0.375 0.40625 -0.0981426
0.40625 0.40625 -0.117739
0.40625 0.4375 -0.14151
0.375 0.4375 -0.121294
0.375 0.40625 -0.0981426
0.375 0.375 -0.0741384
0.40625 0.375 -0.0934095
0.40625 0.40625 -0.117739
0.375 0.40625 -0.0981426
0.40625 0.4375 -0.14151
0.40625 0.40625 -0.117739
0.4375 0.40625 -0.136991
0.4375 0.4375 -0.161234
0.40625 0.4375 -0.14151
0.40625 0.40625 -0.117739
0.40625 0.375 -0.0934095
0.4375 0.375 -0.112359
0.4375 0.40625 -0.136991
0.40625 0.40625 -0.117739
0.4375 0.5 -0.195347
0.4375 0.4375 -0.161234
0.5 0.4375 -0.198359
0.5 0.5 -0.239175
0.4375 0.5 -0.195347
0.4375 0.4375 -0.161234
0.4375 0.375 -0.112359
0.5 0.375 -0.148206
0.5 0.4375 -0.198359
0.4375 0.4375 -0.161234
0.375 0.375 -0.0741384
0.375 0.34375 -0.0497123
0.40625 0.34375 -0.0687804
0.40625 0.375 -0.0934095
0.375 0.375 -0.0741384
0.375 0.34375 -0.0497123
0.375 0.3125 -0.0251336
0.40625 0.3125 -0.0440097
0.40625 0.34375 -0.0687804
0.375 0.34375 -0.0497123
0.40625 0.375 -0.0934095
0.40625 0.34375 -0.0687804
0.4375 0.34375 -0.0874833
0.4375 0.375 -0.112359
0.40625 0.375 -0.0934095
0.40625 0.34375 -0.0687804
0.40625 0.3125 -0.0440097
0.4375 0.3125 -0.0624166
0.4375 0.34375 -0.0874833
0.40625 0.34375 -0.0687804
0.375 0.3125 -0.0251336
0.375 0.28125 -0.000411818
0.40625 0.28125 -0.019085
0.40625 0.3125 -0.0440097
0.375 0.3125 -0.0251336
0.375 0.28125 -0.000411818
0.375 0.25 0.0245408
0.40625 0.25 0.006091
0.40625 0.28125 -0.019085
0.375 0.28125 -0.000411818
0.40625 0.3125 -0.0440097
0.40625 0.28125 -0.019085
0.4375 0.28125 -0.0371063
0.4375 0.3125 -0.0624166
0.40625 0.3125 -0.0440097
0.40625 0.28125 -0.019085
0.40625 0.25 0.006091
0.4375 0.25 -0.0115
0.4375 0.28125 -0.0371063
0.40625 0.28125 -0.019085
0.4375 0.375 -0.112359
0.4375 0.34375 -0.0874833
0.46875 0.34375 -0.105532
0.46875 0.375 -0.13079
0.4375 0.375 -0.112359
0.4375 0.34375 -0.0874833
0.4375 0.3125 -0.0624166
0.46875 0.3125 -0.0799202
0.46875 0.34375 -0.105532
0.4375 0.34375 -0.0874833
0.46875 0.375 -0.13079
0.46875 0.34375 -0.105532
0.5 0.34375 -0.122195
0.5 0.375 -0.148206
0.46875 0.375 -0.13079
0.46875 0.34375 -0.105532
0.46875 0.3125 -0.0799202
0.5 0.3125 -0.0956661
0.5 0.34375 -0.122195
0.46875 0.34375 -0.105532
0.4375 0.3125 -0.0624166
0.4375 0.28125 -0.0371063
0.46875 0.28125 -0.0539509
0.46875 0.3125 -0.0799202
0.4375 0.3125 -0.0624166
0.4375 0.28125 -0.0371063
0.4375 0.25 -0.0115
0.46875 0.25 -0.0274868
0.46875 0.28125 -0.0539509
0.4375 0.28125 -0.0371063
0.46875 0.3125 -0.0799202
0.46875 0.28125 -0.0539509
0.5 0.28125 -0.0684458
0.5 0.3125 -0.0956661
0.46875 0.3125 -0.0799202
0.46875 0.28125 -0.0539509
0.46875 0.25 -0.0274868
0.5 0.25 -0.0405471
0.5 0.28125 -0.0684458
0.46875 0.28125 -0.0539509
0.25 0.25 0.101245
0.25 0.21875 0.125663
0.28125 0.21875 0.106346
0.28125 0.25 0.08176
0.25 0.25 0.101245
0.25 0.21875 0.125663
0.25 0.1875 0.150208
0.28125 0.1875 0.131059
0.28125 0.21875 0.106346
0.25 0.21875 0.125663
0.28125 0.25 0.08176
0.28125 0.21875 0.106346
0.3125 0.21875 0.087234
0.3125 0.25 0.06249
0.28125 0.25 0.08176
0.28125 0.21875 0.106346
0.28125 0.1875 0.131059
0.3125 0.1875 0.112126
0.3125 0.21875 0.087234
0.28125 0.21875 0.106346
0.25 0.1875 0.150208
0.25 0.125 0.199743
0.3125 0.125 0.162532
0.3125 0.1875 0.112126
0.25 0.1875 0.150208
0.3125 0.25 0.06249
0.3125 0.21875 0.087234
0.34375 0.21875 0.0683345
0.34375 0.25 0.0434085
0.3125 0.25 0.06249
0.3125 0.21875 0.087234
0.3125 0.1875 0.112126
0.34375 0.1875 0.0934714
0.34375 0.21875 0.0683345
0.3125 0.21875 0.087234
0.34375 0.25 0.0434085
0.34375 0.21875 0.0683345
0.375 0.21875 0.0497509
0.375 0.25 0.0245408
0.34375 0.25 0.0434085
0.34375 0.21875 0.0683345
0.34375 0.1875 0.0934714
0.375 0.1875 0.0752883
0.375 0.21875 0.0497509
0.34375 0.21875 0.0683345
0.3125 0.1875 0.112126
0.3125 0.15625 0.137212
0.34375 0.15625 0.118879
0.34375 0.1875 0.0934714
0.3125 0.1875 0.112126
0.3125 0.15625 0.137212
0.3125 0.125 0.162532
0.34375 0.125 0.144619
0.34375 0.15625 0.118879
0.3125 0.15625 0.137212
0.34375 0.1875 0.0934714
0.34375 0.15625 0.118879
0.375 0.15625 0.101225
0.375 0.1875 0.0752883
0.34375 0.1875 0.0934714
0.34375 0.15625 0.118879
0.34375 0.125 0.144619
0.375 0.125 0.127613
0.375 0.15625 0.101225
0.34375 0.15625 0.118879
0.25 0.125 0.199743
0.25 0.0625 0.250076
0.3125 0.0625 0.214223
0.3125 0.125 0.162532
0.25 0.125 0.199743
0.25 0.0625 0.250076
0.25 0 0.301981
0.3125 0 0.26814
0.3125 0.0625 0.214223
0.25 0.0625 0.250076
0.3125 0.125 0.162532
0.3125 0.0625 0.214223
0.375 0.0625 0.181951
0.375 0.125 0.127613
0.3125 0.125 0.162532
0.3125 0.0625 0.214223
0.3125 0 0.26814
0.375 0 0.238808
0.375 0.0625 0.181951
0.3125 0.0625 0.214223
0.375 0.25 0.0245408
0.375 0.21875 0.0497509
0.40625 0.21875 0.0317582
0.40625 0.25 0.006091
0.375 0.25 0.0245408
0.375 0.21875 0.0497509
0.375 0.1875 0.0752883
0.40625 0.1875 0.0579283
0.40625 0.21875 0.0317582
0.375 0.21875 0.0497509
0.40625 0.25 0.006091
0.40625 0.21875 0.0317582
0.4375 0.21875 0.0148204
0.4375 0.25 -0.0115
0.40625 0.25 0.006091
0.40625 0.21875 0.0317582
0.40625 0.1875 0.0579283
0.4375 0.1875 0.0419229
0.4375 0.21875 0.0148204
0.40625 0.21875 0.0317582
0.375 0.1875 0.0752883
0.375 0.15625 0.101225
0.40625 0.15625 0.0846467
0.40625 0.1875 0.0579283
0.375 0.1875 0.0752883
0.375 0.15625 0.101225
0.375 0.125 0.127613
0.40625 0.125 0.111913
0.40625 0.15625 0.0846467
0.375 0.15625 0.101225
0.40625 0.1875 0.0579283
0.40625 0.15625 0.0846467
0.4375 0.15625 0.0697605
0.4375 0.1875 0.0419229
0.40625 0.1875 0.0579283
0.40625 0.15625 0.0846467
0.40625 0.125 0.111913
0.4375 0.125 0.0981392
0.4375 0.15625 0.0697605
0.40625 0.15625 0.0846467
0.4375 0.25 -0.0115
0.4375 0.21875 0.0148204
0.46875 0.21875 -0.00046103
0.46875 0.25 -0.0274868
0.4375 0.25 -0.0115
0.4375 0.21875 0.0148204
0.4375 0.1875 0.0419229
0.46875 0.1875 0.028121
0.46875 0.21875 -0.00046103
0.4375 0.21875 0.0148204
0.46875 0.25 -0.0274868
0.46875 0.21875 -0.00046103
0.5 0.21875 -0.0118927
0.5 0.25 -0.0405471
0.46875 0.25 -0.0274868
0.46875 0.21875 -0.00046103
0.46875 0.1875 0.028121
0.5 0.1875 0.0181774
0.5 0.21875 -0.0118927
0.46875 0.21875 -0.00046103
0.4375 0.1875 0.0419229
0.4375 0.15625 0.0697605
0.46875 0.15625 0.0573521
0.46875 0.1875 0.028121
0.4375 0.1875 0.0419229
0.4375 0.15625 0.0697605
0.4375 0.125 0.0981392
0.46875 0.125 0.0870166
0.46875 0.15625 0.0573521
0.4375 0.15625 0.0697605
0.46875 0.1875 0.028121
0.46875 0.15625 0.0573521
0.5 0.15625 0.0488271
0.5 0.1875 0.0181774
0.46875 0.1875 0.028121
0.46875 0.15625 0.0573521
0.46875 0.125 0.0870166
0.5 0.125 0.0796247
0.5 0.15625 0.0488271
0.46875 0.15625 0.0573521
0.375 0.125 0.127613
0.375 0.0625 0.181951
0.4375 0.0625 0.156365
0.4375 0.125 0.0981392
0.375 0.125 0.127613
0.375 0.0625 0.181951
0.375 0 0.238808
0.4375 0 0.216313
0.4375 0.0625 0.156365
0.375 0.0625 0.181951
0.4375 0.125 0.0981392
0.4375 0.09375 0.12708
0.46875 0.09375 0.117015
0.46875 0.125 0.0870166
0.4375 0.125 0.0981392
0.4375 0.09375 0.12708
0.4375 0.0625 0.156365
0.46875 0.0625 0.147224
0.46875 0.09375 0.117015
0.4375 0.09375 0.12708
0.46875 0.125 0.0870166
0.46875 0.09375 0.117015
0.5 0.09375 0.110514
0.5 0.125 0.0796247
0.46875 0.125 0.0870166
0.46875 0.09375 0.117015
0.46875 0.0625 0.147224
0.5 0.0625 0.141459
0.5 0.09375 0.110514
0.46875 0.09375 0.117015
0.4375 0.0625 0.156365
0.4375 0 0.216313
0.5 0 0.203617
0.5 0.0625 0.141459
0.4375 0.0625 0.156365
0.5 1 0.203943
0.5 0.9375 0.141781
0.5625 0.9375 0.157679
0.5625 1 0.217339
0.5 1 0.203943
0.5 0.9375 0.141781
0.5 0.90625 0.110802
0.53125 0.90625 0.117782
0.53125 0.9375 0.148046
0.5 0.9375 0.141781
0.5 0.90625 0.110802
0.5 0.875 0.0798852
0.53125 0.875 0.0877003
0.53125 0.90625 0.117782
0.5 0.90625 0.110802
0.53125 0.9375 0.148046
0.53125 0.90625 0.117782
0.5625 0.90625 0.128269
0.5625 0.9375 0.157679
0.53125 0.9375 0.148046
0.53125 0.90625 0.117782
0.53125 0.875 0.0877003
0.5625 0.875 0.0991625
0.5625 0.90625 0.128269
0.53125 0.90625 0.117782
0.5625 1 0.217339
0.5625 0.9375 0.157679
0.625 0.9375 0.184646
0.625 1 0.24116
0.5625 1 0.217339
0.5625 0.9375 0.157679
0.5625 0.875 0.0991625
0.625 0.875 0.129096
0.625 0.9375 0.184646
0.5625 0.9375 0.157679
0.5 0.875 0.0798852
0.5 0.84375 0.0490473
0.53125 0.84375 0.0578625
0.53125 0.875 0.0877003
0.5 0.875 0.0798852
0.5 0.84375 0.0490473
0.5 0.8125 0.0183144
0.53125 0.8125 0.0283469
0.53125 0.84375 0.0578625
0.5 0.84375 0.0490473
0.53125 0.875 0.0877003
0.53125 0.84375 0.0578625
0.5625 0.84375 0.0704571
0.5625 0.875 0.0991625
0.53125 0.875 0.0877003
0.53125 0.84375 0.0578625
0.53125 0.8125 0.0283469
0.5625 0.8125 0.0422213
0.5625 0.84375 0.0704571
0.53125 0.84375 0.0578625
0.5 0.8125 0.0183144
0.5 0.78125 -0.0120209
0.53125 0.78125 -0.000717918
0.53125 0.8125 0.0283469
0.5 0.8125 0.0183144
0.5 0.78125 -0.0120209
0.5 0.75 -0.0414691
0.53125 0.75 -0.0282947
0.53125 0.78125 -0.000717918
0.5 0.78125 -0.0120209
0.53125 0.8125 0.0283469
0.53125 0.78125 -0.000717918
0.5625 0.78125 0.0145491
0.5625 0.8125 0.0422213
0.53125 0.8125 0.0283469
0.53125 0.78125 -0.000717918
0.53125 0.75 -0.0282947
0.5625 0.75 -0.0120353
0.5625 0.78125 0.0145491
0.53125 0.78125 -0.000717918
0.5625 0.875 0.0991625
0.5625 0.84375 0.0704571
0.59375 0.84375 0.0855834
0.59375 0.875 0.113274
0.5625 0.875 0.0991625
0.5625 0.84375 0.0704571
0.5625 0.8125 0.0422213
0.59375 0.8125 0.058422
0.59375 0.84375 0.0855834
0.5625 0.84375 0.0704571
0.59375 0.875 0.113274
0.59375 0.84375 0.0855834
0.625 0.84375 0.102259
0.625 0.875 0.129096
0.59375 0.875 0.113274
0.59375 0.84375 0.0855834
0.59375 0.8125 0.058422
0.625 0.8125 0.0758949
0.625 0.84375 0.102259
0.59375 0.84375 0.0855834
0.5625 0.8125 0.0422213
0.5625 0.78125 0.0145491
0.59375 0.78125 0.0318194
0.59375 0.8125 0.058422
0.5625 0.8125 0.0422213
0.5625 0.78125 0.0145491
0.5625 0.75 -0.0120353
0.59375 0.75 0.00579524
0.59375 0.78125 0.0318194
0.5625 0.78125 0.0145491
0.59375 0.8125 0.058422
0.59375 0.78125 0.0318194
0.625 0.78125 0.0500013
0.625 0.8125 0.0758949
0.59375 0.8125 0.058422
0.59375 0.78125 0.0318194
0.59375 0.75 0.00579524
0.625 0.75 0.0245596
0.625 0.78125 0.0500013
0.59375 0.78125 0.0318194
0.625 1 0.24116
0.625 0.9375 0.184646
0.6875 0.9375 0.216799
0.6875 1 0.270759
0.625 1 0.24116
0.625 0.9375 0.184646
0.625 0.875 0.129096
0.6875 0.875 0.163756
0.6875 0.9375 0.216799
0.625 0.9375 0.184646
0.6875 1 0.270759
0.6875 0.9375 0.216799
0.75 0.9375 0.252218
0.75 1 0.304256
0.6875 1 0.270759
0.6875 0.9375 0.216799
0.6875 0.875 0.163756
0.75 0.875 0.200994
0.75 0.9375 0.252218
0.6875 0.9375 0.216799
0.625 0.875 0.129096
0.625 0.84375 0.102259
0.65625 0.84375 0.119854
0.65625 0.875 0.146063
0.625 0.875 0.129096
0.625 0.84375 0.102259
0.625 0.8125 0.0758949
0.65625 0.8125 0.0940597
0.65625 0.84375 0.119854
0.625 0.84375 0.102259
0.65625 0.875 0.146063
0.65625 0.84375 0.119854
0.6875 0.84375 0.138048
0.6875 0.875 0.163756
0.65625 0.875 0.146063
0.65625 0.84375 0.119854
0.65625 0.8125 0.0940597
0.6875 0.8125 0.112669
0.6875 0.84375 0.138048
0.65625 0.84375 0.119854
0.625 0.8125 0.0758949
0.625 0.78125 0.0500013
0.65625 0.78125 0.0686216
0.65625 0.8125 0.0940597
0.625 0.8125 0.0758949
0.625 0.78125 0.0500013
0.625 0.75 0.0245596
0.65625 0.75 0.0435298
0.65625 0.78125 0.0686216
0.625 0.78125 0.0500013
0.65625 0.8125 0.0940597
0.65625 0.78125 0.0686216
0.6875 0.78125 0.0875515
0.6875 0.8125 0.112669
0.65625 0.8125 0.0940597
0.65625 0.78125 0.0686216
0.65625 0.75 0.0435298
0.6875 0.75 0.0626989
0.6875 0.78125 0.0875515
0.65625 0.78125 0.0686216
0.6875 0.875 0.163756
0.6875 0.8125 0.112669
0.75 0.8125 0.150831
0.75 0.875 0.200994
0.6875 0.875 0.163756
0.6875 0.8125 0.112669
0.6875 0.78125 0.0875515
0.71875 0.78125 0.106741
0.71875 0.8125 0.131594
0.6875 0.8125 0.112669
0.6875 0.78125 0.0875515
0.6875 0.75 0.0626989
0.71875 0.75 0.0820993
0.71875 0.78125 0.106741
0.6875 0.78125 0.0875515
0.71875 0.8125 0.131594
0.71875 0.78125 0.106741
0.75 0.78125 0.12623
0.75 0.8125 0.150831
0.71875 0.8125 0.131594
0.71875 0.78125 0.106741
0.71875 0.75 0.0820993
0.75 0.75 0.101823
0.75 0.78125 0.12623
0.71875 0.78125 0.106741
0.5 0.75 -0.0414691
0.5 0.71875 -0.0699797
0.53125 0.71875 -0.0550167
0.53125 0.75 -0.0282947
0.5 0.75 -0.0414691
0.5 0.71875 -0.0699797
0.5 0.6875 -0.0974749
0.53125 0.6875 -0.081032
0.53125 0.71875 -0.0550167
0.5 0.71875 -0.0699797
0.53125 0.75 -0.0282947
0.53125 0.71875 -0.0550167
0.5625 0.71875 -0.03772
0.5625 0.75 -0.0120353
0.53125 0.75 -0.0282947
0.53125 0.71875 -0.0550167
0.53125 0.6875 -0.081032
0.5625 0.6875 -0.0630074
0.5625 0.71875 -0.03772
0.53125 0.71875 -0.0550167
0.5 0.6875 -0.0974749
0.5 0.65625 -0.124083
0.53125 0.65625 -0.106555
0.53125 0.6875 -0.081032
0.5 0.6875 -0.0974749
0.5 0.65625 -0.124083
0.5 0.625 -0.149897
0.53125 0.625 -0.131703
0.53125 0.65625 -0.106555
0.5 0.65625 -0.124083
0.53125 0.6875 -0.081032
0.53125 0.65625 -0.106555
0.5625 0.65625 -0.088036
0.5625 0.6875 -0.0630074
0.53125 0.6875 -0.081032
0.53125 0.65625 -0.106555
0.53125 0.625 -0.131703
0.5625 0.625 -0.112891
0.5625 0.65625 -0.088036
0.53125 0.65625 -0.106555
0.5625 0.75 -0.0120353
0.5625 0.71875 -0.03772
0.59375 0.71875 -0.0193758
0.59375 0.75 0.00579524
0.5625 0.75 -0.0120353
0.5625 0.71875 -0.03772
0.5625 0.6875 -0.0630074
0.59375 0.6875 -0.044297
0.59375 0.71875 -0.0193758
0.5625 0.71875 -0.03772
0.59375 0.75 0.00579524
0.59375 0.71875 -0.0193758
0.625 0.71875 -0.000511358
0.625 0.75 0.0245596
0.59375 0.75 0.00579524
0.59375 0.71875 -0.0193758
0.59375 0.6875 -0.044297
0.625 0.6875 -0.0252426
0.625 0.71875 -0.000511358
0.59375 0.71875 -0.0193758
0.5625 0.6875 -0.0630074
0.5625 0.65625 -0.088036
0.59375 0.65625 -0.0690792
0.59375 0.6875 -0.044297
0.5625 0.6875 -0.0630074
0.5625 0.65625 -0.088036
0.5625 0.625 -0.112891
0.59375 0.625 -0.0937404
0.59375 0.65625 -0.0690792
0.5625 0.65625 -0.088036
0.59375 0.6875 -0.044297
0.59375 0.65625 -0.0690792
0.625 0.65625 -0.0498662
0.625 0.6875 -0.0252426
0.59375 0.6875 -0.044297
0.59375 0.65625 -0.0690792
0.59375 0.625 -0.0937404
0.625 0.625 -0.0743627
0.625 0.65625 -0.0498662
0.59375 0.65625 -0.0690792
0.5 0.625 -0.149897
0.5 0.5625 -0.200448
0.5625 0.5625 -0.162164
0.5625 0.625 -0.112891
0.5 0.625 -0.149897
0.5 0.5625 -0.200448
0.5 0.5 -0.239175
0.5625 0.5 -0.197575
0.5625 0.5625 -0.162164
0.5 0.5625 -0.200448
0.5625 0.625 -0.112891
0.5625 0.59375 -0.137603
0.59375 0.59375 -0.118264
0.59375 0.625 -0.0937404
0.5625 0.625 -0.112891
0.5625 0.59375 -0.137603
0.5625 0.5625 -0.162164
0.59375 0.5625 -0.142605
0.59375 0.59375 -0.118264
0.5625 0.59375 -0.137603
0.59375 0.625 -0.0937404
0.59375 0.59375 -0.118264
0.625 0.59375 -0.0986886
0.625 0.625 -0.0743627
0.59375 0.625 -0.0937404
0.59375 0.59375 -0.118264
0.59375 0.5625 -0.142605
0.625 0.5625 -0.122729
0.625 0.59375 -0.0986886
0.59375 0.59375 -0.118264
0.5625 0.5625 -0.162164
0.5625 0.5 -0.197575
0.625 0.5 -0.146746
0.625 0.5625 -0.122729
0.5625 0.5625 -0.162164
0.625 0.75 0.0245596
0.625 0.71875 -0.000511358
0.65625 0.71875 0.0186617
0.65625 0.75 0.0435298
0.625 0.75 0.0245596
0.625 0.71875 -0.000511358
0.625 0.6875 -0.0252426
0.65625 0.6875 -0.00597199
0.65625 0.71875 0.0186617
0.625 0.71875 -0.000511358
0.65625 0.75 0.0435298
0.65625 0.71875 0.0186617
0.6875 0.71875 0.0380232
0.6875 0.75 0.0626989
0.65625 0.75 0.0435298
0.65625 0.71875 0.0186617
0.65625 0.6875 -0.00597199
0.6875 0.6875 0.0134948
0.6875 0.71875 0.0380232
0.65625 0.71875 0.0186617
0.625 0.6875 -0.0252426
0.625 0.65625 -0.0498662
0.65625 0.65625 -0.030458
0.65625 0.6875 -0.00597199
0.625 0.6875 -0.0252426
0.625 0.65625 -0.0498662
0.625 0.625 -0.0743627
0.65625 0.625 -0.0547728
0.65625 0.65625 -0.030458
0.625 0.65625 -0.0498662
0.65625 0.6875 -0.00597199
0.65625 0.65625 -0.030458
0.6875 0.65625 -0.0108476
0.6875 0.6875 0.0134948
0.65625 0.6875 -0.00597199
0.65625 0.65625 -0.030458
0.65625 0.625 -0.0547728
0.6875 0.625 -0.0348886
0.6875 0.65625 -0.0108476
0.65625 0.65625 -0.030458
0.6875 0.75 0.0626989
0.6875 0.71875 0.0380232
0.71875 0.71875 0.0576159
0.71875 0.75 0.0820993
0.6875 0.75 0.0626989
0.6875 0.71875 0.0380232
0.6875 0.6875 0.0134948
0.71875 0.6875 0.0332878
0.71875 0.71875 0.0576159
0.6875 0.71875 0.0380232
0.71875 0.75 0.0820993
0.71875 0.71875 0.0576159
0.75 0.71875 0.0776247
0.75 0.75 0.101823
0.71875 0.75 0.0820993
0.71875 0.71875 0.0576159
0.71875 0.6875 0.0332878
0.75 0.6875 0.0536664
0.75 0.71875 0.0776247
0.71875 0.71875 0.0576159
0.6875 0.6875 0.0134948
0.6875 0.65625 -0.0108476
0.71875 0.65625 0.00914624
0.71875 0.6875 0.0332878
0.6875 0.6875 0.0134948
0.6875 0.65625 -0.0108476
0.6875 0.625 -0.0348886
0.71875 0.625 -0.0144821
0.71875 0.65625 0.00914624
0.6875 0.65625 -0.0108476
0.71875 0.6875 0.0332878
0.71875 0.65625 0.00914624
0.75 0.65625 0.0300612
0.75 0.6875 0.0536664
0.71875 0.6875 0.0332878
0.71875 0.65625 0.00914624
0.71875 0.625 -0.0144821
0.75 0.625 0.00699463
0.75 0.65625 0.0300612
0.71875 0.65625 0.00914624
0.625 0.625 -0.0743627
0.625 0.59375 -0.0986886
0.65625 0.59375 -0.0788132
0.65625 0.625 -0.0547728
0.625 0.625 -0.0743627
0.625 0.59375 -0.0986886
0.625 0.5625 -0.122729
0.65625 0.5625 -0.102311
0.65625 0.59375 -0.0788132
0.625 0.59375 -0.0986886
0.65625 0.625 -0.0547728
0.65625 0.59375 -0.0788132
0.6875 0.59375 -0.0584217
0.6875 0.625 -0.0348886
0.65625 0.625 -0.0547728
0.65625 0.59375 -0.0788132
0.65625 0.5625 -0.102311
0.6875 0.5625 -0.080894
0.6875 0.59375 -0.0584217
0.65625 0.59375 -0.0788132
0.625 0.5625 -0.122729
0.625 0.53125 -0.145828
0.65625 0.53125 -0.124267
0.65625 0.5625 -0.102311
0.625 0.5625 -0.122729
0.625 0.53125 -0.145828
0.625 0.5 -0.146746
0.65625 0.5 -0.120434
0.65625 0.53125 -0.124267
0.625 0.53125 -0.145828
0.65625 0.5625 -0.102311
0.65625 0.53125 -0.124267
0.6875 0.53125 -0.0998916
0.6875 0.5625 -0.080894
0.65625 0.5625 -0.102311
0.65625 0.53125 -0.124267
0.65625 0.5 -0.120434
0.6875 0.5 -0.093648
0.6875 0.53125 -0.0998916
0.65625 0.53125 -0.124267
0.6875 0.625 -0.0348886
0.6875 0.59375 -0.0584217
0.71875 0.59375 -0.0371121
0.71875 0.625 -0.0144821
0.6875 0.625 -0.0348886
0.6875 0.59375 -0.0584217
0.6875 0.5625 -0.080894
0.71875 0.5625 -0.0577881
0.71875 0.59375 -0.0371121
0.6875 0.59375 -0.0584217
0.71875 0.625 -0.0144821
0.71875 0.59375 -0.0371121
0.75 0.59375 -0.0142936
0.75 0.625 0.00699463
0.71875 0.625 -0.0144821
0.71875 0.59375 -0.0371121
0.71875 0.5625 -0.0577881
0.75 0.5625 -0.0323804
0.75 0.59375 -0.0142936
0.71875 0.59375 -0.0371121
0.6875 0.5625 -0.080894
0.6875 0.53125 -0.0998916
0.71875 0.53125 -0.0727348
0.71875 0.5625 -0.0577881
0.6875 0.5625 -0.080894
0.6875 0.53125 -0.0998916
0.6875 0.5 -0.093648
0.71875 0.5 -0.0662611
0.71875 0.53125 -0.0727348
0.6875 0.53125 -0.0998916
0.71875 0.5625 -0.0577881
0.71875 0.53125 -0.0727348
0.75 0.53125 -0.043381
0.75 0.5625 -0.0323804
0.71875 0.5625 -0.0577881
0.71875 0.53125 -0.0727348
0.71875 0.5 -0.0662611
0.75 0.5 -0.0382712
0.75 0.53125 -0.043381
0.71875 0.53125 -0.0727348
0.75 1 0.304256
0.75 0.875 0.200994
0.875 0.875 0.280683
0.875 1 0.378072
0.75 1 0.304256
0.75 0.875 0.200994
0.75 0.8125 0.150831
0.8125 0.8125 0.190847
0.8125 0.875 0.239713
0.75 0.875 0.200994
0.75 0.8125 0.150831
0.75 0.75 0.101823
0.8125 0.75 0.143085
0.8125 0.8125 0.190847
0.75 0.8125 0.150831
0.8125 0.875 0.239713
0.8125 0.8125 0.190847
0.875 0.8125 0.233818
0.875 0.875 0.280683
0.8125 0.875 0.239713
0.8125 0.8125 0.190847
0.8125 0.75 0.143085
0.875 0.75 0.188994
0.875 0.8125 0.233818
0.8125 0.8125 0.190847
0.875 1 0.378072
0.875 0.875 0.280683
1 0.875 0.376166
1 1 0.46551
0.875 1 0.378072
0.875 0.875 0.280683
0.875 0.75 0.188994
1 0.75 0.292652
1 0.875 0.376166
0.875 0.875 0.280683
0.75 0.75 0.101823
0.75 0.71875 0.0776247
0.78125 0.71875 0.098333
0.78125 0.75 0.122075
0.75 0.75 0.101823
0.75 0.71875 0.0776247
0.75 0.6875 0.0536664
0.78125 0.6875 0.0750585
0.78125 0.71875 0.098333
0.75 0.71875 0.0776247
0.78125 0.75 0.122075
0.78125 0.71875 0.098333
0.8125 0.71875 0.120105
0.8125 0.75 0.143085
0.78125 0.75 0.122075
0.78125 0.71875 0.098333
0.78125 0.6875 0.0750585
0.8125 0.6875 0.097776
0.8125 0.71875 0.120105
0.78125 0.71875 0.098333
0.75 0.6875 0.0536664
0.75 0.65625 0.0300612
0.78125 0.65625 0.0524205
0.78125 0.6875 0.0750585
0.75 0.6875 0.0536664
0.75 0.65625 0.0300612
0.75 0.625 0.00699463
0.78125 0.625 0.0308407
0.78125 0.65625 0.0524205
0.75 0.65625 0.0300612
0.78125 0.6875 0.0750585
0.78125 0.65625 0.0524205
0.8125 0.65625 0.0765637
0.8125 0.6875 0.097776
0.78125 0.6875 0.0750585
0.78125 0.65625 0.0524205
0.78125 0.625 0.0308407
0.8125 0.625 0.0568937
0.8125 0.65625 0.0765637
0.78125 0.65625 0.0524205
0.8125 0.75 0.143085
0.8125 0.6875 0.097776
0.875 0.6875 0.147228
0.875 0.75 0.188994
0.8125 0.75 0.143085
0.8125 0.6875 0.097776
0.8125 0.65625 0.0765637
0.84375 0.65625 0.102225
0.84375 0.6875 0.121973
0.8125 0.6875 0.097776
0.8125 0.65625 0.0765637
0.8125 0.625 0.0568937
0.84375 0.625 0.0842589
0.84375 0.65625 0.102225
0.8125 0.65625 0.0765637
0.84375 0.6875 0.121973
0.84375 0.65625 0.102225
0.875 0.65625 0.128857
0.875 0.6875 0.147228
0.84375 0.6875 0.121973
0.84375 0.65625 0.102225
0.84375 0.625 0.0842589
0.875 0.625 0.112405
0.875 0.65625 0.128857
0.84375 0.65625 0.102225
0.75 0.625 0.00699463
0.75 0.59375 -0.0142936
0.78125 0.59375 0.0111052
0.78125 0.625 0.0308407
0.75 0.625 0.00699463
0.75 0.59375 -0.0142936
0.75 0.5625 -0.0323804
0.78125 0.5625 -0.0046871
0.78125 0.59375 0.0111052
0.75 0.59375 -0.0142936
0.78125 0.625 0.0308407
0.78125 0.59375 0.0111052
0.8125 0.59375 0.0395142
0.8125 0.625 0.0568937
0.78125 0.625 0.0308407
0.78125 0.59375 0.0111052
0.78125 0.5625 -0.0046871
0.8125 0.5625 0.02563
0.8125 0.59375 0.0395142
0.78125 0.59375 0.0111052
0.75 0.5625 -0.0323804
0.75 0.53125 -0.043381
0.78125 0.53125 -0.0129641
0.78125 0.5625 -0.0046871
0.75 0.5625 -0.0323804
0.75 0.53125 -0.043381
0.75 0.5 -0.0382712
0.78125 0.5 -0.00964359
0.78125 0.53125 -0.0129641
0.75 0.53125 -0.043381
0.78125 0.5625 -0.0046871
0.78125 0.53125 -0.0129641
0.8125 0.53125 0.0179811
0.8125 0.5625 0.02563
0.78125 0.5625 -0.0046871
0.78125 0.53125 -0.0129641
0.78125 0.5 -0.00964359
0.8125 0.5 0.0203224
0.8125 0.53125 0.0179811
0.78125 0.53125 -0.0129641
0.8125 0.625 0.0568937
0.8125 0.59375 0.0395142
0.84375 0.59375 0.0687137
0.84375 0.625 0.0842589
0.8125 0.625 0.0568937
0.8125 0.59375 0.0395142
0.8125 0.5625 0.02563
0.84375 0.5625 0.0565043
0.84375 0.59375 0.0687137
0.8125 0.59375 0.0395142
0.84375 0.625 0.0842589
0.84375 0.59375 0.0687137
0.875 0.59375 0.0983422
0.875 0.625 0.112405
0.84375 0.625 0.0842589
0.84375 0.59375 0.0687137
0.84375 0.5625 0.0565043
0.875 0.5625 0.0873631
0.875 0.59375 0.0983422
0.84375 0.59375 0.0687137
0.8125 0.5625 0.02563
0.8125 0.53125 0.0179811
0.84375 0.53125 0.0492276
0.84375 0.5625 0.0565043
0.8125 0.5625 0.02563
0.8125 0.53125 0.0179811
0.8125 0.5 0.0203224
0.84375 0.5 0.0511833
0.84375 0.53125 0.0492276
0.8125 0.53125 0.0179811
0.84375 0.5625 0.0565043
0.84375 0.53125 0.0492276
0.875 0.53125 0.0804699
0.875 0.5625 0.0873631
0.84375 0.5625 0.0565043
0.84375 0.53125 0.0492276
0.84375 0.5 0.0511833
0.875 0.5 0.0821325
0.875 0.53125 0.0804699
0.84375 0.53125 0.0492276
0.875 0.75 0.188994
0.875 0.6875 0.147228
0.9375 0.6875 0.201398
0.9375 0.75 0.238688
0.875 0.75 0.188994
0.875 0.6875 0.147228
0.875 0.625 0.112405
0.9375 0.625 0.170202
0.9375 0.6875 0.201398
0.875 0.6875 0.147228
0.9375 0.75 0.238688
0.9375 0.6875 0.201398
1 0.6875 0.258648
1 0.75 0.292652
0.9375 0.75 0.238688
0.9375 0.6875 0.201398
0.9375 0.625 0.170202
1 0.625 0.230759
1 0.6875 0.258648
0.9375 0.6875 0.201398
0.875 0.625 0.112405
0.875 0.59375 0.0983422
0.90625 0.59375 0.128236
0.90625 0.625 0.141127
0.875 0.625 0.112405
0.875 0.59375 0.0983422
0.875 0.5625 0.0873631
0.90625 0.5625 0.118205
0.90625 0.59375 0.128236
0.875 0.59375 0.0983422
0.90625 0.625 0.141127
0.90625 0.59375 0.128236
0.9375 0.59375 0.15829
0.9375 0.625 0.170202
0.90625 0.625 0.141127
0.90625 0.59375 0.128236
0.90625 0.5625 0.118205
0.9375 0.5625 0.149052
0.9375 0.59375 0.15829
0.90625 0.59375 0.128236
0.875 0.5625 0.0873631
0.875 0.53125 0.0804699
0.90625 0.53125 0.111701
0.90625 0.5625 0.118205
0.875 0.5625 0.0873631
0.875 0.53125 0.0804699
0.875 0.5 0.0821325
0.90625 0.5 0.113113
0.90625 0.53125 0.111701
0.875 0.53125 0.0804699
0.90625 0.5625 0.118205
0.90625 0.53125 0.111701
0.9375 0.53125 0.142939
0.9375 0.5625 0.149052
0.90625 0.5625 0.118205
0.90625 0.53125 0.111701
0.90625 0.5 0.113113
0.9375 0.5 0.144121
0.9375 0.53125 0.142939
0.90625 0.53125 0.111701
0.9375 0.625 0.170202
0.9375 0.5625 0.149052
1 0.5625 0.211461
1 0.625 0.230759
0.9375 0.625 0.170202
0.9375 0.5625 0.149052
0.9375 0.5 0.144121
1 0.5 0.206507
1 0.5625 0.211461
0.9375 0.5625 0.149052
0.5 0.5 -0.239175
0.5 0.4375 -0.198359
0.5625 0.4375 -0.161397
0.5625 0.5 -0.197575
0.5 0.5 -0.239175
0.5 0.4375 -0.198359
0.5 0.375 -0.148206
0.5625 0.375 -0.122035
0.5625 0.4375 -0.161397
0.5 0.4375 -0.198359
0.5625 0.5 -0.197575
0.5625 0.4375 -0.161397
0.625 0.4375 -0.112289
0.625 0.5 -0.146746
0.5625 0.5 -0.197575
0.5625 0.4375 -0.161397
0.5625 0.40625 -0.141967
0.59375 0.40625 -0.117866
0.59375 0.4375 -0.13697
0.5625 0.4375 -0.161397
0.5625 0.40625 -0.141967
0.5625 0.375 -0.122035
0.59375 0.375 -0.0984008
0.59375 0.40625 -0.117866
0.5625 0.40625 -0.141967
0.59375 0.4375 -0.13697
0.59375 0.40625 -0.117866
0.625 0.40625 -0.093447
0.625 0.4375 -0.112289
0.59375 0.4375 -0.13697
0.59375 0.40625 -0.117866
0.59375 0.375 -0.0984008
0.625 0.375 -0.0742052
0.625 0.40625 -0.093447
0.59375 0.40625 -0.117866
0.5 0.375 -0.148206
0.5 0.34375 -0.122195
0.53125 0.34375 -0.122346
0.53125 0.375 -0.144674
0.5 0.375 -0.148206
0.5 0.34375 -0.122195
0.5 0.3125 -0.0956661
0.53125 0.3125 -0.0989189
0.53125 0.34375 -0.122346
0.5 0.34375 -0.122195
0.53125 0.375 -0.144674
0.53125 0.34375 -0.122346
0.5625 0.34375 -0.101653
0.5625 0.375 -0.122035
0.53125 0.375 -0.144674
0.53125 0.34375 -0.122346
0.53125 0.3125 -0.0989189
0.5625 0.3125 -0.0803629
0.5625 0.34375 -0.101653
0.53125 0.34375 -0.122346
0.5 0.3125 -0.0956661
0.5 0.28125 -0.0684458
0.53125 0.28125 -0.073405
0.53125 0.3125 -0.0989189
0.5 0.3125 -0.0956661
0.5 0.28125 -0.0684458
0.5 0.25 -0.0405471
0.53125 0.25 -0.0457573
0.53125 0.28125 -0.073405
0.5 0.28125 -0.0684458
0.53125 0.3125 -0.0989189
0.53125 0.28125 -0.073405
0.5625 0.28125 -0.0580628
0.5625 0.3125 -0.0803629
0.53125 0.3125 -0.0989189
0.53125 0.28125 -0.073405
0.53125 0.25 -0.0457573
0.5625 0.25 -0.0342325
0.5625 0.28125 -0.0580628
0.53125 0.28125 -0.073405
0.5625 0.375 -0.122035
0.5625 0.34375 -0.101653
0.59375 0.34375 -0.0786129
0.59375 0.375 -0.0984008
0.5625 0.375 -0.122035
0.5625 0.34375 -0.101653
0.5625 0.3125 -0.0803629
0.59375 0.3125 -0.058423
0.59375 0.34375 -0.0786129
0.5625 0.34375 -0.101653
0.59375 0.375 -0.0984008
0.59375 0.34375 -0.0786129
0.625 0.34375 -0.0547524
0.625 0.375 -0.0742052
0.59375 0.375 -0.0984008
0.59375 0.34375 -0.0786129
0.59375 0.3125 -0.058423
0.625 0.3125 -0.0350519
0.625 0.34375 -0.0547524
0.59375 0.34375 -0.0786129
0.5625 0.3125 -0.0803629
0.5625 0.28125 -0.0580628
0.59375 0.28125 -0.0376113
0.59375 0.3125 -0.058423
0.5625 0.3125 -0.0803629
0.5625 0.28125 -0.0580628
0.5625 0.25 -0.0342325
0.59375 0.25 -0.0159043
0.59375 0.28125 -0.0376113
0.5625 0.28125 -0.0580628
0.59375 0.3125 -0.058423
0.59375 0.28125 -0.0376113
0.625 0.28125 -0.0150201
0.625 0.3125 -0.0350519
0.59375 0.3125 -0.058423
0.59375 0.28125 -0.0376113
0.59375 0.25 -0.0159043
0.625 0.25 0.00567077
0.625 0.28125 -0.0150201
0.59375 0.28125 -0.0376113
0.625 0.5 -0.146746
0.625 0.46875 -0.130347
0.65625 0.46875 -0.105006
0.65625 0.5 -0.120434
0.625 0.5 -0.146746
0.625 0.46875 -0.130347
0.625 0.4375 -0.112289
0.65625 0.4375 -0.0874268
0.65625 0.46875 -0.105006
0.625 0.46875 -0.130347
0.65625 0.5 -0.120434
0.65625 0.46875 -0.105006
0.6875 0.46875 -0.0793499
0.6875 0.5 -0.093648
0.65625 0.5 -0.120434
0.65625 0.46875 -0.105006
0.65625 0.4375 -0.0874268
0.6875 0.4375 -0.0624028
0.6875 0.46875 -0.0793499
0.65625 0.46875 -0.105006
0.625 0.4375 -0.112289
0.625 0.40625 -0.093447
0.65625 0.40625 -0.0688413
0.65625 0.4375 -0.0874268
0.625 0.4375 -0.112289
0.625 0.40625 -0.093447
0.625 0.375 -0.0742052
0.65625 0.375 -0.0497683
0.65625 0.40625 -0.0688413
0.625 0.40625 -0.093447
0.65625 0.4375 -0.0874268
0.65625 0.40625 -0.0688413
0.6875 0.40625 -0.04411
0.6875 0.4375 -0.0624028
0.65625 0.4375 -0.0874268
0.65625 0.40625 -0.0688413
0.65625 0.375 -0.0497683
0.6875 0.375 -0.0252023
0.6875 0.40625 -0.04411
0.65625 0.40625 -0.0688413
0.6875 0.5 -0.093648
0.6875 0.46875 -0.0793499
0.71875 0.46875 -0.0533734
0.71875 0.5 -0.0662611
0.6875 0.5 -0.093648
0.6875 0.46875 -0.0793499
0.6875 0.4375 -0.0624028
0.71875 0.4375 -0.0371988
0.71875 0.46875 -0.0533734
0.6875 0.46875 -0.0793499
0.71875 0.5 -0.0662611
0.71875 0.46875 -0.0533734
0.75 0.46875 -0.0269664
0.75 0.5 -0.0382712
0.71875 0.5 -0.0662611
0.71875 0.46875 -0.0533734
0.71875 0.4375 -0.0371988
0.75 0.4375 -0.0117711
0.75 0.46875 -0.0269664
0.71875 0.46875 -0.0533734
0.6875 0.4375 -0.0624028
0.6875 0.40625 -0.04411
0.71875 0.40625 -0.0192726
0.71875 0.4375 -0.0371988
0.6875 0.4375 -0.0624028
0.6875 0.40625 -0.04411
0.6875 0.375 -0.0252023
0.71875 0.375 -0.000554954
0.71875 0.40625 -0.0192726
0.6875 0.40625 -0.04411
0.71875 0.4375 -0.0371988
0.71875 0.40625 -0.0192726
0.75 0.40625 0.00576882
0.75 0.4375 -0.0117711
0.71875 0.4375 -0.0371988
0.71875 0.40625 -0.0192726
0.71875 0.375 -0.000554954
0.75 0.375 0.0243236
0.75 0.40625 0.00576882
0.71875 0.40625 -0.0192726
0.625 0.375 -0.0742052
0.625 0.34375 -0.0547524
0.65625 0.34375 -0.0304949
0.65625 0.375 -0.0497683
0.625 0.375 -0.0742052
0.625 0.34375 -0.0547524
0.625 0.3125 -0.0350519
0.65625 0.3125 -0.0110352
0.65625 0.34375 -0.0304949
0.625 0.34375 -0.0547524
0.65625 0.375 -0.0497683
0.65625 0.34375 -0.0304949
0.6875 0.34375 -0.00604078
0.6875 0.375 -0.0252023
0.65625 0.375 -0.0497683
0.65625 0.34375 -0.0304949
0.65625 0.3125 -0.0110352
0.6875 0.3125 0.0133236
0.6875 0.34375 -0.00604078
0.65625 0.34375 -0.0304949
0.625 0.3125 -0.0350519
0.625 0.28125 -0.0150201
0.65625 0.28125 0.0086864
0.65625 0.3125 -0.0110352
0.625 0.3125 -0.0350519
0.625 0.28125 -0.0150201
0.625 0.25 0.00567077
0.65625 0.25 0.028952
0.65625 0.28125 0.0086864
0.625 0.28125 -0.0150201
0.65625 0.3125 -0.0110352
0.65625 0.28125 0.0086864
0.6875 0.28125 0.0328909
0.6875 0.3125 0.0133236
0.65625 0.3125 -0.0110352
0.65625 0.28125 0.0086864
0.65625 0.25 0.028952
0.6875 0.25 0.0527763
0.6875 0.28125 0.0328909
0.65625 0.28125 0.0086864
0.6875 0.375 -0.0252023
0.6875 0.34375 -0.00604078
0.71875 0.34375 0.018567
0.71875 0.375 -0.000554954
0.6875 0.375 -0.0252023
0.6875 0.34375 -0.00604078
0.6875 0.3125 0.0133236
0.71875 0.3125 0.0378303
0.71875 0.34375 0.018567
0.6875 0.34375 -0.00604078
0.71875 0.375 -0.000554954
0.71875 0.34375 0.018567
0.75 0.34375 0.0432836
0.75 0.375 0.0243236
0.71875 0.375 -0.000554954
0.71875 0.34375 0.018567
0.71875 0.3125 0.0378303
0.75 0.3125 0.0624263
0.75 0.34375 0.0432836
0.71875 0.34375 0.018567
0.6875 0.3125 0.0133236
0.6875 0.28125 0.0328909
0.71875 0.28125 0.057254
0.71875 0.3125 0.0378303
0.6875 0.3125 0.0133236
0.6875 0.28125 0.0328909
0.6875 0.25 0.0527763
0.71875 0.25 0.0768983
0.71875 0.28125 0.057254
0.6875 0.28125 0.0328909
0.71875 0.3125 0.0378303
0.71875 0.28125 0.057254
0.75 0.28125 0.0817238
0.75 0.3125 0.0624263
0.71875 0.3125 0.0378303
0.71875 0.28125 0.057254
0.71875 0.25 0.0768983
0.75 0.25 0.101201
0.75 0.28125 0.0817238
0.71875 0.28125 0.057254
0.5 0.25 -0.0405471
0.5 0.21875 -0.0118927
0.53125 0.21875 -0.0164137
0.53125 0.25 -0.0457573
0.5 0.25 -0.0405471
0.5 0.21875 -0.0118927
0.5 0.1875 0.0181774
0.53125 0.1875 0.0147021
0.53125 0.21875 -0.0164137
0.5 0.21875 -0.0118927
0.53125 0.25 -0.0457573
0.53125 0.21875 -0.0164137
0.5625 0.21875 -0.00869666
0.5625 0.25 -0.0342325
0.53125 0.25 -0.0457573
0.53125 0.21875 -0.0164137
0.53125 0.1875 0.0147021
0.5625 0.1875 0.0201558
0.5625 0.21875 -0.00869666
0.53125 0.21875 -0.0164137
0.5 0.1875 0.0181774
0.5 0.15625 0.0488271
0.53125 0.15625 0.0459478
0.53125 0.1875 0.0147021
0.5 0.1875 0.0181774
0.5 0.15625 0.0488271
0.5 0.125 0.0796247
0.53125 0.125 0.0771896
0.53125 0.15625 0.0459478
0.5 0.15625 0.0488271
0.53125 0.1875 0.0147021
0.53125 0.15625 0.0459478
0.5625 0.15625 0.0502352
0.5625 0.1875 0.0201558
0.53125 0.1875 0.0147021
0.53125 0.15625 0.0459478
0.53125 0.125 0.0771896
0.5625 0.125 0.0806966
0.5625 0.15625 0.0502352
0.53125 0.15625 0.0459478
0.5625 0.25 -0.0342325
0.5625 0.21875 -0.00869666
0.59375 0.21875 0.00755489
0.59375 0.25 -0.0159043
0.5625 0.25 -0.0342325
0.5625 0.21875 -0.00869666
0.5625 0.1875 0.0201558
0.59375 0.1875 0.0338932
0.59375 0.21875 0.00755489
0.5625 0.21875 -0.00869666
0.59375 0.25 -0.0159043
0.59375 0.21875 0.00755489
0.625 0.21875 0.0278461
0.625 0.25 0.00567077
0.59375 0.25 -0.0159043
0.59375 0.21875 0.00755489
0.59375 0.1875 0.0338932
0.625 0.1875 0.0516769
0.625 0.21875 0.0278461
0.59375 0.21875 0.00755489
0.5625 0.1875 0.0201558
0.5625 0.15625 0.0502352
0.59375 0.15625 0.0615333
0.59375 0.1875 0.0338932
0.5625 0.1875 0.0201558
0.5625 0.15625 0.0502352
0.5625 0.125 0.0806966
0.59375 0.125 0.0902376
0.59375 0.15625 0.0615333
0.5625 0.15625 0.0502352
0.59375 0.1875 0.0338932
0.59375 0.15625 0.0615333
0.625 0.15625 0.0771873
0.625 0.1875 0.0516769
0.59375 0.1875 0.0338932
0.59375 0.15625 0.0615333
0.59375 0.125 0.0902376
0.625 0.125 0.103892
0.625 0.15625 0.0771873
0.59375 0.15625 0.0615333
0.5 0.125 0.0796247
0.5 0.09375 0.110514
0.53125 0.09375 0.108421
0.53125 0.125 0.0771896
0.5 0.125 0.0796247
0.5 0.09375 0.110514
0.5 0.0625 0.141459
0.53125 0.0625 0.139646
0.53125 0.09375 0.108421
0.5 0.09375 0.110514
0.53125 0.125 0.0771896
0.53125 0.09375 0.108421
0.5625 0.09375 0.111377
0.5625 0.125 0.0806966
0.53125 0.125 0.0771896
0.53125 0.09375 0.108421
0.53125 0.0625 0.139646
0.5625 0.0625 0.14217
0.5625 0.09375 0.111377
0.53125 0.09375 0.108421
0.5 0.0625 0.141459
0.5 0 0.203617
0.5625 0 0.204202
0.5625 0.0625 0.14217
0.5 0.0625 0.141459
0.5625 0.125 0.0806966
0.5625 0.09375 0.111377
0.59375 0.09375 0.11951
0.59375 0.125 0.0902376
0.5625 0.125 0.0806966
0.5625 0.09375 0.111377
0.5625 0.0625 0.14217
0.59375 0.0625 0.149208
0.59375 0.09375 0.11951
0.5625 0.09375 0.111377
0.59375 0.125 0.0902376
0.59375 0.09375 0.11951
0.625 0.09375 0.131617
0.625 0.125 0.103892
0.59375 0.125 0.0902376
0.59375 0.09375 0.11951
0.59375 0.0625 0.149208
0.625 0.0625 0.159971
0.625 0.09375 0.131617
0.59375 0.09375 0.11951
0.5625 0.0625 0.14217
0.5625 0 0.204202
0.625 0 0.219
0.625 0.0625 0.159971
0.5625 0.0625 0.14217
0.625 0.25 0.00567077
0.625 0.21875 0.0278461
0.65625 0.21875 0.0500423
0.65625 0.25 0.028952
0.625 0.25 0.00567077
0.625 0.21875 0.0278461
0.625 0.1875 0.0516769
0.65625 0.1875 0.0722732
0.65625 0.21875 0.0500423
0.625 0.21875 0.0278461
0.65625 0.25 0.028952
0.65625 0.21875 0.0500423
0.6875 0.21875 0.0731917
0.6875 0.25 0.0527763
0.65625 0.25 0.028952
0.65625 0.21875 0.0500423
0.65625 0.1875 0.0722732
0.6875 0.1875 0.0943944
0.6875 0.21875 0.0731917
0.65625 0.21875 0.0500423
0.625 0.1875 0.0516769
0.625 0.15625 0.0771873
0.65625 0.15625 0.0958228
0.65625 0.1875 0.0722732
0.625 0.1875 0.0516769
0.625 0.15625 0.0771873
0.625 0.125 0.103892
0.65625 0.125 0.12073
0.65625 0.15625 0.0958228
0.625 0.15625 0.0771873
0.65625 0.1875 0.0722732
0.65625 0.15625 0.0958228
0.6875 0.15625 0.116639
0.6875 0.1875 0.0943944
0.65625 0.1875 0.0722732
0.65625 0.15625 0.0958228
0.65625 0.125 0.12073
0.6875 0.125 0.14001
0.6875 0.15625 0.116639
0.65625 0.15625 0.0958228
0.6875 0.25 0.0527763
0.6875 0.21875 0.0731917
0.71875 0.21875 0.0968867
0.71875 0.25 0.0768983
0.6875 0.25 0.0527763
0.6875 0.21875 0.0731917
0.6875 0.1875 0.0943944
0.71875 0.1875 0.117408
0.71875 0.21875 0.0968867
0.6875 0.21875 0.0731917
0.71875 0.25 0.0768983
0.71875 0.21875 0.0968867
0.75 0.21875 0.120931
0.75 0.25 0.101201
0.71875 0.25 0.0768983
0.71875 0.21875 0.0968867
0.71875 0.1875 0.117408
0.75 0.1875 0.141019
0.75 0.21875 0.120931
0.71875 0.21875 0.0968867
0.6875 0.1875 0.0943944
0.6875 0.125 0.14001
0.75 0.125 0.183208
0.75 0.1875 0.141019
0.6875 0.1875 0.0943944
0.625 0.125 0.103892
0.625 0.0625 0.159971
0.6875 0.0625 0.189971
0.6875 0.125 0.14001
0.625 0.125 0.103892
0.625 0.0625 0.159971
0.625 0 0.219
0.6875 0 0.244738
0.6875 0.0625 0.189971
0.625 0.0625 0.159971
0.6875 0.125 0.14001
0.6875 0.0625 0.189971
0.75 0.0625 0.228788
0.75 0.125 0.183208
0.6875 0.125 0.14001
0.6875 0.0625 0.189971
0.6875 0 0.244738
0.75 0 0.27905
0.75 0.0625 0.228788
0.6875 0.0625 0.189971
0.75 0.5 -0.0382712
0.75 0.46875 -0.0269664
0.78125 0.46875 -0.000129682
0.78125 0.5 -0.00964359
0.75 0.5 -0.0382712
0.75 0.46875 -0.0269664
0.75 0.4375 -0.0117711
0.78125 0.4375 0.0146264
0.78125 0.46875 -0.000129682
0.75 0.46875 -0.0269664
0.78125 0.5 -0.00964359
0.78125 0.46875 -0.000129682
0.8125 0.46875 0.0289085
0.8125 0.5 0.0203224
0.78125 0.5 -0.00964359
0.78125 0.46875 -0.000129682
0.78125 0.4375 0.0146264
0.8125 0.4375 0.0419902
0.8125 0.46875 0.0289085
0.78125 0.46875 -0.000129682
0.75 0.4375 -0.0117711
0.75 0.40625 0.00576882
0.78125 0.40625 0.0314134
0.78125 0.4375 0.0146264
0.75 0.4375 -0.0117711
0.75 0.40625 0.00576882
0.75 0.375 0.0243236
0.78125 0.375 0.0494703
0.78125 0.40625 0.0314134
0.75 0.40625 0.00576882
0.78125 0.4375 0.0146264
0.78125 0.40625 0.0314134
0.8125 0.40625 0.0576554
0.8125 0.4375 0.0419902
0.78125 0.4375 0.0146264
0.78125 0.40625 0.0314134
0.78125 0.375 0.0494703
0.8125 0.375 0.0749788
0.8125 0.40625 0.0576554
0.78125 0.40625 0.0314134
0.8125 0.5 0.0203224
0.8125 0.46875 0.0289085
0.84375 0.46875 0.0585148
0.84375 0.5 0.0511833
0.8125 0.5 0.0203224
0.8125 0.46875 0.0289085
0.8125 0.4375 0.0419902
0.84375 0.4375 0.0701381
0.84375 0.46875 0.0585148
0.8125 0.46875 0.0289085
0.84375 0.5 0.0511833
0.84375 0.46875 0.0585148
0.875 0.46875 0.088473
0.875 0.5 0.0821325
0.84375 0.5 0.0511833
0.84375 0.46875 0.0585148
0.84375 0.4375 0.0701381
0.875 0.4375 0.0988038
0.875 0.46875 0.088473
0.84375 0.46875 0.0585148
0.8125 0.4375 0.0419902
0.8125 0.40625 0.0576554
0.84375 0.40625 0.0845346
0.84375 0.4375 0.0701381
0.8125 0.4375 0.0419902
0.8125 0.40625 0.0576554
0.8125 0.375 0.0749788
0.84375 0.375 0.10094
0.84375 0.40625 0.0845346
0.8125 0.40625 0.0576554
0.84375 0.4375 0.0701381
0.84375 0.40625 0.0845346
0.875 0.40625 0.112007
0.875 0.4375 0.0988038
0.84375 0.4375 0.0701381
0.84375 0.40625 0.0845346
0.84375 0.375 0.10094
0.875 0.375 0.12741
0.875 0.40625 0.112007
0.84375 0.40625 0.0845346
0.75 0.375 0.0243236
0.75 0.34375 0.0432836
0.78125 0.34375 0.0681487
0.78125 0.375 0.0494703
0.75 0.375 0.0243236
0.75 0.34375 0.0432836
0.75 0.3125 0.0624263
0.78125 0.3125 0.0871284
0.78125 0.34375 0.0681487
0.75 0.34375 0.0432836
0.78125 0.375 0.0494703
0.78125 0.34375 0.0681487
0.8125 0.34375 0.0932276
0.8125 0.375 0.0749788
0.78125 0.375 0.0494703
0.78125 0.34375 0.0681487
0.78125 0.3125 0.0871284
0.8125 0.3125 0.111966
0.8125 0.34375 0.0932276
0.78125 0.34375 0.0681487
0.75 0.3125 0.0624263
0.75 0.28125 0.0817238
0.78125 0.28125 0.106292
0.78125 0.3125 0.0871284
0.75 0.3125 0.0624263
0.75 0.28125 0.0817238
0.75 0.25 0.101201
0.78125 0.25 0.125628
0.78125 0.28125 0.106292
0.75 0.28125 0.0817238
0.78125 0.3125 0.0871284
0.78125 0.28125 0.106292
0.8125 0.28125 0.130971
0.8125 0.3125 0.111966
0.78125 0.3125 0.0871284
0.78125 0.28125 0.106292
0.78125 0.25 0.125628
0.8125 0.25 0.150162
0.8125 0.28125 0.130971
0.78125 0.28125 0.106292
0.8125 0.375 0.0749788
0.8125 0.34375 0.0932276
0.84375 0.34375 0.118597
0.84375 0.375 0.10094
0.8125 0.375 0.0749788
0.8125 0.34375 0.0932276
0.8125 0.3125 0.111966
0.84375 0.3125 0.137
0.84375 0.34375 0.118597
0.8125 0.34375 0.0932276
0.84375 0.375 0.10094
0.84375 0.34375 0.118597
0.875 0.34375 0.144332
0.875 0.375 0.12741
0.84375 0.375 0.10094
0.84375 0.34375 0.118597
0.84375 0.3125 0.137
0.875 0.3125 0.162279
0.875 0.34375 0.144332
0.84375 0.34375 0.118597
0.8125 0.3125 0.111966
0.8125 0.25 0.150162
0.875 0.25 0.19964
0.875 0.3125 0.162279
0.8125 0.3125 0.111966
0.875 0.5 0.0821325
0.875 0.46875 0.088473
0.90625 0.46875 0.118689
0.90625 0.5 0.113113
0.875 0.5 0.0821325
0.875 0.46875 0.088473
0.875 0.4375 0.0988038
0.90625 0.4375 0.127993
0.90625 0.46875 0.118689
0.875 0.46875 0.088473
0.90625 0.5 0.113113
0.90625 0.46875 0.118689
0.9375 0.46875 0.149074
0.9375 0.5 0.144121
0.90625 0.5 0.113113
0.90625 0.46875 0.118689
0.90625 0.4375 0.127993
0.9375 0.4375 0.1575
0.9375 0.46875 0.149074
0.90625 0.46875 0.118689
0.875 0.4375 0.0988038
0.875 0.375 0.12741
0.9375 0.375 0.182021
0.9375 0.4375 0.1575
0.875 0.4375 0.0988038
0.9375 0.5 0.144121
0.9375 0.4375 0.1575
1 0.4375 0.217786
1 0.5 0.206507
0.9375 0.5 0.144121
0.9375 0.4375 0.1575
0.9375 0.375 0.182021
1 0.375 0.239222
1 0.4375 0.217786
0.9375 0.4375 0.1575
0.875 0.375 0.12741
0.875 0.3125 0.162279
0.9375 0.3125 0.213977
0.9375 0.375 0.182021
0.875 0.375 0.12741
0.875 0.3125 0.162279
0.875 0.25 0.19964
0.9375 0.25 0.249923
0.9375 0.3125 0.213977
0.875 0.3125 0.162279
0.9375 0.375 0.182021
0.9375 0.3125 0.213977
1 0.3125 0.268049
1 0.375 0.239222
0.9375 0.375 0.182021
0.9375 0.3125 0.213977
0.9375 0.25 0.249923
1 0.25 0.301846
1 0.3125 0.268049
0.9375 0.3125 0.213977
0.75 0.25 0.101201
0.75 0.1875 0.141019
0.8125 0.1875 0.189194
0.8125 0.25 0.150162
0.75 0.25 0.101201
0.75 0.1875 0.141019
0.75 0.125 0.183208
0.8125 0.125 0.22963
0.8125 0.1875 0.189194
0.75 0.1875 0.141019
0.8125 0.25 0.150162
0.8125 0.1875 0.189194
0.875 0.1875 0.237936
0.875 0.25 0.19964
0.8125 0.25 0.150162
0.8125 0.1875 0.189194
0.8125 0.125 0.22963
0.875 0.125 0.277287
0.875 0.1875 0.237936
0.8125 0.1875 0.189194
0.75 0.125 0.183208
0.75 0 0.27905
0.875 0 0.364474
0.875 0.125 0.277287
0.75 0.125 0.183208
0.875 0.25 0.19964
0.875 0.125 0.277287
1 0.125 0.375383
1 0.25 0.301846
0.875 0.25 0.19964
0.875 0.125 0.277287
0.875 0 0.364474
1 0 0.458152
1 0.125 0.375383
0.875 0.125 0.277287
