0 1 0.446035
0 0.875 0.368339
0.125 0.875 0.257606
0.125 1 0.348203
0 1 0.446035
0 0.875 0.368339
0 0.75 0.303837
0.125 0.75 0.18566
0.125 0.875 0.257606
0 0.875 0.368339
0.125 1 0.348203
0.125 0.9375 0.301469
0.1875 0.9375 0.258441
0.1875 1 0.309685
0.125 1 0.348203
0.125 0.9375 0.301469
0.125 0.875 0.257606
0.1875 0.875 0.209556
0.1875 0.9375 0.258441
0.125 0.9375 0.301469
0.1875 1 0.309685
0.1875 0.9375 0.258441
0.25 0.9375 0.220938
0.25 1 0.276893
0.1875 1 0.309685
0.1875 0.9375 0.258441
0.1875 0.875 0.209556
0.25 0.875 0.166611
0.25 0.9375 0.220938
0.1875 0.9375 0.258441
0.125 0.875 0.257606
0.125 0.8125 0.218509
0.1875 0.8125 0.164766
0.1875 0.875 0.209556
0.125 0.875 0.257606
0.125 0.8125 0.218509
0.125 0.75 0.18566
0.1875 0.75 0.127891
0.1875 0.8125 0.164766
0.125 0.8125 0.218509
0.1875 0.875 0.209556
0.1875 0.8125 0.164766
0.25 0.8125 0.11693
0.25 0.875 0.166611
0.1875 0.875 0.209556
0.1875 0.8125 0.164766
0.1875 0.78125 0.145341
0.21875 0.78125 0.119331
0.21875 0.8125 0.140238
0.1875 0.8125 0.164766
0.1875 0.78125 0.145341
0.1875 0.75 0.127891
0.21875 0.75 0.10042
0.21875 0.78125 0.119331
0.1875 0.78125 0.145341
0.21875 0.8125 0.140238
0.21875 0.78125 0.119331
0.25 0.78125 0.0942656
0.25 0.8125 0.11693
0.21875 0.8125 0.140238
0.21875 0.78125 0.119331
0.21875 0.75 0.10042
0.25 0.75 0.0735815
0.25 0.78125 0.0942656
0.21875 0.78125 0.119331
0 0.75 0.303837
0 0.6875 0.281565
0.0625 0.6875 0.220455
0.0625 0.75 0.244283
0 0.75 0.303837
0 0.6875 0.281565
0 0.625 0.266002
0.0625 0.625 0.204217
0.0625 0.6875 0.220455
0 0.6875 0.281565
0.0625 0.75 0.244283
0.0625 0.6875 0.220455
0.125 0.6875 0.159598
0.125 0.75 0.18566
0.0625 0.75 0.244283
0.0625 0.6875 0.220455
0.0625 0.625 0.204217
0.125 0.625 0.142549
0.125 0.6875 0.159598
0.0625 0.6875 0.220455
0 0.625 0.266002
0 0.5625 0.255184
0.0625 0.5625 0.193047
0.0625 0.625 0.204217
0 0.625 0.266002
0 0.5625 0.255184
0 0.5 0.247056
0.0625 0.5 0.184629
0.0625 0.5625 0.193047
0 0.5625 0.255184
0.0625 0.625 0.204217
0.0625 0.5625 0.193047
0.125 0.5625 0.130978
0.125 0.625 0.142549
0.0625 0.625 0.204217
0.0625 0.5625 0.193047
0.0625 0.5 0.184629
0.125 0.5 0.122216
0.125 0.5625 0.130978
0.0625 0.5625 0.193047
0.125 0.75 0.18566
0.125 0.6875 0.159598
0.1875 0.6875 0.0997057
0.1875 0.75 0.127891
0.125 0.75 0.18566
0.125 0.6875 0.159598
0.125 0.65625 0.150055
0.15625 0.65625 0.119588
0.15625 0.6875 0.129599
0.125 0.6875 0.159598
0.125 0.65625 0.150055
0.125 0.625 0.142549
0.15625 0.625 0.111854
0.15625 0.65625 0.119588
0.125 0.65625 0.150055
0.15625 0.6875 0.129599
0.15625 0.65625 0.119588
0.1875 0.65625 0.0891649
0.1875 0.6875 0.0997057
0.15625 0.6875 0.129599
0.15625 0.65625 0.119588
0.15625 0.625 0.111854
0.1875 0.625 0.0811803
0.1875 0.65625 0.0891649
0.15625 0.65625 0.119588
0.1875 0.75 0.127891
0.1875 0.71875 0.112621
0.21875 0.71875 0.0838606
0.21875 0.75 0.10042
0.1875 0.75 0.127891
0.1875 0.71875 0.112621
0.1875 0.6875 0.0997057
0.21875 0.6875 0.0699811
0.21875 0.71875 0.0838606
0.1875 0.71875 0.112621
0.21875 0.75 0.10042
0.21875 0.71875 0.0838606
0.25 0.71875 0.0554285
0.25 0.75 0.0735815
0.21875 0.75 0.10042
0.21875 0.71875 0.0838606
0.21875 0.6875 0.0699811
0.25 0.6875 0.0404107
0.25 0.71875 0.0554285
0.21875 0.71875 0.0838606
0.1875 0.6875 0.0997057
0.1875 0.65625 0.0891649
0.21875 0.65625 0.0587876
0.21875 0.6875 0.0699811
0.1875 0.6875 0.0997057
0.1875 0.65625 0.0891649
0.1875 0.625 0.0811803
0.21875 0.625 0.050528
0.21875 0.65625 0.0587876
0.1875 0.65625 0.0891649
0.21875 0.6875 0.0699811
0.21875 0.65625 0.0587876
0.25 0.65625 0.0284581
0.25 0.6875 0.0404107
0.21875 0.6875 0.0699811
0.21875 0.65625 0.0587876
0.21875 0.625 0.050528
0.25 0.625 0.0198976
0.25 0.65625 0.0284581
0.21875 0.65625 0.0587876
0.125 0.625 0.142549
0.125 0.59375 0.136353
0.15625 0.59375 0.105526
0.15625 0.625 0.111854
0.125 0.625 0.142549
0.125 0.59375 0.136353
0.125 0.5625 0.130978
0.15625 0.5625 0.100054
0.15625 0.59375 0.105526
0.125 0.59375 0.136353
0.15625 0.625 0.111854
0.15625 0.59375 0.105526
0.1875 0.59375 0.0747161
0.1875 0.625 0.0811803
0.15625 0.625 0.111854
0.15625 0.59375 0.105526
0.15625 0.5625 0.100054
0.1875 0.5625 0.0691463
0.1875 0.59375 0.0747161
0.15625 0.59375 0.105526
0.125 0.5625 0.130978
0.125 0.53125 0.126229
0.15625 0.53125 0.0951992
0.15625 0.5625 0.100054
0.125 0.5625 0.130978
0.125 0.53125 0.126229
0.125 0.5 0.122216
0.15625 0.5 0.0910813
0.15625 0.53125 0.0951992
0.125 0.53125 0.126229
0.15625 0.5625 0.100054
0.15625 0.53125 0.0951992
0.1875 0.53125 0.0641826
0.1875 0.5625 0.0691463
0.15625 0.5625 0.100054
0.15625 0.53125 0.0951992
0.15625 0.5 0.0910813
0.1875 0.5 0.0599545
0.1875 0.53125 0.0641826
0.15625 0.53125 0.0951992
0.1875 0.625 0.0811803
0.1875 0.59375 0.0747161
0.21875 0.59375 0.0439233
0.21875 0.625 0.050528
0.1875 0.625 0.0811803
0.1875 0.59375 0.0747161
0.1875 0.5625 0.0691463
0.21875 0.5625 0.0382556
0.21875 0.59375 0.0439233
0.1875 0.59375 0.0747161
0.21875 0.625 0.050528
0.21875 0.59375 0.0439233
0.25 0.59375 0.0131477
0.25 0.625 0.0198976
0.21875 0.625 0.050528
0.21875 0.59375 0.0439233
0.21875 0.5625 0.0382556
0.25 0.5625 0.00738265
0.25 0.59375 0.0131477
0.21875 0.59375 0.0439233
0.1875 0.5625 0.0691463
0.1875 0.53125 0.0641826
0.21875 0.53125 0.0331797
0.21875 0.5625 0.0382556
0.1875 0.5625 0.0691463
0.1875 0.53125 0.0641826
0.1875 0.5 0.0599545
0.21875 0.5 0.028835
0.21875 0.53125 0.0331797
0.1875 0.53125 0.0641826
0.21875 0.5625 0.0382556
0.21875 0.53125 0.0331797
0.25 0.53125 0.00219171
0.25 0.5625 0.00738265
0.21875 0.5625 0.0382556
0.21875 0.53125 0.0331797
0.21875 0.5 0.028835
0.25 0.5 -0.00226067
0.25 0.53125 0.00219171
0.21875 0.53125 0.0331797
0.25 1 0.276893
0.25 0.9375 0.220938
0.3125 0.9375 0.194126
0.3125 1 0.254286
0.25 1 0.276893
0.25 0.9375 0.220938
0.25 0.875 0.166611
0.3125 0.875 0.134593
0.3125 0.9375 0.194126
0.25 0.9375 0.220938
0.3125 1 0.254286
0.3125 0.9375 0.194126
0.375 0.9375 0.180154
0.375 1 0.242434
0.3125 1 0.254286
0.3125 0.9375 0.194126
0.3125 0.875 0.134593
0.375 0.875 0.117903
0.375 0.9375 0.180154
0.3125 0.9375 0.194126
0.25 0.875 0.166611
0.25 0.84375 0.141159
0.28125 0.84375 0.121945
0.28125 0.875 0.149158
0.25 0.875 0.166611
0.25 0.84375 0.141159
0.25 0.8125 0.11693
0.28125 0.8125 0.0957459
0.28125 0.84375 0.121945
0.25 0.84375 0.141159
0.28125 0.875 0.149158
0.28125 0.84375 0.121945
0.3125 0.84375 0.105671
0.3125 0.875 0.134593
0.28125 0.875 0.149158
0.28125 0.84375 0.121945
0.28125 0.8125 0.0957459
0.3125 0.8125 0.0774078
0.3125 0.84375 0.105671
0.28125 0.84375 0.121945
0.25 0.8125 0.11693
0.25 0.78125 0.0942656
0.28125 0.78125 0.0708838
0.28125 0.8125 0.0957459
0.25 0.8125 0.11693
0.25 0.78125 0.0942656
0.25 0.75 0.0735815
0.28125 0.75 0.0478735
0.28125 0.78125 0.0708838
0.25 0.78125 0.0942656
0.28125 0.8125 0.0957459
0.28125 0.78125 0.0708838
0.3125 0.78125 0.0500533
0.3125 0.8125 0.0774078
0.28125 0.8125 0.0957459
0.28125 0.78125 0.0708838
0.28125 0.75 0.0478735
0.3125 0.75 0.0240463
0.3125 0.78125 0.0500533
0.28125 0.78125 0.0708838
0.3125 0.875 0.134593
0.3125 0.84375 0.105671
0.34375 0.84375 0.0939538
0.34375 0.875 0.124194
0.3125 0.875 0.134593
0.3125 0.84375 0.105671
0.3125 0.8125 0.0774078
0.34375 0.8125 0.0639493
0.34375 0.84375 0.0939538
0.3125 0.84375 0.105671
0.34375 0.875 0.124194
0.34375 0.84375 0.0939538
0.375 0.84375 0.0869129
0.375 0.875 0.117903
0.34375 0.875 0.124194
0.34375 0.84375 0.0939538
0.34375 0.8125 0.0639493
0.375 0.8125 0.055981
0.375 0.84375 0.0869129
0.34375 0.84375 0.0939538
0.3125 0.8125 0.0774078
0.3125 0.78125 0.0500533
0.34375 0.78125 0.03429
0.34375 0.8125 0.0639493
0.3125 0.8125 0.0774078
0.3125 0.78125 0.0500533
0.3125 0.75 0.0240463
0.34375 0.75 0.00515439
0.34375 0.78125 0.03429
0.3125 0.78125 0.0500533
0.34375 0.8125 0.0639493
0.34375 0.78125 0.03429
0.375 0.78125 0.0251169
0.375 0.8125 0.055981
0.34375 0.8125 0.0639493
0.34375 0.78125 0.03429
0.34375 0.75 0.00515439
0.375 0.75 -0.00559917
0.375 0.78125 0.0251169
0.34375 0.78125 0.03429
0.375 1 0.242434
0.375 0.9375 0.180154
0.4375 0.9375 0.178113
0.4375 1 0.2406
0.375 1 0.242434
0.375 0.9375 0.180154
0.375 0.875 0.117903
0.4375 0.875 0.115629
0.4375 0.9375 0.178113
0.375 0.9375 0.180154
0.4375 1 0.2406
0.4375 0.9375 0.178113
0.5 0.9375 0.183388
0.5 1 0.245541
0.4375 1 0.2406
0.4375 0.9375 0.178113
0.4375 0.875 0.115629
0.5 0.875 0.121263
0.5 0.9375 0.183388
0.4375 0.9375 0.178113
0.375 0.875 0.117903
0.375 0.84375 0.0869129
0.40625 0.84375 0.0839792
0.40625 0.875 0.115227
0.375 0.875 0.117903
0.375 0.84375 0.0869129
0.375 0.8125 0.055981
0.40625 0.8125 0.0527351
0.40625 0.84375 0.0839792
0.375 0.84375 0.0869129
0.40625 0.875 0.115227
0.40625 0.84375 0.0839792
0.4375 0.84375 0.0844027
0.4375 0.875 0.115629
0.40625 0.875 0.115227
0.40625 0.84375 0.0839792
0.40625 0.8125 0.0527351
0.4375 0.8125 0.0531819
0.4375 0.84375 0.0844027
0.40625 0.84375 0.0839792
0.375 0.8125 0.055981
0.375 0.78125 0.0251169
0.40625 0.78125 0.0214906
0.40625 0.8125 0.0527351
0.375 0.8125 0.055981
0.375 0.78125 0.0251169
0.375 0.75 -0.00559917
0.40625 0.75 -0.00974241
0.40625 0.78125 0.0214906
0.375 0.78125 0.0251169
0.40625 0.8125 0.0527351
0.40625 0.78125 0.0214906
0.4375 0.78125 0.0219639
0.4375 0.8125 0.0531819
0.40625 0.8125 0.0527351
0.40625 0.78125 0.0214906
0.40625 0.75 -0.00974241
0.4375 0.75 -0.00924308
0.4375 0.78125 0.0219639
0.40625 0.78125 0.0214906
0.4375 0.875 0.115629
0.4375 0.84375 0.0844027
0.46875 0.84375 0.086738
0.46875 0.875 0.117869
0.4375 0.875 0.115629
0.4375 0.84375 0.0844027
0.4375 0.8125 0.0531819
0.46875 0.8125 0.0556192
0.46875 0.84375 0.086738
0.4375 0.84375 0.0844027
0.46875 0.875 0.117869
0.46875 0.84375 0.086738
0.5 0.84375 0.0902366
0.5 0.875 0.121263
0.46875 0.875 0.117869
0.46875 0.84375 0.086738
0.46875 0.8125 0.0556192
0.5 0.8125 0.0592246
0.5 0.84375 0.0902366
0.46875 0.84375 0.086738
0.4375 0.8125 0.0531819
0.4375 0.78125 0.0219639
0.46875 0.78125 0.0245105
0.46875 0.8125 0.0556192
0.4375 0.8125 0.0531819
0.4375 0.78125 0.0219639
0.4375 0.75 -0.00924308
0.46875 0.75 -0.00658134
0.46875 0.78125 0.0245105
0.4375 0.78125 0.0219639
0.46875 0.8125 0.0556192
0.46875 0.78125 0.0245105
0.5 0.78125 0.0282262
0.5 0.8125 0.0592246
0.46875 0.8125 0.0556192
0.46875 0.78125 0.0245105
0.46875 0.75 -0.00658134
0.5 0.75 -0.002756
0.5 0.78125 0.0282262
0.46875 0.78125 0.0245105
0.25 0.75 0.0735815
0.25 0.71875 0.0554285
0.28125 0.71875 0.0274963
0.28125 0.75 0.0478735
0.25 0.75 0.0735815
0.25 0.71875 0.0554285
0.25 0.6875 0.0404107
0.28125 0.6875 0.0110605
0.28125 0.71875 0.0274963
0.25 0.71875 0.0554285
0.28125 0.75 0.0478735
0.28125 0.71875 0.0274963
0.3125 0.71875 0.000169895
0.3125 0.75 0.0240463
0.28125 0.75 0.0478735
0.28125 0.71875 0.0274963
0.28125 0.6875 0.0110605
0.3125 0.6875 -0.0169563
0.3125 0.71875 0.000169895
0.28125 0.71875 0.0274963
0.25 0.6875 0.0404107
0.25 0.65625 0.0284581
0.28125 0.65625 -0.00172174
0.28125 0.6875 0.0110605
0.25 0.6875 0.0404107
0.25 0.65625 0.0284581
0.25 0.625 0.0198976
0.28125 0.625 -0.0105612
0.28125 0.65625 -0.00172174
0.25 0.65625 0.0284581
0.28125 0.6875 0.0110605
0.28125 0.65625 -0.00172174
0.3125 0.65625 -0.0308383
0.3125 0.6875 -0.0169563
0.28125 0.6875 0.0110605
0.28125 0.65625 -0.00172174
0.28125 0.625 -0.0105612
0.3125 0.625 -0.0407394
0.3125 0.65625 -0.0308383
0.28125 0.65625 -0.00172174
0.3125 0.75 0.0240463
0.3125 0.71875 0.000169895
0.34375 0.71875 -0.0213569
0.34375 0.75 0.00515439
0.3125 0.75 0.0240463
0.3125 0.71875 0.000169895
0.3125 0.6875 -0.0169563
0.34375 0.6875 -0.0428464
0.34375 0.71875 -0.0213569
0.3125 0.71875 0.000169895
0.34375 0.75 0.00515439
0.34375 0.71875 -0.0213569
0.375 0.71875 -0.0354788
0.375 0.75 -0.00559917
0.34375 0.75 0.00515439
0.34375 0.71875 -0.0213569
0.34375 0.6875 -0.0428464
0.375 0.6875 -0.0628765
0.375 0.71875 -0.0354788
0.34375 0.71875 -0.0213569
0.3125 0.6875 -0.0169563
0.3125 0.65625 -0.0308383
0.34375 0.65625 -0.0592114
0.34375 0.6875 -0.0428464
0.3125 0.6875 -0.0169563
0.3125 0.65625 -0.0308383
0.3125 0.625 -0.0407394
0.34375 0.625 -0.0706118
0.34375 0.65625 -0.0592114
0.3125 0.65625 -0.0308383
0.34375 0.6875 -0.0428464
0.34375 0.65625 -0.0592114
0.375 0.65625 -0.0849775
0.375 0.6875 -0.0628765
0.34375 0.6875 -0.0428464
0.34375 0.65625 -0.0592114
0.34375 0.625 -0.0706118
0.375 0.625 -0.0998261
0.375 0.65625 -0.0849775
0.34375 0.65625 -0.0592114
0.25 0.625 0.0198976
0.25 0.59375 0.0131477
0.28125 0.59375 -0.0175209
0.28125 0.625 -0.0105612
0.25 0.625 0.0198976
0.25 0.59375 0.0131477
0.25 0.5625 0.00738265
0.28125 0.5625 -0.0234058
0.28125 0.59375 -0.0175209
0.25 0.59375 0.0131477
0.28125 0.625 -0.0105612
0.28125 0.59375 -0.0175209
0.3125 0.59375 -0.0480904
0.3125 0.625 -0.0407394
0.28125 0.625 -0.0105612
0.28125 0.59375 -0.0175209
0.28125 0.5625 -0.0234058
0.3125 0.5625 -0.0541445
0.3125 0.59375 -0.0480904
0.28125 0.59375 -0.0175209
0.25 0.5625 0.00738265
0.25 0.53125 0.00219171
0.28125 0.53125 -0.0286744
0.28125 0.5625 -0.0234058
0.25 0.5625 0.00738265
0.25 0.53125 0.00219171
0.25 0.5 -0.00226067
0.28125 0.5 -0.033234
0.28125 0.53125 -0.0286744
0.25 0.53125 0.00219171
0.28125 0.5625 -0.0234058
0.28125 0.53125 -0.0286744
0.3125 0.53125 -0.0595231
0.3125 0.5625 -0.0541445
0.28125 0.5625 -0.0234058
0.28125 0.53125 -0.0286744
0.28125 0.5 -0.033234
0.3125 0.5 -0.0641924
0.3125 0.53125 -0.0595231
0.28125 0.53125 -0.0286744
0.3125 0.625 -0.0407394
0.3125 0.59375 -0.0480904
0.34375 0.59375 -0.0785675
0.34375 0.625 -0.0706118
0.3125 0.625 -0.0407394
0.3125 0.59375 -0.0480904
0.3125 0.5625 -0.0541445
0.34375 0.5625 -0.0848512
0.34375 0.59375 -0.0785675
0.3125 0.59375 -0.0480904
0.34375 0.625 -0.0706118
0.34375 0.59375 -0.0785675
0.375 0.59375 -0.108896
0.375 0.625 -0.0998261
0.34375 0.625 -0.0706118
0.34375 0.59375 -0.0785675
0.34375 0.5625 -0.0848512
0.375 0.5625 -0.115517
0.375 0.59375 -0.108896
0.34375 0.59375 -0.0785675
0.3125 0.5625 -0.0541445
0.3125 0.53125 -0.0595231
0.34375 0.53125 -0.0903557
0.34375 0.5625 -0.0848512
0.3125 0.5625 -0.0541445
0.3125 0.53125 -0.0595231
0.3125 0.5 -0.0641924
0.34375 0.5 -0.0951364
0.34375 0.53125 -0.0903557
0.3125 0.53125 -0.0595231
0.34375 0.5625 -0.0848512
0.34375 0.53125 -0.0903557
0.375 0.53125 -0.121169
0.375 0.5625 -0.115517
0.34375 0.5625 -0.0848512
0.34375 0.53125 -0.0903557
0.34375 0.5 -0.0951364
0.375 0.5 -0.126066
0.375 0.53125 -0.121169
0.34375 0.53125 -0.0903557
0.375 0.75 -0.00559917
0.375 0.71875 -0.0354788
0.40625 0.71875 -0.0409215
0.40625 0.75 -0.00974241
0.375 0.75 -0.00559917
0.375 0.71875 -0.0354788
0.375 0.6875 -0.0628765
0.40625 0.6875 -0.0719445
0.40625 0.71875 -0.0409215
0.375 0.71875 -0.0354788
0.40625 0.75 -0.00974241
0.40625 0.71875 -0.0409215
0.4375 0.71875 -0.0404199
0.4375 0.75 -0.00924308
0.40625 0.75 -0.00974241
0.40625 0.71875 -0.0409215
0.40625 0.6875 -0.0719445
0.4375 0.6875 -0.0715874
0.4375 0.71875 -0.0404199
0.40625 0.71875 -0.0409215
0.375 0.6875 -0.0628765
0.375 0.65625 -0.0849775
0.40625 0.65625 -0.101537
0.40625 0.6875 -0.0719445
0.375 0.6875 -0.0628765
0.375 0.65625 -0.0849775
0.375 0.625 -0.0998261
0.40625 0.625 -0.12519
0.40625 0.65625 -0.101537
0.375 0.65625 -0.0849775
0.40625 0.6875 -0.0719445
0.40625 0.65625 -0.101537
0.4375 0.65625 -0.102745
0.4375 0.6875 -0.0715874
0.40625 0.6875 -0.0719445
0.40625 0.65625 -0.101537
0.40625 0.625 -0.12519
0.4375 0.625 -0.133884
0.4375 0.65625 -0.102745
0.40625 0.65625 -0.101537
0.4375 0.75 -0.00924308
0.4375 0.71875 -0.0404199
0.46875 0.71875 -0.0376371
0.46875 0.75 -0.00658134
0.4375 0.75 -0.00924308
0.4375 0.71875 -0.0404199
0.4375 0.6875 -0.0715874
0.46875 0.6875 -0.0686805
0.46875 0.71875 -0.0376371
0.4375 0.71875 -0.0404199
0.46875 0.75 -0.00658134
0.46875 0.71875 -0.0376371
0.5 0.71875 -0.0337043
0.5 0.75 -0.002756
0.46875 0.75 -0.00658134
0.46875 0.71875 -0.0376371
0.46875 0.6875 -0.0686805
0.5 0.6875 -0.0646386
0.5 0.71875 -0.0337043
0.46875 0.71875 -0.0376371
0.4375 0.6875 -0.0715874
0.4375 0.65625 -0.102745
0.46875 0.65625 -0.0997113
0.46875 0.6875 -0.0686805
0.4375 0.6875 -0.0715874
0.4375 0.65625 -0.102745
0.4375 0.625 -0.133884
0.46875 0.625 -0.130728
0.46875 0.65625 -0.0997113
0.4375 0.65625 -0.102745
0.46875 0.6875 -0.0686805
0.46875 0.65625 -0.0997113
0.5 0.65625 -0.0955585
0.5 0.6875 -0.0646386
0.46875 0.6875 -0.0686805
0.46875 0.65625 -0.0997113
0.46875 0.625 -0.130728
0.5 0.625 -0.126457
0.5 0.65625 -0.0955585
0.46875 0.65625 -0.0997113
0.375 0.625 -0.0998261
0.375 0.5625 -0.115517
0.4375 0.5625 -0.174228
0.4375 0.625 -0.133884
0.375 0.625 -0.0998261
0.375 0.5625 -0.115517
0.375 0.5 -0.126066
0.4375 0.5 -0.182363
0.4375 0.5625 -0.174228
0.375 0.5625 -0.115517
0.4375 0.625 -0.133884
0.4375 0.5625 -0.174228
0.5 0.5625 -0.188897
0.5 0.625 -0.126457
0.4375 0.625 -0.133884
0.4375 0.5625 -0.174228
0.4375 0.5 -0.182363
0.5 0.5 -0.226169
0.5 0.5625 -0.188897
0.4375 0.5625 -0.174228
0 0.5 0.247056
0 0.4375 0.242191
0.0625 0.4375 0.179675
0.0625 0.5 0.184629
0 0.5 0.247056
0 0.4375 0.242191
0 0.375 0.245219
0.0625 0.375 0.18312
0.0625 0.4375 0.179675
0 0.4375 0.242191
0.0625 0.5 0.184629
0.0625 0.4375 0.179675
0.125 0.4375 0.11717
0.125 0.5 0.122216
0.0625 0.5 0.184629
0.0625 0.4375 0.179675
0.0625 0.375 0.18312
0.125 0.375 0.121206
0.125 0.4375 0.11717
0.0625 0.4375 0.179675
0 0.375 0.245219
0 0.3125 0.256966
0.0625 0.3125 0.196599
0.0625 0.375 0.18312
0 0.375 0.245219
0 0.3125 0.256966
0 0.25 0.277669
0.0625 0.25 0.220509
0.0625 0.3125 0.196599
0 0.3125 0.256966
0.0625 0.375 0.18312
0.0625 0.3125 0.196599
0.125 0.3125 0.137653
0.125 0.375 0.121206
0.0625 0.375 0.18312
0.0625 0.3125 0.196599
0.0625 0.25 0.220509
0.125 0.25 0.166655
0.125 0.3125 0.137653
0.0625 0.3125 0.196599
0.125 0.5 0.122216
0.125 0.46875 0.119115
0.15625 0.46875 0.0878934
0.15625 0.5 0.0910813
0.125 0.5 0.122216
0.125 0.46875 0.119115
0.125 0.4375 0.11717
0.15625 0.4375 0.0859186
0.15625 0.46875 0.0878934
0.125 0.46875 0.119115
0.15625 0.5 0.0910813
0.15625 0.46875 0.0878934
0.1875 0.46875 0.0566738
0.1875 0.5 0.0599545
0.15625 0.5 0.0910813
0.15625 0.46875 0.0878934
0.15625 0.4375 0.0859186
0.1875 0.4375 0.054669
0.1875 0.46875 0.0566738
0.15625 0.46875 0.0878934
0.125 0.4375 0.11717
0.125 0.40625 0.117792
0.15625 0.40625 0.0866122
0.15625 0.4375 0.0859186
0.125 0.4375 0.11717
0.125 0.40625 0.117792
0.125 0.375 0.121206
0.15625 0.375 0.0903909
0.15625 0.40625 0.0866122
0.125 0.40625 0.117792
0.15625 0.4375 0.0859186
0.15625 0.40625 0.0866122
0.1875 0.40625 0.0554353
0.1875 0.4375 0.054669
0.15625 0.4375 0.0859186
0.15625 0.40625 0.0866122
0.15625 0.375 0.0903909
0.1875 0.375 0.0596433
0.1875 0.40625 0.0554353
0.15625 0.40625 0.0866122
0.1875 0.5 0.0599545
0.1875 0.46875 0.0566738
0.21875 0.46875 0.025454
0.21875 0.5 0.028835
0.1875 0.5 0.0599545
0.1875 0.46875 0.0566738
0.1875 0.4375 0.054669
0.21875 0.4375 0.0234192
0.21875 0.46875 0.025454
0.1875 0.46875 0.0566738
0.21875 0.5 0.028835
0.21875 0.46875 0.025454
0.25 0.46875 -0.00573661
0.25 0.5 -0.00226067
0.21875 0.5 0.028835
0.21875 0.46875 0.025454
0.21875 0.4375 0.0234192
0.25 0.4375 -0.00779187
0.25 0.46875 -0.00573661
0.21875 0.46875 0.025454
0.1875 0.4375 0.054669
0.1875 0.40625 0.0554353
0.21875 0.40625 0.024261
0.21875 0.4375 0.0234192
0.1875 0.4375 0.054669
0.1875 0.40625 0.0554353
0.1875 0.375 0.0596433
0.21875 0.375 0.0290172
0.21875 0.40625 0.024261
0.1875 0.40625 0.0554353
0.21875 0.4375 0.0234192
0.21875 0.40625 0.024261
0.25 0.40625 -0.00666072
0.25 0.4375 -0.00779187
0.21875 0.4375 0.0234192
0.21875 0.40625 0.024261
0.21875 0.375 0.0290172
0.25 0.375 -0.00135625
0.25 0.40625 -0.00666072
0.21875 0.40625 0.024261
0.125 0.375 0.121206
0.125 0.34375 0.12778
0.15625 0.34375 0.0977065
0.15625 0.375 0.0903909
0.125 0.375 0.121206
0.125 0.34375 0.12778
0.125 0.3125 0.137653
0.15625 0.3125 0.108942
0.15625 0.34375 0.0977065
0.125 0.34375 0.12778
0.15625 0.375 0.0903909
0.15625 0.34375 0.0977065
0.1875 0.34375 0.0680322
0.1875 0.375 0.0596433
0.15625 0.375 0.0903909
0.15625 0.34375 0.0977065
0.15625 0.3125 0.108942
0.1875 0.3125 0.0809157
0.1875 0.34375 0.0680322
0.15625 0.34375 0.0977065
0.125 0.3125 0.137653
0.125 0.28125 0.150778
0.15625 0.28125 0.123444
0.15625 0.3125 0.108942
0.125 0.3125 0.137653
0.125 0.28125 0.150778
0.125 0.25 0.166655
0.15625 0.25 0.140928
0.15625 0.28125 0.123444
0.125 0.28125 0.150778
0.15625 0.3125 0.108942
0.15625 0.28125 0.123444
0.1875 0.28125 0.0972918
0.1875 0.3125 0.0809157
0.15625 0.3125 0.108942
0.15625 0.28125 0.123444
0.15625 0.25 0.140928
0.1875 0.25 0.11657
0.1875 0.28125 0.0972918
0.15625 0.28125 0.123444
0.1875 0.375 0.0596433
0.1875 0.34375 0.0680322
0.21875 0.34375 0.0388222
0.21875 0.375 0.0290172
0.1875 0.375 0.0596433
0.1875 0.34375 0.0680322
0.1875 0.3125 0.0809157
0.21875 0.3125 0.0537578
0.21875 0.34375 0.0388222
0.1875 0.34375 0.0680322
0.21875 0.375 0.0290172
0.21875 0.34375 0.0388222
0.25 0.34375 0.0106008
0.25 0.375 -0.00135625
0.21875 0.375 0.0290172
0.21875 0.34375 0.0388222
0.21875 0.3125 0.0537578
0.25 0.3125 0.0281064
0.25 0.34375 0.0106008
0.21875 0.34375 0.0388222
0.1875 0.3125 0.0809157
0.1875 0.28125 0.0972918
0.21875 0.28125 0.0723664
0.21875 0.3125 0.0537578
0.1875 0.3125 0.0809157
0.1875 0.28125 0.0972918
0.1875 0.25 0.11657
0.21875 0.25 0.0936433
0.21875 0.28125 0.0723664
0.1875 0.28125 0.0972918
0.21875 0.3125 0.0537578
0.21875 0.28125 0.0723664
0.25 0.28125 0.049321
0.25 0.3125 0.0281064
0.21875 0.3125 0.0537578
0.21875 0.28125 0.0723664
0.21875 0.25 0.0936433
0.25 0.25 0.0729664
0.25 0.28125 0.049321
0.21875 0.28125 0.0723664
0 0.25 0.277669
0 0.1875 0.307332
0.0625 0.1875 0.254029
0.0625 0.25 0.220509
0 0.25 0.277669
0 0.1875 0.307332
0 0.125 0.34279
0.0625 0.125 0.293502
0.0625 0.1875 0.254029
0 0.1875 0.307332
0.0625 0.25 0.220509
0.0625 0.1875 0.254029
0.125 0.1875 0.205432
0.125 0.25 0.166655
0.0625 0.25 0.220509
0.0625 0.1875 0.254029
0.0625 0.125 0.293502
0.125 0.125 0.250047
0.125 0.1875 0.205432
0.0625 0.1875 0.254029
0 0.125 0.34279
0 0 0.436432
0.125 0 0.353681
0.125 0.125 0.250047
0 0.125 0.34279
0.125 0.25 0.166655
0.125 0.1875 0.205432
0.1875 0.1875 0.161017
0.1875 0.25 0.11657
0.125 0.25 0.166655
0.125 0.1875 0.205432
0.125 0.125 0.250047
0.1875 0.125 0.211298
0.1875 0.1875 0.161017
0.125 0.1875 0.205432
0.1875 0.25 0.11657
0.1875 0.21875 0.137943
0.21875 0.21875 0.116892
0.21875 0.25 0.0936433
0.1875 0.25 0.11657
0.1875 0.21875 0.137943
0.1875 0.1875 0.161017
0.21875 0.1875 0.141759
0.21875 0.21875 0.116892
0.1875 0.21875 0.137943
0.21875 0.25 0.0936433
0.21875 0.21875 0.116892
0.25 0.21875 0.098216
0.25 0.25 0.0729664
0.21875 0.25 0.0936433
0.21875 0.21875 0.116892
0.21875 0.1875 0.141759
0.25 0.1875 0.124741
0.25 0.21875 0.098216
0.21875 0.21875 0.116892
0.1875 0.1875 0.161017
0.1875 0.125 0.211298
0.25 0.125 0.180396
0.25 0.1875 0.124741
0.1875 0.1875 0.161017
0.125 0.125 0.250047
0.125 0 0.353681
0.25 0 0.296728
0.25 0.125 0.180396
0.125 0.125 0.250047
0.25 0.5 -0.00226067
0.25 0.46875 -0.00573661
0.28125 0.46875 -0.0368372
0.28125 0.5 -0.033234
0.25 0.5 -0.00226067
0.25 0.46875 -0.00573661
0.25 0.4375 -0.00779187
0.28125 0.4375 -0.038827
0.28125 0.46875 -0.0368372
0.25 0.46875 -0.00573661
0.28125 0.5 -0.033234
0.28125 0.46875 -0.0368372
0.3125 0.46875 -0.0679243
0.3125 0.5 -0.0641924
0.28125 0.5 -0.033234
0.28125 0.46875 -0.0368372
0.28125 0.4375 -0.038827
0.3125 0.4375 -0.0694367
0.3125 0.46875 -0.0679243
0.28125 0.46875 -0.0368372
0.25 0.4375 -0.00779187
0.25 0.40625 -0.00666072
0.28125 0.40625 -0.0365919
0.28125 0.4375 -0.038827
0.25 0.4375 -0.00779187
0.25 0.40625 -0.00666072
0.25 0.375 -0.00135625
0.28125 0.375 -0.0288482
0.28125 0.40625 -0.0365919
0.25 0.40625 -0.00666072
0.28125 0.4375 -0.038827
0.28125 0.40625 -0.0365919
0.3125 0.40625 -0.0650982
0.3125 0.4375 -0.0694367
0.28125 0.4375 -0.038827
0.28125 0.40625 -0.0365919
0.28125 0.375 -0.0288482
0.3125 0.375 -0.0541214
0.3125 0.40625 -0.0650982
0.28125 0.40625 -0.0365919
0.3125 0.5 -0.0641924
0.3125 0.46875 -0.0679243
0.34375 0.46875 -0.0989976
0.34375 0.5 -0.0951364
0.3125 0.5 -0.0641924
0.3125 0.46875 -0.0679243
0.3125 0.4375 -0.0694367
0.34375 0.4375 -0.0990287
0.34375 0.46875 -0.0989976
0.3125 0.46875 -0.0679243
0.34375 0.5 -0.0951364
0.34375 0.46875 -0.0989976
0.375 0.46875 -0.129736
0.375 0.5 -0.126066
0.34375 0.5 -0.0951364
0.34375 0.46875 -0.0989976
0.34375 0.4375 -0.0990287
0.375 0.4375 -0.126624
0.375 0.46875 -0.129736
0.34375 0.46875 -0.0989976
0.3125 0.4375 -0.0694367
0.3125 0.40625 -0.0650982
0.34375 0.40625 -0.0914014
0.34375 0.4375 -0.0990287
0.3125 0.4375 -0.0694367
0.3125 0.40625 -0.0650982
0.3125 0.375 -0.0541214
0.34375 0.375 -0.0760755
0.34375 0.40625 -0.0914014
0.3125 0.40625 -0.0650982
0.34375 0.4375 -0.0990287
0.34375 0.40625 -0.0914014
0.375 0.40625 -0.114253
0.375 0.4375 -0.126624
0.34375 0.4375 -0.0990287
0.34375 0.40625 -0.0914014
0.34375 0.375 -0.0760755
0.375 0.375 -0.0937609
0.375 0.40625 -0.114253
0.34375 0.40625 -0.0914014
0.25 0.375 -0.00135625
0.25 0.34375 0.0106008
0.28125 0.34375 -0.014783
0.28125 0.375 -0.0288482
0.25 0.375 -0.00135625
0.25 0.34375 0.0106008
0.25 0.3125 0.0281064
0.28125 0.3125 0.00465124
0.28125 0.34375 -0.014783
0.25 0.34375 0.0106008
0.28125 0.375 -0.0288482
0.28125 0.34375 -0.014783
0.3125 0.34375 -0.036465
0.3125 0.375 -0.0541214
0.28125 0.375 -0.0288482
0.28125 0.34375 -0.014783
0.28125 0.3125 0.00465124
0.3125 0.3125 -0.0144775
0.3125 0.34375 -0.036465
0.28125 0.34375 -0.014783
0.25 0.3125 0.0281064
0.25 0.28125 0.049321
0.28125 0.28125 0.028706
0.28125 0.3125 0.00465124
0.25 0.3125 0.0281064
0.25 0.28125 0.049321
0.25 0.25 0.0729664
0.28125 0.25 0.0548356
0.28125 0.28125 0.028706
0.25 0.28125 0.049321
0.28125 0.3125 0.00465124
0.28125 0.28125 0.028706
0.3125 0.28125 0.012
0.3125 0.3125 -0.0144775
0.28125 0.3125 0.00465124
0.28125 0.28125 0.028706
0.28125 0.25 0.0548356
0.3125 0.25 0.0402137
0.3125 0.28125 0.012
0.28125 0.28125 0.028706
0.3125 0.375 -0.0541214
0.3125 0.34375 -0.036465
0.34375 0.34375 -0.0544106
0.34375 0.375 -0.0760755
0.3125 0.375 -0.0541214
0.3125 0.34375 -0.036465
0.3125 0.3125 -0.0144775
0.34375 0.3125 -0.028523
0.34375 0.34375 -0.0544106
0.3125 0.34375 -0.036465
0.34375 0.375 -0.0760755
0.34375 0.34375 -0.0544106
0.375 0.34375 -0.0681521
0.375 0.375 -0.0937609
0.34375 0.375 -0.0760755
0.34375 0.34375 -0.0544106
0.34375 0.3125 -0.028523
0.375 0.3125 -0.0395174
0.375 0.34375 -0.0681521
0.34375 0.34375 -0.0544106
0.3125 0.3125 -0.0144775
0.3125 0.28125 0.012
0.34375 0.28125 -0.000804023
0.34375 0.3125 -0.028523
0.3125 0.3125 -0.0144775
0.3125 0.28125 0.012
0.3125 0.25 0.0402137
0.34375 0.25 0.0288065
0.34375 0.28125 -0.000804023
0.3125 0.28125 0.012
0.34375 0.3125 -0.028523
0.34375 0.28125 -0.000804023
0.375 0.28125 -0.0101392
0.375 0.3125 -0.0395174
0.34375 0.3125 -0.028523
0.34375 0.28125 -0.000804023
0.34375 0.25 0.0288065
0.375 0.25 0.0200894
0.375 0.28125 -0.0101392
0.34375 0.28125 -0.000804023
0.375 0.5 -0.126066
0.375 0.4375 -0.126624
0.4375 0.4375 -0.161235
0.4375 0.5 -0.182363
0.375 0.5 -0.126066
0.375 0.4375 -0.126624
0.375 0.375 -0.0937609
0.4375 0.375 -0.114829
0.4375 0.4375 -0.161235
0.375 0.4375 -0.126624
0.4375 0.5 -0.182363
0.4375 0.4375 -0.161235
0.5 0.4375 -0.183756
0.5 0.5 -0.226169
0.4375 0.5 -0.182363
0.4375 0.4375 -0.161235
0.4375 0.375 -0.114829
0.5 0.375 -0.126273
0.5 0.4375 -0.183756
0.4375 0.4375 -0.161235
0.375 0.375 -0.0937609
0.375 0.34375 -0.0681521
0.40625 0.34375 -0.0776808
0.40625 0.375 -0.106418
0.375 0.375 -0.0937609
0.375 0.34375 -0.0681521
0.375 0.3125 -0.0395174
0.40625 0.3125 -0.0476679
0.40625 0.34375 -0.0776808
0.375 0.34375 -0.0681521
0.40625 0.375 -0.106418
0.40625 0.34375 -0.0776808
0.4375 0.34375 -0.0846839
0.4375 0.375 -0.114829
0.40625 0.375 -0.106418
0.40625 0.34375 -0.0776808
0.40625 0.3125 -0.0476679
0.4375 0.3125 -0.0541326
0.4375 0.34375 -0.0846839
0.40625 0.34375 -0.0776808
0.375 0.3125 -0.0395174
0.375 0.28125 -0.0101392
0.40625 0.28125 -0.0174077
0.40625 0.3125 -0.0476679
0.375 0.3125 -0.0395174
0.375 0.28125 -0.0101392
0.375 0.25 0.0200894
0.40625 0.25 0.0131354
0.40625 0.28125 -0.0174077
0.375 0.28125 -0.0101392
0.40625 0.3125 -0.0476679
0.40625 0.28125 -0.0174077
0.4375 0.28125 -0.0235038
0.4375 0.3125 -0.0541326
0.40625 0.3125 -0.0476679
0.40625 0.28125 -0.0174077
0.40625 0.25 0.0131354
0.4375 0.25 0.00720754
0.4375 0.28125 -0.0235038
0.40625 0.28125 -0.0174077
0.4375 0.375 -0.114829
0.4375 0.34375 -0.0846839
0.46875 0.34375 -0.0904443
0.46875 0.375 -0.121094
0.4375 0.375 -0.114829
0.4375 0.34375 -0.0846839
0.4375 0.3125 -0.0541326
0.46875 0.3125 -0.059676
0.46875 0.34375 -0.0904443
0.4375 0.34375 -0.0846839
0.46875 0.375 -0.121094
0.46875 0.34375 -0.0904443
0.5 0.34375 -0.0954052
0.5 0.375 -0.126273
0.46875 0.375 -0.121094
0.46875 0.34375 -0.0904443
0.46875 0.3125 -0.059676
0.5 0.3125 -0.0644988
0.5 0.34375 -0.0954052
0.46875 0.34375 -0.0904443
0.4375 0.3125 -0.0541326
0.4375 0.28125 -0.0235038
0.46875 0.28125 -0.0288728
0.46875 0.3125 -0.059676
0.4375 0.3125 -0.0541326
0.4375 0.28125 -0.0235038
0.4375 0.25 0.00720754
0.46875 0.25 0.00195769
0.46875 0.28125 -0.0288728
0.4375 0.28125 -0.0235038
0.46875 0.3125 -0.059676
0.46875 0.28125 -0.0288728
0.5 0.28125 -0.033576
0.5 0.3125 -0.0644988
0.46875 0.3125 -0.059676
0.46875 0.28125 -0.0288728
0.46875 0.25 0.00195769
0.5 0.25 -0.00263987
0.5 0.28125 -0.033576
0.46875 0.28125 -0.0288728
0.25 0.25 0.0729664
0.25 0.21875 0.098216
0.28125 0.21875 0.0821326
0.28125 0.25 0.0548356
0.25 0.25 0.0729664
0.25 0.21875 0.098216
0.25 0.1875 0.124741
0.28125 0.1875 0.110276
0.28125 0.21875 0.0821326
0.25 0.21875 0.098216
0.28125 0.25 0.0548356
0.28125 0.21875 0.0821326
0.3125 0.21875 0.0690596
0.3125 0.25 0.0402137
0.28125 0.25 0.0548356
0.28125 0.21875 0.0821326
0.28125 0.1875 0.110276
0.3125 0.1875 0.0983252
0.3125 0.21875 0.0690596
0.28125 0.21875 0.0821326
0.25 0.1875 0.124741
0.25 0.125 0.180396
0.3125 0.125 0.157628
0.3125 0.1875 0.0983252
0.25 0.1875 0.124741
0.3125 0.25 0.0402137
0.3125 0.21875 0.0690596
0.34375 0.21875 0.0586644
0.34375 0.25 0.0288065
0.3125 0.25 0.0402137
0.3125 0.21875 0.0690596
0.3125 0.1875 0.0983252
0.34375 0.1875 0.0886994
0.34375 0.21875 0.0586644
0.3125 0.21875 0.0690596
0.34375 0.25 0.0288065
0.34375 0.21875 0.0586644
0.375 0.21875 0.0504746
0.375 0.25 0.0200894
0.34375 0.25 0.0288065
0.34375 0.21875 0.0586644
0.34375 0.1875 0.0886994
0.375 0.1875 0.0809242
0.375 0.21875 0.0504746
0.34375 0.21875 0.0586644
0.3125 0.1875 0.0983252
0.3125 0.15625 0.127865
0.34375 0.15625 0.118848
0.34375 0.1875 0.0886994
0.3125 0.1875 0.0983252
0.3125 0.15625 0.127865
0.3125 0.125 0.157628
0.34375 0.125 0.149122
0.34375 0.15625 0.118848
0.3125 0.15625 0.127865
0.34375 0.1875 0.0886994
0.34375 0.15625 0.118848
0.375 0.15625 0.111421
0.375 0.1875 0.0809242
0.34375 0.1875 0.0886994
0.34375 0.15625 0.118848
0.34375 0.125 0.149122
0.375 0.125 0.141965
0.375 0.15625 0.111421
0.34375 0.15625 0.118848
0.25 0.125 0.180396
0.25 0.0625 0.237777
0.3125 0.0625 0.217716
0.3125 0.125 0.157628
0.25 0.125 0.180396
0.25 0.0625 0.237777
0.25 0 0.296728
0.3125 0 0.278301
0.3125 0.0625 0.217716
0.25 0.0625 0.237777
0.3125 0.125 0.157628
0.3125 0.0625 0.217716
0.375 0.0625 0.203157
0.375 0.125 0.141965
0.3125 0.125 0.157628
0.3125 0.0625 0.217716
0.3125 0 0.278301
0.375 0 0.264509
0.375 0.0625 0.203157
0.3125 0.0625 0.217716
0.375 0.25 0.0200894
0.375 0.21875 0.0504746
0.40625 0.21875 0.0437653
0.40625 0.25 0.0131354
0.375 0.25 0.0200894
0.375 0.21875 0.0504746
0.375 0.1875 0.0809242
0.40625 0.1875 0.0744215
0.40625 0.21875 0.0437653
0.375 0.21875 0.0504746
0.40625 0.25 0.0131354
0.40625 0.21875 0.0437653
0.4375 0.21875 0.0379665
0.4375 0.25 0.00720754
0.40625 0.25 0.0131354
0.40625 0.21875 0.0437653
0.40625 0.1875 0.0744215
0.4375 0.1875 0.0687445
0.4375 0.21875 0.0379665
0.40625 0.21875 0.0437653
0.375 0.1875 0.0809242
0.375 0.15625 0.111421
0.40625 0.15625 0.105101
0.40625 0.1875 0.0744215
0.375 0.1875 0.0809242
0.375 0.15625 0.111421
0.375 0.125 0.141965
0.40625 0.125 0.135811
0.40625 0.15625 0.105101
0.375 0.15625 0.111421
0.40625 0.1875 0.0744215
0.40625 0.15625 0.105101
0.4375 0.15625 0.099542
0.4375 0.1875 0.0687445
0.40625 0.1875 0.0744215
0.40625 0.15625 0.105101
0.40625 0.125 0.135811
0.4375 0.125 0.130357
0.4375 0.15625 0.099542
0.40625 0.15625 0.105101
0.4375 0.25 0.00720754
0.4375 0.21875 0.0379665
0.46875 0.21875 0.032826
0.46875 0.25 0.00195769
0.4375 0.25 0.00720754
0.4375 0.21875 0.0379665
0.4375 0.1875 0.0687445
0.46875 0.1875 0.0637108
0.46875 0.21875 0.032826
0.4375 0.21875 0.0379665
0.46875 0.25 0.00195769
0.46875 0.21875 0.032826
0.5 0.21875 0.0283326
0.5 0.25 -0.00263987
0.46875 0.25 0.00195769
0.46875 0.21875 0.032826
0.46875 0.1875 0.0637108
0.5 0.1875 0.0593217
0.5 0.21875 0.0283326
0.46875 0.21875 0.032826
0.4375 0.1875 0.0687445
0.4375 0.15625 0.099542
0.46875 0.15625 0.0946115
0.46875 0.1875 0.0637108
0.4375 0.1875 0.0687445
0.4375 0.15625 0.099542
0.4375 0.125 0.130357
0.46875 0.125 0.125527
0.46875 0.15625 0.0946115
0.4375 0.15625 0.099542
0.46875 0.1875 0.0637108
0.46875 0.15625 0.0946115
0.5 0.15625 0.0903243
0.5 0.1875 0.0593217
0.46875 0.1875 0.0637108
0.46875 0.15625 0.0946115
0.46875 0.125 0.125527
0.5 0.125 0.12134
0.5 0.15625 0.0903243
0.46875 0.15625 0.0946115
0.375 0.125 0.141965
0.375 0.0625 0.203157
0.4375 0.0625 0.192039
0.4375 0.125 0.130357
0.375 0.125 0.141965
0.375 0.0625 0.203157
0.375 0 0.264509
0.4375 0 0.25382
0.4375 0.0625 0.192039
0.375 0.0625 0.203157
0.4375 0.125 0.130357
0.4375 0.0625 0.192039
0.5 0.0625 0.183426
0.5 0.125 0.12134
0.4375 0.125 0.130357
0.4375 0.0625 0.192039
0.4375 0 0.25382
0.5 0 0.245589
0.5 0.0625 0.183426
0.4375 0.0625 0.192039
0.5 1 0.245541
0.5 0.9375 0.183388
0.5625 0.9375 0.192078
0.5625 1 0.253842
0.5 1 0.245541
0.5 0.9375 0.183388
0.5 0.875 0.121263
0.5625 0.875 0.130358
0.5625 0.9375 0.192078
0.5 0.9375 0.183388
0.5625 1 0.253842
0.5625 0.9375 0.192078
0.625 0.9375 0.20339
0.625 1 0.264703
0.5625 1 0.253842
0.5625 0.9375 0.192078
0.5625 0.875 0.130358
0.625 0.875 0.142143
0.625 0.9375 0.20339
0.5625 0.9375 0.192078
0.5 0.875 0.121263
0.5 0.84375 0.0902366
0.53125 0.84375 0.0945533
0.53125 0.875 0.125479
0.5 0.875 0.121263
0.5 0.84375 0.0902366
0.5 0.8125 0.0592246
0.53125 0.8125 0.0636426
0.53125 0.84375 0.0945533
0.5 0.84375 0.0902366
0.53125 0.875 0.125479
0.53125 0.84375 0.0945533
0.5625 0.84375 0.0995327
0.5625 0.875 0.130358
0.53125 0.875 0.125479
0.53125 0.84375 0.0945533
0.53125 0.8125 0.0636426
0.5625 0.8125 0.0687259
0.5625 0.84375 0.0995327
0.53125 0.84375 0.0945533
0.5 0.8125 0.0592246
0.5 0.78125 0.0282262
0.53125 0.78125 0.0327477
0.53125 0.8125 0.0636426
0.5 0.8125 0.0592246
0.5 0.78125 0.0282262
0.5 0.75 -0.002756
0.53125 0.75 0.00186905
0.53125 0.78125 0.0327477
0.5 0.78125 0.0282262
0.53125 0.8125 0.0636426
0.53125 0.78125 0.0327477
0.5625 0.78125 0.0379386
0.5625 0.8125 0.0687259
0.53125 0.8125 0.0636426
0.53125 0.78125 0.0327477
0.53125 0.75 0.00186905
0.5625 0.75 0.00717095
0.5625 0.78125 0.0379386
0.53125 0.78125 0.0327477
0.5625 0.875 0.130358
0.5625 0.84375 0.0995327
0.59375 0.84375 0.105162
0.59375 0.875 0.135873
0.5625 0.875 0.130358
0.5625 0.84375 0.0995327
0.5625 0.8125 0.0687259
0.59375 0.8125 0.0744725
0.59375 0.84375 0.105162
0.5625 0.84375 0.0995327
0.59375 0.875 0.135873
0.59375 0.84375 0.105162
0.625 0.84375 0.111588
0.625 0.875 0.142143
0.59375 0.875 0.135873
0.59375 0.84375 0.105162
0.59375 0.8125 0.0744725
0.625 0.8125 0.0810725
0.625 0.84375 0.111588
0.59375 0.84375 0.105162
0.5625 0.8125 0.0687259
0.5625 0.78125 0.0379386
0.59375 0.78125 0.0438072
0.59375 0.8125 0.0744725
0.5625 0.8125 0.0687259
0.5625 0.78125 0.0379386
0.5625 0.75 0.00717095
0.59375 0.75 0.0131672
0.59375 0.78125 0.0438072
0.5625 0.78125 0.0379386
0.59375 0.8125 0.0744725
0.59375 0.78125 0.0438072
0.625 0.78125 0.0506014
0.625 0.8125 0.0810725
0.59375 0.8125 0.0744725
0.59375 0.78125 0.0438072
0.59375 0.75 0.0131672
0.625 0.75 0.0201807
0.625 0.78125 0.0506014
0.59375 0.78125 0.0438072
0.625 1 0.264703
0.625 0.9375 0.20339
0.6875 0.9375 0.218673
0.6875 1 0.279066
0.625 1 0.264703
0.625 0.9375 0.20339
0.625 0.875 0.142143
0.6875 0.875 0.158496
0.6875 0.9375 0.218673
0.625 0.9375 0.20339
0.6875 1 0.279066
0.6875 0.9375 0.218673
0.75 0.9375 0.241128
0.75 1 0.299224
0.6875 1 0.279066
0.6875 0.9375 0.218673
0.6875 0.875 0.158496
0.75 0.875 0.183866
0.75 0.9375 0.241128
0.6875 0.9375 0.218673
0.625 0.875 0.142143
0.625 0.84375 0.111588
0.65625 0.84375 0.119205
0.65625 0.875 0.149477
0.625 0.875 0.142143
0.625 0.84375 0.111588
0.625 0.8125 0.0810725
0.65625 0.8125 0.0890144
0.65625 0.84375 0.119205
0.625 0.84375 0.111588
0.65625 0.875 0.149477
0.65625 0.84375 0.119205
0.6875 0.84375 0.128738
0.6875 0.875 0.158496
0.65625 0.875 0.149477
0.65625 0.84375 0.119205
0.65625 0.8125 0.0890144
0.6875 0.8125 0.0991889
0.6875 0.84375 0.128738
0.65625 0.84375 0.119205
0.625 0.8125 0.0810725
0.625 0.78125 0.0506014
0.65625 0.78125 0.0589239
0.65625 0.8125 0.0890144
0.625 0.8125 0.0810725
0.625 0.78125 0.0506014
0.625 0.75 0.0201807
0.65625 0.75 0.0289616
0.65625 0.78125 0.0589239
0.625 0.78125 0.0506014
0.65625 0.8125 0.0890144
0.65625 0.78125 0.0589239
0.6875 0.78125 0.0699188
0.6875 0.8125 0.0991889
0.65625 0.8125 0.0890144
0.65625 0.78125 0.0589239
0.65625 0.75 0.0289616
0.6875 0.75 0.0410178
0.6875 0.78125 0.0699188
0.65625 0.78125 0.0589239
0.6875 0.875 0.158496
0.6875 0.8125 0.0991889
0.75 0.8125 0.128172
0.75 0.875 0.183866
0.6875 0.875 0.158496
0.6875 0.8125 0.0991889
0.6875 0.78125 0.0699188
0.71875 0.78125 0.0841013
0.71875 0.8125 0.112127
0.6875 0.8125 0.0991889
0.6875 0.78125 0.0699188
0.6875 0.75 0.0410178
0.71875 0.75 0.0567843
0.71875 0.78125 0.0841013
0.6875 0.78125 0.0699188
0.71875 0.8125 0.112127
0.71875 0.78125 0.0841013
0.75 0.78125 0.101756
0.75 0.8125 0.128172
0.71875 0.8125 0.112127
0.71875 0.78125 0.0841013
0.71875 0.75 0.0567843
0.75 0.75 0.0764385
0.75 0.78125 0.101756
0.71875 0.78125 0.0841013
0.5 0.75 -0.002756
0.5 0.71875 -0.0337043
0.53125 0.71875 -0.0289761
0.53125 0.75 0.00186905
0.5 0.75 -0.002756
0.5 0.71875 -0.0337043
0.5 0.6875 -0.0646386
0.53125 0.6875 -0.0598013
0.53125 0.71875 -0.0289761
0.5 0.71875 -0.0337043
0.53125 0.75 0.00186905
0.53125 0.71875 -0.0289761
0.5625 0.71875 -0.0235556
0.5625 0.75 0.00717095
0.53125 0.75 0.00186905
0.53125 0.71875 -0.0289761
0.53125 0.6875 -0.0598013
0.5625 0.6875 -0.0542493
0.5625 0.71875 -0.0235556
0.53125 0.71875 -0.0289761
0.5 0.6875 -0.0646386
0.5 0.65625 -0.0955585
0.53125 0.65625 -0.0906048
0.53125 0.6875 -0.0598013
0.5 0.6875 -0.0646386
0.5 0.65625 -0.0955585
0.5 0.625 -0.126457
0.53125 0.625 -0.121384
0.53125 0.65625 -0.0906048
0.5 0.65625 -0.0955585
0.53125 0.6875 -0.0598013
0.53125 0.65625 -0.0906048
0.5625 0.65625 -0.0849041
0.5625 0.6875 -0.0542493
0.53125 0.6875 -0.0598013
0.53125 0.65625 -0.0906048
0.53125 0.625 -0.121384
0.5625 0.625 -0.115502
0.5625 0.65625 -0.0849041
0.53125 0.65625 -0.0906048
0.5625 0.75 0.00717095
0.5625 0.71875 -0.0235556
0.59375 0.71875 -0.0174041
0.59375 0.75 0.0131672
0.5625 0.75 0.00717095
0.5625 0.71875 -0.0235556
0.5625 0.6875 -0.0542493
0.59375 0.6875 -0.0478904
0.59375 0.71875 -0.0174041
0.5625 0.71875 -0.0235556
0.59375 0.75 0.0131672
0.59375 0.71875 -0.0174041
0.625 0.71875 -0.0101172
0.625 0.75 0.0201807
0.59375 0.75 0.0131672
0.59375 0.71875 -0.0174041
0.59375 0.6875 -0.0478904
0.625 0.6875 -0.04014
0.625 0.71875 -0.0101172
0.59375 0.71875 -0.0174041
0.5625 0.6875 -0.0542493
0.5625 0.65625 -0.0849041
0.59375 0.65625 -0.0782641
0.59375 0.6875 -0.0478904
0.5625 0.6875 -0.0542493
0.5625 0.65625 -0.0849041
0.5625 0.625 -0.115502
0.59375 0.625 -0.108413
0.59375 0.65625 -0.0782641
0.5625 0.65625 -0.0849041
0.59375 0.6875 -0.0478904
0.59375 0.65625 -0.0782641
0.625 0.65625 -0.0697329
0.625 0.6875 -0.04014
0.59375 0.6875 -0.0478904
0.59375 0.65625 -0.0782641
0.59375 0.625 -0.108413
0.625 0.625 -0.0982489
0.625 0.65625 -0.0697329
0.59375 0.65625 -0.0782641
0.5 0.625 -0.126457
0.5 0.5625 -0.188897
0.5625 0.5625 -0.173452
0.5625 0.625 -0.115502
0.5 0.625 -0.126457
0.5 0.5625 -0.188897
0.5 0.5 -0.226169
0.5625 0.5 -0.184241
0.5625 0.5625 -0.173452
0.5 0.5625 -0.188897
0.5625 0.625 -0.115502
0.5625 0.5625 -0.173452
0.625 0.5625 -0.132552
0.625 0.625 -0.0982489
0.5625 0.625 -0.115502
0.5625 0.5625 -0.173452
0.5625 0.5 -0.184241
0.625 0.5 -0.125715
0.625 0.5625 -0.132552
0.5625 0.5625 -0.173452
0.625 0.75 0.0201807
0.625 0.71875 -0.0101172
0.65625 0.71875 -0.000824643
0.65625 0.75 0.0289616
0.625 0.75 0.0201807
0.625 0.71875 -0.0101172
0.625 0.6875 -0.04014
0.65625 0.6875 -0.0296141
0.65625 0.71875 -0.000824643
0.625 0.71875 -0.0101172
0.65625 0.75 0.0289616
0.65625 0.71875 -0.000824643
0.6875 0.71875 0.0126588
0.6875 0.75 0.0410178
0.65625 0.75 0.0289616
0.65625 0.71875 -0.000824643
0.65625 0.6875 -0.0296141
0.6875 0.6875 -0.0141551
0.6875 0.71875 0.0126588
0.65625 0.71875 -0.000824643
0.625 0.6875 -0.04014
0.625 0.65625 -0.0697329
0.65625 0.65625 -0.0569395
0.65625 0.6875 -0.0296141
0.625 0.6875 -0.04014
0.625 0.65625 -0.0697329
0.625 0.625 -0.0982489
0.65625 0.625 -0.081169
0.65625 0.65625 -0.0569395
0.625 0.65625 -0.0697329
0.65625 0.6875 -0.0296141
0.65625 0.65625 -0.0569395
0.6875 0.65625 -0.0382284
0.6875 0.6875 -0.0141551
0.65625 0.6875 -0.0296141
0.65625 0.65625 -0.0569395
0.65625 0.625 -0.081169
0.6875 0.625 -0.0578263
0.6875 0.65625 -0.0382284
0.65625 0.65625 -0.0569395
0.6875 0.75 0.0410178
0.6875 0.71875 0.0126588
0.71875 0.71875 0.0304706
0.71875 0.75 0.0567843
0.6875 0.75 0.0410178
0.6875 0.71875 0.0126588
0.6875 0.6875 -0.0141551
0.71875 0.6875 0.00567278
0.71875 0.71875 0.0304706
0.6875 0.71875 0.0126588
0.71875 0.75 0.0567843
0.71875 0.71875 0.0304706
0.75 0.71875 0.0525864
0.75 0.75 0.0764385
0.71875 0.75 0.0567843
0.71875 0.71875 0.0304706
0.71875 0.6875 0.00567278
0.75 0.6875 0.0307878
0.75 0.71875 0.0525864
0.71875 0.71875 0.0304706
0.6875 0.6875 -0.0141551
0.6875 0.65625 -0.0382284
0.71875 0.65625 -0.0149311
0.71875 0.6875 0.00567278
0.6875 0.6875 -0.0141551
0.6875 0.65625 -0.0382284
0.6875 0.625 -0.0578263
0.71875 0.625 -0.0307972
0.71875 0.65625 -0.0149311
0.6875 0.65625 -0.0382284
0.71875 0.6875 0.00567278
0.71875 0.65625 -0.0149311
0.75 0.65625 0.0120098
0.75 0.6875 0.0307878
0.71875 0.6875 0.00567278
0.71875 0.65625 -0.0149311
0.71875 0.625 -0.0307972
0.75 0.625 -0.00169139
0.75 0.65625 0.0120098
0.71875 0.65625 -0.0149311
0.625 0.625 -0.0982489
0.625 0.59375 -0.122606
0.65625 0.59375 -0.0983586
0.65625 0.625 -0.081169
0.625 0.625 -0.0982489
0.625 0.59375 -0.122606
0.625 0.5625 -0.132552
0.65625 0.5625 -0.101495
0.65625 0.59375 -0.0983586
0.625 0.59375 -0.122606
0.65625 0.625 -0.081169
0.65625 0.59375 -0.0983586
0.6875 0.59375 -0.0694319
0.6875 0.625 -0.0578263
0.65625 0.625 -0.081169
0.65625 0.59375 -0.0983586
0.65625 0.5625 -0.101495
0.6875 0.5625 -0.0704084
0.6875 0.59375 -0.0694319
0.65625 0.59375 -0.0983586
0.625 0.5625 -0.132552
0.625 0.53125 -0.129823
0.65625 0.53125 -0.0989022
0.65625 0.5625 -0.101495
0.625 0.5625 -0.132552
0.625 0.53125 -0.129823
0.625 0.5 -0.125715
0.65625 0.5 -0.0949539
0.65625 0.53125 -0.0989022
0.625 0.53125 -0.129823
0.65625 0.5625 -0.101495
0.65625 0.53125 -0.0989022
0.6875 0.53125 -0.067957
0.6875 0.5625 -0.0704084
0.65625 0.5625 -0.101495
0.65625 0.53125 -0.0989022
0.65625 0.5 -0.0949539
0.6875 0.5 -0.0641469
0.6875 0.53125 -0.067957
0.65625 0.53125 -0.0989022
0.6875 0.625 -0.0578263
0.6875 0.59375 -0.0694319
0.71875 0.59375 -0.038879
0.71875 0.625 -0.0307972
0.6875 0.625 -0.0578263
0.6875 0.59375 -0.0694319
0.6875 0.5625 -0.0704084
0.71875 0.5625 -0.039308
0.71875 0.59375 -0.038879
0.6875 0.59375 -0.0694319
0.71875 0.625 -0.0307972
0.71875 0.59375 -0.038879
0.75 0.59375 -0.00784146
0.75 0.625 -0.00169139
0.71875 0.625 -0.0307972
0.71875 0.59375 -0.038879
0.71875 0.5625 -0.039308
0.75 0.5625 -0.0081954
0.75 0.59375 -0.00784146
0.71875 0.59375 -0.038879
0.6875 0.5625 -0.0704084
0.6875 0.53125 -0.067957
0.71875 0.53125 -0.0369933
0.71875 0.5625 -0.039308
0.6875 0.5625 -0.0704084
0.6875 0.53125 -0.067957
0.6875 0.5 -0.0641469
0.71875 0.5 -0.0333085
0.71875 0.53125 -0.0369933
0.6875 0.53125 -0.067957
0.71875 0.5625 -0.039308
0.71875 0.53125 -0.0369933
0.75 0.53125 -0.00601358
0.75 0.5625 -0.0081954
0.71875 0.5625 -0.039308
0.71875 0.53125 -0.0369933
0.71875 0.5 -0.0333085
0.75 0.5 -0.00244687
0.75 0.53125 -0.00601358
0.71875 0.53125 -0.0369933
0.75 1 0.299224
0.75 0.875 0.183866
0.875 0.875 0.260665
0.875 1 0.360913
0.75 1 0.299224
0.75 0.875 0.183866
0.75 0.8125 0.128172
0.8125 0.8125 0.167751
0.8125 0.875 0.2182
0.75 0.875 0.183866
0.75 0.8125 0.128172
0.75 0.78125 0.101756
0.78125 0.78125 0.122238
0.78125 0.8125 0.146994
0.75 0.8125 0.128172
0.75 0.78125 0.101756
0.75 0.75 0.0764385
0.78125 0.75 0.0988457
0.78125 0.78125 0.122238
0.75 0.78125 0.101756
0.78125 0.8125 0.146994
0.78125 0.78125 0.122238
0.8125 0.78125 0.144631
0.8125 0.8125 0.167751
0.78125 0.8125 0.146994
0.78125 0.78125 0.122238
0.78125 0.75 0.0988457
0.8125 0.75 0.123025
0.8125 0.78125 0.144631
0.78125 0.78125 0.122238
0.8125 0.875 0.2182
0.8125 0.8125 0.167751
0.875 0.8125 0.215429
0.875 0.875 0.260665
0.8125 0.875 0.2182
0.8125 0.8125 0.167751
0.8125 0.75 0.123025
0.875 0.75 0.175078
0.875 0.8125 0.215429
0.8125 0.8125 0.167751
0.875 1 0.360913
0.875 0.875 0.260665
1 0.875 0.359473
1 1 0.448586
0.875 1 0.360913
0.875 0.875 0.260665
0.875 0.8125 0.215429
0.9375 0.8125 0.266978
0.9375 0.875 0.307646
0.875 0.875 0.260665
0.875 0.8125 0.215429
0.875 0.75 0.175078
0.9375 0.75 0.231797
0.9375 0.8125 0.266978
0.875 0.8125 0.215429
0.9375 0.875 0.307646
0.9375 0.8125 0.266978
1 0.8125 0.322165
1 0.875 0.359473
0.9375 0.875 0.307646
0.9375 0.8125 0.266978
0.9375 0.75 0.231797
1 0.75 0.290226
1 0.8125 0.322165
0.9375 0.8125 0.266978
0.75 0.75 0.0764385
0.75 0.71875 0.0525864
0.78125 0.71875 0.0771753
0.78125 0.75 0.0988457
0.75 0.75 0.0764385
0.75 0.71875 0.0525864
0.75 0.6875 0.0307878
0.78125 0.6875 0.0577669
0.78125 0.71875 0.0771753
0.75 0.71875 0.0525864
0.78125 0.75 0.0988457
0.78125 0.71875 0.0771753
0.8125 0.71875 0.103255
0.8125 0.75 0.123025
0.78125 0.75 0.0988457
0.78125 0.71875 0.0771753
0.78125 0.6875 0.0577669
0.8125 0.6875 0.0857719
0.8125 0.71875 0.103255
0.78125 0.71875 0.0771753
0.75 0.6875 0.0307878
0.75 0.65625 0.0120098
0.78125 0.65625 0.0414008
0.78125 0.6875 0.0577669
0.75 0.6875 0.0307878
0.75 0.65625 0.0120098
0.75 0.625 -0.00169139
0.78125 0.625 0.0292507
0.78125 0.65625 0.0414008
0.75 0.65625 0.0120098
0.78125 0.6875 0.0577669
0.78125 0.65625 0.0414008
0.8125 0.65625 0.0711921
0.8125 0.6875 0.0857719
0.78125 0.6875 0.0577669
0.78125 0.65625 0.0414008
0.78125 0.625 0.0292507
0.8125 0.625 0.0603386
0.8125 0.65625 0.0711921
0.78125 0.65625 0.0414008
0.8125 0.75 0.123025
0.8125 0.71875 0.103255
0.84375 0.71875 0.130406
0.84375 0.75 0.148627
0.8125 0.75 0.123025
0.8125 0.71875 0.103255
0.8125 0.6875 0.0857719
0.84375 0.6875 0.114459
0.84375 0.71875 0.130406
0.8125 0.71875 0.103255
0.84375 0.75 0.148627
0.84375 0.71875 0.130406
0.875 0.71875 0.158181
0.875 0.75 0.175078
0.84375 0.75 0.148627
0.84375 0.71875 0.130406
0.84375 0.6875 0.114459
0.875 0.6875 0.143529
0.875 0.71875 0.158181
0.84375 0.71875 0.130406
0.8125 0.6875 0.0857719
0.8125 0.65625 0.0711921
0.84375 0.65625 0.101252
0.84375 0.6875 0.114459
0.8125 0.6875 0.0857719
0.8125 0.65625 0.0711921
0.8125 0.625 0.0603386
0.84375 0.625 0.0914015
0.84375 0.65625 0.101252
0.8125 0.65625 0.0711921
0.84375 0.6875 0.114459
0.84375 0.65625 0.101252
0.875 0.65625 0.131461
0.875 0.6875 0.143529
0.84375 0.6875 0.114459
0.84375 0.65625 0.101252
0.84375 0.625 0.0914015
0.875 0.625 0.122432
0.875 0.65625 0.131461
0.84375 0.65625 0.101252
0.75 0.625 -0.00169139
0.75 0.59375 -0.00784146
0.78125 0.59375 0.0233526
0.78125 0.625 0.0292507
0.75 0.625 -0.00169139
0.75 0.59375 -0.00784146
0.75 0.5625 -0.0081954
0.78125 0.5625 0.0230012
0.78125 0.59375 0.0233526
0.75 0.59375 -0.00784146
0.78125 0.625 0.0292507
0.78125 0.59375 0.0233526
0.8125 0.59375 0.0546017
0.8125 0.625 0.0603386
0.78125 0.625 0.0292507
0.78125 0.59375 0.0233526
0.78125 0.5625 0.0230012
0.8125 0.5625 0.0542404
0.8125 0.59375 0.0546017
0.78125 0.59375 0.0233526
0.75 0.5625 -0.0081954
0.75 0.53125 -0.00601358
0.78125 0.53125 0.0250721
0.78125 0.5625 0.0230012
0.75 0.5625 -0.0081954
0.75 0.53125 -0.00601358
0.75 0.5 -0.00244687
0.78125 0.5 0.0285352
0.78125 0.53125 0.0250721
0.75 0.53125 -0.00601358
0.78125 0.5625 0.0230012
0.78125 0.53125 0.0250721
0.8125 0.53125 0.0562056
0.8125 0.5625 0.0542404
0.78125 0.5625 0.0230012
0.78125 0.53125 0.0250721
0.78125 0.5 0.0285352
0.8125 0.5 0.059543
0.8125 0.53125 0.0562056
0.78125 0.53125 0.0250721
0.8125 0.625 0.0603386
0.8125 0.59375 0.0546017
0.84375 0.59375 0.0858479
0.84375 0.625 0.0914015
0.8125 0.625 0.0603386
0.8125 0.59375 0.0546017
0.8125 0.5625 0.0542404
0.84375 0.5625 0.0854795
0.84375 0.59375 0.0858479
0.8125 0.59375 0.0546017
0.84375 0.625 0.0914015
0.84375 0.59375 0.0858479
0.875 0.59375 0.117101
0.875 0.625 0.122432
0.84375 0.625 0.0914015
0.84375 0.59375 0.0858479
0.84375 0.5625 0.0854795
0.875 0.5625 0.116719
0.875 0.59375 0.117101
0.84375 0.59375 0.0858479
0.8125 0.5625 0.0542404
0.8125 0.53125 0.0562056
0.84375 0.53125 0.0873469
0.84375 0.5625 0.0854795
0.8125 0.5625 0.0542404
0.8125 0.53125 0.0562056
0.8125 0.5 0.059543
0.84375 0.5 0.0905646
0.84375 0.53125 0.0873469
0.8125 0.53125 0.0562056
0.84375 0.5625 0.0854795
0.84375 0.53125 0.0873469
0.875 0.53125 0.118499
0.875 0.5625 0.116719
0.84375 0.5625 0.0854795
0.84375 0.53125 0.0873469
0.84375 0.5 0.0905646
0.875 0.5 0.121599
0.875 0.53125 0.118499
0.84375 0.53125 0.0873469
0.875 0.75 0.175078
0.875 0.6875 0.143529
0.9375 0.6875 0.203964
0.9375 0.75 0.231797
0.875 0.75 0.175078
0.875 0.6875 0.143529
0.875 0.625 0.122432
0.9375 0.625 0.184892
0.9375 0.6875 0.203964
0.875 0.6875 0.143529
0.9375 0.75 0.231797
0.9375 0.6875 0.203964
1 0.6875 0.264892
1 0.75 0.290226
0.9375 0.75 0.231797
0.9375 0.6875 0.203964
0.9375 0.625 0.184892
1 0.625 0.247343
1 0.6875 0.264892
0.9375 0.6875 0.203964
0.875 0.625 0.122432
0.875 0.5625 0.116719
0.9375 0.5625 0.179211
0.9375 0.625 0.184892
0.875 0.625 0.122432
0.875 0.5625 0.116719
0.875 0.5 0.121599
0.9375 0.5 0.183722
0.9375 0.5625 0.179211
0.875 0.5625 0.116719
0.9375 0.625 0.184892
0.9375 0.5625 0.179211
1 0.5625 0.241714
1 0.625 0.247343
0.9375 0.625 0.184892
0.9375 0.5625 0.179211
0.9375 0.5 0.183722
1 0.5 0.24592
1 0.5625 0.241714
0.9375 0.5625 0.179211
0.5 0.5 -0.226169
0.5 0.4375 -0.183756
0.5625 0.4375 -0.165667
0.5625 0.5 -0.184241
0.5 0.5 -0.226169
0.5 0.4375 -0.183756
0.5 0.375 -0.126273
0.5625 0.375 -0.13092
0.5625 0.4375 -0.165667
0.5 0.4375 -0.183756
0.5625 0.5 -0.184241
0.5625 0.4375 -0.165667
0.625 0.4375 -0.114326
0.625 0.5 -0.125715
0.5625 0.5 -0.184241
0.5625 0.4375 -0.165667
0.5625 0.375 -0.13092
0.625 0.375 -0.0946515
0.625 0.4375 -0.114326
0.5625 0.4375 -0.165667
0.5 0.375 -0.126273
0.5 0.34375 -0.0954052
0.53125 0.34375 -0.0995361
0.53125 0.375 -0.130545
0.5 0.375 -0.126273
0.5 0.34375 -0.0954052
0.5 0.3125 -0.0644988
0.53125 0.3125 -0.0685144
0.53125 0.34375 -0.0995361
0.5 0.34375 -0.0954052
0.53125 0.375 -0.130545
0.53125 0.34375 -0.0995361
0.5625 0.34375 -0.102514
0.5625 0.375 -0.13092
0.53125 0.375 -0.130545
0.53125 0.34375 -0.0995361
0.53125 0.3125 -0.0685144
0.5625 0.3125 -0.0713627
0.5625 0.34375 -0.102514
0.53125 0.34375 -0.0995361
0.5 0.3125 -0.0644988
0.5 0.28125 -0.033576
0.53125 0.28125 -0.0374802
0.53125 0.3125 -0.0685144
0.5 0.3125 -0.0644988
0.5 0.28125 -0.033576
0.5 0.25 -0.00263987
0.53125 0.25 -0.00643356
0.53125 0.28125 -0.0374802
0.5 0.28125 -0.033576
0.53125 0.3125 -0.0685144
0.53125 0.28125 -0.0374802
0.5625 0.28125 -0.0401999
0.5625 0.3125 -0.0713627
0.53125 0.3125 -0.0685144
0.53125 0.28125 -0.0374802
0.53125 0.25 -0.00643356
0.5625 0.25 -0.00902738
0.5625 0.28125 -0.0401999
0.53125 0.28125 -0.0374802
0.5625 0.375 -0.13092
0.5625 0.34375 -0.102514
0.59375 0.34375 -0.0959181
0.59375 0.375 -0.117113
0.5625 0.375 -0.13092
0.5625 0.34375 -0.102514
0.5625 0.3125 -0.0713627
0.59375 0.3125 -0.0698455
0.59375 0.34375 -0.0959181
0.5625 0.34375 -0.102514
0.59375 0.375 -0.117113
0.59375 0.34375 -0.0959181
0.625 0.34375 -0.078771
0.625 0.375 -0.0946515
0.59375 0.375 -0.117113
0.59375 0.34375 -0.0959181
0.59375 0.3125 -0.0698455
0.625 0.3125 -0.0582061
0.625 0.34375 -0.078771
0.59375 0.34375 -0.0959181
0.5625 0.3125 -0.0713627
0.5625 0.28125 -0.0401999
0.59375 0.28125 -0.0402729
0.59375 0.3125 -0.0698455
0.5625 0.3125 -0.0713627
0.5625 0.28125 -0.0401999
0.5625 0.25 -0.00902738
0.59375 0.25 -0.00942793
0.59375 0.28125 -0.0402729
0.5625 0.28125 -0.0401999
0.59375 0.3125 -0.0698455
0.59375 0.28125 -0.0402729
0.625 0.28125 -0.033124
0.625 0.3125 -0.0582061
0.59375 0.3125 -0.0698455
0.59375 0.28125 -0.0402729
0.59375 0.25 -0.00942793
0.625 0.25 -0.00521619
0.625 0.28125 -0.033124
0.59375 0.28125 -0.0402729
0.625 0.5 -0.125715
0.625 0.46875 -0.12059
0.65625 0.46875 -0.0900407
0.65625 0.5 -0.0949539
0.625 0.5 -0.125715
0.625 0.46875 -0.12059
0.625 0.4375 -0.114326
0.65625 0.4375 -0.0842787
0.65625 0.46875 -0.0900407
0.625 0.46875 -0.12059
0.65625 0.5 -0.0949539
0.65625 0.46875 -0.0900407
0.6875 0.46875 -0.0593798
0.6875 0.5 -0.0641469
0.65625 0.5 -0.0949539
0.65625 0.46875 -0.0900407
0.65625 0.4375 -0.0842787
0.6875 0.4375 -0.0538889
0.6875 0.46875 -0.0593798
0.65625 0.46875 -0.0900407
0.625 0.4375 -0.114326
0.625 0.40625 -0.10612
0.65625 0.40625 -0.0772812
0.65625 0.4375 -0.0842787
0.625 0.4375 -0.114326
0.625 0.40625 -0.10612
0.625 0.375 -0.0946515
0.65625 0.375 -0.0681738
0.65625 0.40625 -0.0772812
0.625 0.40625 -0.10612
0.65625 0.4375 -0.0842787
0.65625 0.40625 -0.0772812
0.6875 0.40625 -0.0475111
0.6875 0.4375 -0.0538889
0.65625 0.4375 -0.0842787
0.65625 0.40625 -0.0772812
0.65625 0.375 -0.0681738
0.6875 0.375 -0.0397185
0.6875 0.40625 -0.0475111
0.65625 0.40625 -0.0772812
0.6875 0.5 -0.0641469
0.6875 0.46875 -0.0593798
0.71875 0.46875 -0.0286618
0.71875 0.5 -0.0333085
0.6875 0.5 -0.0641469
0.6875 0.46875 -0.0593798
0.6875 0.4375 -0.0538889
0.71875 0.4375 -0.0233383
0.71875 0.46875 -0.0286618
0.6875 0.46875 -0.0593798
0.71875 0.5 -0.0333085
0.71875 0.46875 -0.0286618
0.75 0.46875 0.00209794
0.75 0.5 -0.00244687
0.71875 0.5 -0.0333085
0.71875 0.46875 -0.0286618
0.71875 0.4375 -0.0233383
0.75 0.4375 0.00732014
0.75 0.46875 0.00209794
0.71875 0.46875 -0.0286618
0.6875 0.4375 -0.0538889
0.6875 0.40625 -0.0475111
0.71875 0.40625 -0.017307
0.71875 0.4375 -0.0233383
0.6875 0.4375 -0.0538889
0.6875 0.40625 -0.0475111
0.6875 0.375 -0.0397185
0.71875 0.375 -0.0102364
0.71875 0.40625 -0.017307
0.6875 0.40625 -0.0475111
0.71875 0.4375 -0.0233383
0.71875 0.40625 -0.017307
0.75 0.40625 0.0131599
0.75 0.4375 0.00732014
0.71875 0.4375 -0.0233383
0.71875 0.40625 -0.017307
0.71875 0.375 -0.0102364
0.75 0.375 0.0199104
0.75 0.40625 0.0131599
0.71875 0.40625 -0.017307
0.625 0.375 -0.0946515
0.625 0.34375 -0.078771
0.65625 0.34375 -0.055806
0.65625 0.375 -0.0681738
0.625 0.375 -0.0946515
0.625 0.34375 -0.078771
0.625 0.3125 -0.0582061
0.65625 0.3125 -0.0393108
0.65625 0.34375 -0.055806
0.625 0.34375 -0.078771
0.65625 0.375 -0.0681738
0.65625 0.34375 -0.055806
0.6875 0.34375 -0.0296104
0.6875 0.375 -0.0397185
0.65625 0.375 -0.0681738
0.65625 0.34375 -0.055806
0.65625 0.3125 -0.0393108
0.6875 0.3125 -0.0157793
0.6875 0.34375 -0.0296104
0.65625 0.34375 -0.055806
0.625 0.3125 -0.0582061
0.625 0.28125 -0.033124
0.65625 0.28125 -0.0190359
0.65625 0.3125 -0.0393108
0.625 0.3125 -0.0582061
0.625 0.28125 -0.033124
0.625 0.25 -0.00521619
0.65625 0.25 0.00593789
0.65625 0.28125 -0.0190359
0.625 0.28125 -0.033124
0.65625 0.3125 -0.0393108
0.65625 0.28125 -0.0190359
0.6875 0.28125 0.00123555
0.6875 0.3125 -0.0157793
0.65625 0.3125 -0.0393108
0.65625 0.28125 -0.0190359
0.65625 0.25 0.00593789
0.6875 0.25 0.0238827
0.6875 0.28125 0.00123555
0.65625 0.28125 -0.0190359
0.6875 0.375 -0.0397185
0.6875 0.34375 -0.0296104
0.71875 0.34375 -0.001566
0.71875 0.375 -0.0102364
0.6875 0.375 -0.0397185
0.6875 0.34375 -0.0296104
0.6875 0.3125 -0.0157793
0.71875 0.3125 0.0107578
0.71875 0.34375 -0.001566
0.6875 0.34375 -0.0296104
0.71875 0.375 -0.0102364
0.71875 0.34375 -0.001566
0.75 0.34375 0.0282071
0.75 0.375 0.0199104
0.71875 0.375 -0.0102364
0.71875 0.34375 -0.001566
0.71875 0.3125 0.0107578
0.75 0.3125 0.0391787
0.75 0.34375 0.0282071
0.71875 0.34375 -0.001566
0.6875 0.3125 -0.0157793
0.6875 0.28125 0.00123555
0.71875 0.28125 0.0264677
0.71875 0.3125 0.0107578
0.6875 0.3125 -0.0157793
0.6875 0.28125 0.00123555
0.6875 0.25 0.0238827
0.71875 0.25 0.0459636
0.71875 0.28125 0.0264677
0.6875 0.28125 0.00123555
0.71875 0.3125 0.0107578
0.71875 0.28125 0.0264677
0.75 0.28125 0.0531453
0.75 0.3125 0.0391787
0.71875 0.3125 0.0107578
0.71875 0.28125 0.0264677
0.71875 0.25 0.0459636
0.75 0.25 0.0703436
0.75 0.28125 0.0531453
0.71875 0.28125 0.0264677
0.5 0.25 -0.00263987
0.5 0.21875 0.0283326
0.53125 0.21875 0.0246514
0.53125 0.25 -0.00643356
0.5 0.25 -0.00263987
0.5 0.21875 0.0283326
0.5 0.1875 0.0593217
0.53125 0.1875 0.0557556
0.53125 0.21875 0.0246514
0.5 0.21875 0.0283326
0.53125 0.25 -0.00643356
0.53125 0.21875 0.0246514
0.5625 0.21875 0.0221766
0.5625 0.25 -0.00902738
0.53125 0.25 -0.00643356
0.53125 0.21875 0.0246514
0.53125 0.1875 0.0557556
0.5625 0.1875 0.0533958
0.5625 0.21875 0.0221766
0.53125 0.21875 0.0246514
0.5 0.1875 0.0593217
0.5 0.15625 0.0903243
0.53125 0.15625 0.0868697
0.53125 0.1875 0.0557556
0.5 0.1875 0.0593217
0.5 0.15625 0.0903243
0.5 0.125 0.12134
0.53125 0.125 0.117996
0.53125 0.15625 0.0868697
0.5 0.15625 0.0903243
0.53125 0.1875 0.0557556
0.53125 0.15625 0.0868697
0.5625 0.15625 0.0846173
0.5625 0.1875 0.0533958
0.53125 0.1875 0.0557556
0.53125 0.15625 0.0868697
0.53125 0.125 0.117996
0.5625 0.125 0.115841
0.5625 0.15625 0.0846173
0.53125 0.15625 0.0868697
0.5625 0.25 -0.00902738
0.5625 0.21875 0.0221766
0.59375 0.21875 0.0217935
0.59375 0.25 -0.00942793
0.5625 0.25 -0.00902738
0.5625 0.21875 0.0221766
0.5625 0.1875 0.0533958
0.59375 0.1875 0.0530366
0.59375 0.21875 0.0217935
0.5625 0.21875 0.0221766
0.59375 0.25 -0.00942793
0.59375 0.21875 0.0217935
0.625 0.21875 0.025381
0.625 0.25 -0.00521619
0.59375 0.25 -0.00942793
0.59375 0.21875 0.0217935
0.59375 0.1875 0.0530366
0.625 0.1875 0.0561993
0.625 0.21875 0.025381
0.59375 0.21875 0.0217935
0.5625 0.1875 0.0533958
0.5625 0.15625 0.0846173
0.59375 0.15625 0.0842793
0.59375 0.1875 0.0530366
0.5625 0.1875 0.0533958
0.5625 0.15625 0.0846173
0.5625 0.125 0.115841
0.59375 0.125 0.115525
0.59375 0.15625 0.0842793
0.5625 0.15625 0.0846173
0.59375 0.1875 0.0530366
0.59375 0.15625 0.0842793
0.625 0.15625 0.0871054
0.625 0.1875 0.0561993
0.59375 0.1875 0.0530366
0.59375 0.15625 0.0842793
0.59375 0.125 0.115525
0.625 0.125 0.118066
0.625 0.15625 0.0871054
0.59375 0.15625 0.0842793
0.5 0.125 0.12134
0.5 0.0625 0.183426
0.5625 0.0625 0.178316
0.5625 0.125 0.115841
0.5 0.125 0.12134
0.5 0.0625 0.183426
0.5 0 0.245589
0.5625 0 0.240804
0.5625 0.0625 0.178316
0.5 0.0625 0.183426
0.5625 0.125 0.115841
0.5625 0.0625 0.178316
0.625 0.0625 0.180272
0.625 0.125 0.118066
0.5625 0.125 0.115841
0.5625 0.0625 0.178316
0.5625 0 0.240804
0.625 0 0.242571
0.625 0.0625 0.180272
0.5625 0.0625 0.178316
0.625 0.25 -0.00521619
0.625 0.21875 0.025381
0.65625 0.21875 0.0344148
0.65625 0.25 0.00593789
0.625 0.25 -0.00521619
0.625 0.21875 0.025381
0.625 0.1875 0.0561993
0.65625 0.1875 0.0638431
0.65625 0.21875 0.0344148
0.625 0.21875 0.025381
0.65625 0.25 0.00593789
0.65625 0.21875 0.0344148
0.6875 0.21875 0.0492759
0.6875 0.25 0.0238827
0.65625 0.25 0.00593789
0.65625 0.21875 0.0344148
0.65625 0.1875 0.0638431
0.6875 0.1875 0.0764192
0.6875 0.21875 0.0492759
0.65625 0.21875 0.0344148
0.625 0.1875 0.0561993
0.625 0.15625 0.0871054
0.65625 0.15625 0.0937091
0.65625 0.1875 0.0638431
0.625 0.1875 0.0561993
0.625 0.15625 0.0871054
0.625 0.125 0.118066
0.65625 0.125 0.123962
0.65625 0.15625 0.0937091
0.625 0.15625 0.0871054
0.65625 0.1875 0.0638431
0.65625 0.15625 0.0937091
0.6875 0.15625 0.10455
0.6875 0.1875 0.0764192
0.65625 0.1875 0.0638431
0.65625 0.15625 0.0937091
0.65625 0.125 0.123962
0.6875 0.125 0.133395
0.6875 0.15625 0.10455
0.65625 0.15625 0.0937091
0.6875 0.25 0.0238827
0.6875 0.21875 0.0492759
0.71875 0.21875 0.0683633
0.71875 0.25 0.0459636
0.6875 0.25 0.0238827
0.6875 0.21875 0.0492759
0.6875 0.1875 0.0764192
0.71875 0.1875 0.0930255
0.71875 0.21875 0.0683633
0.6875 0.21875 0.0492759
0.71875 0.25 0.0459636
0.71875 0.21875 0.0683633
0.75 0.21875 0.0902918
0.75 0.25 0.0703436
0.71875 0.25 0.0459636
0.71875 0.21875 0.0683633
0.71875 0.1875 0.0930255
0.75 0.1875 0.112768
0.75 0.21875 0.0902918
0.71875 0.21875 0.0683633
0.6875 0.1875 0.0764192
0.6875 0.15625 0.10455
0.71875 0.15625 0.119072
0.71875 0.1875 0.0930255
0.6875 0.1875 0.0764192
0.6875 0.15625 0.10455
0.6875 0.125 0.133395
0.71875 0.125 0.146381
0.71875 0.15625 0.119072
0.6875 0.15625 0.10455
0.71875 0.1875 0.0930255
0.71875 0.15625 0.119072
0.75 0.15625 0.136813
0.75 0.1875 0.112768
0.71875 0.1875 0.0930255
0.71875 0.15625 0.119072
0.71875 0.125 0.146381
0.75 0.125 0.162367
0.75 0.15625 0.136813
0.71875 0.15625 0.119072
0.625 0.125 0.118066
0.625 0.0625 0.180272
0.6875 0.0625 0.192657
0.6875 0.125 0.133395
0.625 0.125 0.118066
0.625 0.0625 0.180272
0.625 0 0.242571
0.6875 0 0.253278
0.6875 0.0625 0.192657
0.625 0.0625 0.180272
0.6875 0.125 0.133395
0.6875 0.0625 0.192657
0.75 0.0625 0.216113
0.75 0.125 0.162367
0.6875 0.125 0.133395
0.6875 0.0625 0.192657
0.6875 0 0.253278
0.75 0 0.273428
0.75 0.0625 0.216113
0.6875 0.0625 0.192657
0.75 0.5 -0.00244687
0.75 0.46875 0.00209794
0.78125 0.46875 0.0329723
0.78125 0.5 0.0285352
0.75 0.5 -0.00244687
0.75 0.46875 0.00209794
0.75 0.4375 0.00732014
0.78125 0.4375 0.038087
0.78125 0.46875 0.0329723
0.75 0.46875 0.00209794
0.78125 0.5 0.0285352
0.78125 0.46875 0.0329723
0.8125 0.46875 0.0638638
0.8125 0.5 0.059543
0.78125 0.5 0.0285352
0.78125 0.46875 0.0329723
0.78125 0.4375 0.038087
0.8125 0.4375 0.0688727
0.8125 0.46875 0.0638638
0.78125 0.46875 0.0329723
0.75 0.4375 0.00732014
0.75 0.40625 0.0131599
0.78125 0.40625 0.0438113
0.78125 0.4375 0.038087
0.75 0.4375 0.00732014
0.75 0.40625 0.0131599
0.75 0.375 0.0199104
0.78125 0.375 0.0503527
0.78125 0.40625 0.0438113
0.75 0.40625 0.0131599
0.78125 0.4375 0.038087
0.78125 0.40625 0.0438113
0.8125 0.40625 0.0744845
0.8125 0.4375 0.0688727
0.78125 0.4375 0.038087
0.78125 0.40625 0.0438113
0.78125 0.375 0.0503527
0.8125 0.375 0.0808448
0.8125 0.40625 0.0744845
0.78125 0.40625 0.0438113
0.8125 0.5 0.059543
0.8125 0.46875 0.0638638
0.84375 0.46875 0.094771
0.84375 0.5 0.0905646
0.8125 0.5 0.059543
0.8125 0.46875 0.0638638
0.8125 0.4375 0.0688727
0.84375 0.4375 0.0996769
0.84375 0.46875 0.094771
0.8125 0.46875 0.0638638
0.84375 0.5 0.0905646
0.84375 0.46875 0.094771
0.875 0.46875 0.125693
0.875 0.5 0.121599
0.84375 0.5 0.0905646
0.84375 0.46875 0.094771
0.84375 0.4375 0.0996769
0.875 0.4375 0.130498
0.875 0.46875 0.125693
0.84375 0.46875 0.094771
0.8125 0.4375 0.0688727
0.8125 0.40625 0.0744845
0.84375 0.40625 0.105178
0.84375 0.4375 0.0996769
0.8125 0.4375 0.0688727
0.8125 0.40625 0.0744845
0.8125 0.375 0.0808448
0.84375 0.375 0.111374
0.84375 0.40625 0.105178
0.8125 0.40625 0.0744845
0.84375 0.4375 0.0996769
0.84375 0.40625 0.105178
0.875 0.40625 0.135897
0.875 0.4375 0.130498
0.84375 0.4375 0.0996769
0.84375 0.40625 0.105178
0.84375 0.375 0.111374
0.875 0.375 0.141943
0.875 0.40625 0.135897
0.84375 0.40625 0.105178
0.75 0.375 0.0199104
0.75 0.34375 0.0282071
0.78125 0.34375 0.0582081
0.78125 0.375 0.0503527
0.75 0.375 0.0199104
0.75 0.34375 0.0282071
0.75 0.3125 0.0391787
0.78125 0.3125 0.0682091
0.78125 0.34375 0.0582081
0.75 0.34375 0.0282071
0.78125 0.375 0.0503527
0.78125 0.34375 0.0582081
0.8125 0.34375 0.0883453
0.8125 0.375 0.0808448
0.78125 0.375 0.0503527
0.78125 0.34375 0.0582081
0.78125 0.3125 0.0682091
0.8125 0.3125 0.0976214
0.8125 0.34375 0.0883453
0.78125 0.34375 0.0582081
0.75 0.3125 0.0391787
0.75 0.28125 0.0531453
0.78125 0.28125 0.080777
0.78125 0.3125 0.0682091
0.75 0.3125 0.0391787
0.75 0.28125 0.0531453
0.75 0.25 0.0703436
0.78125 0.25 0.0961466
0.78125 0.28125 0.080777
0.75 0.28125 0.0531453
0.78125 0.3125 0.0682091
0.78125 0.28125 0.080777
0.8125 0.28125 0.109146
0.8125 0.3125 0.0976214
0.78125 0.3125 0.0682091
0.78125 0.28125 0.080777
0.78125 0.25 0.0961466
0.8125 0.25 0.123063
0.8125 0.28125 0.109146
0.78125 0.28125 0.080777
0.8125 0.375 0.0808448
0.8125 0.34375 0.0883453
0.84375 0.34375 0.118572
0.84375 0.375 0.111374
0.8125 0.375 0.0808448
0.8125 0.34375 0.0883453
0.8125 0.3125 0.0976214
0.84375 0.3125 0.127281
0.84375 0.34375 0.118572
0.8125 0.34375 0.0883453
0.84375 0.375 0.111374
0.84375 0.34375 0.118572
0.875 0.34375 0.148902
0.875 0.375 0.141943
0.84375 0.375 0.111374
0.84375 0.34375 0.118572
0.84375 0.3125 0.127281
0.875 0.3125 0.157138
0.875 0.34375 0.148902
0.84375 0.34375 0.118572
0.8125 0.3125 0.0976214
0.8125 0.25 0.123063
0.875 0.25 0.179175
0.875 0.3125 0.157138
0.8125 0.3125 0.0976214
0.875 0.5 0.121599
0.875 0.4375 0.130498
0.9375 0.4375 0.192198
0.9375 0.5 0.183722
0.875 0.5 0.121599
0.875 0.4375 0.130498
0.875 0.375 0.141943
0.9375 0.375 0.20317
0.9375 0.4375 0.192198
0.875 0.4375 0.130498
0.9375 0.5 0.183722
0.9375 0.4375 0.192198
1 0.4375 0.254
1 0.5 0.24592
0.9375 0.5 0.183722
0.9375 0.4375 0.192198
0.9375 0.375 0.20317
1 0.375 0.264545
1 0.4375 0.254
0.9375 0.4375 0.192198
0.875 0.375 0.141943
0.875 0.3125 0.157138
0.9375 0.3125 0.217373
0.9375 0.375 0.20317
0.875 0.375 0.141943
0.875 0.3125 0.157138
0.875 0.25 0.179175
0.9375 0.25 0.236872
0.9375 0.3125 0.217373
0.875 0.3125 0.157138
0.9375 0.375 0.20317
0.9375 0.3125 0.217373
1 0.3125 0.278045
1 0.375 0.264545
0.9375 0.375 0.20317
0.9375 0.3125 0.217373
0.9375 0.25 0.236872
1 0.25 0.296008
1 0.3125 0.278045
0.9375 0.3125 0.217373
0.75 0.25 0.0703436
0.75 0.21875 0.0902918
0.78125 0.21875 0.114097
0.78125 0.25 0.0961466
0.75 0.25 0.0703436
0.75 0.21875 0.0902918
0.75 0.1875 0.112768
0.78125 0.1875 0.13458
0.78125 0.21875 0.114097
0.75 0.21875 0.0902918
0.78125 0.25 0.0961466
0.78125 0.21875 0.114097
0.8125 0.21875 0.139432
0.8125 0.25 0.123063
0.78125 0.25 0.0961466
0.78125 0.21875 0.114097
0.78125 0.1875 0.13458
0.8125 0.1875 0.158098
0.8125 0.21875 0.139432
0.78125 0.21875 0.114097
0.75 0.1875 0.112768
0.75 0.125 0.162367
0.8125 0.125 0.201754
0.8125 0.1875 0.158098
0.75 0.1875 0.112768
0.8125 0.25 0.123063
0.8125 0.1875 0.158098
0.875 0.1875 0.209115
0.875 0.25 0.179175
0.8125 0.25 0.123063
0.8125 0.1875 0.158098
0.8125 0.125 0.201754
0.875 0.125 0.247073
0.875 0.1875 0.209115
0.8125 0.1875 0.158098
0.75 0.125 0.162367
0.75 0.0625 0.216113
0.8125 0.0625 0.24992
0.8125 0.125 0.201754
0.75 0.125 0.162367
0.75 0.0625 0.216113
0.75 0 0.273428
0.8125 0 0.303145
0.8125 0.0625 0.24992
0.75 0.0625 0.216113
0.8125 0.125 0.201754
0.8125 0.0625 0.24992
0.875 0.0625 0.289894
0.875 0.125 0.247073
0.8125 0.125 0.201754
0.8125 0.0625 0.24992
0.8125 0 0.303145
0.875 0 0.338886
0.875 0.0625 0.289894
0.8125 0.0625 0.24992
0.875 0.25 0.179175
0.875 0.125 0.247073
1 0.125 0.35154
1 0.25 0.296008
0.875 0.25 0.179175
0.875 0.125 0.247073
0.875 0 0.338886
1 0 0.433354
1 0.125 0.35154
0.875 0.125 0.247073
