0 1 0.444128
0 0.875 0.346199
0.125 0.875 0.258045
0.125 1 0.366411
0 1 0.444128
0 0.875 0.346199
0 0.8125 0.303598
0.0625 0.8125 0.252152
0.0625 0.875 0.298645
0 0.875 0.346199
0 0.8125 0.303598
0 0.75 0.265754
0.0625 0.75 0.210179
0.0625 0.8125 0.252152
0 0.8125 0.303598
0.0625 0.875 0.298645
0.0625 0.8125 0.252152
0.125 0.8125 0.207125
0.125 0.875 0.258045
0.0625 0.875 0.298645
0.0625 0.8125 0.252152
0.0625 0.75 0.210179
0.125 0.75 0.159323
0.125 0.8125 0.207125
0.0625 0.8125 0.252152
0.125 1 0.366411
0.125 0.875 0.258045
0.25 0.875 0.19489
0.25 1 0.308711
0.125 1 0.366411
0.125 0.875 0.258045
0.125 0.8125 0.207125
0.1875 0.8125 0.168253
0.1875 0.875 0.22339
0.125 0.875 0.258045
0.125 0.8125 0.207125
0.125 0.75 0.159323
0.1875 0.75 0.115654
0.1875 0.8125 0.168253
0.125 0.8125 0.207125
0.1875 0.875 0.22339
0.1875 0.8125 0.168253
0.25 0.8125 0.138119
0.25 0.875 0.19489
0.1875 0.875 0.22339
0.1875 0.8125 0.168253
0.1875 0.78125 0.141677
0.21875 0.78125 0.124723
0.21875 0.8125 0.152401
0.1875 0.8125 0.168253
0.1875 0.78125 0.141677
0.1875 0.75 0.115654
0.21875 0.75 0.0974695
0.21875 0.78125 0.124723
0.1875 0.78125 0.141677
0.21875 0.8125 0.152401
0.21875 0.78125 0.124723
0.25 0.78125 0.109893
0.25 0.8125 0.138119
0.21875 0.8125 0.152401
0.21875 0.78125 0.124723
0.21875 0.75 0.0974695
0.25 0.75 0.0817993
0.25 0.78125 0.109893
0.21875 0.78125 0.124723
0 0.75 0.265754
0 0.6875 0.234166
0.0625 0.6875 0.174433
0.0625 0.75 0.210179
0 0.75 0.265754
0 0.6875 0.234166
0 0.625 0.211499
0.0625 0.625 0.149042
0.0625 0.6875 0.174433
0 0.6875 0.234166
0.0625 0.75 0.210179
0.0625 0.6875 0.174433
0.125 0.6875 0.118844
0.125 0.75 0.159323
0.0625 0.75 0.210179
0.0625 0.6875 0.174433
0.0625 0.65625 0.160364
0.09375 0.65625 0.130992
0.09375 0.6875 0.146325
0.0625 0.6875 0.174433
0.0625 0.65625 0.160364
0.0625 0.625 0.149042
0.09375 0.625 0.11857
0.09375 0.65625 0.130992
0.0625 0.65625 0.160364
0.09375 0.6875 0.146325
0.09375 0.65625 0.130992
0.125 0.65625 0.101988
0.125 0.6875 0.118844
0.09375 0.6875 0.146325
0.09375 0.65625 0.130992
0.09375 0.625 0.11857
0.125 0.625 0.0882299
0.125 0.65625 0.101988
0.09375 0.65625 0.130992
0 0.625 0.211499
0 0.5625 0.203178
0.0625 0.5625 0.140756
0.0625 0.625 0.149042
0 0.625 0.211499
0 0.5625 0.203178
0 0.5 0.214068
0.0625 0.5 0.153554
0.0625 0.5625 0.140756
0 0.5625 0.203178
0.0625 0.625 0.149042
0.0625 0.59375 0.140985
0.09375 0.59375 0.109747
0.09375 0.625 0.11857
0.0625 0.625 0.149042
0.0625 0.59375 0.140985
0.0625 0.5625 0.140756
0.09375 0.5625 0.109661
0.09375 0.59375 0.109747
0.0625 0.59375 0.140985
0.09375 0.625 0.11857
0.09375 0.59375 0.109747
0.125 0.59375 0.078512
0.125 0.625 0.0882299
0.09375 0.625 0.11857
0.09375 0.59375 0.109747
0.09375 0.5625 0.109661
0.125 0.5625 0.0785711
0.125 0.59375 0.078512
0.09375 0.59375 0.109747
0.0625 0.5625 0.140756
0.0625 0.53125 0.14542
0.09375 0.53125 0.11496
0.09375 0.5625 0.109661
0.0625 0.5625 0.140756
0.0625 0.53125 0.14542
0.0625 0.5 0.153554
0.09375 0.5 0.123783
0.09375 0.53125 0.11496
0.0625 0.53125 0.14542
0.09375 0.5625 0.109661
0.09375 0.53125 0.11496
0.125 0.53125 0.0846312
0.125 0.5625 0.0785711
0.09375 0.5625 0.109661
0.09375 0.53125 0.11496
0.09375 0.5 0.123783
0.125 0.5 0.0941912
0.125 0.53125 0.0846312
0.09375 0.53125 0.11496
0.125 0.75 0.159323
0.125 0.71875 0.138121
0.15625 0.71875 0.113606
0.15625 0.75 0.136594
0.125 0.75 0.159323
0.125 0.71875 0.138121
0.125 0.6875 0.118844
0.15625 0.6875 0.0924029
0.15625 0.71875 0.113606
0.125 0.71875 0.138121
0.15625 0.75 0.136594
0.15625 0.71875 0.113606
0.1875 0.71875 0.0907789
0.1875 0.75 0.115654
0.15625 0.75 0.136594
0.15625 0.71875 0.113606
0.15625 0.6875 0.0924029
0.1875 0.6875 0.0673261
0.1875 0.71875 0.0907789
0.15625 0.71875 0.113606
0.125 0.6875 0.118844
0.125 0.65625 0.101988
0.15625 0.65625 0.0735785
0.15625 0.6875 0.0924029
0.125 0.6875 0.118844
0.125 0.65625 0.101988
0.125 0.625 0.0882299
0.15625 0.625 0.058054
0.15625 0.65625 0.0735785
0.125 0.65625 0.101988
0.15625 0.6875 0.0924029
0.15625 0.65625 0.0735785
0.1875 0.65625 0.0460234
0.1875 0.6875 0.0673261
0.15625 0.6875 0.0924029
0.15625 0.65625 0.0735785
0.15625 0.625 0.058054
0.1875 0.625 0.028051
0.1875 0.65625 0.0460234
0.15625 0.65625 0.0735785
0.1875 0.75 0.115654
0.1875 0.71875 0.0907789
0.21875 0.71875 0.0706801
0.21875 0.75 0.0974695
0.1875 0.75 0.115654
0.1875 0.71875 0.0907789
0.1875 0.6875 0.0673261
0.21875 0.6875 0.0447671
0.21875 0.71875 0.0706801
0.1875 0.71875 0.0907789
0.21875 0.75 0.0974695
0.21875 0.71875 0.0706801
0.25 0.71875 0.0538942
0.25 0.75 0.0817993
0.21875 0.75 0.0974695
0.21875 0.71875 0.0706801
0.21875 0.6875 0.0447671
0.25 0.6875 0.0262768
0.25 0.71875 0.0538942
0.21875 0.71875 0.0706801
0.1875 0.6875 0.0673261
0.1875 0.65625 0.0460234
0.21875 0.65625 0.0202421
0.21875 0.6875 0.0447671
0.1875 0.6875 0.0673261
0.1875 0.65625 0.0460234
0.1875 0.625 0.028051
0.21875 0.625 -0.00138537
0.21875 0.65625 0.0202421
0.1875 0.65625 0.0460234
0.21875 0.6875 0.0447671
0.21875 0.65625 0.0202421
0.25 0.65625 -0.000853344
0.25 0.6875 0.0262768
0.21875 0.6875 0.0447671
0.21875 0.65625 0.0202421
0.21875 0.625 -0.00138537
0.25 0.625 -0.0252641
0.25 0.65625 -0.000853344
0.21875 0.65625 0.0202421
0.125 0.625 0.0882299
0.125 0.59375 0.078512
0.15625 0.59375 0.0472699
0.15625 0.625 0.058054
0.125 0.625 0.0882299
0.125 0.59375 0.078512
0.125 0.5625 0.0785711
0.15625 0.5625 0.0474976
0.15625 0.59375 0.0472699
0.125 0.59375 0.078512
0.15625 0.625 0.058054
0.15625 0.59375 0.0472699
0.1875 0.59375 0.0160232
0.1875 0.625 0.028051
0.15625 0.625 0.058054
0.15625 0.59375 0.0472699
0.15625 0.5625 0.0474976
0.1875 0.5625 0.0164862
0.1875 0.59375 0.0160232
0.15625 0.59375 0.0472699
0.125 0.5625 0.0785711
0.125 0.53125 0.0846312
0.15625 0.53125 0.0544902
0.15625 0.5625 0.0474976
0.125 0.5625 0.0785711
0.125 0.53125 0.0846312
0.125 0.5 0.0941912
0.15625 0.5 0.06489
0.15625 0.53125 0.0544902
0.125 0.53125 0.0846312
0.15625 0.5625 0.0474976
0.15625 0.53125 0.0544902
0.1875 0.53125 0.0245929
0.1875 0.5625 0.0164862
0.15625 0.5625 0.0474976
0.15625 0.53125 0.0544902
0.15625 0.5 0.06489
0.1875 0.5 0.0358192
0.1875 0.53125 0.0245929
0.15625 0.53125 0.0544902
0.1875 0.625 0.028051
0.1875 0.59375 0.0160232
0.21875 0.59375 -0.0145798
0.21875 0.625 -0.00138537
0.1875 0.625 0.028051
0.1875 0.59375 0.0160232
0.1875 0.5625 0.0164862
0.21875 0.5625 -0.013757
0.21875 0.59375 -0.0145798
0.1875 0.59375 0.0160232
0.21875 0.625 -0.00138537
0.21875 0.59375 -0.0145798
0.25 0.59375 -0.0431784
0.25 0.625 -0.0252641
0.21875 0.625 -0.00138537
0.21875 0.59375 -0.0145798
0.21875 0.5625 -0.013757
0.25 0.5625 -0.0431666
0.25 0.59375 -0.0431784
0.21875 0.59375 -0.0145798
0.1875 0.5625 0.0164862
0.1875 0.53125 0.0245929
0.21875 0.53125 -0.00485559
0.21875 0.5625 -0.013757
0.1875 0.5625 0.0164862
0.1875 0.53125 0.0245929
0.1875 0.5 0.0358192
0.21875 0.5 0.00697378
0.21875 0.53125 -0.00485559
0.1875 0.53125 0.0245929
0.21875 0.5625 -0.013757
0.21875 0.53125 -0.00485559
0.25 0.53125 -0.0336183
0.25 0.5625 -0.0431666
0.21875 0.5625 -0.013757
0.21875 0.53125 -0.00485559
0.21875 0.5 0.00697378
0.25 0.5 -0.0216575
0.25 0.53125 -0.0336183
0.21875 0.53125 -0.00485559
0.25 1 0.308711
0.25 0.9375 0.251763
0.3125 0.9375 0.226051
0.3125 1 0.28328
0.25 1 0.308711
0.25 0.9375 0.251763
0.25 0.875 0.19489
0.3125 0.875 0.168921
0.3125 0.9375 0.226051
0.25 0.9375 0.251763
0.3125 1 0.28328
0.3125 0.9375 0.226051
0.375 0.9375 0.200863
0.375 1 0.258487
0.3125 1 0.28328
0.3125 0.9375 0.226051
0.3125 0.875 0.168921
0.375 0.875 0.143416
0.375 0.9375 0.200863
0.3125 0.9375 0.226051
0.25 0.875 0.19489
0.25 0.8125 0.138119
0.3125 0.8125 0.111901
0.3125 0.875 0.168921
0.25 0.875 0.19489
0.25 0.8125 0.138119
0.25 0.78125 0.109893
0.28125 0.78125 0.0963675
0.28125 0.8125 0.124806
0.25 0.8125 0.138119
0.25 0.78125 0.109893
0.25 0.75 0.0817993
0.28125 0.75 0.0679513
0.28125 0.78125 0.0963675
0.25 0.78125 0.109893
0.28125 0.8125 0.124806
0.28125 0.78125 0.0963675
0.3125 0.78125 0.0834011
0.3125 0.8125 0.111901
0.28125 0.8125 0.124806
0.28125 0.78125 0.0963675
0.28125 0.75 0.0679513
0.3125 0.75 0.0549075
0.3125 0.78125 0.0834011
0.28125 0.78125 0.0963675
0.3125 0.875 0.168921
0.3125 0.84375 0.140406
0.34375 0.84375 0.12761
0.34375 0.875 0.156148
0.3125 0.875 0.168921
0.3125 0.84375 0.140406
0.3125 0.8125 0.111901
0.34375 0.8125 0.0990895
0.34375 0.84375 0.12761
0.3125 0.84375 0.140406
0.34375 0.875 0.156148
0.34375 0.84375 0.12761
0.375 0.84375 0.114845
0.375 0.875 0.143416
0.34375 0.875 0.156148
0.34375 0.84375 0.12761
0.34375 0.8125 0.0990895
0.375 0.8125 0.0863051
0.375 0.84375 0.114845
0.34375 0.84375 0.12761
0.3125 0.8125 0.111901
0.3125 0.78125 0.0834011
0.34375 0.78125 0.0705769
0.34375 0.8125 0.0990895
0.3125 0.8125 0.111901
0.3125 0.78125 0.0834011
0.3125 0.75 0.0549075
0.34375 0.75 0.0420691
0.34375 0.78125 0.0705769
0.3125 0.78125 0.0834011
0.34375 0.8125 0.0990895
0.34375 0.78125 0.0705769
0.375 0.78125 0.0577806
0.375 0.8125 0.0863051
0.34375 0.8125 0.0990895
0.34375 0.78125 0.0705769
0.34375 0.75 0.0420691
0.375 0.75 0.0292659
0.375 0.78125 0.0577806
0.34375 0.78125 0.0705769
0.375 1 0.258487
0.375 0.9375 0.200863
0.4375 0.9375 0.176423
0.4375 1 0.234916
0.375 1 0.258487
0.375 0.9375 0.200863
0.375 0.875 0.143416
0.4375 0.875 0.11827
0.4375 0.9375 0.176423
0.375 0.9375 0.200863
0.4375 1 0.234916
0.4375 0.9375 0.176423
0.5 0.9375 0.154281
0.5 1 0.214583
0.4375 1 0.234916
0.4375 0.9375 0.176423
0.4375 0.875 0.11827
0.5 0.875 0.0947676
0.5 0.9375 0.154281
0.4375 0.9375 0.176423
0.375 0.875 0.143416
0.375 0.84375 0.114845
0.40625 0.84375 0.102123
0.40625 0.875 0.130758
0.375 0.875 0.143416
0.375 0.84375 0.114845
0.375 0.8125 0.0863051
0.40625 0.8125 0.0735423
0.40625 0.84375 0.102123
0.375 0.84375 0.114845
0.40625 0.875 0.130758
0.40625 0.84375 0.102123
0.4375 0.84375 0.0895012
0.4375 0.875 0.11827
0.40625 0.875 0.130758
0.40625 0.84375 0.102123
0.40625 0.8125 0.0735423
0.4375 0.8125 0.060832
0.4375 0.84375 0.0895012
0.40625 0.84375 0.102123
0.375 0.8125 0.0863051
0.375 0.78125 0.0577806
0.40625 0.78125 0.0449982
0.40625 0.8125 0.0735423
0.375 0.8125 0.0863051
0.375 0.78125 0.0577806
0.375 0.75 0.0292659
0.40625 0.75 0.0164712
0.40625 0.78125 0.0449982
0.375 0.78125 0.0577806
0.40625 0.8125 0.0735423
0.40625 0.78125 0.0449982
0.4375 0.78125 0.0322326
0.4375 0.8125 0.060832
0.40625 0.8125 0.0735423
0.40625 0.78125 0.0449982
0.40625 0.75 0.0164712
0.4375 0.75 0.00368242
0.4375 0.78125 0.0322326
0.40625 0.78125 0.0449982
0.4375 0.875 0.11827
0.4375 0.84375 0.0895012
0.46875 0.84375 0.077115
0.46875 0.875 0.106142
0.4375 0.875 0.11827
0.4375 0.84375 0.0895012
0.4375 0.8125 0.060832
0.46875 0.8125 0.0482498
0.46875 0.84375 0.077115
0.4375 0.84375 0.0895012
0.46875 0.875 0.106142
0.46875 0.84375 0.077115
0.5 0.84375 0.0652944
0.5 0.875 0.0947676
0.46875 0.875 0.106142
0.46875 0.84375 0.077115
0.46875 0.8125 0.0482498
0.5 0.8125 0.0360228
0.5 0.84375 0.0652944
0.46875 0.84375 0.077115
0.4375 0.8125 0.060832
0.4375 0.78125 0.0322326
0.46875 0.78125 0.0195082
0.46875 0.8125 0.0482498
0.4375 0.8125 0.060832
0.4375 0.78125 0.0322326
0.4375 0.75 0.00368242
0.46875 0.75 -0.0090733
0.46875 0.78125 0.0195082
0.4375 0.78125 0.0322326
0.46875 0.8125 0.0482498
0.46875 0.78125 0.0195082
0.5 0.78125 0.00696062
0.5 0.8125 0.0360228
0.46875 0.8125 0.0482498
0.46875 0.78125 0.0195082
0.46875 0.75 -0.0090733
0.5 0.75 -0.0217066
0.5 0.78125 0.00696062
0.46875 0.78125 0.0195082
0.25 0.75 0.0817993
0.25 0.71875 0.0538942
0.28125 0.71875 0.0395829
0.28125 0.75 0.0679513
0.25 0.75 0.0817993
0.25 0.71875 0.0538942
0.25 0.6875 0.0262768
0.28125 0.6875 0.0112783
0.28125 0.71875 0.0395829
0.25 0.71875 0.0538942
0.28125 0.75 0.0679513
0.28125 0.71875 0.0395829
0.3125 0.71875 0.0264208
0.3125 0.75 0.0549075
0.28125 0.75 0.0679513
0.28125 0.71875 0.0395829
0.28125 0.6875 0.0112783
0.3125 0.6875 -0.00205163
0.3125 0.71875 0.0264208
0.28125 0.71875 0.0395829
0.25 0.6875 0.0262768
0.25 0.65625 -0.000853344
0.28125 0.65625 -0.0166164
0.28125 0.6875 0.0112783
0.25 0.6875 0.0262768
0.25 0.65625 -0.000853344
0.25 0.625 -0.0252641
0.28125 0.625 -0.0435808
0.28125 0.65625 -0.0166164
0.25 0.65625 -0.000853344
0.28125 0.6875 0.0112783
0.28125 0.65625 -0.0166164
0.3125 0.65625 -0.0303671
0.3125 0.6875 -0.00205163
0.28125 0.6875 0.0112783
0.28125 0.65625 -0.0166164
0.28125 0.625 -0.0435808
0.3125 0.625 -0.0583997
0.3125 0.65625 -0.0303671
0.28125 0.65625 -0.0166164
0.3125 0.75 0.0549075
0.3125 0.71875 0.0264208
0.34375 0.71875 0.0135633
0.34375 0.75 0.0420691
0.3125 0.75 0.0549075
0.3125 0.71875 0.0264208
0.3125 0.6875 -0.00205163
0.34375 0.6875 -0.0149326
0.34375 0.71875 0.0135633
0.3125 0.71875 0.0264208
0.34375 0.75 0.0420691
0.34375 0.71875 0.0135633
0.375 0.71875 0.000754888
0.375 0.75 0.0292659
0.34375 0.75 0.0420691
0.34375 0.71875 0.0135633
0.34375 0.6875 -0.0149326
0.375 0.6875 -0.0277515
0.375 0.71875 0.000754888
0.34375 0.71875 0.0135633
0.3125 0.6875 -0.00205163
0.3125 0.65625 -0.0303671
0.34375 0.65625 -0.0433944
0.34375 0.6875 -0.0149326
0.3125 0.6875 -0.00205163
0.3125 0.65625 -0.0303671
0.3125 0.625 -0.0583997
0.34375 0.625 -0.0717773
0.34375 0.65625 -0.0433944
0.3125 0.65625 -0.0303671
0.34375 0.6875 -0.0149326
0.34375 0.65625 -0.0433944
0.375 0.65625 -0.0562495
0.375 0.6875 -0.0277515
0.34375 0.6875 -0.0149326
0.34375 0.65625 -0.0433944
0.34375 0.625 -0.0717773
0.375 0.625 -0.0847271
0.375 0.65625 -0.0562495
0.34375 0.65625 -0.0433944
0.25 0.625 -0.0252641
0.25 0.59375 -0.0431784
0.28125 0.59375 -0.0673733
0.28125 0.625 -0.0435808
0.25 0.625 -0.0252641
0.25 0.59375 -0.0431784
0.25 0.5625 -0.0431666
0.28125 0.5625 -0.0724467
0.28125 0.59375 -0.0673733
0.25 0.59375 -0.0431784
0.28125 0.625 -0.0435808
0.28125 0.59375 -0.0673733
0.3125 0.59375 -0.0855314
0.3125 0.625 -0.0583997
0.28125 0.625 -0.0435808
0.28125 0.59375 -0.0673733
0.28125 0.5625 -0.0724467
0.3125 0.5625 -0.101611
0.3125 0.59375 -0.0855314
0.28125 0.59375 -0.0673733
0.25 0.5625 -0.0431666
0.25 0.53125 -0.0336183
0.28125 0.53125 -0.062335
0.28125 0.5625 -0.0724467
0.25 0.5625 -0.0431666
0.25 0.53125 -0.0336183
0.25 0.5 -0.0216575
0.28125 0.5 -0.0502186
0.28125 0.53125 -0.062335
0.25 0.53125 -0.0336183
0.28125 0.5625 -0.0724467
0.28125 0.53125 -0.062335
0.3125 0.53125 -0.0910162
0.3125 0.5625 -0.101611
0.28125 0.5625 -0.0724467
0.28125 0.53125 -0.062335
0.28125 0.5 -0.0502186
0.3125 0.5 -0.0787702
0.3125 0.53125 -0.0910162
0.28125 0.53125 -0.062335
0.3125 0.625 -0.0583997
0.3125 0.59375 -0.0855314
0.34375 0.59375 -0.09993
0.34375 0.625 -0.0717773
0.3125 0.625 -0.0583997
0.3125 0.59375 -0.0855314
0.3125 0.5625 -0.101611
0.34375 0.5625 -0.125024
0.34375 0.59375 -0.09993
0.3125 0.59375 -0.0855314
0.34375 0.625 -0.0717773
0.34375 0.59375 -0.09993
0.375 0.59375 -0.113147
0.375 0.625 -0.0847271
0.34375 0.625 -0.0717773
0.34375 0.59375 -0.09993
0.34375 0.5625 -0.125024
0.375 0.5625 -0.141003
0.375 0.59375 -0.113147
0.34375 0.59375 -0.09993
0.3125 0.5625 -0.101611
0.3125 0.53125 -0.0910162
0.34375 0.53125 -0.119668
0.34375 0.5625 -0.125024
0.3125 0.5625 -0.101611
0.3125 0.53125 -0.0910162
0.3125 0.5 -0.0787702
0.34375 0.5 -0.107312
0.34375 0.53125 -0.119668
0.3125 0.53125 -0.0910162
0.34375 0.5625 -0.125024
0.34375 0.53125 -0.119668
0.375 0.53125 -0.148277
0.375 0.5625 -0.141003
0.34375 0.5625 -0.125024
0.34375 0.53125 -0.119668
0.34375 0.5 -0.107312
0.375 0.5 -0.13584
0.375 0.53125 -0.148277
0.34375 0.53125 -0.119668
0.375 0.75 0.0292659
0.375 0.71875 0.000754888
0.40625 0.71875 -0.0120409
0.40625 0.75 0.0164712
0.375 0.75 0.0292659
0.375 0.71875 0.000754888
0.375 0.6875 -0.0277515
0.40625 0.6875 -0.0405514
0.40625 0.71875 -0.0120409
0.375 0.71875 0.000754888
0.40625 0.75 0.0164712
0.40625 0.71875 -0.0120409
0.4375 0.71875 -0.0248322
0.4375 0.75 0.00368242
0.40625 0.75 0.0164712
0.40625 0.71875 -0.0120409
0.40625 0.6875 -0.0405514
0.4375 0.6875 -0.053345
0.4375 0.71875 -0.0248322
0.40625 0.71875 -0.0120409
0.375 0.6875 -0.0277515
0.375 0.65625 -0.0562495
0.40625 0.65625 -0.0690593
0.40625 0.6875 -0.0405514
0.375 0.6875 -0.0277515
0.375 0.65625 -0.0562495
0.375 0.625 -0.0847271
0.40625 0.625 -0.0975616
0.40625 0.65625 -0.0690593
0.375 0.65625 -0.0562495
0.40625 0.6875 -0.0405514
0.40625 0.65625 -0.0690593
0.4375 0.65625 -0.0818572
0.4375 0.6875 -0.053345
0.40625 0.6875 -0.0405514
0.40625 0.65625 -0.0690593
0.40625 0.625 -0.0975616
0.4375 0.625 -0.110367
0.4375 0.65625 -0.0818572
0.40625 0.65625 -0.0690593
0.4375 0.75 0.00368242
0.4375 0.71875 -0.0248322
0.46875 0.71875 -0.037603
0.46875 0.75 -0.0090733
0.4375 0.75 0.00368242
0.4375 0.71875 -0.0248322
0.4375 0.6875 -0.053345
0.46875 0.6875 -0.0661252
0.46875 0.71875 -0.037603
0.4375 0.71875 -0.0248322
0.46875 0.75 -0.0090733
0.46875 0.71875 -0.037603
0.5 0.71875 -0.0502951
0.5 0.75 -0.0217066
0.46875 0.75 -0.0090733
0.46875 0.71875 -0.037603
0.46875 0.6875 -0.0661252
0.5 0.6875 -0.0788545
0.5 0.71875 -0.0502951
0.46875 0.71875 -0.037603
0.4375 0.6875 -0.053345
0.4375 0.65625 -0.0818572
0.46875 0.65625 -0.0946436
0.46875 0.6875 -0.0661252
0.4375 0.6875 -0.053345
0.4375 0.65625 -0.0818572
0.4375 0.625 -0.110367
0.46875 0.625 -0.123159
0.46875 0.65625 -0.0946436
0.4375 0.65625 -0.0818572
0.46875 0.6875 -0.0661252
0.46875 0.65625 -0.0946436
0.5 0.65625 -0.107398
0.5 0.6875 -0.0788545
0.46875 0.6875 -0.0661252
0.46875 0.65625 -0.0946436
0.46875 0.625 -0.123159
0.5 0.625 -0.135926
0.5 0.65625 -0.107398
0.46875 0.65625 -0.0946436
0.375 0.625 -0.0847271
0.375 0.59375 -0.113147
0.40625 0.59375 -0.12605
0.40625 0.625 -0.0975616
0.375 0.625 -0.0847271
0.375 0.59375 -0.113147
0.375 0.5625 -0.141003
0.40625 0.5625 -0.154436
0.40625 0.59375 -0.12605
0.375 0.59375 -0.113147
0.40625 0.625 -0.0975616
0.40625 0.59375 -0.12605
0.4375 0.59375 -0.138872
0.4375 0.625 -0.110367
0.40625 0.625 -0.0975616
0.40625 0.59375 -0.12605
0.40625 0.5625 -0.154436
0.4375 0.5625 -0.167354
0.4375 0.59375 -0.138872
0.40625 0.59375 -0.12605
0.375 0.5625 -0.141003
0.375 0.5 -0.13584
0.4375 0.5 -0.19252
0.4375 0.5625 -0.167354
0.375 0.5625 -0.141003
0.4375 0.625 -0.110367
0.4375 0.5625 -0.167354
0.5 0.5625 -0.192987
0.5 0.625 -0.135926
0.4375 0.625 -0.110367
0.4375 0.5625 -0.167354
0.4375 0.5 -0.19252
0.5 0.5 -0.231022
0.5 0.5625 -0.192987
0.4375 0.5625 -0.167354
0 0.5 0.214068
0 0.4375 0.234123
0.0625 0.4375 0.175618
0.0625 0.5 0.153554
0 0.5 0.214068
0 0.4375 0.234123
0 0.375 0.25798
0.0625 0.375 0.200471
0.0625 0.4375 0.175618
0 0.4375 0.234123
0.0625 0.5 0.153554
0.0625 0.4375 0.175618
0.125 0.4375 0.11796
0.125 0.5 0.0941912
0.0625 0.5 0.153554
0.0625 0.4375 0.175618
0.0625 0.375 0.200471
0.125 0.375 0.143323
0.125 0.4375 0.11796
0.0625 0.4375 0.175618
0 0.375 0.25798
0 0.3125 0.283062
0.0625 0.3125 0.225916
0.0625 0.375 0.200471
0 0.375 0.25798
0 0.3125 0.283062
0 0.25 0.308601
0.0625 0.25 0.25166
0.0625 0.3125 0.225916
0 0.3125 0.283062
0.0625 0.375 0.200471
0.0625 0.3125 0.225916
0.125 0.3125 0.168909
0.125 0.375 0.143323
0.0625 0.375 0.200471
0.0625 0.3125 0.225916
0.0625 0.25 0.25166
0.125 0.25 0.194833
0.125 0.3125 0.168909
0.0625 0.3125 0.225916
0.125 0.5 0.0941912
0.125 0.46875 0.105664
0.15625 0.46875 0.0768281
0.15625 0.5 0.06489
0.125 0.5 0.0941912
0.125 0.46875 0.105664
0.125 0.4375 0.11796
0.15625 0.4375 0.0893297
0.15625 0.46875 0.0768281
0.125 0.46875 0.105664
0.15625 0.5 0.06489
0.15625 0.46875 0.0768281
0.1875 0.46875 0.0481136
0.1875 0.5 0.0358192
0.15625 0.5 0.06489
0.15625 0.46875 0.0768281
0.15625 0.4375 0.0893297
0.1875 0.4375 0.0607512
0.1875 0.46875 0.0481136
0.15625 0.46875 0.0768281
0.125 0.4375 0.11796
0.125 0.40625 0.130584
0.15625 0.40625 0.102033
0.15625 0.4375 0.0893297
0.125 0.4375 0.11796
0.125 0.40625 0.130584
0.125 0.375 0.143323
0.15625 0.375 0.1148
0.15625 0.40625 0.102033
0.125 0.40625 0.130584
0.15625 0.4375 0.0893297
0.15625 0.40625 0.102033
0.1875 0.40625 0.0735022
0.1875 0.4375 0.0607512
0.15625 0.4375 0.0893297
0.15625 0.40625 0.102033
0.15625 0.375 0.1148
0.1875 0.375 0.0862847
0.1875 0.40625 0.0735022
0.15625 0.40625 0.102033
0.1875 0.5 0.0358192
0.1875 0.46875 0.0481136
0.21875 0.46875 0.0194892
0.21875 0.5 0.00697378
0.1875 0.5 0.0358192
0.1875 0.46875 0.0481136
0.1875 0.4375 0.0607512
0.21875 0.4375 0.0322057
0.21875 0.46875 0.0194892
0.1875 0.46875 0.0481136
0.21875 0.5 0.00697378
0.21875 0.46875 0.0194892
0.25 0.46875 -0.00907316
0.25 0.5 -0.0216575
0.21875 0.5 0.00697378
0.21875 0.46875 0.0194892
0.21875 0.4375 0.0322057
0.25 0.4375 0.00367956
0.25 0.46875 -0.00907316
0.21875 0.46875 0.0194892
0.1875 0.4375 0.0607512
0.1875 0.40625 0.0735022
0.21875 0.40625 0.0449823
0.21875 0.4375 0.0322057
0.1875 0.4375 0.0607512
0.1875 0.40625 0.0735022
0.1875 0.375 0.0862847
0.21875 0.375 0.0577742
0.21875 0.40625 0.0449823
0.1875 0.40625 0.0735022
0.21875 0.4375 0.0322057
0.21875 0.40625 0.0449823
0.25 0.40625 0.0164689
0.25 0.4375 0.00367956
0.21875 0.4375 0.0322057
0.21875 0.40625 0.0449823
0.21875 0.375 0.0577742
0.25 0.375 0.029266
0.25 0.40625 0.0164689
0.21875 0.40625 0.0449823
0.125 0.375 0.143323
0.125 0.34375 0.156101
0.15625 0.34375 0.127592
0.15625 0.375 0.1148
0.125 0.375 0.143323
0.125 0.34375 0.156101
0.125 0.3125 0.168909
0.15625 0.3125 0.140414
0.15625 0.34375 0.127592
0.125 0.34375 0.156101
0.15625 0.375 0.1148
0.15625 0.34375 0.127592
0.1875 0.34375 0.0990872
0.1875 0.375 0.0862847
0.15625 0.375 0.1148
0.15625 0.34375 0.127592
0.15625 0.3125 0.140414
0.1875 0.3125 0.111927
0.1875 0.34375 0.0990872
0.15625 0.34375 0.127592
0.125 0.3125 0.168909
0.125 0.25 0.194833
0.1875 0.25 0.138119
0.1875 0.3125 0.111927
0.125 0.3125 0.168909
0.1875 0.375 0.0862847
0.1875 0.34375 0.0990872
0.21875 0.34375 0.0705866
0.21875 0.375 0.0577742
0.1875 0.375 0.0862847
0.1875 0.34375 0.0990872
0.1875 0.3125 0.111927
0.21875 0.3125 0.0834514
0.21875 0.34375 0.0705866
0.1875 0.34375 0.0990872
0.21875 0.375 0.0577742
0.21875 0.34375 0.0705866
0.25 0.34375 0.0420914
0.25 0.375 0.029266
0.21875 0.375 0.0577742
0.21875 0.34375 0.0705866
0.21875 0.3125 0.0834514
0.25 0.3125 0.0549936
0.25 0.34375 0.0420914
0.21875 0.34375 0.0705866
0.1875 0.3125 0.111927
0.1875 0.28125 0.124882
0.21875 0.28125 0.0964825
0.21875 0.3125 0.0834514
0.1875 0.3125 0.111927
0.1875 0.28125 0.124882
0.1875 0.25 0.138119
0.21875 0.25 0.109951
0.21875 0.28125 0.0964825
0.1875 0.28125 0.124882
0.21875 0.3125 0.0834514
0.21875 0.28125 0.0964825
0.25 0.28125 0.06816
0.25 0.3125 0.0549936
0.21875 0.3125 0.0834514
0.21875 0.28125 0.0964825
0.21875 0.25 0.109951
0.25 0.25 0.0819574
0.25 0.28125 0.06816
0.21875 0.28125 0.0964825
0 0.25 0.308601
0 0.125 0.36392
0.125 0.125 0.253264
0.125 0.25 0.194833
0 0.25 0.308601
0 0.125 0.36392
0 0 0.434909
0.125 0 0.332034
0.125 0.125 0.253264
0 0.125 0.36392
0.125 0.25 0.194833
0.125 0.1875 0.222332
0.1875 0.1875 0.166805
0.1875 0.25 0.138119
0.125 0.25 0.194833
0.125 0.1875 0.222332
0.125 0.125 0.253264
0.1875 0.125 0.201014
0.1875 0.1875 0.166805
0.125 0.1875 0.222332
0.1875 0.25 0.138119
0.1875 0.21875 0.151977
0.21875 0.21875 0.124261
0.21875 0.25 0.109951
0.1875 0.25 0.138119
0.1875 0.21875 0.151977
0.1875 0.1875 0.166805
0.21875 0.1875 0.139878
0.21875 0.21875 0.124261
0.1875 0.21875 0.151977
0.21875 0.25 0.109951
0.21875 0.21875 0.124261
0.25 0.21875 0.096911
0.25 0.25 0.0819574
0.21875 0.25 0.109951
0.21875 0.21875 0.124261
0.21875 0.1875 0.139878
0.25 0.1875 0.113527
0.25 0.21875 0.096911
0.21875 0.21875 0.124261
0.1875 0.1875 0.166805
0.1875 0.125 0.201014
0.25 0.125 0.153019
0.25 0.1875 0.113527
0.1875 0.1875 0.166805
0.125 0.125 0.253264
0.125 0.0625 0.288996
0.1875 0.0625 0.241431
0.1875 0.125 0.201014
0.125 0.125 0.253264
0.125 0.0625 0.288996
0.125 0 0.332034
0.1875 0 0.289563
0.1875 0.0625 0.241431
0.125 0.0625 0.288996
0.1875 0.125 0.201014
0.1875 0.0625 0.241431
0.25 0.0625 0.199495
0.25 0.125 0.153019
0.1875 0.125 0.201014
0.1875 0.0625 0.241431
0.1875 0 0.289563
0.25 0 0.252597
0.25 0.0625 0.199495
0.1875 0.0625 0.241431
0.25 0.5 -0.0216575
0.25 0.46875 -0.00907316
0.28125 0.46875 -0.037594
0.28125 0.5 -0.0502186
0.25 0.5 -0.0216575
0.25 0.46875 -0.00907316
0.25 0.4375 0.00367956
0.28125 0.4375 -0.0248345
0.28125 0.46875 -0.037594
0.25 0.46875 -0.00907316
0.28125 0.5 -0.0502186
0.28125 0.46875 -0.037594
0.3125 0.46875 -0.0661108
0.3125 0.5 -0.0787702
0.28125 0.5 -0.0502186
0.28125 0.46875 -0.037594
0.28125 0.4375 -0.0248345
0.3125 0.4375 -0.0533407
0.3125 0.46875 -0.0661108
0.28125 0.46875 -0.037594
0.25 0.4375 0.00367956
0.25 0.40625 0.0164689
0.28125 0.40625 -0.0120407
0.28125 0.4375 -0.0248345
0.25 0.4375 0.00367956
0.25 0.40625 0.0164689
0.25 0.375 0.029266
0.28125 0.375 0.000758492
0.28125 0.40625 -0.0120407
0.25 0.40625 0.0164689
0.28125 0.4375 -0.0248345
0.28125 0.40625 -0.0120407
0.3125 0.40625 -0.0405385
0.3125 0.4375 -0.0533407
0.28125 0.4375 -0.0248345
0.28125 0.40625 -0.0120407
0.28125 0.375 0.000758492
0.3125 0.375 -0.0277136
0.3125 0.40625 -0.0405385
0.28125 0.40625 -0.0120407
0.3125 0.5 -0.0787702
0.3125 0.46875 -0.0661108
0.34375 0.46875 -0.09462
0.34375 0.5 -0.107312
0.3125 0.5 -0.0787702
0.3125 0.46875 -0.0661108
0.3125 0.4375 -0.0533407
0.34375 0.4375 -0.0818337
0.34375 0.46875 -0.09462
0.3125 0.46875 -0.0661108
0.34375 0.5 -0.107312
0.34375 0.46875 -0.09462
0.375 0.46875 -0.123112
0.375 0.5 -0.13584
0.34375 0.5 -0.107312
0.34375 0.46875 -0.09462
0.34375 0.4375 -0.0818337
0.375 0.4375 -0.110295
0.375 0.46875 -0.123112
0.34375 0.46875 -0.09462
0.3125 0.4375 -0.0533407
0.3125 0.40625 -0.0405385
0.34375 0.40625 -0.0690059
0.34375 0.4375 -0.0818337
0.3125 0.4375 -0.0533407
0.3125 0.40625 -0.0405385
0.3125 0.375 -0.0277136
0.34375 0.375 -0.0561134
0.34375 0.40625 -0.0690059
0.3125 0.40625 -0.0405385
0.34375 0.4375 -0.0818337
0.34375 0.40625 -0.0690059
0.375 0.40625 -0.0973961
0.375 0.4375 -0.110295
0.34375 0.4375 -0.0818337
0.34375 0.40625 -0.0690059
0.34375 0.375 -0.0561134
0.375 0.375 -0.0843344
0.375 0.40625 -0.0973961
0.34375 0.40625 -0.0690059
0.25 0.375 0.029266
0.25 0.34375 0.0420914
0.28125 0.34375 0.0136058
0.28125 0.375 0.000758492
0.25 0.375 0.029266
0.25 0.34375 0.0420914
0.25 0.3125 0.0549936
0.28125 0.3125 0.0265622
0.28125 0.34375 0.0136058
0.25 0.34375 0.0420914
0.28125 0.375 0.000758492
0.28125 0.34375 0.0136058
0.3125 0.34375 -0.0148252
0.3125 0.375 -0.0277136
0.28125 0.375 0.000758492
0.28125 0.34375 0.0136058
0.28125 0.3125 0.0265622
0.3125 0.3125 -0.00181847
0.3125 0.34375 -0.0148252
0.28125 0.34375 0.0136058
0.25 0.3125 0.0549936
0.25 0.28125 0.06816
0.28125 0.28125 0.039927
0.28125 0.3125 0.0265622
0.25 0.3125 0.0549936
0.25 0.28125 0.06816
0.25 0.25 0.0819574
0.28125 0.25 0.0541984
0.28125 0.28125 0.039927
0.25 0.28125 0.06816
0.28125 0.3125 0.0265622
0.28125 0.28125 0.039927
0.3125 0.28125 0.011861
0.3125 0.3125 -0.00181847
0.28125 0.3125 0.0265622
0.28125 0.28125 0.039927
0.28125 0.25 0.0541984
0.3125 0.25 0.0268369
0.3125 0.28125 0.011861
0.28125 0.28125 0.039927
0.3125 0.375 -0.0277136
0.3125 0.34375 -0.0148252
0.34375 0.34375 -0.0430707
0.34375 0.375 -0.0561134
0.3125 0.375 -0.0277136
0.3125 0.34375 -0.0148252
0.3125 0.3125 -0.00181847
0.34375 0.3125 -0.0296798
0.34375 0.34375 -0.0430707
0.3125 0.34375 -0.0148252
0.34375 0.375 -0.0561134
0.34375 0.34375 -0.0430707
0.375 0.34375 -0.0709046
0.375 0.375 -0.0843344
0.34375 0.375 -0.0561134
0.34375 0.34375 -0.0430707
0.34375 0.3125 -0.0296798
0.375 0.3125 -0.0566948
0.375 0.34375 -0.0709046
0.34375 0.34375 -0.0430707
0.3125 0.3125 -0.00181847
0.3125 0.28125 0.011861
0.34375 0.28125 -0.0154471
0.34375 0.3125 -0.0296798
0.3125 0.3125 -0.00181847
0.3125 0.28125 0.011861
0.3125 0.25 0.0268369
0.34375 0.25 7.03969e-005
0.34375 0.28125 -0.0154471
0.3125 0.28125 0.011861
0.34375 0.3125 -0.0296798
0.34375 0.28125 -0.0154471
0.375 0.28125 -0.0410095
0.375 0.3125 -0.0566948
0.34375 0.3125 -0.0296798
0.34375 0.28125 -0.0154471
0.34375 0.25 7.03969e-005
0.375 0.25 -0.0230124
0.375 0.28125 -0.0410095
0.34375 0.28125 -0.0154471
0.375 0.5 -0.13584
0.375 0.4375 -0.110295
0.4375 0.4375 -0.166763
0.4375 0.5 -0.19252
0.375 0.5 -0.13584
0.375 0.4375 -0.110295
0.375 0.40625 -0.0973961
0.40625 0.40625 -0.125587
0.40625 0.4375 -0.138673
0.375 0.4375 -0.110295
0.375 0.40625 -0.0973961
0.375 0.375 -0.0843344
0.40625 0.375 -0.112083
0.40625 0.40625 -0.125587
0.375 0.40625 -0.0973961
0.40625 0.4375 -0.138673
0.40625 0.40625 -0.125587
0.4375 0.40625 -0.153033
0.4375 0.4375 -0.166763
0.40625 0.4375 -0.138673
0.40625 0.40625 -0.125587
0.40625 0.375 -0.112083
0.4375 0.375 -0.138097
0.4375 0.40625 -0.153033
0.40625 0.40625 -0.125587
0.4375 0.5 -0.19252
0.4375 0.4375 -0.166763
0.5 0.4375 -0.192931
0.5 0.5 -0.231022
0.4375 0.5 -0.19252
0.4375 0.4375 -0.166763
0.4375 0.375 -0.138097
0.5 0.375 -0.135897
0.5 0.4375 -0.192931
0.4375 0.4375 -0.166763
0.375 0.375 -0.0843344
0.375 0.34375 -0.0709046
0.40625 0.34375 -0.0977169
0.40625 0.375 -0.112083
0.375 0.375 -0.0843344
0.375 0.34375 -0.0709046
0.375 0.3125 -0.0566948
0.40625 0.3125 -0.0816514
0.40625 0.34375 -0.0977169
0.375 0.34375 -0.0709046
0.40625 0.375 -0.112083
0.40625 0.34375 -0.0977169
0.4375 0.34375 -0.120691
0.4375 0.375 -0.138097
0.40625 0.375 -0.112083
0.40625 0.34375 -0.0977169
0.40625 0.3125 -0.0816514
0.4375 0.3125 -0.0995329
0.4375 0.34375 -0.120691
0.40625 0.34375 -0.0977169
0.375 0.3125 -0.0566948
0.375 0.28125 -0.0410095
0.40625 0.28125 -0.0629083
0.40625 0.3125 -0.0816514
0.375 0.3125 -0.0566948
0.375 0.28125 -0.0410095
0.375 0.25 -0.0230124
0.40625 0.25 -0.0406762
0.40625 0.28125 -0.0629083
0.375 0.28125 -0.0410095
0.40625 0.3125 -0.0816514
0.40625 0.28125 -0.0629083
0.4375 0.28125 -0.0734008
0.4375 0.3125 -0.0995329
0.40625 0.3125 -0.0816514
0.40625 0.28125 -0.0629083
0.40625 0.25 -0.0406762
0.4375 0.25 -0.0439961
0.4375 0.28125 -0.0734008
0.40625 0.28125 -0.0629083
0.4375 0.375 -0.138097
0.4375 0.34375 -0.120691
0.46875 0.34375 -0.119889
0.46875 0.375 -0.148426
0.4375 0.375 -0.138097
0.4375 0.34375 -0.120691
0.4375 0.3125 -0.0995329
0.46875 0.3125 -0.091246
0.46875 0.34375 -0.119889
0.4375 0.34375 -0.120691
0.46875 0.375 -0.148426
0.46875 0.34375 -0.119889
0.5 0.34375 -0.107363
0.5 0.375 -0.135897
0.46875 0.375 -0.148426
0.46875 0.34375 -0.119889
0.46875 0.3125 -0.091246
0.5 0.3125 -0.0788146
0.5 0.34375 -0.107363
0.46875 0.34375 -0.119889
0.4375 0.3125 -0.0995329
0.4375 0.28125 -0.0734008
0.46875 0.28125 -0.0625469
0.46875 0.3125 -0.091246
0.4375 0.3125 -0.0995329
0.4375 0.28125 -0.0734008
0.4375 0.25 -0.0439961
0.46875 0.25 -0.0337754
0.46875 0.28125 -0.0625469
0.4375 0.28125 -0.0734008
0.46875 0.3125 -0.091246
0.46875 0.28125 -0.0625469
0.5 0.28125 -0.0502509
0.5 0.3125 -0.0788146
0.46875 0.3125 -0.091246
0.46875 0.28125 -0.0625469
0.46875 0.25 -0.0337754
0.5 0.25 -0.021665
0.5 0.28125 -0.0502509
0.46875 0.28125 -0.0625469
0.25 0.25 0.0819574
0.25 0.21875 0.096911
0.28125 0.21875 0.0700526
0.28125 0.25 0.0541984
0.25 0.25 0.0819574
0.25 0.21875 0.096911
0.25 0.1875 0.113527
0.28125 0.1875 0.0880729
0.28125 0.21875 0.0700526
0.25 0.21875 0.096911
0.28125 0.25 0.0541984
0.28125 0.21875 0.0700526
0.3125 0.21875 0.0440298
0.3125 0.25 0.0268369
0.28125 0.25 0.0541984
0.28125 0.21875 0.0700526
0.28125 0.1875 0.0880729
0.3125 0.1875 0.0640996
0.3125 0.21875 0.0440298
0.28125 0.21875 0.0700526
0.25 0.1875 0.113527
0.25 0.15625 0.132205
0.28125 0.15625 0.108558
0.28125 0.1875 0.0880729
0.25 0.1875 0.113527
0.25 0.15625 0.132205
0.25 0.125 0.153019
0.28125 0.125 0.131288
0.28125 0.15625 0.108558
0.25 0.15625 0.132205
0.28125 0.1875 0.0880729
0.28125 0.15625 0.108558
0.3125 0.15625 0.0871626
0.3125 0.1875 0.0640996
0.28125 0.1875 0.0880729
0.28125 0.15625 0.108558
0.28125 0.125 0.131288
0.3125 0.125 0.112046
0.3125 0.15625 0.0871626
0.28125 0.15625 0.108558
0.3125 0.25 0.0268369
0.3125 0.21875 0.0440298
0.34375 0.21875 0.019385
0.34375 0.25 7.03969e-005
0.3125 0.25 0.0268369
0.3125 0.21875 0.0440298
0.3125 0.1875 0.0640996
0.34375 0.1875 0.0427102
0.34375 0.21875 0.019385
0.3125 0.21875 0.0440298
0.34375 0.25 7.03969e-005
0.34375 0.21875 0.019385
0.375 0.21875 -0.00172864
0.375 0.25 -0.0230124
0.34375 0.25 7.03969e-005
0.34375 0.21875 0.019385
0.34375 0.1875 0.0427102
0.375 0.1875 0.0253886
0.375 0.21875 -0.00172864
0.34375 0.21875 0.019385
0.3125 0.1875 0.0640996
0.3125 0.15625 0.0871626
0.34375 0.15625 0.0685306
0.34375 0.1875 0.0427102
0.3125 0.1875 0.0640996
0.3125 0.15625 0.0871626
0.3125 0.125 0.112046
0.34375 0.125 0.0958053
0.34375 0.15625 0.0685306
0.3125 0.15625 0.0871626
0.34375 0.1875 0.0427102
0.34375 0.15625 0.0685306
0.375 0.15625 0.0542602
0.375 0.1875 0.0253886
0.34375 0.1875 0.0427102
0.34375 0.15625 0.0685306
0.34375 0.125 0.0958053
0.375 0.125 0.0838783
0.375 0.15625 0.0542602
0.34375 0.15625 0.0685306
0.25 0.125 0.153019
0.25 0.0625 0.199495
0.3125 0.0625 0.16584
0.3125 0.125 0.112046
0.25 0.125 0.153019
0.25 0.0625 0.199495
0.25 0 0.252597
0.3125 0 0.223685
0.3125 0.0625 0.16584
0.25 0.0625 0.199495
0.3125 0.125 0.112046
0.3125 0.09375 0.13849
0.34375 0.09375 0.124152
0.34375 0.125 0.0958053
0.3125 0.125 0.112046
0.3125 0.09375 0.13849
0.3125 0.0625 0.16584
0.34375 0.0625 0.153091
0.34375 0.09375 0.124152
0.3125 0.09375 0.13849
0.34375 0.125 0.0958053
0.34375 0.09375 0.124152
0.375 0.09375 0.113926
0.375 0.125 0.0838783
0.34375 0.125 0.0958053
0.34375 0.09375 0.124152
0.34375 0.0625 0.153091
0.375 0.0625 0.144208
0.375 0.09375 0.113926
0.34375 0.09375 0.124152
0.3125 0.0625 0.16584
0.3125 0 0.223685
0.375 0 0.205708
0.375 0.0625 0.144208
0.3125 0.0625 0.16584
0.375 0.25 -0.0230124
0.375 0.21875 -0.00172864
0.40625 0.21875 -0.0149738
0.40625 0.25 -0.0406762
0.375 0.25 -0.0230124
0.375 0.21875 -0.00172864
0.375 0.1875 0.0253886
0.40625 0.1875 0.0152726
0.40625 0.21875 -0.0149738
0.375 0.21875 -0.00172864
0.40625 0.25 -0.0406762
0.40625 0.21875 -0.0149738
0.4375 0.21875 -0.0143013
0.4375 0.25 -0.0439961
0.40625 0.25 -0.0406762
0.40625 0.21875 -0.0149738
0.40625 0.1875 0.0152726
0.4375 0.1875 0.0161211
0.4375 0.21875 -0.0143013
0.40625 0.21875 -0.0149738
0.375 0.1875 0.0253886
0.375 0.15625 0.0542602
0.40625 0.15625 0.0464036
0.40625 0.1875 0.0152726
0.375 0.1875 0.0253886
0.375 0.15625 0.0542602
0.375 0.125 0.0838783
0.40625 0.125 0.0775392
0.40625 0.15625 0.0464036
0.375 0.15625 0.0542602
0.40625 0.1875 0.0152726
0.40625 0.15625 0.0464036
0.4375 0.15625 0.0470882
0.4375 0.1875 0.0161211
0.40625 0.1875 0.0152726
0.40625 0.15625 0.0464036
0.40625 0.125 0.0775392
0.4375 0.125 0.0781181
0.4375 0.15625 0.0470882
0.40625 0.15625 0.0464036
0.4375 0.25 -0.0439961
0.4375 0.21875 -0.0143013
0.46875 0.21875 -0.00491222
0.46875 0.25 -0.0337754
0.4375 0.25 -0.0439961
0.4375 0.21875 -0.0143013
0.4375 0.1875 0.0161211
0.46875 0.1875 0.024492
0.46875 0.21875 -0.00491222
0.4375 0.21875 -0.0143013
0.46875 0.25 -0.0337754
0.46875 0.21875 -0.00491222
0.5 0.21875 0.00697771
0.5 0.25 -0.021665
0.46875 0.25 -0.0337754
0.46875 0.21875 -0.00491222
0.46875 0.1875 0.024492
0.5 0.1875 0.0358127
0.5 0.21875 0.00697771
0.46875 0.21875 -0.00491222
0.4375 0.1875 0.0161211
0.4375 0.15625 0.0470882
0.46875 0.15625 0.0543315
0.46875 0.1875 0.024492
0.4375 0.1875 0.0161211
0.4375 0.15625 0.0470882
0.4375 0.125 0.0781181
0.46875 0.125 0.0844191
0.46875 0.15625 0.0543315
0.4375 0.15625 0.0470882
0.46875 0.1875 0.024492
0.46875 0.15625 0.0543315
0.5 0.15625 0.0648602
0.5 0.1875 0.0358127
0.46875 0.1875 0.024492
0.46875 0.15625 0.0543315
0.46875 0.125 0.0844191
0.5 0.125 0.0941306
0.5 0.15625 0.0648602
0.46875 0.15625 0.0543315
0.375 0.125 0.0838783
0.375 0.09375 0.113926
0.40625 0.09375 0.108664
0.40625 0.125 0.0775392
0.375 0.125 0.0838783
0.375 0.09375 0.113926
0.375 0.0625 0.144208
0.40625 0.0625 0.139775
0.40625 0.09375 0.108664
0.375 0.09375 0.113926
0.40625 0.125 0.0775392
0.40625 0.09375 0.108664
0.4375 0.09375 0.109164
0.4375 0.125 0.0781181
0.40625 0.125 0.0775392
0.40625 0.09375 0.108664
0.40625 0.0625 0.139775
0.4375 0.0625 0.140217
0.4375 0.09375 0.109164
0.40625 0.09375 0.108664
0.375 0.0625 0.144208
0.375 0 0.205708
0.4375 0 0.202499
0.4375 0.0625 0.140217
0.375 0.0625 0.144208
0.4375 0.125 0.0781181
0.4375 0.09375 0.109164
0.46875 0.09375 0.114703
0.46875 0.125 0.0844191
0.4375 0.125 0.0781181
0.4375 0.09375 0.109164
0.4375 0.0625 0.140217
0.46875 0.0625 0.145124
0.46875 0.09375 0.114703
0.4375 0.09375 0.109164
0.46875 0.125 0.0844191
0.46875 0.09375 0.114703
0.5 0.09375 0.123685
0.5 0.125 0.0941306
0.46875 0.125 0.0844191
0.46875 0.09375 0.114703
0.46875 0.0625 0.145124
0.5 0.0625 0.15342
0.5 0.09375 0.123685
0.46875 0.09375 0.114703
0.4375 0.0625 0.140217
0.4375 0 0.202499
0.5 0 0.213855
0.5 0.0625 0.15342
0.4375 0.0625 0.140217
0.5 1 0.214583
0.5 0.9375 0.154281
0.5625 0.9375 0.140199
0.5625 1 0.20248
0.5 1 0.214583
0.5 0.9375 0.154281
0.5 0.90625 0.124445
0.53125 0.90625 0.115259
0.53125 0.9375 0.145715
0.5 0.9375 0.154281
0.5 0.90625 0.124445
0.5 0.875 0.0947676
0.53125 0.875 0.0849312
0.53125 0.90625 0.115259
0.5 0.90625 0.124445
0.53125 0.9375 0.145715
0.53125 0.90625 0.115259
0.5625 0.90625 0.109157
0.5625 0.9375 0.140199
0.53125 0.9375 0.145715
0.53125 0.90625 0.115259
0.53125 0.875 0.0849312
0.5625 0.875 0.0781327
0.5625 0.90625 0.109157
0.53125 0.90625 0.115259
0.5625 1 0.20248
0.5625 0.9375 0.140199
0.625 0.9375 0.144754
0.625 1 0.206114
0.5625 1 0.20248
0.5625 0.9375 0.140199
0.5625 0.90625 0.109157
0.59375 0.90625 0.108361
0.59375 0.9375 0.139485
0.5625 0.9375 0.140199
0.5625 0.90625 0.109157
0.5625 0.875 0.0781327
0.59375 0.875 0.0772249
0.59375 0.90625 0.108361
0.5625 0.90625 0.109157
0.59375 0.9375 0.139485
0.59375 0.90625 0.108361
0.625 0.90625 0.114449
0.625 0.9375 0.144754
0.59375 0.9375 0.139485
0.59375 0.90625 0.108361
0.59375 0.875 0.0772249
0.625 0.875 0.0844324
0.625 0.90625 0.114449
0.59375 0.90625 0.108361
0.5 0.875 0.0947676
0.5 0.84375 0.0652944
0.53125 0.84375 0.0547561
0.53125 0.875 0.0849312
0.5 0.875 0.0947676
0.5 0.84375 0.0652944
0.5 0.8125 0.0360228
0.53125 0.8125 0.024771
0.53125 0.84375 0.0547561
0.5 0.84375 0.0652944
0.53125 0.875 0.0849312
0.53125 0.84375 0.0547561
0.5625 0.84375 0.0471348
0.5625 0.875 0.0781327
0.53125 0.875 0.0849312
0.53125 0.84375 0.0547561
0.53125 0.8125 0.024771
0.5625 0.8125 0.0161788
0.5625 0.84375 0.0471348
0.53125 0.84375 0.0547561
0.5 0.8125 0.0360228
0.5 0.78125 0.00696062
0.53125 0.78125 -0.00488587
0.53125 0.8125 0.024771
0.5 0.8125 0.0360228
0.5 0.78125 0.00696062
0.5 0.75 -0.0217066
0.53125 0.75 -0.0338558
0.53125 0.78125 -0.00488587
0.5 0.78125 0.00696062
0.53125 0.8125 0.024771
0.53125 0.78125 -0.00488587
0.5625 0.78125 -0.0144112
0.5625 0.8125 0.0161788
0.53125 0.8125 0.024771
0.53125 0.78125 -0.00488587
0.53125 0.75 -0.0338558
0.5625 0.75 -0.0443182
0.5625 0.78125 -0.0144112
0.53125 0.78125 -0.00488587
0.5625 0.875 0.0781327
0.5625 0.84375 0.0471348
0.59375 0.84375 0.0460785
0.59375 0.875 0.0772249
0.5625 0.875 0.0781327
0.5625 0.84375 0.0471348
0.5625 0.8125 0.0161788
0.59375 0.8125 0.0149217
0.59375 0.84375 0.0460785
0.5625 0.84375 0.0471348
0.59375 0.875 0.0772249
0.59375 0.84375 0.0460785
0.625 0.84375 0.0548255
0.625 0.875 0.0844324
0.59375 0.875 0.0772249
0.59375 0.84375 0.0460785
0.59375 0.8125 0.0149217
0.625 0.8125 0.0258477
0.625 0.84375 0.0548255
0.59375 0.84375 0.0460785
0.5625 0.8125 0.0161788
0.5625 0.78125 -0.0144112
0.59375 0.78125 -0.0156667
0.59375 0.8125 0.0149217
0.5625 0.8125 0.0161788
0.5625 0.78125 -0.0144112
0.5625 0.75 -0.0443182
0.59375 0.75 -0.0438693
0.59375 0.78125 -0.0156667
0.5625 0.78125 -0.0144112
0.59375 0.8125 0.0149217
0.59375 0.78125 -0.0156667
0.625 0.78125 -0.0019092
0.625 0.8125 0.0258477
0.59375 0.8125 0.0149217
0.59375 0.78125 -0.0156667
0.59375 0.75 -0.0438693
0.625 0.75 -0.0252056
0.625 0.78125 -0.0019092
0.59375 0.78125 -0.0156667
0.625 1 0.206114
0.625 0.9375 0.144754
0.6875 0.9375 0.169665
0.6875 1 0.22634
0.625 1 0.206114
0.625 0.9375 0.144754
0.625 0.90625 0.114449
0.65625 0.90625 0.126429
0.65625 0.9375 0.15525
0.625 0.9375 0.144754
0.625 0.90625 0.114449
0.625 0.875 0.0844324
0.65625 0.875 0.0982342
0.65625 0.90625 0.126429
0.625 0.90625 0.114449
0.65625 0.9375 0.15525
0.65625 0.90625 0.126429
0.6875 0.90625 0.142466
0.6875 0.9375 0.169665
0.65625 0.9375 0.15525
0.65625 0.90625 0.126429
0.65625 0.875 0.0982342
0.6875 0.875 0.116147
0.6875 0.90625 0.142466
0.65625 0.90625 0.126429
0.6875 1 0.22634
0.6875 0.9375 0.169665
0.75 0.9375 0.207385
0.75 1 0.258423
0.6875 1 0.22634
0.6875 0.9375 0.169665
0.6875 0.875 0.116147
0.75 0.875 0.159121
0.75 0.9375 0.207385
0.6875 0.9375 0.169665
0.625 0.875 0.0844324
0.625 0.84375 0.0548255
0.65625 0.84375 0.0709069
0.65625 0.875 0.0982342
0.625 0.875 0.0844324
0.625 0.84375 0.0548255
0.625 0.8125 0.0258477
0.65625 0.8125 0.0448257
0.65625 0.84375 0.0709069
0.625 0.84375 0.0548255
0.65625 0.875 0.0982342
0.65625 0.84375 0.0709069
0.6875 0.84375 0.0910175
0.6875 0.875 0.116147
0.65625 0.875 0.0982342
0.65625 0.84375 0.0709069
0.65625 0.8125 0.0448257
0.6875 0.8125 0.0674175
0.6875 0.84375 0.0910175
0.65625 0.84375 0.0709069
0.625 0.8125 0.0258477
0.625 0.78125 -0.0019092
0.65625 0.78125 0.0205796
0.65625 0.8125 0.0448257
0.625 0.8125 0.0258477
0.625 0.78125 -0.0019092
0.625 0.75 -0.0252056
0.65625 0.75 -0.000646655
0.65625 0.78125 0.0205796
0.625 0.78125 -0.0019092
0.65625 0.8125 0.0448257
0.65625 0.78125 0.0205796
0.6875 0.78125 0.0458352
0.6875 0.8125 0.0674175
0.65625 0.8125 0.0448257
0.65625 0.78125 0.0205796
0.65625 0.75 -0.000646655
0.6875 0.75 0.0268653
0.6875 0.78125 0.0458352
0.65625 0.78125 0.0205796
0.6875 0.875 0.116147
0.6875 0.84375 0.0910175
0.71875 0.84375 0.113508
0.71875 0.875 0.136811
0.6875 0.875 0.116147
0.6875 0.84375 0.0910175
0.6875 0.8125 0.0674175
0.71875 0.8125 0.0918468
0.71875 0.84375 0.113508
0.6875 0.84375 0.0910175
0.71875 0.875 0.136811
0.71875 0.84375 0.113508
0.75 0.84375 0.137431
0.75 0.875 0.159121
0.71875 0.875 0.136811
0.71875 0.84375 0.113508
0.71875 0.8125 0.0918468
0.75 0.8125 0.117349
0.75 0.84375 0.137431
0.71875 0.84375 0.113508
0.6875 0.8125 0.0674175
0.6875 0.78125 0.0458352
0.71875 0.78125 0.072139
0.71875 0.8125 0.0918468
0.6875 0.8125 0.0674175
0.6875 0.78125 0.0458352
0.6875 0.75 0.0268653
0.71875 0.75 0.0546652
0.71875 0.78125 0.072139
0.6875 0.78125 0.0458352
0.71875 0.8125 0.0918468
0.71875 0.78125 0.072139
0.75 0.78125 0.0990439
0.75 0.8125 0.117349
0.71875 0.8125 0.0918468
0.71875 0.78125 0.072139
0.71875 0.75 0.0546652
0.75 0.75 0.0826028
0.75 0.78125 0.0990439
0.71875 0.78125 0.072139
0.5 0.75 -0.0217066
0.5 0.71875 -0.0502951
0.53125 0.71875 -0.0626732
0.53125 0.75 -0.0338558
0.5 0.75 -0.0217066
0.5 0.71875 -0.0502951
0.5 0.6875 -0.0788545
0.53125 0.6875 -0.0913801
0.53125 0.71875 -0.0626732
0.5 0.71875 -0.0502951
0.53125 0.75 -0.0338558
0.53125 0.71875 -0.0626732
0.5625 0.71875 -0.0738828
0.5625 0.75 -0.0443182
0.53125 0.75 -0.0338558
0.53125 0.71875 -0.0626732
0.53125 0.6875 -0.0913801
0.5625 0.6875 -0.102887
0.5625 0.71875 -0.0738828
0.53125 0.71875 -0.0626732
0.5 0.6875 -0.0788545
0.5 0.65625 -0.107398
0.53125 0.65625 -0.120024
0.53125 0.6875 -0.0913801
0.5 0.6875 -0.0788545
0.5 0.65625 -0.107398
0.5 0.625 -0.135926
0.53125 0.625 -0.148613
0.53125 0.65625 -0.120024
0.5 0.65625 -0.107398
0.53125 0.6875 -0.0913801
0.53125 0.65625 -0.120024
0.5625 0.65625 -0.125598
0.5625 0.6875 -0.102887
0.53125 0.6875 -0.0913801
0.53125 0.65625 -0.120024
0.53125 0.625 -0.148613
0.5625 0.625 -0.141113
0.5625 0.65625 -0.125598
0.53125 0.65625 -0.120024
0.5625 0.75 -0.0443182
0.5625 0.71875 -0.0738828
0.59375 0.71875 -0.0676537
0.59375 0.75 -0.0438693
0.5625 0.75 -0.0443182
0.5625 0.71875 -0.0738828
0.5625 0.6875 -0.102887
0.59375 0.6875 -0.0856137
0.59375 0.71875 -0.0676537
0.5625 0.71875 -0.0738828
0.59375 0.75 -0.0438693
0.59375 0.71875 -0.0676537
0.625 0.71875 -0.043601
0.625 0.75 -0.0252056
0.59375 0.75 -0.0438693
0.59375 0.71875 -0.0676537
0.59375 0.6875 -0.0856137
0.625 0.6875 -0.0584302
0.625 0.71875 -0.043601
0.59375 0.71875 -0.0676537
0.5625 0.6875 -0.102887
0.5625 0.65625 -0.125598
0.59375 0.65625 -0.0999596
0.59375 0.6875 -0.0856137
0.5625 0.6875 -0.102887
0.5625 0.65625 -0.125598
0.5625 0.625 -0.141113
0.59375 0.625 -0.113158
0.59375 0.65625 -0.0999596
0.5625 0.65625 -0.125598
0.59375 0.6875 -0.0856137
0.59375 0.65625 -0.0999596
0.625 0.65625 -0.0717935
0.625 0.6875 -0.0584302
0.59375 0.6875 -0.0856137
0.59375 0.65625 -0.0999596
0.59375 0.625 -0.113158
0.625 0.625 -0.0847333
0.625 0.65625 -0.0717935
0.59375 0.65625 -0.0999596
0.5 0.625 -0.135926
0.5 0.5625 -0.192987
0.5625 0.5625 -0.167404
0.5625 0.625 -0.141113
0.5 0.625 -0.135926
0.5 0.5625 -0.192987
0.5 0.5 -0.231022
0.5625 0.5 -0.18697
0.5625 0.5625 -0.167404
0.5 0.5625 -0.192987
0.5625 0.625 -0.141113
0.5625 0.59375 -0.154451
0.59375 0.59375 -0.126054
0.59375 0.625 -0.113158
0.5625 0.625 -0.141113
0.5625 0.59375 -0.154451
0.5625 0.5625 -0.167404
0.59375 0.5625 -0.138879
0.59375 0.59375 -0.126054
0.5625 0.59375 -0.154451
0.59375 0.625 -0.113158
0.59375 0.59375 -0.126054
0.625 0.59375 -0.0975651
0.625 0.625 -0.0847333
0.59375 0.625 -0.113158
0.59375 0.59375 -0.126054
0.59375 0.5625 -0.138879
0.625 0.5625 -0.110366
0.625 0.59375 -0.0975651
0.59375 0.59375 -0.126054
0.5625 0.5625 -0.167404
0.5625 0.5 -0.18697
0.625 0.5 -0.135895
0.625 0.5625 -0.110366
0.5625 0.5625 -0.167404
0.625 0.75 -0.0252056
0.625 0.71875 -0.043601
0.65625 0.71875 -0.0166609
0.65625 0.75 -0.000646655
0.625 0.75 -0.0252056
0.625 0.71875 -0.043601
0.625 0.6875 -0.0584302
0.65625 0.6875 -0.0303939
0.65625 0.71875 -0.0166609
0.625 0.71875 -0.043601
0.65625 0.75 -0.000646655
0.65625 0.71875 -0.0166609
0.6875 0.71875 0.0112178
0.6875 0.75 0.0268653
0.65625 0.75 -0.000646655
0.65625 0.71875 -0.0166609
0.65625 0.6875 -0.0303939
0.6875 0.6875 -0.00206949
0.6875 0.71875 0.0112178
0.65625 0.71875 -0.0166609
0.625 0.6875 -0.0584302
0.625 0.65625 -0.0717935
0.65625 0.65625 -0.0434054
0.65625 0.6875 -0.0303939
0.625 0.6875 -0.0584302
0.625 0.65625 -0.0717935
0.625 0.625 -0.0847333
0.65625 0.625 -0.0562532
0.65625 0.65625 -0.0434054
0.625 0.65625 -0.0717935
0.65625 0.6875 -0.0303939
0.65625 0.65625 -0.0434054
0.6875 0.65625 -0.0149391
0.6875 0.6875 -0.00206949
0.65625 0.6875 -0.0303939
0.65625 0.65625 -0.0434054
0.65625 0.625 -0.0562532
0.6875 0.625 -0.0277533
0.6875 0.65625 -0.0149391
0.65625 0.65625 -0.0434054
0.6875 0.75 0.0268653
0.6875 0.71875 0.0112178
0.71875 0.71875 0.0396119
0.71875 0.75 0.0546652
0.6875 0.75 0.0268653
0.6875 0.71875 0.0112178
0.6875 0.6875 -0.00206949
0.71875 0.6875 0.0264141
0.71875 0.71875 0.0396119
0.6875 0.71875 0.0112178
0.71875 0.75 0.0546652
0.71875 0.71875 0.0396119
0.75 0.71875 0.0680257
0.75 0.75 0.0826028
0.71875 0.75 0.0546652
0.71875 0.71875 0.0396119
0.71875 0.6875 0.0264141
0.75 0.6875 0.0549107
0.75 0.71875 0.0680257
0.71875 0.71875 0.0396119
0.6875 0.6875 -0.00206949
0.6875 0.65625 -0.0149391
0.71875 0.65625 0.0135598
0.71875 0.6875 0.0264141
0.6875 0.6875 -0.00206949
0.6875 0.65625 -0.0149391
0.6875 0.625 -0.0277533
0.71875 0.625 0.000754741
0.71875 0.65625 0.0135598
0.6875 0.65625 -0.0149391
0.71875 0.6875 0.0264141
0.71875 0.65625 0.0135598
0.75 0.65625 0.042068
0.75 0.6875 0.0549107
0.71875 0.6875 0.0264141
0.71875 0.65625 0.0135598
0.71875 0.625 0.000754741
0.75 0.625 0.0292678
0.75 0.65625 0.042068
0.71875 0.65625 0.0135598
0.625 0.625 -0.0847333
0.625 0.59375 -0.0975651
0.65625 0.59375 -0.0690611
0.65625 0.625 -0.0562532
0.625 0.625 -0.0847333
0.625 0.59375 -0.0975651
0.625 0.5625 -0.110366
0.65625 0.5625 -0.0818543
0.65625 0.59375 -0.0690611
0.625 0.59375 -0.0975651
0.65625 0.625 -0.0562532
0.65625 0.59375 -0.0690611
0.6875 0.59375 -0.0405514
0.6875 0.625 -0.0277533
0.65625 0.625 -0.0562532
0.65625 0.59375 -0.0690611
0.65625 0.5625 -0.0818543
0.6875 0.5625 -0.0533388
0.6875 0.59375 -0.0405514
0.65625 0.59375 -0.0690611
0.625 0.5625 -0.110366
0.625 0.53125 -0.12315
0.65625 0.53125 -0.0946274
0.65625 0.5625 -0.0818543
0.625 0.5625 -0.110366
0.625 0.53125 -0.12315
0.625 0.5 -0.135895
0.65625 0.5 -0.107344
0.65625 0.53125 -0.0946274
0.625 0.53125 -0.12315
0.65625 0.5625 -0.0818543
0.65625 0.53125 -0.0946274
0.6875 0.53125 -0.0660997
0.6875 0.5625 -0.0533388
0.65625 0.5625 -0.0818543
0.65625 0.53125 -0.0946274
0.65625 0.5 -0.107344
0.6875 0.5 -0.0787755
0.6875 0.53125 -0.0660997
0.65625 0.53125 -0.0946274
0.6875 0.625 -0.0277533
0.6875 0.59375 -0.0405514
0.71875 0.59375 -0.0120381
0.71875 0.625 0.000754741
0.6875 0.625 -0.0277533
0.6875 0.59375 -0.0405514
0.6875 0.5625 -0.0533388
0.71875 0.5625 -0.0248217
0.71875 0.59375 -0.0120381
0.6875 0.59375 -0.0405514
0.71875 0.625 0.000754741
0.71875 0.59375 -0.0120381
0.75 0.59375 0.0164789
0.75 0.625 0.0292678
0.71875 0.625 0.000754741
0.71875 0.59375 -0.0120381
0.71875 0.5625 -0.0248217
0.75 0.5625 0.00370023
0.75 0.59375 0.0164789
0.71875 0.59375 -0.0120381
0.6875 0.5625 -0.0533388
0.6875 0.53125 -0.0660997
0.71875 0.53125 -0.0375634
0.71875 0.5625 -0.0248217
0.6875 0.5625 -0.0533388
0.6875 0.53125 -0.0660997
0.6875 0.5 -0.0787755
0.71875 0.5 -0.0501781
0.71875 0.53125 -0.0375634
0.6875 0.53125 -0.0660997
0.71875 0.5625 -0.0248217
0.71875 0.53125 -0.0375634
0.75 0.53125 -0.00901203
0.75 0.5625 0.00370023
0.71875 0.5625 -0.0248217
0.71875 0.53125 -0.0375634
0.71875 0.5 -0.0501781
0.75 0.5 -0.0215377
0.75 0.53125 -0.00901203
0.71875 0.53125 -0.0375634
0.75 1 0.258423
0.75 0.9375 0.207385
0.8125 0.9375 0.252157
0.8125 1 0.298387
0.75 1 0.258423
0.75 0.9375 0.207385
0.75 0.875 0.159121
0.8125 0.875 0.20889
0.8125 0.9375 0.252157
0.75 0.9375 0.207385
0.8125 1 0.298387
0.8125 0.9375 0.252157
0.875 0.9375 0.300156
0.875 1 0.342373
0.8125 1 0.298387
0.8125 0.9375 0.252157
0.8125 0.875 0.20889
0.875 0.875 0.260808
0.875 0.9375 0.300156
0.8125 0.9375 0.252157
0.75 0.875 0.159121
0.75 0.8125 0.117349
0.8125 0.8125 0.170322
0.8125 0.875 0.20889
0.75 0.875 0.159121
0.75 0.8125 0.117349
0.75 0.78125 0.0990439
0.78125 0.78125 0.126324
0.78125 0.8125 0.143618
0.75 0.8125 0.117349
0.75 0.78125 0.0990439
0.75 0.75 0.0826028
0.78125 0.75 0.110657
0.78125 0.78125 0.126324
0.75 0.78125 0.0990439
0.78125 0.8125 0.143618
0.78125 0.78125 0.126324
0.8125 0.78125 0.153851
0.8125 0.8125 0.170322
0.78125 0.8125 0.143618
0.78125 0.78125 0.126324
0.78125 0.75 0.110657
0.8125 0.75 0.138797
0.8125 0.78125 0.153851
0.78125 0.78125 0.126324
0.8125 0.875 0.20889
0.8125 0.8125 0.170322
0.875 0.8125 0.225663
0.875 0.875 0.260808
0.8125 0.875 0.20889
0.8125 0.8125 0.170322
0.8125 0.75 0.138797
0.875 0.75 0.195593
0.875 0.8125 0.225663
0.8125 0.8125 0.170322
0.875 1 0.342373
0.875 0.875 0.260808
1 0.875 0.371978
1 1 0.444291
0.875 1 0.342373
0.875 0.875 0.260808
0.875 0.75 0.195593
1 0.75 0.309811
1 0.875 0.371978
0.875 0.875 0.260808
0.75 0.75 0.0826028
0.75 0.71875 0.0680257
0.78125 0.71875 0.0964555
0.78125 0.75 0.110657
0.75 0.75 0.0826028
0.75 0.71875 0.0680257
0.75 0.6875 0.0549107
0.78125 0.6875 0.0834114
0.78125 0.71875 0.0964555
0.75 0.71875 0.0680257
0.78125 0.75 0.110657
0.78125 0.71875 0.0964555
0.8125 0.71875 0.124909
0.8125 0.75 0.138797
0.78125 0.75 0.110657
0.78125 0.71875 0.0964555
0.78125 0.6875 0.0834114
0.8125 0.6875 0.111918
0.8125 0.71875 0.124909
0.78125 0.71875 0.0964555
0.75 0.6875 0.0549107
0.75 0.65625 0.042068
0.78125 0.65625 0.0705812
0.78125 0.6875 0.0834114
0.75 0.6875 0.0549107
0.75 0.65625 0.042068
0.75 0.625 0.0292678
0.78125 0.625 0.0577884
0.78125 0.65625 0.0705812
0.75 0.65625 0.042068
0.78125 0.6875 0.0834114
0.78125 0.65625 0.0705812
0.8125 0.65625 0.0991035
0.8125 0.6875 0.111918
0.78125 0.6875 0.0834114
0.78125 0.65625 0.0705812
0.78125 0.625 0.0577884
0.8125 0.625 0.0863267
0.8125 0.65625 0.0991035
0.78125 0.65625 0.0705812
0.8125 0.75 0.138797
0.8125 0.6875 0.111918
0.875 0.6875 0.168968
0.875 0.75 0.195593
0.8125 0.75 0.138797
0.8125 0.6875 0.111918
0.8125 0.65625 0.0991035
0.84375 0.65625 0.127641
0.84375 0.6875 0.140434
0.8125 0.6875 0.111918
0.8125 0.65625 0.0991035
0.8125 0.625 0.0863267
0.84375 0.625 0.1149
0.84375 0.65625 0.127641
0.8125 0.65625 0.0991035
0.84375 0.6875 0.140434
0.84375 0.65625 0.127641
0.875 0.65625 0.156206
0.875 0.6875 0.168968
0.84375 0.6875 0.140434
0.84375 0.65625 0.127641
0.84375 0.625 0.1149
0.875 0.625 0.143528
0.875 0.65625 0.156206
0.84375 0.65625 0.127641
0.75 0.625 0.0292678
0.75 0.59375 0.0164789
0.78125 0.59375 0.0450149
0.78125 0.625 0.0577884
0.75 0.625 0.0292678
0.75 0.59375 0.0164789
0.75 0.5625 0.00370023
0.78125 0.5625 0.0322791
0.78125 0.59375 0.0450149
0.75 0.59375 0.0164789
0.78125 0.625 0.0577884
0.78125 0.59375 0.0450149
0.8125 0.59375 0.0735929
0.8125 0.625 0.0863267
0.78125 0.625 0.0577884
0.78125 0.59375 0.0450149
0.78125 0.5625 0.0322791
0.8125 0.5625 0.0609515
0.8125 0.59375 0.0735929
0.78125 0.59375 0.0450149
0.75 0.5625 0.00370023
0.75 0.53125 -0.00901203
0.78125 0.53125 0.0196495
0.78125 0.5625 0.0322791
0.75 0.5625 0.00370023
0.75 0.53125 -0.00901203
0.75 0.5 -0.0215377
0.78125 0.5 0.00725323
0.78125 0.53125 0.0196495
0.75 0.53125 -0.00901203
0.78125 0.5625 0.0322791
0.78125 0.53125 0.0196495
0.8125 0.53125 0.048525
0.8125 0.5625 0.0609515
0.78125 0.5625 0.0322791
0.78125 0.53125 0.0196495
0.78125 0.5 0.00725323
0.8125 0.5 0.0365904
0.8125 0.53125 0.048525
0.78125 0.53125 0.0196495
0.8125 0.625 0.0863267
0.8125 0.59375 0.0735929
0.84375 0.59375 0.102244
0.84375 0.625 0.1149
0.8125 0.625 0.0863267
0.8125 0.59375 0.0735929
0.8125 0.5625 0.0609515
0.84375 0.5625 0.0897665
0.84375 0.59375 0.102244
0.8125 0.59375 0.0735929
0.84375 0.625 0.1149
0.84375 0.59375 0.102244
0.875 0.59375 0.130997
0.875 0.625 0.143528
0.84375 0.625 0.1149
0.84375 0.59375 0.102244
0.84375 0.5625 0.0897665
0.875 0.5625 0.118751
0.875 0.59375 0.130997
0.84375 0.59375 0.102244
0.8125 0.5625 0.0609515
0.8125 0.53125 0.048525
0.84375 0.53125 0.0776632
0.84375 0.5625 0.0897665
0.8125 0.5625 0.0609515
0.8125 0.53125 0.048525
0.8125 0.5 0.0365904
0.84375 0.5 0.0663089
0.84375 0.53125 0.0776632
0.8125 0.53125 0.048525
0.84375 0.5625 0.0897665
0.84375 0.53125 0.0776632
0.875 0.53125 0.107039
0.875 0.5625 0.118751
0.84375 0.5625 0.0897665
0.84375 0.53125 0.0776632
0.84375 0.5 0.0663089
0.875 0.5 0.0962767
0.875 0.53125 0.107039
0.84375 0.53125 0.0776632
0.875 0.75 0.195593
0.875 0.6875 0.168968
0.9375 0.6875 0.226305
0.9375 0.75 0.252517
0.875 0.75 0.195593
0.875 0.6875 0.168968
0.875 0.625 0.143528
0.9375 0.625 0.201275
0.9375 0.6875 0.226305
0.875 0.6875 0.168968
0.9375 0.75 0.252517
0.9375 0.6875 0.226305
1 0.6875 0.284179
1 0.75 0.309811
0.9375 0.75 0.252517
0.9375 0.6875 0.226305
0.9375 0.625 0.201275
1 0.625 0.259919
1 0.6875 0.284179
0.9375 0.6875 0.226305
0.875 0.625 0.143528
0.875 0.5625 0.118751
0.9375 0.5625 0.177548
0.9375 0.625 0.201275
0.875 0.625 0.143528
0.875 0.5625 0.118751
0.875 0.5 0.0962767
0.9375 0.5 0.156632
0.9375 0.5625 0.177548
0.875 0.5625 0.118751
0.9375 0.625 0.201275
0.9375 0.5625 0.177548
1 0.5625 0.237463
1 0.625 0.259919
0.9375 0.625 0.201275
0.9375 0.5625 0.177548
0.9375 0.5 0.156632
1 0.5 0.218207
1 0.5625 0.237463
0.9375 0.5625 0.177548
0.5 0.5 -0.231022
0.5 0.4375 -0.192931
0.5625 0.4375 -0.166463
0.5625 0.5 -0.18697
0.5 0.5 -0.231022
0.5 0.4375 -0.192931
0.5 0.375 -0.135897
0.5625 0.375 -0.110314
0.5625 0.4375 -0.166463
0.5 0.4375 -0.192931
0.5625 0.5 -0.18697
0.5625 0.4375 -0.166463
0.625 0.4375 -0.136989
0.625 0.5 -0.135895
0.5625 0.5 -0.18697
0.5625 0.4375 -0.166463
0.5625 0.40625 -0.138648
0.59375 0.40625 -0.125606
0.59375 0.4375 -0.152511
0.5625 0.4375 -0.166463
0.5625 0.40625 -0.138648
0.5625 0.375 -0.110314
0.59375 0.375 -0.0974341
0.59375 0.40625 -0.125606
0.5625 0.40625 -0.138648
0.59375 0.4375 -0.152511
0.59375 0.40625 -0.125606
0.625 0.40625 -0.11207
0.625 0.4375 -0.136989
0.59375 0.4375 -0.152511
0.59375 0.40625 -0.125606
0.59375 0.375 -0.0974341
0.625 0.375 -0.0844177
0.625 0.40625 -0.11207
0.59375 0.40625 -0.125606
0.5 0.375 -0.135897
0.5 0.34375 -0.107363
0.53125 0.34375 -0.0946344
0.53125 0.375 -0.123138
0.5 0.375 -0.135897
0.5 0.34375 -0.107363
0.5 0.3125 -0.0788146
0.53125 0.3125 -0.0661173
0.53125 0.34375 -0.0946344
0.5 0.34375 -0.107363
0.53125 0.375 -0.123138
0.53125 0.34375 -0.0946344
0.5625 0.34375 -0.0818446
0.5625 0.375 -0.110314
0.53125 0.375 -0.123138
0.53125 0.34375 -0.0946344
0.53125 0.3125 -0.0661173
0.5625 0.3125 -0.0533425
0.5625 0.34375 -0.0818446
0.53125 0.34375 -0.0946344
0.5 0.3125 -0.0788146
0.5 0.28125 -0.0502509
0.53125 0.28125 -0.0375955
0.53125 0.3125 -0.0661173
0.5 0.3125 -0.0788146
0.5 0.28125 -0.0502509
0.5 0.25 -0.021665
0.53125 0.25 -0.00906801
0.53125 0.28125 -0.0375955
0.5 0.28125 -0.0502509
0.53125 0.3125 -0.0661173
0.53125 0.28125 -0.0375955
0.5625 0.28125 -0.0248315
0.5625 0.3125 -0.0533425
0.53125 0.3125 -0.0661173
0.53125 0.28125 -0.0375955
0.53125 0.25 -0.00906801
0.5625 0.25 0.00368243
0.5625 0.28125 -0.0248315
0.53125 0.28125 -0.0375955
0.5625 0.375 -0.110314
0.5625 0.34375 -0.0818446
0.59375 0.34375 -0.0690258
0.59375 0.375 -0.0974341
0.5625 0.375 -0.110314
0.5625 0.34375 -0.0818446
0.5625 0.3125 -0.0533425
0.59375 0.3125 -0.0405475
0.59375 0.34375 -0.0690258
0.5625 0.34375 -0.0818446
0.59375 0.375 -0.0974341
0.59375 0.34375 -0.0690258
0.625 0.34375 -0.0561696
0.625 0.375 -0.0844177
0.59375 0.375 -0.0974341
0.59375 0.34375 -0.0690258
0.59375 0.3125 -0.0405475
0.625 0.3125 -0.0277438
0.625 0.34375 -0.0561696
0.59375 0.34375 -0.0690258
0.5625 0.3125 -0.0533425
0.5625 0.28125 -0.0248315
0.59375 0.28125 -0.0120415
0.59375 0.3125 -0.0405475
0.5625 0.3125 -0.0533425
0.5625 0.28125 -0.0248315
0.5625 0.25 0.00368243
0.59375 0.25 0.0164697
0.59375 0.28125 -0.0120415
0.5625 0.28125 -0.0248315
0.59375 0.3125 -0.0405475
0.59375 0.28125 -0.0120415
0.625 0.28125 0.000754716
0.625 0.3125 -0.0277438
0.59375 0.3125 -0.0405475
0.59375 0.28125 -0.0120415
0.59375 0.25 0.0164697
0.625 0.25 0.0292636
0.625 0.28125 0.000754716
0.59375 0.28125 -0.0120415
0.625 0.5 -0.135895
0.625 0.46875 -0.146765
0.65625 0.46875 -0.119883
0.65625 0.5 -0.107344
0.625 0.5 -0.135895
0.625 0.46875 -0.146765
0.625 0.4375 -0.136989
0.65625 0.4375 -0.118786
0.65625 0.46875 -0.119883
0.625 0.46875 -0.146765
0.65625 0.5 -0.107344
0.65625 0.46875 -0.119883
0.6875 0.46875 -0.091173
0.6875 0.5 -0.0787755
0.65625 0.5 -0.107344
0.65625 0.46875 -0.119883
0.65625 0.4375 -0.118786
0.6875 0.4375 -0.0968583
0.6875 0.46875 -0.091173
0.65625 0.46875 -0.119883
0.625 0.4375 -0.136989
0.625 0.40625 -0.11207
0.65625 0.40625 -0.0976479
0.65625 0.4375 -0.118786
0.625 0.4375 -0.136989
0.625 0.40625 -0.11207
0.625 0.375 -0.0844177
0.65625 0.375 -0.0710659
0.65625 0.40625 -0.0976479
0.625 0.40625 -0.11207
0.65625 0.4375 -0.118786
0.65625 0.40625 -0.0976479
0.6875 0.40625 -0.081335
0.6875 0.4375 -0.0968583
0.65625 0.4375 -0.118786
0.65625 0.40625 -0.0976479
0.65625 0.375 -0.0710659
0.6875 0.375 -0.0569136
0.6875 0.40625 -0.081335
0.65625 0.40625 -0.0976479
0.6875 0.5 -0.0787755
0.6875 0.46875 -0.091173
0.71875 0.46875 -0.0623817
0.71875 0.5 -0.0501781
0.6875 0.5 -0.0787755
0.6875 0.46875 -0.091173
0.6875 0.4375 -0.0968583
0.71875 0.4375 -0.071429
0.71875 0.46875 -0.0623817
0.6875 0.46875 -0.091173
0.71875 0.5 -0.0501781
0.71875 0.46875 -0.0623817
0.75 0.46875 -0.0334584
0.75 0.5 -0.0215377
0.71875 0.5 -0.0501781
0.71875 0.46875 -0.0623817
0.71875 0.4375 -0.071429
0.75 0.4375 -0.0432262
0.75 0.46875 -0.0334584
0.71875 0.46875 -0.0623817
0.6875 0.4375 -0.0968583
0.6875 0.40625 -0.081335
0.71875 0.40625 -0.0619065
0.71875 0.4375 -0.071429
0.6875 0.4375 -0.0968583
0.6875 0.40625 -0.081335
0.6875 0.375 -0.0569136
0.71875 0.375 -0.0410787
0.71875 0.40625 -0.0619065
0.6875 0.40625 -0.081335
0.71875 0.4375 -0.071429
0.71875 0.40625 -0.0619065
0.75 0.40625 -0.0388482
0.75 0.4375 -0.0432262
0.71875 0.4375 -0.071429
0.71875 0.40625 -0.0619065
0.71875 0.375 -0.0410787
0.75 0.375 -0.0227854
0.75 0.40625 -0.0388482
0.71875 0.40625 -0.0619065
0.625 0.375 -0.0844177
0.625 0.34375 -0.0561696
0.65625 0.34375 -0.043215
0.65625 0.375 -0.0710659
0.625 0.375 -0.0844177
0.625 0.34375 -0.0561696
0.625 0.3125 -0.0277438
0.65625 0.3125 -0.014925
0.65625 0.34375 -0.043215
0.625 0.34375 -0.0561696
0.65625 0.375 -0.0710659
0.65625 0.34375 -0.043215
0.6875 0.34375 -0.0300383
0.6875 0.375 -0.0569136
0.65625 0.375 -0.0710659
0.65625 0.34375 -0.043215
0.65625 0.3125 -0.014925
0.6875 0.3125 -0.00204232
0.6875 0.34375 -0.0300383
0.65625 0.34375 -0.043215
0.625 0.3125 -0.0277438
0.625 0.28125 0.000754716
0.65625 0.28125 0.0135645
0.65625 0.3125 -0.014925
0.625 0.3125 -0.0277438
0.625 0.28125 0.000754716
0.625 0.25 0.0292636
0.65625 0.25 0.0420675
0.65625 0.28125 0.0135645
0.625 0.28125 0.000754716
0.65625 0.3125 -0.014925
0.65625 0.28125 0.0135645
0.6875 0.28125 0.0264164
0.6875 0.3125 -0.00204232
0.65625 0.3125 -0.014925
0.65625 0.28125 0.0135645
0.65625 0.25 0.0420675
0.6875 0.25 0.0548993
0.6875 0.28125 0.0264164
0.65625 0.28125 0.0135645
0.6875 0.375 -0.0569136
0.6875 0.34375 -0.0300383
0.71875 0.34375 -0.0163907
0.71875 0.375 -0.0410787
0.6875 0.375 -0.0569136
0.6875 0.34375 -0.0300383
0.6875 0.3125 -0.00204232
0.71875 0.3125 0.0113276
0.71875 0.34375 -0.0163907
0.6875 0.34375 -0.0300383
0.71875 0.375 -0.0410787
0.71875 0.34375 -0.0163907
0.75 0.34375 -0.000971556
0.75 0.375 -0.0227854
0.71875 0.375 -0.0410787
0.71875 0.34375 -0.0163907
0.71875 0.3125 0.0113276
0.75 0.3125 0.0259624
0.75 0.34375 -0.000971556
0.71875 0.34375 -0.0163907
0.6875 0.3125 -0.00204232
0.6875 0.28125 0.0264164
0.71875 0.28125 0.0395543
0.71875 0.3125 0.0113276
0.6875 0.3125 -0.00204232
0.6875 0.28125 0.0264164
0.6875 0.25 0.0548993
0.71875 0.25 0.0679011
0.71875 0.28125 0.0395543
0.6875 0.28125 0.0264164
0.71875 0.3125 0.0113276
0.71875 0.28125 0.0395543
0.75 0.28125 0.0535215
0.75 0.3125 0.0259624
0.71875 0.3125 0.0113276
0.71875 0.28125 0.0395543
0.71875 0.25 0.0679011
0.75 0.25 0.0814448
0.75 0.28125 0.0535215
0.71875 0.28125 0.0395543
0.5 0.25 -0.021665
0.5 0.21875 0.00697771
0.53125 0.21875 0.0194958
0.53125 0.25 -0.00906801
0.5 0.25 -0.021665
0.5 0.21875 0.00697771
0.5 0.1875 0.0358127
0.53125 0.1875 0.0481192
0.53125 0.21875 0.0194958
0.5 0.21875 0.00697771
0.53125 0.25 -0.00906801
0.53125 0.21875 0.0194958
0.5625 0.21875 0.0322092
0.5625 0.25 0.00368243
0.53125 0.25 -0.00906801
0.53125 0.21875 0.0194958
0.53125 0.1875 0.0481192
0.5625 0.1875 0.0607554
0.5625 0.21875 0.0322092
0.53125 0.21875 0.0194958
0.5 0.1875 0.0358127
0.5 0.15625 0.0648602
0.53125 0.15625 0.0768289
0.53125 0.1875 0.0481192
0.5 0.1875 0.0358127
0.5 0.15625 0.0648602
0.5 0.125 0.0941306
0.53125 0.125 0.105655
0.53125 0.15625 0.0768289
0.5 0.15625 0.0648602
0.53125 0.1875 0.0481192
0.53125 0.15625 0.0768289
0.5625 0.15625 0.0893338
0.5625 0.1875 0.0607554
0.53125 0.1875 0.0481192
0.53125 0.15625 0.0768289
0.53125 0.125 0.105655
0.5625 0.125 0.117962
0.5625 0.15625 0.0893338
0.53125 0.15625 0.0768289
0.5625 0.25 0.00368243
0.5625 0.21875 0.0322092
0.59375 0.21875 0.0449842
0.59375 0.25 0.0164697
0.5625 0.25 0.00368243
0.5625 0.21875 0.0322092
0.5625 0.1875 0.0607554
0.59375 0.1875 0.0735048
0.59375 0.21875 0.0449842
0.5625 0.21875 0.0322092
0.59375 0.25 0.0164697
0.59375 0.21875 0.0449842
0.625 0.21875 0.0577737
0.625 0.25 0.0292636
0.59375 0.25 0.0164697
0.59375 0.21875 0.0449842
0.59375 0.1875 0.0735048
0.625 0.1875 0.0862863
0.625 0.21875 0.0577737
0.59375 0.21875 0.0449842
0.5625 0.1875 0.0607554
0.5625 0.15625 0.0893338
0.59375 0.15625 0.102036
0.59375 0.1875 0.0735048
0.5625 0.1875 0.0607554
0.5625 0.15625 0.0893338
0.5625 0.125 0.117962
0.59375 0.125 0.130587
0.59375 0.15625 0.102036
0.5625 0.15625 0.0893338
0.59375 0.1875 0.0735048
0.59375 0.15625 0.102036
0.625 0.15625 0.114803
0.625 0.1875 0.0862863
0.59375 0.1875 0.0735048
0.59375 0.15625 0.102036
0.59375 0.125 0.130587
0.625 0.125 0.143326
0.625 0.15625 0.114803
0.59375 0.15625 0.102036
0.5 0.125 0.0941306
0.5 0.0625 0.15342
0.5625 0.0625 0.175603
0.5625 0.125 0.117962
0.5 0.125 0.0941306
0.5 0.0625 0.15342
0.5 0 0.213855
0.5625 0 0.23407
0.5625 0.0625 0.175603
0.5 0.0625 0.15342
0.5625 0.125 0.117962
0.5625 0.0625 0.175603
0.625 0.0625 0.200472
0.625 0.125 0.143326
0.5625 0.125 0.117962
0.5625 0.0625 0.175603
0.5625 0 0.23407
0.625 0 0.257968
0.625 0.0625 0.200472
0.5625 0.0625 0.175603
0.625 0.25 0.0292636
0.625 0.21875 0.0577737
0.65625 0.21875 0.070573
0.65625 0.25 0.0420675
0.625 0.25 0.0292636
0.625 0.21875 0.0577737
0.625 0.1875 0.0862863
0.65625 0.1875 0.0990803
0.65625 0.21875 0.070573
0.625 0.21875 0.0577737
0.65625 0.25 0.0420675
0.65625 0.21875 0.070573
0.6875 0.21875 0.0833917
0.6875 0.25 0.0548993
0.65625 0.25 0.0420675
0.65625 0.21875 0.070573
0.65625 0.1875 0.0990803
0.6875 0.1875 0.11189
0.6875 0.21875 0.0833917
0.65625 0.21875 0.070573
0.625 0.1875 0.0862863
0.625 0.15625 0.114803
0.65625 0.15625 0.12759
0.65625 0.1875 0.0990803
0.625 0.1875 0.0862863
0.625 0.15625 0.114803
0.625 0.125 0.143326
0.65625 0.125 0.156103
0.65625 0.15625 0.12759
0.625 0.15625 0.114803
0.65625 0.1875 0.0990803
0.65625 0.15625 0.12759
0.6875 0.15625 0.140392
0.6875 0.1875 0.11189
0.65625 0.1875 0.0990803
0.65625 0.15625 0.12759
0.65625 0.125 0.156103
0.6875 0.125 0.168897
0.6875 0.15625 0.140392
0.65625 0.15625 0.12759
0.6875 0.25 0.0548993
0.6875 0.21875 0.0833917
0.71875 0.21875 0.0963077
0.71875 0.25 0.0679011
0.6875 0.25 0.0548993
0.6875 0.21875 0.0833917
0.6875 0.1875 0.11189
0.71875 0.1875 0.124765
0.71875 0.21875 0.0963077
0.6875 0.21875 0.0833917
0.71875 0.25 0.0679011
0.71875 0.21875 0.0963077
0.75 0.21875 0.109575
0.75 0.25 0.0814448
0.71875 0.25 0.0679011
0.71875 0.21875 0.0963077
0.71875 0.1875 0.124765
0.75 0.1875 0.13785
0.75 0.21875 0.109575
0.71875 0.21875 0.0963077
0.6875 0.1875 0.11189
0.6875 0.125 0.168897
0.75 0.125 0.194685
0.75 0.1875 0.13785
0.6875 0.1875 0.11189
0.625 0.125 0.143326
0.625 0.0625 0.200472
0.6875 0.0625 0.225923
0.6875 0.125 0.168897
0.625 0.125 0.143326
0.625 0.0625 0.200472
0.625 0 0.257968
0.6875 0 0.283074
0.6875 0.0625 0.225923
0.625 0.0625 0.200472
0.6875 0.125 0.168897
0.6875 0.0625 0.225923
0.75 0.0625 0.251588
0.75 0.125 0.194685
0.6875 0.125 0.168897
0.6875 0.0625 0.225923
0.6875 0 0.283074
0.75 0 0.308566
0.75 0.0625 0.251588
0.6875 0.0625 0.225923
0.75 0.5 -0.0215377
0.75 0.46875 -0.0334584
0.78125 0.46875 -0.00436177
0.78125 0.5 0.00725323
0.75 0.5 -0.0215377
0.75 0.46875 -0.0334584
0.75 0.4375 -0.0432262
0.78125 0.4375 -0.0132651
0.78125 0.46875 -0.00436177
0.75 0.46875 -0.0334584
0.78125 0.5 0.00725323
0.78125 0.46875 -0.00436177
0.8125 0.46875 0.0257826
0.8125 0.5 0.0365904
0.78125 0.5 0.00725323
0.78125 0.46875 -0.00436177
0.78125 0.4375 -0.0132651
0.8125 0.4375 0.0175536
0.8125 0.46875 0.0257826
0.78125 0.46875 -0.00436177
0.75 0.4375 -0.0432262
0.75 0.40625 -0.0388482
0.78125 0.40625 -0.0125345
0.78125 0.4375 -0.0132651
0.75 0.4375 -0.0432262
0.75 0.40625 -0.0388482
0.75 0.375 -0.0227854
0.78125 0.375 -0.00193946
0.78125 0.40625 -0.0125345
0.75 0.40625 -0.0388482
0.78125 0.4375 -0.0132651
0.78125 0.40625 -0.0125345
0.8125 0.40625 0.0166816
0.8125 0.4375 0.0175536
0.78125 0.4375 -0.0132651
0.78125 0.40625 -0.0125345
0.78125 0.375 -0.00193946
0.8125 0.375 0.0256596
0.8125 0.40625 0.0166816
0.78125 0.40625 -0.0125345
0.8125 0.5 0.0365904
0.8125 0.46875 0.0257826
0.84375 0.46875 0.0563359
0.84375 0.5 0.0663089
0.8125 0.5 0.0365904
0.8125 0.46875 0.0257826
0.8125 0.4375 0.0175536
0.84375 0.4375 0.0487964
0.84375 0.46875 0.0563359
0.8125 0.46875 0.0257826
0.84375 0.5 0.0663089
0.84375 0.46875 0.0563359
0.875 0.46875 0.086993
0.875 0.5 0.0962767
0.84375 0.5 0.0663089
0.84375 0.46875 0.0563359
0.84375 0.4375 0.0487964
0.875 0.4375 0.0800311
0.875 0.46875 0.086993
0.84375 0.46875 0.0563359
0.8125 0.4375 0.0175536
0.8125 0.40625 0.0166816
0.84375 0.40625 0.0478299
0.84375 0.4375 0.0487964
0.8125 0.4375 0.0175536
0.8125 0.40625 0.0166816
0.8125 0.375 0.0256596
0.84375 0.375 0.0548682
0.84375 0.40625 0.0478299
0.8125 0.40625 0.0166816
0.84375 0.4375 0.0487964
0.84375 0.40625 0.0478299
0.875 0.40625 0.078979
0.875 0.4375 0.0800311
0.84375 0.4375 0.0487964
0.84375 0.40625 0.0478299
0.84375 0.375 0.0548682
0.875 0.375 0.0846873
0.875 0.40625 0.078979
0.84375 0.40625 0.0478299
0.75 0.375 -0.0227854
0.75 0.34375 -0.000971556
0.78125 0.34375 0.0185521
0.78125 0.375 -0.00193946
0.75 0.375 -0.0227854
0.75 0.34375 -0.000971556
0.75 0.3125 0.0259624
0.78125 0.3125 0.0430664
0.78125 0.34375 0.0185521
0.75 0.34375 -0.000971556
0.78125 0.375 -0.00193946
0.78125 0.34375 0.0185521
0.8125 0.34375 0.0423498
0.8125 0.375 0.0256596
0.78125 0.375 -0.00193946
0.78125 0.34375 0.0185521
0.78125 0.3125 0.0430664
0.8125 0.3125 0.0633107
0.8125 0.34375 0.0423498
0.78125 0.34375 0.0185521
0.75 0.3125 0.0259624
0.75 0.28125 0.0535215
0.78125 0.28125 0.0691644
0.78125 0.3125 0.0430664
0.75 0.3125 0.0259624
0.75 0.28125 0.0535215
0.75 0.25 0.0814448
0.78125 0.25 0.0961554
0.78125 0.28125 0.0691644
0.75 0.28125 0.0535215
0.78125 0.3125 0.0430664
0.78125 0.28125 0.0691644
0.8125 0.28125 0.0871554
0.8125 0.3125 0.0633107
0.78125 0.3125 0.0430664
0.78125 0.28125 0.0691644
0.78125 0.25 0.0961554
0.8125 0.25 0.112634
0.8125 0.28125 0.0871554
0.78125 0.28125 0.0691644
0.8125 0.375 0.0256596
0.8125 0.34375 0.0423498
0.84375 0.34375 0.0685499
0.84375 0.375 0.0548682
0.8125 0.375 0.0256596
0.8125 0.34375 0.0423498
0.8125 0.3125 0.0633107
0.84375 0.3125 0.0866802
0.84375 0.34375 0.0685499
0.8125 0.34375 0.0423498
0.84375 0.375 0.0548682
0.84375 0.34375 0.0685499
0.875 0.34375 0.0960556
0.875 0.375 0.0846873
0.84375 0.375 0.0548682
0.84375 0.34375 0.0685499
0.84375 0.3125 0.0866802
0.875 0.3125 0.111818
0.875 0.34375 0.0960556
0.84375 0.34375 0.0685499
0.8125 0.3125 0.0633107
0.8125 0.28125 0.0871554
0.84375 0.28125 0.107785
0.84375 0.3125 0.0866802
0.8125 0.3125 0.0633107
0.8125 0.28125 0.0871554
0.8125 0.25 0.112634
0.84375 0.25 0.131318
0.84375 0.28125 0.107785
0.8125 0.28125 0.0871554
0.84375 0.3125 0.0866802
0.84375 0.28125 0.107785
0.875 0.28125 0.130734
0.875 0.3125 0.111818
0.84375 0.3125 0.0866802
0.84375 0.28125 0.107785
0.84375 0.25 0.131318
0.875 0.25 0.152267
0.875 0.28125 0.130734
0.84375 0.28125 0.107785
0.875 0.5 0.0962767
0.875 0.46875 0.086993
0.90625 0.46875 0.117713
0.90625 0.5 0.12639
0.875 0.5 0.0962767
0.875 0.46875 0.086993
0.875 0.4375 0.0800311
0.90625 0.4375 0.11125
0.90625 0.46875 0.117713
0.875 0.46875 0.086993
0.90625 0.5 0.12639
0.90625 0.46875 0.117713
0.9375 0.46875 0.148478
0.9375 0.5 0.156632
0.90625 0.5 0.12639
0.90625 0.46875 0.117713
0.90625 0.4375 0.11125
0.9375 0.4375 0.142445
0.9375 0.46875 0.148478
0.90625 0.46875 0.117713
0.875 0.4375 0.0800311
0.875 0.40625 0.078979
0.90625 0.40625 0.11011
0.90625 0.4375 0.11125
0.875 0.4375 0.0800311
0.875 0.40625 0.078979
0.875 0.375 0.0846873
0.90625 0.375 0.114835
0.90625 0.40625 0.11011
0.875 0.40625 0.078979
0.90625 0.4375 0.11125
0.90625 0.40625 0.11011
0.9375 0.40625 0.141217
0.9375 0.4375 0.142445
0.90625 0.4375 0.11125
0.90625 0.40625 0.11011
0.90625 0.375 0.114835
0.9375 0.375 0.145181
0.9375 0.40625 0.141217
0.90625 0.40625 0.11011
0.9375 0.5 0.156632
0.9375 0.4375 0.142445
1 0.4375 0.204884
1 0.5 0.218207
0.9375 0.5 0.156632
0.9375 0.4375 0.142445
0.9375 0.375 0.145181
1 0.375 0.20681
1 0.4375 0.204884
0.9375 0.4375 0.142445
0.875 0.375 0.0846873
0.875 0.34375 0.0960556
0.90625 0.34375 0.124557
0.90625 0.375 0.114835
0.875 0.375 0.0846873
0.875 0.34375 0.0960556
0.875 0.3125 0.111818
0.90625 0.3125 0.138469
0.90625 0.34375 0.124557
0.875 0.34375 0.0960556
0.90625 0.375 0.114835
0.90625 0.34375 0.124557
0.9375 0.34375 0.153629
0.9375 0.375 0.145181
0.90625 0.375 0.114835
0.90625 0.34375 0.124557
0.90625 0.3125 0.138469
0.9375 0.3125 0.165997
0.9375 0.34375 0.153629
0.90625 0.34375 0.124557
0.875 0.3125 0.111818
0.875 0.25 0.152267
0.9375 0.25 0.199057
0.9375 0.3125 0.165997
0.875 0.3125 0.111818
0.9375 0.375 0.145181
0.9375 0.3125 0.165997
1 0.3125 0.224078
1 0.375 0.20681
0.9375 0.375 0.145181
0.9375 0.3125 0.165997
0.9375 0.25 0.199057
1 0.25 0.252434
1 0.3125 0.224078
0.9375 0.3125 0.165997
0.75 0.25 0.0814448
0.75 0.21875 0.109575
0.78125 0.21875 0.123649
0.78125 0.25 0.0961554
0.75 0.25 0.0814448
0.75 0.21875 0.109575
0.75 0.1875 0.13785
0.78125 0.1875 0.151504
0.78125 0.21875 0.123649
0.75 0.21875 0.109575
0.78125 0.25 0.0961554
0.78125 0.21875 0.123649
0.8125 0.21875 0.139077
0.8125 0.25 0.112634
0.78125 0.25 0.0961554
0.78125 0.21875 0.123649
0.78125 0.1875 0.151504
0.8125 0.1875 0.166125
0.8125 0.21875 0.139077
0.78125 0.21875 0.123649
0.75 0.1875 0.13785
0.75 0.125 0.194685
0.8125 0.125 0.221888
0.8125 0.1875 0.166125
0.75 0.1875 0.13785
0.8125 0.25 0.112634
0.8125 0.1875 0.166125
0.875 0.1875 0.200152
0.875 0.25 0.152267
0.8125 0.25 0.112634
0.8125 0.1875 0.166125
0.8125 0.125 0.221888
0.875 0.125 0.252558
0.875 0.1875 0.200152
0.8125 0.1875 0.166125
0.75 0.125 0.194685
0.75 0 0.308566
0.875 0 0.363511
0.875 0.125 0.252558
0.75 0.125 0.194685
0.875 0.25 0.152267
0.875 0.1875 0.200152
0.9375 0.1875 0.240634
0.9375 0.25 0.199057
0.875 0.25 0.152267
0.875 0.1875 0.200152
0.875 0.125 0.252558
0.9375 0.125 0.288185
0.9375 0.1875 0.240634
0.875 0.1875 0.200152
0.9375 0.25 0.199057
0.9375 0.1875 0.240634
1 0.1875 0.288995
1 0.25 0.252434
0.9375 0.25 0.199057
0.9375 0.1875 0.240634
0.9375 0.125 0.288185
1 0.125 0.331291
1 0.1875 0.288995
0.9375 0.1875 0.240634
0.875 0.125 0.252558
0.875 0 0.363511
1 0 0.434306
1 0.125 0.331291
0.875 0.125 0.252558
