0 1 0.40875
0 0.875 0.318587
0.125 0.875 0.218632
0.125 1 0.322516
0 1 0.40875
0 0.875 0.318587
0 0.8125 0.282692
0.0625 0.8125 0.225679
0.0625 0.875 0.265636
0 0.875 0.318587
0 0.8125 0.282692
0 0.75 0.253946
0.0625 0.75 0.193601
0.0625 0.8125 0.225679
0 0.8125 0.282692
0.0625 0.875 0.265636
0.0625 0.8125 0.225679
0.125 0.8125 0.171597
0.125 0.875 0.218632
0.0625 0.875 0.265636
0.0625 0.8125 0.225679
0.0625 0.75 0.193601
0.125 0.75 0.13412
0.125 0.8125 0.171597
0.0625 0.8125 0.225679
0.125 1 0.322516
0.125 0.9375 0.269471
0.1875 0.9375 0.236688
0.1875 1 0.294724
0.125 1 0.322516
0.125 0.9375 0.269471
0.125 0.875 0.218632
0.1875 0.875 0.179971
0.1875 0.9375 0.236688
0.125 0.9375 0.269471
0.1875 1 0.294724
0.1875 0.9375 0.236688
0.25 0.9375 0.214842
0.25 1 0.276494
0.1875 1 0.294724
0.1875 0.9375 0.236688
0.1875 0.875 0.179971
0.25 0.875 0.153269
0.25 0.9375 0.214842
0.1875 0.9375 0.236688
0.125 0.875 0.218632
0.125 0.8125 0.171597
0.1875 0.8125 0.125669
0.1875 0.875 0.179971
0.125 0.875 0.218632
0.125 0.8125 0.171597
0.125 0.78125 0.1516
0.15625 0.78125 0.12583
0.15625 0.8125 0.147809
0.125 0.8125 0.171597
0.125 0.78125 0.1516
0.125 0.75 0.13412
0.15625 0.75 0.106311
0.15625 0.78125 0.12583
0.125 0.78125 0.1516
0.15625 0.8125 0.147809
0.15625 0.78125 0.12583
0.1875 0.78125 0.101388
0.1875 0.8125 0.125669
0.15625 0.8125 0.147809
0.15625 0.78125 0.12583
0.15625 0.75 0.106311
0.1875 0.75 0.0793752
0.1875 0.78125 0.101388
0.15625 0.78125 0.12583
0.1875 0.875 0.179971
0.1875 0.8125 0.125669
0.25 0.8125 0.092615
0.25 0.875 0.153269
0.1875 0.875 0.179971
0.1875 0.8125 0.125669
0.1875 0.78125 0.101388
0.21875 0.78125 0.0796267
0.21875 0.8125 0.106651
0.1875 0.8125 0.125669
0.1875 0.78125 0.101388
0.1875 0.75 0.0793752
0.21875 0.75 0.0542966
0.21875 0.78125 0.0796267
0.1875 0.78125 0.101388
0.21875 0.8125 0.106651
0.21875 0.78125 0.0796267
0.25 0.78125 0.0626301
0.25 0.8125 0.092615
0.21875 0.8125 0.106651
0.21875 0.78125 0.0796267
0.21875 0.75 0.0542966
0.25 0.75 0.0330795
0.25 0.78125 0.0626301
0.21875 0.78125 0.0796267
0 0.75 0.253946
0 0.6875 0.233892
0.0625 0.6875 0.171476
0.0625 0.75 0.193601
0 0.75 0.253946
0 0.6875 0.233892
0 0.625 0.234148
0.0625 0.625 0.171733
0.0625 0.6875 0.171476
0 0.6875 0.233892
0.0625 0.75 0.193601
0.0625 0.6875 0.171476
0.125 0.6875 0.109074
0.125 0.75 0.13412
0.0625 0.75 0.193601
0.0625 0.6875 0.171476
0.0625 0.625 0.171733
0.125 0.625 0.109338
0.125 0.6875 0.109074
0.0625 0.6875 0.171476
0 0.625 0.234148
0 0.5625 0.240251
0.0625 0.5625 0.178082
0.0625 0.625 0.171733
0 0.625 0.234148
0 0.5625 0.240251
0 0.5 0.247016
0.0625 0.5 0.184886
0.0625 0.5625 0.178082
0 0.5625 0.240251
0.0625 0.625 0.171733
0.0625 0.5625 0.178082
0.125 0.5625 0.115939
0.125 0.625 0.109338
0.0625 0.625 0.171733
0.0625 0.5625 0.178082
0.0625 0.5 0.184886
0.125 0.5 0.122759
0.125 0.5625 0.115939
0.0625 0.5625 0.178082
0.125 0.75 0.13412
0.125 0.71875 0.11967
0.15625 0.71875 0.0899455
0.15625 0.75 0.106311
0.125 0.75 0.13412
0.125 0.71875 0.11967
0.125 0.6875 0.109074
0.15625 0.6875 0.0778799
0.15625 0.71875 0.0899455
0.125 0.71875 0.11967
0.15625 0.75 0.106311
0.15625 0.71875 0.0899455
0.1875 0.71875 0.0605678
0.1875 0.75 0.0793752
0.15625 0.75 0.106311
0.15625 0.71875 0.0899455
0.15625 0.6875 0.0778799
0.1875 0.6875 0.0466528
0.1875 0.71875 0.0605678
0.15625 0.71875 0.0899455
0.125 0.6875 0.109074
0.125 0.65625 0.107016
0.15625 0.65625 0.0757759
0.15625 0.6875 0.0778799
0.125 0.6875 0.109074
0.125 0.65625 0.107016
0.125 0.625 0.109338
0.15625 0.625 0.078217
0.15625 0.65625 0.0757759
0.125 0.65625 0.107016
0.15625 0.6875 0.0778799
0.15625 0.65625 0.0757759
0.1875 0.65625 0.0445315
0.1875 0.6875 0.0466528
0.15625 0.6875 0.0778799
0.15625 0.65625 0.0757759
0.15625 0.625 0.078217
0.1875 0.625 0.0471013
0.1875 0.65625 0.0445315
0.15625 0.65625 0.0757759
0.1875 0.75 0.0793752
0.1875 0.71875 0.0605678
0.21875 0.71875 0.0318731
0.21875 0.75 0.0542966
0.1875 0.75 0.0793752
0.1875 0.71875 0.0605678
0.1875 0.6875 0.0466528
0.21875 0.6875 0.0154136
0.21875 0.71875 0.0318731
0.1875 0.71875 0.0605678
0.21875 0.75 0.0542966
0.21875 0.71875 0.0318731
0.25 0.71875 0.00418334
0.25 0.75 0.0330795
0.21875 0.75 0.0542966
0.21875 0.71875 0.0318731
0.21875 0.6875 0.0154136
0.25 0.6875 -0.0144628
0.25 0.71875 0.00418334
0.21875 0.71875 0.0318731
0.1875 0.6875 0.0466528
0.1875 0.65625 0.0445315
0.21875 0.65625 0.0132849
0.21875 0.6875 0.0154136
0.1875 0.6875 0.0466528
0.1875 0.65625 0.0445315
0.1875 0.625 0.0471013
0.21875 0.625 0.0159939
0.21875 0.65625 0.0132849
0.1875 0.65625 0.0445315
0.21875 0.6875 0.0154136
0.21875 0.65625 0.0132849
0.25 0.65625 -0.0178821
0.25 0.6875 -0.0144628
0.21875 0.6875 0.0154136
0.21875 0.65625 0.0132849
0.21875 0.625 0.0159939
0.25 0.625 -0.0150909
0.25 0.65625 -0.0178821
0.21875 0.65625 0.0132849
0.125 0.625 0.109338
0.125 0.59375 0.112553
0.15625 0.59375 0.0814791
0.15625 0.625 0.078217
0.125 0.625 0.109338
0.125 0.59375 0.112553
0.125 0.5625 0.115939
0.15625 0.5625 0.0848745
0.15625 0.59375 0.0814791
0.125 0.59375 0.112553
0.15625 0.625 0.078217
0.15625 0.59375 0.0814791
0.1875 0.59375 0.0504083
0.1875 0.625 0.0471013
0.15625 0.625 0.078217
0.15625 0.59375 0.0814791
0.15625 0.5625 0.0848745
0.1875 0.5625 0.0538105
0.1875 0.59375 0.0504083
0.15625 0.59375 0.0814791
0.125 0.5625 0.115939
0.125 0.53125 0.119348
0.15625 0.53125 0.0882845
0.15625 0.5625 0.0848745
0.125 0.5625 0.115939
0.125 0.53125 0.119348
0.125 0.5 0.122759
0.15625 0.5 0.0916957
0.15625 0.53125 0.0882845
0.125 0.53125 0.119348
0.15625 0.5625 0.0848745
0.15625 0.53125 0.0882845
0.1875 0.53125 0.0572212
0.1875 0.5625 0.0538105
0.15625 0.5625 0.0848745
0.15625 0.53125 0.0882845
0.15625 0.5 0.0916957
0.1875 0.5 0.0606324
0.1875 0.53125 0.0572212
0.15625 0.53125 0.0882845
0.1875 0.625 0.0471013
0.1875 0.59375 0.0504083
0.21875 0.59375 0.0193402
0.21875 0.625 0.0159939
0.1875 0.625 0.0471013
0.1875 0.59375 0.0504083
0.1875 0.5625 0.0538105
0.21875 0.5625 0.0227468
0.21875 0.59375 0.0193402
0.1875 0.59375 0.0504083
0.21875 0.625 0.0159939
0.21875 0.59375 0.0193402
0.25 0.59375 -0.0117253
0.25 0.625 -0.0150909
0.21875 0.625 0.0159939
0.21875 0.59375 0.0193402
0.21875 0.5625 0.0227468
0.25 0.5625 -0.00831657
0.25 0.59375 -0.0117253
0.21875 0.59375 0.0193402
0.1875 0.5625 0.0538105
0.1875 0.53125 0.0572212
0.21875 0.53125 0.0261579
0.21875 0.5625 0.0227468
0.1875 0.5625 0.0538105
0.1875 0.53125 0.0572212
0.1875 0.5 0.0606324
0.21875 0.5 0.0295692
0.21875 0.53125 0.0261579
0.1875 0.53125 0.0572212
0.21875 0.5625 0.0227468
0.21875 0.53125 0.0261579
0.25 0.53125 -0.00490537
0.25 0.5625 -0.00831657
0.21875 0.5625 0.0227468
0.21875 0.53125 0.0261579
0.21875 0.5 0.0295692
0.25 0.5 -0.00149408
0.25 0.53125 -0.00490537
0.21875 0.53125 0.0261579
0.25 1 0.276494
0.25 0.9375 0.214842
0.3125 0.9375 0.205367
0.3125 1 0.267491
0.25 1 0.276494
0.25 0.9375 0.214842
0.25 0.875 0.153269
0.3125 0.875 0.143244
0.3125 0.9375 0.205367
0.25 0.9375 0.214842
0.3125 1 0.267491
0.3125 0.9375 0.205367
0.375 0.9375 0.198531
0.375 1 0.260657
0.3125 1 0.267491
0.3125 0.9375 0.205367
0.3125 0.875 0.143244
0.375 0.875 0.136404
0.375 0.9375 0.198531
0.3125 0.9375 0.205367
0.25 0.875 0.153269
0.25 0.84375 0.122828
0.28125 0.84375 0.116094
0.28125 0.875 0.147078
0.25 0.875 0.153269
0.25 0.84375 0.122828
0.25 0.8125 0.092615
0.28125 0.8125 0.0851225
0.28125 0.84375 0.116094
0.25 0.84375 0.122828
0.28125 0.875 0.147078
0.28125 0.84375 0.116094
0.3125 0.84375 0.112184
0.3125 0.875 0.143244
0.28125 0.875 0.147078
0.28125 0.84375 0.116094
0.28125 0.8125 0.0851225
0.3125 0.8125 0.0811244
0.3125 0.84375 0.112184
0.28125 0.84375 0.116094
0.25 0.8125 0.092615
0.25 0.78125 0.0626301
0.28125 0.78125 0.0541654
0.28125 0.8125 0.0851225
0.25 0.8125 0.092615
0.25 0.78125 0.0626301
0.25 0.75 0.0330795
0.28125 0.75 0.0232253
0.28125 0.78125 0.0541654
0.25 0.78125 0.0626301
0.28125 0.8125 0.0851225
0.28125 0.78125 0.0541654
0.3125 0.78125 0.0500653
0.3125 0.8125 0.0811244
0.28125 0.8125 0.0851225
0.28125 0.78125 0.0541654
0.28125 0.75 0.0232253
0.3125 0.75 0.0190067
0.3125 0.78125 0.0500653
0.28125 0.78125 0.0541654
0.3125 0.875 0.143244
0.3125 0.84375 0.112184
0.34375 0.84375 0.108753
0.34375 0.875 0.139816
0.3125 0.875 0.143244
0.3125 0.84375 0.112184
0.3125 0.8125 0.0811244
0.34375 0.8125 0.0776897
0.34375 0.84375 0.108753
0.3125 0.84375 0.112184
0.34375 0.875 0.139816
0.34375 0.84375 0.108753
0.375 0.84375 0.105341
0.375 0.875 0.136404
0.34375 0.875 0.139816
0.34375 0.84375 0.108753
0.34375 0.8125 0.0776897
0.375 0.8125 0.0742778
0.375 0.84375 0.105341
0.34375 0.84375 0.108753
0.3125 0.8125 0.0811244
0.3125 0.78125 0.0500653
0.34375 0.78125 0.0466266
0.34375 0.8125 0.0776897
0.3125 0.8125 0.0811244
0.3125 0.78125 0.0500653
0.3125 0.75 0.0190067
0.34375 0.75 0.0155635
0.34375 0.78125 0.0466266
0.3125 0.78125 0.0500653
0.34375 0.8125 0.0776897
0.34375 0.78125 0.0466266
0.375 0.78125 0.0432146
0.375 0.8125 0.0742778
0.34375 0.8125 0.0776897
0.34375 0.78125 0.0466266
0.34375 0.75 0.0155635
0.375 0.75 0.0121513
0.375 0.78125 0.0432146
0.34375 0.78125 0.0466266
0.375 1 0.260657
0.375 0.9375 0.198531
0.4375 0.9375 0.191708
0.4375 1 0.253835
0.375 1 0.260657
0.375 0.9375 0.198531
0.375 0.875 0.136404
0.4375 0.875 0.129582
0.4375 0.9375 0.191708
0.375 0.9375 0.198531
0.4375 1 0.253835
0.4375 0.9375 0.191708
0.5 0.9375 0.184888
0.5 1 0.247019
0.4375 1 0.253835
0.4375 0.9375 0.191708
0.4375 0.875 0.129582
0.5 0.875 0.122759
0.5 0.9375 0.184888
0.4375 0.9375 0.191708
0.375 0.875 0.136404
0.375 0.84375 0.105341
0.40625 0.84375 0.10193
0.40625 0.875 0.132993
0.375 0.875 0.136404
0.375 0.84375 0.105341
0.375 0.8125 0.0742778
0.40625 0.8125 0.0708665
0.40625 0.84375 0.10193
0.375 0.84375 0.105341
0.40625 0.875 0.132993
0.40625 0.84375 0.10193
0.4375 0.84375 0.0985185
0.4375 0.875 0.129582
0.40625 0.875 0.132993
0.40625 0.84375 0.10193
0.40625 0.8125 0.0708665
0.4375 0.8125 0.0674552
0.4375 0.84375 0.0985185
0.40625 0.84375 0.10193
0.375 0.8125 0.0742778
0.375 0.78125 0.0432146
0.40625 0.78125 0.0398033
0.40625 0.8125 0.0708665
0.375 0.8125 0.0742778
0.375 0.78125 0.0432146
0.375 0.75 0.0121513
0.40625 0.75 0.00874001
0.40625 0.78125 0.0398033
0.375 0.78125 0.0432146
0.40625 0.8125 0.0708665
0.40625 0.78125 0.0398033
0.4375 0.78125 0.036392
0.4375 0.8125 0.0674552
0.40625 0.8125 0.0708665
0.40625 0.78125 0.0398033
0.40625 0.75 0.00874001
0.4375 0.75 0.00532871
0.4375 0.78125 0.036392
0.40625 0.78125 0.0398033
0.4375 0.875 0.129582
0.4375 0.84375 0.0985185
0.46875 0.84375 0.0951072
0.46875 0.875 0.12617
0.4375 0.875 0.129582
0.4375 0.84375 0.0985185
0.4375 0.8125 0.0674552
0.46875 0.8125 0.0640439
0.46875 0.84375 0.0951072
0.4375 0.84375 0.0985185
0.46875 0.875 0.12617
0.46875 0.84375 0.0951072
0.5 0.84375 0.0916959
0.5 0.875 0.122759
0.46875 0.875 0.12617
0.46875 0.84375 0.0951072
0.46875 0.8125 0.0640439
0.5 0.8125 0.0606326
0.5 0.84375 0.0916959
0.46875 0.84375 0.0951072
0.4375 0.8125 0.0674552
0.4375 0.78125 0.036392
0.46875 0.78125 0.0329807
0.46875 0.8125 0.0640439
0.4375 0.8125 0.0674552
0.4375 0.78125 0.036392
0.4375 0.75 0.00532871
0.46875 0.75 0.00191742
0.46875 0.78125 0.0329807
0.4375 0.78125 0.036392
0.46875 0.8125 0.0640439
0.46875 0.78125 0.0329807
0.5 0.78125 0.0295694
0.5 0.8125 0.0606326
0.46875 0.8125 0.0640439
0.46875 0.78125 0.0329807
0.46875 0.75 0.00191742
0.5 0.75 -0.00149388
0.5 0.78125 0.0295694
0.46875 0.78125 0.0329807
0.25 0.75 0.0330795
0.25 0.71875 0.00418334
0.28125 0.71875 -0.00758104
0.28125 0.75 0.0232253
0.25 0.75 0.0330795
0.25 0.71875 0.00418334
0.25 0.6875 -0.0144628
0.28125 0.6875 -0.0354959
0.28125 0.71875 -0.00758104
0.25 0.71875 0.00418334
0.28125 0.75 0.0232253
0.28125 0.71875 -0.00758104
0.3125 0.71875 -0.012033
0.3125 0.75 0.0190067
0.28125 0.75 0.0232253
0.28125 0.71875 -0.00758104
0.28125 0.6875 -0.0354959
0.3125 0.6875 -0.0428847
0.3125 0.71875 -0.012033
0.28125 0.71875 -0.00758104
0.25 0.6875 -0.0144628
0.25 0.65625 -0.0178821
0.28125 0.65625 -0.0487288
0.28125 0.6875 -0.0354959
0.25 0.6875 -0.0144628
0.25 0.65625 -0.0178821
0.25 0.625 -0.0150909
0.28125 0.625 -0.0461587
0.28125 0.65625 -0.0487288
0.25 0.65625 -0.0178821
0.28125 0.6875 -0.0354959
0.28125 0.65625 -0.0487288
0.3125 0.65625 -0.0705268
0.3125 0.6875 -0.0428847
0.28125 0.6875 -0.0354959
0.28125 0.65625 -0.0487288
0.28125 0.625 -0.0461587
0.3125 0.625 -0.0772257
0.3125 0.65625 -0.0705268
0.28125 0.65625 -0.0487288
0.3125 0.75 0.0190067
0.3125 0.71875 -0.012033
0.34375 0.71875 -0.0154984
0.34375 0.75 0.0155635
0.3125 0.75 0.0190067
0.3125 0.71875 -0.012033
0.3125 0.6875 -0.0428847
0.34375 0.6875 -0.0465513
0.34375 0.71875 -0.0154984
0.3125 0.71875 -0.012033
0.34375 0.75 0.0155635
0.34375 0.71875 -0.0154984
0.375 0.71875 -0.0189119
0.375 0.75 0.0121513
0.34375 0.75 0.0155635
0.34375 0.71875 -0.0154984
0.34375 0.6875 -0.0465513
0.375 0.6875 -0.0499746
0.375 0.71875 -0.0189119
0.34375 0.71875 -0.0154984
0.3125 0.6875 -0.0428847
0.3125 0.65625 -0.0705268
0.34375 0.65625 -0.0774388
0.34375 0.6875 -0.0465513
0.3125 0.6875 -0.0428847
0.3125 0.65625 -0.0705268
0.3125 0.625 -0.0772257
0.34375 0.625 -0.102387
0.34375 0.65625 -0.0774388
0.3125 0.65625 -0.0705268
0.34375 0.6875 -0.0465513
0.34375 0.65625 -0.0774388
0.375 0.65625 -0.0810307
0.375 0.6875 -0.0499746
0.34375 0.6875 -0.0465513
0.34375 0.65625 -0.0774388
0.34375 0.625 -0.102387
0.375 0.625 -0.111752
0.375 0.65625 -0.0810307
0.34375 0.65625 -0.0774388
0.25 0.625 -0.0150909
0.25 0.59375 -0.0117253
0.28125 0.59375 -0.0427887
0.28125 0.625 -0.0461587
0.25 0.625 -0.0150909
0.25 0.59375 -0.0117253
0.25 0.5625 -0.00831657
0.28125 0.5625 -0.0393798
0.28125 0.59375 -0.0427887
0.25 0.59375 -0.0117253
0.28125 0.625 -0.0461587
0.28125 0.59375 -0.0427887
0.3125 0.59375 -0.0738523
0.3125 0.625 -0.0772257
0.28125 0.625 -0.0461587
0.28125 0.59375 -0.0427887
0.28125 0.5625 -0.0393798
0.3125 0.5625 -0.0704431
0.3125 0.59375 -0.0738523
0.28125 0.59375 -0.0427887
0.25 0.5625 -0.00831657
0.25 0.53125 -0.00490537
0.28125 0.53125 -0.0359686
0.28125 0.5625 -0.0393798
0.25 0.5625 -0.00831657
0.25 0.53125 -0.00490537
0.25 0.5 -0.00149408
0.28125 0.5 -0.0325573
0.28125 0.53125 -0.0359686
0.25 0.53125 -0.00490537
0.28125 0.5625 -0.0393798
0.28125 0.53125 -0.0359686
0.3125 0.53125 -0.0670319
0.3125 0.5625 -0.0704431
0.28125 0.5625 -0.0393798
0.28125 0.53125 -0.0359686
0.28125 0.5 -0.0325573
0.3125 0.5 -0.0636206
0.3125 0.53125 -0.0670319
0.28125 0.53125 -0.0359686
0.3125 0.625 -0.0772257
0.3125 0.59375 -0.0738523
0.34375 0.59375 -0.104915
0.34375 0.625 -0.102387
0.3125 0.625 -0.0772257
0.3125 0.59375 -0.0738523
0.3125 0.5625 -0.0704431
0.34375 0.5625 -0.101506
0.34375 0.59375 -0.104915
0.3125 0.59375 -0.0738523
0.34375 0.625 -0.102387
0.34375 0.59375 -0.104915
0.375 0.59375 -0.132963
0.375 0.625 -0.111752
0.34375 0.625 -0.102387
0.34375 0.59375 -0.104915
0.34375 0.5625 -0.101506
0.375 0.5625 -0.132568
0.375 0.59375 -0.132963
0.34375 0.59375 -0.104915
0.3125 0.5625 -0.0704431
0.3125 0.53125 -0.0670319
0.34375 0.53125 -0.0980951
0.34375 0.5625 -0.101506
0.3125 0.5625 -0.0704431
0.3125 0.53125 -0.0670319
0.3125 0.5 -0.0636206
0.34375 0.5 -0.0946838
0.34375 0.53125 -0.0980951
0.3125 0.53125 -0.0670319
0.34375 0.5625 -0.101506
0.34375 0.53125 -0.0980951
0.375 0.53125 -0.129158
0.375 0.5625 -0.132568
0.34375 0.5625 -0.101506
0.34375 0.53125 -0.0980951
0.34375 0.5 -0.0946838
0.375 0.5 -0.125747
0.375 0.53125 -0.129158
0.34375 0.53125 -0.0980951
0.375 0.75 0.0121513
0.375 0.71875 -0.0189119
0.40625 0.71875 -0.0223232
0.40625 0.75 0.00874001
0.375 0.75 0.0121513
0.375 0.71875 -0.0189119
0.375 0.6875 -0.0499746
0.40625 0.6875 -0.0533865
0.40625 0.71875 -0.0223232
0.375 0.71875 -0.0189119
0.40625 0.75 0.00874001
0.40625 0.71875 -0.0223232
0.4375 0.71875 -0.0257345
0.4375 0.75 0.00532871
0.40625 0.75 0.00874001
0.40625 0.71875 -0.0223232
0.40625 0.6875 -0.0533865
0.4375 0.6875 -0.0567978
0.4375 0.71875 -0.0257345
0.40625 0.71875 -0.0223232
0.375 0.6875 -0.0499746
0.375 0.65625 -0.0810307
0.40625 0.65625 -0.0844494
0.40625 0.6875 -0.0533865
0.375 0.6875 -0.0499746
0.375 0.65625 -0.0810307
0.375 0.625 -0.111752
0.40625 0.625 -0.115499
0.40625 0.65625 -0.0844494
0.375 0.65625 -0.0810307
0.40625 0.6875 -0.0533865
0.40625 0.65625 -0.0844494
0.4375 0.65625 -0.087861
0.4375 0.6875 -0.0567978
0.40625 0.6875 -0.0533865
0.40625 0.65625 -0.0844494
0.40625 0.625 -0.115499
0.4375 0.625 -0.118924
0.4375 0.65625 -0.087861
0.40625 0.65625 -0.0844494
0.4375 0.75 0.00532871
0.4375 0.71875 -0.0257345
0.46875 0.71875 -0.0291458
0.46875 0.75 0.00191742
0.4375 0.75 0.00532871
0.4375 0.71875 -0.0257345
0.4375 0.6875 -0.0567978
0.46875 0.6875 -0.0602091
0.46875 0.71875 -0.0291458
0.4375 0.71875 -0.0257345
0.46875 0.75 0.00191742
0.46875 0.71875 -0.0291458
0.5 0.71875 -0.0325571
0.5 0.75 -0.00149388
0.46875 0.75 0.00191742
0.46875 0.71875 -0.0291458
0.46875 0.6875 -0.0602091
0.5 0.6875 -0.0636204
0.5 0.71875 -0.0325571
0.46875 0.71875 -0.0291458
0.4375 0.6875 -0.0567978
0.4375 0.65625 -0.087861
0.46875 0.65625 -0.0912723
0.46875 0.6875 -0.0602091
0.4375 0.6875 -0.0567978
0.4375 0.65625 -0.087861
0.4375 0.625 -0.118924
0.46875 0.625 -0.122336
0.46875 0.65625 -0.0912723
0.4375 0.65625 -0.087861
0.46875 0.6875 -0.0602091
0.46875 0.65625 -0.0912723
0.5 0.65625 -0.0946836
0.5 0.6875 -0.0636204
0.46875 0.6875 -0.0602091
0.46875 0.65625 -0.0912723
0.46875 0.625 -0.122336
0.5 0.625 -0.125747
0.5 0.65625 -0.0946836
0.46875 0.65625 -0.0912723
0.375 0.625 -0.111752
0.375 0.5625 -0.132568
0.4375 0.5625 -0.176219
0.4375 0.625 -0.118924
0.375 0.625 -0.111752
0.375 0.5625 -0.132568
0.375 0.5 -0.125747
0.4375 0.5 -0.184672
0.4375 0.5625 -0.176219
0.375 0.5625 -0.132568
0.4375 0.625 -0.118924
0.4375 0.5625 -0.176219
0.5 0.5625 -0.188244
0.5 0.625 -0.125747
0.4375 0.625 -0.118924
0.4375 0.5625 -0.176219
0.4375 0.5 -0.184672
0.5 0.5 -0.226769
0.5 0.5625 -0.188244
0.4375 0.5625 -0.176219
0 0.5 0.247016
0 0.4375 0.253835
0.0625 0.4375 0.191708
0.0625 0.5 0.184886
0 0.5 0.247016
0 0.4375 0.253835
0 0.375 0.260657
0.0625 0.375 0.198531
0.0625 0.4375 0.191708
0 0.4375 0.253835
0.0625 0.5 0.184886
0.0625 0.4375 0.191708
0.125 0.4375 0.129582
0.125 0.5 0.122759
0.0625 0.5 0.184886
0.0625 0.4375 0.191708
0.0625 0.375 0.198531
0.125 0.375 0.136405
0.125 0.4375 0.129582
0.0625 0.4375 0.191708
0 0.375 0.260657
0 0.3125 0.267555
0.0625 0.3125 0.205445
0.0625 0.375 0.198531
0 0.375 0.260657
0 0.3125 0.267555
0 0.25 0.276511
0.0625 0.25 0.21485
0.0625 0.3125 0.205445
0 0.3125 0.267555
0.0625 0.375 0.198531
0.0625 0.3125 0.205445
0.125 0.3125 0.143345
0.125 0.375 0.136405
0.0625 0.375 0.198531
0.0625 0.3125 0.205445
0.0625 0.25 0.21485
0.125 0.25 0.153463
0.125 0.3125 0.143345
0.0625 0.3125 0.205445
0.125 0.5 0.122759
0.125 0.46875 0.12617
0.15625 0.46875 0.095107
0.15625 0.5 0.0916957
0.125 0.5 0.122759
0.125 0.46875 0.12617
0.125 0.4375 0.129582
0.15625 0.4375 0.0985183
0.15625 0.46875 0.095107
0.125 0.46875 0.12617
0.15625 0.5 0.0916957
0.15625 0.46875 0.095107
0.1875 0.46875 0.0640437
0.1875 0.5 0.0606324
0.15625 0.5 0.0916957
0.15625 0.46875 0.095107
0.15625 0.4375 0.0985183
0.1875 0.4375 0.067455
0.1875 0.46875 0.0640437
0.15625 0.46875 0.095107
0.125 0.4375 0.129582
0.125 0.40625 0.132993
0.15625 0.40625 0.10193
0.15625 0.4375 0.0985183
0.125 0.4375 0.129582
0.125 0.40625 0.132993
0.125 0.375 0.136405
0.15625 0.375 0.105341
0.15625 0.40625 0.10193
0.125 0.40625 0.132993
0.15625 0.4375 0.0985183
0.15625 0.40625 0.10193
0.1875 0.40625 0.0708663
0.1875 0.4375 0.067455
0.15625 0.4375 0.0985183
0.15625 0.40625 0.10193
0.15625 0.375 0.105341
0.1875 0.375 0.0742783
0.1875 0.40625 0.0708663
0.15625 0.40625 0.10193
0.1875 0.5 0.0606324
0.1875 0.46875 0.0640437
0.21875 0.46875 0.0329805
0.21875 0.5 0.0295692
0.1875 0.5 0.0606324
0.1875 0.46875 0.0640437
0.1875 0.4375 0.067455
0.21875 0.4375 0.0363918
0.21875 0.46875 0.0329805
0.1875 0.46875 0.0640437
0.21875 0.5 0.0295692
0.21875 0.46875 0.0329805
0.25 0.46875 0.00191722
0.25 0.5 -0.00149408
0.21875 0.5 0.0295692
0.21875 0.46875 0.0329805
0.21875 0.4375 0.0363918
0.25 0.4375 0.00532852
0.25 0.46875 0.00191722
0.21875 0.46875 0.0329805
0.1875 0.4375 0.067455
0.1875 0.40625 0.0708663
0.21875 0.40625 0.0398031
0.21875 0.4375 0.0363918
0.1875 0.4375 0.067455
0.1875 0.40625 0.0708663
0.1875 0.375 0.0742783
0.21875 0.375 0.0432152
0.21875 0.40625 0.0398031
0.1875 0.40625 0.0708663
0.21875 0.4375 0.0363918
0.21875 0.40625 0.0398031
0.25 0.40625 0.00873986
0.25 0.4375 0.00532852
0.21875 0.4375 0.0363918
0.21875 0.40625 0.0398031
0.21875 0.375 0.0432152
0.25 0.375 0.012152
0.25 0.40625 0.00873986
0.21875 0.40625 0.0398031
0.125 0.375 0.136405
0.125 0.34375 0.139823
0.15625 0.34375 0.108762
0.15625 0.375 0.105341
0.125 0.375 0.136405
0.125 0.34375 0.139823
0.125 0.3125 0.143345
0.15625 0.3125 0.112309
0.15625 0.34375 0.108762
0.125 0.34375 0.139823
0.15625 0.375 0.105341
0.15625 0.34375 0.108762
0.1875 0.34375 0.0777009
0.1875 0.375 0.0742783
0.15625 0.375 0.105341
0.15625 0.34375 0.108762
0.15625 0.3125 0.112309
0.1875 0.3125 0.0812753
0.1875 0.34375 0.0777009
0.15625 0.34375 0.108762
0.125 0.3125 0.143345
0.125 0.28125 0.147555
0.15625 0.28125 0.116672
0.15625 0.3125 0.112309
0.125 0.3125 0.143345
0.125 0.28125 0.147555
0.125 0.25 0.153463
0.15625 0.25 0.123132
0.15625 0.28125 0.116672
0.125 0.28125 0.147555
0.15625 0.3125 0.112309
0.15625 0.28125 0.116672
0.1875 0.28125 0.0858336
0.1875 0.3125 0.0812753
0.15625 0.3125 0.112309
0.15625 0.28125 0.116672
0.15625 0.25 0.123132
0.1875 0.25 0.0929698
0.1875 0.28125 0.0858336
0.15625 0.28125 0.116672
0.1875 0.375 0.0742783
0.1875 0.34375 0.0777009
0.21875 0.34375 0.0466398
0.21875 0.375 0.0432152
0.1875 0.375 0.0742783
0.1875 0.34375 0.0777009
0.1875 0.3125 0.0812753
0.21875 0.3125 0.050243
0.21875 0.34375 0.0466398
0.1875 0.34375 0.0777009
0.21875 0.375 0.0432152
0.21875 0.34375 0.0466398
0.25 0.34375 0.0155788
0.25 0.375 0.012152
0.21875 0.375 0.0432152
0.21875 0.34375 0.0466398
0.21875 0.3125 0.050243
0.25 0.3125 0.0192138
0.25 0.34375 0.0155788
0.21875 0.34375 0.0466398
0.1875 0.3125 0.0812753
0.1875 0.28125 0.0858336
0.21875 0.28125 0.0550252
0.21875 0.3125 0.050243
0.1875 0.3125 0.0812753
0.1875 0.28125 0.0858336
0.1875 0.25 0.0929698
0.21875 0.25 0.0630582
0.21875 0.28125 0.0550252
0.1875 0.28125 0.0858336
0.21875 0.3125 0.050243
0.21875 0.28125 0.0550252
0.25 0.28125 0.0242653
0.25 0.3125 0.0192138
0.21875 0.3125 0.050243
0.21875 0.28125 0.0550252
0.21875 0.25 0.0630582
0.25 0.25 0.0335702
0.25 0.28125 0.0242653
0.21875 0.28125 0.0550252
0 0.25 0.276511
0 0.1875 0.291802
0.0625 0.1875 0.232174
0.0625 0.25 0.21485
0 0.25 0.276511
0 0.1875 0.291802
0 0.125 0.315703
0.0625 0.125 0.260172
0.0625 0.1875 0.232174
0 0.1875 0.291802
0.0625 0.25 0.21485
0.0625 0.1875 0.232174
0.125 0.1875 0.17453
0.125 0.25 0.153463
0.0625 0.25 0.21485
0.0625 0.1875 0.232174
0.0625 0.125 0.260172
0.125 0.125 0.209088
0.125 0.1875 0.17453
0.0625 0.1875 0.232174
0 0.125 0.315703
0 0 0.395763
0.125 0 0.300022
0.125 0.125 0.209088
0 0.125 0.315703
0.125 0.25 0.153463
0.125 0.1875 0.17453
0.1875 0.1875 0.120148
0.1875 0.25 0.0929698
0.125 0.25 0.153463
0.125 0.1875 0.17453
0.125 0.125 0.209088
0.1875 0.125 0.161552
0.1875 0.1875 0.120148
0.125 0.1875 0.17453
0.1875 0.25 0.0929698
0.1875 0.21875 0.104318
0.21875 0.21875 0.0766291
0.21875 0.25 0.0630582
0.1875 0.25 0.0929698
0.1875 0.21875 0.104318
0.1875 0.1875 0.120148
0.21875 0.1875 0.0954968
0.21875 0.21875 0.0766291
0.1875 0.21875 0.104318
0.21875 0.25 0.0630582
0.21875 0.21875 0.0766291
0.25 0.21875 0.0511829
0.25 0.25 0.0335702
0.21875 0.25 0.0630582
0.21875 0.21875 0.0766291
0.21875 0.1875 0.0954968
0.25 0.1875 0.0738328
0.25 0.21875 0.0511829
0.21875 0.21875 0.0766291
0.1875 0.1875 0.120148
0.1875 0.15625 0.139454
0.21875 0.15625 0.117743
0.21875 0.1875 0.0954968
0.1875 0.1875 0.120148
0.1875 0.15625 0.139454
0.1875 0.125 0.161552
0.21875 0.125 0.142329
0.21875 0.15625 0.117743
0.1875 0.15625 0.139454
0.21875 0.1875 0.0954968
0.21875 0.15625 0.117743
0.25 0.15625 0.0992372
0.25 0.1875 0.0738328
0.21875 0.1875 0.0954968
0.21875 0.15625 0.117743
0.21875 0.125 0.142329
0.25 0.125 0.126332
0.25 0.15625 0.0992372
0.21875 0.15625 0.117743
0.125 0.125 0.209088
0.125 0.0625 0.250633
0.1875 0.0625 0.211371
0.1875 0.125 0.161552
0.125 0.125 0.209088
0.125 0.0625 0.250633
0.125 0 0.300022
0.1875 0 0.267007
0.1875 0.0625 0.211371
0.125 0.0625 0.250633
0.1875 0.125 0.161552
0.1875 0.0625 0.211371
0.25 0.0625 0.184009
0.25 0.125 0.126332
0.1875 0.125 0.161552
0.1875 0.0625 0.211371
0.1875 0 0.267007
0.25 0 0.243927
0.25 0.0625 0.184009
0.1875 0.0625 0.211371
0.25 0.5 -0.00149408
0.25 0.46875 0.00191722
0.28125 0.46875 -0.029146
0.28125 0.5 -0.0325573
0.25 0.5 -0.00149408
0.25 0.46875 0.00191722
0.25 0.4375 0.00532852
0.28125 0.4375 -0.0257347
0.28125 0.46875 -0.029146
0.25 0.46875 0.00191722
0.28125 0.5 -0.0325573
0.28125 0.46875 -0.029146
0.3125 0.46875 -0.0602092
0.3125 0.5 -0.0636206
0.28125 0.5 -0.0325573
0.28125 0.46875 -0.029146
0.28125 0.4375 -0.0257347
0.3125 0.4375 -0.0567975
0.3125 0.46875 -0.0602092
0.28125 0.46875 -0.029146
0.25 0.4375 0.00532852
0.25 0.40625 0.00873986
0.28125 0.40625 -0.0223229
0.28125 0.4375 -0.0257347
0.25 0.4375 0.00532852
0.25 0.40625 0.00873986
0.25 0.375 0.012152
0.28125 0.375 -0.0189069
0.28125 0.40625 -0.0223229
0.25 0.40625 0.00873986
0.28125 0.4375 -0.0257347
0.28125 0.40625 -0.0223229
0.3125 0.40625 -0.0533826
0.3125 0.4375 -0.0567975
0.28125 0.4375 -0.0257347
0.28125 0.40625 -0.0223229
0.28125 0.375 -0.0189069
0.3125 0.375 -0.0499384
0.3125 0.40625 -0.0533826
0.28125 0.40625 -0.0223229
0.3125 0.5 -0.0636206
0.3125 0.46875 -0.0602092
0.34375 0.46875 -0.0912721
0.34375 0.5 -0.0946838
0.3125 0.5 -0.0636206
0.3125 0.46875 -0.0602092
0.3125 0.4375 -0.0567975
0.34375 0.4375 -0.0878572
0.34375 0.46875 -0.0912721
0.3125 0.46875 -0.0602092
0.34375 0.5 -0.0946838
0.34375 0.46875 -0.0912721
0.375 0.46875 -0.122331
0.375 0.5 -0.125747
0.34375 0.5 -0.0946838
0.34375 0.46875 -0.0912721
0.34375 0.4375 -0.0878572
0.375 0.4375 -0.118876
0.375 0.46875 -0.122331
0.34375 0.46875 -0.0912721
0.3125 0.4375 -0.0567975
0.3125 0.40625 -0.0533826
0.34375 0.40625 -0.0844133
0.34375 0.4375 -0.0878572
0.3125 0.4375 -0.0567975
0.3125 0.40625 -0.0533826
0.3125 0.375 -0.0499384
0.34375 0.375 -0.0807212
0.34375 0.40625 -0.0844133
0.3125 0.40625 -0.0533826
0.34375 0.4375 -0.0878572
0.34375 0.40625 -0.0844133
0.375 0.40625 -0.115087
0.375 0.4375 -0.118876
0.34375 0.4375 -0.0878572
0.34375 0.40625 -0.0844133
0.34375 0.375 -0.0807212
0.375 0.375 -0.109287
0.375 0.40625 -0.115087
0.34375 0.40625 -0.0844133
0.25 0.375 0.012152
0.25 0.34375 0.0155788
0.28125 0.34375 -0.0154471
0.28125 0.375 -0.0189069
0.25 0.375 0.012152
0.25 0.34375 0.0155788
0.25 0.3125 0.0192138
0.28125 0.3125 -0.0116149
0.28125 0.34375 -0.0154471
0.25 0.34375 0.0155788
0.28125 0.375 -0.0189069
0.28125 0.34375 -0.0154471
0.3125 0.34375 -0.0462543
0.3125 0.375 -0.0499384
0.28125 0.375 -0.0189069
0.28125 0.34375 -0.0154471
0.28125 0.3125 -0.0116149
0.3125 0.3125 -0.0411259
0.3125 0.34375 -0.0462543
0.28125 0.34375 -0.0154471
0.25 0.3125 0.0192138
0.25 0.28125 0.0242653
0.28125 0.28125 -0.006011
0.28125 0.3125 -0.0116149
0.25 0.3125 0.0192138
0.25 0.28125 0.0242653
0.25 0.25 0.0335702
0.28125 0.25 0.00488452
0.28125 0.28125 -0.006011
0.25 0.28125 0.0242653
0.28125 0.3125 -0.0116149
0.28125 0.28125 -0.006011
0.3125 0.28125 -0.0314081
0.3125 0.3125 -0.0411259
0.28125 0.3125 -0.0116149
0.28125 0.28125 -0.006011
0.28125 0.25 0.00488452
0.3125 0.25 -0.0140327
0.3125 0.28125 -0.0314081
0.28125 0.28125 -0.006011
0.3125 0.375 -0.0499384
0.3125 0.34375 -0.0462543
0.34375 0.34375 -0.0754594
0.34375 0.375 -0.0807212
0.3125 0.375 -0.0499384
0.3125 0.34375 -0.0462543
0.3125 0.3125 -0.0411259
0.34375 0.3125 -0.0650105
0.34375 0.34375 -0.0754594
0.3125 0.34375 -0.0462543
0.34375 0.375 -0.0807212
0.34375 0.34375 -0.0754594
0.375 0.34375 -0.0974013
0.375 0.375 -0.109287
0.34375 0.375 -0.0807212
0.34375 0.34375 -0.0754594
0.34375 0.3125 -0.0650105
0.375 0.3125 -0.0765805
0.375 0.34375 -0.0974013
0.34375 0.34375 -0.0754594
0.3125 0.3125 -0.0411259
0.3125 0.28125 -0.0314081
0.34375 0.28125 -0.0461486
0.34375 0.3125 -0.0650105
0.3125 0.3125 -0.0411259
0.3125 0.28125 -0.0314081
0.3125 0.25 -0.0140327
0.34375 0.25 -0.017731
0.34375 0.28125 -0.0461486
0.3125 0.28125 -0.0314081
0.34375 0.3125 -0.0650105
0.34375 0.28125 -0.0461486
0.375 0.28125 -0.0461182
0.375 0.3125 -0.0765805
0.34375 0.3125 -0.0650105
0.34375 0.28125 -0.0461486
0.34375 0.25 -0.017731
0.375 0.25 -0.0150601
0.375 0.28125 -0.0461182
0.34375 0.28125 -0.0461486
0.375 0.5 -0.125747
0.375 0.4375 -0.118876
0.4375 0.4375 -0.168773
0.4375 0.5 -0.184672
0.375 0.5 -0.125747
0.375 0.4375 -0.118876
0.375 0.375 -0.109287
0.4375 0.375 -0.132518
0.4375 0.4375 -0.168773
0.375 0.4375 -0.118876
0.4375 0.5 -0.184672
0.4375 0.4375 -0.168773
0.5 0.4375 -0.184547
0.5 0.5 -0.226769
0.4375 0.5 -0.184672
0.4375 0.4375 -0.168773
0.4375 0.375 -0.132518
0.5 0.375 -0.125747
0.5 0.4375 -0.184547
0.4375 0.4375 -0.168773
0.375 0.375 -0.109287
0.375 0.34375 -0.0974013
0.40625 0.34375 -0.10489
0.40625 0.375 -0.12872
0.375 0.375 -0.109287
0.375 0.34375 -0.0974013
0.375 0.3125 -0.0765805
0.40625 0.3125 -0.0738489
0.40625 0.34375 -0.10489
0.375 0.34375 -0.0974013
0.40625 0.375 -0.12872
0.40625 0.34375 -0.10489
0.4375 0.34375 -0.101506
0.4375 0.375 -0.132518
0.40625 0.375 -0.12872
0.40625 0.34375 -0.10489
0.40625 0.3125 -0.0738489
0.4375 0.3125 -0.070443
0.4375 0.34375 -0.101506
0.40625 0.34375 -0.10489
0.375 0.3125 -0.0765805
0.375 0.28125 -0.0461182
0.40625 0.28125 -0.0427863
0.40625 0.3125 -0.0738489
0.375 0.3125 -0.0765805
0.375 0.28125 -0.0461182
0.375 0.25 -0.0150601
0.40625 0.25 -0.011723
0.40625 0.28125 -0.0427863
0.375 0.28125 -0.0461182
0.40625 0.3125 -0.0738489
0.40625 0.28125 -0.0427863
0.4375 0.28125 -0.0393797
0.4375 0.3125 -0.070443
0.40625 0.3125 -0.0738489
0.40625 0.28125 -0.0427863
0.40625 0.25 -0.011723
0.4375 0.25 -0.00831645
0.4375 0.28125 -0.0393797
0.40625 0.28125 -0.0427863
0.4375 0.375 -0.132518
0.4375 0.34375 -0.101506
0.46875 0.34375 -0.0980951
0.46875 0.375 -0.129154
0.4375 0.375 -0.132518
0.4375 0.34375 -0.101506
0.4375 0.3125 -0.070443
0.46875 0.3125 -0.0670319
0.46875 0.34375 -0.0980951
0.4375 0.34375 -0.101506
0.46875 0.375 -0.129154
0.46875 0.34375 -0.0980951
0.5 0.34375 -0.0946838
0.5 0.375 -0.125747
0.46875 0.375 -0.129154
0.46875 0.34375 -0.0980951
0.46875 0.3125 -0.0670319
0.5 0.3125 -0.0636206
0.5 0.34375 -0.0946838
0.46875 0.34375 -0.0980951
0.4375 0.3125 -0.070443
0.4375 0.28125 -0.0393797
0.46875 0.28125 -0.0359686
0.46875 0.3125 -0.0670319
0.4375 0.3125 -0.070443
0.4375 0.28125 -0.0393797
0.4375 0.25 -0.00831645
0.46875 0.25 -0.00490537
0.46875 0.28125 -0.0359686
0.4375 0.28125 -0.0393797
0.46875 0.3125 -0.0670319
0.46875 0.28125 -0.0359686
0.5 0.28125 -0.0325573
0.5 0.3125 -0.0636206
0.46875 0.3125 -0.0670319
0.46875 0.28125 -0.0359686
0.46875 0.25 -0.00490537
0.5 0.25 -0.00149408
0.5 0.28125 -0.0325573
0.46875 0.28125 -0.0359686
0.25 0.25 0.0335702
0.25 0.21875 0.0511829
0.28125 0.21875 0.0288086
0.28125 0.25 0.00488452
0.25 0.25 0.0335702
0.25 0.21875 0.0511829
0.25 0.1875 0.0738328
0.28125 0.1875 0.0560715
0.28125 0.21875 0.0288086
0.25 0.21875 0.0511829
0.28125 0.25 0.00488452
0.28125 0.21875 0.0288086
0.3125 0.21875 0.0151675
0.3125 0.25 -0.0140327
0.28125 0.25 0.00488452
0.28125 0.21875 0.0288086
0.28125 0.1875 0.0560715
0.3125 0.1875 0.0462025
0.3125 0.21875 0.0151675
0.28125 0.21875 0.0288086
0.25 0.1875 0.0738328
0.25 0.15625 0.0992372
0.28125 0.15625 0.0848279
0.28125 0.1875 0.0560715
0.25 0.1875 0.0738328
0.25 0.15625 0.0992372
0.25 0.125 0.126332
0.28125 0.125 0.114514
0.28125 0.15625 0.0848279
0.25 0.15625 0.0992372
0.28125 0.1875 0.0560715
0.28125 0.15625 0.0848279
0.3125 0.15625 0.077248
0.3125 0.1875 0.0462025
0.28125 0.1875 0.0560715
0.28125 0.15625 0.0848279
0.28125 0.125 0.114514
0.3125 0.125 0.108286
0.3125 0.15625 0.077248
0.28125 0.15625 0.0848279
0.3125 0.25 -0.0140327
0.3125 0.21875 0.0151675
0.34375 0.21875 0.0134506
0.34375 0.25 -0.017731
0.3125 0.25 -0.0140327
0.3125 0.21875 0.0151675
0.3125 0.1875 0.0462025
0.34375 0.1875 0.0446926
0.34375 0.21875 0.0134506
0.3125 0.21875 0.0151675
0.34375 0.25 -0.017731
0.34375 0.21875 0.0134506
0.375 0.21875 0.0160262
0.375 0.25 -0.0150601
0.34375 0.25 -0.017731
0.34375 0.21875 0.0134506
0.34375 0.1875 0.0446926
0.375 0.1875 0.0471415
0.375 0.21875 0.0160262
0.34375 0.21875 0.0134506
0.3125 0.1875 0.0462025
0.3125 0.15625 0.077248
0.34375 0.15625 0.0759301
0.34375 0.1875 0.0446926
0.3125 0.1875 0.0462025
0.3125 0.15625 0.077248
0.3125 0.125 0.108286
0.34375 0.125 0.10716
0.34375 0.15625 0.0759301
0.3125 0.15625 0.077248
0.34375 0.1875 0.0446926
0.34375 0.15625 0.0759301
0.375 0.15625 0.0782639
0.375 0.1875 0.0471415
0.34375 0.1875 0.0446926
0.34375 0.15625 0.0759301
0.34375 0.125 0.10716
0.375 0.125 0.10939
0.375 0.15625 0.0782639
0.34375 0.15625 0.0759301
0.25 0.125 0.126332
0.25 0.0625 0.184009
0.3125 0.0625 0.170633
0.3125 0.125 0.108286
0.25 0.125 0.126332
0.25 0.0625 0.184009
0.25 0 0.243927
0.3125 0 0.232974
0.3125 0.0625 0.170633
0.25 0.0625 0.184009
0.3125 0.125 0.108286
0.3125 0.0625 0.170633
0.375 0.0625 0.171761
0.375 0.125 0.10939
0.3125 0.125 0.108286
0.3125 0.0625 0.170633
0.3125 0 0.232974
0.375 0 0.234142
0.375 0.0625 0.171761
0.3125 0.0625 0.170633
0.375 0.25 -0.0150601
0.375 0.21875 0.0160262
0.40625 0.21875 0.0193431
0.40625 0.25 -0.011723
0.375 0.25 -0.0150601
0.375 0.21875 0.0160262
0.375 0.1875 0.0471415
0.40625 0.1875 0.0504132
0.40625 0.21875 0.0193431
0.375 0.21875 0.0160262
0.40625 0.25 -0.011723
0.40625 0.21875 0.0193431
0.4375 0.21875 0.022747
0.4375 0.25 -0.00831645
0.40625 0.25 -0.011723
0.40625 0.21875 0.0193431
0.40625 0.1875 0.0504132
0.4375 0.1875 0.0538109
0.4375 0.21875 0.022747
0.40625 0.21875 0.0193431
0.375 0.1875 0.0471415
0.375 0.15625 0.0782639
0.40625 0.15625 0.0814862
0.40625 0.1875 0.0504132
0.375 0.1875 0.0471415
0.375 0.15625 0.0782639
0.375 0.125 0.10939
0.40625 0.125 0.112562
0.40625 0.15625 0.0814862
0.375 0.15625 0.0782639
0.40625 0.1875 0.0504132
0.40625 0.15625 0.0814862
0.4375 0.15625 0.0848752
0.4375 0.1875 0.0538109
0.40625 0.1875 0.0504132
0.40625 0.15625 0.0814862
0.40625 0.125 0.112562
0.4375 0.125 0.11594
0.4375 0.15625 0.0848752
0.40625 0.15625 0.0814862
0.4375 0.25 -0.00831645
0.4375 0.21875 0.022747
0.46875 0.21875 0.0261579
0.46875 0.25 -0.00490537
0.4375 0.25 -0.00831645
0.4375 0.21875 0.022747
0.4375 0.1875 0.0538109
0.46875 0.1875 0.0572212
0.46875 0.21875 0.0261579
0.4375 0.21875 0.022747
0.46875 0.25 -0.00490537
0.46875 0.21875 0.0261579
0.5 0.21875 0.0295692
0.5 0.25 -0.00149408
0.46875 0.25 -0.00490537
0.46875 0.21875 0.0261579
0.46875 0.1875 0.0572212
0.5 0.1875 0.0606324
0.5 0.21875 0.0295692
0.46875 0.21875 0.0261579
0.4375 0.1875 0.0538109
0.4375 0.15625 0.0848752
0.46875 0.15625 0.0882845
0.46875 0.1875 0.0572212
0.4375 0.1875 0.0538109
0.4375 0.15625 0.0848752
0.4375 0.125 0.11594
0.46875 0.125 0.119348
0.46875 0.15625 0.0882845
0.4375 0.15625 0.0848752
0.46875 0.1875 0.0572212
0.46875 0.15625 0.0882845
0.5 0.15625 0.0916957
0.5 0.1875 0.0606324
0.46875 0.1875 0.0572212
0.46875 0.15625 0.0882845
0.46875 0.125 0.119348
0.5 0.125 0.122759
0.5 0.15625 0.0916957
0.46875 0.15625 0.0882845
0.375 0.125 0.10939
0.375 0.0625 0.171761
0.4375 0.0625 0.178085
0.4375 0.125 0.11594
0.375 0.125 0.10939
0.375 0.0625 0.171761
0.375 0 0.234142
0.4375 0 0.240252
0.4375 0.0625 0.178085
0.375 0.0625 0.171761
0.4375 0.125 0.11594
0.4375 0.0625 0.178085
0.5 0.0625 0.184886
0.5 0.125 0.122759
0.4375 0.125 0.11594
0.4375 0.0625 0.178085
0.4375 0 0.240252
0.5 0 0.247016
0.5 0.0625 0.184886
0.4375 0.0625 0.178085
0.5 1 0.247019
0.5 0.9375 0.184888
0.5625 0.9375 0.178099
0.5625 1 0.240265
0.5 1 0.247019
0.5 0.9375 0.184888
0.5 0.875 0.122759
0.5625 0.875 0.115942
0.5625 0.9375 0.178099
0.5 0.9375 0.184888
0.5625 1 0.240265
0.5625 0.9375 0.178099
0.625 0.9375 0.171743
0.625 1 0.23413
0.5625 1 0.240265
0.5625 0.9375 0.178099
0.5625 0.875 0.115942
0.625 0.875 0.109359
0.625 0.9375 0.171743
0.5625 0.9375 0.178099
0.5 0.875 0.122759
0.5 0.84375 0.0916959
0.53125 0.84375 0.0882849
0.53125 0.875 0.119348
0.5 0.875 0.122759
0.5 0.84375 0.0916959
0.5 0.8125 0.0606326
0.53125 0.8125 0.0572215
0.53125 0.84375 0.0882849
0.5 0.84375 0.0916959
0.53125 0.875 0.119348
0.53125 0.84375 0.0882849
0.5625 0.84375 0.0848762
0.5625 0.875 0.115942
0.53125 0.875 0.119348
0.53125 0.84375 0.0882849
0.53125 0.8125 0.0572215
0.5625 0.8125 0.0538115
0.5625 0.84375 0.0848762
0.53125 0.84375 0.0882849
0.5 0.8125 0.0606326
0.5 0.78125 0.0295694
0.53125 0.78125 0.0261581
0.53125 0.8125 0.0572215
0.5 0.8125 0.0606326
0.5 0.78125 0.0295694
0.5 0.75 -0.00149388
0.53125 0.75 -0.00490517
0.53125 0.78125 0.0261581
0.5 0.78125 0.0295694
0.53125 0.8125 0.0572215
0.53125 0.78125 0.0261581
0.5625 0.78125 0.0227473
0.5625 0.8125 0.0538115
0.53125 0.8125 0.0572215
0.53125 0.78125 0.0261581
0.53125 0.75 -0.00490517
0.5625 0.75 -0.00831633
0.5625 0.78125 0.0227473
0.53125 0.78125 0.0261581
0.5625 0.875 0.115942
0.5625 0.84375 0.0848762
0.59375 0.84375 0.0814869
0.59375 0.875 0.112563
0.5625 0.875 0.115942
0.5625 0.84375 0.0848762
0.5625 0.8125 0.0538115
0.59375 0.8125 0.0504132
0.59375 0.84375 0.0814869
0.5625 0.84375 0.0848762
0.59375 0.875 0.112563
0.59375 0.84375 0.0814869
0.625 0.84375 0.0782354
0.625 0.875 0.109359
0.59375 0.875 0.112563
0.59375 0.84375 0.0814869
0.59375 0.8125 0.0504132
0.625 0.8125 0.0471163
0.625 0.84375 0.0782354
0.59375 0.84375 0.0814869
0.5625 0.8125 0.0538115
0.5625 0.78125 0.0227473
0.59375 0.78125 0.0193421
0.59375 0.8125 0.0504132
0.5625 0.8125 0.0538115
0.5625 0.78125 0.0227473
0.5625 0.75 -0.00831633
0.59375 0.75 -0.0117247
0.59375 0.78125 0.0193421
0.5625 0.78125 0.0227473
0.59375 0.8125 0.0504132
0.59375 0.78125 0.0193421
0.625 0.78125 0.0160028
0.625 0.8125 0.0471163
0.59375 0.8125 0.0504132
0.59375 0.78125 0.0193421
0.59375 0.75 -0.0117247
0.625 0.75 -0.0150894
0.625 0.78125 0.0160028
0.59375 0.78125 0.0193421
0.625 1 0.23413
0.625 0.9375 0.171743
0.6875 0.9375 0.170682
0.6875 1 0.233063
0.625 1 0.23413
0.625 0.9375 0.171743
0.625 0.875 0.109359
0.6875 0.875 0.108285
0.6875 0.9375 0.170682
0.625 0.9375 0.171743
0.6875 1 0.233063
0.6875 0.9375 0.170682
0.75 0.9375 0.187797
0.75 1 0.24674
0.6875 1 0.233063
0.6875 0.9375 0.170682
0.6875 0.875 0.108285
0.75 0.875 0.130022
0.75 0.9375 0.187797
0.6875 0.9375 0.170682
0.625 0.875 0.109359
0.625 0.84375 0.0782354
0.65625 0.84375 0.0757818
0.65625 0.875 0.10701
0.625 0.875 0.109359
0.625 0.84375 0.0782354
0.625 0.8125 0.0471163
0.65625 0.8125 0.0445468
0.65625 0.84375 0.0757818
0.625 0.84375 0.0782354
0.65625 0.875 0.10701
0.65625 0.84375 0.0757818
0.6875 0.84375 0.0772404
0.6875 0.875 0.108285
0.65625 0.875 0.10701
0.65625 0.84375 0.0757818
0.65625 0.8125 0.0445468
0.6875 0.8125 0.0462106
0.6875 0.84375 0.0772404
0.65625 0.84375 0.0757818
0.625 0.8125 0.0471163
0.625 0.78125 0.0160028
0.65625 0.78125 0.0133028
0.65625 0.8125 0.0445468
0.625 0.8125 0.0471163
0.625 0.78125 0.0160028
0.625 0.75 -0.0150894
0.65625 0.75 -0.0178971
0.65625 0.78125 0.0133028
0.625 0.78125 0.0160028
0.65625 0.8125 0.0445468
0.65625 0.78125 0.0133028
0.6875 0.78125 0.0151992
0.6875 0.8125 0.0462106
0.65625 0.8125 0.0445468
0.65625 0.78125 0.0133028
0.65625 0.75 -0.0178971
0.6875 0.75 -0.0147145
0.6875 0.78125 0.0151992
0.65625 0.78125 0.0133028
0.6875 0.875 0.108285
0.6875 0.84375 0.0772404
0.71875 0.84375 0.0862677
0.71875 0.875 0.115759
0.6875 0.875 0.108285
0.6875 0.84375 0.0772404
0.6875 0.8125 0.0462106
0.71875 0.8125 0.0574819
0.71875 0.84375 0.0862677
0.6875 0.84375 0.0772404
0.71875 0.875 0.115759
0.71875 0.84375 0.0862677
0.75 0.84375 0.103
0.75 0.875 0.130022
0.71875 0.875 0.115759
0.71875 0.84375 0.0862677
0.71875 0.8125 0.0574819
0.75 0.8125 0.0774918
0.75 0.84375 0.103
0.71875 0.84375 0.0862677
0.6875 0.8125 0.0462106
0.6875 0.78125 0.0151992
0.71875 0.78125 0.0298789
0.71875 0.8125 0.0574819
0.6875 0.8125 0.0462106
0.6875 0.78125 0.0151992
0.6875 0.75 -0.0147145
0.71875 0.75 0.00441794
0.71875 0.78125 0.0298789
0.6875 0.78125 0.0151992
0.71875 0.8125 0.0574819
0.71875 0.78125 0.0298789
0.75 0.78125 0.0542263
0.75 0.8125 0.0774918
0.71875 0.8125 0.0574819
0.71875 0.78125 0.0298789
0.71875 0.75 0.00441794
0.75 0.75 0.034657
0.75 0.78125 0.0542263
0.71875 0.78125 0.0298789
0.5 0.75 -0.00149388
0.5 0.71875 -0.0325571
0.53125 0.71875 -0.0359684
0.53125 0.75 -0.00490517
0.5 0.75 -0.00149388
0.5 0.71875 -0.0325571
0.5 0.6875 -0.0636204
0.53125 0.6875 -0.0670317
0.53125 0.71875 -0.0359684
0.5 0.71875 -0.0325571
0.53125 0.75 -0.00490517
0.53125 0.71875 -0.0359684
0.5625 0.71875 -0.0393796
0.5625 0.75 -0.00831633
0.53125 0.75 -0.00490517
0.53125 0.71875 -0.0359684
0.53125 0.6875 -0.0670317
0.5625 0.6875 -0.0704429
0.5625 0.71875 -0.0393796
0.53125 0.71875 -0.0359684
0.5 0.6875 -0.0636204
0.5 0.65625 -0.0946836
0.53125 0.65625 -0.0980949
0.53125 0.6875 -0.0670317
0.5 0.6875 -0.0636204
0.5 0.65625 -0.0946836
0.5 0.625 -0.125747
0.53125 0.625 -0.129158
0.53125 0.65625 -0.0980949
0.5 0.65625 -0.0946836
0.53125 0.6875 -0.0670317
0.53125 0.65625 -0.0980949
0.5625 0.65625 -0.101506
0.5625 0.6875 -0.0704429
0.53125 0.6875 -0.0670317
0.53125 0.65625 -0.0980949
0.53125 0.625 -0.129158
0.5625 0.625 -0.132568
0.5625 0.65625 -0.101506
0.53125 0.65625 -0.0980949
0.5625 0.75 -0.00831633
0.5625 0.71875 -0.0393796
0.59375 0.71875 -0.0427885
0.59375 0.75 -0.0117247
0.5625 0.75 -0.00831633
0.5625 0.71875 -0.0393796
0.5625 0.6875 -0.0704429
0.59375 0.6875 -0.0738522
0.59375 0.71875 -0.0427885
0.5625 0.71875 -0.0393796
0.59375 0.75 -0.0117247
0.59375 0.71875 -0.0427885
0.625 0.71875 -0.046161
0.625 0.75 -0.0150894
0.59375 0.75 -0.0117247
0.59375 0.71875 -0.0427885
0.59375 0.6875 -0.0738522
0.625 0.6875 -0.0772313
0.625 0.71875 -0.046161
0.59375 0.71875 -0.0427885
0.5625 0.6875 -0.0704429
0.5625 0.65625 -0.101506
0.59375 0.65625 -0.104915
0.59375 0.6875 -0.0738522
0.5625 0.6875 -0.0704429
0.5625 0.65625 -0.101506
0.5625 0.625 -0.132568
0.59375 0.625 -0.132964
0.59375 0.65625 -0.104915
0.5625 0.65625 -0.101506
0.59375 0.6875 -0.0738522
0.59375 0.65625 -0.104915
0.625 0.65625 -0.102394
0.625 0.6875 -0.0772313
0.59375 0.6875 -0.0738522
0.59375 0.65625 -0.104915
0.59375 0.625 -0.132964
0.625 0.625 -0.111752
0.625 0.65625 -0.102394
0.59375 0.65625 -0.104915
0.5 0.625 -0.125747
0.5 0.5625 -0.188244
0.5625 0.5625 -0.176219
0.5625 0.625 -0.132568
0.5 0.625 -0.125747
0.5 0.5625 -0.188244
0.5 0.5 -0.226769
0.5625 0.5 -0.183126
0.5625 0.5625 -0.176219
0.5 0.5625 -0.188244
0.5625 0.625 -0.132568
0.5625 0.5625 -0.176219
0.625 0.5625 -0.118924
0.625 0.625 -0.111752
0.5625 0.625 -0.132568
0.5625 0.5625 -0.176219
0.5625 0.5 -0.183126
0.625 0.5 -0.125747
0.625 0.5625 -0.118924
0.5625 0.5625 -0.176219
0.625 0.75 -0.0150894
0.625 0.71875 -0.046161
0.65625 0.71875 -0.0487816
0.65625 0.75 -0.0178971
0.625 0.75 -0.0150894
0.625 0.71875 -0.046161
0.625 0.6875 -0.0772313
0.65625 0.6875 -0.0705697
0.65625 0.71875 -0.0487816
0.625 0.71875 -0.046161
0.65625 0.75 -0.0178971
0.65625 0.71875 -0.0487816
0.6875 0.71875 -0.0356814
0.6875 0.75 -0.0147145
0.65625 0.75 -0.0178971
0.65625 0.71875 -0.0487816
0.65625 0.6875 -0.0705697
0.6875 0.6875 -0.0429098
0.6875 0.71875 -0.0356814
0.65625 0.71875 -0.0487816
0.625 0.6875 -0.0772313
0.625 0.65625 -0.102394
0.65625 0.65625 -0.0774432
0.65625 0.6875 -0.0705697
0.625 0.6875 -0.0772313
0.625 0.65625 -0.102394
0.625 0.625 -0.111752
0.65625 0.625 -0.081031
0.65625 0.65625 -0.0774432
0.625 0.65625 -0.102394
0.65625 0.6875 -0.0705697
0.65625 0.65625 -0.0774432
0.6875 0.65625 -0.046553
0.6875 0.6875 -0.0429098
0.65625 0.6875 -0.0705697
0.65625 0.65625 -0.0774432
0.65625 0.625 -0.081031
0.6875 0.625 -0.0499747
0.6875 0.65625 -0.046553
0.65625 0.65625 -0.0774432
0.6875 0.75 -0.0147145
0.6875 0.71875 -0.0356814
0.71875 0.71875 -0.00773008
0.71875 0.75 0.00441794
0.6875 0.75 -0.0147145
0.6875 0.71875 -0.0356814
0.6875 0.6875 -0.0429098
0.71875 0.6875 -0.0120478
0.71875 0.71875 -0.00773008
0.6875 0.71875 -0.0356814
0.71875 0.75 0.00441794
0.71875 0.71875 -0.00773008
0.75 0.71875 0.0230416
0.75 0.75 0.034657
0.71875 0.75 0.00441794
0.71875 0.71875 -0.00773008
0.71875 0.6875 -0.0120478
0.75 0.6875 0.0189908
0.75 0.71875 0.0230416
0.71875 0.71875 -0.00773008
0.6875 0.6875 -0.0429098
0.6875 0.65625 -0.046553
0.71875 0.65625 -0.0154992
0.71875 0.6875 -0.0120478
0.6875 0.6875 -0.0429098
0.6875 0.65625 -0.046553
0.6875 0.625 -0.0499747
0.71875 0.625 -0.0189119
0.71875 0.65625 -0.0154992
0.6875 0.65625 -0.046553
0.71875 0.6875 -0.0120478
0.71875 0.65625 -0.0154992
0.75 0.65625 0.0155629
0.75 0.6875 0.0189908
0.71875 0.6875 -0.0120478
0.71875 0.65625 -0.0154992
0.71875 0.625 -0.0189119
0.75 0.625 0.0121513
0.75 0.65625 0.0155629
0.71875 0.65625 -0.0154992
0.625 0.625 -0.111752
0.625 0.59375 -0.115499
0.65625 0.59375 -0.0844494
0.65625 0.625 -0.081031
0.625 0.625 -0.111752
0.625 0.59375 -0.115499
0.625 0.5625 -0.118924
0.65625 0.5625 -0.087861
0.65625 0.59375 -0.0844494
0.625 0.59375 -0.115499
0.65625 0.625 -0.081031
0.65625 0.59375 -0.0844494
0.6875 0.59375 -0.0533865
0.6875 0.625 -0.0499747
0.65625 0.625 -0.081031
0.65625 0.59375 -0.0844494
0.65625 0.5625 -0.087861
0.6875 0.5625 -0.0567978
0.6875 0.59375 -0.0533865
0.65625 0.59375 -0.0844494
0.625 0.5625 -0.118924
0.625 0.53125 -0.122336
0.65625 0.53125 -0.0912723
0.65625 0.5625 -0.087861
0.625 0.5625 -0.118924
0.625 0.53125 -0.122336
0.625 0.5 -0.125747
0.65625 0.5 -0.0946836
0.65625 0.53125 -0.0912723
0.625 0.53125 -0.122336
0.65625 0.5625 -0.087861
0.65625 0.53125 -0.0912723
0.6875 0.53125 -0.0602091
0.6875 0.5625 -0.0567978
0.65625 0.5625 -0.087861
0.65625 0.53125 -0.0912723
0.65625 0.5 -0.0946836
0.6875 0.5 -0.0636204
0.6875 0.53125 -0.0602091
0.65625 0.53125 -0.0912723
0.6875 0.625 -0.0499747
0.6875 0.59375 -0.0533865
0.71875 0.59375 -0.0223232
0.71875 0.625 -0.0189119
0.6875 0.625 -0.0499747
0.6875 0.59375 -0.0533865
0.6875 0.5625 -0.0567978
0.71875 0.5625 -0.0257345
0.71875 0.59375 -0.0223232
0.6875 0.59375 -0.0533865
0.71875 0.625 -0.0189119
0.71875 0.59375 -0.0223232
0.75 0.59375 0.00874001
0.75 0.625 0.0121513
0.71875 0.625 -0.0189119
0.71875 0.59375 -0.0223232
0.71875 0.5625 -0.0257345
0.75 0.5625 0.00532871
0.75 0.59375 0.00874001
0.71875 0.59375 -0.0223232
0.6875 0.5625 -0.0567978
0.6875 0.53125 -0.0602091
0.71875 0.53125 -0.0291458
0.71875 0.5625 -0.0257345
0.6875 0.5625 -0.0567978
0.6875 0.53125 -0.0602091
0.6875 0.5 -0.0636204
0.71875 0.5 -0.0325571
0.71875 0.53125 -0.0291458
0.6875 0.53125 -0.0602091
0.71875 0.5625 -0.0257345
0.71875 0.53125 -0.0291458
0.75 0.53125 0.00191742
0.75 0.5625 0.00532871
0.71875 0.5625 -0.0257345
0.71875 0.53125 -0.0291458
0.71875 0.5 -0.0325571
0.75 0.5 -0.00149388
0.75 0.53125 0.00191742
0.71875 0.53125 -0.0291458
0.75 1 0.24674
0.75 0.9375 0.187797
0.8125 0.9375 0.220502
0.8125 1 0.27381
0.75 1 0.24674
0.75 0.9375 0.187797
0.75 0.875 0.130022
0.8125 0.875 0.16996
0.8125 0.9375 0.220502
0.75 0.9375 0.187797
0.8125 1 0.27381
0.8125 0.9375 0.220502
0.875 0.9375 0.264281
0.875 1 0.311137
0.8125 1 0.27381
0.8125 0.9375 0.220502
0.8125 0.875 0.16996
0.875 0.875 0.220991
0.875 0.9375 0.264281
0.8125 0.9375 0.220502
0.75 0.875 0.130022
0.75 0.84375 0.103
0.78125 0.84375 0.124183
0.78125 0.875 0.148819
0.75 0.875 0.130022
0.75 0.84375 0.103
0.75 0.8125 0.0774918
0.78125 0.8125 0.101457
0.78125 0.84375 0.124183
0.75 0.84375 0.103
0.78125 0.875 0.148819
0.78125 0.84375 0.124183
0.8125 0.84375 0.147458
0.8125 0.875 0.16996
0.78125 0.875 0.148819
0.78125 0.84375 0.124183
0.78125 0.8125 0.101457
0.8125 0.8125 0.12707
0.8125 0.84375 0.147458
0.78125 0.84375 0.124183
0.75 0.8125 0.0774918
0.75 0.78125 0.0542263
0.78125 0.78125 0.0813031
0.78125 0.8125 0.101457
0.75 0.8125 0.0774918
0.75 0.78125 0.0542263
0.75 0.75 0.034657
0.78125 0.75 0.0648495
0.78125 0.78125 0.0813031
0.75 0.78125 0.0542263
0.78125 0.8125 0.101457
0.78125 0.78125 0.0813031
0.8125 0.78125 0.109347
0.8125 0.8125 0.12707
0.78125 0.8125 0.101457
0.78125 0.78125 0.0813031
0.78125 0.75 0.0648495
0.8125 0.75 0.0950539
0.8125 0.78125 0.109347
0.78125 0.78125 0.0813031
0.8125 0.875 0.16996
0.8125 0.8125 0.12707
0.875 0.8125 0.184028
0.875 0.875 0.220991
0.8125 0.875 0.16996
0.8125 0.8125 0.12707
0.8125 0.75 0.0950539
0.875 0.75 0.155718
0.875 0.8125 0.184028
0.8125 0.8125 0.12707
0.875 1 0.311137
0.875 0.875 0.220991
1 0.875 0.331226
1 1 0.408966
0.875 1 0.311137
0.875 0.875 0.220991
0.875 0.8125 0.184028
0.9375 0.8125 0.242186
0.9375 0.875 0.274696
0.875 0.875 0.220991
0.875 0.8125 0.184028
0.875 0.75 0.155718
0.9375 0.75 0.217382
0.9375 0.8125 0.242186
0.875 0.8125 0.184028
0.9375 0.875 0.274696
0.9375 0.8125 0.242186
1 0.8125 0.301646
1 0.875 0.331226
0.9375 0.875 0.274696
0.9375 0.8125 0.242186
0.9375 0.75 0.217382
1 0.75 0.279131
1 0.8125 0.301646
0.9375 0.8125 0.242186
0.75 0.75 0.034657
0.75 0.71875 0.0230416
0.78125 0.71875 0.054067
0.78125 0.75 0.0648495
0.75 0.75 0.034657
0.75 0.71875 0.0230416
0.75 0.6875 0.0189908
0.78125 0.6875 0.0500531
0.78125 0.71875 0.054067
0.75 0.71875 0.0230416
0.78125 0.75 0.0648495
0.78125 0.71875 0.054067
0.8125 0.71875 0.0850897
0.8125 0.75 0.0950539
0.78125 0.75 0.0648495
0.78125 0.71875 0.054067
0.78125 0.6875 0.0500531
0.8125 0.6875 0.0811152
0.8125 0.71875 0.0850897
0.78125 0.71875 0.054067
0.75 0.6875 0.0189908
0.75 0.65625 0.0155629
0.78125 0.65625 0.0466262
0.78125 0.6875 0.0500531
0.75 0.6875 0.0189908
0.75 0.65625 0.0155629
0.75 0.625 0.0121513
0.78125 0.625 0.0432146
0.78125 0.65625 0.0466262
0.75 0.65625 0.0155629
0.78125 0.6875 0.0500531
0.78125 0.65625 0.0466262
0.8125 0.65625 0.0776894
0.8125 0.6875 0.0811152
0.78125 0.6875 0.0500531
0.78125 0.65625 0.0466262
0.78125 0.625 0.0432146
0.8125 0.625 0.0742778
0.8125 0.65625 0.0776894
0.78125 0.65625 0.0466262
0.8125 0.75 0.0950539
0.8125 0.71875 0.0850897
0.84375 0.71875 0.116105
0.84375 0.75 0.125334
0.8125 0.75 0.0950539
0.8125 0.71875 0.0850897
0.8125 0.6875 0.0811152
0.84375 0.6875 0.112177
0.84375 0.71875 0.116105
0.8125 0.71875 0.0850897
0.84375 0.75 0.125334
0.84375 0.71875 0.116105
0.875 0.71875 0.147131
0.875 0.75 0.155718
0.84375 0.75 0.125334
0.84375 0.71875 0.116105
0.84375 0.6875 0.112177
0.875 0.6875 0.143239
0.875 0.71875 0.147131
0.84375 0.71875 0.116105
0.8125 0.6875 0.0811152
0.8125 0.65625 0.0776894
0.84375 0.65625 0.108753
0.84375 0.6875 0.112177
0.8125 0.6875 0.0811152
0.8125 0.65625 0.0776894
0.8125 0.625 0.0742778
0.84375 0.625 0.105341
0.84375 0.65625 0.108753
0.8125 0.65625 0.0776894
0.84375 0.6875 0.112177
0.84375 0.65625 0.108753
0.875 0.65625 0.139816
0.875 0.6875 0.143239
0.84375 0.6875 0.112177
0.84375 0.65625 0.108753
0.84375 0.625 0.105341
0.875 0.625 0.136404
0.875 0.65625 0.139816
0.84375 0.65625 0.108753
0.75 0.625 0.0121513
0.75 0.59375 0.00874001
0.78125 0.59375 0.0398033
0.78125 0.625 0.0432146
0.75 0.625 0.0121513
0.75 0.59375 0.00874001
0.75 0.5625 0.00532871
0.78125 0.5625 0.036392
0.78125 0.59375 0.0398033
0.75 0.59375 0.00874001
0.78125 0.625 0.0432146
0.78125 0.59375 0.0398033
0.8125 0.59375 0.0708665
0.8125 0.625 0.0742778
0.78125 0.625 0.0432146
0.78125 0.59375 0.0398033
0.78125 0.5625 0.036392
0.8125 0.5625 0.0674552
0.8125 0.59375 0.0708665
0.78125 0.59375 0.0398033
0.75 0.5625 0.00532871
0.75 0.53125 0.00191742
0.78125 0.53125 0.0329807
0.78125 0.5625 0.036392
0.75 0.5625 0.00532871
0.75 0.53125 0.00191742
0.75 0.5 -0.00149388
0.78125 0.5 0.0295694
0.78125 0.53125 0.0329807
0.75 0.53125 0.00191742
0.78125 0.5625 0.036392
0.78125 0.53125 0.0329807
0.8125 0.53125 0.0640439
0.8125 0.5625 0.0674552
0.78125 0.5625 0.036392
0.78125 0.53125 0.0329807
0.78125 0.5 0.0295694
0.8125 0.5 0.0606328
0.8125 0.53125 0.0640439
0.78125 0.53125 0.0329807
0.8125 0.625 0.0742778
0.8125 0.59375 0.0708665
0.84375 0.59375 0.10193
0.84375 0.625 0.105341
0.8125 0.625 0.0742778
0.8125 0.59375 0.0708665
0.8125 0.5625 0.0674552
0.84375 0.5625 0.0985185
0.84375 0.59375 0.10193
0.8125 0.59375 0.0708665
0.84375 0.625 0.105341
0.84375 0.59375 0.10193
0.875 0.59375 0.132993
0.875 0.625 0.136404
0.84375 0.625 0.105341
0.84375 0.59375 0.10193
0.84375 0.5625 0.0985185
0.875 0.5625 0.129582
0.875 0.59375 0.132993
0.84375 0.59375 0.10193
0.8125 0.5625 0.0674552
0.8125 0.53125 0.0640439
0.84375 0.53125 0.0951072
0.84375 0.5625 0.0985185
0.8125 0.5625 0.0674552
0.8125 0.53125 0.0640439
0.8125 0.5 0.0606328
0.84375 0.5 0.0916963
0.84375 0.53125 0.0951072
0.8125 0.53125 0.0640439
0.84375 0.5625 0.0985185
0.84375 0.53125 0.0951072
0.875 0.53125 0.126171
0.875 0.5625 0.129582
0.84375 0.5625 0.0985185
0.84375 0.53125 0.0951072
0.84375 0.5 0.0916963
0.875 0.5 0.12276
0.875 0.53125 0.126171
0.84375 0.53125 0.0951072
0.875 0.75 0.155718
0.875 0.6875 0.143239
0.9375 0.6875 0.205363
0.9375 0.75 0.217382
0.875 0.75 0.155718
0.875 0.6875 0.143239
0.875 0.625 0.136404
0.9375 0.625 0.198531
0.9375 0.6875 0.205363
0.875 0.6875 0.143239
0.9375 0.75 0.217382
0.9375 0.6875 0.205363
1 0.6875 0.267488
1 0.75 0.279131
0.9375 0.75 0.217382
0.9375 0.6875 0.205363
0.9375 0.625 0.198531
1 0.625 0.260659
1 0.6875 0.267488
0.9375 0.6875 0.205363
0.875 0.625 0.136404
0.875 0.5625 0.129582
0.9375 0.5625 0.191709
0.9375 0.625 0.198531
0.875 0.625 0.136404
0.875 0.5625 0.129582
0.875 0.5 0.12276
0.9375 0.5 0.184897
0.9375 0.5625 0.191709
0.875 0.5625 0.129582
0.9375 0.625 0.198531
0.9375 0.5625 0.191709
1 0.5625 0.253841
1 0.625 0.260659
0.9375 0.625 0.198531
0.9375 0.5625 0.191709
0.9375 0.5 0.184897
1 0.5 0.247054
1 0.5625 0.253841
0.9375 0.5625 0.191709
0.5 0.5 -0.226769
0.5 0.4375 -0.184547
0.5625 0.4375 -0.164721
0.5625 0.5 -0.183126
0.5 0.5 -0.226769
0.5 0.4375 -0.184547
0.5 0.375 -0.125747
0.5625 0.375 -0.118887
0.5625 0.4375 -0.164721
0.5 0.4375 -0.184547
0.5625 0.5 -0.183126
0.5625 0.4375 -0.164721
0.625 0.4375 -0.131941
0.625 0.5 -0.125747
0.5625 0.5 -0.183126
0.5625 0.4375 -0.164721
0.5625 0.375 -0.118887
0.625 0.375 -0.109562
0.625 0.4375 -0.131941
0.5625 0.4375 -0.164721
0.5 0.375 -0.125747
0.5 0.34375 -0.0946838
0.53125 0.34375 -0.0912723
0.53125 0.375 -0.122332
0.5 0.375 -0.125747
0.5 0.34375 -0.0946838
0.5 0.3125 -0.0636206
0.53125 0.3125 -0.0602093
0.53125 0.34375 -0.0912723
0.5 0.34375 -0.0946838
0.53125 0.375 -0.122332
0.53125 0.34375 -0.0912723
0.5625 0.34375 -0.0878587
0.5625 0.375 -0.118887
0.53125 0.375 -0.122332
0.53125 0.34375 -0.0912723
0.53125 0.3125 -0.0602093
0.5625 0.3125 -0.0567978
0.5625 0.34375 -0.0878587
0.53125 0.34375 -0.0912723
0.5 0.3125 -0.0636206
0.5 0.28125 -0.0325573
0.53125 0.28125 -0.029146
0.53125 0.3125 -0.0602093
0.5 0.3125 -0.0636206
0.5 0.28125 -0.0325573
0.5 0.25 -0.00149408
0.53125 0.25 0.00191722
0.53125 0.28125 -0.029146
0.5 0.28125 -0.0325573
0.53125 0.3125 -0.0602093
0.53125 0.28125 -0.029146
0.5625 0.28125 -0.0257347
0.5625 0.3125 -0.0567978
0.53125 0.3125 -0.0602093
0.53125 0.28125 -0.029146
0.53125 0.25 0.00191722
0.5625 0.25 0.00532851
0.5625 0.28125 -0.0257347
0.53125 0.28125 -0.029146
0.5625 0.375 -0.118887
0.5625 0.34375 -0.0878587
0.59375 0.34375 -0.0844253
0.59375 0.375 -0.115178
0.5625 0.375 -0.118887
0.5625 0.34375 -0.0878587
0.5625 0.3125 -0.0567978
0.59375 0.3125 -0.0533847
0.59375 0.34375 -0.0844253
0.5625 0.34375 -0.0878587
0.59375 0.375 -0.115178
0.59375 0.34375 -0.0844253
0.625 0.34375 -0.0808149
0.625 0.375 -0.109562
0.59375 0.375 -0.115178
0.59375 0.34375 -0.0844253
0.59375 0.3125 -0.0533847
0.625 0.3125 -0.0499564
0.625 0.34375 -0.0808149
0.59375 0.34375 -0.0844253
0.5625 0.3125 -0.0567978
0.5625 0.28125 -0.0257347
0.59375 0.28125 -0.0223234
0.59375 0.3125 -0.0533847
0.5625 0.3125 -0.0567978
0.5625 0.28125 -0.0257347
0.5625 0.25 0.00532851
0.59375 0.25 0.00873981
0.59375 0.28125 -0.0223234
0.5625 0.28125 -0.0257347
0.59375 0.3125 -0.0533847
0.59375 0.28125 -0.0223234
0.625 0.28125 -0.0189119
0.625 0.3125 -0.0499564
0.59375 0.3125 -0.0533847
0.59375 0.28125 -0.0223234
0.59375 0.25 0.00873981
0.625 0.25 0.0121512
0.625 0.28125 -0.0189119
0.59375 0.28125 -0.0223234
0.625 0.5 -0.125747
0.625 0.46875 -0.129158
0.65625 0.46875 -0.0980949
0.65625 0.5 -0.0946836
0.625 0.5 -0.125747
0.625 0.46875 -0.129158
0.625 0.4375 -0.131941
0.65625 0.4375 -0.101506
0.65625 0.46875 -0.0980949
0.625 0.46875 -0.129158
0.65625 0.5 -0.0946836
0.65625 0.46875 -0.0980949
0.6875 0.46875 -0.0670316
0.6875 0.5 -0.0636204
0.65625 0.5 -0.0946836
0.65625 0.46875 -0.0980949
0.65625 0.4375 -0.101506
0.6875 0.4375 -0.0704425
0.6875 0.46875 -0.0670316
0.65625 0.46875 -0.0980949
0.625 0.4375 -0.131941
0.625 0.40625 -0.127336
0.65625 0.40625 -0.103545
0.65625 0.4375 -0.101506
0.625 0.4375 -0.131941
0.625 0.40625 -0.127336
0.625 0.375 -0.109562
0.65625 0.375 -0.096483
0.65625 0.40625 -0.103545
0.625 0.40625 -0.127336
0.65625 0.4375 -0.101506
0.65625 0.40625 -0.103545
0.6875 0.40625 -0.0738477
0.6875 0.4375 -0.0704425
0.65625 0.4375 -0.101506
0.65625 0.40625 -0.103545
0.65625 0.375 -0.096483
0.6875 0.375 -0.0745316
0.6875 0.40625 -0.0738477
0.65625 0.40625 -0.103545
0.6875 0.5 -0.0636204
0.6875 0.46875 -0.0670316
0.71875 0.46875 -0.0359684
0.71875 0.5 -0.0325571
0.6875 0.5 -0.0636204
0.6875 0.46875 -0.0670316
0.6875 0.4375 -0.0704425
0.71875 0.4375 -0.0393791
0.71875 0.46875 -0.0359684
0.6875 0.46875 -0.0670316
0.71875 0.5 -0.0325571
0.71875 0.46875 -0.0359684
0.75 0.46875 -0.00490514
0.75 0.5 -0.00149388
0.71875 0.5 -0.0325571
0.71875 0.46875 -0.0359684
0.71875 0.4375 -0.0393791
0.75 0.4375 -0.00831574
0.75 0.46875 -0.00490514
0.71875 0.46875 -0.0359684
0.6875 0.4375 -0.0704425
0.6875 0.40625 -0.0738477
0.71875 0.40625 -0.0427827
0.71875 0.4375 -0.0393791
0.6875 0.4375 -0.0704425
0.6875 0.40625 -0.0738477
0.6875 0.375 -0.0745316
0.71875 0.375 -0.0460274
0.71875 0.40625 -0.0427827
0.6875 0.40625 -0.0738477
0.71875 0.4375 -0.0393791
0.71875 0.40625 -0.0427827
0.75 0.40625 -0.0117177
0.75 0.4375 -0.00831574
0.71875 0.4375 -0.0393791
0.71875 0.40625 -0.0427827
0.71875 0.375 -0.0460274
0.75 0.375 -0.0150204
0.75 0.40625 -0.0117177
0.71875 0.40625 -0.0427827
0.625 0.375 -0.109562
0.625 0.34375 -0.0808149
0.65625 0.34375 -0.0758306
0.65625 0.375 -0.096483
0.625 0.375 -0.109562
0.625 0.34375 -0.0808149
0.625 0.3125 -0.0499564
0.65625 0.3125 -0.046388
0.65625 0.34375 -0.0758306
0.625 0.34375 -0.0808149
0.65625 0.375 -0.096483
0.65625 0.34375 -0.0758306
0.6875 0.34375 -0.0645585
0.6875 0.375 -0.0745316
0.65625 0.375 -0.096483
0.65625 0.34375 -0.0758306
0.65625 0.3125 -0.046388
0.6875 0.3125 -0.0416948
0.6875 0.34375 -0.0645585
0.65625 0.34375 -0.0758306
0.625 0.3125 -0.0499564
0.625 0.28125 -0.0189119
0.65625 0.28125 -0.0154965
0.65625 0.3125 -0.046388
0.625 0.3125 -0.0499564
0.625 0.28125 -0.0189119
0.625 0.25 0.0121512
0.65625 0.25 0.0155638
0.65625 0.28125 -0.0154965
0.625 0.28125 -0.0189119
0.65625 0.3125 -0.046388
0.65625 0.28125 -0.0154965
0.6875 0.28125 -0.0120101
0.6875 0.3125 -0.0416948
0.65625 0.3125 -0.046388
0.65625 0.28125 -0.0154965
0.65625 0.25 0.0155638
0.6875 0.25 0.0190135
0.6875 0.28125 -0.0120101
0.65625 0.28125 -0.0154965
0.6875 0.375 -0.0745316
0.6875 0.34375 -0.0645585
0.71875 0.34375 -0.0442052
0.71875 0.375 -0.0460274
0.6875 0.375 -0.0745316
0.6875 0.34375 -0.0645585
0.6875 0.3125 -0.0416948
0.71875 0.3125 -0.0315359
0.71875 0.34375 -0.0442052
0.6875 0.34375 -0.0645585
0.71875 0.375 -0.0460274
0.71875 0.34375 -0.0442052
0.75 0.34375 -0.0169899
0.75 0.375 -0.0150204
0.71875 0.375 -0.0460274
0.71875 0.34375 -0.0442052
0.71875 0.3125 -0.0315359
0.75 0.3125 -0.012197
0.75 0.34375 -0.0169899
0.71875 0.34375 -0.0442052
0.6875 0.3125 -0.0416948
0.6875 0.28125 -0.0120101
0.71875 0.28125 -0.0074996
0.71875 0.3125 -0.0315359
0.6875 0.3125 -0.0416948
0.6875 0.28125 -0.0120101
0.6875 0.25 0.0190135
0.71875 0.25 0.023209
0.71875 0.28125 -0.0074996
0.6875 0.28125 -0.0120101
0.71875 0.3125 -0.0315359
0.71875 0.28125 -0.0074996
0.75 0.28125 0.00398356
0.75 0.3125 -0.012197
0.71875 0.3125 -0.0315359
0.71875 0.28125 -0.0074996
0.71875 0.25 0.023209
0.75 0.25 0.0324372
0.75 0.28125 0.00398356
0.71875 0.28125 -0.0074996
0.5 0.25 -0.00149408
0.5 0.21875 0.0295692
0.53125 0.21875 0.0329805
0.53125 0.25 0.00191722
0.5 0.25 -0.00149408
0.5 0.21875 0.0295692
0.5 0.1875 0.0606324
0.53125 0.1875 0.0640437
0.53125 0.21875 0.0329805
0.5 0.21875 0.0295692
0.53125 0.25 0.00191722
0.53125 0.21875 0.0329805
0.5625 0.21875 0.0363918
0.5625 0.25 0.00532851
0.53125 0.25 0.00191722
0.53125 0.21875 0.0329805
0.53125 0.1875 0.0640437
0.5625 0.1875 0.067455
0.5625 0.21875 0.0363918
0.53125 0.21875 0.0329805
0.5 0.1875 0.0606324
0.5 0.15625 0.0916957
0.53125 0.15625 0.095107
0.53125 0.1875 0.0640437
0.5 0.1875 0.0606324
0.5 0.15625 0.0916957
0.5 0.125 0.122759
0.53125 0.125 0.12617
0.53125 0.15625 0.095107
0.5 0.15625 0.0916957
0.53125 0.1875 0.0640437
0.53125 0.15625 0.095107
0.5625 0.15625 0.0985183
0.5625 0.1875 0.067455
0.53125 0.1875 0.0640437
0.53125 0.15625 0.095107
0.53125 0.125 0.12617
0.5625 0.125 0.129582
0.5625 0.15625 0.0985183
0.53125 0.15625 0.095107
0.5625 0.25 0.00532851
0.5625 0.21875 0.0363918
0.59375 0.21875 0.0398031
0.59375 0.25 0.00873981
0.5625 0.25 0.00532851
0.5625 0.21875 0.0363918
0.5625 0.1875 0.067455
0.59375 0.1875 0.0708663
0.59375 0.21875 0.0398031
0.5625 0.21875 0.0363918
0.59375 0.25 0.00873981
0.59375 0.21875 0.0398031
0.625 0.21875 0.0432144
0.625 0.25 0.0121512
0.59375 0.25 0.00873981
0.59375 0.21875 0.0398031
0.59375 0.1875 0.0708663
0.625 0.1875 0.0742776
0.625 0.21875 0.0432144
0.59375 0.21875 0.0398031
0.5625 0.1875 0.067455
0.5625 0.15625 0.0985183
0.59375 0.15625 0.10193
0.59375 0.1875 0.0708663
0.5625 0.1875 0.067455
0.5625 0.15625 0.0985183
0.5625 0.125 0.129582
0.59375 0.125 0.132993
0.59375 0.15625 0.10193
0.5625 0.15625 0.0985183
0.59375 0.1875 0.0708663
0.59375 0.15625 0.10193
0.625 0.15625 0.105341
0.625 0.1875 0.0742776
0.59375 0.1875 0.0708663
0.59375 0.15625 0.10193
0.59375 0.125 0.132993
0.625 0.125 0.136404
0.625 0.15625 0.105341
0.59375 0.15625 0.10193
0.5 0.125 0.122759
0.5 0.0625 0.184886
0.5625 0.0625 0.191708
0.5625 0.125 0.129582
0.5 0.125 0.122759
0.5 0.0625 0.184886
0.5 0 0.247016
0.5625 0 0.253835
0.5625 0.0625 0.191708
0.5 0.0625 0.184886
0.5625 0.125 0.129582
0.5625 0.0625 0.191708
0.625 0.0625 0.198531
0.625 0.125 0.136404
0.5625 0.125 0.129582
0.5625 0.0625 0.191708
0.5625 0 0.253835
0.625 0 0.260657
0.625 0.0625 0.198531
0.5625 0.0625 0.191708
0.625 0.25 0.0121512
0.625 0.21875 0.0432144
0.65625 0.21875 0.0466269
0.65625 0.25 0.0155638
0.625 0.25 0.0121512
0.625 0.21875 0.0432144
0.625 0.1875 0.0742776
0.65625 0.1875 0.0776899
0.65625 0.21875 0.0466269
0.625 0.21875 0.0432144
0.65625 0.25 0.0155638
0.65625 0.21875 0.0466269
0.6875 0.21875 0.050071
0.6875 0.25 0.0190135
0.65625 0.25 0.0155638
0.65625 0.21875 0.0466269
0.65625 0.1875 0.0776899
0.6875 0.1875 0.0811291
0.6875 0.21875 0.050071
0.65625 0.21875 0.0466269
0.625 0.1875 0.0742776
0.625 0.15625 0.105341
0.65625 0.15625 0.108753
0.65625 0.1875 0.0776899
0.625 0.1875 0.0742776
0.625 0.15625 0.105341
0.625 0.125 0.136404
0.65625 0.125 0.139816
0.65625 0.15625 0.108753
0.625 0.15625 0.105341
0.65625 0.1875 0.0776899
0.65625 0.15625 0.108753
0.6875 0.15625 0.112187
0.6875 0.1875 0.0811291
0.65625 0.1875 0.0776899
0.65625 0.15625 0.108753
0.65625 0.125 0.139816
0.6875 0.125 0.143246
0.6875 0.15625 0.112187
0.65625 0.15625 0.108753
0.6875 0.25 0.0190135
0.6875 0.21875 0.050071
0.71875 0.21875 0.0541399
0.71875 0.25 0.023209
0.6875 0.25 0.0190135
0.6875 0.21875 0.050071
0.6875 0.1875 0.0811291
0.71875 0.1875 0.0850907
0.71875 0.21875 0.0541399
0.6875 0.21875 0.050071
0.71875 0.25 0.023209
0.71875 0.21875 0.0541399
0.75 0.21875 0.061899
0.75 0.25 0.0324372
0.71875 0.25 0.023209
0.71875 0.21875 0.0541399
0.71875 0.1875 0.0850907
0.75 0.1875 0.0918772
0.75 0.21875 0.061899
0.71875 0.21875 0.0541399
0.6875 0.1875 0.0811291
0.6875 0.15625 0.112187
0.71875 0.15625 0.116055
0.71875 0.1875 0.0850907
0.6875 0.1875 0.0811291
0.6875 0.15625 0.112187
0.6875 0.125 0.143246
0.71875 0.125 0.147042
0.71875 0.15625 0.116055
0.6875 0.15625 0.112187
0.71875 0.1875 0.0850907
0.71875 0.15625 0.116055
0.75 0.15625 0.122147
0.75 0.1875 0.0918772
0.71875 0.1875 0.0850907
0.71875 0.15625 0.116055
0.71875 0.125 0.147042
0.75 0.125 0.152586
0.75 0.15625 0.122147
0.71875 0.15625 0.116055
0.625 0.125 0.136404
0.625 0.0625 0.198531
0.6875 0.0625 0.205368
0.6875 0.125 0.143246
0.625 0.125 0.136404
0.625 0.0625 0.198531
0.625 0 0.260657
0.6875 0 0.267492
0.6875 0.0625 0.205368
0.625 0.0625 0.198531
0.6875 0.125 0.143246
0.6875 0.0625 0.205368
0.75 0.0625 0.214178
0.75 0.125 0.152586
0.6875 0.125 0.143246
0.6875 0.0625 0.205368
0.6875 0 0.267492
0.75 0 0.275966
0.75 0.0625 0.214178
0.6875 0.0625 0.205368
0.75 0.5 -0.00149388
0.75 0.46875 -0.00490514
0.78125 0.46875 0.0261584
0.78125 0.5 0.0295694
0.75 0.5 -0.00149388
0.75 0.46875 -0.00490514
0.75 0.4375 -0.00831574
0.78125 0.4375 0.0227496
0.78125 0.46875 0.0261584
0.75 0.46875 -0.00490514
0.78125 0.5 0.0295694
0.78125 0.46875 0.0261584
0.8125 0.46875 0.0572225
0.8125 0.5 0.0606328
0.78125 0.5 0.0295694
0.78125 0.46875 0.0261584
0.78125 0.4375 0.0227496
0.8125 0.4375 0.0538185
0.8125 0.46875 0.0572225
0.78125 0.46875 0.0261584
0.75 0.4375 -0.00831574
0.75 0.40625 -0.0117177
0.78125 0.40625 0.0193601
0.78125 0.4375 0.0227496
0.75 0.4375 -0.00831574
0.75 0.40625 -0.0117177
0.75 0.375 -0.0150204
0.78125 0.375 0.0161126
0.78125 0.40625 0.0193601
0.75 0.40625 -0.0117177
0.78125 0.4375 0.0227496
0.78125 0.40625 0.0193601
0.8125 0.40625 0.0504551
0.8125 0.4375 0.0538185
0.78125 0.4375 0.0227496
0.78125 0.40625 0.0193601
0.78125 0.375 0.0161126
0.8125 0.375 0.047298
0.8125 0.40625 0.0504551
0.78125 0.40625 0.0193601
0.8125 0.5 0.0606328
0.8125 0.46875 0.0572225
0.84375 0.46875 0.0882875
0.84375 0.5 0.0916963
0.8125 0.5 0.0606328
0.8125 0.46875 0.0572225
0.8125 0.4375 0.0538185
0.84375 0.4375 0.0848916
0.84375 0.46875 0.0882875
0.8125 0.46875 0.0572225
0.84375 0.5 0.0916963
0.84375 0.46875 0.0882875
0.875 0.46875 0.119354
0.875 0.5 0.12276
0.84375 0.5 0.0916963
0.84375 0.46875 0.0882875
0.84375 0.4375 0.0848916
0.875 0.4375 0.115969
0.875 0.46875 0.119354
0.84375 0.46875 0.0882875
0.8125 0.4375 0.0538185
0.8125 0.40625 0.0504551
0.84375 0.40625 0.0815613
0.84375 0.4375 0.0848916
0.8125 0.4375 0.0538185
0.8125 0.40625 0.0504551
0.8125 0.375 0.047298
0.84375 0.375 0.0784825
0.84375 0.40625 0.0815613
0.8125 0.40625 0.0504551
0.84375 0.4375 0.0848916
0.84375 0.40625 0.0815613
0.875 0.40625 0.112672
0.875 0.4375 0.115969
0.84375 0.4375 0.0848916
0.84375 0.40625 0.0815613
0.84375 0.375 0.0784825
0.875 0.375 0.109661
0.875 0.40625 0.112672
0.84375 0.40625 0.0815613
0.75 0.375 -0.0150204
0.75 0.34375 -0.0169899
0.78125 0.34375 0.0136851
0.78125 0.375 0.0161126
0.75 0.375 -0.0150204
0.75 0.34375 -0.0169899
0.75 0.3125 -0.012197
0.78125 0.3125 0.0156543
0.78125 0.34375 0.0136851
0.75 0.34375 -0.0169899
0.78125 0.375 0.0161126
0.78125 0.34375 0.0136851
0.8125 0.34375 0.0449303
0.8125 0.375 0.047298
0.78125 0.375 0.0161126
0.78125 0.34375 0.0136851
0.78125 0.3125 0.0156543
0.8125 0.3125 0.0466539
0.8125 0.34375 0.0449303
0.78125 0.34375 0.0136851
0.75 0.3125 -0.012197
0.75 0.28125 0.00398356
0.78125 0.28125 0.0283681
0.78125 0.3125 0.0156543
0.75 0.3125 -0.012197
0.75 0.28125 0.00398356
0.75 0.25 0.0324372
0.78125 0.25 0.0503904
0.78125 0.28125 0.0283681
0.75 0.28125 0.00398356
0.78125 0.3125 0.0156543
0.78125 0.28125 0.0283681
0.8125 0.28125 0.0560085
0.8125 0.3125 0.0466539
0.78125 0.3125 0.0156543
0.78125 0.28125 0.0283681
0.78125 0.25 0.0503904
0.8125 0.25 0.073424
0.8125 0.28125 0.0560085
0.78125 0.28125 0.0283681
0.8125 0.375 0.047298
0.8125 0.34375 0.0449303
0.84375 0.34375 0.0761698
0.84375 0.375 0.0784825
0.8125 0.375 0.047298
0.8125 0.34375 0.0449303
0.8125 0.3125 0.0466539
0.84375 0.3125 0.0776621
0.84375 0.34375 0.0761698
0.8125 0.34375 0.0449303
0.84375 0.375 0.0784825
0.84375 0.34375 0.0761698
0.875 0.34375 0.107398
0.875 0.375 0.109661
0.84375 0.375 0.0784825
0.84375 0.34375 0.0761698
0.84375 0.3125 0.0776621
0.875 0.3125 0.108655
0.875 0.34375 0.107398
0.84375 0.34375 0.0761698
0.8125 0.3125 0.0466539
0.8125 0.28125 0.0560085
0.84375 0.28125 0.0850229
0.84375 0.3125 0.0776621
0.8125 0.3125 0.0466539
0.8125 0.28125 0.0560085
0.8125 0.25 0.073424
0.84375 0.25 0.0991096
0.84375 0.28125 0.0850229
0.8125 0.28125 0.0560085
0.84375 0.3125 0.0776621
0.84375 0.28125 0.0850229
0.875 0.28125 0.11477
0.875 0.3125 0.108655
0.84375 0.3125 0.0776621
0.84375 0.28125 0.0850229
0.84375 0.25 0.0991096
0.875 0.25 0.126318
0.875 0.28125 0.11477
0.84375 0.28125 0.0850229
0.875 0.5 0.12276
0.875 0.4375 0.115969
0.9375 0.4375 0.17818
0.9375 0.5 0.184897
0.875 0.5 0.12276
0.875 0.4375 0.115969
0.875 0.375 0.109661
0.9375 0.375 0.17214
0.9375 0.4375 0.17818
0.875 0.4375 0.115969
0.9375 0.5 0.184897
0.9375 0.4375 0.17818
1 0.4375 0.240439
1 0.5 0.247054
0.9375 0.5 0.184897
0.9375 0.4375 0.17818
0.9375 0.375 0.17214
1 0.375 0.234618
1 0.4375 0.240439
0.9375 0.4375 0.17818
0.875 0.375 0.109661
0.875 0.3125 0.108655
0.9375 0.3125 0.170964
0.9375 0.375 0.17214
0.875 0.375 0.109661
0.875 0.3125 0.108655
0.875 0.25 0.126318
0.9375 0.25 0.18408
0.9375 0.3125 0.170964
0.875 0.3125 0.108655
0.9375 0.375 0.17214
0.9375 0.3125 0.170964
1 0.3125 0.233266
1 0.375 0.234618
0.9375 0.375 0.17214
0.9375 0.3125 0.170964
0.9375 0.25 0.18408
1 0.25 0.244026
1 0.3125 0.233266
0.9375 0.3125 0.170964
0.75 0.25 0.0324372
0.75 0.21875 0.061899
0.78125 0.21875 0.0756903
0.78125 0.25 0.0503904
0.75 0.25 0.0324372
0.75 0.21875 0.061899
0.75 0.1875 0.0918772
0.78125 0.1875 0.103259
0.78125 0.21875 0.0756903
0.75 0.21875 0.061899
0.78125 0.25 0.0503904
0.78125 0.21875 0.0756903
0.8125 0.21875 0.0948373
0.8125 0.25 0.073424
0.78125 0.25 0.0503904
0.78125 0.21875 0.0756903
0.78125 0.1875 0.103259
0.8125 0.1875 0.11933
0.8125 0.21875 0.0948373
0.78125 0.21875 0.0756903
0.75 0.1875 0.0918772
0.75 0.125 0.152586
0.8125 0.125 0.173496
0.8125 0.1875 0.11933
0.75 0.1875 0.0918772
0.8125 0.25 0.073424
0.8125 0.21875 0.0948373
0.84375 0.21875 0.117323
0.84375 0.25 0.0991096
0.8125 0.25 0.073424
0.8125 0.21875 0.0948373
0.8125 0.1875 0.11933
0.84375 0.1875 0.138861
0.84375 0.21875 0.117323
0.8125 0.21875 0.0948373
0.84375 0.25 0.0991096
0.84375 0.21875 0.117323
0.875 0.21875 0.142077
0.875 0.25 0.126318
0.84375 0.25 0.0991096
0.84375 0.21875 0.117323
0.84375 0.1875 0.138861
0.875 0.1875 0.161144
0.875 0.21875 0.142077
0.84375 0.21875 0.117323
0.8125 0.1875 0.11933
0.8125 0.125 0.173496
0.875 0.125 0.208413
0.875 0.1875 0.161144
0.8125 0.1875 0.11933
0.75 0.125 0.152586
0.75 0.0625 0.214178
0.8125 0.0625 0.231203
0.8125 0.125 0.173496
0.75 0.125 0.152586
0.75 0.0625 0.214178
0.75 0 0.275966
0.8125 0 0.290934
0.8125 0.0625 0.231203
0.75 0.0625 0.214178
0.8125 0.125 0.173496
0.8125 0.0625 0.231203
0.875 0.0625 0.259358
0.875 0.125 0.208413
0.8125 0.125 0.173496
0.8125 0.0625 0.231203
0.8125 0 0.290934
0.875 0 0.314832
0.875 0.0625 0.259358
0.8125 0.0625 0.231203
0.875 0.25 0.126318
0.875 0.1875 0.161144
0.9375 0.1875 0.211184
0.9375 0.25 0.18408
0.875 0.25 0.126318
0.875 0.1875 0.161144
0.875 0.125 0.208413
0.9375 0.125 0.250213
0.9375 0.1875 0.211184
0.875 0.1875 0.161144
0.9375 0.25 0.18408
0.9375 0.1875 0.211184
1 0.1875 0.266908
1 0.25 0.244026
0.9375 0.25 0.18408
0.9375 0.1875 0.211184
0.9375 0.125 0.250213
1 0.125 0.299733
1 0.1875 0.266908
0.9375 0.1875 0.211184
0.875 0.125 0.208413
0.875 0 0.314832
1 0 0.395205
1 0.125 0.299733
0.875 0.125 0.208413
