0 1 0.418217
0 0.875 0.32507
0.125 0.875 0.228721
0.125 1 0.335083
0 1 0.418217
0 0.875 0.32507
0 0.8125 0.287093
0.0625 0.8125 0.231469
0.0625 0.875 0.27356
0 0.875 0.32507
0 0.8125 0.287093
0 0.75 0.255676
0.0625 0.75 0.196317
0.0625 0.8125 0.231469
0 0.8125 0.287093
0.0625 0.875 0.27356
0.0625 0.8125 0.231469
0.125 0.8125 0.17984
0.125 0.875 0.228721
0.0625 0.875 0.27356
0.0625 0.8125 0.231469
0.0625 0.75 0.196317
0.125 0.75 0.138807
0.125 0.8125 0.17984
0.0625 0.8125 0.231469
0.125 1 0.335083
0.125 0.9375 0.280888
0.1875 0.9375 0.249886
0.1875 1 0.308302
0.125 1 0.335083
0.125 0.9375 0.280888
0.125 0.875 0.228721
0.1875 0.875 0.19255
0.1875 0.9375 0.249886
0.125 0.9375 0.280888
0.1875 1 0.308302
0.1875 0.9375 0.249886
0.25 0.9375 0.228328
0.25 1 0.28925
0.1875 1 0.308302
0.1875 0.9375 0.249886
0.1875 0.875 0.19255
0.25 0.875 0.167471
0.25 0.9375 0.228328
0.1875 0.9375 0.249886
0.125 0.875 0.228721
0.125 0.8125 0.17984
0.1875 0.8125 0.137152
0.1875 0.875 0.19255
0.125 0.875 0.228721
0.125 0.8125 0.17984
0.125 0.78125 0.158292
0.15625 0.78125 0.134187
0.15625 0.8125 0.157585
0.125 0.8125 0.17984
0.125 0.78125 0.158292
0.125 0.75 0.138807
0.15625 0.75 0.112719
0.15625 0.78125 0.134187
0.125 0.78125 0.158292
0.15625 0.8125 0.157585
0.15625 0.78125 0.134187
0.1875 0.78125 0.111682
0.1875 0.8125 0.137152
0.15625 0.8125 0.157585
0.15625 0.78125 0.134187
0.15625 0.75 0.112719
0.1875 0.75 0.0878887
0.1875 0.78125 0.111682
0.15625 0.78125 0.134187
0.1875 0.875 0.19255
0.1875 0.8125 0.137152
0.25 0.8125 0.106894
0.25 0.875 0.167471
0.1875 0.875 0.19255
0.1875 0.8125 0.137152
0.1875 0.78125 0.111682
0.21875 0.78125 0.0921619
0.21875 0.8125 0.119873
0.1875 0.8125 0.137152
0.1875 0.78125 0.111682
0.1875 0.75 0.0878887
0.21875 0.75 0.0655856
0.21875 0.78125 0.0921619
0.1875 0.78125 0.111682
0.21875 0.8125 0.119873
0.21875 0.78125 0.0921619
0.25 0.78125 0.0771207
0.25 0.8125 0.106894
0.21875 0.8125 0.119873
0.21875 0.78125 0.0921619
0.21875 0.75 0.0655856
0.25 0.75 0.0477891
0.25 0.78125 0.0771207
0.21875 0.78125 0.0921619
0 0.75 0.255676
0 0.6875 0.232482
0.0625 0.6875 0.170168
0.0625 0.75 0.196317
0 0.75 0.255676
0 0.6875 0.232482
0 0.625 0.222549
0.0625 0.625 0.160071
0.0625 0.6875 0.170168
0 0.6875 0.232482
0.0625 0.75 0.196317
0.0625 0.6875 0.170168
0.125 0.6875 0.107806
0.125 0.75 0.138807
0.0625 0.75 0.196317
0.0625 0.6875 0.170168
0.0625 0.625 0.160071
0.125 0.625 0.0976282
0.125 0.6875 0.107806
0.0625 0.6875 0.170168
0 0.625 0.222549
0 0.5625 0.230316
0.0625 0.5625 0.168522
0.0625 0.625 0.160071
0 0.625 0.222549
0 0.5625 0.230316
0 0.5 0.241328
0.0625 0.5 0.179854
0.0625 0.5625 0.168522
0 0.5625 0.230316
0.0625 0.625 0.160071
0.0625 0.5625 0.168522
0.125 0.5625 0.106897
0.125 0.625 0.0976282
0.0625 0.625 0.160071
0.0625 0.5625 0.168522
0.0625 0.5 0.179854
0.125 0.5 0.11843
0.125 0.5625 0.106897
0.0625 0.5625 0.168522
0.125 0.75 0.138807
0.125 0.71875 0.121776
0.15625 0.71875 0.0936744
0.15625 0.75 0.112719
0.125 0.75 0.138807
0.125 0.71875 0.121776
0.125 0.6875 0.107806
0.15625 0.6875 0.0778539
0.15625 0.71875 0.0936744
0.125 0.71875 0.121776
0.15625 0.75 0.112719
0.15625 0.71875 0.0936744
0.1875 0.71875 0.0663638
0.1875 0.75 0.0878887
0.15625 0.75 0.112719
0.15625 0.71875 0.0936744
0.15625 0.6875 0.0778539
0.1875 0.6875 0.0481615
0.1875 0.71875 0.0663638
0.15625 0.71875 0.0936744
0.125 0.6875 0.107806
0.125 0.65625 0.0977225
0.15625 0.65625 0.0664879
0.15625 0.6875 0.0778539
0.125 0.6875 0.107806
0.125 0.65625 0.0977225
0.125 0.625 0.0976282
0.15625 0.625 0.0664531
0.15625 0.65625 0.0664879
0.125 0.65625 0.0977225
0.15625 0.6875 0.0778539
0.15625 0.65625 0.0664879
0.1875 0.65625 0.0352489
0.1875 0.6875 0.0481615
0.15625 0.6875 0.0778539
0.15625 0.65625 0.0664879
0.15625 0.625 0.0664531
0.1875 0.625 0.0352797
0.1875 0.65625 0.0352489
0.15625 0.65625 0.0664879
0.1875 0.75 0.0878887
0.1875 0.71875 0.0663638
0.21875 0.71875 0.0407647
0.21875 0.75 0.0655856
0.1875 0.75 0.0878887
0.1875 0.71875 0.0663638
0.1875 0.6875 0.0481615
0.21875 0.6875 0.0188682
0.21875 0.71875 0.0407647
0.1875 0.71875 0.0663638
0.21875 0.75 0.0655856
0.21875 0.71875 0.0407647
0.25 0.71875 0.0190841
0.25 0.75 0.0477891
0.21875 0.75 0.0655856
0.21875 0.71875 0.0407647
0.21875 0.6875 0.0188682
0.25 0.6875 -0.00721213
0.25 0.71875 0.0190841
0.21875 0.71875 0.0407647
0.1875 0.6875 0.0481615
0.1875 0.65625 0.0352489
0.21875 0.65625 0.00400439
0.21875 0.6875 0.0188682
0.1875 0.6875 0.0481615
0.1875 0.65625 0.0352489
0.1875 0.625 0.0352797
0.21875 0.625 0.00412022
0.21875 0.65625 0.00400439
0.1875 0.65625 0.0352489
0.21875 0.6875 0.0188682
0.21875 0.65625 0.00400439
0.25 0.65625 -0.0251947
0.25 0.6875 -0.00721213
0.21875 0.6875 0.0188682
0.21875 0.65625 0.00400439
0.21875 0.625 0.00412022
0.25 0.625 -0.0267348
0.25 0.65625 -0.0251947
0.21875 0.65625 0.00400439
0.125 0.625 0.0976282
0.125 0.59375 0.101569
0.15625 0.59375 0.0706838
0.15625 0.625 0.0664531
0.125 0.625 0.0976282
0.125 0.59375 0.101569
0.125 0.5625 0.106897
0.15625 0.5625 0.0761477
0.15625 0.59375 0.0706838
0.125 0.59375 0.101569
0.15625 0.625 0.0664531
0.15625 0.59375 0.0706838
0.1875 0.59375 0.0398274
0.1875 0.625 0.0352797
0.15625 0.625 0.0664531
0.15625 0.59375 0.0706838
0.15625 0.5625 0.0761477
0.1875 0.5625 0.0454128
0.1875 0.59375 0.0398274
0.15625 0.59375 0.0706838
0.125 0.5625 0.106897
0.125 0.53125 0.112621
0.15625 0.53125 0.08191
0.15625 0.5625 0.0761477
0.125 0.5625 0.106897
0.125 0.53125 0.112621
0.125 0.5 0.11843
0.15625 0.5 0.087726
0.15625 0.53125 0.08191
0.125 0.53125 0.112621
0.15625 0.5625 0.0761477
0.15625 0.53125 0.08191
0.1875 0.53125 0.0512022
0.1875 0.5625 0.0454128
0.15625 0.5625 0.0761477
0.15625 0.53125 0.08191
0.15625 0.5 0.087726
0.1875 0.5 0.057023
0.1875 0.53125 0.0512022
0.15625 0.53125 0.08191
0.1875 0.625 0.0352797
0.1875 0.59375 0.0398274
0.21875 0.59375 0.00900923
0.21875 0.625 0.00412022
0.1875 0.625 0.0352797
0.1875 0.59375 0.0398274
0.1875 0.5625 0.0454128
0.21875 0.5625 0.0146906
0.21875 0.59375 0.00900923
0.1875 0.59375 0.0398274
0.21875 0.625 0.00412022
0.21875 0.59375 0.00900923
0.25 0.59375 -0.0217356
0.25 0.625 -0.0267348
0.21875 0.625 0.00412022
0.21875 0.59375 0.00900923
0.21875 0.5625 0.0146906
0.25 0.5625 -0.0160197
0.25 0.59375 -0.0217356
0.21875 0.59375 0.00900923
0.1875 0.5625 0.0454128
0.1875 0.53125 0.0512022
0.21875 0.53125 0.020497
0.21875 0.5625 0.0146906
0.1875 0.5625 0.0454128
0.1875 0.53125 0.0512022
0.1875 0.5 0.057023
0.21875 0.5 0.0263203
0.21875 0.53125 0.020497
0.1875 0.53125 0.0512022
0.21875 0.5625 0.0146906
0.21875 0.53125 0.020497
0.25 0.53125 -0.0102064
0.25 0.5625 -0.0160197
0.21875 0.5625 0.0146906
0.21875 0.53125 0.020497
0.21875 0.5 0.0263203
0.25 0.5 -0.00438205
0.25 0.53125 -0.0102064
0.21875 0.53125 0.020497
0.25 1 0.28925
0.25 0.9375 0.228328
0.3125 0.9375 0.214794
0.3125 1 0.276195
0.25 1 0.28925
0.25 0.9375 0.228328
0.25 0.875 0.167471
0.3125 0.875 0.153393
0.3125 0.9375 0.214794
0.25 0.9375 0.228328
0.3125 1 0.276195
0.3125 0.9375 0.214794
0.375 0.9375 0.203133
0.375 1 0.264539
0.3125 1 0.276195
0.3125 0.9375 0.214794
0.3125 0.875 0.153393
0.375 0.875 0.141728
0.375 0.9375 0.203133
0.3125 0.9375 0.214794
0.25 0.875 0.167471
0.25 0.8125 0.106894
0.3125 0.8125 0.0919961
0.3125 0.875 0.153393
0.25 0.875 0.167471
0.25 0.8125 0.106894
0.25 0.78125 0.0771207
0.28125 0.78125 0.0675426
0.28125 0.8125 0.0981504
0.25 0.8125 0.106894
0.25 0.78125 0.0771207
0.25 0.75 0.0477891
0.28125 0.75 0.0369564
0.28125 0.78125 0.0675426
0.25 0.78125 0.0771207
0.28125 0.8125 0.0981504
0.28125 0.78125 0.0675426
0.3125 0.78125 0.061299
0.3125 0.8125 0.0919961
0.28125 0.8125 0.0981504
0.28125 0.78125 0.0675426
0.28125 0.75 0.0369564
0.3125 0.75 0.0306031
0.3125 0.78125 0.061299
0.28125 0.78125 0.0675426
0.3125 0.875 0.153393
0.3125 0.84375 0.122694
0.34375 0.84375 0.116853
0.34375 0.875 0.147555
0.3125 0.875 0.153393
0.3125 0.84375 0.122694
0.3125 0.8125 0.0919961
0.34375 0.8125 0.0861508
0.34375 0.84375 0.116853
0.3125 0.84375 0.122694
0.34375 0.875 0.147555
0.34375 0.84375 0.116853
0.375 0.84375 0.111026
0.375 0.875 0.141728
0.34375 0.875 0.147555
0.34375 0.84375 0.116853
0.34375 0.8125 0.0861508
0.375 0.8125 0.080324
0.375 0.84375 0.111026
0.34375 0.84375 0.116853
0.3125 0.8125 0.0919961
0.3125 0.78125 0.061299
0.34375 0.78125 0.0554489
0.34375 0.8125 0.0861508
0.3125 0.8125 0.0919961
0.3125 0.78125 0.061299
0.3125 0.75 0.0306031
0.34375 0.75 0.0247472
0.34375 0.78125 0.0554489
0.3125 0.78125 0.061299
0.34375 0.8125 0.0861508
0.34375 0.78125 0.0554489
0.375 0.78125 0.0496218
0.375 0.8125 0.080324
0.34375 0.8125 0.0861508
0.34375 0.78125 0.0554489
0.34375 0.75 0.0247472
0.375 0.75 0.0189196
0.375 0.78125 0.0496218
0.34375 0.78125 0.0554489
0.375 1 0.264539
0.375 0.9375 0.203133
0.4375 0.9375 0.191491
0.4375 1 0.252909
0.375 1 0.264539
0.375 0.9375 0.203133
0.375 0.875 0.141728
0.4375 0.875 0.130078
0.4375 0.9375 0.191491
0.375 0.9375 0.203133
0.4375 1 0.252909
0.4375 0.9375 0.191491
0.5 0.9375 0.179895
0.5 1 0.241377
0.4375 1 0.252909
0.4375 0.9375 0.191491
0.4375 0.875 0.130078
0.5 0.875 0.118435
0.5 0.9375 0.179895
0.4375 0.9375 0.191491
0.375 0.875 0.141728
0.375 0.84375 0.111026
0.40625 0.84375 0.105201
0.40625 0.875 0.135903
0.375 0.875 0.141728
0.375 0.84375 0.111026
0.375 0.8125 0.080324
0.40625 0.8125 0.0744986
0.40625 0.84375 0.105201
0.375 0.84375 0.111026
0.40625 0.875 0.135903
0.40625 0.84375 0.105201
0.4375 0.84375 0.0993757
0.4375 0.875 0.130078
0.40625 0.875 0.135903
0.40625 0.84375 0.105201
0.40625 0.8125 0.0744986
0.4375 0.8125 0.0686733
0.4375 0.84375 0.0993757
0.40625 0.84375 0.105201
0.375 0.8125 0.080324
0.375 0.78125 0.0496218
0.40625 0.78125 0.0437964
0.40625 0.8125 0.0744986
0.375 0.8125 0.080324
0.375 0.78125 0.0496218
0.375 0.75 0.0189196
0.40625 0.75 0.0130941
0.40625 0.78125 0.0437964
0.375 0.78125 0.0496218
0.40625 0.8125 0.0744986
0.40625 0.78125 0.0437964
0.4375 0.78125 0.037971
0.4375 0.8125 0.0686733
0.40625 0.8125 0.0744986
0.40625 0.78125 0.0437964
0.40625 0.75 0.0130941
0.4375 0.75 0.00726877
0.4375 0.78125 0.037971
0.40625 0.78125 0.0437964
0.4375 0.875 0.130078
0.4375 0.84375 0.0993757
0.46875 0.84375 0.093551
0.46875 0.875 0.124254
0.4375 0.875 0.130078
0.4375 0.84375 0.0993757
0.4375 0.8125 0.0686733
0.46875 0.8125 0.0628483
0.46875 0.84375 0.093551
0.4375 0.84375 0.0993757
0.46875 0.875 0.124254
0.46875 0.84375 0.093551
0.5 0.84375 0.0877291
0.5 0.875 0.118435
0.46875 0.875 0.124254
0.46875 0.84375 0.093551
0.46875 0.8125 0.0628483
0.5 0.8125 0.0570245
0.5 0.84375 0.0877291
0.46875 0.84375 0.093551
0.4375 0.8125 0.0686733
0.4375 0.78125 0.037971
0.46875 0.78125 0.0321458
0.46875 0.8125 0.0628483
0.4375 0.8125 0.0686733
0.4375 0.78125 0.037971
0.4375 0.75 0.00726877
0.46875 0.75 0.00144344
0.46875 0.78125 0.0321458
0.4375 0.78125 0.037971
0.46875 0.8125 0.0628483
0.46875 0.78125 0.0321458
0.5 0.78125 0.0263209
0.5 0.8125 0.0570245
0.46875 0.8125 0.0628483
0.46875 0.78125 0.0321458
0.46875 0.75 0.00144344
0.5 0.75 -0.0043818
0.5 0.78125 0.0263209
0.46875 0.78125 0.0321458
0.25 0.75 0.0477891
0.25 0.71875 0.0190841
0.28125 0.71875 0.00639868
0.28125 0.75 0.0369564
0.25 0.75 0.0477891
0.25 0.71875 0.0190841
0.25 0.6875 -0.00721213
0.28125 0.6875 -0.0232073
0.28125 0.71875 0.00639868
0.25 0.71875 0.0190841
0.28125 0.75 0.0369564
0.28125 0.71875 0.00639868
0.3125 0.71875 -9.12367e-005
0.3125 0.75 0.0306031
0.28125 0.75 0.0369564
0.28125 0.71875 0.00639868
0.28125 0.6875 -0.0232073
0.3125 0.6875 -0.030669
0.3125 0.71875 -9.12367e-005
0.28125 0.71875 0.00639868
0.25 0.6875 -0.00721213
0.25 0.65625 -0.0251947
0.28125 0.65625 -0.0487054
0.28125 0.6875 -0.0232073
0.25 0.6875 -0.00721213
0.25 0.65625 -0.0251947
0.25 0.625 -0.0267348
0.28125 0.625 -0.0575412
0.28125 0.65625 -0.0487054
0.25 0.65625 -0.0251947
0.28125 0.6875 -0.0232073
0.28125 0.65625 -0.0487054
0.3125 0.65625 -0.0607535
0.3125 0.6875 -0.030669
0.28125 0.6875 -0.0232073
0.28125 0.65625 -0.0487054
0.28125 0.625 -0.0575412
0.3125 0.625 -0.0839531
0.3125 0.65625 -0.0607535
0.28125 0.65625 -0.0487054
0.3125 0.75 0.0306031
0.3125 0.71875 -9.12367e-005
0.34375 0.71875 -0.00595403
0.34375 0.75 0.0247472
0.3125 0.75 0.0306031
0.3125 0.71875 -9.12367e-005
0.3125 0.6875 -0.030669
0.34375 0.6875 -0.0366455
0.34375 0.71875 -0.00595403
0.3125 0.71875 -9.12367e-005
0.34375 0.75 0.0247472
0.34375 0.71875 -0.00595403
0.375 0.71875 -0.0117825
0.375 0.75 0.0189196
0.34375 0.75 0.0247472
0.34375 0.71875 -0.00595403
0.34375 0.6875 -0.0366455
0.375 0.6875 -0.0424839
0.375 0.71875 -0.0117825
0.34375 0.71875 -0.00595403
0.3125 0.6875 -0.030669
0.3125 0.65625 -0.0607535
0.34375 0.65625 -0.0672936
0.34375 0.6875 -0.0366455
0.3125 0.6875 -0.030669
0.3125 0.65625 -0.0607535
0.3125 0.625 -0.0839531
0.34375 0.625 -0.0972613
0.34375 0.65625 -0.0672936
0.3125 0.65625 -0.0607535
0.34375 0.6875 -0.0366455
0.34375 0.65625 -0.0672936
0.375 0.65625 -0.0731815
0.375 0.6875 -0.0424839
0.34375 0.6875 -0.0366455
0.34375 0.65625 -0.0672936
0.34375 0.625 -0.0972613
0.375 0.625 -0.10383
0.375 0.65625 -0.0731815
0.34375 0.65625 -0.0672936
0.25 0.625 -0.0267348
0.25 0.59375 -0.0217356
0.28125 0.59375 -0.0524489
0.28125 0.625 -0.0575412
0.25 0.625 -0.0267348
0.25 0.59375 -0.0217356
0.25 0.5625 -0.0160197
0.28125 0.5625 -0.0467231
0.28125 0.59375 -0.0524489
0.25 0.59375 -0.0217356
0.28125 0.625 -0.0575412
0.28125 0.59375 -0.0524489
0.3125 0.59375 -0.0831624
0.3125 0.625 -0.0839531
0.28125 0.625 -0.0575412
0.28125 0.59375 -0.0524489
0.28125 0.5625 -0.0467231
0.3125 0.5625 -0.0774265
0.3125 0.59375 -0.0831624
0.28125 0.59375 -0.0524489
0.25 0.5625 -0.0160197
0.25 0.53125 -0.0102064
0.28125 0.53125 -0.0409087
0.28125 0.5625 -0.0467231
0.25 0.5625 -0.0160197
0.25 0.53125 -0.0102064
0.25 0.5 -0.00438205
0.28125 0.5 -0.0350843
0.28125 0.53125 -0.0409087
0.25 0.53125 -0.0102064
0.28125 0.5625 -0.0467231
0.28125 0.53125 -0.0409087
0.3125 0.53125 -0.0716111
0.3125 0.5625 -0.0774265
0.28125 0.5625 -0.0467231
0.28125 0.53125 -0.0409087
0.28125 0.5 -0.0350843
0.3125 0.5 -0.0657865
0.3125 0.53125 -0.0716111
0.28125 0.53125 -0.0409087
0.3125 0.625 -0.0839531
0.3125 0.59375 -0.0831624
0.34375 0.59375 -0.113327
0.34375 0.625 -0.0972613
0.3125 0.625 -0.0839531
0.3125 0.59375 -0.0831624
0.3125 0.5625 -0.0774265
0.34375 0.5625 -0.10813
0.34375 0.59375 -0.113327
0.3125 0.59375 -0.0831624
0.34375 0.625 -0.0972613
0.34375 0.59375 -0.113327
0.375 0.59375 -0.131815
0.375 0.625 -0.10383
0.34375 0.625 -0.0972613
0.34375 0.59375 -0.113327
0.34375 0.5625 -0.10813
0.375 0.5625 -0.13883
0.375 0.59375 -0.131815
0.34375 0.59375 -0.113327
0.3125 0.5625 -0.0774265
0.3125 0.53125 -0.0716111
0.34375 0.53125 -0.102313
0.34375 0.5625 -0.10813
0.3125 0.5625 -0.0774265
0.3125 0.53125 -0.0716111
0.3125 0.5 -0.0657865
0.34375 0.5 -0.0964885
0.34375 0.53125 -0.102313
0.3125 0.53125 -0.0716111
0.34375 0.5625 -0.10813
0.34375 0.53125 -0.102313
0.375 0.53125 -0.133015
0.375 0.5625 -0.13883
0.34375 0.5625 -0.10813
0.34375 0.53125 -0.102313
0.34375 0.5 -0.0964885
0.375 0.5 -0.127189
0.375 0.53125 -0.133015
0.34375 0.53125 -0.102313
0.375 0.75 0.0189196
0.375 0.71875 -0.0117825
0.40625 0.71875 -0.0176081
0.40625 0.75 0.0130941
0.375 0.75 0.0189196
0.375 0.71875 -0.0117825
0.375 0.6875 -0.0424839
0.40625 0.6875 -0.0483103
0.40625 0.71875 -0.0176081
0.375 0.71875 -0.0117825
0.40625 0.75 0.0130941
0.40625 0.71875 -0.0176081
0.4375 0.71875 -0.0234335
0.4375 0.75 0.00726877
0.40625 0.75 0.0130941
0.40625 0.71875 -0.0176081
0.40625 0.6875 -0.0483103
0.4375 0.6875 -0.0541357
0.4375 0.71875 -0.0234335
0.40625 0.71875 -0.0176081
0.375 0.6875 -0.0424839
0.375 0.65625 -0.0731815
0.40625 0.65625 -0.0790122
0.40625 0.6875 -0.0483103
0.375 0.6875 -0.0424839
0.375 0.65625 -0.0731815
0.375 0.625 -0.10383
0.40625 0.625 -0.109711
0.40625 0.65625 -0.0790122
0.375 0.65625 -0.0731815
0.40625 0.6875 -0.0483103
0.40625 0.65625 -0.0790122
0.4375 0.65625 -0.0848379
0.4375 0.6875 -0.0541357
0.40625 0.6875 -0.0483103
0.40625 0.65625 -0.0790122
0.40625 0.625 -0.109711
0.4375 0.625 -0.11554
0.4375 0.65625 -0.0848379
0.40625 0.65625 -0.0790122
0.4375 0.75 0.00726877
0.4375 0.71875 -0.0234335
0.46875 0.71875 -0.0292588
0.46875 0.75 0.00144344
0.4375 0.75 0.00726877
0.4375 0.71875 -0.0234335
0.4375 0.6875 -0.0541357
0.46875 0.6875 -0.0599611
0.46875 0.71875 -0.0292588
0.4375 0.71875 -0.0234335
0.46875 0.75 0.00144344
0.46875 0.71875 -0.0292588
0.5 0.71875 -0.0350841
0.5 0.75 -0.0043818
0.46875 0.75 0.00144344
0.46875 0.71875 -0.0292588
0.46875 0.6875 -0.0599611
0.5 0.6875 -0.0657863
0.5 0.71875 -0.0350841
0.46875 0.71875 -0.0292588
0.4375 0.6875 -0.0541357
0.4375 0.65625 -0.0848379
0.46875 0.65625 -0.0906633
0.46875 0.6875 -0.0599611
0.4375 0.6875 -0.0541357
0.4375 0.65625 -0.0848379
0.4375 0.625 -0.11554
0.46875 0.625 -0.121366
0.46875 0.65625 -0.0906633
0.4375 0.65625 -0.0848379
0.46875 0.6875 -0.0599611
0.46875 0.65625 -0.0906633
0.5 0.65625 -0.0964886
0.5 0.6875 -0.0657863
0.46875 0.6875 -0.0599611
0.46875 0.65625 -0.0906633
0.46875 0.625 -0.121366
0.5 0.625 -0.127191
0.5 0.65625 -0.0964886
0.46875 0.65625 -0.0906633
0.375 0.625 -0.10383
0.375 0.5625 -0.13883
0.4375 0.5625 -0.174382
0.4375 0.625 -0.11554
0.375 0.625 -0.10383
0.375 0.5625 -0.13883
0.375 0.5 -0.127189
0.4375 0.5 -0.186411
0.4375 0.5625 -0.174382
0.375 0.5625 -0.13883
0.4375 0.625 -0.11554
0.4375 0.5625 -0.174382
0.5 0.5625 -0.189496
0.5 0.625 -0.127191
0.4375 0.625 -0.11554
0.4375 0.5625 -0.174382
0.4375 0.5 -0.186411
0.5 0.5 -0.227485
0.5 0.5625 -0.189496
0.4375 0.5625 -0.174382
0 0.5 0.241328
0 0.4375 0.252897
0.0625 0.4375 0.191483
0.0625 0.5 0.179854
0 0.5 0.241328
0 0.4375 0.252897
0 0.375 0.264534
0.0625 0.375 0.203133
0.0625 0.4375 0.191483
0 0.4375 0.252897
0.0625 0.5 0.179854
0.0625 0.4375 0.191483
0.125 0.4375 0.130078
0.125 0.5 0.11843
0.0625 0.5 0.179854
0.0625 0.4375 0.191483
0.0625 0.375 0.203133
0.125 0.375 0.14173
0.125 0.4375 0.130078
0.0625 0.4375 0.191483
0 0.375 0.264534
0 0.3125 0.276232
0.0625 0.3125 0.214843
0.0625 0.375 0.203133
0 0.375 0.264534
0 0.3125 0.276232
0 0.25 0.289065
0.0625 0.25 0.228034
0.0625 0.3125 0.214843
0 0.3125 0.276232
0.0625 0.375 0.203133
0.0625 0.3125 0.214843
0.125 0.3125 0.15346
0.125 0.375 0.14173
0.0625 0.375 0.203133
0.0625 0.3125 0.214843
0.0625 0.25 0.228034
0.125 0.25 0.167251
0.125 0.3125 0.15346
0.0625 0.3125 0.214843
0.125 0.5 0.11843
0.125 0.46875 0.124253
0.15625 0.46875 0.0935501
0.15625 0.5 0.087726
0.125 0.5 0.11843
0.125 0.46875 0.124253
0.125 0.4375 0.130078
0.15625 0.4375 0.0993753
0.15625 0.46875 0.0935501
0.125 0.46875 0.124253
0.15625 0.5 0.087726
0.15625 0.46875 0.0935501
0.1875 0.46875 0.0628478
0.1875 0.5 0.057023
0.15625 0.5 0.087726
0.15625 0.46875 0.0935501
0.15625 0.4375 0.0993753
0.1875 0.4375 0.0686731
0.1875 0.46875 0.0628478
0.15625 0.46875 0.0935501
0.125 0.4375 0.130078
0.125 0.40625 0.135903
0.15625 0.40625 0.105201
0.15625 0.4375 0.0993753
0.125 0.4375 0.130078
0.125 0.40625 0.135903
0.125 0.375 0.14173
0.15625 0.375 0.111028
0.15625 0.40625 0.105201
0.125 0.40625 0.135903
0.15625 0.4375 0.0993753
0.15625 0.40625 0.105201
0.1875 0.40625 0.0744986
0.1875 0.4375 0.0686731
0.15625 0.4375 0.0993753
0.15625 0.40625 0.105201
0.15625 0.375 0.111028
0.1875 0.375 0.080326
0.1875 0.40625 0.0744986
0.15625 0.40625 0.105201
0.1875 0.5 0.057023
0.1875 0.46875 0.0628478
0.21875 0.46875 0.0321455
0.21875 0.5 0.0263203
0.1875 0.5 0.057023
0.1875 0.46875 0.0628478
0.1875 0.4375 0.0686731
0.21875 0.4375 0.0379708
0.21875 0.46875 0.0321455
0.1875 0.46875 0.0628478
0.21875 0.5 0.0263203
0.21875 0.46875 0.0321455
0.25 0.46875 0.00144323
0.25 0.5 -0.00438205
0.21875 0.5 0.0263203
0.21875 0.46875 0.0321455
0.21875 0.4375 0.0379708
0.25 0.4375 0.0072686
0.25 0.46875 0.00144323
0.21875 0.46875 0.0321455
0.1875 0.4375 0.0686731
0.1875 0.40625 0.0744986
0.21875 0.40625 0.0437965
0.21875 0.4375 0.0379708
0.1875 0.4375 0.0686731
0.1875 0.40625 0.0744986
0.1875 0.375 0.080326
0.21875 0.375 0.0496244
0.21875 0.40625 0.0437965
0.1875 0.40625 0.0744986
0.21875 0.4375 0.0379708
0.21875 0.40625 0.0437965
0.25 0.40625 0.0130943
0.25 0.4375 0.0072686
0.21875 0.4375 0.0379708
0.21875 0.40625 0.0437965
0.21875 0.375 0.0496244
0.25 0.375 0.018923
0.25 0.40625 0.0130943
0.21875 0.40625 0.0437965
0.125 0.375 0.14173
0.125 0.34375 0.147565
0.15625 0.34375 0.116866
0.15625 0.375 0.111028
0.125 0.375 0.14173
0.125 0.34375 0.147565
0.125 0.3125 0.15346
0.15625 0.3125 0.122782
0.15625 0.34375 0.116866
0.125 0.34375 0.147565
0.15625 0.375 0.111028
0.15625 0.34375 0.116866
0.1875 0.34375 0.0861685
0.1875 0.375 0.080326
0.15625 0.375 0.111028
0.15625 0.34375 0.116866
0.15625 0.3125 0.122782
0.1875 0.3125 0.0921094
0.1875 0.34375 0.0861685
0.15625 0.34375 0.116866
0.125 0.3125 0.15346
0.125 0.25 0.167251
0.1875 0.25 0.106832
0.1875 0.3125 0.0921094
0.125 0.3125 0.15346
0.1875 0.375 0.080326
0.1875 0.34375 0.0861685
0.21875 0.34375 0.0554716
0.21875 0.375 0.0496244
0.1875 0.375 0.080326
0.1875 0.34375 0.0861685
0.1875 0.3125 0.0921094
0.21875 0.3125 0.0614432
0.21875 0.34375 0.0554716
0.1875 0.34375 0.0861685
0.21875 0.375 0.0496244
0.21875 0.34375 0.0554716
0.25 0.34375 0.0247759
0.25 0.375 0.018923
0.21875 0.375 0.0496244
0.21875 0.34375 0.0554716
0.21875 0.3125 0.0614432
0.25 0.3125 0.0307858
0.25 0.34375 0.0247759
0.21875 0.34375 0.0554716
0.1875 0.3125 0.0921094
0.1875 0.28125 0.0986278
0.21875 0.28125 0.0681389
0.21875 0.3125 0.0614432
0.1875 0.3125 0.0921094
0.1875 0.28125 0.0986278
0.1875 0.25 0.106832
0.21875 0.25 0.0771414
0.21875 0.28125 0.0681389
0.1875 0.28125 0.0986278
0.21875 0.3125 0.0614432
0.21875 0.28125 0.0681389
0.25 0.28125 0.0377475
0.25 0.3125 0.0307858
0.21875 0.3125 0.0614432
0.21875 0.28125 0.0681389
0.21875 0.25 0.0771414
0.25 0.25 0.0477906
0.25 0.28125 0.0377475
0.21875 0.28125 0.0681389
0 0.25 0.289065
0 0.1875 0.306049
0.0625 0.1875 0.246574
0.0625 0.25 0.228034
0 0.25 0.289065
0 0.1875 0.306049
0 0.125 0.329522
0.0625 0.125 0.273185
0.0625 0.1875 0.246574
0 0.1875 0.306049
0.0625 0.25 0.228034
0.0625 0.1875 0.246574
0.125 0.1875 0.188576
0.125 0.25 0.167251
0.0625 0.25 0.228034
0.0625 0.1875 0.246574
0.0625 0.125 0.273185
0.125 0.125 0.220391
0.125 0.1875 0.188576
0.0625 0.1875 0.246574
0 0.125 0.329522
0 0 0.405725
0.125 0 0.306847
0.125 0.125 0.220391
0 0.125 0.329522
0.125 0.25 0.167251
0.125 0.1875 0.188576
0.1875 0.1875 0.132324
0.1875 0.25 0.106832
0.125 0.25 0.167251
0.125 0.1875 0.188576
0.125 0.125 0.220391
0.1875 0.125 0.170621
0.1875 0.1875 0.132324
0.125 0.1875 0.188576
0.1875 0.25 0.106832
0.1875 0.21875 0.117927
0.21875 0.21875 0.0897662
0.21875 0.25 0.0771414
0.1875 0.25 0.106832
0.1875 0.21875 0.117927
0.1875 0.1875 0.132324
0.21875 0.1875 0.106496
0.21875 0.21875 0.0897662
0.1875 0.21875 0.117927
0.21875 0.25 0.0771414
0.21875 0.21875 0.0897662
0.25 0.21875 0.0626777
0.25 0.25 0.0477906
0.21875 0.25 0.0771414
0.21875 0.21875 0.0897662
0.21875 0.1875 0.106496
0.25 0.1875 0.0824032
0.25 0.21875 0.0626777
0.21875 0.21875 0.0897662
0.1875 0.1875 0.132324
0.1875 0.15625 0.150118
0.21875 0.15625 0.126721
0.21875 0.1875 0.106496
0.1875 0.1875 0.132324
0.1875 0.15625 0.150118
0.1875 0.125 0.170621
0.21875 0.125 0.149304
0.21875 0.15625 0.126721
0.1875 0.15625 0.150118
0.21875 0.1875 0.106496
0.21875 0.15625 0.126721
0.25 0.15625 0.105301
0.25 0.1875 0.0824032
0.21875 0.1875 0.106496
0.21875 0.15625 0.126721
0.21875 0.125 0.149304
0.25 0.125 0.1302
0.25 0.15625 0.105301
0.21875 0.15625 0.126721
0.125 0.125 0.220391
0.125 0.0625 0.259387
0.1875 0.0625 0.217132
0.1875 0.125 0.170621
0.125 0.125 0.220391
0.125 0.0625 0.259387
0.125 0 0.306847
0.1875 0 0.270699
0.1875 0.0625 0.217132
0.125 0.0625 0.259387
0.1875 0.125 0.170621
0.1875 0.0625 0.217132
0.25 0.0625 0.184832
0.25 0.125 0.1302
0.1875 0.125 0.170621
0.1875 0.0625 0.217132
0.1875 0 0.270699
0.25 0 0.243032
0.25 0.0625 0.184832
0.1875 0.0625 0.217132
0.25 0.5 -0.00438205
0.25 0.46875 0.00144323
0.28125 0.46875 -0.029259
0.28125 0.5 -0.0350843
0.25 0.5 -0.00438205
0.25 0.46875 0.00144323
0.25 0.4375 0.0072686
0.28125 0.4375 -0.0234334
0.28125 0.46875 -0.029259
0.25 0.46875 0.00144323
0.28125 0.5 -0.0350843
0.28125 0.46875 -0.029259
0.3125 0.46875 -0.059961
0.3125 0.5 -0.0657865
0.28125 0.5 -0.0350843
0.28125 0.46875 -0.029259
0.28125 0.4375 -0.0234334
0.3125 0.4375 -0.0541344
0.3125 0.46875 -0.059961
0.28125 0.46875 -0.029259
0.25 0.4375 0.0072686
0.25 0.40625 0.0130943
0.28125 0.40625 -0.0176068
0.28125 0.4375 -0.0234334
0.25 0.4375 0.0072686
0.25 0.40625 0.0130943
0.25 0.375 0.018923
0.28125 0.375 -0.0117736
0.28125 0.40625 -0.0176068
0.25 0.40625 0.0130943
0.28125 0.4375 -0.0234334
0.28125 0.40625 -0.0176068
0.3125 0.40625 -0.0483023
0.3125 0.4375 -0.0541344
0.28125 0.4375 -0.0234334
0.28125 0.40625 -0.0176068
0.28125 0.375 -0.0117736
0.3125 0.375 -0.0424412
0.3125 0.40625 -0.0483023
0.28125 0.40625 -0.0176068
0.3125 0.5 -0.0657865
0.3125 0.46875 -0.059961
0.34375 0.46875 -0.0906621
0.34375 0.5 -0.0964885
0.3125 0.5 -0.0657865
0.3125 0.46875 -0.059961
0.3125 0.4375 -0.0541344
0.34375 0.4375 -0.0848305
0.34375 0.46875 -0.0906621
0.3125 0.46875 -0.059961
0.34375 0.5 -0.0964885
0.34375 0.46875 -0.0906621
0.375 0.46875 -0.121358
0.375 0.5 -0.127189
0.34375 0.5 -0.0964885
0.34375 0.46875 -0.0906621
0.34375 0.4375 -0.0848305
0.375 0.4375 -0.115498
0.375 0.46875 -0.121358
0.34375 0.46875 -0.0906621
0.3125 0.4375 -0.0541344
0.3125 0.40625 -0.0483023
0.34375 0.40625 -0.0789726
0.34375 0.4375 -0.0848305
0.3125 0.4375 -0.0541344
0.3125 0.40625 -0.0483023
0.3125 0.375 -0.0424412
0.34375 0.375 -0.0729823
0.34375 0.40625 -0.0789726
0.3125 0.40625 -0.0483023
0.34375 0.4375 -0.0848305
0.34375 0.40625 -0.0789726
0.375 0.40625 -0.109492
0.375 0.4375 -0.115498
0.34375 0.4375 -0.0848305
0.34375 0.40625 -0.0789726
0.34375 0.375 -0.0729823
0.375 0.375 -0.102782
0.375 0.40625 -0.109492
0.34375 0.40625 -0.0789726
0.25 0.375 0.018923
0.25 0.34375 0.0247759
0.28125 0.34375 -0.00590427
0.28125 0.375 -0.0117736
0.25 0.375 0.018923
0.25 0.34375 0.0247759
0.25 0.3125 0.0307858
0.28125 0.3125 0.000140398
0.28125 0.34375 -0.00590427
0.25 0.34375 0.0247759
0.28125 0.375 -0.0117736
0.28125 0.34375 -0.00590427
0.3125 0.34375 -0.0364346
0.3125 0.375 -0.0424412
0.28125 0.375 -0.0117736
0.28125 0.34375 -0.00590427
0.28125 0.3125 0.000140398
0.3125 0.3125 -0.0297632
0.3125 0.34375 -0.0364346
0.28125 0.34375 -0.00590427
0.25 0.3125 0.0307858
0.25 0.28125 0.0377475
0.28125 0.28125 0.00744238
0.28125 0.3125 0.000140398
0.25 0.3125 0.0307858
0.25 0.28125 0.0377475
0.25 0.25 0.0477906
0.28125 0.25 0.0190876
0.28125 0.28125 0.00744238
0.25 0.28125 0.0377475
0.28125 0.3125 0.000140398
0.28125 0.28125 0.00744238
0.3125 0.28125 -0.0207234
0.3125 0.3125 -0.0297632
0.28125 0.3125 0.000140398
0.28125 0.28125 0.00744238
0.28125 0.25 0.0190876
0.3125 0.25 -0.00695992
0.3125 0.28125 -0.0207234
0.28125 0.28125 0.00744238
0.3125 0.375 -0.0424412
0.3125 0.34375 -0.0364346
0.34375 0.34375 -0.0663791
0.34375 0.375 -0.0729823
0.3125 0.375 -0.0424412
0.3125 0.34375 -0.0364346
0.3125 0.3125 -0.0297632
0.34375 0.3125 -0.0575964
0.34375 0.34375 -0.0663791
0.3125 0.34375 -0.0364346
0.34375 0.375 -0.0729823
0.34375 0.34375 -0.0663791
0.375 0.34375 -0.0935425
0.375 0.375 -0.102782
0.34375 0.375 -0.0729823
0.34375 0.34375 -0.0663791
0.34375 0.3125 -0.0575964
0.375 0.3125 -0.0786672
0.375 0.34375 -0.0935425
0.34375 0.34375 -0.0663791
0.3125 0.3125 -0.0297632
0.3125 0.28125 -0.0207234
0.34375 0.28125 -0.0439432
0.34375 0.3125 -0.0575964
0.3125 0.3125 -0.0297632
0.3125 0.28125 -0.0207234
0.3125 0.25 -0.00695992
0.34375 0.25 -0.0238062
0.34375 0.28125 -0.0439432
0.3125 0.28125 -0.0207234
0.34375 0.3125 -0.0575964
0.34375 0.28125 -0.0439432
0.375 0.28125 -0.0565369
0.375 0.3125 -0.0786672
0.34375 0.3125 -0.0575964
0.34375 0.28125 -0.0439432
0.34375 0.25 -0.0238062
0.375 0.25 -0.0265888
0.375 0.28125 -0.0565369
0.34375 0.28125 -0.0439432
0.375 0.5 -0.127189
0.375 0.4375 -0.115498
0.4375 0.4375 -0.169729
0.4375 0.5 -0.186411
0.375 0.5 -0.127189
0.375 0.4375 -0.115498
0.375 0.375 -0.102782
0.4375 0.375 -0.138758
0.4375 0.4375 -0.169729
0.375 0.4375 -0.115498
0.4375 0.5 -0.186411
0.4375 0.4375 -0.169729
0.5 0.4375 -0.185391
0.5 0.5 -0.227485
0.4375 0.5 -0.186411
0.4375 0.4375 -0.169729
0.4375 0.375 -0.138758
0.5 0.375 -0.127191
0.5 0.4375 -0.185391
0.4375 0.4375 -0.169729
0.375 0.375 -0.102782
0.375 0.34375 -0.0935425
0.40625 0.34375 -0.110385
0.40625 0.375 -0.128456
0.375 0.375 -0.102782
0.375 0.34375 -0.0935425
0.375 0.3125 -0.0786672
0.40625 0.3125 -0.0831519
0.40625 0.34375 -0.110385
0.375 0.34375 -0.0935425
0.40625 0.375 -0.128456
0.40625 0.34375 -0.110385
0.4375 0.34375 -0.108127
0.4375 0.375 -0.138758
0.40625 0.375 -0.128456
0.40625 0.34375 -0.110385
0.40625 0.3125 -0.0831519
0.4375 0.3125 -0.0774252
0.4375 0.34375 -0.108127
0.40625 0.34375 -0.110385
0.375 0.3125 -0.0786672
0.375 0.28125 -0.0565369
0.40625 0.28125 -0.0524372
0.40625 0.3125 -0.0831519
0.375 0.3125 -0.0786672
0.375 0.28125 -0.0565369
0.375 0.25 -0.0265888
0.40625 0.25 -0.021713
0.40625 0.28125 -0.0524372
0.375 0.28125 -0.0565369
0.40625 0.3125 -0.0831519
0.40625 0.28125 -0.0524372
0.4375 0.28125 -0.0467203
0.4375 0.3125 -0.0774252
0.40625 0.3125 -0.0831519
0.40625 0.28125 -0.0524372
0.40625 0.25 -0.021713
0.4375 0.25 -0.0160147
0.4375 0.28125 -0.0467203
0.40625 0.28125 -0.0524372
0.4375 0.375 -0.138758
0.4375 0.34375 -0.108127
0.46875 0.34375 -0.102313
0.46875 0.375 -0.133013
0.4375 0.375 -0.138758
0.4375 0.34375 -0.108127
0.4375 0.3125 -0.0774252
0.46875 0.3125 -0.0716109
0.46875 0.34375 -0.102313
0.4375 0.34375 -0.108127
0.46875 0.375 -0.133013
0.46875 0.34375 -0.102313
0.5 0.34375 -0.0964888
0.5 0.375 -0.127191
0.46875 0.375 -0.133013
0.46875 0.34375 -0.102313
0.46875 0.3125 -0.0716109
0.5 0.3125 -0.0657865
0.5 0.34375 -0.0964888
0.46875 0.34375 -0.102313
0.4375 0.3125 -0.0774252
0.4375 0.28125 -0.0467203
0.46875 0.28125 -0.0409083
0.46875 0.3125 -0.0716109
0.4375 0.3125 -0.0774252
0.4375 0.28125 -0.0467203
0.4375 0.25 -0.0160147
0.46875 0.25 -0.0102057
0.46875 0.28125 -0.0409083
0.4375 0.28125 -0.0467203
0.46875 0.3125 -0.0716109
0.46875 0.28125 -0.0409083
0.5 0.28125 -0.0350843
0.5 0.3125 -0.0657865
0.46875 0.3125 -0.0716109
0.46875 0.28125 -0.0409083
0.46875 0.25 -0.0102057
0.5 0.25 -0.00438199
0.5 0.28125 -0.0350843
0.46875 0.28125 -0.0409083
0.25 0.25 0.0477906
0.25 0.21875 0.0626777
0.28125 0.21875 0.0376474
0.28125 0.25 0.0190876
0.25 0.25 0.0477906
0.25 0.21875 0.0626777
0.25 0.1875 0.0824032
0.28125 0.1875 0.0610043
0.28125 0.21875 0.0376474
0.25 0.21875 0.0626777
0.28125 0.25 0.0190876
0.28125 0.21875 0.0376474
0.3125 0.21875 0.0162706
0.3125 0.25 -0.00695992
0.28125 0.25 0.0190876
0.28125 0.21875 0.0376474
0.28125 0.1875 0.0610043
0.3125 0.1875 0.0440201
0.3125 0.21875 0.0162706
0.28125 0.21875 0.0376474
0.25 0.1875 0.0824032
0.25 0.15625 0.105301
0.28125 0.15625 0.0869148
0.28125 0.1875 0.0610043
0.25 0.1875 0.0824032
0.25 0.15625 0.105301
0.25 0.125 0.1302
0.28125 0.125 0.114287
0.28125 0.15625 0.0869148
0.25 0.15625 0.105301
0.28125 0.1875 0.0610043
0.28125 0.15625 0.0869148
0.3125 0.15625 0.0732306
0.3125 0.1875 0.0440201
0.28125 0.1875 0.0610043
0.28125 0.15625 0.0869148
0.28125 0.125 0.114287
0.3125 0.125 0.102957
0.3125 0.15625 0.0732306
0.28125 0.15625 0.0869148
0.3125 0.25 -0.00695992
0.3125 0.21875 0.0162706
0.34375 0.21875 0.00390593
0.34375 0.25 -0.0238062
0.3125 0.25 -0.00695992
0.3125 0.21875 0.0162706
0.3125 0.1875 0.0440201
0.34375 0.1875 0.0350954
0.34375 0.21875 0.00390593
0.3125 0.21875 0.0162706
0.34375 0.25 -0.0238062
0.34375 0.21875 0.00390593
0.375 0.21875 0.00424913
0.375 0.25 -0.0265888
0.34375 0.25 -0.0238062
0.34375 0.21875 0.00390593
0.34375 0.1875 0.0350954
0.375 0.1875 0.0354034
0.375 0.21875 0.00424913
0.34375 0.21875 0.00390593
0.3125 0.1875 0.0440201
0.3125 0.15625 0.0732306
0.34375 0.15625 0.0662782
0.34375 0.1875 0.0350954
0.3125 0.1875 0.0440201
0.3125 0.15625 0.0732306
0.3125 0.125 0.102957
0.34375 0.125 0.0974448
0.34375 0.15625 0.0662782
0.3125 0.15625 0.0732306
0.34375 0.1875 0.0350954
0.34375 0.15625 0.0662782
0.375 0.15625 0.0665648
0.375 0.1875 0.0354034
0.34375 0.1875 0.0350954
0.34375 0.15625 0.0662782
0.34375 0.125 0.0974448
0.375 0.125 0.0977231
0.375 0.15625 0.0665648
0.34375 0.15625 0.0662782
0.25 0.125 0.1302
0.25 0.0625 0.184832
0.3125 0.0625 0.164209
0.3125 0.125 0.102957
0.25 0.125 0.1302
0.25 0.0625 0.184832
0.25 0 0.243032
0.3125 0 0.225928
0.3125 0.0625 0.164209
0.25 0.0625 0.184832
0.3125 0.125 0.102957
0.3125 0.0625 0.164209
0.375 0.0625 0.160145
0.375 0.125 0.0977231
0.3125 0.125 0.102957
0.3125 0.0625 0.164209
0.3125 0 0.225928
0.375 0 0.222564
0.375 0.0625 0.160145
0.3125 0.0625 0.164209
0.375 0.25 -0.0265888
0.375 0.21875 0.00424913
0.40625 0.21875 0.00903681
0.40625 0.25 -0.021713
0.375 0.25 -0.0265888
0.375 0.21875 0.00424913
0.375 0.1875 0.0354034
0.40625 0.1875 0.0398651
0.40625 0.21875 0.00903681
0.375 0.21875 0.00424913
0.40625 0.25 -0.021713
0.40625 0.21875 0.00903681
0.4375 0.21875 0.0146969
0.4375 0.25 -0.0160147
0.40625 0.25 -0.021713
0.40625 0.21875 0.00903681
0.40625 0.1875 0.0398651
0.4375 0.1875 0.0454216
0.4375 0.21875 0.0146969
0.40625 0.21875 0.00903681
0.375 0.1875 0.0354034
0.375 0.15625 0.0665648
0.40625 0.15625 0.0707295
0.40625 0.1875 0.0398651
0.375 0.1875 0.0354034
0.375 0.15625 0.0665648
0.375 0.125 0.0977231
0.40625 0.125 0.10162
0.40625 0.15625 0.0707295
0.375 0.15625 0.0665648
0.40625 0.1875 0.0398651
0.40625 0.15625 0.0707295
0.4375 0.15625 0.07616
0.4375 0.1875 0.0454216
0.40625 0.1875 0.0398651
0.40625 0.15625 0.0707295
0.40625 0.125 0.10162
0.4375 0.125 0.106913
0.4375 0.15625 0.07616
0.40625 0.15625 0.0707295
0.4375 0.25 -0.0160147
0.4375 0.21875 0.0146969
0.46875 0.21875 0.0204981
0.46875 0.25 -0.0102057
0.4375 0.25 -0.0160147
0.4375 0.21875 0.0146969
0.4375 0.1875 0.0454216
0.46875 0.1875 0.0512039
0.46875 0.21875 0.0204981
0.4375 0.21875 0.0146969
0.46875 0.25 -0.0102057
0.46875 0.21875 0.0204981
0.5 0.21875 0.0263205
0.5 0.25 -0.00438199
0.46875 0.25 -0.0102057
0.46875 0.21875 0.0204981
0.46875 0.1875 0.0512039
0.5 0.1875 0.0570232
0.5 0.21875 0.0263205
0.46875 0.21875 0.0204981
0.4375 0.1875 0.0454216
0.4375 0.15625 0.07616
0.46875 0.15625 0.0819126
0.46875 0.1875 0.0512039
0.4375 0.1875 0.0454216
0.4375 0.15625 0.07616
0.4375 0.125 0.106913
0.46875 0.125 0.112625
0.46875 0.15625 0.0819126
0.4375 0.15625 0.07616
0.46875 0.1875 0.0512039
0.46875 0.15625 0.0819126
0.5 0.15625 0.0877264
0.5 0.1875 0.0570232
0.46875 0.1875 0.0512039
0.46875 0.15625 0.0819126
0.46875 0.125 0.112625
0.5 0.125 0.11843
0.5 0.15625 0.0877264
0.46875 0.15625 0.0819126
0.375 0.125 0.0977231
0.375 0.0625 0.160145
0.4375 0.0625 0.16855
0.4375 0.125 0.106913
0.375 0.125 0.0977231
0.375 0.0625 0.160145
0.375 0 0.222564
0.4375 0 0.230341
0.4375 0.0625 0.16855
0.375 0.0625 0.160145
0.4375 0.125 0.106913
0.4375 0.0625 0.16855
0.5 0.0625 0.179857
0.5 0.125 0.11843
0.4375 0.125 0.106913
0.4375 0.0625 0.16855
0.4375 0 0.230341
0.5 0 0.241332
0.5 0.0625 0.179857
0.4375 0.0625 0.16855
0.5 1 0.241377
0.5 0.9375 0.179895
0.5625 0.9375 0.16867
0.5625 1 0.230443
0.5 1 0.241377
0.5 0.9375 0.179895
0.5 0.875 0.118435
0.5625 0.875 0.106947
0.5625 0.9375 0.16867
0.5 0.9375 0.179895
0.5625 1 0.230443
0.5625 0.9375 0.16867
0.625 0.9375 0.159997
0.625 1 0.222448
0.5625 1 0.230443
0.5625 0.9375 0.16867
0.5625 0.875 0.106947
0.625 0.875 0.0975412
0.625 0.9375 0.159997
0.5625 0.9375 0.16867
0.5 0.875 0.118435
0.5 0.84375 0.0877291
0.53125 0.84375 0.0819215
0.53125 0.875 0.112641
0.5 0.875 0.118435
0.5 0.84375 0.0877291
0.5 0.8125 0.0570245
0.53125 0.8125 0.051208
0.53125 0.84375 0.0819215
0.5 0.84375 0.0877291
0.53125 0.875 0.112641
0.53125 0.84375 0.0819215
0.5625 0.84375 0.0761814
0.5625 0.875 0.106947
0.53125 0.875 0.112641
0.53125 0.84375 0.0819215
0.53125 0.8125 0.051208
0.5625 0.8125 0.0454314
0.5625 0.84375 0.0761814
0.53125 0.84375 0.0819215
0.5 0.8125 0.0570245
0.5 0.78125 0.0263209
0.53125 0.78125 0.0204986
0.53125 0.8125 0.051208
0.5 0.8125 0.0570245
0.5 0.78125 0.0263209
0.5 0.75 -0.0043818
0.53125 0.75 -0.0102059
0.53125 0.78125 0.0204986
0.5 0.78125 0.0263209
0.53125 0.8125 0.051208
0.53125 0.78125 0.0204986
0.5625 0.78125 0.0146948
0.5625 0.8125 0.0454314
0.53125 0.8125 0.051208
0.53125 0.78125 0.0204986
0.53125 0.75 -0.0102059
0.5625 0.75 -0.0160188
0.5625 0.78125 0.0146948
0.53125 0.78125 0.0204986
0.5625 0.875 0.106947
0.5625 0.84375 0.0761814
0.59375 0.84375 0.0707313
0.59375 0.875 0.10163
0.5625 0.875 0.106947
0.5625 0.84375 0.0761814
0.5625 0.8125 0.0454314
0.59375 0.8125 0.0398588
0.59375 0.84375 0.0707313
0.5625 0.84375 0.0761814
0.59375 0.875 0.10163
0.59375 0.84375 0.0707313
0.625 0.84375 0.0663889
0.625 0.875 0.0975412
0.59375 0.875 0.10163
0.59375 0.84375 0.0707313
0.59375 0.8125 0.0398588
0.625 0.8125 0.0352382
0.625 0.84375 0.0663889
0.59375 0.84375 0.0707313
0.5625 0.8125 0.0454314
0.5625 0.78125 0.0146948
0.59375 0.78125 0.00901477
0.59375 0.8125 0.0398588
0.5625 0.8125 0.0454314
0.5625 0.78125 0.0146948
0.5625 0.75 -0.0160188
0.59375 0.75 -0.0217431
0.59375 0.78125 0.00901477
0.5625 0.78125 0.0146948
0.59375 0.8125 0.0398588
0.59375 0.78125 0.00901477
0.625 0.78125 0.00409232
0.625 0.8125 0.0352382
0.59375 0.8125 0.0398588
0.59375 0.78125 0.00901477
0.59375 0.75 -0.0217431
0.625 0.75 -0.0268453
0.625 0.78125 0.00409232
0.59375 0.78125 0.00901477
0.625 1 0.222448
0.625 0.9375 0.159997
0.6875 0.9375 0.16531
0.6875 1 0.226841
0.625 1 0.222448
0.625 0.9375 0.159997
0.625 0.875 0.0975412
0.6875 0.875 0.103991
0.6875 0.9375 0.16531
0.625 0.9375 0.159997
0.6875 1 0.226841
0.6875 0.9375 0.16531
0.75 0.9375 0.190684
0.75 1 0.247406
0.6875 1 0.226841
0.6875 0.9375 0.16531
0.6875 0.875 0.103991
0.75 0.875 0.135751
0.75 0.9375 0.190684
0.6875 0.9375 0.16531
0.625 0.875 0.0975412
0.625 0.84375 0.0663889
0.65625 0.84375 0.0659624
0.65625 0.875 0.0971313
0.625 0.875 0.0975412
0.625 0.84375 0.0663889
0.625 0.8125 0.0352382
0.65625 0.8125 0.0347787
0.65625 0.84375 0.0659624
0.625 0.84375 0.0663889
0.65625 0.875 0.0971313
0.65625 0.84375 0.0659624
0.6875 0.84375 0.0742263
0.6875 0.875 0.103991
0.65625 0.875 0.0971313
0.65625 0.84375 0.0659624
0.65625 0.8125 0.0347787
0.6875 0.8125 0.0451391
0.6875 0.84375 0.0742263
0.65625 0.84375 0.0659624
0.625 0.8125 0.0352382
0.625 0.78125 0.00409232
0.65625 0.78125 0.00357802
0.65625 0.8125 0.0347787
0.625 0.8125 0.0352382
0.625 0.78125 0.00409232
0.625 0.75 -0.0268453
0.65625 0.75 -0.0256643
0.65625 0.78125 0.00357802
0.625 0.78125 0.00409232
0.65625 0.8125 0.0347787
0.65625 0.78125 0.00357802
0.6875 0.78125 0.0170964
0.6875 0.8125 0.0451391
0.65625 0.8125 0.0347787
0.65625 0.78125 0.00357802
0.65625 0.75 -0.0256643
0.6875 0.75 -0.00747726
0.6875 0.78125 0.0170964
0.65625 0.78125 0.00357802
0.6875 0.875 0.103991
0.6875 0.84375 0.0742263
0.71875 0.84375 0.0903244
0.71875 0.875 0.117694
0.6875 0.875 0.103991
0.6875 0.84375 0.0742263
0.6875 0.8125 0.0451391
0.71875 0.8125 0.0643422
0.71875 0.84375 0.0903244
0.6875 0.84375 0.0742263
0.71875 0.875 0.117694
0.71875 0.84375 0.0903244
0.75 0.84375 0.110726
0.75 0.875 0.135751
0.71875 0.875 0.117694
0.71875 0.84375 0.0903244
0.71875 0.8125 0.0643422
0.75 0.8125 0.0875233
0.75 0.84375 0.110726
0.71875 0.84375 0.0903244
0.6875 0.8125 0.0451391
0.6875 0.78125 0.0170964
0.71875 0.78125 0.0404036
0.71875 0.8125 0.0643422
0.6875 0.8125 0.0451391
0.6875 0.78125 0.0170964
0.6875 0.75 -0.00747726
0.71875 0.75 0.019779
0.71875 0.78125 0.0404036
0.6875 0.78125 0.0170964
0.71875 0.8125 0.0643422
0.71875 0.78125 0.0404036
0.75 0.78125 0.0667315
0.75 0.8125 0.0875233
0.71875 0.8125 0.0643422
0.71875 0.78125 0.0404036
0.71875 0.75 0.019779
0.75 0.75 0.0493433
0.75 0.78125 0.0667315
0.71875 0.78125 0.0404036
0.5 0.75 -0.0043818
0.5 0.71875 -0.0350841
0.53125 0.71875 -0.0409084
0.53125 0.75 -0.0102059
0.5 0.75 -0.0043818
0.5 0.71875 -0.0350841
0.5 0.6875 -0.0657863
0.53125 0.6875 -0.0716109
0.53125 0.71875 -0.0409084
0.5 0.71875 -0.0350841
0.53125 0.75 -0.0102059
0.53125 0.71875 -0.0409084
0.5625 0.71875 -0.046724
0.5625 0.75 -0.0160188
0.53125 0.75 -0.0102059
0.53125 0.71875 -0.0409084
0.53125 0.6875 -0.0716109
0.5625 0.6875 -0.0774286
0.5625 0.71875 -0.046724
0.53125 0.71875 -0.0409084
0.5 0.6875 -0.0657863
0.5 0.65625 -0.0964886
0.53125 0.65625 -0.102313
0.53125 0.6875 -0.0716109
0.5 0.6875 -0.0657863
0.5 0.65625 -0.0964886
0.5 0.625 -0.127191
0.53125 0.625 -0.133016
0.53125 0.65625 -0.102313
0.5 0.65625 -0.0964886
0.53125 0.6875 -0.0716109
0.53125 0.65625 -0.102313
0.5625 0.65625 -0.108133
0.5625 0.6875 -0.0774286
0.53125 0.6875 -0.0716109
0.53125 0.65625 -0.102313
0.53125 0.625 -0.133016
0.5625 0.625 -0.138834
0.5625 0.65625 -0.108133
0.53125 0.65625 -0.102313
0.5625 0.75 -0.0160188
0.5625 0.71875 -0.046724
0.59375 0.71875 -0.0524693
0.59375 0.75 -0.0217431
0.5625 0.75 -0.0160188
0.5625 0.71875 -0.046724
0.5625 0.6875 -0.0774286
0.59375 0.6875 -0.0831915
0.59375 0.71875 -0.0524693
0.5625 0.71875 -0.046724
0.59375 0.75 -0.0217431
0.59375 0.71875 -0.0524693
0.625 0.71875 -0.0577229
0.625 0.75 -0.0268453
0.59375 0.75 -0.0217431
0.59375 0.71875 -0.0524693
0.59375 0.6875 -0.0831915
0.625 0.6875 -0.0840954
0.625 0.71875 -0.0577229
0.59375 0.71875 -0.0524693
0.5625 0.6875 -0.0774286
0.5625 0.65625 -0.108133
0.59375 0.65625 -0.113358
0.59375 0.6875 -0.0831915
0.5625 0.6875 -0.0774286
0.5625 0.65625 -0.108133
0.5625 0.625 -0.138834
0.59375 0.625 -0.131805
0.59375 0.65625 -0.113358
0.5625 0.65625 -0.108133
0.59375 0.6875 -0.0831915
0.59375 0.65625 -0.113358
0.625 0.65625 -0.0972848
0.625 0.6875 -0.0840954
0.59375 0.6875 -0.0831915
0.59375 0.65625 -0.113358
0.59375 0.625 -0.131805
0.625 0.625 -0.103832
0.625 0.65625 -0.0972848
0.59375 0.65625 -0.113358
0.5 0.625 -0.127191
0.5 0.5625 -0.189496
0.5625 0.5625 -0.175094
0.5625 0.625 -0.138834
0.5 0.625 -0.127191
0.5 0.5625 -0.189496
0.5 0.5 -0.227485
0.5625 0.5 -0.18378
0.5625 0.5625 -0.175094
0.5 0.5625 -0.189496
0.5625 0.625 -0.138834
0.5625 0.5625 -0.175094
0.625 0.5625 -0.11554
0.625 0.625 -0.103832
0.5625 0.625 -0.138834
0.5625 0.5625 -0.175094
0.5625 0.5 -0.18378
0.625 0.5 -0.127191
0.625 0.5625 -0.11554
0.5625 0.5625 -0.175094
0.625 0.75 -0.0268453
0.625 0.71875 -0.0577229
0.65625 0.71875 -0.0490097
0.65625 0.75 -0.0256643
0.625 0.75 -0.0268453
0.625 0.71875 -0.0577229
0.625 0.6875 -0.0840954
0.65625 0.6875 -0.0608104
0.65625 0.71875 -0.0490097
0.625 0.71875 -0.0577229
0.65625 0.75 -0.0256643
0.65625 0.71875 -0.0490097
0.6875 0.71875 -0.0233437
0.6875 0.75 -0.00747726
0.65625 0.75 -0.0256643
0.65625 0.71875 -0.0490097
0.65625 0.6875 -0.0608104
0.6875 0.6875 -0.0306922
0.6875 0.71875 -0.0233437
0.65625 0.71875 -0.0490097
0.625 0.6875 -0.0840954
0.625 0.65625 -0.0972848
0.65625 0.65625 -0.0673007
0.65625 0.6875 -0.0608104
0.625 0.6875 -0.0840954
0.625 0.65625 -0.0972848
0.625 0.625 -0.103832
0.65625 0.625 -0.0731823
0.65625 0.65625 -0.0673007
0.625 0.65625 -0.0972848
0.65625 0.6875 -0.0608104
0.65625 0.65625 -0.0673007
0.6875 0.65625 -0.0366484
0.6875 0.6875 -0.0306922
0.65625 0.6875 -0.0608104
0.65625 0.65625 -0.0673007
0.65625 0.625 -0.0731823
0.6875 0.625 -0.0424842
0.6875 0.65625 -0.0366484
0.65625 0.65625 -0.0673007
0.6875 0.75 -0.00747726
0.6875 0.71875 -0.0233437
0.71875 0.71875 0.00630051
0.71875 0.75 0.019779
0.6875 0.75 -0.00747726
0.6875 0.71875 -0.0233437
0.6875 0.6875 -0.0306922
0.71875 0.6875 -0.000103072
0.71875 0.71875 0.00630051
0.6875 0.71875 -0.0233437
0.71875 0.75 0.019779
0.71875 0.71875 0.00630051
0.75 0.71875 0.0369459
0.75 0.75 0.0493433
0.71875 0.75 0.019779
0.71875 0.71875 0.00630051
0.71875 0.6875 -0.000103072
0.75 0.6875 0.0305964
0.75 0.71875 0.0369459
0.71875 0.71875 0.00630051
0.6875 0.6875 -0.0306922
0.6875 0.65625 -0.0366484
0.71875 0.65625 -0.00595543
0.71875 0.6875 -0.000103072
0.6875 0.6875 -0.0306922
0.6875 0.65625 -0.0366484
0.6875 0.625 -0.0424842
0.71875 0.625 -0.0117827
0.71875 0.65625 -0.00595543
0.6875 0.65625 -0.0366484
0.71875 0.6875 -0.000103072
0.71875 0.65625 -0.00595543
0.75 0.65625 0.024746
0.75 0.6875 0.0305964
0.71875 0.6875 -0.000103072
0.71875 0.65625 -0.00595543
0.71875 0.625 -0.0117827
0.75 0.625 0.0189195
0.75 0.65625 0.024746
0.71875 0.65625 -0.00595543
0.625 0.625 -0.103832
0.625 0.59375 -0.109711
0.65625 0.59375 -0.0790122
0.65625 0.625 -0.0731823
0.625 0.625 -0.103832
0.625 0.59375 -0.109711
0.625 0.5625 -0.11554
0.65625 0.5625 -0.0848379
0.65625 0.59375 -0.0790122
0.625 0.59375 -0.109711
0.65625 0.625 -0.0731823
0.65625 0.59375 -0.0790122
0.6875 0.59375 -0.0483103
0.6875 0.625 -0.0424842
0.65625 0.625 -0.0731823
0.65625 0.59375 -0.0790122
0.65625 0.5625 -0.0848379
0.6875 0.5625 -0.0541357
0.6875 0.59375 -0.0483103
0.65625 0.59375 -0.0790122
0.625 0.5625 -0.11554
0.625 0.53125 -0.121366
0.65625 0.53125 -0.0906633
0.65625 0.5625 -0.0848379
0.625 0.5625 -0.11554
0.625 0.53125 -0.121366
0.625 0.5 -0.127191
0.65625 0.5 -0.0964884
0.65625 0.53125 -0.0906633
0.625 0.53125 -0.121366
0.65625 0.5625 -0.0848379
0.65625 0.53125 -0.0906633
0.6875 0.53125 -0.059961
0.6875 0.5625 -0.0541357
0.65625 0.5625 -0.0848379
0.65625 0.53125 -0.0906633
0.65625 0.5 -0.0964884
0.6875 0.5 -0.0657861
0.6875 0.53125 -0.059961
0.65625 0.53125 -0.0906633
0.6875 0.625 -0.0424842
0.6875 0.59375 -0.0483103
0.71875 0.59375 -0.0176081
0.71875 0.625 -0.0117827
0.6875 0.625 -0.0424842
0.6875 0.59375 -0.0483103
0.6875 0.5625 -0.0541357
0.71875 0.5625 -0.0234335
0.71875 0.59375 -0.0176081
0.6875 0.59375 -0.0483103
0.71875 0.625 -0.0117827
0.71875 0.59375 -0.0176081
0.75 0.59375 0.0130941
0.75 0.625 0.0189195
0.71875 0.625 -0.0117827
0.71875 0.59375 -0.0176081
0.71875 0.5625 -0.0234335
0.75 0.5625 0.00726877
0.75 0.59375 0.0130941
0.71875 0.59375 -0.0176081
0.6875 0.5625 -0.0541357
0.6875 0.53125 -0.059961
0.71875 0.53125 -0.0292588
0.71875 0.5625 -0.0234335
0.6875 0.5625 -0.0541357
0.6875 0.53125 -0.059961
0.6875 0.5 -0.0657861
0.71875 0.5 -0.0350838
0.71875 0.53125 -0.0292588
0.6875 0.53125 -0.059961
0.71875 0.5625 -0.0234335
0.71875 0.53125 -0.0292588
0.75 0.53125 0.00144346
0.75 0.5625 0.00726877
0.71875 0.5625 -0.0234335
0.71875 0.53125 -0.0292588
0.71875 0.5 -0.0350838
0.75 0.5 -0.00438142
0.75 0.53125 0.00144346
0.71875 0.53125 -0.0292588
0.75 1 0.247406
0.75 0.9375 0.190684
0.8125 0.9375 0.22759
0.8125 1 0.278743
0.75 1 0.247406
0.75 0.9375 0.190684
0.75 0.875 0.135751
0.8125 0.875 0.179506
0.8125 0.9375 0.22759
0.75 0.9375 0.190684
0.8125 1 0.278743
0.8125 0.9375 0.22759
0.875 0.9375 0.273376
0.875 1 0.318434
0.8125 1 0.278743
0.8125 0.9375 0.22759
0.8125 0.875 0.179506
0.875 0.875 0.231948
0.875 0.9375 0.273376
0.8125 0.9375 0.22759
0.75 0.875 0.135751
0.75 0.84375 0.110726
0.78125 0.84375 0.133834
0.78125 0.875 0.156797
0.75 0.875 0.135751
0.75 0.84375 0.110726
0.75 0.8125 0.0875233
0.78125 0.8125 0.112874
0.78125 0.84375 0.133834
0.75 0.84375 0.110726
0.78125 0.875 0.156797
0.78125 0.84375 0.133834
0.8125 0.84375 0.15836
0.8125 0.875 0.179506
0.78125 0.875 0.156797
0.78125 0.84375 0.133834
0.78125 0.8125 0.112874
0.8125 0.8125 0.139285
0.8125 0.84375 0.15836
0.78125 0.84375 0.133834
0.75 0.8125 0.0875233
0.75 0.78125 0.0667315
0.78125 0.78125 0.0943759
0.78125 0.8125 0.112874
0.75 0.8125 0.0875233
0.75 0.78125 0.0667315
0.75 0.75 0.0493433
0.78125 0.75 0.0790233
0.78125 0.78125 0.0943759
0.75 0.78125 0.0667315
0.78125 0.8125 0.112874
0.78125 0.78125 0.0943759
0.8125 0.78125 0.122626
0.8125 0.8125 0.139285
0.78125 0.8125 0.112874
0.78125 0.78125 0.0943759
0.78125 0.75 0.0790233
0.8125 0.75 0.10883
0.8125 0.78125 0.122626
0.78125 0.78125 0.0943759
0.8125 0.875 0.179506
0.8125 0.8125 0.139285
0.875 0.8125 0.19684
0.875 0.875 0.231948
0.8125 0.875 0.179506
0.8125 0.8125 0.139285
0.8125 0.75 0.10883
0.875 0.75 0.169815
0.875 0.8125 0.19684
0.8125 0.8125 0.139285
0.875 1 0.318434
0.875 0.875 0.231948
1 0.875 0.343155
1 1 0.418227
0.875 1 0.318434
0.875 0.875 0.231948
0.875 0.8125 0.19684
0.9375 0.8125 0.255146
0.9375 0.875 0.286463
0.875 0.875 0.231948
0.875 0.8125 0.19684
0.875 0.75 0.169815
0.9375 0.75 0.230671
0.9375 0.8125 0.255146
0.875 0.8125 0.19684
0.9375 0.875 0.286463
0.9375 0.8125 0.255146
1 0.8125 0.314307
1 0.875 0.343155
0.9375 0.875 0.286463
0.9375 0.8125 0.255146
0.9375 0.75 0.230671
1 0.75 0.29157
1 0.8125 0.314307
0.9375 0.8125 0.255146
0.75 0.75 0.0493433
0.75 0.71875 0.0369459
0.78125 0.71875 0.0675926
0.78125 0.75 0.0790233
0.75 0.75 0.0493433
0.75 0.71875 0.0369459
0.75 0.6875 0.0305964
0.78125 0.6875 0.0612962
0.78125 0.71875 0.0675926
0.75 0.71875 0.0369459
0.78125 0.75 0.0790233
0.78125 0.71875 0.0675926
0.8125 0.71875 0.0982517
0.8125 0.75 0.10883
0.78125 0.75 0.0790233
0.78125 0.71875 0.0675926
0.78125 0.6875 0.0612962
0.8125 0.6875 0.0919961
0.8125 0.71875 0.0982517
0.78125 0.71875 0.0675926
0.75 0.6875 0.0305964
0.75 0.65625 0.024746
0.78125 0.65625 0.0554481
0.78125 0.6875 0.0612962
0.75 0.6875 0.0305964
0.75 0.65625 0.024746
0.75 0.625 0.0189195
0.78125 0.625 0.0496217
0.78125 0.65625 0.0554481
0.75 0.65625 0.024746
0.78125 0.6875 0.0612962
0.78125 0.65625 0.0554481
0.8125 0.65625 0.0861503
0.8125 0.6875 0.0919961
0.78125 0.6875 0.0612962
0.78125 0.65625 0.0554481
0.78125 0.625 0.0496217
0.8125 0.625 0.080324
0.8125 0.65625 0.0861503
0.78125 0.65625 0.0554481
0.8125 0.75 0.10883
0.8125 0.6875 0.0919961
0.875 0.6875 0.153396
0.875 0.75 0.169815
0.8125 0.75 0.10883
0.8125 0.6875 0.0919961
0.8125 0.65625 0.0861503
0.84375 0.65625 0.116852
0.84375 0.6875 0.122696
0.8125 0.6875 0.0919961
0.8125 0.65625 0.0861503
0.8125 0.625 0.080324
0.84375 0.625 0.111026
0.84375 0.65625 0.116852
0.8125 0.65625 0.0861503
0.84375 0.6875 0.122696
0.84375 0.65625 0.116852
0.875 0.65625 0.147555
0.875 0.6875 0.153396
0.84375 0.6875 0.122696
0.84375 0.65625 0.116852
0.84375 0.625 0.111026
0.875 0.625 0.141729
0.875 0.65625 0.147555
0.84375 0.65625 0.116852
0.75 0.625 0.0189195
0.75 0.59375 0.0130941
0.78125 0.59375 0.0437964
0.78125 0.625 0.0496217
0.75 0.625 0.0189195
0.75 0.59375 0.0130941
0.75 0.5625 0.00726877
0.78125 0.5625 0.0379711
0.78125 0.59375 0.0437964
0.75 0.59375 0.0130941
0.78125 0.625 0.0496217
0.78125 0.59375 0.0437964
0.8125 0.59375 0.0744987
0.8125 0.625 0.080324
0.78125 0.625 0.0496217
0.78125 0.59375 0.0437964
0.78125 0.5625 0.0379711
0.8125 0.5625 0.0686736
0.8125 0.59375 0.0744987
0.78125 0.59375 0.0437964
0.75 0.5625 0.00726877
0.75 0.53125 0.00144346
0.78125 0.53125 0.0321461
0.78125 0.5625 0.0379711
0.75 0.5625 0.00726877
0.75 0.53125 0.00144346
0.75 0.5 -0.00438142
0.78125 0.5 0.0263229
0.78125 0.53125 0.0321461
0.75 0.53125 0.00144346
0.78125 0.5625 0.0379711
0.78125 0.53125 0.0321461
0.8125 0.53125 0.0628497
0.8125 0.5625 0.0686736
0.78125 0.5625 0.0379711
0.78125 0.53125 0.0321461
0.78125 0.5 0.0263229
0.8125 0.5 0.0570314
0.8125 0.53125 0.0628497
0.78125 0.53125 0.0321461
0.8125 0.625 0.080324
0.8125 0.59375 0.0744987
0.84375 0.59375 0.105201
0.84375 0.625 0.111026
0.8125 0.625 0.080324
0.8125 0.59375 0.0744987
0.8125 0.5625 0.0686736
0.84375 0.5625 0.0993766
0.84375 0.59375 0.105201
0.8125 0.59375 0.0744987
0.84375 0.625 0.111026
0.84375 0.59375 0.105201
0.875 0.59375 0.135904
0.875 0.625 0.141729
0.84375 0.625 0.111026
0.84375 0.59375 0.105201
0.84375 0.5625 0.0993766
0.875 0.5625 0.130081
0.875 0.59375 0.135904
0.84375 0.59375 0.105201
0.8125 0.5625 0.0686736
0.8125 0.53125 0.0628497
0.84375 0.53125 0.0935553
0.84375 0.5625 0.0993766
0.8125 0.5625 0.0686736
0.8125 0.53125 0.0628497
0.8125 0.5 0.0570314
0.84375 0.5 0.0877468
0.84375 0.53125 0.0935553
0.8125 0.53125 0.0628497
0.84375 0.5625 0.0993766
0.84375 0.53125 0.0935553
0.875 0.53125 0.124264
0.875 0.5625 0.130081
0.84375 0.5625 0.0993766
0.84375 0.53125 0.0935553
0.84375 0.5 0.0877468
0.875 0.5 0.118471
0.875 0.53125 0.124264
0.84375 0.53125 0.0935553
0.875 0.75 0.169815
0.875 0.6875 0.153396
0.9375 0.6875 0.214799
0.9375 0.75 0.230671
0.875 0.75 0.169815
0.875 0.6875 0.153396
0.875 0.625 0.141729
0.9375 0.625 0.203138
0.9375 0.6875 0.214799
0.875 0.6875 0.153396
0.9375 0.75 0.230671
0.9375 0.6875 0.214799
1 0.6875 0.276212
1 0.75 0.29157
0.9375 0.75 0.230671
0.9375 0.6875 0.214799
0.9375 0.625 0.203138
1 0.625 0.264568
1 0.6875 0.276212
0.9375 0.6875 0.214799
0.875 0.625 0.141729
0.875 0.5625 0.130081
0.9375 0.5625 0.191513
0.9375 0.625 0.203138
0.875 0.625 0.141729
0.875 0.5625 0.130081
0.875 0.5 0.118471
0.9375 0.5 0.18003
0.9375 0.5625 0.191513
0.875 0.5625 0.130081
0.9375 0.625 0.203138
0.9375 0.5625 0.191513
1 0.5625 0.253013
1 0.625 0.264568
0.9375 0.625 0.203138
0.9375 0.5625 0.191513
0.9375 0.5 0.18003
1 0.5 0.241741
1 0.5625 0.253013
0.9375 0.5625 0.191513
0.5 0.5 -0.227485
0.5 0.4375 -0.185391
0.5625 0.4375 -0.165029
0.5625 0.5 -0.18378
0.5 0.5 -0.227485
0.5 0.4375 -0.185391
0.5 0.375 -0.127191
0.5625 0.375 -0.115501
0.5625 0.4375 -0.165029
0.5 0.4375 -0.185391
0.5625 0.5 -0.18378
0.5625 0.4375 -0.165029
0.625 0.4375 -0.136224
0.625 0.5 -0.127191
0.5625 0.5 -0.18378
0.5625 0.4375 -0.165029
0.5625 0.375 -0.115501
0.625 0.375 -0.102848
0.625 0.4375 -0.136224
0.5625 0.4375 -0.165029
0.5 0.375 -0.127191
0.5 0.34375 -0.0964888
0.53125 0.34375 -0.0906627
0.53125 0.375 -0.121358
0.5 0.375 -0.127191
0.5 0.34375 -0.0964888
0.5 0.3125 -0.0657865
0.53125 0.3125 -0.0599612
0.53125 0.34375 -0.0906627
0.5 0.34375 -0.0964888
0.53125 0.375 -0.121358
0.53125 0.34375 -0.0906627
0.5625 0.34375 -0.0848338
0.5625 0.375 -0.115501
0.53125 0.375 -0.121358
0.53125 0.34375 -0.0906627
0.53125 0.3125 -0.0599612
0.5625 0.3125 -0.0541353
0.5625 0.34375 -0.0848338
0.53125 0.34375 -0.0906627
0.5 0.3125 -0.0657865
0.5 0.28125 -0.0350843
0.53125 0.28125 -0.029259
0.53125 0.3125 -0.0599612
0.5 0.3125 -0.0657865
0.5 0.28125 -0.0350843
0.5 0.25 -0.00438199
0.53125 0.25 0.00144324
0.53125 0.28125 -0.029259
0.5 0.28125 -0.0350843
0.53125 0.3125 -0.0599612
0.53125 0.28125 -0.029259
0.5625 0.28125 -0.0234337
0.5625 0.3125 -0.0541353
0.53125 0.3125 -0.0599612
0.53125 0.28125 -0.029259
0.53125 0.25 0.00144324
0.5625 0.25 0.00726857
0.5625 0.28125 -0.0234337
0.53125 0.28125 -0.029259
0.5625 0.375 -0.115501
0.5625 0.34375 -0.0848338
0.59375 0.34375 -0.0789883
0.59375 0.375 -0.109508
0.5625 0.375 -0.115501
0.5625 0.34375 -0.0848338
0.5625 0.3125 -0.0541353
0.59375 0.3125 -0.0483069
0.59375 0.34375 -0.0789883
0.5625 0.34375 -0.0848338
0.59375 0.375 -0.109508
0.59375 0.34375 -0.0789883
0.625 0.34375 -0.0730518
0.625 0.375 -0.102848
0.59375 0.375 -0.109508
0.59375 0.34375 -0.0789883
0.59375 0.3125 -0.0483069
0.625 0.3125 -0.0424645
0.625 0.34375 -0.0730518
0.59375 0.34375 -0.0789883
0.5625 0.3125 -0.0541353
0.5625 0.28125 -0.0234337
0.59375 0.28125 -0.0176083
0.59375 0.3125 -0.0483069
0.5625 0.3125 -0.0541353
0.5625 0.28125 -0.0234337
0.5625 0.25 0.00726857
0.59375 0.25 0.0130939
0.59375 0.28125 -0.0176083
0.5625 0.28125 -0.0234337
0.59375 0.3125 -0.0483069
0.59375 0.28125 -0.0176083
0.625 0.28125 -0.0117826
0.625 0.3125 -0.0424645
0.59375 0.3125 -0.0483069
0.59375 0.28125 -0.0176083
0.59375 0.25 0.0130939
0.625 0.25 0.0189194
0.625 0.28125 -0.0117826
0.59375 0.28125 -0.0176083
0.625 0.5 -0.127191
0.625 0.46875 -0.133013
0.65625 0.46875 -0.102312
0.65625 0.5 -0.0964884
0.625 0.5 -0.127191
0.625 0.46875 -0.133013
0.625 0.4375 -0.136224
0.65625 0.4375 -0.108121
0.65625 0.46875 -0.102312
0.625 0.46875 -0.133013
0.65625 0.5 -0.0964884
0.65625 0.46875 -0.102312
0.6875 0.46875 -0.0716088
0.6875 0.5 -0.0657861
0.65625 0.5 -0.0964884
0.65625 0.46875 -0.102312
0.65625 0.4375 -0.108121
0.6875 0.4375 -0.0774139
0.6875 0.46875 -0.0716088
0.65625 0.46875 -0.102312
0.625 0.4375 -0.136224
0.625 0.40625 -0.12663
0.65625 0.40625 -0.107952
0.65625 0.4375 -0.108121
0.625 0.4375 -0.136224
0.625 0.40625 -0.12663
0.625 0.375 -0.102848
0.65625 0.375 -0.0934619
0.65625 0.40625 -0.107952
0.625 0.40625 -0.12663
0.65625 0.4375 -0.108121
0.65625 0.40625 -0.107952
0.6875 0.40625 -0.0823428
0.6875 0.4375 -0.0774139
0.65625 0.4375 -0.108121
0.65625 0.40625 -0.107952
0.65625 0.375 -0.0934619
0.6875 0.375 -0.0771543
0.6875 0.40625 -0.0823428
0.65625 0.40625 -0.107952
0.6875 0.5 -0.0657861
0.6875 0.46875 -0.0716088
0.71875 0.46875 -0.0409057
0.71875 0.5 -0.0350838
0.6875 0.5 -0.0657861
0.6875 0.46875 -0.0716088
0.6875 0.4375 -0.0774139
0.71875 0.4375 -0.0467052
0.71875 0.46875 -0.0409057
0.6875 0.46875 -0.0716088
0.71875 0.5 -0.0350838
0.71875 0.46875 -0.0409057
0.75 0.46875 -0.0102023
0.75 0.5 -0.00438142
0.71875 0.5 -0.0350838
0.71875 0.46875 -0.0409057
0.71875 0.4375 -0.0467052
0.75 0.4375 -0.0159953
0.75 0.46875 -0.0102023
0.71875 0.46875 -0.0409057
0.6875 0.4375 -0.0774139
0.6875 0.40625 -0.0823428
0.71875 0.40625 -0.0524045
0.71875 0.4375 -0.0467052
0.6875 0.4375 -0.0774139
0.6875 0.40625 -0.0823428
0.6875 0.375 -0.0771543
0.71875 0.375 -0.0540115
0.71875 0.40625 -0.0524045
0.6875 0.40625 -0.0823428
0.71875 0.4375 -0.0467052
0.71875 0.40625 -0.0524045
0.75 0.40625 -0.0216355
0.75 0.4375 -0.0159953
0.71875 0.4375 -0.0467052
0.71875 0.40625 -0.0524045
0.71875 0.375 -0.0540115
0.75 0.375 -0.0258761
0.75 0.40625 -0.0216355
0.71875 0.40625 -0.0524045
0.625 0.375 -0.102848
0.625 0.34375 -0.0730518
0.65625 0.34375 -0.0666404
0.65625 0.375 -0.0934619
0.625 0.375 -0.102848
0.625 0.34375 -0.0730518
0.625 0.3125 -0.0424645
0.65625 0.3125 -0.0365459
0.65625 0.34375 -0.0666404
0.625 0.34375 -0.0730518
0.65625 0.375 -0.0934619
0.65625 0.34375 -0.0666404
0.6875 0.34375 -0.058097
0.6875 0.375 -0.0771543
0.65625 0.375 -0.0934619
0.65625 0.34375 -0.0666404
0.65625 0.3125 -0.0365459
0.6875 0.3125 -0.0302375
0.6875 0.34375 -0.058097
0.65625 0.34375 -0.0666404
0.625 0.3125 -0.0424645
0.625 0.28125 -0.0117826
0.65625 0.28125 -0.00595357
0.65625 0.3125 -0.0365459
0.625 0.3125 -0.0424645
0.625 0.28125 -0.0117826
0.625 0.25 0.0189194
0.65625 0.25 0.0247469
0.65625 0.28125 -0.00595357
0.625 0.28125 -0.0117826
0.65625 0.3125 -0.0365459
0.65625 0.28125 -0.00595357
0.6875 0.28125 -8.64557e-005
0.6875 0.3125 -0.0302375
0.65625 0.3125 -0.0365459
0.65625 0.28125 -0.00595357
0.65625 0.25 0.0247469
0.6875 0.25 0.0306052
0.6875 0.28125 -8.64557e-005
0.65625 0.28125 -0.00595357
0.6875 0.375 -0.0771543
0.6875 0.34375 -0.058097
0.71875 0.34375 -0.043356
0.71875 0.375 -0.0540115
0.6875 0.375 -0.0771543
0.6875 0.34375 -0.058097
0.6875 0.3125 -0.0302375
0.71875 0.3125 -0.0222526
0.71875 0.34375 -0.043356
0.6875 0.34375 -0.058097
0.71875 0.375 -0.0540115
0.71875 0.34375 -0.043356
0.75 0.34375 -0.0218846
0.75 0.375 -0.0258761
0.71875 0.375 -0.0540115
0.71875 0.34375 -0.043356
0.71875 0.3125 -0.0222526
0.75 0.3125 -0.00744038
0.75 0.34375 -0.0218846
0.71875 0.34375 -0.043356
0.6875 0.3125 -0.0302375
0.6875 0.28125 -8.64557e-005
0.71875 0.28125 0.00659689
0.71875 0.3125 -0.0222526
0.6875 0.3125 -0.0302375
0.6875 0.28125 -8.64557e-005
0.6875 0.25 0.0306052
0.71875 0.25 0.0370748
0.71875 0.28125 0.00659689
0.6875 0.28125 -8.64557e-005
0.71875 0.3125 -0.0222526
0.71875 0.28125 0.00659689
0.75 0.28125 0.0182579
0.75 0.3125 -0.00744038
0.71875 0.3125 -0.0222526
0.71875 0.28125 0.00659689
0.71875 0.25 0.0370748
0.75 0.25 0.0469311
0.75 0.28125 0.0182579
0.71875 0.28125 0.00659689
0.5 0.25 -0.00438199
0.5 0.21875 0.0263205
0.53125 0.21875 0.0321455
0.53125 0.25 0.00144324
0.5 0.25 -0.00438199
0.5 0.21875 0.0263205
0.5 0.1875 0.0570232
0.53125 0.1875 0.0628478
0.53125 0.21875 0.0321455
0.5 0.21875 0.0263205
0.53125 0.25 0.00144324
0.53125 0.21875 0.0321455
0.5625 0.21875 0.0379708
0.5625 0.25 0.00726857
0.53125 0.25 0.00144324
0.53125 0.21875 0.0321455
0.53125 0.1875 0.0628478
0.5625 0.1875 0.0686731
0.5625 0.21875 0.0379708
0.53125 0.21875 0.0321455
0.5 0.1875 0.0570232
0.5 0.15625 0.0877264
0.53125 0.15625 0.0935502
0.53125 0.1875 0.0628478
0.5 0.1875 0.0570232
0.5 0.15625 0.0877264
0.5 0.125 0.11843
0.53125 0.125 0.124253
0.53125 0.15625 0.0935502
0.5 0.15625 0.0877264
0.53125 0.1875 0.0628478
0.53125 0.15625 0.0935502
0.5625 0.15625 0.0993753
0.5625 0.1875 0.0686731
0.53125 0.1875 0.0628478
0.53125 0.15625 0.0935502
0.53125 0.125 0.124253
0.5625 0.125 0.130078
0.5625 0.15625 0.0993753
0.53125 0.15625 0.0935502
0.5625 0.25 0.00726857
0.5625 0.21875 0.0379708
0.59375 0.21875 0.0437962
0.59375 0.25 0.0130939
0.5625 0.25 0.00726857
0.5625 0.21875 0.0379708
0.5625 0.1875 0.0686731
0.59375 0.1875 0.0744984
0.59375 0.21875 0.0437962
0.5625 0.21875 0.0379708
0.59375 0.25 0.0130939
0.59375 0.21875 0.0437962
0.625 0.21875 0.0496216
0.625 0.25 0.0189194
0.59375 0.25 0.0130939
0.59375 0.21875 0.0437962
0.59375 0.1875 0.0744984
0.625 0.1875 0.0803238
0.625 0.21875 0.0496216
0.59375 0.21875 0.0437962
0.5625 0.1875 0.0686731
0.5625 0.15625 0.0993753
0.59375 0.15625 0.105201
0.59375 0.1875 0.0744984
0.5625 0.1875 0.0686731
0.5625 0.15625 0.0993753
0.5625 0.125 0.130078
0.59375 0.125 0.135903
0.59375 0.15625 0.105201
0.5625 0.15625 0.0993753
0.59375 0.1875 0.0744984
0.59375 0.15625 0.105201
0.625 0.15625 0.111026
0.625 0.1875 0.0803238
0.59375 0.1875 0.0744984
0.59375 0.15625 0.105201
0.59375 0.125 0.135903
0.625 0.125 0.141728
0.625 0.15625 0.111026
0.59375 0.15625 0.105201
0.5 0.125 0.11843
0.5 0.0625 0.179857
0.5625 0.0625 0.191484
0.5625 0.125 0.130078
0.5 0.125 0.11843
0.5 0.0625 0.179857
0.5 0 0.241332
0.5625 0 0.252897
0.5625 0.0625 0.191484
0.5 0.0625 0.179857
0.5625 0.125 0.130078
0.5625 0.0625 0.191484
0.625 0.0625 0.203132
0.625 0.125 0.141728
0.5625 0.125 0.130078
0.5625 0.0625 0.191484
0.5625 0 0.252897
0.625 0 0.264537
0.625 0.0625 0.203132
0.5625 0.0625 0.191484
0.625 0.25 0.0189194
0.625 0.21875 0.0496216
0.65625 0.21875 0.0554487
0.65625 0.25 0.0247469
0.625 0.25 0.0189194
0.625 0.21875 0.0496216
0.625 0.1875 0.0803238
0.65625 0.1875 0.0861505
0.65625 0.21875 0.0554487
0.625 0.21875 0.0496216
0.65625 0.25 0.0247469
0.65625 0.21875 0.0554487
0.6875 0.21875 0.0612994
0.6875 0.25 0.0306052
0.65625 0.25 0.0247469
0.65625 0.21875 0.0554487
0.65625 0.1875 0.0861505
0.6875 0.1875 0.0919954
0.6875 0.21875 0.0612994
0.65625 0.21875 0.0554487
0.625 0.1875 0.0803238
0.625 0.15625 0.111026
0.65625 0.15625 0.116852
0.65625 0.1875 0.0861505
0.625 0.1875 0.0803238
0.625 0.15625 0.111026
0.625 0.125 0.141728
0.65625 0.125 0.147554
0.65625 0.15625 0.116852
0.625 0.15625 0.111026
0.65625 0.1875 0.0861505
0.65625 0.15625 0.116852
0.6875 0.15625 0.122693
0.6875 0.1875 0.0919954
0.65625 0.1875 0.0861505
0.65625 0.15625 0.116852
0.65625 0.125 0.147554
0.6875 0.125 0.153391
0.6875 0.15625 0.122693
0.65625 0.15625 0.116852
0.6875 0.25 0.0306052
0.6875 0.21875 0.0612994
0.71875 0.21875 0.0676027
0.71875 0.25 0.0370748
0.6875 0.25 0.0306052
0.6875 0.21875 0.0612994
0.6875 0.1875 0.0919954
0.71875 0.1875 0.0981888
0.71875 0.21875 0.0676027
0.6875 0.21875 0.0612994
0.71875 0.25 0.0370748
0.71875 0.21875 0.0676027
0.75 0.21875 0.0763428
0.75 0.25 0.0469311
0.71875 0.25 0.0370748
0.71875 0.21875 0.0676027
0.71875 0.1875 0.0981888
0.75 0.1875 0.106107
0.75 0.21875 0.0763428
0.71875 0.21875 0.0676027
0.6875 0.1875 0.0919954
0.6875 0.125 0.153391
0.75 0.125 0.166726
0.75 0.1875 0.106107
0.6875 0.1875 0.0919954
0.625 0.125 0.141728
0.625 0.0625 0.203132
0.6875 0.0625 0.214792
0.6875 0.125 0.153391
0.625 0.125 0.141728
0.625 0.0625 0.203132
0.625 0 0.264537
0.6875 0 0.276194
0.6875 0.0625 0.214792
0.625 0.0625 0.203132
0.6875 0.125 0.153391
0.6875 0.0625 0.214792
0.75 0.0625 0.227648
0.75 0.125 0.166726
0.6875 0.125 0.153391
0.6875 0.0625 0.214792
0.6875 0 0.276194
0.75 0 0.288763
0.75 0.0625 0.227648
0.6875 0.0625 0.214792
0.75 0.5 -0.00438142
0.75 0.46875 -0.0102023
0.78125 0.46875 0.0205097
0.78125 0.5 0.0263229
0.75 0.5 -0.00438142
0.75 0.46875 -0.0102023
0.75 0.4375 -0.0159953
0.78125 0.4375 0.0147462
0.78125 0.46875 0.0205097
0.75 0.46875 -0.0102023
0.78125 0.5 0.0263229
0.78125 0.46875 0.0205097
0.8125 0.46875 0.0512381
0.8125 0.5 0.0570314
0.78125 0.5 0.0263229
0.78125 0.46875 0.0205097
0.78125 0.4375 0.0147462
0.8125 0.4375 0.0455461
0.8125 0.46875 0.0512381
0.78125 0.46875 0.0205097
0.75 0.4375 -0.0159953
0.75 0.40625 -0.0216355
0.78125 0.40625 0.00920141
0.78125 0.4375 0.0147462
0.75 0.4375 -0.0159953
0.75 0.40625 -0.0216355
0.75 0.375 -0.0258761
0.78125 0.375 0.00469907
0.78125 0.40625 0.00920141
0.75 0.40625 -0.0216355
0.78125 0.4375 0.0147462
0.78125 0.40625 0.00920141
0.8125 0.40625 0.0402134
0.8125 0.4375 0.0455461
0.78125 0.4375 0.0147462
0.78125 0.40625 0.00920141
0.78125 0.375 0.00469907
0.8125 0.375 0.0359464
0.8125 0.40625 0.0402134
0.78125 0.40625 0.00920141
0.8125 0.5 0.0570314
0.8125 0.46875 0.0512381
0.84375 0.46875 0.0819869
0.84375 0.5 0.0877468
0.8125 0.5 0.0570314
0.8125 0.46875 0.0512381
0.8125 0.4375 0.0455461
0.84375 0.4375 0.076392
0.84375 0.46875 0.0819869
0.8125 0.46875 0.0512381
0.84375 0.5 0.0877468
0.84375 0.46875 0.0819869
0.875 0.46875 0.112757
0.875 0.5 0.118471
0.84375 0.5 0.0877468
0.84375 0.46875 0.0819869
0.84375 0.4375 0.076392
0.875 0.4375 0.107267
0.875 0.46875 0.112757
0.84375 0.46875 0.0819869
0.8125 0.4375 0.0455461
0.8125 0.40625 0.0402134
0.84375 0.40625 0.0712538
0.84375 0.4375 0.076392
0.8125 0.4375 0.0455461
0.8125 0.40625 0.0402134
0.8125 0.375 0.0359464
0.84375 0.375 0.0671911
0.84375 0.40625 0.0712538
0.8125 0.40625 0.0402134
0.84375 0.4375 0.076392
0.84375 0.40625 0.0712538
0.875 0.40625 0.102307
0.875 0.4375 0.107267
0.84375 0.4375 0.076392
0.84375 0.40625 0.0712538
0.84375 0.375 0.0671911
0.875 0.375 0.0984265
0.875 0.40625 0.102307
0.84375 0.40625 0.0712538
0.75 0.375 -0.0258761
0.75 0.34375 -0.0218846
0.78125 0.34375 0.0049582
0.78125 0.375 0.00469907
0.75 0.375 -0.0258761
0.75 0.34375 -0.0218846
0.75 0.3125 -0.00744038
0.78125 0.3125 0.0164243
0.78125 0.34375 0.0049582
0.75 0.34375 -0.0218846
0.78125 0.375 0.00469907
0.78125 0.34375 0.0049582
0.8125 0.34375 0.0361052
0.8125 0.375 0.0359464
0.78125 0.375 0.00469907
0.78125 0.34375 0.0049582
0.78125 0.3125 0.0164243
0.8125 0.3125 0.0444382
0.8125 0.34375 0.0361052
0.78125 0.34375 0.0049582
0.75 0.3125 -0.00744038
0.75 0.28125 0.0182579
0.78125 0.28125 0.0373001
0.78125 0.3125 0.0164243
0.75 0.3125 -0.00744038
0.75 0.28125 0.0182579
0.75 0.25 0.0469311
0.78125 0.25 0.0621107
0.78125 0.28125 0.0373001
0.75 0.28125 0.0182579
0.78125 0.3125 0.0164243
0.78125 0.28125 0.0373001
0.8125 0.28125 0.0609927
0.8125 0.3125 0.0444382
0.78125 0.3125 0.0164243
0.78125 0.28125 0.0373001
0.78125 0.25 0.0621107
0.8125 0.25 0.0820945
0.8125 0.28125 0.0609927
0.78125 0.28125 0.0373001
0.8125 0.375 0.0359464
0.8125 0.34375 0.0361052
0.84375 0.34375 0.0672526
0.84375 0.375 0.0671911
0.8125 0.375 0.0359464
0.8125 0.34375 0.0361052
0.8125 0.3125 0.0444382
0.84375 0.3125 0.0738238
0.84375 0.34375 0.0672526
0.8125 0.34375 0.0361052
0.84375 0.375 0.0671911
0.84375 0.34375 0.0672526
0.875 0.34375 0.0983918
0.875 0.375 0.0984265
0.84375 0.375 0.0671911
0.84375 0.34375 0.0672526
0.84375 0.3125 0.0738238
0.875 0.3125 0.103696
0.875 0.34375 0.0983918
0.84375 0.34375 0.0672526
0.8125 0.3125 0.0444382
0.8125 0.28125 0.0609927
0.84375 0.28125 0.0871101
0.84375 0.3125 0.0738238
0.8125 0.3125 0.0444382
0.8125 0.28125 0.0609927
0.8125 0.25 0.0820945
0.84375 0.25 0.105194
0.84375 0.28125 0.0871101
0.8125 0.28125 0.0609927
0.84375 0.3125 0.0738238
0.84375 0.28125 0.0871101
0.875 0.28125 0.1147
0.875 0.3125 0.103696
0.84375 0.3125 0.0738238
0.84375 0.28125 0.0871101
0.84375 0.25 0.105194
0.875 0.25 0.130323
0.875 0.28125 0.1147
0.84375 0.28125 0.0871101
0.875 0.5 0.118471
0.875 0.4375 0.107267
0.9375 0.4375 0.169296
0.9375 0.5 0.18003
0.875 0.5 0.118471
0.875 0.4375 0.107267
0.875 0.375 0.0984265
0.9375 0.375 0.1609
0.9375 0.4375 0.169296
0.875 0.4375 0.107267
0.9375 0.5 0.18003
0.9375 0.4375 0.169296
1 0.4375 0.231402
1 0.5 0.241741
0.9375 0.5 0.18003
0.9375 0.4375 0.169296
0.9375 0.375 0.1609
1 0.375 0.223373
1 0.4375 0.231402
0.9375 0.4375 0.169296
0.875 0.375 0.0984265
0.875 0.3125 0.103696
0.9375 0.3125 0.164984
0.9375 0.375 0.1609
0.875 0.375 0.0984265
0.875 0.3125 0.103696
0.875 0.25 0.130323
0.9375 0.25 0.185229
0.9375 0.3125 0.164984
0.875 0.3125 0.103696
0.9375 0.375 0.1609
0.9375 0.3125 0.164984
1 0.3125 0.226716
1 0.375 0.223373
0.9375 0.375 0.1609
0.9375 0.3125 0.164984
0.9375 0.25 0.185229
1 0.25 0.243556
1 0.3125 0.226716
0.9375 0.3125 0.164984
0.75 0.25 0.0469311
0.75 0.21875 0.0763428
0.78125 0.21875 0.0890093
0.78125 0.25 0.0621107
0.75 0.25 0.0469311
0.75 0.21875 0.0763428
0.75 0.1875 0.106107
0.78125 0.1875 0.117121
0.78125 0.21875 0.0890093
0.75 0.21875 0.0763428
0.78125 0.25 0.0621107
0.78125 0.21875 0.0890093
0.8125 0.21875 0.105978
0.8125 0.25 0.0820945
0.78125 0.25 0.0621107
0.78125 0.21875 0.0890093
0.78125 0.1875 0.117121
0.8125 0.1875 0.131617
0.8125 0.21875 0.105978
0.78125 0.21875 0.0890093
0.75 0.1875 0.106107
0.75 0.125 0.166726
0.8125 0.125 0.187852
0.8125 0.1875 0.131617
0.75 0.1875 0.106107
0.8125 0.25 0.0820945
0.8125 0.21875 0.105978
0.84375 0.21875 0.126413
0.84375 0.25 0.105194
0.8125 0.25 0.0820945
0.8125 0.21875 0.105978
0.8125 0.1875 0.131617
0.84375 0.1875 0.149626
0.84375 0.21875 0.126413
0.8125 0.21875 0.105978
0.84375 0.25 0.105194
0.84375 0.21875 0.126413
0.875 0.21875 0.149217
0.875 0.25 0.130323
0.84375 0.25 0.105194
0.84375 0.21875 0.126413
0.84375 0.1875 0.149626
0.875 0.1875 0.170337
0.875 0.21875 0.149217
0.84375 0.21875 0.126413
0.8125 0.1875 0.131617
0.8125 0.125 0.187852
0.875 0.125 0.219901
0.875 0.1875 0.170337
0.8125 0.1875 0.131617
0.75 0.125 0.166726
0.75 0.0625 0.227648
0.8125 0.0625 0.245933
0.8125 0.125 0.187852
0.75 0.125 0.166726
0.75 0.0625 0.227648
0.75 0 0.288763
0.8125 0 0.305492
0.8125 0.0625 0.245933
0.75 0.0625 0.227648
0.8125 0.125 0.187852
0.8125 0.0625 0.245933
0.875 0.0625 0.272565
0.875 0.125 0.219901
0.8125 0.125 0.187852
0.8125 0.0625 0.245933
0.8125 0 0.305492
0.875 0 0.328889
0.875 0.0625 0.272565
0.8125 0.0625 0.245933
0.875 0.25 0.130323
0.875 0.1875 0.170337
0.9375 0.1875 0.217173
0.9375 0.25 0.185229
0.875 0.25 0.130323
0.875 0.1875 0.170337
0.875 0.125 0.219901
0.9375 0.125 0.259133
0.9375 0.1875 0.217173
0.875 0.1875 0.170337
0.9375 0.25 0.185229
0.9375 0.1875 0.217173
1 0.1875 0.270917
1 0.25 0.243556
0.9375 0.25 0.185229
0.9375 0.1875 0.217173
0.9375 0.125 0.259133
1 0.125 0.306797
1 0.1875 0.270917
0.9375 0.1875 0.217173
0.875 0.125 0.219901
0.875 0 0.328889
1 0 0.405411
1 0.125 0.306797
0.875 0.125 0.219901
