0 1 0.463263
0 0.875 0.372843
0.125 0.875 0.278924
0.125 1 0.376921
0 1 0.463263
0 0.875 0.372843
0 0.75 0.28776
0.125 0.75 0.185441
0.125 0.875 0.278924
0 0.875 0.372843
0.125 1 0.376921
0.125 0.875 0.278924
0.25 0.875 0.20043
0.25 1 0.302953
0.125 1 0.376921
0.125 0.875 0.278924
0.125 0.8125 0.231296
0.1875 0.8125 0.189476
0.1875 0.875 0.238735
0.125 0.875 0.278924
0.125 0.8125 0.231296
0.125 0.75 0.185441
0.1875 0.75 0.140864
0.1875 0.8125 0.189476
0.125 0.8125 0.231296
0.1875 0.875 0.238735
0.1875 0.8125 0.189476
0.25 0.8125 0.150345
0.25 0.875 0.20043
0.1875 0.875 0.238735
0.1875 0.8125 0.189476
0.1875 0.75 0.140864
0.25 0.75 0.100912
0.25 0.8125 0.150345
0.1875 0.8125 0.189476
0 0.75 0.28776
0 0.6875 0.252924
0.0625 0.6875 0.195952
0.0625 0.75 0.234217
0 0.75 0.28776
0 0.6875 0.252924
0 0.625 0.224222
0.0625 0.625 0.163762
0.0625 0.6875 0.195952
0 0.6875 0.252924
0.0625 0.75 0.234217
0.0625 0.6875 0.195952
0.125 0.6875 0.142449
0.125 0.75 0.185441
0.0625 0.75 0.234217
0.0625 0.6875 0.195952
0.0625 0.625 0.163762
0.125 0.625 0.106349
0.125 0.6875 0.142449
0.0625 0.6875 0.195952
0 0.625 0.224222
0 0.5625 0.204176
0.0625 0.5625 0.141699
0.0625 0.625 0.163762
0 0.625 0.224222
0 0.5625 0.204176
0 0.5 0.19884
0.0625 0.5 0.136468
0.0625 0.5625 0.141699
0 0.5625 0.204176
0.0625 0.625 0.163762
0.0625 0.59375 0.151385
0.09375 0.59375 0.121431
0.09375 0.625 0.134841
0.0625 0.625 0.163762
0.0625 0.59375 0.151385
0.0625 0.5625 0.141699
0.09375 0.5625 0.110915
0.09375 0.59375 0.121431
0.0625 0.59375 0.151385
0.09375 0.625 0.134841
0.09375 0.59375 0.121431
0.125 0.59375 0.0916897
0.125 0.625 0.106349
0.09375 0.625 0.134841
0.09375 0.59375 0.121431
0.09375 0.5625 0.110915
0.125 0.5625 0.0801671
0.125 0.59375 0.0916897
0.09375 0.59375 0.121431
0.0625 0.5625 0.141699
0.0625 0.53125 0.135106
0.09375 0.53125 0.103861
0.09375 0.5625 0.110915
0.0625 0.5625 0.141699
0.0625 0.53125 0.135106
0.0625 0.5 0.136468
0.09375 0.5 0.10554
0.09375 0.53125 0.103861
0.0625 0.53125 0.135106
0.09375 0.5625 0.110915
0.09375 0.53125 0.103861
0.125 0.53125 0.0726272
0.125 0.5625 0.0801671
0.09375 0.5625 0.110915
0.09375 0.53125 0.103861
0.09375 0.5 0.10554
0.125 0.5 0.0746613
0.125 0.53125 0.0726272
0.09375 0.53125 0.103861
0.125 0.75 0.185441
0.125 0.6875 0.142449
0.1875 0.6875 0.0942205
0.1875 0.75 0.140864
0.125 0.75 0.185441
0.125 0.6875 0.142449
0.125 0.65625 0.123441
0.15625 0.65625 0.097241
0.15625 0.6875 0.117729
0.125 0.6875 0.142449
0.125 0.65625 0.123441
0.125 0.625 0.106349
0.15625 0.625 0.078526
0.15625 0.65625 0.097241
0.125 0.65625 0.123441
0.15625 0.6875 0.117729
0.15625 0.65625 0.097241
0.1875 0.65625 0.0721624
0.1875 0.6875 0.0942205
0.15625 0.6875 0.117729
0.15625 0.65625 0.097241
0.15625 0.625 0.078526
0.1875 0.625 0.0515835
0.1875 0.65625 0.0721624
0.15625 0.65625 0.097241
0.1875 0.75 0.140864
0.1875 0.71875 0.117301
0.21875 0.71875 0.0962973
0.21875 0.75 0.120559
0.1875 0.75 0.140864
0.1875 0.71875 0.117301
0.1875 0.6875 0.0942205
0.21875 0.6875 0.0723773
0.21875 0.71875 0.0962973
0.1875 0.71875 0.117301
0.21875 0.75 0.120559
0.21875 0.71875 0.0962973
0.25 0.71875 0.0763364
0.25 0.75 0.100912
0.21875 0.75 0.120559
0.21875 0.71875 0.0962973
0.21875 0.6875 0.0723773
0.25 0.6875 0.0518776
0.25 0.71875 0.0763364
0.21875 0.71875 0.0962973
0.1875 0.6875 0.0942205
0.1875 0.65625 0.0721624
0.21875 0.65625 0.0489095
0.21875 0.6875 0.0723773
0.1875 0.6875 0.0942205
0.1875 0.65625 0.0721624
0.1875 0.625 0.0515835
0.21875 0.625 0.0262738
0.21875 0.65625 0.0489095
0.1875 0.65625 0.0721624
0.21875 0.6875 0.0723773
0.21875 0.65625 0.0489095
0.25 0.65625 0.0276199
0.25 0.6875 0.0518776
0.21875 0.6875 0.0723773
0.21875 0.65625 0.0489095
0.21875 0.625 0.0262738
0.25 0.625 0.00368746
0.25 0.65625 0.0276199
0.21875 0.65625 0.0489095
0.125 0.625 0.106349
0.125 0.59375 0.0916897
0.15625 0.59375 0.0622655
0.15625 0.625 0.078526
0.125 0.625 0.106349
0.125 0.59375 0.0916897
0.125 0.5625 0.0801671
0.15625 0.5625 0.0494387
0.15625 0.59375 0.0622655
0.125 0.59375 0.0916897
0.15625 0.625 0.078526
0.15625 0.59375 0.0622655
0.1875 0.59375 0.0332885
0.1875 0.625 0.0515835
0.15625 0.625 0.078526
0.15625 0.59375 0.0622655
0.15625 0.5625 0.0494387
0.1875 0.5625 0.0187157
0.1875 0.59375 0.0332885
0.15625 0.59375 0.0622655
0.125 0.5625 0.0801671
0.125 0.53125 0.0726272
0.15625 0.53125 0.0413892
0.15625 0.5625 0.0494387
0.125 0.5625 0.0801671
0.125 0.53125 0.0726272
0.125 0.5 0.0746613
0.15625 0.5 0.0438635
0.15625 0.53125 0.0413892
0.125 0.53125 0.0726272
0.15625 0.5625 0.0494387
0.15625 0.53125 0.0413892
0.1875 0.53125 0.0101455
0.1875 0.5625 0.0187157
0.15625 0.5625 0.0494387
0.15625 0.53125 0.0413892
0.15625 0.5 0.0438635
0.1875 0.5 0.0132175
0.1875 0.53125 0.0101455
0.15625 0.53125 0.0413892
0.1875 0.625 0.0515835
0.1875 0.59375 0.0332885
0.21875 0.59375 0.0051584
0.21875 0.625 0.0262738
0.1875 0.625 0.0515835
0.1875 0.59375 0.0332885
0.1875 0.5625 0.0187157
0.21875 0.5625 -0.0109514
0.21875 0.59375 0.0051584
0.1875 0.59375 0.0332885
0.21875 0.625 0.0262738
0.21875 0.59375 0.0051584
0.25 0.59375 -0.0187383
0.25 0.625 0.00368746
0.21875 0.625 0.0262738
0.21875 0.59375 0.0051584
0.21875 0.5625 -0.0109514
0.25 0.5625 -0.038012
0.25 0.59375 -0.0187383
0.21875 0.59375 0.0051584
0.1875 0.5625 0.0187157
0.1875 0.53125 0.0101455
0.21875 0.53125 -0.0204619
0.21875 0.5625 -0.0109514
0.1875 0.5625 0.0187157
0.1875 0.53125 0.0101455
0.1875 0.5 0.0132175
0.21875 0.5 -0.015841
0.21875 0.53125 -0.0204619
0.1875 0.53125 0.0101455
0.21875 0.5625 -0.0109514
0.21875 0.53125 -0.0204619
0.25 0.53125 -0.0503385
0.25 0.5625 -0.038012
0.21875 0.5625 -0.0109514
0.21875 0.53125 -0.0204619
0.21875 0.5 -0.015841
0.25 0.5 -0.0433849
0.25 0.53125 -0.0503385
0.21875 0.53125 -0.0204619
0.25 1 0.302953
0.25 0.9375 0.251353
0.3125 0.9375 0.215382
0.3125 1 0.268615
0.25 1 0.302953
0.25 0.9375 0.251353
0.25 0.875 0.20043
0.3125 0.875 0.163008
0.3125 0.9375 0.215382
0.25 0.9375 0.251353
0.3125 1 0.268615
0.3125 0.9375 0.215382
0.375 0.9375 0.181874
0.375 1 0.237529
0.3125 1 0.268615
0.3125 0.9375 0.215382
0.3125 0.875 0.163008
0.375 0.875 0.127275
0.375 0.9375 0.181874
0.3125 0.9375 0.215382
0.25 0.875 0.20043
0.25 0.8125 0.150345
0.3125 0.8125 0.112394
0.3125 0.875 0.163008
0.25 0.875 0.20043
0.25 0.8125 0.150345
0.25 0.78125 0.125587
0.28125 0.78125 0.106424
0.28125 0.8125 0.131297
0.25 0.8125 0.150345
0.25 0.78125 0.125587
0.25 0.75 0.100912
0.28125 0.75 0.0816417
0.28125 0.78125 0.106424
0.25 0.78125 0.125587
0.28125 0.8125 0.131297
0.28125 0.78125 0.106424
0.3125 0.78125 0.0873981
0.3125 0.8125 0.112394
0.28125 0.8125 0.131297
0.28125 0.78125 0.106424
0.28125 0.75 0.0816417
0.3125 0.75 0.0625307
0.3125 0.78125 0.0873981
0.28125 0.78125 0.106424
0.3125 0.875 0.163008
0.3125 0.84375 0.137585
0.34375 0.84375 0.119088
0.34375 0.875 0.144876
0.3125 0.875 0.163008
0.3125 0.84375 0.137585
0.3125 0.8125 0.112394
0.34375 0.8125 0.0936316
0.34375 0.84375 0.119088
0.3125 0.84375 0.137585
0.34375 0.875 0.144876
0.34375 0.84375 0.119088
0.375 0.84375 0.100973
0.375 0.875 0.127275
0.34375 0.875 0.144876
0.34375 0.84375 0.119088
0.34375 0.8125 0.0936316
0.375 0.8125 0.0750994
0.375 0.84375 0.100973
0.34375 0.84375 0.119088
0.3125 0.8125 0.112394
0.3125 0.78125 0.0873981
0.34375 0.78125 0.0684684
0.34375 0.8125 0.0936316
0.3125 0.8125 0.112394
0.3125 0.78125 0.0873981
0.3125 0.75 0.0625307
0.34375 0.75 0.0434955
0.34375 0.78125 0.0684684
0.3125 0.78125 0.0873981
0.34375 0.8125 0.0936316
0.34375 0.78125 0.0684684
0.375 0.78125 0.0496538
0.375 0.8125 0.0750994
0.34375 0.8125 0.0936316
0.34375 0.78125 0.0684684
0.34375 0.75 0.0434955
0.375 0.75 0.0245132
0.375 0.78125 0.0496538
0.34375 0.78125 0.0684684
0.375 1 0.237529
0.375 0.9375 0.181874
0.4375 0.9375 0.152835
0.4375 1 0.211951
0.375 1 0.237529
0.375 0.9375 0.181874
0.375 0.875 0.127275
0.4375 0.875 0.0951919
0.4375 0.9375 0.152835
0.375 0.9375 0.181874
0.4375 1 0.211951
0.4375 0.9375 0.152835
0.5 0.9375 0.135235
0.5 1 0.197352
0.4375 1 0.211951
0.4375 0.9375 0.152835
0.4375 0.90625 0.123823
0.46875 0.90625 0.112178
0.46875 0.9375 0.142206
0.4375 0.9375 0.152835
0.4375 0.90625 0.123823
0.4375 0.875 0.0951919
0.46875 0.875 0.082402
0.46875 0.90625 0.112178
0.4375 0.90625 0.123823
0.46875 0.9375 0.142206
0.46875 0.90625 0.112178
0.5 0.90625 0.104338
0.5 0.9375 0.135235
0.46875 0.9375 0.142206
0.46875 0.90625 0.112178
0.46875 0.875 0.082402
0.5 0.875 0.0735142
0.5 0.90625 0.104338
0.46875 0.90625 0.112178
0.375 0.875 0.127275
0.375 0.84375 0.100973
0.40625 0.84375 0.0834681
0.40625 0.875 0.11054
0.375 0.875 0.127275
0.375 0.84375 0.100973
0.375 0.8125 0.0750994
0.40625 0.8125 0.0569541
0.40625 0.84375 0.0834681
0.375 0.84375 0.100973
0.40625 0.875 0.11054
0.40625 0.84375 0.0834681
0.4375 0.84375 0.0670646
0.4375 0.875 0.0951919
0.40625 0.875 0.11054
0.40625 0.84375 0.0834681
0.40625 0.8125 0.0569541
0.4375 0.8125 0.0395176
0.4375 0.84375 0.0670646
0.40625 0.84375 0.0834681
0.375 0.8125 0.0750994
0.375 0.78125 0.0496538
0.40625 0.78125 0.0310196
0.40625 0.8125 0.0569541
0.375 0.8125 0.0750994
0.375 0.78125 0.0496538
0.375 0.75 0.0245132
0.40625 0.75 0.00558752
0.40625 0.78125 0.0310196
0.375 0.78125 0.0496538
0.40625 0.8125 0.0569541
0.40625 0.78125 0.0310196
0.4375 0.78125 0.012647
0.4375 0.8125 0.0395176
0.40625 0.8125 0.0569541
0.40625 0.78125 0.0310196
0.40625 0.75 0.00558752
0.4375 0.75 -0.0129648
0.4375 0.78125 0.012647
0.40625 0.78125 0.0310196
0.4375 0.875 0.0951919
0.4375 0.84375 0.0670646
0.46875 0.84375 0.0529532
0.46875 0.875 0.082402
0.4375 0.875 0.0951919
0.4375 0.84375 0.0670646
0.4375 0.8125 0.0395176
0.46875 0.8125 0.0239486
0.46875 0.84375 0.0529532
0.4375 0.84375 0.0670646
0.46875 0.875 0.082402
0.46875 0.84375 0.0529532
0.5 0.84375 0.0427909
0.5 0.875 0.0735142
0.46875 0.875 0.082402
0.46875 0.84375 0.0529532
0.46875 0.8125 0.0239486
0.5 0.8125 0.0122147
0.5 0.84375 0.0427909
0.46875 0.84375 0.0529532
0.4375 0.8125 0.0395176
0.4375 0.78125 0.012647
0.46875 0.78125 -0.00426588
0.46875 0.8125 0.0239486
0.4375 0.8125 0.0395176
0.4375 0.78125 0.012647
0.4375 0.75 -0.0129648
0.46875 0.75 -0.0306501
0.46875 0.78125 -0.00426588
0.4375 0.78125 0.012647
0.46875 0.8125 0.0239486
0.46875 0.78125 -0.00426588
0.5 0.78125 -0.0175404
0.5 0.8125 0.0122147
0.46875 0.8125 0.0239486
0.46875 0.78125 -0.00426588
0.46875 0.75 -0.0306501
0.5 0.75 -0.0459949
0.5 0.78125 -0.0175404
0.46875 0.78125 -0.00426588
0.25 0.75 0.100912
0.25 0.71875 0.0763364
0.28125 0.71875 0.0569213
0.28125 0.75 0.0816417
0.25 0.75 0.100912
0.25 0.71875 0.0763364
0.25 0.6875 0.0518776
0.28125 0.6875 0.0322523
0.28125 0.71875 0.0569213
0.25 0.71875 0.0763364
0.28125 0.75 0.0816417
0.28125 0.71875 0.0569213
0.3125 0.71875 0.0377485
0.3125 0.75 0.0625307
0.28125 0.75 0.0816417
0.28125 0.71875 0.0569213
0.28125 0.6875 0.0322523
0.3125 0.6875 0.0130058
0.3125 0.71875 0.0377485
0.28125 0.71875 0.0569213
0.25 0.6875 0.0518776
0.25 0.65625 0.0276199
0.28125 0.65625 0.00765004
0.28125 0.6875 0.0322523
0.25 0.6875 0.0518776
0.25 0.65625 0.0276199
0.25 0.625 0.00368746
0.28125 0.625 -0.01664
0.28125 0.65625 0.00765004
0.25 0.65625 0.0276199
0.28125 0.6875 0.0322523
0.28125 0.65625 0.00765004
0.3125 0.65625 -0.0116809
0.3125 0.6875 0.0130058
0.28125 0.6875 0.0322523
0.28125 0.65625 0.00765004
0.28125 0.625 -0.01664
0.3125 0.625 -0.0362241
0.3125 0.65625 -0.0116809
0.28125 0.65625 0.00765004
0.3125 0.75 0.0625307
0.3125 0.71875 0.0377485
0.34375 0.71875 0.0186606
0.34375 0.75 0.0434955
0.3125 0.75 0.0625307
0.3125 0.71875 0.0377485
0.3125 0.6875 0.0130058
0.34375 0.6875 -0.00611072
0.34375 0.71875 0.0186606
0.3125 0.71875 0.0377485
0.34375 0.75 0.0434955
0.34375 0.71875 0.0186606
0.375 0.71875 -0.000376094
0.375 0.75 0.0245132
0.34375 0.75 0.0434955
0.34375 0.71875 0.0186606
0.34375 0.6875 -0.00611072
0.375 0.6875 -0.0251736
0.375 0.71875 -0.000376094
0.34375 0.71875 0.0186606
0.3125 0.6875 0.0130058
0.3125 0.65625 -0.0116809
0.34375 0.65625 -0.0308413
0.34375 0.6875 -0.00611072
0.3125 0.6875 0.0130058
0.3125 0.65625 -0.0116809
0.3125 0.625 -0.0362241
0.34375 0.625 -0.0555099
0.34375 0.65625 -0.0308413
0.3125 0.65625 -0.0116809
0.34375 0.6875 -0.00611072
0.34375 0.65625 -0.0308413
0.375 0.65625 -0.0499418
0.375 0.6875 -0.0251736
0.34375 0.6875 -0.00611072
0.34375 0.65625 -0.0308413
0.34375 0.625 -0.0555099
0.375 0.625 -0.0746722
0.375 0.65625 -0.0499418
0.34375 0.65625 -0.0308413
0.25 0.625 0.00368746
0.25 0.59375 -0.0187383
0.28125 0.59375 -0.040246
0.28125 0.625 -0.01664
0.25 0.625 0.00368746
0.25 0.59375 -0.0187383
0.25 0.5625 -0.038012
0.28125 0.5625 -0.0622351
0.28125 0.59375 -0.040246
0.25 0.59375 -0.0187383
0.28125 0.625 -0.01664
0.28125 0.59375 -0.040246
0.3125 0.59375 -0.0604684
0.3125 0.625 -0.0362241
0.28125 0.625 -0.01664
0.28125 0.59375 -0.040246
0.28125 0.5625 -0.0622351
0.3125 0.5625 -0.0839713
0.3125 0.59375 -0.0604684
0.28125 0.59375 -0.040246
0.25 0.5625 -0.038012
0.25 0.53125 -0.0503385
0.28125 0.53125 -0.0789138
0.28125 0.5625 -0.0622351
0.25 0.5625 -0.038012
0.25 0.53125 -0.0503385
0.25 0.5 -0.0433849
0.28125 0.5 -0.0703531
0.28125 0.53125 -0.0789138
0.25 0.53125 -0.0503385
0.28125 0.5625 -0.0622351
0.28125 0.53125 -0.0789138
0.3125 0.53125 -0.104757
0.3125 0.5625 -0.0839713
0.28125 0.5625 -0.0622351
0.28125 0.53125 -0.0789138
0.28125 0.5 -0.0703531
0.3125 0.5 -0.0968088
0.3125 0.53125 -0.104757
0.28125 0.53125 -0.0789138
0.3125 0.625 -0.0362241
0.3125 0.59375 -0.0604684
0.34375 0.59375 -0.0800477
0.34375 0.625 -0.0555099
0.3125 0.625 -0.0362241
0.3125 0.59375 -0.0604684
0.3125 0.5625 -0.0839713
0.34375 0.5625 -0.104266
0.34375 0.59375 -0.0800477
0.3125 0.59375 -0.0604684
0.34375 0.625 -0.0555099
0.34375 0.59375 -0.0800477
0.375 0.59375 -0.0993393
0.375 0.625 -0.0746722
0.34375 0.625 -0.0555099
0.34375 0.59375 -0.0800477
0.34375 0.5625 -0.104266
0.375 0.5625 -0.123869
0.375 0.59375 -0.0993393
0.34375 0.59375 -0.0800477
0.3125 0.5625 -0.0839713
0.3125 0.53125 -0.104757
0.34375 0.53125 -0.127447
0.34375 0.5625 -0.104266
0.3125 0.5625 -0.0839713
0.3125 0.53125 -0.104757
0.3125 0.5 -0.0968088
0.34375 0.5 -0.12286
0.34375 0.53125 -0.127447
0.3125 0.53125 -0.104757
0.34375 0.5625 -0.104266
0.34375 0.53125 -0.127447
0.375 0.53125 -0.147829
0.375 0.5625 -0.123869
0.34375 0.5625 -0.104266
0.34375 0.53125 -0.127447
0.34375 0.5 -0.12286
0.375 0.5 -0.148586
0.375 0.53125 -0.147829
0.34375 0.53125 -0.127447
0.375 0.75 0.0245132
0.375 0.71875 -0.000376094
0.40625 0.71875 -0.0193339
0.40625 0.75 0.00558752
0.375 0.75 0.0245132
0.375 0.71875 -0.000376094
0.375 0.6875 -0.0251736
0.40625 0.6875 -0.0441796
0.40625 0.71875 -0.0193339
0.375 0.71875 -0.000376094
0.40625 0.75 0.00558752
0.40625 0.71875 -0.0193339
0.4375 0.71875 -0.0381032
0.4375 0.75 -0.0129648
0.40625 0.75 0.00558752
0.40625 0.71875 -0.0193339
0.40625 0.6875 -0.0441796
0.4375 0.6875 -0.0630774
0.4375 0.71875 -0.0381032
0.40625 0.71875 -0.0193339
0.375 0.6875 -0.0251736
0.375 0.65625 -0.0499418
0.40625 0.65625 -0.0689896
0.40625 0.6875 -0.0441796
0.375 0.6875 -0.0251736
0.375 0.65625 -0.0499418
0.375 0.625 -0.0746722
0.40625 0.625 -0.093768
0.40625 0.65625 -0.0689896
0.375 0.65625 -0.0499418
0.40625 0.6875 -0.0441796
0.40625 0.65625 -0.0689896
0.4375 0.65625 -0.0879629
0.4375 0.6875 -0.0630774
0.40625 0.6875 -0.0441796
0.40625 0.65625 -0.0689896
0.40625 0.625 -0.093768
0.4375 0.625 -0.112797
0.4375 0.65625 -0.0879629
0.40625 0.65625 -0.0689896
0.4375 0.75 -0.0129648
0.4375 0.71875 -0.0381032
0.46875 0.71875 -0.056381
0.46875 0.75 -0.0306501
0.4375 0.75 -0.0129648
0.4375 0.71875 -0.0381032
0.4375 0.6875 -0.0630774
0.46875 0.6875 -0.0816991
0.46875 0.71875 -0.056381
0.4375 0.71875 -0.0381032
0.46875 0.75 -0.0306501
0.46875 0.71875 -0.056381
0.5 0.71875 -0.0732444
0.5 0.75 -0.0459949
0.46875 0.75 -0.0306501
0.46875 0.71875 -0.056381
0.46875 0.6875 -0.0816991
0.5 0.6875 -0.0995107
0.5 0.71875 -0.0732444
0.46875 0.71875 -0.056381
0.4375 0.6875 -0.0630774
0.4375 0.65625 -0.0879629
0.46875 0.65625 -0.106782
0.46875 0.6875 -0.0816991
0.4375 0.6875 -0.0630774
0.4375 0.65625 -0.0879629
0.4375 0.625 -0.112797
0.46875 0.625 -0.131716
0.46875 0.65625 -0.106782
0.4375 0.65625 -0.0879629
0.46875 0.6875 -0.0816991
0.46875 0.65625 -0.106782
0.5 0.65625 -0.125164
0.5 0.6875 -0.0995107
0.46875 0.6875 -0.0816991
0.46875 0.65625 -0.106782
0.46875 0.625 -0.131716
0.5 0.625 -0.150389
0.5 0.65625 -0.125164
0.46875 0.65625 -0.106782
0.375 0.625 -0.0746722
0.375 0.59375 -0.0993393
0.40625 0.59375 -0.118504
0.40625 0.625 -0.093768
0.375 0.625 -0.0746722
0.375 0.59375 -0.0993393
0.375 0.5625 -0.123869
0.40625 0.5625 -0.14317
0.40625 0.59375 -0.118504
0.375 0.59375 -0.0993393
0.40625 0.625 -0.093768
0.40625 0.59375 -0.118504
0.4375 0.59375 -0.137591
0.4375 0.625 -0.112797
0.40625 0.625 -0.093768
0.40625 0.59375 -0.118504
0.40625 0.5625 -0.14317
0.4375 0.5625 -0.162336
0.4375 0.59375 -0.137591
0.40625 0.59375 -0.118504
0.375 0.5625 -0.123869
0.375 0.5 -0.148586
0.4375 0.5 -0.198861
0.4375 0.5625 -0.162336
0.375 0.5625 -0.123869
0.4375 0.625 -0.112797
0.4375 0.5625 -0.162336
0.5 0.5625 -0.200395
0.5 0.625 -0.150389
0.4375 0.625 -0.112797
0.4375 0.5625 -0.162336
0.4375 0.5 -0.198861
0.5 0.5 -0.239295
0.5 0.5625 -0.200395
0.4375 0.5625 -0.162336
0 0.5 0.19884
0 0.4375 0.211429
0.0625 0.4375 0.151724
0.0625 0.5 0.136468
0 0.5 0.19884
0 0.4375 0.211429
0 0.375 0.235241
0.0625 0.375 0.179096
0.0625 0.4375 0.151724
0 0.4375 0.211429
0.0625 0.5 0.136468
0.0625 0.46875 0.142229
0.09375 0.46875 0.112142
0.09375 0.5 0.10554
0.0625 0.5 0.136468
0.0625 0.46875 0.142229
0.0625 0.4375 0.151724
0.09375 0.4375 0.122723
0.09375 0.46875 0.112142
0.0625 0.46875 0.142229
0.09375 0.5 0.10554
0.09375 0.46875 0.112142
0.125 0.46875 0.0822894
0.125 0.5 0.0746613
0.09375 0.5 0.10554
0.09375 0.46875 0.112142
0.09375 0.4375 0.122723
0.125 0.4375 0.0941257
0.125 0.46875 0.0822894
0.09375 0.46875 0.112142
0.0625 0.4375 0.151724
0.0625 0.375 0.179096
0.125 0.375 0.125794
0.125 0.4375 0.0941257
0.0625 0.4375 0.151724
0 0.375 0.235241
0 0.3125 0.266156
0.0625 0.3125 0.213044
0.0625 0.375 0.179096
0 0.375 0.235241
0 0.3125 0.266156
0 0.25 0.301089
0.0625 0.25 0.249759
0.0625 0.3125 0.213044
0 0.3125 0.266156
0.0625 0.375 0.179096
0.0625 0.3125 0.213044
0.125 0.3125 0.16207
0.125 0.375 0.125794
0.0625 0.375 0.179096
0.0625 0.3125 0.213044
0.0625 0.25 0.249759
0.125 0.25 0.199706
0.125 0.3125 0.16207
0.0625 0.3125 0.213044
0.125 0.5 0.0746613
0.125 0.46875 0.0822894
0.15625 0.46875 0.052804
0.15625 0.5 0.0438635
0.125 0.5 0.0746613
0.125 0.46875 0.0822894
0.125 0.4375 0.0941257
0.15625 0.4375 0.0662585
0.15625 0.46875 0.052804
0.125 0.46875 0.0822894
0.15625 0.5 0.0438635
0.15625 0.46875 0.052804
0.1875 0.46875 0.0239492
0.1875 0.5 0.0132175
0.15625 0.5 0.0438635
0.15625 0.46875 0.052804
0.15625 0.4375 0.0662585
0.1875 0.4375 0.0390924
0.1875 0.46875 0.0239492
0.15625 0.46875 0.052804
0.125 0.4375 0.0941257
0.125 0.40625 0.109025
0.15625 0.40625 0.0823967
0.15625 0.4375 0.0662585
0.125 0.4375 0.0941257
0.125 0.40625 0.109025
0.125 0.375 0.125794
0.15625 0.375 0.0999824
0.15625 0.40625 0.0823967
0.125 0.40625 0.109025
0.15625 0.4375 0.0662585
0.15625 0.40625 0.0823967
0.1875 0.40625 0.0563486
0.1875 0.4375 0.0390924
0.15625 0.4375 0.0662585
0.15625 0.40625 0.0823967
0.15625 0.375 0.0999824
0.1875 0.375 0.074557
0.1875 0.40625 0.0563486
0.15625 0.40625 0.0823967
0.1875 0.5 0.0132175
0.1875 0.46875 0.0239492
0.21875 0.46875 -0.00391789
0.21875 0.5 -0.015841
0.1875 0.5 0.0132175
0.1875 0.46875 0.0239492
0.1875 0.4375 0.0390924
0.21875 0.4375 0.0127573
0.21875 0.46875 -0.00391789
0.1875 0.46875 0.0239492
0.21875 0.5 -0.015841
0.21875 0.46875 -0.00391789
0.25 0.46875 -0.0297974
0.25 0.5 -0.0433849
0.21875 0.5 -0.015841
0.21875 0.46875 -0.00391789
0.21875 0.4375 0.0127573
0.25 0.4375 -0.0128019
0.25 0.46875 -0.0297974
0.21875 0.46875 -0.00391789
0.1875 0.4375 0.0390924
0.1875 0.40625 0.0563486
0.21875 0.40625 0.0308045
0.21875 0.4375 0.0127573
0.1875 0.4375 0.0390924
0.1875 0.40625 0.0563486
0.1875 0.375 0.074557
0.21875 0.375 0.0494167
0.21875 0.40625 0.0308045
0.1875 0.40625 0.0563486
0.21875 0.4375 0.0127573
0.21875 0.40625 0.0308045
0.25 0.40625 0.00563081
0.25 0.4375 -0.0128019
0.21875 0.4375 0.0127573
0.21875 0.40625 0.0308045
0.21875 0.375 0.0494167
0.25 0.375 0.0244608
0.25 0.40625 0.00563081
0.21875 0.40625 0.0308045
0.125 0.375 0.125794
0.125 0.34375 0.143626
0.15625 0.34375 0.118305
0.15625 0.375 0.0999824
0.125 0.375 0.125794
0.125 0.34375 0.143626
0.125 0.3125 0.16207
0.15625 0.3125 0.137008
0.15625 0.34375 0.118305
0.125 0.34375 0.143626
0.15625 0.375 0.0999824
0.15625 0.34375 0.118305
0.1875 0.34375 0.0932121
0.1875 0.375 0.074557
0.15625 0.375 0.0999824
0.15625 0.34375 0.118305
0.15625 0.3125 0.137008
0.1875 0.3125 0.11208
0.1875 0.34375 0.0932121
0.15625 0.34375 0.118305
0.125 0.3125 0.16207
0.125 0.25 0.199706
0.1875 0.25 0.15015
0.1875 0.3125 0.11208
0.125 0.3125 0.16207
0.1875 0.375 0.074557
0.1875 0.34375 0.0932121
0.21875 0.34375 0.0682714
0.21875 0.375 0.0494167
0.1875 0.375 0.074557
0.1875 0.34375 0.0932121
0.1875 0.3125 0.11208
0.21875 0.3125 0.0872461
0.21875 0.34375 0.0682714
0.1875 0.34375 0.0932121
0.21875 0.375 0.0494167
0.21875 0.34375 0.0682714
0.25 0.34375 0.0434278
0.25 0.375 0.0244608
0.21875 0.375 0.0494167
0.21875 0.34375 0.0682714
0.21875 0.3125 0.0872461
0.25 0.3125 0.0624759
0.25 0.34375 0.0434278
0.21875 0.34375 0.0682714
0.1875 0.3125 0.11208
0.1875 0.28125 0.131065
0.21875 0.28125 0.106311
0.21875 0.3125 0.0872461
0.1875 0.3125 0.11208
0.1875 0.28125 0.131065
0.1875 0.25 0.15015
0.21875 0.25 0.125477
0.21875 0.28125 0.106311
0.1875 0.28125 0.131065
0.21875 0.3125 0.0872461
0.21875 0.28125 0.106311
0.25 0.28125 0.081612
0.25 0.3125 0.0624759
0.21875 0.3125 0.0872461
0.21875 0.28125 0.106311
0.21875 0.25 0.125477
0.25 0.25 0.100869
0.25 0.28125 0.081612
0.21875 0.28125 0.106311
0 0.25 0.301089
0 0.125 0.375278
0.125 0.125 0.27686
0.125 0.25 0.199706
0 0.25 0.301089
0 0.125 0.375278
0 0 0.457446
0.125 0 0.363204
0.125 0.125 0.27686
0 0.125 0.375278
0.125 0.25 0.199706
0.125 0.1875 0.23787
0.1875 0.1875 0.188793
0.1875 0.25 0.15015
0.125 0.25 0.199706
0.125 0.1875 0.23787
0.125 0.125 0.27686
0.1875 0.125 0.228694
0.1875 0.1875 0.188793
0.125 0.1875 0.23787
0.1875 0.25 0.15015
0.1875 0.1875 0.188793
0.25 0.1875 0.140137
0.25 0.25 0.100869
0.1875 0.25 0.15015
0.1875 0.1875 0.188793
0.1875 0.125 0.228694
0.25 0.125 0.181729
0.25 0.1875 0.140137
0.1875 0.1875 0.188793
0.125 0.125 0.27686
0.125 0 0.363204
0.25 0 0.276578
0.25 0.125 0.181729
0.125 0.125 0.27686
0.25 0.5 -0.0433849
0.25 0.46875 -0.0297974
0.28125 0.46875 -0.0554091
0.28125 0.5 -0.0703531
0.25 0.5 -0.0433849
0.25 0.46875 -0.0297974
0.25 0.4375 -0.0128019
0.28125 0.4375 -0.0378551
0.28125 0.46875 -0.0554091
0.25 0.46875 -0.0297974
0.28125 0.5 -0.0703531
0.28125 0.46875 -0.0554091
0.3125 0.46875 -0.0808027
0.3125 0.5 -0.0968088
0.28125 0.5 -0.0703531
0.28125 0.46875 -0.0554091
0.28125 0.4375 -0.0378551
0.3125 0.4375 -0.062824
0.3125 0.46875 -0.0808027
0.28125 0.46875 -0.0554091
0.25 0.4375 -0.0128019
0.25 0.40625 0.00563081
0.28125 0.40625 -0.0192721
0.28125 0.4375 -0.0378551
0.25 0.4375 -0.0128019
0.25 0.40625 0.00563081
0.25 0.375 0.0244608
0.28125 0.375 -0.000383541
0.28125 0.40625 -0.0192721
0.25 0.40625 0.00563081
0.28125 0.4375 -0.0378551
0.28125 0.40625 -0.0192721
0.3125 0.40625 -0.0441026
0.3125 0.4375 -0.062824
0.28125 0.4375 -0.0378551
0.28125 0.40625 -0.0192721
0.28125 0.375 -0.000383541
0.3125 0.375 -0.0251404
0.3125 0.40625 -0.0441026
0.28125 0.40625 -0.0192721
0.3125 0.5 -0.0968088
0.3125 0.46875 -0.0808027
0.34375 0.46875 -0.106017
0.34375 0.5 -0.12286
0.3125 0.5 -0.0968088
0.3125 0.46875 -0.0808027
0.3125 0.4375 -0.062824
0.34375 0.4375 -0.0877212
0.34375 0.46875 -0.106017
0.3125 0.46875 -0.0808027
0.34375 0.5 -0.12286
0.34375 0.46875 -0.106017
0.375 0.46875 -0.131091
0.375 0.5 -0.148586
0.34375 0.5 -0.12286
0.34375 0.46875 -0.106017
0.34375 0.4375 -0.0877212
0.375 0.4375 -0.112541
0.375 0.46875 -0.131091
0.34375 0.46875 -0.106017
0.3125 0.4375 -0.062824
0.3125 0.40625 -0.0441026
0.34375 0.40625 -0.0688791
0.34375 0.4375 -0.0877212
0.3125 0.4375 -0.062824
0.3125 0.40625 -0.0441026
0.3125 0.375 -0.0251404
0.34375 0.375 -0.0498444
0.34375 0.40625 -0.0688791
0.3125 0.40625 -0.0441026
0.34375 0.4375 -0.0877212
0.34375 0.40625 -0.0688791
0.375 0.40625 -0.0935796
0.375 0.4375 -0.112541
0.34375 0.4375 -0.0877212
0.34375 0.40625 -0.0688791
0.34375 0.375 -0.0498444
0.375 0.375 -0.0744514
0.375 0.40625 -0.0935796
0.34375 0.40625 -0.0688791
0.25 0.375 0.0244608
0.25 0.34375 0.0434278
0.28125 0.34375 0.0186476
0.28125 0.375 -0.000383541
0.25 0.375 0.0244608
0.25 0.34375 0.0434278
0.25 0.3125 0.0624759
0.28125 0.3125 0.0377562
0.28125 0.34375 0.0186476
0.25 0.34375 0.0434278
0.28125 0.375 -0.000383541
0.28125 0.34375 0.0186476
0.3125 0.34375 -0.00608354
0.3125 0.375 -0.0251404
0.28125 0.375 -0.000383541
0.28125 0.34375 0.0186476
0.28125 0.3125 0.0377562
0.3125 0.3125 0.0130819
0.3125 0.34375 -0.00608354
0.28125 0.34375 0.0186476
0.25 0.3125 0.0624759
0.25 0.28125 0.081612
0.28125 0.28125 0.0569679
0.28125 0.3125 0.0377562
0.25 0.3125 0.0624759
0.25 0.28125 0.081612
0.25 0.25 0.100869
0.28125 0.25 0.0763544
0.28125 0.28125 0.0569679
0.25 0.28125 0.081612
0.28125 0.3125 0.0377562
0.28125 0.28125 0.0569679
0.3125 0.28125 0.0323993
0.3125 0.3125 0.0130819
0.28125 0.3125 0.0377562
0.28125 0.28125 0.0569679
0.28125 0.25 0.0763544
0.3125 0.25 0.0519928
0.3125 0.28125 0.0323993
0.28125 0.28125 0.0569679
0.3125 0.375 -0.0251404
0.3125 0.34375 -0.00608354
0.34375 0.34375 -0.0307176
0.34375 0.375 -0.0498444
0.3125 0.375 -0.0251404
0.3125 0.34375 -0.00608354
0.3125 0.3125 0.0130819
0.34375 0.3125 -0.0114818
0.34375 0.34375 -0.0307176
0.3125 0.34375 -0.00608354
0.34375 0.375 -0.0498444
0.34375 0.34375 -0.0307176
0.375 0.34375 -0.055192
0.375 0.375 -0.0744514
0.34375 0.375 -0.0498444
0.34375 0.34375 -0.0307176
0.34375 0.3125 -0.0114818
0.375 0.3125 -0.0357501
0.375 0.34375 -0.055192
0.34375 0.34375 -0.0307176
0.3125 0.3125 0.0130819
0.3125 0.28125 0.0323993
0.34375 0.28125 0.00795982
0.34375 0.3125 -0.0114818
0.3125 0.3125 0.0130819
0.3125 0.28125 0.0323993
0.3125 0.25 0.0519928
0.34375 0.25 0.0278918
0.34375 0.28125 0.00795982
0.3125 0.28125 0.0323993
0.34375 0.3125 -0.0114818
0.34375 0.28125 0.00795982
0.375 0.28125 -0.0160238
0.375 0.3125 -0.0357501
0.34375 0.3125 -0.0114818
0.34375 0.28125 0.00795982
0.34375 0.25 0.0278918
0.375 0.25 0.00426812
0.375 0.28125 -0.0160238
0.34375 0.28125 0.00795982
0.375 0.5 -0.148586
0.375 0.4375 -0.112541
0.4375 0.4375 -0.161785
0.4375 0.5 -0.198861
0.375 0.5 -0.148586
0.375 0.4375 -0.112541
0.375 0.40625 -0.0935796
0.40625 0.40625 -0.11815
0.40625 0.4375 -0.137255
0.375 0.4375 -0.112541
0.375 0.40625 -0.0935796
0.375 0.375 -0.0744514
0.40625 0.375 -0.0988569
0.40625 0.40625 -0.11815
0.375 0.40625 -0.0935796
0.40625 0.4375 -0.137255
0.40625 0.40625 -0.11815
0.4375 0.40625 -0.142466
0.4375 0.4375 -0.161785
0.40625 0.4375 -0.137255
0.40625 0.40625 -0.11815
0.40625 0.375 -0.0988569
0.4375 0.375 -0.12279
0.4375 0.40625 -0.142466
0.40625 0.40625 -0.11815
0.4375 0.5 -0.198861
0.4375 0.4375 -0.161785
0.5 0.4375 -0.199478
0.5 0.5 -0.239295
0.4375 0.5 -0.198861
0.4375 0.4375 -0.161785
0.4375 0.375 -0.12279
0.5 0.375 -0.149692
0.5 0.4375 -0.199478
0.4375 0.4375 -0.161785
0.375 0.375 -0.0744514
0.375 0.34375 -0.055192
0.40625 0.34375 -0.0793206
0.40625 0.375 -0.0988569
0.375 0.375 -0.0744514
0.375 0.34375 -0.055192
0.375 0.3125 -0.0357501
0.40625 0.3125 -0.0594365
0.40625 0.34375 -0.0793206
0.375 0.34375 -0.055192
0.40625 0.375 -0.0988569
0.40625 0.34375 -0.0793206
0.4375 0.34375 -0.102705
0.4375 0.375 -0.12279
0.40625 0.375 -0.0988569
0.40625 0.34375 -0.0793206
0.40625 0.3125 -0.0594365
0.4375 0.3125 -0.0818567
0.4375 0.34375 -0.102705
0.40625 0.34375 -0.0793206
0.375 0.3125 -0.0357501
0.375 0.28125 -0.0160238
0.40625 0.28125 -0.0389911
0.40625 0.3125 -0.0594365
0.375 0.3125 -0.0357501
0.375 0.28125 -0.0160238
0.375 0.25 0.00426812
0.40625 0.25 -0.0176912
0.40625 0.28125 -0.0389911
0.375 0.28125 -0.0160238
0.40625 0.3125 -0.0594365
0.40625 0.28125 -0.0389911
0.4375 0.28125 -0.0600082
0.4375 0.3125 -0.0818567
0.40625 0.3125 -0.0594365
0.40625 0.28125 -0.0389911
0.40625 0.25 -0.0176912
0.4375 0.25 -0.0367177
0.4375 0.28125 -0.0600082
0.40625 0.28125 -0.0389911
0.4375 0.375 -0.12279
0.4375 0.34375 -0.102705
0.46875 0.34375 -0.124252
0.46875 0.375 -0.145866
0.4375 0.375 -0.12279
0.4375 0.34375 -0.102705
0.4375 0.3125 -0.0818567
0.46875 0.3125 -0.101501
0.46875 0.34375 -0.124252
0.4375 0.34375 -0.102705
0.46875 0.375 -0.145866
0.46875 0.34375 -0.124252
0.5 0.34375 -0.124258
0.5 0.375 -0.149692
0.46875 0.375 -0.145866
0.46875 0.34375 -0.124252
0.46875 0.3125 -0.101501
0.5 0.3125 -0.0985124
0.5 0.34375 -0.124258
0.46875 0.34375 -0.124252
0.4375 0.3125 -0.0818567
0.4375 0.28125 -0.0600082
0.46875 0.28125 -0.0769447
0.46875 0.3125 -0.101501
0.4375 0.3125 -0.0818567
0.4375 0.28125 -0.0600082
0.4375 0.25 -0.0367177
0.46875 0.25 -0.0503801
0.46875 0.28125 -0.0769447
0.4375 0.28125 -0.0600082
0.46875 0.3125 -0.101501
0.46875 0.28125 -0.0769447
0.5 0.28125 -0.0722048
0.5 0.3125 -0.0985124
0.46875 0.3125 -0.101501
0.46875 0.28125 -0.0769447
0.46875 0.25 -0.0503801
0.5 0.25 -0.0452781
0.5 0.28125 -0.0722048
0.46875 0.28125 -0.0769447
0.25 0.25 0.100869
0.25 0.21875 0.120338
0.28125 0.21875 0.0960506
0.28125 0.25 0.0763544
0.25 0.25 0.100869
0.25 0.21875 0.120338
0.25 0.1875 0.140137
0.28125 0.1875 0.11626
0.28125 0.21875 0.0960506
0.25 0.21875 0.120338
0.28125 0.25 0.0763544
0.28125 0.21875 0.0960506
0.3125 0.21875 0.0720836
0.3125 0.25 0.0519928
0.28125 0.25 0.0763544
0.28125 0.21875 0.0960506
0.28125 0.1875 0.11626
0.3125 0.1875 0.0929445
0.3125 0.21875 0.0720836
0.28125 0.21875 0.0960506
0.25 0.1875 0.140137
0.25 0.125 0.181729
0.3125 0.125 0.137885
0.3125 0.1875 0.0929445
0.25 0.1875 0.140137
0.3125 0.25 0.0519928
0.3125 0.21875 0.0720836
0.34375 0.21875 0.0486112
0.34375 0.25 0.0278918
0.3125 0.25 0.0519928
0.3125 0.21875 0.0720836
0.3125 0.1875 0.0929445
0.34375 0.1875 0.0704555
0.34375 0.21875 0.0486112
0.3125 0.21875 0.0720836
0.34375 0.25 0.0278918
0.34375 0.21875 0.0486112
0.375 0.21875 0.0260112
0.375 0.25 0.00426812
0.34375 0.25 0.0278918
0.34375 0.21875 0.0486112
0.34375 0.1875 0.0704555
0.375 0.1875 0.049401
0.375 0.21875 0.0260112
0.34375 0.21875 0.0486112
0.3125 0.1875 0.0929445
0.3125 0.15625 0.11485
0.34375 0.15625 0.0936356
0.34375 0.1875 0.0704555
0.3125 0.1875 0.0929445
0.3125 0.15625 0.11485
0.3125 0.125 0.137885
0.34375 0.125 0.118188
0.34375 0.15625 0.0936356
0.3125 0.15625 0.11485
0.34375 0.1875 0.0704555
0.34375 0.15625 0.0936356
0.375 0.15625 0.0745311
0.375 0.1875 0.049401
0.34375 0.1875 0.0704555
0.34375 0.15625 0.0936356
0.34375 0.125 0.118188
0.375 0.125 0.100866
0.375 0.15625 0.0745311
0.34375 0.15625 0.0936356
0.25 0.125 0.181729
0.25 0.0625 0.226757
0.3125 0.0625 0.187278
0.3125 0.125 0.137885
0.25 0.125 0.181729
0.25 0.0625 0.226757
0.25 0 0.276578
0.3125 0 0.241619
0.3125 0.0625 0.187278
0.25 0.0625 0.226757
0.3125 0.125 0.137885
0.3125 0.0625 0.187278
0.375 0.0625 0.156425
0.375 0.125 0.100866
0.3125 0.125 0.137885
0.3125 0.0625 0.187278
0.3125 0 0.241619
0.375 0 0.215082
0.375 0.0625 0.156425
0.3125 0.0625 0.187278
0.375 0.25 0.00426812
0.375 0.21875 0.0260112
0.40625 0.21875 0.00517554
0.40625 0.25 -0.0176912
0.375 0.25 0.00426812
0.375 0.21875 0.0260112
0.375 0.1875 0.049401
0.40625 0.1875 0.0309526
0.40625 0.21875 0.00517554
0.375 0.21875 0.0260112
0.40625 0.25 -0.0176912
0.40625 0.21875 0.00517554
0.4375 0.21875 -0.0117265
0.4375 0.25 -0.0367177
0.40625 0.25 -0.0176912
0.40625 0.21875 0.00517554
0.40625 0.1875 0.0309526
0.4375 0.1875 0.0163666
0.4375 0.21875 -0.0117265
0.40625 0.21875 0.00517554
0.375 0.1875 0.049401
0.375 0.15625 0.0745311
0.40625 0.15625 0.0582501
0.40625 0.1875 0.0309526
0.375 0.1875 0.049401
0.375 0.15625 0.0745311
0.375 0.125 0.100866
0.40625 0.125 0.0865122
0.40625 0.15625 0.0582501
0.375 0.15625 0.0745311
0.40625 0.1875 0.0309526
0.40625 0.15625 0.0582501
0.4375 0.15625 0.0459685
0.4375 0.1875 0.0163666
0.40625 0.1875 0.0309526
0.40625 0.15625 0.0582501
0.40625 0.125 0.0865122
0.4375 0.125 0.0760596
0.4375 0.15625 0.0459685
0.40625 0.15625 0.0582501
0.4375 0.25 -0.0367177
0.4375 0.21875 -0.0117265
0.46875 0.21875 -0.0220115
0.46875 0.25 -0.0503801
0.4375 0.25 -0.0367177
0.4375 0.21875 -0.0117265
0.4375 0.1875 0.0163666
0.46875 0.1875 0.00842058
0.46875 0.21875 -0.0220115
0.4375 0.21875 -0.0117265
0.46875 0.25 -0.0503801
0.46875 0.21875 -0.0220115
0.5 0.21875 -0.0175084
0.5 0.25 -0.0452781
0.46875 0.25 -0.0503801
0.46875 0.21875 -0.0220115
0.46875 0.1875 0.00842058
0.5 0.1875 0.0118295
0.5 0.21875 -0.0175084
0.46875 0.21875 -0.0220115
0.4375 0.1875 0.0163666
0.4375 0.15625 0.0459685
0.46875 0.15625 0.0396586
0.46875 0.1875 0.00842058
0.4375 0.1875 0.0163666
0.4375 0.15625 0.0459685
0.4375 0.125 0.0760596
0.46875 0.125 0.0708893
0.46875 0.15625 0.0396586
0.4375 0.15625 0.0459685
0.46875 0.1875 0.00842058
0.46875 0.15625 0.0396586
0.5 0.15625 0.0423944
0.5 0.1875 0.0118295
0.46875 0.1875 0.00842058
0.46875 0.15625 0.0396586
0.46875 0.125 0.0708893
0.5 0.125 0.0731407
0.5 0.15625 0.0423944
0.46875 0.15625 0.0396586
0.375 0.125 0.100866
0.375 0.09375 0.128314
0.40625 0.09375 0.115512
0.40625 0.125 0.0865122
0.375 0.125 0.100866
0.375 0.09375 0.128314
0.375 0.0625 0.156425
0.40625 0.0625 0.144939
0.40625 0.09375 0.115512
0.375 0.09375 0.128314
0.40625 0.125 0.0865122
0.40625 0.09375 0.115512
0.4375 0.09375 0.10645
0.4375 0.125 0.0760596
0.40625 0.125 0.0865122
0.40625 0.09375 0.115512
0.40625 0.0625 0.144939
0.4375 0.0625 0.137
0.4375 0.09375 0.10645
0.40625 0.09375 0.115512
0.375 0.0625 0.156425
0.375 0 0.215082
0.4375 0 0.198776
0.4375 0.0625 0.137
0.375 0.0625 0.156425
0.4375 0.125 0.0760596
0.4375 0.09375 0.10645
0.46875 0.09375 0.102105
0.46875 0.125 0.0708893
0.4375 0.125 0.0760596
0.4375 0.09375 0.10645
0.4375 0.0625 0.137
0.46875 0.0625 0.133301
0.46875 0.09375 0.102105
0.4375 0.09375 0.10645
0.46875 0.125 0.0708893
0.46875 0.09375 0.102105
0.5 0.09375 0.104002
0.5 0.125 0.0731407
0.46875 0.125 0.0708893
0.46875 0.09375 0.102105
0.46875 0.0625 0.133301
0.5 0.0625 0.134912
0.5 0.09375 0.104002
0.46875 0.09375 0.102105
0.4375 0.0625 0.137
0.4375 0 0.198776
0.5 0 0.197075
0.5 0.0625 0.134912
0.4375 0.0625 0.137
0.5 1 0.197352
0.5 0.9375 0.135235
0.5625 0.9375 0.137424
0.5625 1 0.199104
0.5 1 0.197352
0.5 0.9375 0.135235
0.5 0.90625 0.104338
0.53125 0.90625 0.101904
0.53125 0.9375 0.133108
0.5 0.9375 0.135235
0.5 0.90625 0.104338
0.5 0.875 0.0735142
0.53125 0.875 0.0706871
0.53125 0.90625 0.101904
0.5 0.90625 0.104338
0.53125 0.9375 0.133108
0.53125 0.90625 0.101904
0.5625 0.90625 0.106833
0.5625 0.9375 0.137424
0.53125 0.9375 0.133108
0.53125 0.90625 0.101904
0.53125 0.875 0.0706871
0.5625 0.875 0.076419
0.5625 0.90625 0.106833
0.53125 0.90625 0.101904
0.5625 1 0.199104
0.5625 0.9375 0.137424
0.625 0.9375 0.158845
0.625 1 0.216788
0.5625 1 0.199104
0.5625 0.9375 0.137424
0.5625 0.90625 0.106833
0.59375 0.90625 0.116731
0.59375 0.9375 0.146192
0.5625 0.9375 0.137424
0.5625 0.90625 0.106833
0.5625 0.875 0.076419
0.59375 0.875 0.0876798
0.59375 0.90625 0.116731
0.5625 0.90625 0.106833
0.59375 0.9375 0.146192
0.59375 0.90625 0.116731
0.625 0.90625 0.130694
0.625 0.9375 0.158845
0.59375 0.9375 0.146192
0.59375 0.90625 0.116731
0.59375 0.875 0.0876798
0.625 0.875 0.103164
0.625 0.90625 0.130694
0.59375 0.90625 0.116731
0.5 0.875 0.0735142
0.5 0.84375 0.0427909
0.53125 0.84375 0.0394581
0.53125 0.875 0.0706871
0.5 0.875 0.0735142
0.5 0.84375 0.0427909
0.5 0.8125 0.0122147
0.53125 0.8125 0.00821346
0.53125 0.84375 0.0394581
0.5 0.84375 0.0427909
0.53125 0.875 0.0706871
0.53125 0.84375 0.0394581
0.5625 0.84375 0.0462491
0.5625 0.875 0.076419
0.53125 0.875 0.0706871
0.53125 0.84375 0.0394581
0.53125 0.8125 0.00821346
0.5625 0.8125 0.0164314
0.5625 0.84375 0.0462491
0.53125 0.84375 0.0394581
0.5 0.8125 0.0122147
0.5 0.78125 -0.0175404
0.53125 0.78125 -0.0225868
0.53125 0.8125 0.00821346
0.5 0.8125 0.0122147
0.5 0.78125 -0.0175404
0.5 0.75 -0.0459949
0.53125 0.75 -0.0523994
0.53125 0.78125 -0.0225868
0.5 0.78125 -0.0175404
0.53125 0.8125 0.00821346
0.53125 0.78125 -0.0225868
0.5625 0.78125 -0.0122373
0.5625 0.8125 0.0164314
0.53125 0.8125 0.00821346
0.53125 0.78125 -0.0225868
0.53125 0.75 -0.0523994
0.5625 0.75 -0.0385696
0.5625 0.78125 -0.0122373
0.53125 0.78125 -0.0225868
0.5625 0.875 0.076419
0.5625 0.84375 0.0462491
0.59375 0.84375 0.0591831
0.59375 0.875 0.0876798
0.5625 0.875 0.076419
0.5625 0.84375 0.0462491
0.5625 0.8125 0.0164314
0.59375 0.8125 0.0314597
0.59375 0.84375 0.0591831
0.5625 0.84375 0.0462491
0.59375 0.875 0.0876798
0.59375 0.84375 0.0591831
0.625 0.84375 0.0764783
0.625 0.875 0.103164
0.59375 0.875 0.0876798
0.59375 0.84375 0.0591831
0.59375 0.8125 0.0314597
0.625 0.8125 0.0508339
0.625 0.84375 0.0764783
0.59375 0.84375 0.0591831
0.5625 0.8125 0.0164314
0.5625 0.78125 -0.0122373
0.59375 0.78125 0.00482896
0.59375 0.8125 0.0314597
0.5625 0.8125 0.0164314
0.5625 0.78125 -0.0122373
0.5625 0.75 -0.0385696
0.59375 0.75 -0.0187099
0.59375 0.78125 0.00482896
0.5625 0.78125 -0.0122373
0.59375 0.8125 0.0314597
0.59375 0.78125 0.00482896
0.625 0.78125 0.0265097
0.625 0.8125 0.0508339
0.59375 0.8125 0.0314597
0.59375 0.78125 0.00482896
0.59375 0.75 -0.0187099
0.625 0.75 0.00381161
0.625 0.78125 0.0265097
0.59375 0.78125 0.00482896
0.625 1 0.216788
0.625 0.9375 0.158845
0.6875 0.9375 0.192714
0.6875 1 0.245871
0.625 1 0.216788
0.625 0.9375 0.158845
0.625 0.875 0.103164
0.6875 0.875 0.141519
0.6875 0.9375 0.192714
0.625 0.9375 0.158845
0.6875 1 0.245871
0.6875 0.9375 0.192714
0.75 0.9375 0.233253
0.75 1 0.282504
0.6875 1 0.245871
0.6875 0.9375 0.192714
0.6875 0.875 0.141519
0.75 0.875 0.185928
0.75 0.9375 0.233253
0.6875 0.9375 0.192714
0.625 0.875 0.103164
0.625 0.84375 0.0764783
0.65625 0.84375 0.096332
0.65625 0.875 0.121508
0.625 0.875 0.103164
0.625 0.84375 0.0764783
0.625 0.8125 0.0508339
0.65625 0.8125 0.0722718
0.65625 0.84375 0.096332
0.625 0.84375 0.0764783
0.65625 0.875 0.121508
0.65625 0.84375 0.096332
0.6875 0.84375 0.117652
0.6875 0.875 0.141519
0.65625 0.875 0.121508
0.65625 0.84375 0.096332
0.65625 0.8125 0.0722718
0.6875 0.8125 0.0947835
0.6875 0.84375 0.117652
0.65625 0.84375 0.096332
0.625 0.8125 0.0508339
0.625 0.78125 0.0265097
0.65625 0.78125 0.0494424
0.65625 0.8125 0.0722718
0.625 0.8125 0.0508339
0.625 0.78125 0.0265097
0.625 0.75 0.00381161
0.65625 0.75 0.027901
0.65625 0.78125 0.0494424
0.625 0.78125 0.0265097
0.65625 0.8125 0.0722718
0.65625 0.78125 0.0494424
0.6875 0.78125 0.072968
0.6875 0.8125 0.0947835
0.65625 0.8125 0.0722718
0.65625 0.78125 0.0494424
0.65625 0.75 0.027901
0.6875 0.75 0.0521768
0.6875 0.78125 0.072968
0.65625 0.78125 0.0494424
0.6875 0.875 0.141519
0.6875 0.8125 0.0947835
0.75 0.8125 0.1416
0.75 0.875 0.185928
0.6875 0.875 0.141519
0.6875 0.8125 0.0947835
0.6875 0.78125 0.072968
0.71875 0.78125 0.0968882
0.71875 0.8125 0.117992
0.6875 0.8125 0.0947835
0.6875 0.78125 0.072968
0.6875 0.75 0.0521768
0.71875 0.75 0.0765978
0.71875 0.78125 0.0968882
0.6875 0.78125 0.072968
0.71875 0.8125 0.117992
0.71875 0.78125 0.0968882
0.75 0.78125 0.121041
0.75 0.8125 0.1416
0.71875 0.8125 0.117992
0.71875 0.78125 0.0968882
0.71875 0.75 0.0765978
0.75 0.75 0.10113
0.75 0.78125 0.121041
0.71875 0.78125 0.0968882
0.5 0.75 -0.0459949
0.5 0.71875 -0.0732444
0.53125 0.71875 -0.0803061
0.53125 0.75 -0.0523994
0.5 0.75 -0.0459949
0.5 0.71875 -0.0732444
0.5 0.6875 -0.0995107
0.53125 0.6875 -0.105412
0.53125 0.71875 -0.0803061
0.5 0.71875 -0.0732444
0.53125 0.75 -0.0523994
0.53125 0.71875 -0.0803061
0.5625 0.71875 -0.0623709
0.5625 0.75 -0.0385696
0.53125 0.75 -0.0523994
0.53125 0.71875 -0.0803061
0.53125 0.6875 -0.105412
0.5625 0.6875 -0.0839853
0.5625 0.71875 -0.0623709
0.53125 0.71875 -0.0803061
0.5 0.6875 -0.0995107
0.5 0.65625 -0.125164
0.53125 0.65625 -0.127633
0.53125 0.6875 -0.105412
0.5 0.6875 -0.0995107
0.5 0.65625 -0.125164
0.5 0.625 -0.150389
0.53125 0.625 -0.1479
0.53125 0.65625 -0.127633
0.5 0.65625 -0.125164
0.53125 0.6875 -0.105412
0.53125 0.65625 -0.127633
0.5625 0.65625 -0.104265
0.5625 0.6875 -0.0839853
0.53125 0.6875 -0.105412
0.53125 0.65625 -0.127633
0.53125 0.625 -0.1479
0.5625 0.625 -0.123871
0.5625 0.65625 -0.104265
0.53125 0.65625 -0.127633
0.5625 0.75 -0.0385696
0.5625 0.71875 -0.0623709
0.59375 0.71875 -0.0401938
0.59375 0.75 -0.0187099
0.5625 0.75 -0.0385696
0.5625 0.71875 -0.0623709
0.5625 0.6875 -0.0839853
0.59375 0.6875 -0.0604462
0.59375 0.71875 -0.0401938
0.5625 0.71875 -0.0623709
0.59375 0.75 -0.0187099
0.59375 0.71875 -0.0401938
0.625 0.71875 -0.0166045
0.625 0.75 0.00381161
0.59375 0.75 -0.0187099
0.59375 0.71875 -0.0401938
0.59375 0.6875 -0.0604462
0.625 0.6875 -0.0362185
0.625 0.71875 -0.0166045
0.59375 0.71875 -0.0401938
0.5625 0.6875 -0.0839853
0.5625 0.65625 -0.104265
0.59375 0.65625 -0.0800445
0.59375 0.6875 -0.0604462
0.5625 0.6875 -0.0839853
0.5625 0.65625 -0.104265
0.5625 0.625 -0.123871
0.59375 0.625 -0.0993426
0.59375 0.65625 -0.0800445
0.5625 0.65625 -0.104265
0.59375 0.6875 -0.0604462
0.59375 0.65625 -0.0800445
0.625 0.65625 -0.055513
0.625 0.6875 -0.0362185
0.59375 0.6875 -0.0604462
0.59375 0.65625 -0.0800445
0.59375 0.625 -0.0993426
0.625 0.625 -0.0746739
0.625 0.65625 -0.055513
0.59375 0.65625 -0.0800445
0.5 0.625 -0.150389
0.5 0.5625 -0.200395
0.5625 0.5625 -0.16234
0.5625 0.625 -0.123871
0.5 0.625 -0.150389
0.5 0.5625 -0.200395
0.5 0.5 -0.239295
0.5625 0.5 -0.195285
0.5625 0.5625 -0.16234
0.5 0.5625 -0.200395
0.5625 0.625 -0.123871
0.5625 0.59375 -0.143175
0.59375 0.59375 -0.118504
0.59375 0.625 -0.0993426
0.5625 0.625 -0.123871
0.5625 0.59375 -0.143175
0.5625 0.5625 -0.16234
0.59375 0.5625 -0.137574
0.59375 0.59375 -0.118504
0.5625 0.59375 -0.143175
0.59375 0.625 -0.0993426
0.59375 0.59375 -0.118504
0.625 0.59375 -0.093757
0.625 0.625 -0.0746739
0.59375 0.625 -0.0993426
0.59375 0.59375 -0.118504
0.59375 0.5625 -0.137574
0.625 0.5625 -0.112752
0.625 0.59375 -0.093757
0.59375 0.59375 -0.118504
0.5625 0.5625 -0.16234
0.5625 0.5 -0.195285
0.625 0.5 -0.150141
0.625 0.5625 -0.112752
0.5625 0.5625 -0.16234
0.625 0.75 0.00381161
0.625 0.71875 -0.0166045
0.65625 0.71875 0.00764035
0.65625 0.75 0.027901
0.625 0.75 0.00381161
0.625 0.71875 -0.0166045
0.625 0.6875 -0.0362185
0.65625 0.6875 -0.0116851
0.65625 0.71875 0.00764035
0.625 0.71875 -0.0166045
0.65625 0.75 0.027901
0.65625 0.71875 0.00764035
0.6875 0.71875 0.0322811
0.6875 0.75 0.0521768
0.65625 0.75 0.027901
0.65625 0.71875 0.00764035
0.65625 0.6875 -0.0116851
0.6875 0.6875 0.0130029
0.6875 0.71875 0.0322811
0.65625 0.71875 0.00764035
0.625 0.6875 -0.0362185
0.625 0.65625 -0.055513
0.65625 0.65625 -0.0308438
0.65625 0.6875 -0.0116851
0.625 0.6875 -0.0362185
0.625 0.65625 -0.055513
0.625 0.625 -0.0746739
0.65625 0.625 -0.0499355
0.65625 0.65625 -0.0308438
0.625 0.65625 -0.055513
0.65625 0.6875 -0.0116851
0.65625 0.65625 -0.0308438
0.6875 0.65625 -0.00610589
0.6875 0.6875 0.0130029
0.65625 0.6875 -0.0116851
0.65625 0.65625 -0.0308438
0.65625 0.625 -0.0499355
0.6875 0.625 -0.0251543
0.6875 0.65625 -0.00610589
0.65625 0.65625 -0.0308438
0.6875 0.75 0.0521768
0.6875 0.71875 0.0322811
0.71875 0.71875 0.0569618
0.71875 0.75 0.0765978
0.6875 0.75 0.0521768
0.6875 0.71875 0.0322811
0.6875 0.6875 0.0130029
0.71875 0.6875 0.0377494
0.71875 0.71875 0.0569618
0.6875 0.71875 0.0322811
0.71875 0.75 0.0765978
0.71875 0.71875 0.0569618
0.75 0.71875 0.0816895
0.75 0.75 0.10113
0.71875 0.75 0.0765978
0.71875 0.71875 0.0569618
0.71875 0.6875 0.0377494
0.75 0.6875 0.0625533
0.75 0.71875 0.0816895
0.71875 0.71875 0.0569618
0.6875 0.6875 0.0130029
0.6875 0.65625 -0.00610589
0.71875 0.65625 0.0186795
0.71875 0.6875 0.0377494
0.6875 0.6875 0.0130029
0.6875 0.65625 -0.00610589
0.6875 0.625 -0.0251543
0.71875 0.625 -0.000342548
0.71875 0.65625 0.0186795
0.6875 0.65625 -0.00610589
0.71875 0.6875 0.0377494
0.71875 0.65625 0.0186795
0.75 0.65625 0.0435396
0.75 0.6875 0.0625533
0.71875 0.6875 0.0377494
0.71875 0.65625 0.0186795
0.71875 0.625 -0.000342548
0.75 0.625 0.0246113
0.75 0.65625 0.0435396
0.71875 0.65625 0.0186795
0.625 0.625 -0.0746739
0.625 0.59375 -0.093757
0.65625 0.59375 -0.0689597
0.65625 0.625 -0.0499355
0.625 0.625 -0.0746739
0.625 0.59375 -0.093757
0.625 0.5625 -0.112752
0.65625 0.5625 -0.0878759
0.65625 0.59375 -0.0689597
0.625 0.59375 -0.093757
0.65625 0.625 -0.0499355
0.65625 0.59375 -0.0689597
0.6875 0.59375 -0.0441212
0.6875 0.625 -0.0251543
0.65625 0.625 -0.0499355
0.65625 0.59375 -0.0689597
0.65625 0.5625 -0.0878759
0.6875 0.5625 -0.0629197
0.6875 0.59375 -0.0441212
0.65625 0.59375 -0.0689597
0.625 0.5625 -0.112752
0.625 0.53125 -0.131615
0.65625 0.53125 -0.10656
0.65625 0.5625 -0.0878759
0.625 0.5625 -0.112752
0.625 0.53125 -0.131615
0.625 0.5 -0.150141
0.65625 0.5 -0.124641
0.65625 0.53125 -0.10656
0.625 0.53125 -0.131615
0.65625 0.5625 -0.0878759
0.65625 0.53125 -0.10656
0.6875 0.53125 -0.0813333
0.6875 0.5625 -0.0629197
0.65625 0.5625 -0.0878759
0.65625 0.53125 -0.10656
0.65625 0.5 -0.124641
0.6875 0.5 -0.0987246
0.6875 0.53125 -0.0813333
0.65625 0.53125 -0.10656
0.6875 0.625 -0.0251543
0.6875 0.59375 -0.0441212
0.71875 0.59375 -0.0192258
0.71875 0.625 -0.000342548
0.6875 0.625 -0.0251543
0.6875 0.59375 -0.0441212
0.6875 0.5625 -0.0629197
0.71875 0.5625 -0.037821
0.71875 0.59375 -0.0192258
0.6875 0.59375 -0.0441212
0.71875 0.625 -0.000342548
0.71875 0.59375 -0.0192258
0.75 0.59375 0.00582468
0.75 0.625 0.0246113
0.71875 0.625 -0.000342548
0.71875 0.59375 -0.0192258
0.71875 0.5625 -0.037821
0.75 0.5625 -0.0124766
0.75 0.59375 0.00582468
0.71875 0.59375 -0.0192258
0.6875 0.5625 -0.0629197
0.6875 0.53125 -0.0813333
0.71875 0.53125 -0.055773
0.71875 0.5625 -0.037821
0.6875 0.5625 -0.0629197
0.6875 0.53125 -0.0813333
0.6875 0.5 -0.0987246
0.71875 0.5 -0.0720175
0.71875 0.53125 -0.055773
0.6875 0.53125 -0.0813333
0.71875 0.5625 -0.037821
0.71875 0.53125 -0.055773
0.75 0.53125 -0.0297234
0.75 0.5625 -0.0124766
0.71875 0.5625 -0.037821
0.71875 0.53125 -0.055773
0.71875 0.5 -0.0720175
0.75 0.5 -0.0443053
0.75 0.53125 -0.0297234
0.71875 0.53125 -0.055773
0.75 1 0.282504
0.75 0.875 0.185928
0.875 0.875 0.280257
0.875 1 0.367059
0.75 1 0.282504
0.75 0.875 0.185928
0.75 0.8125 0.1416
0.8125 0.8125 0.190348
0.8125 0.875 0.232551
0.75 0.875 0.185928
0.75 0.8125 0.1416
0.75 0.75 0.10113
0.8125 0.75 0.150514
0.8125 0.8125 0.190348
0.75 0.8125 0.1416
0.8125 0.875 0.232551
0.8125 0.8125 0.190348
0.875 0.8125 0.239641
0.875 0.875 0.280257
0.8125 0.875 0.232551
0.8125 0.8125 0.190348
0.8125 0.75 0.150514
0.875 0.75 0.200775
0.875 0.8125 0.239641
0.8125 0.8125 0.190348
0.875 1 0.367059
0.875 0.875 0.280257
1 0.875 0.381721
1 1 0.462496
0.875 1 0.367059
0.875 0.875 0.280257
0.875 0.75 0.200775
1 0.75 0.306122
1 0.875 0.381721
0.875 0.875 0.280257
0.75 0.75 0.10113
0.75 0.71875 0.0816895
0.78125 0.71875 0.106487
0.78125 0.75 0.125765
0.75 0.75 0.10113
0.75 0.71875 0.0816895
0.75 0.6875 0.0625533
0.78125 0.6875 0.0874494
0.78125 0.71875 0.106487
0.75 0.71875 0.0816895
0.78125 0.75 0.125765
0.78125 0.71875 0.106487
0.8125 0.71875 0.131402
0.8125 0.75 0.150514
0.78125 0.75 0.125765
0.78125 0.71875 0.106487
0.78125 0.6875 0.0874494
0.8125 0.6875 0.112513
0.8125 0.71875 0.131402
0.78125 0.71875 0.106487
0.75 0.6875 0.0625533
0.75 0.65625 0.0435396
0.78125 0.65625 0.0685533
0.78125 0.6875 0.0874494
0.75 0.6875 0.0625533
0.75 0.65625 0.0435396
0.75 0.625 0.0246113
0.78125 0.625 0.0498356
0.78125 0.65625 0.0685533
0.75 0.65625 0.0435396
0.78125 0.6875 0.0874494
0.78125 0.65625 0.0685533
0.8125 0.65625 0.0938473
0.8125 0.6875 0.112513
0.78125 0.6875 0.0874494
0.78125 0.65625 0.0685533
0.78125 0.625 0.0498356
0.8125 0.625 0.075527
0.8125 0.65625 0.0938473
0.78125 0.65625 0.0685533
0.8125 0.75 0.150514
0.8125 0.6875 0.112513
0.875 0.6875 0.163535
0.875 0.75 0.200775
0.8125 0.75 0.150514
0.8125 0.6875 0.112513
0.8125 0.65625 0.0938473
0.84375 0.65625 0.119559
0.84375 0.6875 0.137839
0.8125 0.6875 0.112513
0.8125 0.65625 0.0938473
0.8125 0.625 0.075527
0.84375 0.625 0.10183
0.84375 0.65625 0.119559
0.8125 0.65625 0.0938473
0.84375 0.6875 0.137839
0.84375 0.65625 0.119559
0.875 0.65625 0.145747
0.875 0.6875 0.163535
0.84375 0.6875 0.137839
0.84375 0.65625 0.119559
0.84375 0.625 0.10183
0.875 0.625 0.128738
0.875 0.65625 0.145747
0.84375 0.65625 0.119559
0.75 0.625 0.0246113
0.75 0.59375 0.00582468
0.78125 0.59375 0.0314237
0.78125 0.625 0.0498356
0.75 0.625 0.0246113
0.75 0.59375 0.00582468
0.75 0.5625 -0.0124766
0.78125 0.5625 0.0136033
0.78125 0.59375 0.0314237
0.75 0.59375 0.00582468
0.78125 0.625 0.0498356
0.78125 0.59375 0.0314237
0.8125 0.59375 0.0577861
0.8125 0.625 0.075527
0.78125 0.625 0.0498356
0.78125 0.59375 0.0314237
0.78125 0.5625 0.0136033
0.8125 0.5625 0.0410961
0.8125 0.59375 0.0577861
0.78125 0.59375 0.0314237
0.75 0.5625 -0.0124766
0.75 0.53125 -0.0297234
0.78125 0.53125 -0.00296755
0.78125 0.5625 0.0136033
0.75 0.5625 -0.0124766
0.75 0.53125 -0.0297234
0.75 0.5 -0.0443053
0.78125 0.5 -0.0154092
0.78125 0.53125 -0.00296755
0.75 0.53125 -0.0297234
0.78125 0.5625 0.0136033
0.78125 0.53125 -0.00296755
0.8125 0.53125 0.0262356
0.8125 0.5625 0.0410961
0.78125 0.5625 0.0136033
0.78125 0.53125 -0.00296755
0.78125 0.5 -0.0154092
0.8125 0.5 0.0149356
0.8125 0.53125 0.0262356
0.78125 0.53125 -0.00296755
0.8125 0.625 0.075527
0.8125 0.59375 0.0577861
0.84375 0.59375 0.0850042
0.84375 0.625 0.10183
0.8125 0.625 0.075527
0.8125 0.59375 0.0577861
0.8125 0.5625 0.0410961
0.84375 0.5625 0.0695494
0.84375 0.59375 0.0850042
0.8125 0.59375 0.0577861
0.84375 0.625 0.10183
0.84375 0.59375 0.0850042
0.875 0.59375 0.112849
0.875 0.625 0.128738
0.84375 0.625 0.10183
0.84375 0.59375 0.0850042
0.84375 0.5625 0.0695494
0.875 0.5625 0.0985608
0.875 0.59375 0.112849
0.84375 0.59375 0.0850042
0.8125 0.5625 0.0410961
0.8125 0.53125 0.0262356
0.84375 0.53125 0.0562086
0.84375 0.5625 0.0695494
0.8125 0.5625 0.0410961
0.8125 0.53125 0.0262356
0.8125 0.5 0.0149356
0.84375 0.5 0.0461619
0.84375 0.53125 0.0562086
0.8125 0.53125 0.0262356
0.84375 0.5625 0.0695494
0.84375 0.53125 0.0562086
0.875 0.53125 0.0864319
0.875 0.5625 0.0985608
0.84375 0.5625 0.0695494
0.84375 0.53125 0.0562086
0.84375 0.5 0.0461619
0.875 0.5 0.0773664
0.875 0.53125 0.0864319
0.84375 0.53125 0.0562086
0.875 0.75 0.200775
0.875 0.6875 0.163535
0.9375 0.6875 0.216869
0.9375 0.75 0.25233
0.875 0.75 0.200775
0.875 0.6875 0.163535
0.875 0.625 0.128738
0.9375 0.625 0.184872
0.9375 0.6875 0.216869
0.875 0.6875 0.163535
0.9375 0.75 0.25233
0.9375 0.6875 0.216869
1 0.6875 0.272846
1 0.75 0.306122
0.9375 0.75 0.25233
0.9375 0.6875 0.216869
0.9375 0.625 0.184872
1 0.625 0.243273
1 0.6875 0.272846
0.9375 0.6875 0.216869
0.875 0.625 0.128738
0.875 0.5625 0.0985608
0.9375 0.5625 0.157609
0.9375 0.625 0.184872
0.875 0.625 0.128738
0.875 0.5625 0.0985608
0.875 0.53125 0.0864319
0.90625 0.53125 0.11682
0.90625 0.5625 0.12796
0.875 0.5625 0.0985608
0.875 0.53125 0.0864319
0.875 0.5 0.0773664
0.90625 0.5 0.108535
0.90625 0.53125 0.11682
0.875 0.53125 0.0864319
0.90625 0.5625 0.12796
0.90625 0.53125 0.11682
0.9375 0.53125 0.147292
0.9375 0.5625 0.157609
0.90625 0.5625 0.12796
0.90625 0.53125 0.11682
0.90625 0.5 0.108535
0.9375 0.5 0.13964
0.9375 0.53125 0.147292
0.90625 0.53125 0.11682
0.9375 0.625 0.184872
0.9375 0.5625 0.157609
1 0.5625 0.218701
1 0.625 0.243273
0.9375 0.625 0.184872
0.9375 0.5625 0.157609
0.9375 0.5 0.13964
1 0.5 0.202029
1 0.5625 0.218701
0.9375 0.5625 0.157609
0.5 0.5 -0.239295
0.5 0.4375 -0.199478
0.5625 0.4375 -0.16178
0.5625 0.5 -0.195285
0.5 0.5 -0.239295
0.5 0.4375 -0.199478
0.5 0.375 -0.149692
0.5625 0.375 -0.112657
0.5625 0.4375 -0.16178
0.5 0.4375 -0.199478
0.5625 0.5 -0.195285
0.5625 0.4375 -0.16178
0.625 0.4375 -0.122553
0.625 0.5 -0.150141
0.5625 0.5 -0.195285
0.5625 0.4375 -0.16178
0.5625 0.40625 -0.137346
0.59375 0.40625 -0.11819
0.59375 0.4375 -0.142312
0.5625 0.4375 -0.16178
0.5625 0.40625 -0.137346
0.5625 0.375 -0.112657
0.59375 0.375 -0.0936515
0.59375 0.40625 -0.11819
0.5625 0.40625 -0.137346
0.59375 0.4375 -0.142312
0.59375 0.40625 -0.11819
0.625 0.40625 -0.0988797
0.625 0.4375 -0.122553
0.59375 0.4375 -0.142312
0.59375 0.40625 -0.11819
0.59375 0.375 -0.0936515
0.625 0.375 -0.074535
0.625 0.40625 -0.0988797
0.59375 0.40625 -0.11819
0.5 0.375 -0.149692
0.5 0.34375 -0.124258
0.53125 0.34375 -0.106479
0.53125 0.375 -0.131451
0.5 0.375 -0.149692
0.5 0.34375 -0.124258
0.5 0.3125 -0.0985124
0.53125 0.3125 -0.0813425
0.53125 0.34375 -0.106479
0.5 0.34375 -0.124258
0.53125 0.375 -0.131451
0.53125 0.34375 -0.106479
0.5625 0.34375 -0.0878426
0.5625 0.375 -0.112657
0.53125 0.375 -0.131451
0.53125 0.34375 -0.106479
0.53125 0.3125 -0.0813425
0.5625 0.3125 -0.0629589
0.5625 0.34375 -0.0878426
0.53125 0.34375 -0.106479
0.5 0.3125 -0.0985124
0.5 0.28125 -0.0722048
0.53125 0.28125 -0.0560291
0.53125 0.3125 -0.0813425
0.5 0.3125 -0.0985124
0.5 0.28125 -0.0722048
0.5 0.25 -0.0452781
0.53125 0.25 -0.0304204
0.53125 0.28125 -0.0560291
0.5 0.28125 -0.0722048
0.53125 0.3125 -0.0813425
0.53125 0.28125 -0.0560291
0.5625 0.28125 -0.0379883
0.5625 0.3125 -0.0629589
0.53125 0.3125 -0.0813425
0.53125 0.28125 -0.0560291
0.53125 0.25 -0.0304204
0.5625 0.25 -0.0128994
0.5625 0.28125 -0.0379883
0.53125 0.28125 -0.0560291
0.5625 0.375 -0.112657
0.5625 0.34375 -0.0878426
0.59375 0.34375 -0.0689278
0.59375 0.375 -0.0936515
0.5625 0.375 -0.112657
0.5625 0.34375 -0.0878426
0.5625 0.3125 -0.0629589
0.59375 0.3125 -0.044141
0.59375 0.34375 -0.0689278
0.5625 0.34375 -0.0878426
0.59375 0.375 -0.0936515
0.59375 0.34375 -0.0689278
0.625 0.34375 -0.0498941
0.625 0.375 -0.074535
0.59375 0.375 -0.0936515
0.59375 0.34375 -0.0689278
0.59375 0.3125 -0.044141
0.625 0.3125 -0.0251592
0.625 0.34375 -0.0498941
0.59375 0.34375 -0.0689278
0.5625 0.3125 -0.0629589
0.5625 0.28125 -0.0379883
0.59375 0.28125 -0.0193121
0.59375 0.3125 -0.044141
0.5625 0.3125 -0.0629589
0.5625 0.28125 -0.0379883
0.5625 0.25 -0.0128994
0.59375 0.25 0.00558787
0.59375 0.28125 -0.0193121
0.5625 0.28125 -0.0379883
0.59375 0.3125 -0.044141
0.59375 0.28125 -0.0193121
0.625 0.28125 -0.000382556
0.625 0.3125 -0.0251592
0.59375 0.3125 -0.044141
0.59375 0.28125 -0.0193121
0.59375 0.25 0.00558787
0.625 0.25 0.0244558
0.625 0.28125 -0.000382556
0.59375 0.28125 -0.0193121
0.625 0.5 -0.150141
0.625 0.46875 -0.144123
0.65625 0.46875 -0.122512
0.65625 0.5 -0.124641
0.625 0.5 -0.150141
0.625 0.46875 -0.144123
0.625 0.4375 -0.122553
0.65625 0.4375 -0.102294
0.65625 0.46875 -0.122512
0.625 0.46875 -0.144123
0.65625 0.5 -0.124641
0.65625 0.46875 -0.122512
0.6875 0.46875 -0.0991082
0.6875 0.5 -0.0987246
0.65625 0.5 -0.124641
0.65625 0.46875 -0.122512
0.65625 0.4375 -0.102294
0.6875 0.4375 -0.0812893
0.6875 0.46875 -0.0991082
0.65625 0.46875 -0.122512
0.625 0.4375 -0.122553
0.625 0.40625 -0.0988797
0.65625 0.40625 -0.0793752
0.65625 0.4375 -0.102294
0.625 0.4375 -0.122553
0.625 0.40625 -0.0988797
0.625 0.375 -0.074535
0.65625 0.375 -0.055331
0.65625 0.40625 -0.0793752
0.625 0.40625 -0.0988797
0.65625 0.4375 -0.102294
0.65625 0.40625 -0.0793752
0.6875 0.40625 -0.0595506
0.6875 0.4375 -0.0812893
0.65625 0.4375 -0.102294
0.65625 0.40625 -0.0793752
0.65625 0.375 -0.055331
0.6875 0.375 -0.0360139
0.6875 0.40625 -0.0595506
0.65625 0.40625 -0.0793752
0.6875 0.5 -0.0987246
0.6875 0.46875 -0.0991082
0.71875 0.46875 -0.074121
0.71875 0.5 -0.0720175
0.6875 0.5 -0.0987246
0.6875 0.46875 -0.0991082
0.6875 0.4375 -0.0812893
0.71875 0.4375 -0.0591713
0.71875 0.46875 -0.074121
0.6875 0.46875 -0.0991082
0.71875 0.5 -0.0720175
0.71875 0.46875 -0.074121
0.75 0.46875 -0.0473723
0.75 0.5 -0.0443053
0.71875 0.5 -0.0720175
0.71875 0.46875 -0.074121
0.71875 0.4375 -0.0591713
0.75 0.4375 -0.0355478
0.75 0.46875 -0.0473723
0.71875 0.46875 -0.074121
0.6875 0.4375 -0.0812893
0.6875 0.40625 -0.0595506
0.71875 0.40625 -0.0392146
0.71875 0.4375 -0.0591713
0.6875 0.4375 -0.0812893
0.6875 0.40625 -0.0595506
0.6875 0.375 -0.0360139
0.71875 0.375 -0.0165489
0.71875 0.40625 -0.0392146
0.6875 0.40625 -0.0595506
0.71875 0.4375 -0.0591713
0.71875 0.40625 -0.0392146
0.75 0.40625 -0.0182185
0.75 0.4375 -0.0355478
0.71875 0.4375 -0.0591713
0.71875 0.40625 -0.0392146
0.71875 0.375 -0.0165489
0.75 0.375 0.00358679
0.75 0.40625 -0.0182185
0.71875 0.40625 -0.0392146
0.625 0.375 -0.074535
0.625 0.34375 -0.0498941
0.65625 0.34375 -0.0308012
0.65625 0.375 -0.055331
0.625 0.375 -0.074535
0.625 0.34375 -0.0498941
0.625 0.3125 -0.0251592
0.65625 0.3125 -0.00611142
0.65625 0.34375 -0.0308012
0.625 0.34375 -0.0498941
0.65625 0.375 -0.055331
0.65625 0.34375 -0.0308012
0.6875 0.34375 -0.011666
0.6875 0.375 -0.0360139
0.65625 0.375 -0.055331
0.65625 0.34375 -0.0308012
0.65625 0.3125 -0.00611142
0.6875 0.3125 0.0129982
0.6875 0.34375 -0.011666
0.65625 0.34375 -0.0308012
0.625 0.3125 -0.0251592
0.625 0.28125 -0.000382556
0.65625 0.28125 0.0186445
0.65625 0.3125 -0.00611142
0.625 0.3125 -0.0251592
0.625 0.28125 -0.000382556
0.625 0.25 0.0244558
0.65625 0.25 0.0434337
0.65625 0.28125 0.0186445
0.625 0.28125 -0.000382556
0.65625 0.3125 -0.00611142
0.65625 0.28125 0.0186445
0.6875 0.28125 0.0377192
0.6875 0.3125 0.0129982
0.65625 0.3125 -0.00611142
0.65625 0.28125 0.0186445
0.65625 0.25 0.0434337
0.6875 0.25 0.062468
0.6875 0.28125 0.0377192
0.65625 0.28125 0.0186445
0.6875 0.375 -0.0360139
0.6875 0.34375 -0.011666
0.71875 0.34375 0.00765831
0.71875 0.375 -0.0165489
0.6875 0.375 -0.0360139
0.6875 0.34375 -0.011666
0.6875 0.3125 0.0129982
0.71875 0.3125 0.0322141
0.71875 0.34375 0.00765831
0.6875 0.34375 -0.011666
0.71875 0.375 -0.0165489
0.71875 0.34375 0.00765831
0.75 0.34375 0.0274112
0.75 0.375 0.00358679
0.71875 0.375 -0.0165489
0.71875 0.34375 0.00765831
0.71875 0.3125 0.0322141
0.75 0.3125 0.0516635
0.75 0.34375 0.0274112
0.71875 0.34375 0.00765831
0.6875 0.3125 0.0129982
0.6875 0.28125 0.0377192
0.71875 0.28125 0.0568624
0.71875 0.3125 0.0322141
0.6875 0.3125 0.0129982
0.6875 0.28125 0.0377192
0.6875 0.25 0.062468
0.71875 0.25 0.0815608
0.71875 0.28125 0.0568624
0.6875 0.28125 0.0377192
0.71875 0.3125 0.0322141
0.71875 0.28125 0.0568624
0.75 0.28125 0.0761415
0.75 0.3125 0.0516635
0.71875 0.3125 0.0322141
0.71875 0.28125 0.0568624
0.71875 0.25 0.0815608
0.75 0.25 0.100742
0.75 0.28125 0.0761415
0.71875 0.28125 0.0568624
0.5 0.25 -0.0452781
0.5 0.21875 -0.0175084
0.53125 0.21875 -0.00442256
0.53125 0.25 -0.0304204
0.5 0.25 -0.0452781
0.5 0.21875 -0.0175084
0.5 0.1875 0.0118295
0.53125 0.1875 0.0231699
0.53125 0.21875 -0.00442256
0.5 0.21875 -0.0175084
0.53125 0.25 -0.0304204
0.53125 0.21875 -0.00442256
0.5625 0.21875 0.0125657
0.5625 0.25 -0.0128994
0.53125 0.25 -0.0304204
0.53125 0.21875 -0.00442256
0.53125 0.1875 0.0231699
0.5625 0.1875 0.0387429
0.5625 0.21875 0.0125657
0.53125 0.21875 -0.00442256
0.5 0.1875 0.0118295
0.5 0.15625 0.0423944
0.53125 0.15625 0.0518074
0.53125 0.1875 0.0231699
0.5 0.1875 0.0118295
0.5 0.15625 0.0423944
0.5 0.125 0.0731407
0.53125 0.125 0.0811683
0.53125 0.15625 0.0518074
0.5 0.15625 0.0423944
0.53125 0.1875 0.0231699
0.53125 0.15625 0.0518074
0.5625 0.15625 0.065702
0.5625 0.1875 0.0387429
0.53125 0.1875 0.0231699
0.53125 0.15625 0.0518074
0.53125 0.125 0.0811683
0.5625 0.125 0.0933942
0.5625 0.15625 0.065702
0.53125 0.15625 0.0518074
0.5625 0.25 -0.0128994
0.5625 0.21875 0.0125657
0.59375 0.21875 0.0307211
0.59375 0.25 0.00558787
0.5625 0.25 -0.0128994
0.5625 0.21875 0.0125657
0.5625 0.1875 0.0387429
0.59375 0.1875 0.0561875
0.59375 0.21875 0.0307211
0.5625 0.21875 0.0125657
0.59375 0.25 0.00558787
0.59375 0.21875 0.0307211
0.625 0.21875 0.0493888
0.625 0.25 0.0244558
0.59375 0.25 0.00558787
0.59375 0.21875 0.0307211
0.59375 0.1875 0.0561875
0.625 0.1875 0.0744874
0.625 0.21875 0.0493888
0.59375 0.21875 0.0307211
0.5625 0.1875 0.0387429
0.5625 0.15625 0.065702
0.59375 0.15625 0.0821209
0.59375 0.1875 0.0561875
0.5625 0.1875 0.0387429
0.5625 0.15625 0.065702
0.5625 0.125 0.0933942
0.59375 0.125 0.108614
0.59375 0.15625 0.0821209
0.5625 0.15625 0.065702
0.59375 0.1875 0.0561875
0.59375 0.15625 0.0821209
0.625 0.15625 0.0998486
0.625 0.1875 0.0744874
0.59375 0.1875 0.0561875
0.59375 0.15625 0.0821209
0.59375 0.125 0.108614
0.625 0.125 0.125574
0.625 0.15625 0.0998486
0.59375 0.15625 0.0821209
0.5 0.125 0.0731407
0.5 0.09375 0.104002
0.53125 0.09375 0.110905
0.53125 0.125 0.0811683
0.5 0.125 0.0731407
0.5 0.09375 0.104002
0.5 0.0625 0.134912
0.53125 0.0625 0.140951
0.53125 0.09375 0.110905
0.5 0.09375 0.104002
0.53125 0.125 0.0811683
0.53125 0.09375 0.110905
0.5625 0.09375 0.121852
0.5625 0.125 0.0933942
0.53125 0.125 0.0811683
0.53125 0.09375 0.110905
0.53125 0.0625 0.140951
0.5625 0.0625 0.150749
0.5625 0.09375 0.121852
0.53125 0.09375 0.110905
0.5 0.0625 0.134912
0.5 0 0.197075
0.5625 0 0.210298
0.5625 0.0625 0.150749
0.5 0.0625 0.134912
0.5625 0.125 0.0933942
0.5625 0.0625 0.150749
0.625 0.0625 0.178673
0.625 0.125 0.125574
0.5625 0.125 0.0933942
0.5625 0.0625 0.150749
0.5625 0 0.210298
0.625 0 0.234625
0.625 0.0625 0.178673
0.5625 0.0625 0.150749
0.625 0.25 0.0244558
0.625 0.21875 0.0493888
0.65625 0.21875 0.0682718
0.65625 0.25 0.0434337
0.625 0.25 0.0244558
0.625 0.21875 0.0493888
0.625 0.1875 0.0744874
0.65625 0.1875 0.0931922
0.65625 0.21875 0.0682718
0.625 0.21875 0.0493888
0.65625 0.25 0.0434337
0.65625 0.21875 0.0682718
0.6875 0.21875 0.0872519
0.6875 0.25 0.062468
0.65625 0.25 0.0434337
0.65625 0.21875 0.0682718
0.65625 0.1875 0.0931922
0.6875 0.1875 0.112084
0.6875 0.21875 0.0872519
0.65625 0.21875 0.0682718
0.625 0.1875 0.0744874
0.625 0.15625 0.0998486
0.65625 0.15625 0.118249
0.65625 0.1875 0.0931922
0.625 0.1875 0.0744874
0.625 0.15625 0.0998486
0.625 0.125 0.125574
0.65625 0.125 0.143517
0.65625 0.15625 0.118249
0.625 0.15625 0.0998486
0.65625 0.1875 0.0931922
0.65625 0.15625 0.118249
0.6875 0.15625 0.136997
0.6875 0.1875 0.112084
0.65625 0.1875 0.0931922
0.65625 0.15625 0.118249
0.65625 0.125 0.143517
0.6875 0.125 0.162027
0.6875 0.15625 0.136997
0.65625 0.15625 0.118249
0.6875 0.25 0.062468
0.6875 0.21875 0.0872519
0.71875 0.21875 0.106295
0.71875 0.25 0.0815608
0.6875 0.25 0.062468
0.6875 0.21875 0.0872519
0.6875 0.1875 0.112084
0.71875 0.1875 0.13107
0.71875 0.21875 0.106295
0.6875 0.21875 0.0872519
0.71875 0.25 0.0815608
0.71875 0.21875 0.106295
0.75 0.21875 0.125411
0.75 0.25 0.100742
0.71875 0.25 0.0815608
0.71875 0.21875 0.106295
0.71875 0.1875 0.13107
0.75 0.1875 0.150127
0.75 0.21875 0.125411
0.71875 0.21875 0.106295
0.6875 0.1875 0.112084
0.6875 0.125 0.162027
0.75 0.125 0.199717
0.75 0.1875 0.150127
0.6875 0.1875 0.112084
0.625 0.125 0.125574
0.625 0.0625 0.178673
0.6875 0.0625 0.212895
0.6875 0.125 0.162027
0.625 0.125 0.125574
0.625 0.0625 0.178673
0.625 0 0.234625
0.6875 0 0.265854
0.6875 0.0625 0.212895
0.625 0.0625 0.178673
0.6875 0.125 0.162027
0.6875 0.0625 0.212895
0.75 0.0625 0.249744
0.75 0.125 0.199717
0.6875 0.125 0.162027
0.6875 0.0625 0.212895
0.6875 0 0.265854
0.75 0 0.30098
0.75 0.0625 0.249744
0.6875 0.0625 0.212895
0.75 0.5 -0.0443053
0.75 0.46875 -0.0473723
0.78125 0.46875 -0.0189696
0.78125 0.5 -0.0154092
0.75 0.5 -0.0443053
0.75 0.46875 -0.0473723
0.75 0.4375 -0.0355478
0.78125 0.4375 -0.0104233
0.78125 0.46875 -0.0189696
0.75 0.46875 -0.0473723
0.78125 0.5 -0.0154092
0.78125 0.46875 -0.0189696
0.8125 0.46875 0.010957
0.8125 0.5 0.0149356
0.78125 0.5 -0.0154092
0.78125 0.46875 -0.0189696
0.78125 0.4375 -0.0104233
0.8125 0.4375 0.0178817
0.8125 0.46875 0.010957
0.78125 0.46875 -0.0189696
0.75 0.4375 -0.0355478
0.75 0.40625 -0.0182185
0.78125 0.40625 0.004764
0.78125 0.4375 -0.0104233
0.75 0.4375 -0.0355478
0.75 0.40625 -0.0182185
0.75 0.375 0.00358679
0.78125 0.375 0.0253409
0.78125 0.40625 0.004764
0.75 0.40625 -0.0182185
0.78125 0.4375 -0.0104233
0.78125 0.40625 0.004764
0.8125 0.40625 0.0312028
0.8125 0.4375 0.0178817
0.78125 0.4375 -0.0104233
0.78125 0.40625 0.004764
0.78125 0.375 0.0253409
0.8125 0.375 0.0489628
0.8125 0.40625 0.0312028
0.78125 0.40625 0.004764
0.8125 0.5 0.0149356
0.8125 0.46875 0.010957
0.84375 0.46875 0.0421966
0.84375 0.5 0.0461619
0.8125 0.5 0.0149356
0.8125 0.46875 0.010957
0.8125 0.4375 0.0178817
0.84375 0.4375 0.0478103
0.84375 0.46875 0.0421966
0.8125 0.46875 0.010957
0.84375 0.5 0.0461619
0.84375 0.46875 0.0421966
0.875 0.46875 0.0734258
0.875 0.5 0.0773664
0.84375 0.5 0.0461619
0.84375 0.46875 0.0421966
0.84375 0.4375 0.0478103
0.875 0.4375 0.078103
0.875 0.46875 0.0734258
0.84375 0.46875 0.0421966
0.8125 0.4375 0.0178817
0.8125 0.40625 0.0312028
0.84375 0.40625 0.0590296
0.84375 0.4375 0.0478103
0.8125 0.4375 0.0178817
0.8125 0.40625 0.0312028
0.8125 0.375 0.0489628
0.84375 0.375 0.0745019
0.84375 0.40625 0.0590296
0.8125 0.40625 0.0312028
0.84375 0.4375 0.0478103
0.84375 0.40625 0.0590296
0.875 0.40625 0.0876564
0.875 0.4375 0.078103
0.84375 0.4375 0.0478103
0.84375 0.40625 0.0590296
0.84375 0.375 0.0745019
0.875 0.375 0.101214
0.875 0.40625 0.0876564
0.84375 0.40625 0.0590296
0.75 0.375 0.00358679
0.75 0.34375 0.0274112
0.78125 0.34375 0.0480006
0.78125 0.375 0.0253409
0.75 0.375 0.00358679
0.75 0.34375 0.0274112
0.75 0.3125 0.0516635
0.78125 0.3125 0.0716032
0.78125 0.34375 0.0480006
0.75 0.34375 0.0274112
0.78125 0.375 0.0253409
0.78125 0.34375 0.0480006
0.8125 0.34375 0.0698441
0.8125 0.375 0.0489628
0.78125 0.375 0.0253409
0.78125 0.34375 0.0480006
0.78125 0.3125 0.0716032
0.8125 0.3125 0.0923637
0.8125 0.34375 0.0698441
0.78125 0.34375 0.0480006
0.75 0.3125 0.0516635
0.75 0.28125 0.0761415
0.78125 0.28125 0.0957026
0.78125 0.3125 0.0716032
0.75 0.3125 0.0516635
0.75 0.28125 0.0761415
0.75 0.25 0.100742
0.78125 0.25 0.120103
0.78125 0.28125 0.0957026
0.75 0.28125 0.0761415
0.78125 0.3125 0.0716032
0.78125 0.28125 0.0957026
0.8125 0.28125 0.115782
0.8125 0.3125 0.0923637
0.78125 0.3125 0.0716032
0.78125 0.28125 0.0957026
0.78125 0.25 0.120103
0.8125 0.25 0.139777
0.8125 0.28125 0.115782
0.78125 0.28125 0.0957026
0.8125 0.375 0.0489628
0.8125 0.34375 0.0698441
0.84375 0.34375 0.0931666
0.84375 0.375 0.0745019
0.8125 0.375 0.0489628
0.8125 0.34375 0.0698441
0.8125 0.3125 0.0923637
0.84375 0.3125 0.114268
0.84375 0.34375 0.0931666
0.8125 0.34375 0.0698441
0.84375 0.375 0.0745019
0.84375 0.34375 0.0931666
0.875 0.34375 0.117997
0.875 0.375 0.101214
0.84375 0.375 0.0745019
0.84375 0.34375 0.0931666
0.84375 0.3125 0.114268
0.875 0.3125 0.137426
0.875 0.34375 0.117997
0.84375 0.34375 0.0931666
0.8125 0.3125 0.0923637
0.8125 0.25 0.139777
0.875 0.25 0.181229
0.875 0.3125 0.137426
0.8125 0.3125 0.0923637
0.875 0.5 0.0773664
0.875 0.46875 0.0734258
0.90625 0.46875 0.104632
0.90625 0.5 0.108535
0.875 0.5 0.0773664
0.875 0.46875 0.0734258
0.875 0.4375 0.078103
0.90625 0.4375 0.108597
0.90625 0.46875 0.104632
0.875 0.46875 0.0734258
0.90625 0.5 0.108535
0.90625 0.46875 0.104632
0.9375 0.46875 0.135813
0.9375 0.5 0.13964
0.90625 0.5 0.108535
0.90625 0.46875 0.104632
0.90625 0.4375 0.108597
0.9375 0.4375 0.139214
0.9375 0.46875 0.135813
0.90625 0.46875 0.104632
0.875 0.4375 0.078103
0.875 0.40625 0.0876564
0.90625 0.40625 0.116908
0.90625 0.4375 0.108597
0.875 0.4375 0.078103
0.875 0.40625 0.0876564
0.875 0.375 0.101214
0.90625 0.375 0.128968
0.90625 0.40625 0.116908
0.875 0.40625 0.0876564
0.90625 0.4375 0.108597
0.90625 0.40625 0.116908
0.9375 0.40625 0.146533
0.9375 0.4375 0.139214
0.90625 0.4375 0.108597
0.90625 0.40625 0.116908
0.90625 0.375 0.128968
0.9375 0.375 0.157342
0.9375 0.40625 0.146533
0.90625 0.40625 0.116908
0.9375 0.5 0.13964
0.9375 0.4375 0.139214
1 0.4375 0.201208
1 0.5 0.202029
0.9375 0.5 0.13964
0.9375 0.4375 0.139214
0.9375 0.375 0.157342
1 0.375 0.216352
1 0.4375 0.201208
0.9375 0.4375 0.139214
0.875 0.375 0.101214
0.875 0.3125 0.137426
0.9375 0.3125 0.187175
0.9375 0.375 0.157342
0.875 0.375 0.101214
0.875 0.3125 0.137426
0.875 0.25 0.181229
0.9375 0.25 0.226319
0.9375 0.3125 0.187175
0.875 0.3125 0.137426
0.9375 0.375 0.157342
0.9375 0.3125 0.187175
1 0.3125 0.241899
1 0.375 0.216352
0.9375 0.375 0.157342
0.9375 0.3125 0.187175
0.9375 0.25 0.226319
1 0.25 0.276369
1 0.3125 0.241899
0.9375 0.3125 0.187175
0.75 0.25 0.100742
0.75 0.1875 0.150127
0.8125 0.1875 0.188628
0.8125 0.25 0.139777
0.75 0.25 0.100742
0.75 0.1875 0.150127
0.75 0.125 0.199717
0.8125 0.125 0.237828
0.8125 0.1875 0.188628
0.75 0.1875 0.150127
0.8125 0.25 0.139777
0.8125 0.1875 0.188628
0.875 0.1875 0.228353
0.875 0.25 0.181229
0.8125 0.25 0.139777
0.8125 0.1875 0.188628
0.8125 0.125 0.237828
0.875 0.125 0.27669
0.875 0.1875 0.228353
0.8125 0.1875 0.188628
0.75 0.125 0.199717
0.75 0 0.30098
0.875 0 0.375229
0.875 0.125 0.27669
0.75 0.125 0.199717
0.875 0.25 0.181229
0.875 0.125 0.27669
1 0.125 0.36299
1 0.25 0.276369
0.875 0.25 0.181229
0.875 0.125 0.27669
0.875 0 0.375229
1 0 0.457308
1 0.125 0.36299
0.875 0.125 0.27669
