0 1 0.465367
0 0.875 0.3791
0.125 0.875 0.282458
0.125 1 0.374882
0 1 0.465367
0 0.875 0.3791
0 0.75 0.297549
0.125 0.75 0.19459
0.125 0.875 0.282458
0 0.875 0.3791
0.125 1 0.374882
0.125 0.875 0.282458
0.25 0.875 0.196491
0.25 1 0.295405
0.125 1 0.374882
0.125 0.875 0.282458
0.125 0.8125 0.237756
0.1875 0.8125 0.192769
0.1875 0.875 0.238824
0.125 0.875 0.282458
0.125 0.8125 0.237756
0.125 0.75 0.19459
0.1875 0.75 0.147895
0.1875 0.8125 0.192769
0.125 0.8125 0.237756
0.1875 0.875 0.238824
0.1875 0.8125 0.192769
0.25 0.8125 0.149242
0.25 0.875 0.196491
0.1875 0.875 0.238824
0.1875 0.8125 0.192769
0.1875 0.75 0.147895
0.25 0.75 0.10373
0.25 0.8125 0.149242
0.1875 0.8125 0.192769
0 0.75 0.297549
0 0.6875 0.262992
0.0625 0.6875 0.206536
0.0625 0.75 0.244111
0 0.75 0.297549
0 0.6875 0.262992
0 0.625 0.233652
0.0625 0.625 0.173933
0.0625 0.6875 0.206536
0 0.6875 0.262992
0.0625 0.75 0.244111
0.0625 0.6875 0.206536
0.125 0.6875 0.153511
0.125 0.75 0.19459
0.0625 0.75 0.244111
0.0625 0.6875 0.206536
0.0625 0.625 0.173933
0.125 0.625 0.117496
0.125 0.6875 0.153511
0.0625 0.6875 0.206536
0 0.625 0.233652
0 0.5625 0.211648
0.0625 0.5625 0.149675
0.0625 0.625 0.173933
0 0.625 0.233652
0 0.5625 0.211648
0 0.5 0.199076
0.0625 0.5 0.136569
0.0625 0.5625 0.149675
0 0.5625 0.211648
0.0625 0.625 0.173933
0.0625 0.5625 0.149675
0.125 0.5625 0.0890924
0.125 0.625 0.117496
0.0625 0.625 0.173933
0.0625 0.5625 0.149675
0.0625 0.53125 0.141421
0.09375 0.53125 0.11037
0.09375 0.5625 0.119316
0.0625 0.5625 0.149675
0.0625 0.53125 0.141421
0.0625 0.5 0.136569
0.09375 0.5 0.105339
0.09375 0.53125 0.11037
0.0625 0.53125 0.141421
0.09375 0.5625 0.119316
0.09375 0.53125 0.11037
0.125 0.53125 0.0793057
0.125 0.5625 0.0890924
0.09375 0.5625 0.119316
0.09375 0.53125 0.11037
0.09375 0.5 0.105339
0.125 0.5 0.0741146
0.125 0.53125 0.0793057
0.09375 0.53125 0.11037
0.125 0.75 0.19459
0.125 0.6875 0.153511
0.1875 0.6875 0.104484
0.1875 0.75 0.147895
0.125 0.75 0.19459
0.125 0.6875 0.153511
0.125 0.65625 0.134787
0.15625 0.65625 0.108761
0.15625 0.6875 0.128592
0.125 0.6875 0.153511
0.125 0.65625 0.134787
0.125 0.625 0.117496
0.15625 0.625 0.0902057
0.15625 0.65625 0.108761
0.125 0.65625 0.134787
0.15625 0.6875 0.128592
0.15625 0.65625 0.108761
0.1875 0.65625 0.0836537
0.1875 0.6875 0.104484
0.15625 0.6875 0.128592
0.15625 0.65625 0.108761
0.15625 0.625 0.0902057
0.1875 0.625 0.0637394
0.1875 0.65625 0.0836537
0.15625 0.65625 0.108761
0.1875 0.75 0.147895
0.1875 0.71875 0.126035
0.21875 0.71875 0.103372
0.21875 0.75 0.125652
0.1875 0.75 0.147895
0.1875 0.71875 0.126035
0.1875 0.6875 0.104484
0.21875 0.6875 0.0813582
0.21875 0.71875 0.103372
0.1875 0.71875 0.126035
0.21875 0.75 0.125652
0.21875 0.71875 0.103372
0.25 0.71875 0.0812516
0.25 0.75 0.10373
0.21875 0.75 0.125652
0.21875 0.71875 0.103372
0.21875 0.6875 0.0813582
0.25 0.6875 0.0589044
0.25 0.71875 0.0812516
0.21875 0.71875 0.103372
0.1875 0.6875 0.104484
0.1875 0.65625 0.0836537
0.21875 0.65625 0.0596639
0.21875 0.6875 0.0813582
0.1875 0.6875 0.104484
0.1875 0.65625 0.0836537
0.1875 0.625 0.0637394
0.21875 0.625 0.0385568
0.21875 0.65625 0.0596639
0.1875 0.65625 0.0836537
0.21875 0.6875 0.0813582
0.21875 0.65625 0.0596639
0.25 0.65625 0.0367317
0.25 0.6875 0.0589044
0.21875 0.6875 0.0813582
0.21875 0.65625 0.0596639
0.21875 0.625 0.0385568
0.25 0.625 0.014822
0.25 0.65625 0.0367317
0.21875 0.65625 0.0596639
0.125 0.625 0.117496
0.125 0.59375 0.102079
0.15625 0.59375 0.073412
0.15625 0.625 0.0902057
0.125 0.625 0.117496
0.125 0.59375 0.102079
0.125 0.5625 0.0890924
0.15625 0.5625 0.0590676
0.15625 0.59375 0.073412
0.125 0.59375 0.102079
0.15625 0.625 0.0902057
0.15625 0.59375 0.073412
0.1875 0.59375 0.0453722
0.1875 0.625 0.0637394
0.15625 0.625 0.0902057
0.15625 0.59375 0.073412
0.15625 0.5625 0.0590676
0.1875 0.5625 0.0293275
0.1875 0.59375 0.0453722
0.15625 0.59375 0.073412
0.125 0.5625 0.0890924
0.125 0.53125 0.0793057
0.15625 0.53125 0.0481982
0.15625 0.5625 0.0590676
0.125 0.5625 0.0890924
0.125 0.53125 0.0793057
0.125 0.5 0.0741146
0.15625 0.5 0.0428808
0.15625 0.53125 0.0481982
0.125 0.53125 0.0793057
0.15625 0.5625 0.0590676
0.15625 0.53125 0.0481982
0.1875 0.53125 0.0170599
0.1875 0.5625 0.0293275
0.15625 0.5625 0.0590676
0.15625 0.53125 0.0481982
0.15625 0.5 0.0428808
0.1875 0.5 0.0116388
0.1875 0.53125 0.0170599
0.15625 0.53125 0.0481982
0.1875 0.625 0.0637394
0.1875 0.59375 0.0453722
0.21875 0.59375 0.0184389
0.21875 0.625 0.0385568
0.1875 0.625 0.0637394
0.1875 0.59375 0.0453722
0.1875 0.5625 0.0293275
0.21875 0.5625 0.000105088
0.21875 0.59375 0.0184389
0.1875 0.59375 0.0453722
0.21875 0.625 0.0385568
0.21875 0.59375 0.0184389
0.25 0.59375 -0.00641805
0.25 0.625 0.014822
0.21875 0.625 0.0385568
0.21875 0.59375 0.0184389
0.21875 0.5625 0.000105088
0.25 0.5625 -0.0258559
0.25 0.59375 -0.00641805
0.21875 0.59375 0.0184389
0.1875 0.5625 0.0293275
0.1875 0.53125 0.0170599
0.21875 0.53125 -0.0132393
0.21875 0.5625 0.000105088
0.1875 0.5625 0.0293275
0.1875 0.53125 0.0170599
0.1875 0.5 0.0116388
0.21875 0.5 -0.0185994
0.21875 0.53125 -0.0132393
0.1875 0.53125 0.0170599
0.21875 0.5625 0.000105088
0.21875 0.53125 -0.0132393
0.25 0.53125 -0.0418653
0.25 0.5625 -0.0258559
0.21875 0.5625 0.000105088
0.21875 0.53125 -0.0132393
0.21875 0.5 -0.0185994
0.25 0.5 -0.0476421
0.25 0.53125 -0.0418653
0.21875 0.53125 -0.0132393
0.25 1 0.295405
0.25 0.9375 0.245344
0.3125 0.9375 0.206435
0.3125 1 0.259142
0.25 1 0.295405
0.25 0.9375 0.245344
0.25 0.875 0.196491
0.3125 0.875 0.155213
0.3125 0.9375 0.206435
0.25 0.9375 0.245344
0.3125 1 0.259142
0.3125 0.9375 0.206435
0.375 0.9375 0.17167
0.375 1 0.228198
0.3125 1 0.259142
0.3125 0.9375 0.206435
0.3125 0.875 0.155213
0.375 0.875 0.117418
0.375 0.9375 0.17167
0.3125 0.9375 0.206435
0.25 0.875 0.196491
0.25 0.8125 0.149242
0.3125 0.8125 0.106872
0.3125 0.875 0.155213
0.25 0.875 0.196491
0.25 0.8125 0.149242
0.25 0.78125 0.126381
0.28125 0.78125 0.104846
0.28125 0.8125 0.127945
0.25 0.8125 0.149242
0.25 0.78125 0.126381
0.25 0.75 0.10373
0.28125 0.75 0.0820195
0.28125 0.78125 0.104846
0.25 0.78125 0.126381
0.28125 0.8125 0.127945
0.28125 0.78125 0.104846
0.3125 0.78125 0.0834728
0.3125 0.8125 0.106872
0.28125 0.8125 0.127945
0.28125 0.78125 0.104846
0.28125 0.75 0.0820195
0.3125 0.75 0.0604381
0.3125 0.78125 0.0834728
0.28125 0.78125 0.104846
0.3125 0.875 0.155213
0.3125 0.84375 0.130791
0.34375 0.84375 0.110668
0.34375 0.875 0.135863
0.3125 0.875 0.155213
0.3125 0.84375 0.130791
0.3125 0.8125 0.106872
0.34375 0.8125 0.0861391
0.34375 0.84375 0.110668
0.3125 0.84375 0.130791
0.34375 0.875 0.135863
0.34375 0.84375 0.110668
0.375 0.84375 0.0912916
0.375 0.875 0.117418
0.34375 0.875 0.135863
0.34375 0.84375 0.110668
0.34375 0.8125 0.0861391
0.375 0.8125 0.0659215
0.375 0.84375 0.0912916
0.34375 0.84375 0.110668
0.3125 0.8125 0.106872
0.3125 0.78125 0.0834728
0.34375 0.78125 0.0622808
0.34375 0.8125 0.0861391
0.3125 0.8125 0.106872
0.3125 0.78125 0.0834728
0.3125 0.75 0.0604381
0.34375 0.75 0.0389518
0.34375 0.78125 0.0622808
0.3125 0.78125 0.0834728
0.34375 0.8125 0.0861391
0.34375 0.78125 0.0622808
0.375 0.78125 0.0413576
0.375 0.8125 0.0659215
0.34375 0.8125 0.0861391
0.34375 0.78125 0.0622808
0.34375 0.75 0.0389518
0.375 0.75 0.0175539
0.375 0.78125 0.0413576
0.34375 0.78125 0.0622808
0.375 1 0.228198
0.375 0.9375 0.17167
0.4375 0.9375 0.145504
0.4375 1 0.205897
0.375 1 0.228198
0.375 0.9375 0.17167
0.375 0.90625 0.144249
0.40625 0.90625 0.128626
0.40625 0.9375 0.157179
0.375 0.9375 0.17167
0.375 0.90625 0.144249
0.375 0.875 0.117418
0.40625 0.875 0.100593
0.40625 0.90625 0.128626
0.375 0.90625 0.144249
0.40625 0.9375 0.157179
0.40625 0.90625 0.128626
0.4375 0.90625 0.115748
0.4375 0.9375 0.145504
0.40625 0.9375 0.157179
0.40625 0.90625 0.128626
0.40625 0.875 0.100593
0.4375 0.875 0.0863276
0.4375 0.90625 0.115748
0.40625 0.90625 0.128626
0.4375 1 0.205897
0.4375 0.9375 0.145504
0.5 0.9375 0.134249
0.5 1 0.196716
0.4375 1 0.205897
0.4375 0.9375 0.145504
0.4375 0.90625 0.115748
0.46875 0.90625 0.106909
0.46875 0.9375 0.137612
0.4375 0.9375 0.145504
0.4375 0.90625 0.115748
0.4375 0.875 0.0863276
0.46875 0.875 0.0762986
0.46875 0.90625 0.106909
0.4375 0.90625 0.115748
0.46875 0.9375 0.137612
0.46875 0.90625 0.106909
0.5 0.90625 0.103025
0.5 0.9375 0.134249
0.46875 0.9375 0.137612
0.46875 0.90625 0.106909
0.46875 0.875 0.0762986
0.5 0.875 0.0717946
0.5 0.90625 0.103025
0.46875 0.90625 0.106909
0.375 0.875 0.117418
0.375 0.84375 0.0912916
0.40625 0.84375 0.0731969
0.40625 0.875 0.100593
0.375 0.875 0.117418
0.375 0.84375 0.0912916
0.375 0.8125 0.0659215
0.40625 0.8125 0.0465836
0.40625 0.84375 0.0731969
0.375 0.84375 0.0912916
0.40625 0.875 0.100593
0.40625 0.84375 0.0731969
0.4375 0.84375 0.057347
0.4375 0.875 0.0863276
0.40625 0.875 0.100593
0.40625 0.84375 0.0731969
0.40625 0.8125 0.0465836
0.4375 0.8125 0.0289645
0.4375 0.84375 0.057347
0.40625 0.84375 0.0731969
0.375 0.8125 0.0659215
0.375 0.78125 0.0413576
0.40625 0.78125 0.0209172
0.40625 0.8125 0.0465836
0.375 0.8125 0.0659215
0.375 0.78125 0.0413576
0.375 0.75 0.0175539
0.40625 0.75 -0.00349531
0.40625 0.78125 0.0209172
0.375 0.78125 0.0413576
0.40625 0.8125 0.0465836
0.40625 0.78125 0.0209172
0.4375 0.78125 0.00140751
0.4375 0.8125 0.0289645
0.40625 0.8125 0.0465836
0.40625 0.78125 0.0209172
0.40625 0.75 -0.00349531
0.4375 0.75 -0.0235388
0.4375 0.78125 0.00140751
0.40625 0.78125 0.0209172
0.4375 0.875 0.0863276
0.4375 0.84375 0.057347
0.46875 0.84375 0.0458464
0.46875 0.875 0.0762986
0.4375 0.875 0.0863276
0.4375 0.84375 0.057347
0.4375 0.8125 0.0289645
0.46875 0.8125 0.0156346
0.46875 0.84375 0.0458464
0.4375 0.84375 0.057347
0.46875 0.875 0.0762986
0.46875 0.84375 0.0458464
0.5 0.84375 0.0405579
0.5 0.875 0.0717946
0.46875 0.875 0.0762986
0.46875 0.84375 0.0458464
0.46875 0.8125 0.0156346
0.5 0.8125 0.00931171
0.5 0.84375 0.0405579
0.46875 0.84375 0.0458464
0.4375 0.8125 0.0289645
0.4375 0.78125 0.00140751
0.46875 0.78125 -0.0136856
0.46875 0.8125 0.0156346
0.4375 0.8125 0.0289645
0.4375 0.78125 0.00140751
0.4375 0.75 -0.0235388
0.46875 0.75 -0.041176
0.46875 0.78125 -0.0136856
0.4375 0.78125 0.00140751
0.46875 0.8125 0.0156346
0.46875 0.78125 -0.0136856
0.5 0.78125 -0.0217543
0.5 0.8125 0.00931171
0.46875 0.8125 0.0156346
0.46875 0.78125 -0.0136856
0.46875 0.75 -0.041176
0.5 0.75 -0.0522762
0.5 0.78125 -0.0217543
0.46875 0.78125 -0.0136856
0.25 0.75 0.10373
0.25 0.71875 0.0812516
0.28125 0.71875 0.0594112
0.28125 0.75 0.0820195
0.25 0.75 0.10373
0.25 0.71875 0.0812516
0.25 0.6875 0.0589044
0.28125 0.6875 0.0369118
0.28125 0.71875 0.0594112
0.25 0.71875 0.0812516
0.28125 0.75 0.0820195
0.28125 0.71875 0.0594112
0.3125 0.71875 0.0377191
0.3125 0.75 0.0604381
0.28125 0.75 0.0820195
0.28125 0.71875 0.0594112
0.28125 0.6875 0.0369118
0.3125 0.6875 0.0151407
0.3125 0.71875 0.0377191
0.28125 0.71875 0.0594112
0.25 0.6875 0.0589044
0.25 0.65625 0.0367317
0.28125 0.65625 0.0145041
0.28125 0.6875 0.0369118
0.25 0.6875 0.0589044
0.25 0.65625 0.0367317
0.25 0.625 0.014822
0.28125 0.625 -0.00772772
0.28125 0.65625 0.0145041
0.25 0.65625 0.0367317
0.28125 0.6875 0.0369118
0.28125 0.65625 0.0145041
0.3125 0.65625 -0.0073523
0.3125 0.6875 0.0151407
0.28125 0.6875 0.0369118
0.28125 0.65625 0.0145041
0.28125 0.625 -0.00772772
0.3125 0.625 -0.0297115
0.3125 0.65625 -0.0073523
0.28125 0.65625 0.0145041
0.3125 0.75 0.0604381
0.3125 0.71875 0.0377191
0.34375 0.71875 0.0161118
0.34375 0.75 0.0389518
0.3125 0.75 0.0604381
0.3125 0.71875 0.0377191
0.3125 0.6875 0.0151407
0.34375 0.6875 -0.0065144
0.34375 0.71875 0.0161118
0.3125 0.71875 0.0377191
0.34375 0.75 0.0389518
0.34375 0.71875 0.0161118
0.375 0.71875 -0.00539128
0.375 0.75 0.0175539
0.34375 0.75 0.0389518
0.34375 0.71875 0.0161118
0.34375 0.6875 -0.0065144
0.375 0.6875 -0.0280825
0.375 0.71875 -0.00539128
0.34375 0.71875 0.0161118
0.3125 0.6875 0.0151407
0.3125 0.65625 -0.0073523
0.34375 0.65625 -0.0290642
0.34375 0.6875 -0.0065144
0.3125 0.6875 0.0151407
0.3125 0.65625 -0.0073523
0.3125 0.625 -0.0297115
0.34375 0.625 -0.0515284
0.34375 0.65625 -0.0290642
0.3125 0.65625 -0.0073523
0.34375 0.6875 -0.0065144
0.34375 0.65625 -0.0290642
0.375 0.65625 -0.0507017
0.375 0.6875 -0.0280825
0.34375 0.6875 -0.0065144
0.34375 0.65625 -0.0290642
0.34375 0.625 -0.0515284
0.375 0.625 -0.0732479
0.375 0.65625 -0.0507017
0.34375 0.65625 -0.0290642
0.25 0.625 0.014822
0.25 0.59375 -0.00641805
0.28125 0.59375 -0.0294537
0.28125 0.625 -0.00772772
0.25 0.625 0.014822
0.25 0.59375 -0.00641805
0.25 0.5625 -0.0258559
0.28125 0.5625 -0.0502135
0.28125 0.59375 -0.0294537
0.25 0.59375 -0.00641805
0.28125 0.625 -0.00772772
0.28125 0.59375 -0.0294537
0.3125 0.59375 -0.0518274
0.3125 0.625 -0.0297115
0.28125 0.625 -0.00772772
0.28125 0.59375 -0.0294537
0.28125 0.5625 -0.0502135
0.3125 0.5625 -0.0734178
0.3125 0.59375 -0.0518274
0.28125 0.59375 -0.0294537
0.25 0.5625 -0.0258559
0.25 0.53125 -0.0418653
0.28125 0.53125 -0.068723
0.28125 0.5625 -0.0502135
0.25 0.5625 -0.0258559
0.25 0.53125 -0.0418653
0.25 0.5 -0.0476421
0.28125 0.5 -0.0756831
0.28125 0.53125 -0.068723
0.25 0.53125 -0.0418653
0.28125 0.5625 -0.0502135
0.28125 0.53125 -0.068723
0.3125 0.53125 -0.0937198
0.3125 0.5625 -0.0734178
0.28125 0.5625 -0.0502135
0.28125 0.53125 -0.068723
0.28125 0.5 -0.0756831
0.3125 0.5 -0.102712
0.3125 0.53125 -0.0937198
0.28125 0.53125 -0.068723
0.3125 0.625 -0.0297115
0.3125 0.59375 -0.0518274
0.34375 0.59375 -0.0738558
0.34375 0.625 -0.0515284
0.3125 0.625 -0.0297115
0.3125 0.59375 -0.0518274
0.3125 0.5625 -0.0734178
0.34375 0.5625 -0.0959059
0.34375 0.59375 -0.0738558
0.3125 0.59375 -0.0518274
0.34375 0.625 -0.0515284
0.34375 0.59375 -0.0738558
0.375 0.59375 -0.0956991
0.375 0.625 -0.0732479
0.34375 0.625 -0.0515284
0.34375 0.59375 -0.0738558
0.34375 0.5625 -0.0959059
0.375 0.5625 -0.117994
0.375 0.59375 -0.0956991
0.34375 0.59375 -0.0738558
0.3125 0.5625 -0.0734178
0.3125 0.53125 -0.0937198
0.34375 0.53125 -0.117324
0.34375 0.5625 -0.0959059
0.3125 0.5625 -0.0734178
0.3125 0.53125 -0.0937198
0.3125 0.5 -0.102712
0.34375 0.5 -0.128715
0.34375 0.53125 -0.117324
0.3125 0.53125 -0.0937198
0.34375 0.5625 -0.0959059
0.34375 0.53125 -0.117324
0.375 0.53125 -0.139862
0.375 0.5625 -0.117994
0.34375 0.5625 -0.0959059
0.34375 0.53125 -0.117324
0.34375 0.5 -0.128715
0.375 0.5 -0.153868
0.375 0.53125 -0.139862
0.34375 0.53125 -0.117324
0.375 0.75 0.0175539
0.375 0.71875 -0.00539128
0.40625 0.71875 -0.0266534
0.40625 0.75 -0.00349531
0.375 0.75 0.0175539
0.375 0.71875 -0.00539128
0.375 0.6875 -0.0280825
0.40625 0.6875 -0.049522
0.40625 0.71875 -0.0266534
0.375 0.71875 -0.00539128
0.40625 0.75 -0.00349531
0.40625 0.71875 -0.0266534
0.4375 0.71875 -0.0474154
0.4375 0.75 -0.0235388
0.40625 0.75 -0.00349531
0.40625 0.71875 -0.0266534
0.40625 0.6875 -0.049522
0.4375 0.6875 -0.070693
0.4375 0.71875 -0.0474154
0.40625 0.71875 -0.0266534
0.375 0.6875 -0.0280825
0.375 0.65625 -0.0507017
0.40625 0.65625 -0.072247
0.40625 0.6875 -0.049522
0.375 0.6875 -0.0280825
0.375 0.65625 -0.0507017
0.375 0.625 -0.0732479
0.40625 0.625 -0.0948819
0.40625 0.65625 -0.072247
0.375 0.65625 -0.0507017
0.40625 0.6875 -0.049522
0.40625 0.65625 -0.072247
0.4375 0.65625 -0.0936385
0.4375 0.6875 -0.070693
0.40625 0.6875 -0.049522
0.40625 0.65625 -0.072247
0.40625 0.625 -0.0948819
0.4375 0.625 -0.116405
0.4375 0.65625 -0.0936385
0.40625 0.65625 -0.072247
0.4375 0.75 -0.0235388
0.4375 0.71875 -0.0474154
0.46875 0.71875 -0.0668441
0.46875 0.75 -0.041176
0.4375 0.75 -0.0235388
0.4375 0.71875 -0.0474154
0.4375 0.6875 -0.070693
0.46875 0.6875 -0.0911631
0.46875 0.71875 -0.0668441
0.4375 0.71875 -0.0474154
0.46875 0.75 -0.041176
0.46875 0.71875 -0.0668441
0.5 0.71875 -0.0815749
0.5 0.75 -0.0522762
0.46875 0.75 -0.041176
0.46875 0.71875 -0.0668441
0.46875 0.6875 -0.0911631
0.5 0.6875 -0.109013
0.5 0.71875 -0.0815749
0.46875 0.71875 -0.0668441
0.4375 0.6875 -0.070693
0.4375 0.65625 -0.0936385
0.46875 0.65625 -0.114681
0.46875 0.6875 -0.0911631
0.4375 0.6875 -0.070693
0.4375 0.65625 -0.0936385
0.4375 0.625 -0.116405
0.46875 0.625 -0.137703
0.46875 0.65625 -0.114681
0.4375 0.65625 -0.0936385
0.46875 0.6875 -0.0911631
0.46875 0.65625 -0.114681
0.5 0.65625 -0.134463
0.5 0.6875 -0.109013
0.46875 0.6875 -0.0911631
0.46875 0.65625 -0.114681
0.46875 0.625 -0.137703
0.5 0.625 -0.158385
0.5 0.65625 -0.134463
0.46875 0.65625 -0.114681
0.375 0.625 -0.0732479
0.375 0.59375 -0.0956991
0.40625 0.59375 -0.117431
0.40625 0.625 -0.0948819
0.375 0.625 -0.0732479
0.375 0.59375 -0.0956991
0.375 0.5625 -0.117994
0.40625 0.5625 -0.13987
0.40625 0.59375 -0.117431
0.375 0.59375 -0.0956991
0.40625 0.625 -0.0948819
0.40625 0.59375 -0.117431
0.4375 0.59375 -0.139061
0.4375 0.625 -0.116405
0.40625 0.625 -0.0948819
0.40625 0.59375 -0.117431
0.40625 0.5625 -0.13987
0.4375 0.5625 -0.161614
0.4375 0.59375 -0.139061
0.40625 0.59375 -0.117431
0.375 0.5625 -0.117994
0.375 0.5 -0.153868
0.4375 0.5 -0.200959
0.4375 0.5625 -0.161614
0.375 0.5625 -0.117994
0.4375 0.625 -0.116405
0.4375 0.5625 -0.161614
0.5 0.5625 -0.204765
0.5 0.625 -0.158385
0.4375 0.625 -0.116405
0.4375 0.5625 -0.161614
0.4375 0.5 -0.200959
0.5 0.5 -0.245715
0.5 0.5625 -0.204765
0.4375 0.5625 -0.161614
0 0.5 0.199076
0 0.4375 0.206708
0.0625 0.4375 0.145848
0.0625 0.5 0.136569
0 0.5 0.199076
0 0.4375 0.206708
0 0.375 0.226816
0.0625 0.375 0.169492
0.0625 0.4375 0.145848
0 0.4375 0.206708
0.0625 0.5 0.136569
0.0625 0.46875 0.139014
0.09375 0.46875 0.108164
0.09375 0.5 0.105339
0.0625 0.5 0.136569
0.0625 0.46875 0.139014
0.0625 0.4375 0.145848
0.09375 0.4375 0.116072
0.09375 0.46875 0.108164
0.0625 0.46875 0.139014
0.09375 0.5 0.105339
0.09375 0.46875 0.108164
0.125 0.46875 0.0774962
0.125 0.5 0.0741146
0.09375 0.5 0.105339
0.09375 0.46875 0.108164
0.09375 0.4375 0.116072
0.125 0.4375 0.0866346
0.125 0.46875 0.0774962
0.09375 0.46875 0.108164
0.0625 0.4375 0.145848
0.0625 0.40625 0.156204
0.09375 0.40625 0.127633
0.09375 0.4375 0.116072
0.0625 0.4375 0.145848
0.0625 0.40625 0.156204
0.0625 0.375 0.169492
0.09375 0.375 0.142177
0.09375 0.40625 0.127633
0.0625 0.40625 0.156204
0.09375 0.4375 0.116072
0.09375 0.40625 0.127633
0.125 0.40625 0.0995706
0.125 0.4375 0.0866346
0.09375 0.4375 0.116072
0.09375 0.40625 0.127633
0.09375 0.375 0.142177
0.125 0.375 0.115496
0.125 0.40625 0.0995706
0.09375 0.40625 0.127633
0 0.375 0.226816
0 0.3125 0.256044
0.0625 0.3125 0.202754
0.0625 0.375 0.169492
0 0.375 0.226816
0 0.3125 0.256044
0 0.25 0.291944
0.0625 0.25 0.241873
0.0625 0.3125 0.202754
0 0.3125 0.256044
0.0625 0.375 0.169492
0.0625 0.3125 0.202754
0.125 0.3125 0.153167
0.125 0.375 0.115496
0.0625 0.375 0.169492
0.0625 0.3125 0.202754
0.0625 0.25 0.241873
0.125 0.25 0.194544
0.125 0.3125 0.153167
0.0625 0.3125 0.202754
0.125 0.5 0.0741146
0.125 0.46875 0.0774962
0.15625 0.46875 0.0469733
0.15625 0.5 0.0428808
0.125 0.5 0.0741146
0.125 0.46875 0.0774962
0.125 0.4375 0.0866346
0.15625 0.4375 0.0577108
0.15625 0.46875 0.0469733
0.125 0.46875 0.0774962
0.15625 0.5 0.0428808
0.15625 0.46875 0.0469733
0.1875 0.46875 0.0167791
0.1875 0.5 0.0116388
0.15625 0.5 0.0428808
0.15625 0.46875 0.0469733
0.15625 0.4375 0.0577108
0.1875 0.4375 0.0294903
0.1875 0.46875 0.0167791
0.15625 0.46875 0.0469733
0.125 0.4375 0.0866346
0.125 0.40625 0.0995706
0.15625 0.40625 0.0722794
0.15625 0.4375 0.0577108
0.125 0.4375 0.0866346
0.125 0.40625 0.0995706
0.125 0.375 0.115496
0.15625 0.375 0.0897691
0.15625 0.40625 0.0722794
0.125 0.40625 0.0995706
0.15625 0.4375 0.0577108
0.15625 0.40625 0.0722794
0.1875 0.40625 0.0459787
0.1875 0.4375 0.0294903
0.15625 0.4375 0.0577108
0.15625 0.40625 0.0722794
0.15625 0.375 0.0897691
0.1875 0.375 0.0649273
0.1875 0.40625 0.0459787
0.15625 0.40625 0.0722794
0.1875 0.5 0.0116388
0.1875 0.46875 0.0167791
0.21875 0.46875 -0.0118309
0.21875 0.5 -0.0185994
0.1875 0.5 0.0116388
0.1875 0.46875 0.0167791
0.1875 0.4375 0.0294903
0.21875 0.4375 0.00240235
0.21875 0.46875 -0.0118309
0.1875 0.46875 0.0167791
0.21875 0.5 -0.0185994
0.21875 0.46875 -0.0118309
0.25 0.46875 -0.0382164
0.25 0.5 -0.0476421
0.21875 0.5 -0.0185994
0.21875 0.46875 -0.0118309
0.21875 0.4375 0.00240235
0.25 0.4375 -0.0221721
0.25 0.46875 -0.0382164
0.21875 0.46875 -0.0118309
0.1875 0.4375 0.0294903
0.1875 0.40625 0.0459787
0.21875 0.40625 0.0207645
0.21875 0.4375 0.00240235
0.1875 0.4375 0.0294903
0.1875 0.40625 0.0459787
0.1875 0.375 0.0649273
0.21875 0.375 0.0409087
0.21875 0.40625 0.0207645
0.1875 0.40625 0.0459787
0.21875 0.4375 0.00240235
0.21875 0.40625 0.0207645
0.25 0.40625 -0.00330957
0.25 0.4375 -0.0221721
0.21875 0.4375 0.00240235
0.21875 0.40625 0.0207645
0.21875 0.375 0.0409087
0.25 0.375 0.0175528
0.25 0.40625 -0.00330957
0.21875 0.40625 0.0207645
0.125 0.375 0.115496
0.125 0.34375 0.133601
0.15625 0.34375 0.109037
0.15625 0.375 0.0897691
0.125 0.375 0.115496
0.125 0.34375 0.133601
0.125 0.3125 0.153167
0.15625 0.3125 0.129362
0.15625 0.34375 0.109037
0.125 0.34375 0.133601
0.15625 0.375 0.0897691
0.15625 0.34375 0.109037
0.1875 0.34375 0.0851453
0.1875 0.375 0.0649273
0.15625 0.375 0.0897691
0.15625 0.34375 0.109037
0.15625 0.3125 0.129362
0.1875 0.3125 0.106016
0.1875 0.34375 0.0851453
0.15625 0.34375 0.109037
0.125 0.3125 0.153167
0.125 0.25 0.194544
0.1875 0.25 0.148648
0.1875 0.3125 0.106016
0.125 0.3125 0.153167
0.1875 0.375 0.0649273
0.1875 0.34375 0.0851453
0.21875 0.34375 0.0617937
0.21875 0.375 0.0409087
0.1875 0.375 0.0649273
0.1875 0.34375 0.0851453
0.1875 0.3125 0.106016
0.21875 0.3125 0.0830303
0.21875 0.34375 0.0617937
0.1875 0.34375 0.0851453
0.21875 0.375 0.0409087
0.21875 0.34375 0.0617937
0.25 0.34375 0.0388226
0.25 0.375 0.0175528
0.21875 0.375 0.0409087
0.21875 0.34375 0.0617937
0.21875 0.3125 0.0830303
0.25 0.3125 0.060268
0.25 0.34375 0.0388226
0.21875 0.34375 0.0617937
0.1875 0.3125 0.106016
0.1875 0.28125 0.127232
0.21875 0.28125 0.104459
0.21875 0.3125 0.0830303
0.1875 0.3125 0.106016
0.1875 0.28125 0.127232
0.1875 0.25 0.148648
0.21875 0.25 0.12602
0.21875 0.28125 0.104459
0.1875 0.28125 0.127232
0.21875 0.3125 0.0830303
0.21875 0.28125 0.104459
0.25 0.28125 0.0818354
0.25 0.3125 0.060268
0.21875 0.3125 0.0830303
0.21875 0.28125 0.104459
0.21875 0.25 0.12602
0.25 0.25 0.10352
0.25 0.28125 0.0818354
0.21875 0.28125 0.104459
0 0.25 0.291944
0 0.125 0.372635
0.125 0.125 0.280286
0.125 0.25 0.194544
0 0.25 0.291944
0 0.125 0.372635
0 0 0.460389
0.125 0 0.371352
0.125 0.125 0.280286
0 0.125 0.372635
0.125 0.25 0.194544
0.125 0.1875 0.237057
0.1875 0.1875 0.191888
0.1875 0.25 0.148648
0.125 0.25 0.194544
0.125 0.1875 0.237057
0.125 0.125 0.280286
0.1875 0.125 0.235882
0.1875 0.1875 0.191888
0.125 0.1875 0.237057
0.1875 0.25 0.148648
0.1875 0.1875 0.191888
0.25 0.1875 0.147332
0.25 0.25 0.10352
0.1875 0.25 0.148648
0.1875 0.1875 0.191888
0.1875 0.125 0.235882
0.25 0.125 0.19226
0.25 0.1875 0.147332
0.1875 0.1875 0.191888
0.125 0.125 0.280286
0.125 0 0.371352
0.25 0 0.289063
0.25 0.125 0.19226
0.125 0.125 0.280286
0.25 0.5 -0.0476421
0.25 0.46875 -0.0382164
0.28125 0.46875 -0.0636927
0.28125 0.5 -0.0756831
0.25 0.5 -0.0476421
0.25 0.46875 -0.0382164
0.25 0.4375 -0.0221721
0.28125 0.4375 -0.0460931
0.28125 0.46875 -0.0636927
0.25 0.46875 -0.0382164
0.28125 0.5 -0.0756831
0.28125 0.46875 -0.0636927
0.3125 0.46875 -0.0883782
0.3125 0.5 -0.102712
0.28125 0.5 -0.0756831
0.28125 0.46875 -0.0636927
0.28125 0.4375 -0.0460931
0.3125 0.4375 -0.069596
0.3125 0.46875 -0.0883782
0.28125 0.46875 -0.0636927
0.25 0.4375 -0.0221721
0.25 0.40625 -0.00330957
0.28125 0.40625 -0.0263304
0.28125 0.4375 -0.0460931
0.25 0.4375 -0.0221721
0.25 0.40625 -0.00330957
0.25 0.375 0.0175528
0.28125 0.375 -0.0053691
0.28125 0.40625 -0.0263304
0.25 0.40625 -0.00330957
0.28125 0.4375 -0.0460931
0.28125 0.40625 -0.0263304
0.3125 0.40625 -0.049219
0.3125 0.4375 -0.069596
0.28125 0.4375 -0.0460931
0.28125 0.40625 -0.0263304
0.28125 0.375 -0.0053691
0.3125 0.375 -0.0280127
0.3125 0.40625 -0.049219
0.28125 0.40625 -0.0263304
0.3125 0.5 -0.102712
0.3125 0.46875 -0.0883782
0.34375 0.46875 -0.112467
0.34375 0.5 -0.128715
0.3125 0.5 -0.102712
0.3125 0.46875 -0.0883782
0.3125 0.4375 -0.069596
0.34375 0.4375 -0.0927809
0.34375 0.46875 -0.112467
0.3125 0.46875 -0.0883782
0.34375 0.5 -0.128715
0.34375 0.46875 -0.112467
0.375 0.46875 -0.13605
0.375 0.5 -0.153868
0.34375 0.5 -0.128715
0.34375 0.46875 -0.112467
0.34375 0.4375 -0.0927809
0.375 0.4375 -0.115725
0.375 0.46875 -0.13605
0.34375 0.46875 -0.112467
0.3125 0.4375 -0.069596
0.3125 0.40625 -0.049219
0.34375 0.40625 -0.0719741
0.34375 0.4375 -0.0927809
0.3125 0.4375 -0.069596
0.3125 0.40625 -0.049219
0.3125 0.375 -0.0280127
0.34375 0.375 -0.0505801
0.34375 0.40625 -0.0719741
0.3125 0.40625 -0.049219
0.34375 0.4375 -0.0927809
0.34375 0.40625 -0.0719741
0.375 0.40625 -0.0945921
0.375 0.4375 -0.115725
0.34375 0.4375 -0.0927809
0.34375 0.40625 -0.0719741
0.34375 0.375 -0.0505801
0.375 0.375 -0.0730346
0.375 0.40625 -0.0945921
0.34375 0.40625 -0.0719741
0.25 0.375 0.0175528
0.25 0.34375 0.0388226
0.28125 0.34375 0.0160801
0.28125 0.375 -0.0053691
0.25 0.375 0.0175528
0.25 0.34375 0.0388226
0.25 0.3125 0.060268
0.28125 0.3125 0.0376501
0.28125 0.34375 0.0160801
0.25 0.34375 0.0388226
0.28125 0.375 -0.0053691
0.28125 0.34375 0.0160801
0.3125 0.34375 -0.00652238
0.3125 0.375 -0.0280127
0.28125 0.375 -0.0053691
0.28125 0.34375 0.0160801
0.28125 0.3125 0.0376501
0.3125 0.3125 0.0151408
0.3125 0.34375 -0.00652238
0.28125 0.34375 0.0160801
0.25 0.3125 0.060268
0.25 0.28125 0.0818354
0.28125 0.28125 0.0593285
0.28125 0.3125 0.0376501
0.25 0.3125 0.060268
0.25 0.28125 0.0818354
0.25 0.25 0.10352
0.28125 0.25 0.0811315
0.28125 0.28125 0.0593285
0.25 0.28125 0.0818354
0.28125 0.3125 0.0376501
0.28125 0.28125 0.0593285
0.3125 0.28125 0.0369243
0.3125 0.3125 0.0151408
0.28125 0.3125 0.0376501
0.28125 0.28125 0.0593285
0.28125 0.25 0.0811315
0.3125 0.25 0.0588685
0.3125 0.28125 0.0369243
0.28125 0.28125 0.0593285
0.3125 0.375 -0.0280127
0.3125 0.34375 -0.00652238
0.34375 0.34375 -0.02899
0.34375 0.375 -0.0505801
0.3125 0.375 -0.0280127
0.3125 0.34375 -0.00652238
0.3125 0.3125 0.0151408
0.34375 0.3125 -0.00726672
0.34375 0.34375 -0.02899
0.3125 0.34375 -0.00652238
0.34375 0.375 -0.0505801
0.34375 0.34375 -0.02899
0.375 0.34375 -0.0513153
0.375 0.375 -0.0730346
0.34375 0.375 -0.0505801
0.34375 0.34375 -0.02899
0.34375 0.3125 -0.00726672
0.375 0.3125 -0.0294493
0.375 0.34375 -0.0513153
0.34375 0.34375 -0.02899
0.3125 0.3125 0.0151408
0.3125 0.28125 0.0369243
0.34375 0.28125 0.0146334
0.34375 0.3125 -0.00726672
0.3125 0.3125 0.0151408
0.3125 0.28125 0.0369243
0.3125 0.25 0.0588685
0.34375 0.25 0.0367937
0.34375 0.28125 0.0146334
0.3125 0.28125 0.0369243
0.34375 0.3125 -0.00726672
0.34375 0.28125 0.0146334
0.375 0.28125 -0.00741124
0.375 0.3125 -0.0294493
0.34375 0.3125 -0.00726672
0.34375 0.28125 0.0146334
0.34375 0.25 0.0367937
0.375 0.25 0.0150645
0.375 0.28125 -0.00741124
0.34375 0.28125 0.0146334
0.375 0.5 -0.153868
0.375 0.4375 -0.115725
0.4375 0.4375 -0.160932
0.4375 0.5 -0.200959
0.375 0.5 -0.153868
0.375 0.4375 -0.115725
0.375 0.40625 -0.0945921
0.40625 0.40625 -0.117043
0.40625 0.4375 -0.138453
0.375 0.4375 -0.115725
0.375 0.40625 -0.0945921
0.375 0.375 -0.0730346
0.40625 0.375 -0.0953087
0.40625 0.40625 -0.117043
0.375 0.40625 -0.0945921
0.40625 0.4375 -0.138453
0.40625 0.40625 -0.117043
0.4375 0.40625 -0.139234
0.4375 0.4375 -0.160932
0.40625 0.4375 -0.138453
0.40625 0.40625 -0.117043
0.40625 0.375 -0.0953087
0.4375 0.375 -0.11724
0.4375 0.40625 -0.139234
0.40625 0.40625 -0.117043
0.4375 0.5 -0.200959
0.4375 0.4375 -0.160932
0.5 0.4375 -0.202642
0.5 0.5 -0.245715
0.4375 0.5 -0.200959
0.4375 0.4375 -0.160932
0.4375 0.375 -0.11724
0.5 0.375 -0.156484
0.5 0.4375 -0.202642
0.4375 0.4375 -0.160932
0.375 0.375 -0.0730346
0.375 0.34375 -0.0513153
0.40625 0.34375 -0.073388
0.40625 0.375 -0.0953087
0.375 0.375 -0.0730346
0.375 0.34375 -0.0513153
0.375 0.3125 -0.0294493
0.40625 0.3125 -0.0512509
0.40625 0.34375 -0.073388
0.375 0.34375 -0.0513153
0.40625 0.375 -0.0953087
0.40625 0.34375 -0.073388
0.4375 0.34375 -0.0949617
0.4375 0.375 -0.11724
0.40625 0.375 -0.0953087
0.40625 0.34375 -0.073388
0.40625 0.3125 -0.0512509
0.4375 0.3125 -0.0722955
0.4375 0.34375 -0.0949617
0.40625 0.34375 -0.073388
0.375 0.3125 -0.0294493
0.375 0.28125 -0.00741124
0.40625 0.28125 -0.0288219
0.40625 0.3125 -0.0512509
0.375 0.3125 -0.0294493
0.375 0.28125 -0.00741124
0.375 0.25 0.0150645
0.40625 0.25 -0.00597447
0.40625 0.28125 -0.0288219
0.375 0.28125 -0.00741124
0.40625 0.3125 -0.0512509
0.40625 0.28125 -0.0288219
0.4375 0.28125 -0.0491182
0.4375 0.3125 -0.0722955
0.40625 0.3125 -0.0512509
0.40625 0.28125 -0.0288219
0.40625 0.25 -0.00597447
0.4375 0.25 -0.0252377
0.4375 0.28125 -0.0491182
0.40625 0.28125 -0.0288219
0.4375 0.375 -0.11724
0.4375 0.34375 -0.0949617
0.46875 0.34375 -0.11547
0.46875 0.375 -0.138499
0.4375 0.375 -0.11724
0.4375 0.34375 -0.0949617
0.4375 0.3125 -0.0722955
0.46875 0.3125 -0.0917723
0.46875 0.34375 -0.11547
0.4375 0.34375 -0.0949617
0.46875 0.375 -0.138499
0.46875 0.34375 -0.11547
0.5 0.34375 -0.131899
0.5 0.375 -0.156484
0.46875 0.375 -0.138499
0.46875 0.34375 -0.11547
0.46875 0.3125 -0.0917723
0.5 0.3125 -0.106394
0.5 0.34375 -0.131899
0.46875 0.34375 -0.11547
0.4375 0.3125 -0.0722955
0.4375 0.28125 -0.0491182
0.46875 0.28125 -0.0671757
0.46875 0.3125 -0.0917723
0.4375 0.3125 -0.0722955
0.4375 0.28125 -0.0491182
0.4375 0.25 -0.0252377
0.46875 0.25 -0.0414669
0.46875 0.28125 -0.0671757
0.4375 0.28125 -0.0491182
0.46875 0.3125 -0.0917723
0.46875 0.28125 -0.0671757
0.5 0.28125 -0.0795049
0.5 0.3125 -0.106394
0.46875 0.3125 -0.0917723
0.46875 0.28125 -0.0671757
0.46875 0.25 -0.0414669
0.5 0.25 -0.0511746
0.5 0.28125 -0.0795049
0.46875 0.28125 -0.0671757
0.25 0.25 0.10352
0.25 0.21875 0.125341
0.28125 0.21875 0.103099
0.28125 0.25 0.0811315
0.25 0.25 0.10352
0.25 0.21875 0.125341
0.25 0.1875 0.147332
0.28125 0.1875 0.125302
0.28125 0.21875 0.103099
0.25 0.21875 0.125341
0.28125 0.25 0.0811315
0.28125 0.21875 0.103099
0.3125 0.21875 0.0810561
0.3125 0.25 0.0588685
0.28125 0.25 0.0811315
0.28125 0.21875 0.103099
0.28125 0.1875 0.125302
0.3125 0.1875 0.103606
0.3125 0.21875 0.0810561
0.28125 0.21875 0.103099
0.25 0.1875 0.147332
0.25 0.125 0.19226
0.3125 0.125 0.150333
0.3125 0.1875 0.103606
0.25 0.1875 0.147332
0.3125 0.25 0.0588685
0.3125 0.21875 0.0810561
0.34375 0.21875 0.0593372
0.34375 0.25 0.0367937
0.3125 0.25 0.0588685
0.3125 0.21875 0.0810561
0.3125 0.1875 0.103606
0.34375 0.1875 0.082424
0.34375 0.21875 0.0593372
0.3125 0.21875 0.0810561
0.34375 0.25 0.0367937
0.34375 0.21875 0.0593372
0.375 0.21875 0.0381779
0.375 0.25 0.0150645
0.34375 0.25 0.0367937
0.34375 0.21875 0.0593372
0.34375 0.1875 0.082424
0.375 0.1875 0.0620951
0.375 0.21875 0.0381779
0.34375 0.21875 0.0593372
0.3125 0.1875 0.103606
0.3125 0.15625 0.126671
0.34375 0.15625 0.106198
0.34375 0.1875 0.082424
0.3125 0.1875 0.103606
0.3125 0.15625 0.126671
0.3125 0.125 0.150333
0.34375 0.125 0.130756
0.34375 0.15625 0.106198
0.3125 0.15625 0.126671
0.34375 0.1875 0.082424
0.34375 0.15625 0.106198
0.375 0.15625 0.0869532
0.375 0.1875 0.0620951
0.34375 0.1875 0.082424
0.34375 0.15625 0.106198
0.34375 0.125 0.130756
0.375 0.125 0.112757
0.375 0.15625 0.0869532
0.34375 0.15625 0.106198
0.25 0.125 0.19226
0.25 0.0625 0.23907
0.3125 0.0625 0.199888
0.3125 0.125 0.150333
0.25 0.125 0.19226
0.25 0.0625 0.23907
0.25 0 0.289063
0.3125 0 0.253371
0.3125 0.0625 0.199888
0.25 0.0625 0.23907
0.3125 0.125 0.150333
0.3125 0.0625 0.199888
0.375 0.0625 0.167007
0.375 0.125 0.112757
0.3125 0.125 0.150333
0.3125 0.0625 0.199888
0.3125 0 0.253371
0.375 0 0.224513
0.375 0.0625 0.167007
0.3125 0.0625 0.199888
0.375 0.25 0.0150645
0.375 0.21875 0.0381779
0.40625 0.21875 0.0179863
0.40625 0.25 -0.00597447
0.375 0.25 0.0150645
0.375 0.21875 0.0381779
0.375 0.1875 0.0620951
0.40625 0.1875 0.0431758
0.40625 0.21875 0.0179863
0.375 0.21875 0.0381779
0.40625 0.25 -0.00597447
0.40625 0.21875 0.0179863
0.4375 0.21875 -0.000427021
0.4375 0.25 -0.0252377
0.40625 0.25 -0.00597447
0.40625 0.21875 0.0179863
0.40625 0.1875 0.0431758
0.4375 0.1875 0.0268296
0.4375 0.21875 -0.000427021
0.40625 0.21875 0.0179863
0.375 0.1875 0.0620951
0.375 0.15625 0.0869532
0.40625 0.15625 0.0696103
0.40625 0.1875 0.0431758
0.375 0.1875 0.0620951
0.375 0.15625 0.0869532
0.375 0.125 0.112757
0.40625 0.125 0.0969818
0.40625 0.15625 0.0696103
0.375 0.15625 0.0869532
0.40625 0.1875 0.0431758
0.40625 0.15625 0.0696103
0.4375 0.15625 0.055185
0.4375 0.1875 0.0268296
0.40625 0.1875 0.0431758
0.40625 0.15625 0.0696103
0.40625 0.125 0.0969818
0.4375 0.125 0.0842337
0.4375 0.15625 0.055185
0.40625 0.15625 0.0696103
0.4375 0.25 -0.0252377
0.4375 0.21875 -0.000427021
0.46875 0.21875 -0.0145167
0.46875 0.25 -0.0414669
0.4375 0.25 -0.0252377
0.4375 0.21875 -0.000427021
0.4375 0.1875 0.0268296
0.46875 0.1875 0.0146561
0.46875 0.21875 -0.0145167
0.4375 0.21875 -0.000427021
0.46875 0.25 -0.0414669
0.46875 0.21875 -0.0145167
0.5 0.21875 -0.0215839
0.5 0.25 -0.0511746
0.46875 0.25 -0.0414669
0.46875 0.21875 -0.0145167
0.46875 0.1875 0.0146561
0.5 0.1875 0.00939514
0.5 0.21875 -0.0215839
0.46875 0.21875 -0.0145167
0.4375 0.1875 0.0268296
0.4375 0.15625 0.055185
0.46875 0.15625 0.0448908
0.46875 0.1875 0.0146561
0.4375 0.1875 0.0268296
0.4375 0.15625 0.055185
0.4375 0.125 0.0842337
0.46875 0.125 0.0754376
0.46875 0.15625 0.0448908
0.4375 0.15625 0.055185
0.46875 0.1875 0.0146561
0.46875 0.15625 0.0448908
0.5 0.15625 0.0406396
0.5 0.1875 0.00939514
0.46875 0.1875 0.0146561
0.46875 0.15625 0.0448908
0.46875 0.125 0.0754376
0.5 0.125 0.0718792
0.5 0.15625 0.0406396
0.46875 0.15625 0.0448908
0.375 0.125 0.112757
0.375 0.09375 0.139555
0.40625 0.09375 0.125154
0.40625 0.125 0.0969818
0.375 0.125 0.112757
0.375 0.09375 0.139555
0.375 0.0625 0.167007
0.40625 0.0625 0.153844
0.40625 0.09375 0.125154
0.375 0.09375 0.139555
0.40625 0.125 0.0969818
0.40625 0.09375 0.125154
0.4375 0.09375 0.113785
0.4375 0.125 0.0842337
0.40625 0.125 0.0969818
0.40625 0.09375 0.125154
0.40625 0.0625 0.153844
0.4375 0.0625 0.143655
0.4375 0.09375 0.113785
0.40625 0.09375 0.125154
0.375 0.0625 0.167007
0.375 0 0.224513
0.4375 0 0.204547
0.4375 0.0625 0.143655
0.375 0.0625 0.167007
0.4375 0.125 0.0842337
0.4375 0.09375 0.113785
0.46875 0.09375 0.106121
0.46875 0.125 0.0754376
0.4375 0.125 0.0842337
0.4375 0.09375 0.113785
0.4375 0.0625 0.143655
0.46875 0.0625 0.136968
0.46875 0.09375 0.106121
0.4375 0.09375 0.113785
0.46875 0.125 0.0754376
0.46875 0.09375 0.106121
0.5 0.09375 0.103109
0.5 0.125 0.0718792
0.46875 0.125 0.0754376
0.46875 0.09375 0.106121
0.46875 0.0625 0.136968
0.5 0.0625 0.134323
0.5 0.09375 0.103109
0.46875 0.09375 0.106121
0.4375 0.0625 0.143655
0.4375 0 0.204547
0.5 0 0.19678
0.5 0.0625 0.134323
0.4375 0.0625 0.143655
0.5 1 0.196716
0.5 0.9375 0.134249
0.5625 0.9375 0.14474
0.5625 1 0.205393
0.5 1 0.196716
0.5 0.9375 0.134249
0.5 0.90625 0.103025
0.53125 0.90625 0.106378
0.53125 0.9375 0.137155
0.5 0.9375 0.134249
0.5 0.90625 0.103025
0.5 0.875 0.0717946
0.53125 0.875 0.0756733
0.53125 0.90625 0.106378
0.5 0.90625 0.103025
0.53125 0.9375 0.137155
0.53125 0.90625 0.106378
0.5625 0.90625 0.114808
0.5625 0.9375 0.14474
0.53125 0.9375 0.137155
0.53125 0.90625 0.106378
0.53125 0.875 0.0756733
0.5625 0.875 0.0851791
0.5625 0.90625 0.114808
0.53125 0.90625 0.106378
0.5625 1 0.205393
0.5625 0.9375 0.14474
0.625 0.9375 0.169786
0.625 1 0.226711
0.5625 1 0.205393
0.5625 0.9375 0.14474
0.5625 0.90625 0.114808
0.59375 0.90625 0.127056
0.59375 0.9375 0.155859
0.5625 0.9375 0.14474
0.5625 0.90625 0.114808
0.5625 0.875 0.0851791
0.59375 0.875 0.0987312
0.59375 0.90625 0.127056
0.5625 0.90625 0.114808
0.59375 0.9375 0.155859
0.59375 0.90625 0.127056
0.625 0.90625 0.142123
0.625 0.9375 0.169786
0.59375 0.9375 0.155859
0.59375 0.90625 0.127056
0.59375 0.875 0.0987312
0.625 0.875 0.115033
0.625 0.90625 0.142123
0.59375 0.90625 0.127056
0.5 0.875 0.0717946
0.5 0.84375 0.0405579
0.53125 0.84375 0.0450997
0.53125 0.875 0.0756733
0.5 0.875 0.0717946
0.5 0.84375 0.0405579
0.5 0.8125 0.00931171
0.53125 0.8125 0.0147212
0.53125 0.84375 0.0450997
0.5 0.84375 0.0405579
0.53125 0.875 0.0756733
0.53125 0.84375 0.0450997
0.5625 0.84375 0.0559444
0.5625 0.875 0.0851791
0.53125 0.875 0.0756733
0.53125 0.84375 0.0450997
0.53125 0.8125 0.0147212
0.5625 0.8125 0.0272418
0.5625 0.84375 0.0559444
0.53125 0.84375 0.0450997
0.5 0.8125 0.00931171
0.5 0.78125 -0.0217543
0.53125 0.78125 -0.0148692
0.53125 0.8125 0.0147212
0.5 0.8125 0.00931171
0.5 0.78125 -0.0217543
0.5 0.75 -0.0522762
0.53125 0.75 -0.0429589
0.53125 0.78125 -0.0148692
0.5 0.78125 -0.0217543
0.53125 0.8125 0.0147212
0.53125 0.78125 -0.0148692
0.5625 0.78125 -0.000694464
0.5625 0.8125 0.0272418
0.53125 0.8125 0.0147212
0.53125 0.78125 -0.0148692
0.53125 0.75 -0.0429589
0.5625 0.75 -0.0262984
0.5625 0.78125 -0.000694464
0.53125 0.78125 -0.0148692
0.5625 0.875 0.0851791
0.5625 0.84375 0.0559444
0.59375 0.84375 0.0709975
0.59375 0.875 0.0987312
0.5625 0.875 0.0851791
0.5625 0.84375 0.0559444
0.5625 0.8125 0.0272418
0.59375 0.8125 0.0440084
0.59375 0.84375 0.0709975
0.5625 0.84375 0.0559444
0.59375 0.875 0.0987312
0.59375 0.84375 0.0709975
0.625 0.84375 0.0886586
0.625 0.875 0.115033
0.59375 0.875 0.0987312
0.59375 0.84375 0.0709975
0.59375 0.8125 0.0440084
0.625 0.8125 0.0630837
0.625 0.84375 0.0886586
0.59375 0.84375 0.0709975
0.5625 0.8125 0.0272418
0.5625 0.78125 -0.000694464
0.59375 0.78125 0.0179485
0.59375 0.8125 0.0440084
0.5625 0.8125 0.0272418
0.5625 0.78125 -0.000694464
0.5625 0.75 -0.0262984
0.59375 0.75 -0.00659115
0.59375 0.78125 0.0179485
0.5625 0.78125 -0.000694464
0.59375 0.8125 0.0440084
0.59375 0.78125 0.0179485
0.625 0.78125 0.0384069
0.625 0.8125 0.0630837
0.59375 0.8125 0.0440084
0.59375 0.78125 0.0179485
0.59375 0.75 -0.00659115
0.625 0.75 0.0146907
0.625 0.78125 0.0384069
0.59375 0.78125 0.0179485
0.625 1 0.226711
0.625 0.9375 0.169786
0.6875 0.9375 0.204021
0.6875 1 0.256934
0.625 1 0.226711
0.625 0.9375 0.169786
0.625 0.875 0.115033
0.6875 0.875 0.152683
0.6875 0.9375 0.204021
0.625 0.9375 0.169786
0.6875 1 0.256934
0.6875 0.9375 0.204021
0.75 0.9375 0.243252
0.75 1 0.293198
0.6875 1 0.256934
0.6875 0.9375 0.204021
0.6875 0.875 0.152683
0.75 0.875 0.194692
0.75 0.9375 0.243252
0.6875 0.9375 0.204021
0.625 0.875 0.115033
0.625 0.84375 0.0886586
0.65625 0.84375 0.107992
0.65625 0.875 0.1333
0.625 0.875 0.115033
0.625 0.84375 0.0886586
0.625 0.8125 0.0630837
0.65625 0.8125 0.0834657
0.65625 0.84375 0.107992
0.625 0.84375 0.0886586
0.65625 0.875 0.1333
0.65625 0.84375 0.107992
0.6875 0.84375 0.12831
0.6875 0.875 0.152683
0.65625 0.875 0.1333
0.65625 0.84375 0.107992
0.65625 0.8125 0.0834657
0.6875 0.8125 0.104574
0.6875 0.84375 0.12831
0.65625 0.84375 0.107992
0.625 0.8125 0.0630837
0.625 0.78125 0.0384069
0.65625 0.78125 0.0597357
0.65625 0.8125 0.0834657
0.625 0.8125 0.0630837
0.625 0.78125 0.0384069
0.625 0.75 0.0146907
0.65625 0.75 0.0367513
0.65625 0.78125 0.0597357
0.625 0.78125 0.0384069
0.65625 0.8125 0.0834657
0.65625 0.78125 0.0597357
0.6875 0.78125 0.0814919
0.6875 0.8125 0.104574
0.65625 0.8125 0.0834657
0.65625 0.78125 0.0597357
0.65625 0.75 0.0367513
0.6875 0.75 0.0589689
0.6875 0.78125 0.0814919
0.65625 0.78125 0.0597357
0.6875 0.875 0.152683
0.6875 0.8125 0.104574
0.75 0.8125 0.14807
0.75 0.875 0.194692
0.6875 0.875 0.152683
0.6875 0.8125 0.104574
0.6875 0.78125 0.0814919
0.71875 0.78125 0.103535
0.71875 0.8125 0.126173
0.6875 0.8125 0.104574
0.6875 0.78125 0.0814919
0.6875 0.75 0.0589689
0.71875 0.75 0.0813157
0.71875 0.78125 0.103535
0.6875 0.78125 0.0814919
0.71875 0.8125 0.126173
0.71875 0.78125 0.103535
0.75 0.78125 0.125775
0.75 0.8125 0.14807
0.71875 0.8125 0.126173
0.71875 0.78125 0.103535
0.71875 0.75 0.0813157
0.75 0.75 0.103795
0.75 0.78125 0.125775
0.71875 0.78125 0.103535
0.5 0.75 -0.0522762
0.5 0.71875 -0.0815749
0.53125 0.71875 -0.069376
0.53125 0.75 -0.0429589
0.5 0.75 -0.0522762
0.5 0.71875 -0.0815749
0.5 0.6875 -0.109013
0.53125 0.6875 -0.0940534
0.53125 0.71875 -0.069376
0.5 0.71875 -0.0815749
0.53125 0.75 -0.0429589
0.53125 0.71875 -0.069376
0.5625 0.71875 -0.0504385
0.5625 0.75 -0.0262984
0.53125 0.75 -0.0429589
0.53125 0.71875 -0.069376
0.53125 0.6875 -0.0940534
0.5625 0.6875 -0.0735258
0.5625 0.71875 -0.0504385
0.53125 0.71875 -0.069376
0.5 0.6875 -0.109013
0.5 0.65625 -0.134463
0.53125 0.65625 -0.117473
0.53125 0.6875 -0.0940534
0.5 0.6875 -0.109013
0.5 0.65625 -0.134463
0.5 0.625 -0.158385
0.53125 0.625 -0.139944
0.53125 0.65625 -0.117473
0.5 0.65625 -0.134463
0.53125 0.6875 -0.0940534
0.53125 0.65625 -0.117473
0.5625 0.65625 -0.0959592
0.5625 0.6875 -0.0735258
0.53125 0.6875 -0.0940534
0.53125 0.65625 -0.117473
0.53125 0.625 -0.139944
0.5625 0.625 -0.118025
0.5625 0.65625 -0.0959592
0.53125 0.65625 -0.117473
0.5625 0.75 -0.0262984
0.5625 0.71875 -0.0504385
0.59375 0.71875 -0.0295337
0.59375 0.75 -0.00659115
0.5625 0.75 -0.0262984
0.5625 0.71875 -0.0504385
0.5625 0.6875 -0.0735258
0.59375 0.6875 -0.0518674
0.59375 0.71875 -0.0295337
0.5625 0.71875 -0.0504385
0.59375 0.75 -0.00659115
0.59375 0.71875 -0.0295337
0.625 0.71875 -0.00776049
0.625 0.75 0.0146907
0.59375 0.75 -0.00659115
0.59375 0.71875 -0.0295337
0.59375 0.6875 -0.0518674
0.625 0.6875 -0.0297283
0.625 0.71875 -0.00776049
0.59375 0.71875 -0.0295337
0.5625 0.6875 -0.0735258
0.5625 0.65625 -0.0959592
0.59375 0.65625 -0.0738797
0.59375 0.6875 -0.0518674
0.5625 0.6875 -0.0735258
0.5625 0.65625 -0.0959592
0.5625 0.625 -0.118025
0.59375 0.625 -0.0957131
0.59375 0.65625 -0.0738797
0.5625 0.65625 -0.0959592
0.59375 0.6875 -0.0518674
0.59375 0.65625 -0.0738797
0.625 0.65625 -0.0515389
0.625 0.6875 -0.0297283
0.59375 0.6875 -0.0518674
0.59375 0.65625 -0.0738797
0.59375 0.625 -0.0957131
0.625 0.625 -0.0732432
0.625 0.65625 -0.0515389
0.59375 0.65625 -0.0738797
0.5 0.625 -0.158385
0.5 0.5625 -0.204765
0.5625 0.5625 -0.161609
0.5625 0.625 -0.118025
0.5 0.625 -0.158385
0.5 0.5625 -0.204765
0.5 0.5 -0.245715
0.5625 0.5 -0.201441
0.5625 0.5625 -0.161609
0.5 0.5625 -0.204765
0.5625 0.625 -0.118025
0.5625 0.59375 -0.139887
0.59375 0.59375 -0.117426
0.59375 0.625 -0.0957131
0.5625 0.625 -0.118025
0.5625 0.59375 -0.139887
0.5625 0.5625 -0.161609
0.59375 0.5625 -0.139014
0.59375 0.59375 -0.117426
0.5625 0.59375 -0.139887
0.59375 0.625 -0.0957131
0.59375 0.59375 -0.117426
0.625 0.59375 -0.094842
0.625 0.625 -0.0732432
0.59375 0.625 -0.0957131
0.59375 0.59375 -0.117426
0.59375 0.5625 -0.139014
0.625 0.5625 -0.116298
0.625 0.59375 -0.094842
0.59375 0.59375 -0.117426
0.5625 0.5625 -0.161609
0.5625 0.5 -0.201441
0.625 0.5 -0.155387
0.625 0.5625 -0.116298
0.5625 0.5625 -0.161609
0.625 0.75 0.0146907
0.625 0.71875 -0.00776049
0.65625 0.71875 0.0144734
0.65625 0.75 0.0367513
0.625 0.75 0.0146907
0.625 0.71875 -0.00776049
0.625 0.6875 -0.0297283
0.65625 0.6875 -0.00735585
0.65625 0.71875 0.0144734
0.625 0.71875 -0.00776049
0.65625 0.75 0.0367513
0.65625 0.71875 0.0144734
0.6875 0.71875 0.0369225
0.6875 0.75 0.0589689
0.65625 0.75 0.0367513
0.65625 0.71875 0.0144734
0.65625 0.6875 -0.00735585
0.6875 0.6875 0.0151547
0.6875 0.71875 0.0369225
0.65625 0.71875 0.0144734
0.625 0.6875 -0.0297283
0.625 0.65625 -0.0515389
0.65625 0.65625 -0.0290583
0.65625 0.6875 -0.00735585
0.625 0.6875 -0.0297283
0.625 0.65625 -0.0515389
0.625 0.625 -0.0732432
0.65625 0.625 -0.0506666
0.65625 0.65625 -0.0290583
0.625 0.65625 -0.0515389
0.65625 0.6875 -0.00735585
0.65625 0.65625 -0.0290583
0.6875 0.65625 -0.00647934
0.6875 0.6875 0.0151547
0.65625 0.6875 -0.00735585
0.65625 0.65625 -0.0290583
0.65625 0.625 -0.0506666
0.6875 0.625 -0.0280032
0.6875 0.65625 -0.00647934
0.65625 0.65625 -0.0290583
0.6875 0.75 0.0589689
0.6875 0.71875 0.0369225
0.71875 0.71875 0.0594457
0.71875 0.75 0.0813157
0.6875 0.75 0.0589689
0.6875 0.71875 0.0369225
0.6875 0.6875 0.0151547
0.71875 0.6875 0.0377678
0.71875 0.71875 0.0594457
0.6875 0.71875 0.0369225
0.71875 0.75 0.0813157
0.71875 0.71875 0.0594457
0.75 0.71875 0.0820812
0.75 0.75 0.103795
0.71875 0.75 0.0813157
0.71875 0.71875 0.0594457
0.71875 0.6875 0.0377678
0.75 0.6875 0.0605241
0.75 0.71875 0.0820812
0.71875 0.71875 0.0594457
0.6875 0.6875 0.0151547
0.6875 0.65625 -0.00647934
0.71875 0.65625 0.0161987
0.71875 0.6875 0.0377678
0.6875 0.6875 0.0151547
0.6875 0.65625 -0.00647934
0.6875 0.625 -0.0280032
0.71875 0.625 -0.00524979
0.71875 0.65625 0.0161987
0.6875 0.65625 -0.00647934
0.71875 0.6875 0.0377678
0.71875 0.65625 0.0161987
0.75 0.65625 0.0391122
0.75 0.6875 0.0605241
0.71875 0.6875 0.0377678
0.71875 0.65625 0.0161987
0.71875 0.625 -0.00524979
0.75 0.625 0.0178936
0.75 0.65625 0.0391122
0.71875 0.65625 0.0161987
0.625 0.625 -0.0732432
0.625 0.59375 -0.094842
0.65625 0.59375 -0.0721565
0.65625 0.625 -0.0506666
0.625 0.625 -0.0732432
0.625 0.59375 -0.094842
0.625 0.5625 -0.116298
0.65625 0.5625 -0.0934321
0.65625 0.59375 -0.0721565
0.625 0.59375 -0.094842
0.65625 0.625 -0.0506666
0.65625 0.59375 -0.0721565
0.6875 0.59375 -0.0493526
0.6875 0.625 -0.0280032
0.65625 0.625 -0.0506666
0.65625 0.59375 -0.0721565
0.65625 0.5625 -0.0934321
0.6875 0.5625 -0.0703133
0.6875 0.59375 -0.0493526
0.65625 0.59375 -0.0721565
0.625 0.5625 -0.116298
0.625 0.53125 -0.137467
0.65625 0.53125 -0.114202
0.65625 0.5625 -0.0934321
0.625 0.5625 -0.116298
0.625 0.53125 -0.137467
0.625 0.5 -0.155387
0.65625 0.5 -0.13016
0.65625 0.53125 -0.114202
0.625 0.53125 -0.137467
0.65625 0.5625 -0.0934321
0.65625 0.53125 -0.114202
0.6875 0.53125 -0.0903064
0.6875 0.5625 -0.0703133
0.65625 0.5625 -0.0934321
0.65625 0.53125 -0.114202
0.65625 0.5 -0.13016
0.6875 0.5 -0.103868
0.6875 0.53125 -0.0903064
0.65625 0.53125 -0.114202
0.6875 0.625 -0.0280032
0.6875 0.59375 -0.0493526
0.71875 0.59375 -0.0263512
0.71875 0.625 -0.00524979
0.6875 0.625 -0.0280032
0.6875 0.59375 -0.0493526
0.6875 0.5625 -0.0703133
0.71875 0.5625 -0.0467209
0.71875 0.59375 -0.0263512
0.6875 0.59375 -0.0493526
0.71875 0.625 -0.00524979
0.71875 0.59375 -0.0263512
0.75 0.59375 -0.00293721
0.75 0.625 0.0178936
0.71875 0.625 -0.00524979
0.71875 0.59375 -0.0263512
0.71875 0.5625 -0.0467209
0.75 0.5625 -0.0222943
0.75 0.59375 -0.00293721
0.71875 0.59375 -0.0263512
0.6875 0.5625 -0.0703133
0.6875 0.53125 -0.0903064
0.71875 0.53125 -0.0653588
0.71875 0.5625 -0.0467209
0.6875 0.5625 -0.0703133
0.6875 0.53125 -0.0903064
0.6875 0.5 -0.103868
0.71875 0.5 -0.0764053
0.71875 0.53125 -0.0653588
0.6875 0.53125 -0.0903064
0.71875 0.5625 -0.0467209
0.71875 0.53125 -0.0653588
0.75 0.53125 -0.0388877
0.75 0.5625 -0.0222943
0.71875 0.5625 -0.0467209
0.71875 0.53125 -0.0653588
0.71875 0.5 -0.0764053
0.75 0.5 -0.0478384
0.75 0.53125 -0.0388877
0.71875 0.53125 -0.0653588
0.75 1 0.293198
0.75 0.875 0.194692
0.875 0.875 0.282678
0.875 1 0.373662
0.75 1 0.293198
0.75 0.875 0.194692
0.75 0.8125 0.14807
0.8125 0.8125 0.1929
0.8125 0.875 0.238038
0.75 0.875 0.194692
0.75 0.8125 0.14807
0.75 0.75 0.103795
0.8125 0.75 0.149356
0.8125 0.8125 0.1929
0.75 0.8125 0.14807
0.8125 0.875 0.238038
0.8125 0.8125 0.1929
0.875 0.8125 0.239007
0.875 0.875 0.282678
0.8125 0.875 0.238038
0.8125 0.8125 0.1929
0.8125 0.75 0.149356
0.875 0.75 0.196812
0.875 0.8125 0.239007
0.8125 0.8125 0.1929
0.875 1 0.373662
0.875 0.875 0.282678
1 0.875 0.38053
1 1 0.465429
0.875 1 0.373662
0.875 0.875 0.282678
0.875 0.75 0.196812
1 0.75 0.300391
1 0.875 0.38053
0.875 0.875 0.282678
0.75 0.75 0.103795
0.75 0.71875 0.0820812
0.78125 0.71875 0.10491
0.78125 0.75 0.126446
0.75 0.75 0.103795
0.75 0.71875 0.0820812
0.75 0.6875 0.0605241
0.78125 0.6875 0.0835835
0.78125 0.71875 0.10491
0.75 0.71875 0.0820812
0.78125 0.75 0.126446
0.78125 0.71875 0.10491
0.8125 0.71875 0.1281
0.8125 0.75 0.149356
0.78125 0.75 0.126446
0.78125 0.71875 0.10491
0.78125 0.6875 0.0835835
0.8125 0.6875 0.107151
0.8125 0.71875 0.1281
0.78125 0.71875 0.10491
0.75 0.6875 0.0605241
0.75 0.65625 0.0391122
0.78125 0.65625 0.0625172
0.78125 0.6875 0.0835835
0.75 0.6875 0.0605241
0.75 0.65625 0.0391122
0.75 0.625 0.0178936
0.78125 0.625 0.0418853
0.78125 0.65625 0.0625172
0.75 0.65625 0.0391122
0.78125 0.6875 0.0835835
0.78125 0.65625 0.0625172
0.8125 0.65625 0.086722
0.8125 0.6875 0.107151
0.78125 0.6875 0.0835835
0.78125 0.65625 0.0625172
0.78125 0.625 0.0418853
0.8125 0.625 0.0670466
0.8125 0.65625 0.086722
0.78125 0.65625 0.0625172
0.8125 0.75 0.149356
0.8125 0.6875 0.107151
0.875 0.6875 0.156487
0.875 0.75 0.196812
0.8125 0.75 0.149356
0.8125 0.6875 0.107151
0.8125 0.65625 0.086722
0.84375 0.65625 0.111893
0.84375 0.6875 0.131457
0.8125 0.6875 0.107151
0.8125 0.65625 0.086722
0.8125 0.625 0.0670466
0.84375 0.625 0.0934211
0.84375 0.65625 0.111893
0.8125 0.65625 0.086722
0.84375 0.6875 0.131457
0.84375 0.65625 0.111893
0.875 0.65625 0.13788
0.875 0.6875 0.156487
0.84375 0.6875 0.131457
0.84375 0.65625 0.111893
0.84375 0.625 0.0934211
0.875 0.625 0.120544
0.875 0.65625 0.13788
0.84375 0.65625 0.111893
0.75 0.625 0.0178936
0.75 0.59375 -0.00293721
0.78125 0.59375 0.0220029
0.78125 0.625 0.0418853
0.75 0.625 0.0178936
0.75 0.59375 -0.00293721
0.75 0.5625 -0.0222943
0.78125 0.5625 0.00358501
0.78125 0.59375 0.0220029
0.75 0.59375 -0.00293721
0.78125 0.625 0.0418853
0.78125 0.59375 0.0220029
0.8125 0.59375 0.0486817
0.8125 0.625 0.0670466
0.78125 0.625 0.0418853
0.78125 0.59375 0.0220029
0.78125 0.5625 0.00358501
0.8125 0.5625 0.0323453
0.8125 0.59375 0.0486817
0.78125 0.59375 0.0220029
0.75 0.5625 -0.0222943
0.75 0.53125 -0.0388877
0.78125 0.53125 -0.0107592
0.78125 0.5625 0.00358501
0.75 0.5625 -0.0222943
0.75 0.53125 -0.0388877
0.75 0.5 -0.0478384
0.78125 0.5 -0.0182591
0.78125 0.53125 -0.0107592
0.75 0.53125 -0.0388877
0.78125 0.5625 0.00358501
0.78125 0.53125 -0.0107592
0.8125 0.53125 0.0192917
0.8125 0.5625 0.0323453
0.78125 0.5625 0.00358501
0.78125 0.53125 -0.0107592
0.78125 0.5 -0.0182591
0.8125 0.5 0.0122866
0.8125 0.53125 0.0192917
0.78125 0.53125 -0.0107592
0.8125 0.625 0.0670466
0.8125 0.59375 0.0486817
0.84375 0.59375 0.0765028
0.84375 0.625 0.0934211
0.8125 0.625 0.0670466
0.8125 0.59375 0.0486817
0.8125 0.5625 0.0323453
0.84375 0.5625 0.0617848
0.84375 0.59375 0.0765028
0.8125 0.59375 0.0486817
0.84375 0.625 0.0934211
0.84375 0.59375 0.0765028
0.875 0.59375 0.104928
0.875 0.625 0.120544
0.84375 0.625 0.0934211
0.84375 0.59375 0.0765028
0.84375 0.5625 0.0617848
0.875 0.5625 0.091579
0.875 0.59375 0.104928
0.84375 0.59375 0.0765028
0.8125 0.5625 0.0323453
0.8125 0.53125 0.0192917
0.84375 0.53125 0.0502369
0.84375 0.5625 0.0617848
0.8125 0.5625 0.0323453
0.8125 0.53125 0.0192917
0.8125 0.5 0.0122866
0.84375 0.5 0.0435296
0.84375 0.53125 0.0502369
0.8125 0.53125 0.0192917
0.84375 0.5625 0.0617848
0.84375 0.53125 0.0502369
0.875 0.53125 0.0811604
0.875 0.5625 0.091579
0.84375 0.5625 0.0617848
0.84375 0.53125 0.0502369
0.84375 0.5 0.0435296
0.875 0.5 0.0747655
0.875 0.53125 0.0811604
0.84375 0.53125 0.0502369
0.875 0.75 0.196812
0.875 0.6875 0.156487
0.9375 0.6875 0.209928
0.9375 0.75 0.246893
0.875 0.75 0.196812
0.875 0.6875 0.156487
0.875 0.625 0.120544
0.9375 0.625 0.177702
0.9375 0.6875 0.209928
0.875 0.6875 0.156487
0.9375 0.75 0.246893
0.9375 0.6875 0.209928
1 0.6875 0.266184
1 0.75 0.300391
0.9375 0.75 0.246893
0.9375 0.6875 0.209928
0.9375 0.625 0.177702
1 0.625 0.236744
1 0.6875 0.266184
0.9375 0.6875 0.209928
0.875 0.625 0.120544
0.875 0.5625 0.091579
0.9375 0.5625 0.151761
0.9375 0.625 0.177702
0.875 0.625 0.120544
0.875 0.5625 0.091579
0.875 0.53125 0.0811604
0.90625 0.53125 0.112055
0.90625 0.5625 0.121598
0.875 0.5625 0.091579
0.875 0.53125 0.0811604
0.875 0.5 0.0747655
0.90625 0.5 0.105987
0.90625 0.53125 0.112055
0.875 0.53125 0.0811604
0.90625 0.5625 0.121598
0.90625 0.53125 0.112055
0.9375 0.53125 0.14293
0.9375 0.5625 0.151761
0.90625 0.5625 0.121598
0.90625 0.53125 0.112055
0.90625 0.5 0.105987
0.9375 0.5 0.137188
0.9375 0.53125 0.14293
0.90625 0.53125 0.112055
0.9375 0.625 0.177702
0.9375 0.5625 0.151761
1 0.5625 0.213472
1 0.625 0.236744
0.9375 0.625 0.177702
0.9375 0.5625 0.151761
0.9375 0.5 0.137188
1 0.5 0.199635
1 0.5625 0.213472
0.9375 0.5625 0.151761
0.5 0.5 -0.245715
0.5 0.4375 -0.202642
0.5625 0.4375 -0.16103
0.5625 0.5 -0.201441
0.5 0.5 -0.245715
0.5 0.4375 -0.202642
0.5 0.375 -0.156484
0.5625 0.375 -0.116092
0.5625 0.4375 -0.16103
0.5 0.4375 -0.202642
0.5625 0.5 -0.201441
0.5625 0.4375 -0.16103
0.625 0.4375 -0.117113
0.625 0.5 -0.155387
0.5625 0.5 -0.201441
0.5625 0.4375 -0.16103
0.5625 0.40625 -0.1387
0.59375 0.40625 -0.117133
0.59375 0.4375 -0.13919
0.5625 0.4375 -0.16103
0.5625 0.40625 -0.1387
0.5625 0.375 -0.116092
0.59375 0.375 -0.0947118
0.59375 0.40625 -0.117133
0.5625 0.40625 -0.1387
0.59375 0.4375 -0.13919
0.59375 0.40625 -0.117133
0.625 0.40625 -0.09538
0.625 0.4375 -0.117113
0.59375 0.4375 -0.13919
0.59375 0.40625 -0.117133
0.59375 0.375 -0.0947118
0.625 0.375 -0.0731207
0.625 0.40625 -0.09538
0.59375 0.40625 -0.117133
0.5 0.375 -0.156484
0.5 0.34375 -0.131899
0.53125 0.34375 -0.113716
0.53125 0.375 -0.136976
0.5 0.375 -0.156484
0.5 0.34375 -0.131899
0.5 0.3125 -0.106394
0.53125 0.3125 -0.0899212
0.53125 0.34375 -0.113716
0.5 0.34375 -0.131899
0.53125 0.375 -0.136976
0.53125 0.34375 -0.113716
0.5625 0.34375 -0.0932891
0.5625 0.375 -0.116092
0.53125 0.375 -0.136976
0.53125 0.34375 -0.113716
0.53125 0.3125 -0.0899212
0.5625 0.3125 -0.0702732
0.5625 0.34375 -0.0932891
0.53125 0.34375 -0.113716
0.5 0.3125 -0.106394
0.5 0.28125 -0.0795049
0.53125 0.28125 -0.0655192
0.53125 0.3125 -0.0899212
0.5 0.3125 -0.106394
0.5 0.28125 -0.0795049
0.5 0.25 -0.0511746
0.53125 0.25 -0.0401802
0.53125 0.28125 -0.0655192
0.5 0.28125 -0.0795049
0.53125 0.3125 -0.0899212
0.53125 0.28125 -0.0655192
0.5625 0.28125 -0.0469368
0.5625 0.3125 -0.0702732
0.53125 0.3125 -0.0899212
0.53125 0.28125 -0.0655192
0.53125 0.25 -0.0401802
0.5625 0.25 -0.0231317
0.5625 0.28125 -0.0469368
0.53125 0.28125 -0.0655192
0.5625 0.375 -0.116092
0.5625 0.34375 -0.0932891
0.59375 0.34375 -0.0721194
0.59375 0.375 -0.0947118
0.5625 0.375 -0.116092
0.5625 0.34375 -0.0932891
0.5625 0.3125 -0.0702732
0.59375 0.3125 -0.0494173
0.59375 0.34375 -0.0721194
0.5625 0.34375 -0.0932891
0.59375 0.375 -0.0947118
0.59375 0.34375 -0.0721194
0.625 0.34375 -0.05064
0.625 0.375 -0.0731207
0.59375 0.375 -0.0947118
0.59375 0.34375 -0.0721194
0.59375 0.3125 -0.0494173
0.625 0.3125 -0.0280718
0.625 0.34375 -0.05064
0.59375 0.34375 -0.0721194
0.5625 0.3125 -0.0702732
0.5625 0.28125 -0.0469368
0.59375 0.28125 -0.0265751
0.59375 0.3125 -0.0494173
0.5625 0.3125 -0.0702732
0.5625 0.28125 -0.0469368
0.5625 0.25 -0.0231317
0.59375 0.25 -0.00353276
0.59375 0.28125 -0.0265751
0.5625 0.28125 -0.0469368
0.59375 0.3125 -0.0494173
0.59375 0.28125 -0.0265751
0.625 0.28125 -0.00541677
0.625 0.3125 -0.0280718
0.59375 0.3125 -0.0494173
0.59375 0.28125 -0.0265751
0.59375 0.25 -0.00353276
0.625 0.25 0.0174468
0.625 0.28125 -0.00541677
0.59375 0.28125 -0.0265751
0.625 0.5 -0.155387
0.625 0.46875 -0.137686
0.65625 0.46875 -0.114436
0.65625 0.5 -0.13016
0.625 0.5 -0.155387
0.625 0.46875 -0.137686
0.625 0.4375 -0.117113
0.65625 0.4375 -0.0947828
0.65625 0.46875 -0.114436
0.625 0.46875 -0.137686
0.65625 0.5 -0.13016
0.65625 0.46875 -0.114436
0.6875 0.46875 -0.0904131
0.6875 0.5 -0.103868
0.65625 0.5 -0.13016
0.65625 0.46875 -0.114436
0.65625 0.4375 -0.0947828
0.6875 0.4375 -0.0720881
0.6875 0.46875 -0.0904131
0.65625 0.46875 -0.114436
0.625 0.4375 -0.117113
0.625 0.40625 -0.09538
0.65625 0.40625 -0.0734855
0.65625 0.4375 -0.0947828
0.625 0.4375 -0.117113
0.625 0.40625 -0.09538
0.625 0.375 -0.0731207
0.65625 0.375 -0.0514166
0.65625 0.40625 -0.0734855
0.625 0.40625 -0.09538
0.65625 0.4375 -0.0947828
0.65625 0.40625 -0.0734855
0.6875 0.40625 -0.0514347
0.6875 0.4375 -0.0720881
0.65625 0.4375 -0.0947828
0.65625 0.40625 -0.0734855
0.65625 0.375 -0.0514166
0.6875 0.375 -0.0296293
0.6875 0.40625 -0.0514347
0.65625 0.40625 -0.0734855
0.6875 0.5 -0.103868
0.6875 0.46875 -0.0904131
0.71875 0.46875 -0.0655402
0.71875 0.5 -0.0764053
0.6875 0.5 -0.103868
0.6875 0.46875 -0.0904131
0.6875 0.4375 -0.0720881
0.71875 0.4375 -0.0488994
0.71875 0.46875 -0.0655402
0.6875 0.46875 -0.0904131
0.71875 0.5 -0.0764053
0.71875 0.46875 -0.0655402
0.75 0.46875 -0.0395448
0.75 0.5 -0.0478384
0.71875 0.5 -0.0764053
0.71875 0.46875 -0.0655402
0.71875 0.4375 -0.0488994
0.75 0.4375 -0.0250429
0.75 0.46875 -0.0395448
0.71875 0.46875 -0.0655402
0.6875 0.4375 -0.0720881
0.6875 0.40625 -0.0514347
0.71875 0.40625 -0.0291598
0.71875 0.4375 -0.0488994
0.6875 0.4375 -0.0720881
0.6875 0.40625 -0.0514347
0.6875 0.375 -0.0296293
0.71875 0.375 -0.00776838
0.71875 0.40625 -0.0291598
0.6875 0.40625 -0.0514347
0.71875 0.4375 -0.0488994
0.71875 0.40625 -0.0291598
0.75 0.40625 -0.00665172
0.75 0.4375 -0.0250429
0.71875 0.4375 -0.0488994
0.71875 0.40625 -0.0291598
0.71875 0.375 -0.00776838
0.75 0.375 0.0145553
0.75 0.40625 -0.00665172
0.71875 0.40625 -0.0291598
0.625 0.375 -0.0731207
0.625 0.34375 -0.05064
0.65625 0.34375 -0.0290361
0.65625 0.375 -0.0514166
0.625 0.375 -0.0731207
0.625 0.34375 -0.05064
0.625 0.3125 -0.0280718
0.65625 0.3125 -0.00653821
0.65625 0.34375 -0.0290361
0.625 0.34375 -0.05064
0.65625 0.375 -0.0514166
0.65625 0.34375 -0.0290361
0.6875 0.34375 -0.00736538
0.6875 0.375 -0.0296293
0.65625 0.375 -0.0514166
0.65625 0.34375 -0.0290361
0.65625 0.3125 -0.00653821
0.6875 0.3125 0.0151049
0.6875 0.34375 -0.00736538
0.65625 0.34375 -0.0290361
0.625 0.3125 -0.0280718
0.625 0.28125 -0.00541677
0.65625 0.28125 0.0160586
0.65625 0.3125 -0.00653821
0.625 0.3125 -0.0280718
0.625 0.28125 -0.00541677
0.625 0.25 0.0174468
0.65625 0.25 0.0387708
0.65625 0.28125 0.0160586
0.625 0.28125 -0.00541677
0.65625 0.3125 -0.00653821
0.65625 0.28125 0.0160586
0.6875 0.28125 0.0376398
0.6875 0.3125 0.0151049
0.65625 0.3125 -0.00653821
0.65625 0.28125 0.0160586
0.65625 0.25 0.0387708
0.6875 0.25 0.0602529
0.6875 0.28125 0.0376398
0.65625 0.28125 0.0160586
0.6875 0.375 -0.0296293
0.6875 0.34375 -0.00736538
0.71875 0.34375 0.0144404
0.71875 0.375 -0.00776838
0.6875 0.375 -0.0296293
0.6875 0.34375 -0.00736538
0.6875 0.3125 0.0151049
0.71875 0.3125 0.0368282
0.71875 0.34375 0.0144404
0.6875 0.34375 -0.00736538
0.71875 0.375 -0.00776838
0.71875 0.34375 0.0144404
0.75 0.34375 0.0364652
0.75 0.375 0.0145553
0.71875 0.375 -0.00776838
0.71875 0.34375 0.0144404
0.71875 0.3125 0.0368282
0.75 0.3125 0.0586747
0.75 0.34375 0.0364652
0.71875 0.34375 0.0144404
0.6875 0.3125 0.0151049
0.6875 0.28125 0.0376398
0.71875 0.28125 0.0592921
0.71875 0.3125 0.0368282
0.6875 0.3125 0.0151049
0.6875 0.28125 0.0376398
0.6875 0.25 0.0602529
0.71875 0.25 0.0818262
0.71875 0.28125 0.0592921
0.6875 0.28125 0.0376398
0.71875 0.3125 0.0368282
0.71875 0.28125 0.0592921
0.75 0.28125 0.0810333
0.75 0.3125 0.0586747
0.71875 0.3125 0.0368282
0.71875 0.28125 0.0592921
0.71875 0.25 0.0818262
0.75 0.25 0.103482
0.75 0.28125 0.0810333
0.71875 0.28125 0.0592921
0.5 0.25 -0.0511746
0.5 0.21875 -0.0215839
0.53125 0.21875 -0.0137577
0.53125 0.25 -0.0401802
0.5 0.25 -0.0511746
0.5 0.21875 -0.0215839
0.5 0.1875 0.00939514
0.53125 0.1875 0.0149442
0.53125 0.21875 -0.0137577
0.5 0.21875 -0.0215839
0.53125 0.25 -0.0401802
0.53125 0.21875 -0.0137577
0.5625 0.21875 0.00145296
0.5625 0.25 -0.0231317
0.53125 0.25 -0.0401802
0.53125 0.21875 -0.0137577
0.53125 0.1875 0.0149442
0.5625 0.1875 0.0281903
0.5625 0.21875 0.00145296
0.53125 0.21875 -0.0137577
0.5 0.1875 0.00939514
0.5 0.15625 0.0406396
0.53125 0.15625 0.0450355
0.53125 0.1875 0.0149442
0.5 0.1875 0.00939514
0.5 0.15625 0.0406396
0.5 0.125 0.0718792
0.53125 0.125 0.0755022
0.53125 0.15625 0.0450355
0.5 0.15625 0.0406396
0.53125 0.1875 0.0149442
0.53125 0.15625 0.0450355
0.5625 0.15625 0.0561409
0.5625 0.1875 0.0281903
0.53125 0.1875 0.0149442
0.53125 0.15625 0.0450355
0.53125 0.125 0.0755022
0.5625 0.125 0.0849094
0.5625 0.15625 0.0561409
0.53125 0.15625 0.0450355
0.5625 0.25 -0.0231317
0.5625 0.21875 0.00145296
0.59375 0.21875 0.0203442
0.59375 0.25 -0.00353276
0.5625 0.25 -0.0231317
0.5625 0.21875 0.00145296
0.5625 0.1875 0.0281903
0.59375 0.1875 0.0452516
0.59375 0.21875 0.0203442
0.5625 0.21875 0.00145296
0.59375 0.25 -0.00353276
0.59375 0.21875 0.0203442
0.625 0.21875 0.0406935
0.625 0.25 0.0174468
0.59375 0.25 -0.00353276
0.59375 0.21875 0.0203442
0.59375 0.1875 0.0452516
0.625 0.1875 0.0645366
0.625 0.21875 0.0406935
0.59375 0.21875 0.0203442
0.5625 0.1875 0.0281903
0.5625 0.15625 0.0561409
0.59375 0.15625 0.0712368
0.59375 0.1875 0.0452516
0.5625 0.1875 0.0281903
0.5625 0.15625 0.0561409
0.5625 0.125 0.0849094
0.59375 0.125 0.0982906
0.59375 0.15625 0.0712368
0.5625 0.15625 0.0561409
0.59375 0.1875 0.0452516
0.59375 0.15625 0.0712368
0.625 0.15625 0.089157
0.625 0.1875 0.0645366
0.59375 0.1875 0.0452516
0.59375 0.15625 0.0712368
0.59375 0.125 0.0982906
0.625 0.125 0.114657
0.625 0.15625 0.089157
0.59375 0.15625 0.0712368
0.5 0.125 0.0718792
0.5 0.09375 0.103109
0.53125 0.09375 0.106126
0.53125 0.125 0.0755022
0.5 0.125 0.0718792
0.5 0.09375 0.103109
0.5 0.0625 0.134323
0.53125 0.0625 0.136941
0.53125 0.09375 0.106126
0.5 0.09375 0.103109
0.53125 0.125 0.0755022
0.53125 0.09375 0.106126
0.5625 0.09375 0.114258
0.5625 0.125 0.0849094
0.53125 0.125 0.0755022
0.53125 0.09375 0.106126
0.53125 0.0625 0.136941
0.5625 0.0625 0.143967
0.5625 0.09375 0.114258
0.53125 0.09375 0.106126
0.5 0.0625 0.134323
0.5 0 0.19678
0.5625 0 0.204725
0.5625 0.0625 0.143967
0.5 0.0625 0.134323
0.5625 0.125 0.0849094
0.5625 0.09375 0.114258
0.59375 0.09375 0.126179
0.59375 0.125 0.0982906
0.5625 0.125 0.0849094
0.5625 0.09375 0.114258
0.5625 0.0625 0.143967
0.59375 0.0625 0.154612
0.59375 0.09375 0.126179
0.5625 0.09375 0.114258
0.59375 0.125 0.0982906
0.59375 0.09375 0.126179
0.625 0.09375 0.14113
0.625 0.125 0.114657
0.59375 0.125 0.0982906
0.59375 0.09375 0.126179
0.59375 0.0625 0.154612
0.625 0.0625 0.168268
0.625 0.09375 0.14113
0.59375 0.09375 0.126179
0.5625 0.0625 0.143967
0.5625 0 0.204725
0.625 0 0.225373
0.625 0.0625 0.168268
0.5625 0.0625 0.143967
0.625 0.25 0.0174468
0.625 0.21875 0.0406935
0.65625 0.21875 0.0616811
0.65625 0.25 0.0387708
0.625 0.25 0.0174468
0.625 0.21875 0.0406935
0.625 0.1875 0.0645366
0.65625 0.1875 0.0849316
0.65625 0.21875 0.0616811
0.625 0.21875 0.0406935
0.65625 0.25 0.0387708
0.65625 0.21875 0.0616811
0.6875 0.21875 0.0829827
0.6875 0.25 0.0602529
0.65625 0.25 0.0387708
0.65625 0.21875 0.0616811
0.65625 0.1875 0.0849316
0.6875 0.1875 0.105907
0.6875 0.21875 0.0829827
0.65625 0.21875 0.0616811
0.625 0.1875 0.0645366
0.625 0.15625 0.089157
0.65625 0.15625 0.108681
0.65625 0.1875 0.0849316
0.625 0.1875 0.0645366
0.625 0.15625 0.089157
0.625 0.125 0.114657
0.65625 0.125 0.133076
0.65625 0.15625 0.108681
0.625 0.15625 0.089157
0.65625 0.1875 0.0849316
0.65625 0.15625 0.108681
0.6875 0.15625 0.129161
0.6875 0.1875 0.105907
0.65625 0.1875 0.0849316
0.65625 0.15625 0.108681
0.65625 0.125 0.133076
0.6875 0.125 0.152845
0.6875 0.15625 0.129161
0.65625 0.15625 0.108681
0.6875 0.25 0.0602529
0.6875 0.21875 0.0829827
0.71875 0.21875 0.104447
0.71875 0.25 0.0818262
0.6875 0.25 0.0602529
0.6875 0.21875 0.0829827
0.6875 0.1875 0.105907
0.71875 0.1875 0.127189
0.71875 0.21875 0.104447
0.6875 0.21875 0.0829827
0.71875 0.25 0.0818262
0.71875 0.21875 0.104447
0.75 0.21875 0.126012
0.75 0.25 0.103482
0.71875 0.25 0.0818262
0.71875 0.21875 0.104447
0.71875 0.1875 0.127189
0.75 0.1875 0.148638
0.75 0.21875 0.126012
0.71875 0.21875 0.104447
0.6875 0.1875 0.105907
0.6875 0.125 0.152845
0.75 0.125 0.194451
0.75 0.1875 0.148638
0.6875 0.1875 0.105907
0.625 0.125 0.114657
0.625 0.0625 0.168268
0.6875 0.0625 0.202139
0.6875 0.125 0.152845
0.625 0.125 0.114657
0.625 0.0625 0.168268
0.625 0 0.225373
0.6875 0 0.255152
0.6875 0.0625 0.202139
0.625 0.0625 0.168268
0.6875 0.125 0.152845
0.6875 0.0625 0.202139
0.75 0.0625 0.241611
0.75 0.125 0.194451
0.6875 0.125 0.152845
0.6875 0.0625 0.202139
0.6875 0 0.255152
0.75 0 0.291452
0.75 0.0625 0.241611
0.6875 0.0625 0.202139
0.75 0.5 -0.0478384
0.75 0.46875 -0.0395448
0.78125 0.46875 -0.0123802
0.78125 0.5 -0.0182591
0.75 0.5 -0.0478384
0.75 0.46875 -0.0395448
0.75 0.4375 -0.0250429
0.78125 0.4375 -0.000541142
0.78125 0.46875 -0.0123802
0.75 0.46875 -0.0395448
0.78125 0.5 -0.0182591
0.78125 0.46875 -0.0123802
0.8125 0.46875 0.0166142
0.8125 0.5 0.0122866
0.78125 0.5 -0.0182591
0.78125 0.46875 -0.0123802
0.78125 0.4375 -0.000541142
0.8125 0.4375 0.0273241
0.8125 0.46875 0.0166142
0.78125 0.46875 -0.0123802
0.75 0.4375 -0.0250429
0.75 0.40625 -0.00665172
0.78125 0.40625 0.0173338
0.78125 0.4375 -0.000541142
0.75 0.4375 -0.0250429
0.75 0.40625 -0.00665172
0.75 0.375 0.0145553
0.78125 0.375 0.0375637
0.78125 0.40625 0.0173338
0.75 0.40625 -0.00665172
0.78125 0.4375 -0.000541142
0.78125 0.40625 0.0173338
0.8125 0.40625 0.0428494
0.8125 0.4375 0.0273241
0.78125 0.4375 -0.000541142
0.78125 0.40625 0.0173338
0.78125 0.375 0.0375637
0.8125 0.375 0.0615087
0.8125 0.40625 0.0428494
0.78125 0.40625 0.0173338
0.8125 0.5 0.0122866
0.8125 0.46875 0.0166142
0.84375 0.46875 0.0471155
0.84375 0.5 0.0435296
0.8125 0.5 0.0122866
0.8125 0.46875 0.0166142
0.8125 0.4375 0.0273241
0.84375 0.4375 0.0561962
0.84375 0.46875 0.0471155
0.8125 0.46875 0.0166142
0.84375 0.5 0.0435296
0.84375 0.46875 0.0471155
0.875 0.46875 0.0778189
0.875 0.5 0.0747655
0.84375 0.5 0.0435296
0.84375 0.46875 0.0471155
0.84375 0.4375 0.0561962
0.875 0.4375 0.0856101
0.875 0.46875 0.0778189
0.84375 0.46875 0.0471155
0.8125 0.4375 0.0273241
0.8125 0.40625 0.0428494
0.84375 0.40625 0.0696943
0.84375 0.4375 0.0561962
0.8125 0.4375 0.0273241
0.8125 0.40625 0.0428494
0.8125 0.375 0.0615087
0.84375 0.375 0.0865475
0.84375 0.40625 0.0696943
0.8125 0.40625 0.0428494
0.84375 0.4375 0.0561962
0.84375 0.40625 0.0696943
0.875 0.40625 0.0974457
0.875 0.4375 0.0856101
0.84375 0.4375 0.0561962
0.84375 0.40625 0.0696943
0.84375 0.375 0.0865475
0.875 0.375 0.112594
0.875 0.40625 0.0974457
0.84375 0.40625 0.0696943
0.75 0.375 0.0145553
0.75 0.34375 0.0364652
0.78125 0.34375 0.0588696
0.78125 0.375 0.0375637
0.75 0.375 0.0145553
0.75 0.34375 0.0364652
0.75 0.3125 0.0586747
0.78125 0.3125 0.0807394
0.78125 0.34375 0.0588696
0.75 0.34375 0.0364652
0.78125 0.375 0.0375637
0.78125 0.34375 0.0588696
0.8125 0.34375 0.0818658
0.8125 0.375 0.0615087
0.78125 0.375 0.0375637
0.78125 0.34375 0.0588696
0.78125 0.3125 0.0807394
0.8125 0.3125 0.103168
0.8125 0.34375 0.0818658
0.78125 0.34375 0.0588696
0.75 0.3125 0.0586747
0.75 0.28125 0.0810333
0.78125 0.28125 0.102907
0.78125 0.3125 0.0807394
0.75 0.3125 0.0586747
0.75 0.28125 0.0810333
0.75 0.25 0.103482
0.78125 0.25 0.125242
0.78125 0.28125 0.102907
0.75 0.28125 0.0810333
0.78125 0.3125 0.0807394
0.78125 0.28125 0.102907
0.8125 0.28125 0.124999
0.8125 0.3125 0.103168
0.78125 0.3125 0.0807394
0.78125 0.28125 0.102907
0.78125 0.25 0.125242
0.8125 0.25 0.147145
0.8125 0.28125 0.124999
0.78125 0.28125 0.102907
0.8125 0.375 0.0615087
0.8125 0.34375 0.0818658
0.84375 0.34375 0.105638
0.84375 0.375 0.0865475
0.8125 0.375 0.0615087
0.8125 0.34375 0.0818658
0.8125 0.3125 0.103168
0.84375 0.3125 0.126155
0.84375 0.34375 0.105638
0.8125 0.34375 0.0818658
0.84375 0.375 0.0865475
0.84375 0.34375 0.105638
0.875 0.34375 0.130284
0.875 0.375 0.112594
0.84375 0.375 0.0865475
0.84375 0.34375 0.105638
0.84375 0.3125 0.126155
0.875 0.3125 0.1498
0.875 0.34375 0.130284
0.84375 0.34375 0.105638
0.8125 0.3125 0.103168
0.8125 0.25 0.147145
0.875 0.25 0.191898
0.875 0.3125 0.1498
0.8125 0.3125 0.103168
0.875 0.5 0.0747655
0.875 0.46875 0.0778189
0.90625 0.46875 0.108602
0.90625 0.5 0.105987
0.875 0.5 0.0747655
0.875 0.46875 0.0778189
0.875 0.4375 0.0856101
0.90625 0.4375 0.115409
0.90625 0.46875 0.108602
0.875 0.46875 0.0778189
0.90625 0.5 0.105987
0.90625 0.46875 0.108602
0.9375 0.46875 0.139489
0.9375 0.5 0.137188
0.90625 0.5 0.105987
0.90625 0.46875 0.108602
0.90625 0.4375 0.115409
0.9375 0.4375 0.145466
0.9375 0.46875 0.139489
0.90625 0.46875 0.108602
0.875 0.4375 0.0856101
0.875 0.40625 0.0974457
0.90625 0.40625 0.125936
0.90625 0.4375 0.115409
0.875 0.4375 0.0856101
0.875 0.40625 0.0974457
0.875 0.375 0.112594
0.90625 0.375 0.139682
0.90625 0.40625 0.125936
0.875 0.40625 0.0974457
0.90625 0.4375 0.115409
0.90625 0.40625 0.125936
0.9375 0.40625 0.154898
0.9375 0.4375 0.145466
0.90625 0.4375 0.115409
0.90625 0.40625 0.125936
0.90625 0.375 0.139682
0.9375 0.375 0.167414
0.9375 0.40625 0.154898
0.90625 0.40625 0.125936
0.9375 0.5 0.137188
0.9375 0.4375 0.145466
1 0.4375 0.206554
1 0.5 0.199635
0.9375 0.5 0.137188
0.9375 0.4375 0.145466
0.9375 0.375 0.167414
1 0.375 0.225333
1 0.4375 0.206554
0.9375 0.4375 0.145466
0.875 0.375 0.112594
0.875 0.3125 0.1498
0.9375 0.3125 0.199517
0.9375 0.375 0.167414
0.875 0.375 0.112594
0.875 0.3125 0.1498
0.875 0.25 0.191898
0.9375 0.25 0.238647
0.9375 0.3125 0.199517
0.875 0.3125 0.1498
0.9375 0.375 0.167414
0.9375 0.3125 0.199517
1 0.3125 0.253333
1 0.375 0.225333
0.9375 0.375 0.167414
0.9375 0.3125 0.199517
0.9375 0.25 0.238647
1 0.25 0.288753
1 0.3125 0.253333
0.9375 0.3125 0.199517
0.75 0.25 0.103482
0.75 0.1875 0.148638
0.8125 0.1875 0.19185
0.8125 0.25 0.147145
0.75 0.25 0.103482
0.75 0.1875 0.148638
0.75 0.125 0.194451
0.8125 0.125 0.237051
0.8125 0.1875 0.19185
0.75 0.1875 0.148638
0.8125 0.25 0.147145
0.8125 0.1875 0.19185
0.875 0.1875 0.235727
0.875 0.25 0.191898
0.8125 0.25 0.147145
0.8125 0.1875 0.19185
0.8125 0.125 0.237051
0.875 0.125 0.280254
0.875 0.1875 0.235727
0.8125 0.1875 0.19185
0.75 0.125 0.194451
0.75 0 0.291452
0.875 0 0.372447
0.875 0.125 0.280254
0.75 0.125 0.194451
0.875 0.25 0.191898
0.875 0.125 0.280254
1 0.125 0.371244
1 0.25 0.288753
0.875 0.25 0.191898
0.875 0.125 0.280254
0.875 0 0.372447
1 0 0.460242
1 0.125 0.371244
0.875 0.125 0.280254
