0 1 0.43154
0 0.875 0.334444
0.125 0.875 0.243196
0.125 1 0.3528
0 1 0.43154
0 0.875 0.334444
0 0.8125 0.293427
0.0625 0.8125 0.240197
0.0625 0.875 0.285248
0 0.875 0.334444
0 0.8125 0.293427
0 0.75 0.257945
0.0625 0.75 0.200565
0.0625 0.8125 0.240197
0 0.8125 0.293427
0.0625 0.875 0.285248
0.0625 0.8125 0.240197
0.125 0.8125 0.192754
0.125 0.875 0.243196
0.0625 0.875 0.285248
0.0625 0.8125 0.240197
0.0625 0.75 0.200565
0.125 0.75 0.146585
0.125 0.8125 0.192754
0.0625 0.8125 0.240197
0.125 1 0.3528
0.125 0.875 0.243196
0.25 0.875 0.182829
0.25 1 0.301772
0.125 1 0.3528
0.125 0.875 0.243196
0.125 0.8125 0.192754
0.1875 0.8125 0.151708
0.1875 0.875 0.207924
0.125 0.875 0.243196
0.125 0.8125 0.192754
0.125 0.75 0.146585
0.1875 0.75 0.0996428
0.1875 0.8125 0.151708
0.125 0.8125 0.192754
0.1875 0.875 0.207924
0.1875 0.8125 0.151708
0.25 0.8125 0.123552
0.25 0.875 0.182829
0.1875 0.875 0.207924
0.1875 0.8125 0.151708
0.1875 0.78125 0.125131
0.21875 0.78125 0.10785
0.21875 0.8125 0.13617
0.1875 0.8125 0.151708
0.1875 0.78125 0.125131
0.1875 0.75 0.0996428
0.21875 0.75 0.0802384
0.21875 0.78125 0.10785
0.1875 0.78125 0.125131
0.21875 0.8125 0.13617
0.21875 0.78125 0.10785
0.25 0.78125 0.0942187
0.25 0.8125 0.123552
0.21875 0.8125 0.13617
0.21875 0.78125 0.10785
0.21875 0.75 0.0802384
0.25 0.75 0.0650672
0.25 0.78125 0.0942187
0.21875 0.78125 0.10785
0 0.75 0.257945
0 0.6875 0.229654
0.0625 0.6875 0.168522
0.0625 0.75 0.200565
0 0.75 0.257945
0 0.6875 0.229654
0 0.625 0.211597
0.0625 0.625 0.14907
0.0625 0.6875 0.168522
0 0.6875 0.229654
0.0625 0.75 0.200565
0.0625 0.6875 0.168522
0.125 0.6875 0.110073
0.125 0.75 0.146585
0.0625 0.75 0.200565
0.0625 0.6875 0.168522
0.0625 0.65625 0.157131
0.09375 0.65625 0.126627
0.09375 0.6875 0.139102
0.0625 0.6875 0.168522
0.0625 0.65625 0.157131
0.0625 0.625 0.14907
0.09375 0.625 0.117804
0.09375 0.65625 0.126627
0.0625 0.65625 0.157131
0.09375 0.6875 0.139102
0.09375 0.65625 0.126627
0.125 0.65625 0.0962607
0.125 0.6875 0.110073
0.09375 0.6875 0.139102
0.09375 0.65625 0.126627
0.09375 0.625 0.117804
0.125 0.625 0.0865494
0.125 0.65625 0.0962607
0.09375 0.65625 0.126627
0 0.625 0.211597
0 0.5625 0.215435
0.0625 0.5625 0.153602
0.0625 0.625 0.14907
0 0.625 0.211597
0 0.5625 0.215435
0 0.5 0.229376
0.0625 0.5 0.168863
0.0625 0.5625 0.153602
0 0.5625 0.215435
0.0625 0.625 0.14907
0.0625 0.59375 0.149122
0.09375 0.59375 0.117996
0.09375 0.625 0.117804
0.0625 0.625 0.14907
0.0625 0.59375 0.149122
0.0625 0.5625 0.153602
0.09375 0.5625 0.122907
0.09375 0.59375 0.117996
0.0625 0.59375 0.149122
0.09375 0.625 0.117804
0.09375 0.59375 0.117996
0.125 0.59375 0.0868792
0.125 0.625 0.0865494
0.09375 0.625 0.117804
0.09375 0.59375 0.117996
0.09375 0.5625 0.122907
0.125 0.5625 0.0922711
0.125 0.59375 0.0868792
0.09375 0.59375 0.117996
0.0625 0.5625 0.153602
0.0625 0.5 0.168863
0.125 0.5 0.108745
0.125 0.5625 0.0922711
0.0625 0.5625 0.153602
0.125 0.75 0.146585
0.125 0.71875 0.127058
0.15625 0.71875 0.100718
0.15625 0.75 0.122259
0.125 0.75 0.146585
0.125 0.71875 0.127058
0.125 0.6875 0.110073
0.15625 0.6875 0.081687
0.15625 0.71875 0.100718
0.125 0.71875 0.127058
0.15625 0.75 0.122259
0.15625 0.71875 0.100718
0.1875 0.71875 0.0757716
0.1875 0.75 0.0996428
0.15625 0.75 0.122259
0.15625 0.71875 0.100718
0.15625 0.6875 0.081687
0.1875 0.6875 0.0541693
0.1875 0.71875 0.0757716
0.15625 0.71875 0.100718
0.125 0.6875 0.110073
0.125 0.65625 0.0962607
0.15625 0.65625 0.0660657
0.15625 0.6875 0.081687
0.125 0.6875 0.110073
0.125 0.65625 0.0962607
0.125 0.625 0.0865494
0.15625 0.625 0.0552976
0.15625 0.65625 0.0660657
0.125 0.65625 0.0962607
0.15625 0.6875 0.081687
0.15625 0.65625 0.0660657
0.1875 0.65625 0.036039
0.1875 0.6875 0.0541693
0.15625 0.6875 0.081687
0.15625 0.65625 0.0660657
0.15625 0.625 0.0552976
0.1875 0.625 0.0240463
0.1875 0.65625 0.036039
0.15625 0.65625 0.0660657
0.1875 0.75 0.0996428
0.1875 0.71875 0.0757716
0.21875 0.71875 0.0535225
0.21875 0.75 0.0802384
0.1875 0.75 0.0996428
0.1875 0.71875 0.0757716
0.1875 0.6875 0.0541693
0.21875 0.6875 0.0284983
0.21875 0.71875 0.0535225
0.1875 0.71875 0.0757716
0.21875 0.75 0.0802384
0.21875 0.71875 0.0535225
0.25 0.71875 0.0362345
0.25 0.75 0.0650672
0.21875 0.75 0.0802384
0.21875 0.71875 0.0535225
0.21875 0.6875 0.0284983
0.25 0.6875 0.00784133
0.25 0.71875 0.0362345
0.21875 0.71875 0.0535225
0.1875 0.6875 0.0541693
0.1875 0.65625 0.036039
0.21875 0.65625 0.00617334
0.21875 0.6875 0.0284983
0.1875 0.6875 0.0541693
0.1875 0.65625 0.036039
0.1875 0.625 0.0240463
0.21875 0.625 -0.00687102
0.21875 0.65625 0.00617334
0.1875 0.65625 0.036039
0.21875 0.6875 0.0284983
0.21875 0.65625 0.00617334
0.25 0.65625 -0.0176204
0.25 0.6875 0.00784133
0.21875 0.6875 0.0284983
0.21875 0.65625 0.00617334
0.21875 0.625 -0.00687102
0.25 0.625 -0.0356817
0.25 0.65625 -0.0176204
0.21875 0.65625 0.00617334
0.125 0.625 0.0865494
0.125 0.59375 0.0868792
0.15625 0.59375 0.0557707
0.15625 0.625 0.0552976
0.125 0.625 0.0865494
0.125 0.59375 0.0868792
0.125 0.5625 0.0922711
0.15625 0.5625 0.0617771
0.15625 0.59375 0.0557707
0.125 0.59375 0.0868792
0.15625 0.625 0.0552976
0.15625 0.59375 0.0557707
0.1875 0.59375 0.0247033
0.1875 0.625 0.0240463
0.15625 0.625 0.0552976
0.15625 0.59375 0.0557707
0.15625 0.5625 0.0617771
0.1875 0.5625 0.0313876
0.1875 0.59375 0.0247033
0.15625 0.59375 0.0557707
0.125 0.5625 0.0922711
0.125 0.53125 0.100027
0.15625 0.53125 0.0699204
0.15625 0.5625 0.0617771
0.125 0.5625 0.0922711
0.125 0.53125 0.100027
0.125 0.5 0.108745
0.15625 0.5 0.0787948
0.15625 0.53125 0.0699204
0.125 0.53125 0.100027
0.15625 0.5625 0.0617771
0.15625 0.53125 0.0699204
0.1875 0.53125 0.0398833
0.1875 0.5625 0.0313876
0.15625 0.5625 0.0617771
0.15625 0.53125 0.0699204
0.15625 0.5 0.0787948
0.1875 0.5 0.0488712
0.1875 0.53125 0.0398833
0.15625 0.53125 0.0699204
0.1875 0.625 0.0240463
0.1875 0.59375 0.0247033
0.21875 0.59375 -0.00609995
0.21875 0.625 -0.00687102
0.1875 0.625 0.0240463
0.1875 0.59375 0.0247033
0.1875 0.5625 0.0313876
0.21875 0.5625 0.00114118
0.21875 0.59375 -0.00609995
0.1875 0.59375 0.0247033
0.21875 0.625 -0.00687102
0.21875 0.59375 -0.00609995
0.25 0.59375 -0.0362908
0.25 0.625 -0.0356817
0.21875 0.625 -0.00687102
0.21875 0.59375 -0.00609995
0.21875 0.5625 0.00114118
0.25 0.5625 -0.0288201
0.25 0.59375 -0.0362908
0.21875 0.59375 -0.00609995
0.1875 0.5625 0.0313876
0.1875 0.53125 0.0398833
0.21875 0.53125 0.00990932
0.21875 0.5625 0.00114118
0.1875 0.5625 0.0313876
0.1875 0.53125 0.0398833
0.1875 0.5 0.0488712
0.21875 0.5 0.0189661
0.21875 0.53125 0.00990932
0.1875 0.53125 0.0398833
0.21875 0.5625 0.00114118
0.21875 0.53125 0.00990932
0.25 0.53125 -0.0200076
0.25 0.5625 -0.0288201
0.21875 0.5625 0.00114118
0.21875 0.53125 0.00990932
0.21875 0.5 0.0189661
0.25 0.5 -0.0109262
0.25 0.53125 -0.0200076
0.21875 0.53125 0.00990932
0.25 1 0.301772
0.25 0.9375 0.242251
0.3125 0.9375 0.223222
0.3125 1 0.282984
0.25 1 0.301772
0.25 0.9375 0.242251
0.25 0.875 0.182829
0.3125 0.875 0.163462
0.3125 0.9375 0.223222
0.25 0.9375 0.242251
0.3125 1 0.282984
0.3125 0.9375 0.223222
0.375 0.9375 0.204969
0.375 1 0.264794
0.3125 1 0.282984
0.3125 0.9375 0.223222
0.3125 0.875 0.163462
0.375 0.875 0.145166
0.375 0.9375 0.204969
0.3125 0.9375 0.223222
0.25 0.875 0.182829
0.25 0.8125 0.123552
0.3125 0.8125 0.103713
0.3125 0.875 0.163462
0.25 0.875 0.182829
0.25 0.8125 0.123552
0.25 0.78125 0.0942187
0.28125 0.78125 0.0833488
0.28125 0.8125 0.113114
0.25 0.8125 0.123552
0.25 0.78125 0.0942187
0.25 0.75 0.0650672
0.28125 0.75 0.053618
0.28125 0.78125 0.0833488
0.25 0.78125 0.0942187
0.28125 0.8125 0.113114
0.28125 0.78125 0.0833488
0.3125 0.78125 0.0738425
0.3125 0.8125 0.103713
0.28125 0.8125 0.113114
0.28125 0.78125 0.0833488
0.28125 0.75 0.053618
0.3125 0.75 0.0439773
0.3125 0.78125 0.0738425
0.28125 0.78125 0.0833488
0.3125 0.875 0.163462
0.3125 0.84375 0.133586
0.34375 0.84375 0.124423
0.34375 0.875 0.154306
0.3125 0.875 0.163462
0.3125 0.84375 0.133586
0.3125 0.8125 0.103713
0.34375 0.8125 0.0945402
0.34375 0.84375 0.124423
0.3125 0.84375 0.133586
0.34375 0.875 0.154306
0.34375 0.84375 0.124423
0.375 0.84375 0.115281
0.375 0.875 0.145166
0.34375 0.875 0.154306
0.34375 0.84375 0.124423
0.34375 0.8125 0.0945402
0.375 0.8125 0.0853972
0.375 0.84375 0.115281
0.34375 0.84375 0.124423
0.3125 0.8125 0.103713
0.3125 0.78125 0.0738425
0.34375 0.78125 0.0646579
0.34375 0.8125 0.0945402
0.3125 0.8125 0.103713
0.3125 0.78125 0.0738425
0.3125 0.75 0.0439773
0.34375 0.75 0.0347759
0.34375 0.78125 0.0646579
0.3125 0.78125 0.0738425
0.34375 0.8125 0.0945402
0.34375 0.78125 0.0646579
0.375 0.78125 0.0555142
0.375 0.8125 0.0853972
0.34375 0.8125 0.0945402
0.34375 0.78125 0.0646579
0.34375 0.75 0.0347759
0.375 0.75 0.0256313
0.375 0.78125 0.0555142
0.34375 0.78125 0.0646579
0.375 1 0.264794
0.375 0.9375 0.204969
0.4375 0.9375 0.186828
0.4375 1 0.24681
0.375 1 0.264794
0.375 0.9375 0.204969
0.375 0.875 0.145166
0.4375 0.875 0.12691
0.4375 0.9375 0.186828
0.375 0.9375 0.204969
0.4375 1 0.24681
0.4375 0.9375 0.186828
0.5 0.9375 0.169205
0.5 1 0.229694
0.4375 1 0.24681
0.4375 0.9375 0.186828
0.4375 0.875 0.12691
0.5 0.875 0.108867
0.5 0.9375 0.169205
0.4375 0.9375 0.186828
0.375 0.875 0.145166
0.375 0.84375 0.115281
0.40625 0.84375 0.106142
0.40625 0.875 0.136031
0.375 0.875 0.145166
0.375 0.84375 0.115281
0.375 0.8125 0.0853972
0.40625 0.8125 0.0762565
0.40625 0.84375 0.106142
0.375 0.84375 0.115281
0.40625 0.875 0.136031
0.40625 0.84375 0.106142
0.4375 0.84375 0.09701
0.4375 0.875 0.12691
0.40625 0.875 0.136031
0.40625 0.84375 0.106142
0.40625 0.8125 0.0762565
0.4375 0.8125 0.0671189
0.4375 0.84375 0.09701
0.40625 0.84375 0.106142
0.375 0.8125 0.0853972
0.375 0.78125 0.0555142
0.40625 0.78125 0.0463725
0.40625 0.8125 0.0762565
0.375 0.8125 0.0853972
0.375 0.78125 0.0555142
0.375 0.75 0.0256313
0.40625 0.75 0.0164892
0.40625 0.78125 0.0463725
0.375 0.78125 0.0555142
0.40625 0.8125 0.0762565
0.40625 0.78125 0.0463725
0.4375 0.78125 0.037232
0.4375 0.8125 0.0671189
0.40625 0.8125 0.0762565
0.40625 0.78125 0.0463725
0.40625 0.75 0.0164892
0.4375 0.75 0.00734731
0.4375 0.78125 0.037232
0.40625 0.78125 0.0463725
0.4375 0.875 0.12691
0.4375 0.84375 0.09701
0.46875 0.84375 0.0879013
0.46875 0.875 0.11783
0.4375 0.875 0.12691
0.4375 0.84375 0.09701
0.4375 0.8125 0.0671189
0.46875 0.8125 0.0579927
0.46875 0.84375 0.0879013
0.4375 0.84375 0.09701
0.46875 0.875 0.11783
0.46875 0.84375 0.0879013
0.5 0.84375 0.0788658
0.5 0.875 0.108867
0.46875 0.875 0.11783
0.46875 0.84375 0.0879013
0.46875 0.8125 0.0579927
0.5 0.8125 0.0489046
0.5 0.84375 0.0788658
0.46875 0.84375 0.0879013
0.4375 0.8125 0.0671189
0.4375 0.78125 0.037232
0.46875 0.78125 0.028095
0.46875 0.8125 0.0579927
0.4375 0.8125 0.0671189
0.4375 0.78125 0.037232
0.4375 0.75 0.00734731
0.46875 0.75 -0.00179354
0.46875 0.78125 0.028095
0.4375 0.78125 0.037232
0.46875 0.8125 0.0579927
0.46875 0.78125 0.028095
0.5 0.78125 0.0189716
0.5 0.8125 0.0489046
0.46875 0.8125 0.0579927
0.46875 0.78125 0.028095
0.46875 0.75 -0.00179354
0.5 0.75 -0.0109253
0.5 0.78125 0.0189716
0.46875 0.78125 0.028095
0.25 0.75 0.0650672
0.25 0.71875 0.0362345
0.28125 0.71875 0.0239385
0.28125 0.75 0.053618
0.25 0.75 0.0650672
0.25 0.71875 0.0362345
0.25 0.6875 0.00784133
0.28125 0.6875 -0.00558883
0.28125 0.71875 0.0239385
0.25 0.71875 0.0362345
0.28125 0.75 0.053618
0.28125 0.71875 0.0239385
0.3125 0.71875 0.0141185
0.3125 0.75 0.0439773
0.28125 0.75 0.053618
0.28125 0.71875 0.0239385
0.28125 0.6875 -0.00558883
0.3125 0.6875 -0.0156723
0.3125 0.71875 0.0141185
0.28125 0.71875 0.0239385
0.25 0.6875 0.00784133
0.25 0.65625 -0.0176204
0.28125 0.65625 -0.0341171
0.28125 0.6875 -0.00558883
0.25 0.6875 0.00784133
0.25 0.65625 -0.0176204
0.25 0.625 -0.0356817
0.28125 0.625 -0.0591655
0.28125 0.65625 -0.0341171
0.25 0.65625 -0.0176204
0.28125 0.6875 -0.00558883
0.28125 0.65625 -0.0341171
0.3125 0.65625 -0.0452627
0.3125 0.6875 -0.0156723
0.28125 0.6875 -0.00558883
0.28125 0.65625 -0.0341171
0.28125 0.625 -0.0591655
0.3125 0.625 -0.0741711
0.3125 0.65625 -0.0452627
0.28125 0.65625 -0.0341171
0.3125 0.75 0.0439773
0.3125 0.71875 0.0141185
0.34375 0.71875 0.00489404
0.34375 0.75 0.0347759
0.3125 0.75 0.0439773
0.3125 0.71875 0.0141185
0.3125 0.6875 -0.0156723
0.34375 0.6875 -0.0249718
0.34375 0.71875 0.00489404
0.3125 0.71875 0.0141185
0.34375 0.75 0.0347759
0.34375 0.71875 0.00489404
0.375 0.71875 -0.00425146
0.375 0.75 0.0256313
0.34375 0.75 0.0347759
0.34375 0.71875 0.00489404
0.34375 0.6875 -0.0249718
0.375 0.6875 -0.0341322
0.375 0.71875 -0.00425146
0.34375 0.71875 0.00489404
0.3125 0.6875 -0.0156723
0.3125 0.65625 -0.0452627
0.34375 0.65625 -0.0548018
0.34375 0.6875 -0.0249718
0.3125 0.6875 -0.0156723
0.3125 0.65625 -0.0452627
0.3125 0.625 -0.0741711
0.34375 0.625 -0.0845185
0.34375 0.65625 -0.0548018
0.3125 0.65625 -0.0452627
0.34375 0.6875 -0.0249718
0.34375 0.65625 -0.0548018
0.375 0.65625 -0.0640071
0.375 0.6875 -0.0341322
0.34375 0.6875 -0.0249718
0.34375 0.65625 -0.0548018
0.34375 0.625 -0.0845185
0.375 0.625 -0.0938636
0.375 0.65625 -0.0640071
0.34375 0.65625 -0.0548018
0.25 0.625 -0.0356817
0.25 0.59375 -0.0362908
0.28125 0.59375 -0.0664516
0.28125 0.625 -0.0591655
0.25 0.625 -0.0356817
0.25 0.59375 -0.0362908
0.25 0.5625 -0.0288201
0.28125 0.5625 -0.0587566
0.28125 0.59375 -0.0664516
0.25 0.59375 -0.0362908
0.28125 0.625 -0.0591655
0.28125 0.59375 -0.0664516
0.3125 0.59375 -0.0944335
0.3125 0.625 -0.0741711
0.28125 0.625 -0.0591655
0.28125 0.59375 -0.0664516
0.28125 0.5625 -0.0587566
0.3125 0.5625 -0.0886877
0.3125 0.59375 -0.0944335
0.28125 0.59375 -0.0664516
0.25 0.5625 -0.0288201
0.25 0.53125 -0.0200076
0.28125 0.53125 -0.0499004
0.28125 0.5625 -0.0587566
0.25 0.5625 -0.0288201
0.25 0.53125 -0.0200076
0.25 0.5 -0.0109262
0.28125 0.5 -0.0408107
0.28125 0.53125 -0.0499004
0.25 0.53125 -0.0200076
0.28125 0.5625 -0.0587566
0.28125 0.53125 -0.0499004
0.3125 0.53125 -0.079792
0.3125 0.5625 -0.0886877
0.28125 0.5625 -0.0587566
0.28125 0.53125 -0.0499004
0.28125 0.5 -0.0408107
0.3125 0.5 -0.0706947
0.3125 0.53125 -0.079792
0.28125 0.53125 -0.0499004
0.3125 0.625 -0.0741711
0.3125 0.59375 -0.0944335
0.34375 0.59375 -0.112885
0.34375 0.625 -0.0845185
0.3125 0.625 -0.0741711
0.3125 0.59375 -0.0944335
0.3125 0.5625 -0.0886877
0.34375 0.5625 -0.118613
0.34375 0.59375 -0.112885
0.3125 0.59375 -0.0944335
0.34375 0.625 -0.0845185
0.34375 0.59375 -0.112885
0.375 0.59375 -0.123424
0.375 0.625 -0.0938636
0.34375 0.625 -0.0845185
0.34375 0.59375 -0.112885
0.34375 0.5625 -0.118613
0.375 0.5625 -0.145476
0.375 0.59375 -0.123424
0.34375 0.59375 -0.112885
0.3125 0.5625 -0.0886877
0.3125 0.53125 -0.079792
0.34375 0.53125 -0.109682
0.34375 0.5625 -0.118613
0.3125 0.5625 -0.0886877
0.3125 0.53125 -0.079792
0.3125 0.5 -0.0706947
0.34375 0.5 -0.100577
0.34375 0.53125 -0.109682
0.3125 0.53125 -0.079792
0.34375 0.5625 -0.118613
0.34375 0.53125 -0.109682
0.375 0.53125 -0.139569
0.375 0.5625 -0.145476
0.34375 0.5625 -0.118613
0.34375 0.53125 -0.109682
0.34375 0.5 -0.100577
0.375 0.5 -0.130456
0.375 0.53125 -0.139569
0.34375 0.53125 -0.109682
0.375 0.75 0.0256313
0.375 0.71875 -0.00425146
0.40625 0.71875 -0.0133938
0.40625 0.75 0.0164892
0.375 0.75 0.0256313
0.375 0.71875 -0.00425146
0.375 0.6875 -0.0341322
0.40625 0.6875 -0.0432764
0.40625 0.71875 -0.0133938
0.375 0.71875 -0.00425146
0.40625 0.75 0.0164892
0.40625 0.71875 -0.0133938
0.4375 0.71875 -0.0225357
0.4375 0.75 0.00734731
0.40625 0.75 0.0164892
0.40625 0.71875 -0.0133938
0.40625 0.6875 -0.0432764
0.4375 0.6875 -0.0524186
0.4375 0.71875 -0.0225357
0.40625 0.71875 -0.0133938
0.375 0.6875 -0.0341322
0.375 0.65625 -0.0640071
0.40625 0.65625 -0.0731582
0.40625 0.6875 -0.0432764
0.375 0.6875 -0.0341322
0.375 0.65625 -0.0640071
0.375 0.625 -0.0938636
0.40625 0.625 -0.103037
0.40625 0.65625 -0.0731582
0.375 0.65625 -0.0640071
0.40625 0.6875 -0.0432764
0.40625 0.65625 -0.0731582
0.4375 0.65625 -0.0823014
0.4375 0.6875 -0.0524186
0.40625 0.6875 -0.0432764
0.40625 0.65625 -0.0731582
0.40625 0.625 -0.103037
0.4375 0.625 -0.112184
0.4375 0.65625 -0.0823014
0.40625 0.65625 -0.0731582
0.4375 0.75 0.00734731
0.4375 0.71875 -0.0225357
0.46875 0.71875 -0.0316768
0.46875 0.75 -0.00179354
0.4375 0.75 0.00734731
0.4375 0.71875 -0.0225357
0.4375 0.6875 -0.0524186
0.46875 0.6875 -0.06156
0.46875 0.71875 -0.0316768
0.4375 0.71875 -0.0225357
0.46875 0.75 -0.00179354
0.46875 0.71875 -0.0316768
0.5 0.71875 -0.0408119
0.5 0.75 -0.0109253
0.46875 0.75 -0.00179354
0.46875 0.71875 -0.0316768
0.46875 0.6875 -0.06156
0.5 0.6875 -0.0706972
0.5 0.71875 -0.0408119
0.46875 0.71875 -0.0316768
0.4375 0.6875 -0.0524186
0.4375 0.65625 -0.0823014
0.46875 0.65625 -0.0914432
0.46875 0.6875 -0.06156
0.4375 0.6875 -0.0524186
0.4375 0.65625 -0.0823014
0.4375 0.625 -0.112184
0.46875 0.625 -0.121326
0.46875 0.65625 -0.0914432
0.4375 0.65625 -0.0823014
0.46875 0.6875 -0.06156
0.46875 0.65625 -0.0914432
0.5 0.65625 -0.100582
0.5 0.6875 -0.0706972
0.46875 0.6875 -0.06156
0.46875 0.65625 -0.0914432
0.46875 0.625 -0.121326
0.5 0.625 -0.130466
0.5 0.65625 -0.100582
0.46875 0.65625 -0.0914432
0.375 0.625 -0.0938636
0.375 0.5625 -0.145476
0.4375 0.5625 -0.171047
0.4375 0.625 -0.112184
0.375 0.625 -0.0938636
0.375 0.5625 -0.145476
0.375 0.5 -0.130456
0.4375 0.5 -0.189096
0.4375 0.5625 -0.171047
0.375 0.5625 -0.145476
0.4375 0.625 -0.112184
0.4375 0.5625 -0.171047
0.5 0.5625 -0.190696
0.5 0.625 -0.130466
0.4375 0.625 -0.112184
0.4375 0.5625 -0.171047
0.4375 0.5 -0.189096
0.5 0.5 -0.228889
0.5 0.5625 -0.190696
0.4375 0.5625 -0.171047
0 0.5 0.229376
0 0.4375 0.246647
0.0625 0.4375 0.1867
0.0625 0.5 0.168863
0 0.5 0.229376
0 0.4375 0.246647
0 0.375 0.264732
0.0625 0.375 0.204931
0.0625 0.4375 0.1867
0 0.4375 0.246647
0.0625 0.5 0.168863
0.0625 0.4375 0.1867
0.125 0.4375 0.126886
0.125 0.5 0.108745
0.0625 0.5 0.168863
0.0625 0.4375 0.1867
0.0625 0.375 0.204931
0.125 0.375 0.145163
0.125 0.4375 0.126886
0.0625 0.4375 0.1867
0 0.375 0.264732
0 0.3125 0.282984
0.0625 0.3125 0.223235
0.0625 0.375 0.204931
0 0.375 0.264732
0 0.3125 0.282984
0 0.25 0.301686
0.0625 0.25 0.242124
0.0625 0.3125 0.223235
0 0.3125 0.282984
0.0625 0.375 0.204931
0.0625 0.3125 0.223235
0.125 0.3125 0.163489
0.125 0.375 0.145163
0.0625 0.375 0.204931
0.0625 0.3125 0.223235
0.0625 0.25 0.242124
0.125 0.25 0.182734
0.125 0.3125 0.163489
0.0625 0.3125 0.223235
0.125 0.5 0.108745
0.125 0.46875 0.117772
0.15625 0.46875 0.0878712
0.15625 0.5 0.0787948
0.125 0.5 0.108745
0.125 0.46875 0.117772
0.125 0.4375 0.126886
0.15625 0.4375 0.0969987
0.15625 0.46875 0.0878712
0.125 0.46875 0.117772
0.15625 0.5 0.0787948
0.15625 0.46875 0.0878712
0.1875 0.46875 0.0579787
0.1875 0.5 0.0488712
0.15625 0.5 0.0787948
0.15625 0.46875 0.0878712
0.15625 0.4375 0.0969987
0.1875 0.4375 0.0671137
0.1875 0.46875 0.0579787
0.15625 0.46875 0.0878712
0.125 0.4375 0.126886
0.125 0.40625 0.136021
0.15625 0.40625 0.106138
0.15625 0.4375 0.0969987
0.125 0.4375 0.126886
0.125 0.40625 0.136021
0.125 0.375 0.145163
0.15625 0.375 0.11528
0.15625 0.40625 0.106138
0.125 0.40625 0.136021
0.15625 0.4375 0.0969987
0.15625 0.40625 0.106138
0.1875 0.40625 0.0762546
0.1875 0.4375 0.0671137
0.15625 0.4375 0.0969987
0.15625 0.40625 0.106138
0.15625 0.375 0.11528
0.1875 0.375 0.0853985
0.1875 0.40625 0.0762546
0.15625 0.40625 0.106138
0.1875 0.5 0.0488712
0.1875 0.46875 0.0579787
0.21875 0.46875 0.0280909
0.21875 0.5 0.0189661
0.1875 0.5 0.0488712
0.1875 0.46875 0.0579787
0.1875 0.4375 0.0671137
0.21875 0.4375 0.03723
0.21875 0.46875 0.0280909
0.1875 0.46875 0.0579787
0.21875 0.5 0.0189661
0.21875 0.46875 0.0280909
0.25 0.46875 -0.00179411
0.25 0.5 -0.0109262
0.21875 0.5 0.0189661
0.21875 0.46875 0.0280909
0.21875 0.4375 0.03723
0.25 0.4375 0.00734696
0.25 0.46875 -0.00179411
0.21875 0.46875 0.0280909
0.1875 0.4375 0.0671137
0.1875 0.40625 0.0762546
0.21875 0.40625 0.046372
0.21875 0.4375 0.03723
0.1875 0.4375 0.0671137
0.1875 0.40625 0.0762546
0.1875 0.375 0.0853985
0.21875 0.375 0.0555168
0.21875 0.40625 0.046372
0.1875 0.40625 0.0762546
0.21875 0.4375 0.03723
0.21875 0.40625 0.046372
0.25 0.40625 0.0164897
0.25 0.4375 0.00734696
0.21875 0.4375 0.03723
0.21875 0.40625 0.046372
0.21875 0.375 0.0555168
0.25 0.375 0.0256353
0.25 0.40625 0.0164897
0.21875 0.40625 0.046372
0.125 0.375 0.145163
0.125 0.34375 0.15431
0.15625 0.34375 0.12443
0.15625 0.375 0.11528
0.125 0.375 0.145163
0.125 0.34375 0.15431
0.125 0.3125 0.163489
0.15625 0.3125 0.133628
0.15625 0.34375 0.12443
0.125 0.34375 0.15431
0.15625 0.375 0.11528
0.15625 0.34375 0.12443
0.1875 0.34375 0.0945518
0.1875 0.375 0.0853985
0.15625 0.375 0.11528
0.15625 0.34375 0.12443
0.15625 0.3125 0.133628
0.1875 0.3125 0.103778
0.1875 0.34375 0.0945518
0.15625 0.34375 0.12443
0.125 0.3125 0.163489
0.125 0.25 0.182734
0.1875 0.25 0.123624
0.1875 0.3125 0.103778
0.125 0.3125 0.163489
0.1875 0.375 0.0853985
0.1875 0.34375 0.0945518
0.21875 0.34375 0.064675
0.21875 0.375 0.0555168
0.1875 0.375 0.0853985
0.1875 0.34375 0.0945518
0.1875 0.3125 0.103778
0.21875 0.3125 0.073943
0.21875 0.34375 0.064675
0.1875 0.34375 0.0945518
0.21875 0.375 0.0555168
0.21875 0.34375 0.064675
0.25 0.34375 0.0348007
0.25 0.375 0.0256353
0.21875 0.375 0.0555168
0.21875 0.34375 0.064675
0.21875 0.3125 0.073943
0.25 0.3125 0.044129
0.25 0.34375 0.0348007
0.21875 0.34375 0.064675
0.1875 0.3125 0.103778
0.1875 0.28125 0.113321
0.21875 0.28125 0.083627
0.21875 0.3125 0.073943
0.1875 0.3125 0.103778
0.1875 0.28125 0.113321
0.1875 0.25 0.123624
0.21875 0.25 0.0943918
0.21875 0.28125 0.083627
0.1875 0.28125 0.113321
0.21875 0.3125 0.073943
0.21875 0.28125 0.083627
0.25 0.28125 0.0540393
0.25 0.3125 0.044129
0.21875 0.3125 0.073943
0.21875 0.28125 0.083627
0.21875 0.25 0.0943918
0.25 0.25 0.065403
0.25 0.28125 0.0540393
0.21875 0.28125 0.083627
0 0.25 0.301686
0 0.125 0.348803
0.125 0.125 0.235878
0.125 0.25 0.182734
0 0.25 0.301686
0 0.125 0.348803
0 0 0.420345
0.125 0 0.317891
0.125 0.125 0.235878
0 0.125 0.348803
0.125 0.25 0.182734
0.125 0.1875 0.205927
0.1875 0.1875 0.149177
0.1875 0.25 0.123624
0.125 0.25 0.182734
0.125 0.1875 0.205927
0.125 0.125 0.235878
0.1875 0.125 0.18488
0.1875 0.1875 0.149177
0.125 0.1875 0.205927
0.1875 0.25 0.123624
0.1875 0.21875 0.13541
0.21875 0.21875 0.107045
0.21875 0.25 0.0943918
0.1875 0.25 0.123624
0.1875 0.21875 0.13541
0.1875 0.1875 0.149177
0.21875 0.1875 0.122213
0.21875 0.21875 0.107045
0.1875 0.21875 0.13541
0.21875 0.25 0.0943918
0.21875 0.21875 0.107045
0.25 0.21875 0.079256
0.25 0.25 0.065403
0.21875 0.25 0.0943918
0.21875 0.21875 0.107045
0.21875 0.1875 0.122213
0.25 0.1875 0.0962379
0.25 0.21875 0.079256
0.21875 0.21875 0.107045
0.1875 0.1875 0.149177
0.1875 0.125 0.18488
0.25 0.125 0.138902
0.25 0.1875 0.0962379
0.1875 0.1875 0.149177
0.125 0.125 0.235878
0.125 0.0625 0.272587
0.1875 0.0625 0.227627
0.1875 0.125 0.18488
0.125 0.125 0.235878
0.125 0.0625 0.272587
0.125 0 0.317891
0.1875 0 0.278097
0.1875 0.0625 0.227627
0.125 0.0625 0.272587
0.1875 0.125 0.18488
0.1875 0.0625 0.227627
0.25 0.0625 0.188896
0.25 0.125 0.138902
0.1875 0.125 0.18488
0.1875 0.0625 0.227627
0.1875 0 0.278097
0.25 0 0.244532
0.25 0.0625 0.188896
0.1875 0.0625 0.227627
0.25 0.5 -0.0109262
0.25 0.46875 -0.00179411
0.28125 0.46875 -0.0316774
0.28125 0.5 -0.0408107
0.25 0.5 -0.0109262
0.25 0.46875 -0.00179411
0.25 0.4375 0.00734696
0.28125 0.4375 -0.0225355
0.28125 0.46875 -0.0316774
0.25 0.46875 -0.00179411
0.28125 0.5 -0.0408107
0.28125 0.46875 -0.0316774
0.3125 0.46875 -0.0615594
0.3125 0.5 -0.0706947
0.28125 0.5 -0.0408107
0.28125 0.46875 -0.0316774
0.28125 0.4375 -0.0225355
0.3125 0.4375 -0.0524157
0.3125 0.46875 -0.0615594
0.28125 0.46875 -0.0316774
0.25 0.4375 0.00734696
0.25 0.40625 0.0164897
0.28125 0.40625 -0.0133919
0.28125 0.4375 -0.0225355
0.25 0.4375 0.00734696
0.25 0.40625 0.0164897
0.25 0.375 0.0256353
0.28125 0.375 -0.0042447
0.28125 0.40625 -0.0133919
0.25 0.40625 0.0164897
0.28125 0.4375 -0.0225355
0.28125 0.40625 -0.0133919
0.3125 0.40625 -0.0432646
0.3125 0.4375 -0.0524157
0.28125 0.4375 -0.0225355
0.28125 0.40625 -0.0133919
0.28125 0.375 -0.0042447
0.3125 0.375 -0.0340878
0.3125 0.40625 -0.0432646
0.28125 0.40625 -0.0133919
0.3125 0.5 -0.0706947
0.3125 0.46875 -0.0615594
0.34375 0.46875 -0.0914387
0.34375 0.5 -0.100577
0.3125 0.5 -0.0706947
0.3125 0.46875 -0.0615594
0.3125 0.4375 -0.0524157
0.34375 0.4375 -0.0822872
0.34375 0.46875 -0.0914387
0.3125 0.46875 -0.0615594
0.34375 0.5 -0.100577
0.34375 0.46875 -0.0914387
0.375 0.46875 -0.12131
0.375 0.5 -0.130456
0.34375 0.5 -0.100577
0.34375 0.46875 -0.0914387
0.34375 0.4375 -0.0822872
0.375 0.4375 -0.11213
0.375 0.46875 -0.12131
0.34375 0.46875 -0.0914387
0.3125 0.4375 -0.0524157
0.3125 0.40625 -0.0432646
0.34375 0.40625 -0.0731077
0.34375 0.4375 -0.0822872
0.3125 0.4375 -0.0524157
0.3125 0.40625 -0.0432646
0.3125 0.375 -0.0340878
0.34375 0.375 -0.0638349
0.34375 0.40625 -0.0731077
0.3125 0.40625 -0.0432646
0.34375 0.4375 -0.0822872
0.34375 0.40625 -0.0731077
0.375 0.40625 -0.102858
0.375 0.4375 -0.11213
0.34375 0.4375 -0.0822872
0.34375 0.40625 -0.0731077
0.34375 0.375 -0.0638349
0.375 0.375 -0.0932898
0.375 0.40625 -0.102858
0.34375 0.40625 -0.0731077
0.25 0.375 0.0256353
0.25 0.34375 0.0348007
0.28125 0.34375 0.00492993
0.28125 0.375 -0.0042447
0.25 0.375 0.0256353
0.25 0.34375 0.0348007
0.25 0.3125 0.044129
0.28125 0.3125 0.0143448
0.28125 0.34375 0.00492993
0.25 0.34375 0.0348007
0.28125 0.375 -0.0042447
0.28125 0.34375 0.00492993
0.3125 0.34375 -0.0248086
0.3125 0.375 -0.0340878
0.28125 0.375 -0.0042447
0.28125 0.34375 0.00492993
0.28125 0.3125 0.0143448
0.3125 0.3125 -0.0151548
0.3125 0.34375 -0.0248086
0.28125 0.34375 0.00492993
0.25 0.3125 0.044129
0.25 0.28125 0.0540393
0.28125 0.28125 0.0245531
0.28125 0.3125 0.0143448
0.25 0.3125 0.044129
0.25 0.28125 0.0540393
0.25 0.25 0.065403
0.28125 0.25 0.0367685
0.28125 0.28125 0.0245531
0.25 0.28125 0.0540393
0.28125 0.3125 0.0143448
0.28125 0.28125 0.0245531
0.3125 0.28125 -0.00459758
0.3125 0.3125 -0.0151548
0.28125 0.3125 0.0143448
0.28125 0.28125 0.0245531
0.28125 0.25 0.0367685
0.3125 0.25 0.00877693
0.3125 0.28125 -0.00459758
0.28125 0.28125 0.0245531
0.3125 0.375 -0.0340878
0.3125 0.34375 -0.0248086
0.34375 0.34375 -0.0542606
0.34375 0.375 -0.0638349
0.3125 0.375 -0.0340878
0.3125 0.34375 -0.0248086
0.3125 0.3125 -0.0151548
0.34375 0.3125 -0.0438391
0.34375 0.34375 -0.0542606
0.3125 0.34375 -0.0248086
0.34375 0.375 -0.0638349
0.34375 0.34375 -0.0542606
0.375 0.34375 -0.0828699
0.375 0.375 -0.0932898
0.34375 0.375 -0.0638349
0.34375 0.34375 -0.0542606
0.34375 0.3125 -0.0438391
0.375 0.3125 -0.0703938
0.375 0.34375 -0.0828699
0.34375 0.34375 -0.0542606
0.3125 0.3125 -0.0151548
0.3125 0.28125 -0.00459758
0.34375 0.28125 -0.0314927
0.34375 0.3125 -0.0438391
0.3125 0.3125 -0.0151548
0.3125 0.28125 -0.00459758
0.3125 0.25 0.00877693
0.34375 0.25 -0.0155889
0.34375 0.28125 -0.0314927
0.3125 0.28125 -0.00459758
0.34375 0.3125 -0.0438391
0.34375 0.28125 -0.0314927
0.375 0.28125 -0.0541808
0.375 0.3125 -0.0703938
0.34375 0.3125 -0.0438391
0.34375 0.28125 -0.0314927
0.34375 0.25 -0.0155889
0.375 0.25 -0.032919
0.375 0.28125 -0.0541808
0.34375 0.28125 -0.0314927
0.375 0.5 -0.130456
0.375 0.4375 -0.11213
0.4375 0.4375 -0.168853
0.4375 0.5 -0.189096
0.375 0.5 -0.130456
0.375 0.4375 -0.11213
0.375 0.375 -0.0932898
0.4375 0.375 -0.142039
0.4375 0.4375 -0.168853
0.375 0.4375 -0.11213
0.4375 0.5 -0.189096
0.4375 0.4375 -0.168853
0.5 0.4375 -0.187881
0.5 0.5 -0.228889
0.4375 0.5 -0.189096
0.4375 0.4375 -0.168853
0.4375 0.375 -0.142039
0.5 0.375 -0.130464
0.5 0.4375 -0.187881
0.4375 0.4375 -0.168853
0.375 0.375 -0.0932898
0.375 0.34375 -0.0828699
0.40625 0.34375 -0.108298
0.40625 0.375 -0.121704
0.375 0.375 -0.0932898
0.375 0.34375 -0.0828699
0.375 0.3125 -0.0703938
0.40625 0.3125 -0.0903641
0.40625 0.34375 -0.108298
0.375 0.34375 -0.0828699
0.40625 0.375 -0.121704
0.40625 0.34375 -0.108298
0.4375 0.34375 -0.118678
0.4375 0.375 -0.142039
0.40625 0.375 -0.121704
0.40625 0.34375 -0.108298
0.40625 0.3125 -0.0903641
0.4375 0.3125 -0.088754
0.4375 0.34375 -0.118678
0.40625 0.34375 -0.108298
0.375 0.3125 -0.0703938
0.375 0.28125 -0.0541808
0.40625 0.28125 -0.0667771
0.40625 0.3125 -0.0903641
0.375 0.3125 -0.0703938
0.375 0.28125 -0.0541808
0.375 0.25 -0.032919
0.40625 0.25 -0.0365289
0.40625 0.28125 -0.0667771
0.375 0.28125 -0.0541808
0.40625 0.3125 -0.0903641
0.40625 0.28125 -0.0667771
0.4375 0.28125 -0.0588068
0.4375 0.3125 -0.088754
0.40625 0.3125 -0.0903641
0.40625 0.28125 -0.0667771
0.40625 0.25 -0.0365289
0.4375 0.25 -0.0288371
0.4375 0.28125 -0.0588068
0.40625 0.28125 -0.0667771
0.4375 0.375 -0.142039
0.4375 0.34375 -0.118678
0.46875 0.34375 -0.109693
0.46875 0.375 -0.139543
0.4375 0.375 -0.142039
0.4375 0.34375 -0.118678
0.4375 0.3125 -0.088754
0.46875 0.3125 -0.0797986
0.46875 0.34375 -0.109693
0.4375 0.34375 -0.118678
0.46875 0.375 -0.139543
0.46875 0.34375 -0.109693
0.5 0.34375 -0.100581
0.5 0.375 -0.130464
0.46875 0.375 -0.139543
0.46875 0.34375 -0.109693
0.46875 0.3125 -0.0797986
0.5 0.3125 -0.0706955
0.5 0.34375 -0.100581
0.46875 0.34375 -0.109693
0.4375 0.3125 -0.088754
0.4375 0.28125 -0.0588068
0.46875 0.28125 -0.0499006
0.46875 0.3125 -0.0797986
0.4375 0.3125 -0.088754
0.4375 0.28125 -0.0588068
0.4375 0.25 -0.0288371
0.46875 0.25 -0.019998
0.46875 0.28125 -0.0499006
0.4375 0.28125 -0.0588068
0.46875 0.3125 -0.0797986
0.46875 0.28125 -0.0499006
0.5 0.28125 -0.0408097
0.5 0.3125 -0.0706955
0.46875 0.3125 -0.0797986
0.46875 0.28125 -0.0499006
0.46875 0.25 -0.019998
0.5 0.25 -0.0109232
0.5 0.28125 -0.0408097
0.46875 0.28125 -0.0499006
0.25 0.25 0.065403
0.25 0.21875 0.079256
0.28125 0.21875 0.0523583
0.28125 0.25 0.0367685
0.25 0.25 0.065403
0.25 0.21875 0.079256
0.25 0.1875 0.0962379
0.28125 0.1875 0.0720057
0.28125 0.21875 0.0523583
0.25 0.21875 0.079256
0.28125 0.25 0.0367685
0.28125 0.21875 0.0523583
0.3125 0.21875 0.0271966
0.3125 0.25 0.00877693
0.28125 0.25 0.0367685
0.28125 0.21875 0.0523583
0.28125 0.1875 0.0720057
0.3125 0.1875 0.0503351
0.3125 0.21875 0.0271966
0.28125 0.21875 0.0523583
0.25 0.1875 0.0962379
0.25 0.15625 0.116348
0.28125 0.15625 0.0947565
0.28125 0.1875 0.0720057
0.25 0.1875 0.0962379
0.25 0.15625 0.116348
0.25 0.125 0.138902
0.28125 0.125 0.119679
0.28125 0.15625 0.0947565
0.25 0.15625 0.116348
0.28125 0.1875 0.0720057
0.28125 0.15625 0.0947565
0.3125 0.15625 0.0762868
0.3125 0.1875 0.0503351
0.28125 0.1875 0.0720057
0.28125 0.15625 0.0947565
0.28125 0.125 0.119679
0.3125 0.125 0.10365
0.3125 0.15625 0.0762868
0.28125 0.15625 0.0947565
0.3125 0.25 0.00877693
0.3125 0.21875 0.0271966
0.34375 0.21875 0.00566019
0.34375 0.25 -0.0155889
0.3125 0.25 0.00877693
0.3125 0.21875 0.0271966
0.3125 0.1875 0.0503351
0.34375 0.1875 0.0332765
0.34375 0.21875 0.00566019
0.3125 0.21875 0.0271966
0.34375 0.25 -0.0155889
0.34375 0.21875 0.00566019
0.375 0.21875 -0.00714311
0.375 0.25 -0.032919
0.34375 0.25 -0.0155889
0.34375 0.21875 0.00566019
0.34375 0.1875 0.0332765
0.375 0.1875 0.0237153
0.375 0.21875 -0.00714311
0.34375 0.21875 0.00566019
0.3125 0.1875 0.0503351
0.3125 0.15625 0.0762868
0.34375 0.15625 0.0622185
0.34375 0.1875 0.0332765
0.3125 0.1875 0.0503351
0.3125 0.15625 0.0762868
0.3125 0.125 0.10365
0.34375 0.125 0.0919684
0.34375 0.15625 0.0622185
0.3125 0.15625 0.0762868
0.34375 0.1875 0.0332765
0.34375 0.15625 0.0622185
0.375 0.15625 0.0549075
0.375 0.1875 0.0237153
0.34375 0.1875 0.0332765
0.34375 0.15625 0.0622185
0.34375 0.125 0.0919684
0.375 0.125 0.0860908
0.375 0.15625 0.0549075
0.34375 0.15625 0.0622185
0.25 0.125 0.138902
0.25 0.0625 0.188896
0.3125 0.0625 0.16109
0.3125 0.125 0.10365
0.25 0.125 0.138902
0.25 0.0625 0.188896
0.25 0 0.244532
0.3125 0 0.22113
0.3125 0.0625 0.16109
0.25 0.0625 0.188896
0.3125 0.125 0.10365
0.3125 0.09375 0.132071
0.34375 0.09375 0.122049
0.34375 0.125 0.0919684
0.3125 0.125 0.10365
0.3125 0.09375 0.132071
0.3125 0.0625 0.16109
0.34375 0.0625 0.152461
0.34375 0.09375 0.122049
0.3125 0.09375 0.132071
0.34375 0.125 0.0919684
0.34375 0.09375 0.122049
0.375 0.09375 0.117251
0.375 0.125 0.0860908
0.34375 0.125 0.0919684
0.34375 0.09375 0.122049
0.34375 0.0625 0.152461
0.375 0.0625 0.148375
0.375 0.09375 0.117251
0.34375 0.09375 0.122049
0.3125 0.0625 0.16109
0.3125 0 0.22113
0.375 0 0.210764
0.375 0.0625 0.148375
0.3125 0.0625 0.16109
0.375 0.25 -0.032919
0.375 0.21875 -0.00714311
0.40625 0.21875 -0.00616406
0.40625 0.25 -0.0365289
0.375 0.25 -0.032919
0.375 0.21875 -0.00714311
0.375 0.1875 0.0237153
0.40625 0.1875 0.0246931
0.40625 0.21875 -0.00616406
0.375 0.21875 -0.00714311
0.40625 0.25 -0.0365289
0.40625 0.21875 -0.00616406
0.4375 0.21875 0.00116338
0.4375 0.25 -0.0288371
0.40625 0.25 -0.0365289
0.40625 0.21875 -0.00616406
0.40625 0.1875 0.0246931
0.4375 0.1875 0.0314093
0.4375 0.21875 0.00116338
0.40625 0.21875 -0.00616406
0.375 0.1875 0.0237153
0.375 0.15625 0.0549075
0.40625 0.15625 0.0557408
0.40625 0.1875 0.0246931
0.375 0.1875 0.0237153
0.375 0.15625 0.0549075
0.375 0.125 0.0860908
0.40625 0.125 0.0868189
0.40625 0.15625 0.0557408
0.375 0.15625 0.0549075
0.40625 0.1875 0.0246931
0.40625 0.15625 0.0557408
0.4375 0.15625 0.061794
0.4375 0.1875 0.0314093
0.40625 0.1875 0.0246931
0.40625 0.15625 0.0557408
0.40625 0.125 0.0868189
0.4375 0.125 0.092278
0.4375 0.15625 0.061794
0.40625 0.15625 0.0557408
0.4375 0.25 -0.0288371
0.4375 0.21875 0.00116338
0.46875 0.21875 0.00992286
0.46875 0.25 -0.019998
0.4375 0.25 -0.0288371
0.4375 0.21875 0.00116338
0.4375 0.1875 0.0314093
0.46875 0.1875 0.0398996
0.46875 0.21875 0.00992286
0.4375 0.21875 0.00116338
0.46875 0.25 -0.019998
0.46875 0.21875 0.00992286
0.5 0.21875 0.0189708
0.5 0.25 -0.0109232
0.46875 0.25 -0.019998
0.46875 0.21875 0.00992286
0.46875 0.1875 0.0398996
0.5 0.1875 0.0488779
0.5 0.21875 0.0189708
0.46875 0.21875 0.00992286
0.4375 0.1875 0.0314093
0.4375 0.15625 0.061794
0.46875 0.15625 0.0699382
0.46875 0.1875 0.0398996
0.4375 0.1875 0.0314093
0.4375 0.15625 0.061794
0.4375 0.125 0.092278
0.46875 0.125 0.100045
0.46875 0.15625 0.0699382
0.4375 0.15625 0.061794
0.46875 0.1875 0.0398996
0.46875 0.15625 0.0699382
0.5 0.15625 0.0788037
0.5 0.1875 0.0488779
0.46875 0.1875 0.0398996
0.46875 0.15625 0.0699382
0.46875 0.125 0.100045
0.5 0.125 0.108755
0.5 0.15625 0.0788037
0.46875 0.15625 0.0699382
0.375 0.125 0.0860908
0.375 0.09375 0.117251
0.40625 0.09375 0.117898
0.40625 0.125 0.0868189
0.375 0.125 0.0860908
0.375 0.09375 0.117251
0.375 0.0625 0.148375
0.40625 0.0625 0.148979
0.40625 0.09375 0.117898
0.375 0.09375 0.117251
0.40625 0.125 0.0868189
0.40625 0.09375 0.117898
0.4375 0.09375 0.122897
0.4375 0.125 0.092278
0.40625 0.125 0.0868189
0.40625 0.09375 0.117898
0.40625 0.0625 0.148979
0.4375 0.0625 0.153575
0.4375 0.09375 0.122897
0.40625 0.09375 0.117898
0.375 0.0625 0.148375
0.375 0 0.210764
0.4375 0 0.215337
0.4375 0.0625 0.153575
0.375 0.0625 0.148375
0.4375 0.125 0.092278
0.4375 0.0625 0.153575
0.5 0.0625 0.168873
0.5 0.125 0.108755
0.4375 0.125 0.092278
0.4375 0.0625 0.153575
0.4375 0 0.215337
0.5 0 0.229371
0.5 0.0625 0.168873
0.4375 0.0625 0.153575
0.5 1 0.229694
0.5 0.9375 0.169205
0.5625 0.9375 0.153753
0.5625 1 0.215457
0.5 1 0.229694
0.5 0.9375 0.169205
0.5 0.875 0.108867
0.5625 0.875 0.0924384
0.5625 0.9375 0.153753
0.5 0.9375 0.169205
0.5625 1 0.215457
0.5625 0.9375 0.153753
0.625 0.9375 0.14791
0.625 1 0.210313
0.5625 1 0.215457
0.5625 0.9375 0.153753
0.5625 0.90625 0.123067
0.59375 0.90625 0.117716
0.59375 0.9375 0.148779
0.5625 0.9375 0.153753
0.5625 0.90625 0.123067
0.5625 0.875 0.0924384
0.59375 0.875 0.0866593
0.59375 0.90625 0.117716
0.5625 0.90625 0.123067
0.59375 0.9375 0.148779
0.59375 0.90625 0.117716
0.625 0.90625 0.116763
0.625 0.9375 0.14791
0.59375 0.9375 0.148779
0.59375 0.90625 0.117716
0.59375 0.875 0.0866593
0.625 0.875 0.0856016
0.625 0.90625 0.116763
0.59375 0.90625 0.117716
0.5 0.875 0.108867
0.5 0.84375 0.0788658
0.53125 0.84375 0.0700568
0.53125 0.875 0.100235
0.5 0.875 0.108867
0.5 0.84375 0.0788658
0.5 0.8125 0.0489046
0.53125 0.8125 0.0399511
0.53125 0.84375 0.0700568
0.5 0.84375 0.0788658
0.53125 0.875 0.100235
0.53125 0.84375 0.0700568
0.5625 0.84375 0.0619043
0.5625 0.875 0.0924384
0.53125 0.875 0.100235
0.53125 0.84375 0.0700568
0.53125 0.8125 0.0399511
0.5625 0.8125 0.031462
0.5625 0.84375 0.0619043
0.53125 0.84375 0.0700568
0.5 0.8125 0.0489046
0.5 0.78125 0.0189716
0.53125 0.78125 0.00991133
0.53125 0.8125 0.0399511
0.5 0.8125 0.0489046
0.5 0.78125 0.0189716
0.5 0.75 -0.0109253
0.53125 0.75 -0.020015
0.53125 0.78125 0.00991133
0.5 0.78125 0.0189716
0.53125 0.8125 0.0399511
0.53125 0.78125 0.00991133
0.5625 0.78125 0.00112209
0.5625 0.8125 0.031462
0.53125 0.8125 0.0399511
0.53125 0.78125 0.00991133
0.53125 0.75 -0.020015
0.5625 0.75 -0.0288965
0.5625 0.78125 0.00112209
0.53125 0.78125 0.00991133
0.5625 0.875 0.0924384
0.5625 0.84375 0.0619043
0.59375 0.84375 0.055614
0.59375 0.875 0.0866593
0.5625 0.875 0.0924384
0.5625 0.84375 0.0619043
0.5625 0.8125 0.031462
0.59375 0.8125 0.0245895
0.59375 0.84375 0.055614
0.5625 0.84375 0.0619043
0.59375 0.875 0.0866593
0.59375 0.84375 0.055614
0.625 0.84375 0.0544231
0.625 0.875 0.0856016
0.59375 0.875 0.0866593
0.59375 0.84375 0.055614
0.59375 0.8125 0.0245895
0.625 0.8125 0.0232187
0.625 0.84375 0.0544231
0.59375 0.84375 0.055614
0.5625 0.8125 0.031462
0.5625 0.78125 0.00112209
0.59375 0.78125 -0.0063243
0.59375 0.8125 0.0245895
0.5625 0.8125 0.031462
0.5625 0.78125 0.00112209
0.5625 0.75 -0.0288965
0.59375 0.75 -0.0367582
0.59375 0.78125 -0.0063243
0.5625 0.78125 0.00112209
0.59375 0.8125 0.0245895
0.59375 0.78125 -0.0063243
0.625 0.78125 -0.00780596
0.625 0.8125 0.0232187
0.59375 0.8125 0.0245895
0.59375 0.78125 -0.0063243
0.59375 0.75 -0.0367582
0.625 0.75 -0.0364339
0.625 0.78125 -0.00780596
0.59375 0.78125 -0.0063243
0.625 1 0.210313
0.625 0.9375 0.14791
0.6875 0.9375 0.162991
0.6875 1 0.222293
0.625 1 0.210313
0.625 0.9375 0.14791
0.625 0.90625 0.116763
0.65625 0.90625 0.122243
0.65625 0.9375 0.152566
0.625 0.9375 0.14791
0.625 0.90625 0.116763
0.625 0.875 0.0856016
0.65625 0.875 0.0921543
0.65625 0.90625 0.122243
0.625 0.90625 0.116763
0.65625 0.9375 0.152566
0.65625 0.90625 0.122243
0.6875 0.90625 0.134112
0.6875 0.9375 0.162991
0.65625 0.9375 0.152566
0.65625 0.90625 0.122243
0.65625 0.875 0.0921543
0.6875 0.875 0.105849
0.6875 0.90625 0.134112
0.65625 0.90625 0.122243
0.6875 1 0.222293
0.6875 0.9375 0.162991
0.75 0.9375 0.195817
0.75 1 0.249406
0.6875 1 0.222293
0.6875 0.9375 0.162991
0.6875 0.875 0.105849
0.75 0.875 0.144778
0.75 0.9375 0.195817
0.6875 0.9375 0.162991
0.625 0.875 0.0856016
0.625 0.84375 0.0544231
0.65625 0.84375 0.062437
0.65625 0.875 0.0921543
0.625 0.875 0.0856016
0.625 0.84375 0.0544231
0.625 0.8125 0.0232187
0.65625 0.8125 0.0333205
0.65625 0.84375 0.062437
0.625 0.84375 0.0544231
0.65625 0.875 0.0921543
0.65625 0.84375 0.062437
0.6875 0.84375 0.0785165
0.6875 0.875 0.105849
0.65625 0.875 0.0921543
0.65625 0.84375 0.062437
0.65625 0.8125 0.0333205
0.6875 0.8125 0.0525034
0.6875 0.84375 0.0785165
0.65625 0.84375 0.062437
0.625 0.8125 0.0232187
0.625 0.78125 -0.00780596
0.65625 0.78125 0.00521518
0.65625 0.8125 0.0333205
0.625 0.8125 0.0232187
0.625 0.78125 -0.00780596
0.625 0.75 -0.0364339
0.65625 0.75 -0.017912
0.65625 0.78125 0.00521518
0.625 0.78125 -0.00780596
0.65625 0.8125 0.0333205
0.65625 0.78125 0.00521518
0.6875 0.78125 0.0284949
0.6875 0.8125 0.0525034
0.65625 0.8125 0.0333205
0.65625 0.78125 0.00521518
0.65625 0.75 -0.017912
0.6875 0.75 0.00771849
0.6875 0.78125 0.0284949
0.65625 0.78125 0.00521518
0.6875 0.875 0.105849
0.6875 0.84375 0.0785165
0.71875 0.84375 0.0989492
0.71875 0.875 0.123993
0.6875 0.875 0.105849
0.6875 0.84375 0.0785165
0.6875 0.8125 0.0525034
0.71875 0.8125 0.0756135
0.71875 0.84375 0.0989492
0.6875 0.84375 0.0785165
0.71875 0.875 0.123993
0.71875 0.84375 0.0989492
0.75 0.84375 0.121809
0.75 0.875 0.144778
0.71875 0.875 0.123993
0.71875 0.84375 0.0989492
0.71875 0.8125 0.0756135
0.75 0.8125 0.100682
0.75 0.84375 0.121809
0.71875 0.84375 0.0989492
0.6875 0.8125 0.0525034
0.6875 0.78125 0.0284949
0.71875 0.78125 0.0545901
0.71875 0.8125 0.0756135
0.6875 0.8125 0.0525034
0.6875 0.78125 0.0284949
0.6875 0.75 0.00771849
0.71875 0.75 0.0367666
0.71875 0.78125 0.0545901
0.6875 0.78125 0.0284949
0.71875 0.8125 0.0756135
0.71875 0.78125 0.0545901
0.75 0.78125 0.081885
0.75 0.8125 0.100682
0.71875 0.8125 0.0756135
0.71875 0.78125 0.0545901
0.71875 0.75 0.0367666
0.75 0.75 0.0659522
0.75 0.78125 0.081885
0.71875 0.78125 0.0545901
0.5 0.75 -0.0109253
0.5 0.71875 -0.0408119
0.53125 0.71875 -0.0499166
0.53125 0.75 -0.020015
0.5 0.75 -0.0109253
0.5 0.71875 -0.0408119
0.5 0.6875 -0.0706972
0.53125 0.6875 -0.0798127
0.53125 0.71875 -0.0499166
0.5 0.71875 -0.0408119
0.53125 0.75 -0.020015
0.53125 0.71875 -0.0499166
0.5625 0.71875 -0.0588703
0.5625 0.75 -0.0288965
0.53125 0.75 -0.020015
0.53125 0.71875 -0.0499166
0.53125 0.6875 -0.0798127
0.5625 0.6875 -0.0888197
0.5625 0.71875 -0.0588703
0.53125 0.71875 -0.0499166
0.5 0.6875 -0.0706972
0.5 0.65625 -0.100582
0.53125 0.65625 -0.109705
0.53125 0.6875 -0.0798127
0.5 0.6875 -0.0706972
0.5 0.65625 -0.100582
0.5 0.625 -0.130466
0.53125 0.625 -0.139594
0.53125 0.65625 -0.109705
0.5 0.65625 -0.100582
0.53125 0.6875 -0.0798127
0.53125 0.65625 -0.109705
0.5625 0.65625 -0.118752
0.5625 0.6875 -0.0888197
0.53125 0.6875 -0.0798127
0.53125 0.65625 -0.109705
0.53125 0.625 -0.139594
0.5625 0.625 -0.145571
0.5625 0.65625 -0.118752
0.53125 0.65625 -0.109705
0.5625 0.75 -0.0288965
0.5625 0.71875 -0.0588703
0.59375 0.71875 -0.0670742
0.59375 0.75 -0.0367582
0.5625 0.75 -0.0288965
0.5625 0.71875 -0.0588703
0.5625 0.6875 -0.0888197
0.59375 0.6875 -0.0949006
0.59375 0.71875 -0.0670742
0.5625 0.71875 -0.0588703
0.59375 0.75 -0.0367582
0.59375 0.71875 -0.0670742
0.625 0.71875 -0.059579
0.625 0.75 -0.0364339
0.59375 0.75 -0.0367582
0.59375 0.71875 -0.0670742
0.59375 0.6875 -0.0949006
0.625 0.6875 -0.0742856
0.625 0.71875 -0.059579
0.59375 0.71875 -0.0670742
0.5625 0.6875 -0.0888197
0.5625 0.65625 -0.118752
0.59375 0.65625 -0.11299
0.59375 0.6875 -0.0949006
0.5625 0.6875 -0.0888197
0.5625 0.65625 -0.118752
0.5625 0.625 -0.145571
0.59375 0.625 -0.123448
0.59375 0.65625 -0.11299
0.5625 0.65625 -0.118752
0.59375 0.6875 -0.0949006
0.59375 0.65625 -0.11299
0.625 0.65625 -0.0845432
0.625 0.6875 -0.0742856
0.59375 0.6875 -0.0949006
0.59375 0.65625 -0.11299
0.59375 0.625 -0.123448
0.625 0.625 -0.0938682
0.625 0.65625 -0.0845432
0.59375 0.65625 -0.11299
0.5 0.625 -0.130466
0.5 0.5625 -0.190696
0.5625 0.5625 -0.17167
0.5625 0.625 -0.145571
0.5 0.625 -0.130466
0.5 0.5625 -0.190696
0.5 0.5 -0.228889
0.5625 0.5 -0.185042
0.5625 0.5625 -0.17167
0.5 0.5625 -0.190696
0.5625 0.625 -0.145571
0.5625 0.5625 -0.17167
0.625 0.5625 -0.112184
0.625 0.625 -0.0938682
0.5625 0.625 -0.145571
0.5625 0.5625 -0.17167
0.5625 0.5 -0.185042
0.625 0.5 -0.130461
0.625 0.5625 -0.112184
0.5625 0.5625 -0.17167
0.625 0.75 -0.0364339
0.625 0.71875 -0.059579
0.65625 0.71875 -0.0342712
0.65625 0.75 -0.017912
0.625 0.75 -0.0364339
0.625 0.71875 -0.059579
0.625 0.6875 -0.0742856
0.65625 0.6875 -0.0453148
0.65625 0.71875 -0.0342712
0.625 0.71875 -0.059579
0.65625 0.75 -0.017912
0.65625 0.71875 -0.0342712
0.6875 0.71875 -0.00568735
0.6875 0.75 0.00771849
0.65625 0.75 -0.017912
0.65625 0.71875 -0.0342712
0.65625 0.6875 -0.0453148
0.6875 0.6875 -0.0157057
0.6875 0.71875 -0.00568735
0.65625 0.71875 -0.0342712
0.625 0.6875 -0.0742856
0.625 0.65625 -0.0845432
0.65625 0.65625 -0.0548125
0.65625 0.6875 -0.0453148
0.625 0.6875 -0.0742856
0.625 0.65625 -0.0845432
0.625 0.625 -0.0938682
0.65625 0.625 -0.0640089
0.65625 0.65625 -0.0548125
0.625 0.65625 -0.0845432
0.65625 0.6875 -0.0453148
0.65625 0.65625 -0.0548125
0.6875 0.65625 -0.0249763
0.6875 0.6875 -0.0157057
0.65625 0.6875 -0.0453148
0.65625 0.65625 -0.0548125
0.65625 0.625 -0.0640089
0.6875 0.625 -0.0341329
0.6875 0.65625 -0.0249763
0.65625 0.65625 -0.0548125
0.6875 0.75 0.00771849
0.6875 0.71875 -0.00568735
0.71875 0.71875 0.0238886
0.71875 0.75 0.0367666
0.6875 0.75 0.00771849
0.6875 0.71875 -0.00568735
0.6875 0.6875 -0.0157057
0.71875 0.6875 0.0140917
0.71875 0.71875 0.0238886
0.6875 0.71875 -0.00568735
0.71875 0.75 0.0367666
0.71875 0.71875 0.0238886
0.75 0.71875 0.0536707
0.75 0.75 0.0659522
0.71875 0.75 0.0367666
0.71875 0.71875 0.0238886
0.71875 0.6875 0.0140917
0.75 0.6875 0.0439662
0.75 0.71875 0.0536707
0.71875 0.71875 0.0238886
0.6875 0.6875 -0.0157057
0.6875 0.65625 -0.0249763
0.71875 0.65625 0.00489263
0.71875 0.6875 0.0140917
0.6875 0.6875 -0.0157057
0.6875 0.65625 -0.0249763
0.6875 0.625 -0.0341329
0.71875 0.625 -0.00425166
0.71875 0.65625 0.00489263
0.6875 0.65625 -0.0249763
0.71875 0.6875 0.0140917
0.71875 0.65625 0.00489263
0.75 0.65625 0.0347751
0.75 0.6875 0.0439662
0.71875 0.6875 0.0140917
0.71875 0.65625 0.00489263
0.71875 0.625 -0.00425166
0.75 0.625 0.0256312
0.75 0.65625 0.0347751
0.71875 0.65625 0.00489263
0.625 0.625 -0.0938682
0.625 0.59375 -0.103038
0.65625 0.59375 -0.0731585
0.65625 0.625 -0.0640089
0.625 0.625 -0.0938682
0.625 0.59375 -0.103038
0.625 0.5625 -0.112184
0.65625 0.5625 -0.0823016
0.65625 0.59375 -0.0731585
0.625 0.59375 -0.103038
0.65625 0.625 -0.0640089
0.65625 0.59375 -0.0731585
0.6875 0.59375 -0.0432765
0.6875 0.625 -0.0341329
0.65625 0.625 -0.0640089
0.65625 0.59375 -0.0731585
0.65625 0.5625 -0.0823016
0.6875 0.5625 -0.0524185
0.6875 0.59375 -0.0432765
0.65625 0.59375 -0.0731585
0.625 0.5625 -0.112184
0.625 0.53125 -0.121326
0.65625 0.53125 -0.0914422
0.65625 0.5625 -0.0823016
0.625 0.5625 -0.112184
0.625 0.53125 -0.121326
0.625 0.5 -0.130461
0.65625 0.5 -0.100575
0.65625 0.53125 -0.0914422
0.625 0.53125 -0.121326
0.65625 0.5625 -0.0823016
0.65625 0.53125 -0.0914422
0.6875 0.53125 -0.0615586
0.6875 0.5625 -0.0524185
0.65625 0.5625 -0.0823016
0.65625 0.53125 -0.0914422
0.65625 0.5 -0.100575
0.6875 0.5 -0.0706867
0.6875 0.53125 -0.0615586
0.65625 0.53125 -0.0914422
0.6875 0.625 -0.0341329
0.6875 0.59375 -0.0432765
0.71875 0.59375 -0.0133938
0.71875 0.625 -0.00425166
0.6875 0.625 -0.0341329
0.6875 0.59375 -0.0432765
0.6875 0.5625 -0.0524185
0.71875 0.5625 -0.0225353
0.71875 0.59375 -0.0133938
0.6875 0.59375 -0.0432765
0.71875 0.625 -0.00425166
0.71875 0.59375 -0.0133938
0.75 0.59375 0.0164893
0.75 0.625 0.0256312
0.71875 0.625 -0.00425166
0.71875 0.59375 -0.0133938
0.71875 0.5625 -0.0225353
0.75 0.5625 0.00734804
0.75 0.59375 0.0164893
0.71875 0.59375 -0.0133938
0.6875 0.5625 -0.0524185
0.6875 0.53125 -0.0615586
0.71875 0.53125 -0.0316747
0.71875 0.5625 -0.0225353
0.6875 0.5625 -0.0524185
0.6875 0.53125 -0.0615586
0.6875 0.5 -0.0706867
0.71875 0.5 -0.0407966
0.71875 0.53125 -0.0316747
0.6875 0.53125 -0.0615586
0.71875 0.5625 -0.0225353
0.71875 0.53125 -0.0316747
0.75 0.53125 -0.00179049
0.75 0.5625 0.00734804
0.71875 0.5625 -0.0225353
0.71875 0.53125 -0.0316747
0.71875 0.5 -0.0407966
0.75 0.5 -0.0109033
0.75 0.53125 -0.00179049
0.71875 0.53125 -0.0316747
0.75 1 0.249406
0.75 0.9375 0.195817
0.8125 0.9375 0.238527
0.8125 1 0.286635
0.75 1 0.249406
0.75 0.9375 0.195817
0.75 0.875 0.144778
0.8125 0.875 0.193613
0.8125 0.9375 0.238527
0.75 0.9375 0.195817
0.8125 1 0.286635
0.8125 0.9375 0.238527
0.875 0.9375 0.28571
0.875 1 0.329021
0.8125 1 0.286635
0.8125 0.9375 0.238527
0.8125 0.875 0.193613
0.875 0.875 0.245833
0.875 0.9375 0.28571
0.8125 0.9375 0.238527
0.75 0.875 0.144778
0.75 0.8125 0.100682
0.8125 0.8125 0.154219
0.8125 0.875 0.193613
0.75 0.875 0.144778
0.75 0.8125 0.100682
0.75 0.78125 0.081885
0.78125 0.78125 0.109893
0.78125 0.8125 0.127116
0.75 0.8125 0.100682
0.75 0.78125 0.081885
0.75 0.75 0.0659522
0.78125 0.75 0.0952392
0.78125 0.78125 0.109893
0.75 0.78125 0.081885
0.78125 0.8125 0.127116
0.78125 0.78125 0.109893
0.8125 0.78125 0.138272
0.8125 0.8125 0.154219
0.78125 0.8125 0.127116
0.78125 0.78125 0.109893
0.78125 0.75 0.0952392
0.8125 0.75 0.124607
0.8125 0.78125 0.138272
0.78125 0.78125 0.109893
0.8125 0.875 0.193613
0.8125 0.8125 0.154219
0.875 0.8125 0.211515
0.875 0.875 0.245833
0.8125 0.875 0.193613
0.8125 0.8125 0.154219
0.8125 0.75 0.124607
0.875 0.75 0.184082
0.875 0.8125 0.211515
0.8125 0.8125 0.154219
0.875 1 0.329021
0.875 0.875 0.245833
1 0.875 0.360294
1 1 0.431641
0.875 1 0.329021
0.875 0.875 0.245833
0.875 0.75 0.184082
1 0.75 0.303052
1 0.875 0.360294
0.875 0.875 0.245833
0.75 0.75 0.0659522
0.75 0.71875 0.0536707
0.78125 0.71875 0.0834629
0.78125 0.75 0.0952392
0.75 0.75 0.0659522
0.75 0.71875 0.0536707
0.75 0.6875 0.0439662
0.78125 0.6875 0.0738413
0.78125 0.71875 0.0834629
0.75 0.71875 0.0536707
0.78125 0.75 0.0952392
0.78125 0.71875 0.0834629
0.8125 0.71875 0.113271
0.8125 0.75 0.124607
0.78125 0.75 0.0952392
0.78125 0.71875 0.0834629
0.78125 0.6875 0.0738413
0.8125 0.6875 0.103717
0.8125 0.71875 0.113271
0.78125 0.71875 0.0834629
0.75 0.6875 0.0439662
0.75 0.65625 0.0347751
0.78125 0.65625 0.0646578
0.78125 0.6875 0.0738413
0.75 0.6875 0.0439662
0.75 0.65625 0.0347751
0.75 0.625 0.0256312
0.78125 0.625 0.0555144
0.78125 0.65625 0.0646578
0.75 0.65625 0.0347751
0.78125 0.6875 0.0738413
0.78125 0.65625 0.0646578
0.8125 0.65625 0.0945409
0.8125 0.6875 0.103717
0.78125 0.6875 0.0738413
0.78125 0.65625 0.0646578
0.78125 0.625 0.0555144
0.8125 0.625 0.0853986
0.8125 0.65625 0.0945409
0.78125 0.65625 0.0646578
0.8125 0.75 0.124607
0.8125 0.6875 0.103717
0.875 0.6875 0.163471
0.875 0.75 0.184082
0.8125 0.75 0.124607
0.8125 0.6875 0.103717
0.8125 0.65625 0.0945409
0.84375 0.65625 0.124425
0.84375 0.6875 0.133593
0.8125 0.6875 0.103717
0.8125 0.65625 0.0945409
0.8125 0.625 0.0853986
0.84375 0.625 0.115285
0.84375 0.65625 0.124425
0.8125 0.65625 0.0945409
0.84375 0.6875 0.133593
0.84375 0.65625 0.124425
0.875 0.65625 0.154311
0.875 0.6875 0.163471
0.84375 0.6875 0.133593
0.84375 0.65625 0.124425
0.84375 0.625 0.115285
0.875 0.625 0.145175
0.875 0.65625 0.154311
0.84375 0.65625 0.124425
0.75 0.625 0.0256312
0.75 0.59375 0.0164893
0.78125 0.59375 0.0463734
0.78125 0.625 0.0555144
0.75 0.625 0.0256312
0.75 0.59375 0.0164893
0.75 0.5625 0.00734804
0.78125 0.5625 0.0372353
0.78125 0.59375 0.0463734
0.75 0.59375 0.0164893
0.78125 0.625 0.0555144
0.78125 0.59375 0.0463734
0.8125 0.59375 0.0762602
0.8125 0.625 0.0853986
0.78125 0.625 0.0555144
0.78125 0.59375 0.0463734
0.78125 0.5625 0.0372353
0.8125 0.5625 0.0671311
0.8125 0.59375 0.0762602
0.78125 0.59375 0.0463734
0.75 0.5625 0.00734804
0.75 0.53125 -0.00179049
0.78125 0.53125 0.0281086
0.78125 0.5625 0.0372353
0.75 0.5625 0.00734804
0.75 0.53125 -0.00179049
0.75 0.5 -0.0109033
0.78125 0.5 0.0190246
0.78125 0.53125 0.0281086
0.75 0.53125 -0.00179049
0.78125 0.5625 0.0372353
0.78125 0.53125 0.0281086
0.8125 0.53125 0.0580313
0.8125 0.5625 0.0671311
0.78125 0.5625 0.0372353
0.78125 0.53125 0.0281086
0.78125 0.5 0.0190246
0.8125 0.5 0.0490172
0.8125 0.53125 0.0580313
0.78125 0.53125 0.0281086
0.8125 0.625 0.0853986
0.8125 0.59375 0.0762602
0.84375 0.59375 0.106153
0.84375 0.625 0.115285
0.8125 0.625 0.0853986
0.8125 0.59375 0.0762602
0.8125 0.5625 0.0671311
0.84375 0.5625 0.0970423
0.84375 0.59375 0.106153
0.8125 0.59375 0.0762602
0.84375 0.625 0.115285
0.84375 0.59375 0.106153
0.875 0.59375 0.136055
0.875 0.625 0.145175
0.84375 0.625 0.115285
0.84375 0.59375 0.106153
0.84375 0.5625 0.0970423
0.875 0.5625 0.126977
0.875 0.59375 0.136055
0.84375 0.59375 0.106153
0.8125 0.5625 0.0671311
0.8125 0.53125 0.0580313
0.84375 0.53125 0.0879909
0.84375 0.5625 0.0970423
0.8125 0.5625 0.0671311
0.8125 0.53125 0.0580313
0.8125 0.5 0.0490172
0.84375 0.5 0.0790928
0.84375 0.53125 0.0879909
0.8125 0.53125 0.0580313
0.84375 0.5625 0.0970423
0.84375 0.53125 0.0879909
0.875 0.53125 0.117999
0.875 0.5625 0.126977
0.84375 0.5625 0.0970423
0.84375 0.53125 0.0879909
0.84375 0.5 0.0790928
0.875 0.5 0.109254
0.875 0.53125 0.117999
0.84375 0.53125 0.0879909
0.875 0.75 0.184082
0.875 0.6875 0.163471
0.9375 0.6875 0.223266
0.9375 0.75 0.243517
0.875 0.75 0.184082
0.875 0.6875 0.163471
0.875 0.625 0.145175
0.9375 0.625 0.205031
0.9375 0.6875 0.223266
0.875 0.6875 0.163471
0.9375 0.75 0.243517
0.9375 0.6875 0.223266
1 0.6875 0.283181
1 0.75 0.303052
0.9375 0.75 0.243517
0.9375 0.6875 0.223266
0.9375 0.625 0.205031
1 0.625 0.265111
1 0.6875 0.283181
0.9375 0.6875 0.223266
0.875 0.625 0.145175
0.875 0.5625 0.126977
0.9375 0.5625 0.187077
0.9375 0.625 0.205031
0.875 0.625 0.145175
0.875 0.5625 0.126977
0.875 0.5 0.109254
0.9375 0.5 0.170034
0.9375 0.5625 0.187077
0.875 0.5625 0.126977
0.9375 0.625 0.205031
0.9375 0.5625 0.187077
1 0.5625 0.247602
1 0.625 0.265111
0.9375 0.625 0.205031
0.9375 0.5625 0.187077
0.9375 0.5 0.170034
1 0.5 0.231363
1 0.5625 0.247602
0.9375 0.5625 0.187077
0.5 0.5 -0.228889
0.5 0.4375 -0.187881
0.5625 0.4375 -0.165546
0.5625 0.5 -0.185042
0.5 0.5 -0.228889
0.5 0.4375 -0.187881
0.5 0.375 -0.130464
0.5625 0.375 -0.112145
0.5625 0.4375 -0.165546
0.5 0.4375 -0.187881
0.5625 0.5 -0.185042
0.5625 0.4375 -0.165546
0.625 0.4375 -0.139604
0.625 0.5 -0.130461
0.5625 0.5 -0.185042
0.5625 0.4375 -0.165546
0.5625 0.375 -0.112145
0.625 0.375 -0.0934367
0.625 0.4375 -0.139604
0.5625 0.4375 -0.165546
0.5 0.375 -0.130464
0.5 0.34375 -0.100581
0.53125 0.34375 -0.0914416
0.53125 0.375 -0.121318
0.5 0.375 -0.130464
0.5 0.34375 -0.100581
0.5 0.3125 -0.0706955
0.53125 0.3125 -0.0615601
0.53125 0.34375 -0.0914416
0.5 0.34375 -0.100581
0.53125 0.375 -0.121318
0.53125 0.34375 -0.0914416
0.5625 0.34375 -0.0822926
0.5625 0.375 -0.112145
0.53125 0.375 -0.121318
0.53125 0.34375 -0.0914416
0.53125 0.3125 -0.0615601
0.5625 0.3125 -0.0524177
0.5625 0.34375 -0.0822926
0.53125 0.34375 -0.0914416
0.5 0.3125 -0.0706955
0.5 0.28125 -0.0408097
0.53125 0.28125 -0.0316769
0.53125 0.3125 -0.0615601
0.5 0.3125 -0.0706955
0.5 0.28125 -0.0408097
0.5 0.25 -0.0109232
0.53125 0.25 -0.0017937
0.53125 0.28125 -0.0316769
0.5 0.28125 -0.0408097
0.53125 0.3125 -0.0615601
0.53125 0.28125 -0.0316769
0.5625 0.28125 -0.0225358
0.5625 0.3125 -0.0524177
0.53125 0.3125 -0.0615601
0.53125 0.28125 -0.0316769
0.53125 0.25 -0.0017937
0.5625 0.25 0.00734705
0.5625 0.28125 -0.0225358
0.53125 0.28125 -0.0316769
0.5625 0.375 -0.112145
0.5625 0.34375 -0.0822926
0.59375 0.34375 -0.0731267
0.59375 0.375 -0.102908
0.5625 0.375 -0.112145
0.5625 0.34375 -0.0822926
0.5625 0.3125 -0.0524177
0.59375 0.3125 -0.0432727
0.59375 0.34375 -0.0731267
0.5625 0.34375 -0.0822926
0.59375 0.375 -0.102908
0.59375 0.34375 -0.0731267
0.625 0.34375 -0.0638967
0.625 0.375 -0.0934367
0.59375 0.375 -0.102908
0.59375 0.34375 -0.0731267
0.59375 0.3125 -0.0432727
0.625 0.3125 -0.0341198
0.625 0.34375 -0.0638967
0.59375 0.34375 -0.0731267
0.5625 0.3125 -0.0524177
0.5625 0.28125 -0.0225358
0.59375 0.28125 -0.0133939
0.59375 0.3125 -0.0432727
0.5625 0.3125 -0.0524177
0.5625 0.28125 -0.0225358
0.5625 0.25 0.00734705
0.59375 0.25 0.0164889
0.59375 0.28125 -0.0133939
0.5625 0.28125 -0.0225358
0.59375 0.3125 -0.0432727
0.59375 0.28125 -0.0133939
0.625 0.28125 -0.0042516
0.625 0.3125 -0.0341198
0.59375 0.3125 -0.0432727
0.59375 0.28125 -0.0133939
0.59375 0.25 0.0164889
0.625 0.25 0.0256311
0.625 0.28125 -0.0042516
0.59375 0.28125 -0.0133939
0.625 0.5 -0.130461
0.625 0.46875 -0.139569
0.65625 0.46875 -0.109674
0.65625 0.5 -0.100575
0.625 0.5 -0.130461
0.625 0.46875 -0.139569
0.625 0.4375 -0.139604
0.65625 0.4375 -0.116347
0.65625 0.46875 -0.109674
0.625 0.46875 -0.139569
0.65625 0.5 -0.100575
0.65625 0.46875 -0.109674
0.6875 0.46875 -0.0797683
0.6875 0.5 -0.0706867
0.65625 0.5 -0.100575
0.65625 0.46875 -0.109674
0.65625 0.4375 -0.116347
0.6875 0.4375 -0.0886817
0.6875 0.46875 -0.0797683
0.65625 0.46875 -0.109674
0.625 0.4375 -0.139604
0.625 0.40625 -0.12081
0.65625 0.40625 -0.107279
0.65625 0.4375 -0.116347
0.625 0.4375 -0.139604
0.625 0.40625 -0.12081
0.625 0.375 -0.0934367
0.65625 0.375 -0.0832156
0.65625 0.40625 -0.107279
0.625 0.40625 -0.12081
0.65625 0.4375 -0.116347
0.65625 0.40625 -0.107279
0.6875 0.40625 -0.0880769
0.6875 0.4375 -0.0886817
0.65625 0.4375 -0.116347
0.65625 0.40625 -0.107279
0.65625 0.375 -0.0832156
0.6875 0.375 -0.070855
0.6875 0.40625 -0.0880769
0.65625 0.40625 -0.107279
0.6875 0.5 -0.0706867
0.6875 0.46875 -0.0797683
0.71875 0.46875 -0.049856
0.71875 0.5 -0.0407966
0.6875 0.5 -0.0706867
0.6875 0.46875 -0.0797683
0.6875 0.4375 -0.0886817
0.71875 0.4375 -0.0586865
0.71875 0.46875 -0.049856
0.6875 0.46875 -0.0797683
0.71875 0.5 -0.0407966
0.71875 0.46875 -0.049856
0.75 0.46875 -0.0199335
0.75 0.5 -0.0109033
0.71875 0.5 -0.0407966
0.71875 0.46875 -0.049856
0.71875 0.4375 -0.0586865
0.75 0.4375 -0.0286599
0.75 0.46875 -0.0199335
0.71875 0.46875 -0.049856
0.6875 0.4375 -0.0886817
0.6875 0.40625 -0.0880769
0.71875 0.40625 -0.0638711
0.71875 0.4375 -0.0586865
0.6875 0.4375 -0.0886817
0.6875 0.40625 -0.0880769
0.6875 0.375 -0.070855
0.71875 0.375 -0.0539809
0.71875 0.40625 -0.0638711
0.6875 0.40625 -0.0880769
0.71875 0.4375 -0.0586865
0.71875 0.40625 -0.0638711
0.75 0.40625 -0.035836
0.75 0.4375 -0.0286599
0.71875 0.4375 -0.0586865
0.71875 0.40625 -0.0638711
0.71875 0.375 -0.0539809
0.75 0.375 -0.0320569
0.75 0.40625 -0.035836
0.71875 0.40625 -0.0638711
0.625 0.375 -0.0934367
0.625 0.34375 -0.0638967
0.65625 0.34375 -0.0544408
0.65625 0.375 -0.0832156
0.625 0.375 -0.0934367
0.625 0.34375 -0.0638967
0.625 0.3125 -0.0341198
0.65625 0.3125 -0.0249388
0.65625 0.34375 -0.0544408
0.625 0.34375 -0.0638967
0.65625 0.375 -0.0832156
0.65625 0.34375 -0.0544408
0.6875 0.34375 -0.0442471
0.6875 0.375 -0.070855
0.65625 0.375 -0.0832156
0.65625 0.34375 -0.0544408
0.65625 0.3125 -0.0249388
0.6875 0.3125 -0.0156053
0.6875 0.34375 -0.0442471
0.65625 0.34375 -0.0544408
0.625 0.3125 -0.0341198
0.625 0.28125 -0.0042516
0.65625 0.28125 0.00489857
0.65625 0.3125 -0.0249388
0.625 0.3125 -0.0341198
0.625 0.28125 -0.0042516
0.625 0.25 0.0256311
0.65625 0.25 0.0347785
0.65625 0.28125 0.00489857
0.625 0.28125 -0.0042516
0.65625 0.3125 -0.0249388
0.65625 0.28125 0.00489857
0.6875 0.28125 0.0141391
0.6875 0.3125 -0.0156053
0.65625 0.3125 -0.0249388
0.65625 0.28125 0.00489857
0.65625 0.25 0.0347785
0.6875 0.25 0.0439866
0.6875 0.28125 0.0141391
0.65625 0.28125 0.00489857
0.6875 0.375 -0.070855
0.6875 0.34375 -0.0442471
0.71875 0.34375 -0.0321056
0.71875 0.375 -0.0539809
0.6875 0.375 -0.070855
0.6875 0.34375 -0.0442471
0.6875 0.3125 -0.0156053
0.71875 0.3125 -0.00554745
0.71875 0.34375 -0.0321056
0.6875 0.34375 -0.0442471
0.71875 0.375 -0.0539809
0.71875 0.34375 -0.0321056
0.75 0.34375 -0.0164658
0.75 0.375 -0.0320569
0.71875 0.375 -0.0539809
0.71875 0.34375 -0.0321056
0.71875 0.3125 -0.00554745
0.75 0.3125 0.00773811
0.75 0.34375 -0.0164658
0.71875 0.34375 -0.0321056
0.6875 0.3125 -0.0156053
0.6875 0.28125 0.0141391
0.71875 0.28125 0.0238892
0.71875 0.3125 -0.00554745
0.6875 0.3125 -0.0156053
0.6875 0.28125 0.0141391
0.6875 0.25 0.0439866
0.71875 0.25 0.0535509
0.71875 0.28125 0.0238892
0.6875 0.28125 0.0141391
0.71875 0.3125 -0.00554745
0.71875 0.28125 0.0238892
0.75 0.28125 0.0358012
0.75 0.3125 0.00773811
0.71875 0.3125 -0.00554745
0.71875 0.28125 0.0238892
0.71875 0.25 0.0535509
0.75 0.25 0.0645698
0.75 0.28125 0.0358012
0.71875 0.28125 0.0238892
0.5 0.25 -0.0109232
0.5 0.21875 0.0189708
0.53125 0.21875 0.0280917
0.53125 0.25 -0.0017937
0.5 0.25 -0.0109232
0.5 0.21875 0.0189708
0.5 0.1875 0.0488779
0.53125 0.1875 0.0579803
0.53125 0.21875 0.0280917
0.5 0.21875 0.0189708
0.53125 0.25 -0.0017937
0.53125 0.21875 0.0280917
0.5625 0.21875 0.0372303
0.5625 0.25 0.00734705
0.53125 0.25 -0.0017937
0.53125 0.21875 0.0280917
0.53125 0.1875 0.0579803
0.5625 0.1875 0.0671143
0.5625 0.21875 0.0372303
0.53125 0.21875 0.0280917
0.5 0.1875 0.0488779
0.5 0.15625 0.0788037
0.53125 0.15625 0.0878739
0.53125 0.1875 0.0579803
0.5 0.1875 0.0488779
0.5 0.15625 0.0788037
0.5 0.125 0.108755
0.53125 0.125 0.117776
0.53125 0.15625 0.0878739
0.5 0.15625 0.0788037
0.53125 0.1875 0.0579803
0.53125 0.15625 0.0878739
0.5625 0.15625 0.0969995
0.5625 0.1875 0.0671143
0.53125 0.1875 0.0579803
0.53125 0.15625 0.0878739
0.53125 0.125 0.117776
0.5625 0.125 0.126887
0.5625 0.15625 0.0969995
0.53125 0.15625 0.0878739
0.5625 0.25 0.00734705
0.5625 0.21875 0.0372303
0.59375 0.21875 0.0463719
0.59375 0.25 0.0164889
0.5625 0.25 0.00734705
0.5625 0.21875 0.0372303
0.5625 0.1875 0.0671143
0.59375 0.1875 0.0762549
0.59375 0.21875 0.0463719
0.5625 0.21875 0.0372303
0.59375 0.25 0.0164889
0.59375 0.21875 0.0463719
0.625 0.21875 0.0555139
0.625 0.25 0.0256311
0.59375 0.25 0.0164889
0.59375 0.21875 0.0463719
0.59375 0.1875 0.0762549
0.625 0.1875 0.0853967
0.625 0.21875 0.0555139
0.59375 0.21875 0.0463719
0.5625 0.1875 0.0671143
0.5625 0.15625 0.0969995
0.59375 0.15625 0.106138
0.59375 0.1875 0.0762549
0.5625 0.1875 0.0671143
0.5625 0.15625 0.0969995
0.5625 0.125 0.126887
0.59375 0.125 0.136022
0.59375 0.15625 0.106138
0.5625 0.15625 0.0969995
0.59375 0.1875 0.0762549
0.59375 0.15625 0.106138
0.625 0.15625 0.115279
0.625 0.1875 0.0853967
0.59375 0.1875 0.0762549
0.59375 0.15625 0.106138
0.59375 0.125 0.136022
0.625 0.125 0.145162
0.625 0.15625 0.115279
0.59375 0.15625 0.106138
0.5 0.125 0.108755
0.5 0.0625 0.168873
0.5625 0.0625 0.186702
0.5625 0.125 0.126887
0.5 0.125 0.108755
0.5 0.0625 0.168873
0.5 0 0.229371
0.5625 0 0.246648
0.5625 0.0625 0.186702
0.5 0.0625 0.168873
0.5625 0.125 0.126887
0.5625 0.0625 0.186702
0.625 0.0625 0.204933
0.625 0.125 0.145162
0.5625 0.125 0.126887
0.5625 0.0625 0.186702
0.5625 0 0.246648
0.625 0 0.264736
0.625 0.0625 0.204933
0.5625 0.0625 0.186702
0.625 0.25 0.0256311
0.625 0.21875 0.0555139
0.65625 0.21875 0.0646593
0.65625 0.25 0.0347785
0.625 0.25 0.0256311
0.625 0.21875 0.0555139
0.625 0.1875 0.0853967
0.65625 0.1875 0.0945409
0.65625 0.21875 0.0646593
0.625 0.21875 0.0555139
0.65625 0.25 0.0347785
0.65625 0.21875 0.0646593
0.6875 0.21875 0.0738451
0.6875 0.25 0.0439866
0.65625 0.25 0.0347785
0.65625 0.21875 0.0646593
0.65625 0.1875 0.0945409
0.6875 0.1875 0.103712
0.6875 0.21875 0.0738451
0.65625 0.21875 0.0646593
0.625 0.1875 0.0853967
0.625 0.15625 0.115279
0.65625 0.15625 0.124423
0.65625 0.1875 0.0945409
0.625 0.1875 0.0853967
0.625 0.15625 0.115279
0.625 0.125 0.145162
0.65625 0.125 0.154305
0.65625 0.15625 0.124423
0.625 0.15625 0.115279
0.65625 0.1875 0.0945409
0.65625 0.15625 0.124423
0.6875 0.15625 0.133583
0.6875 0.1875 0.103712
0.65625 0.1875 0.0945409
0.65625 0.15625 0.124423
0.65625 0.125 0.154305
0.6875 0.125 0.163459
0.6875 0.15625 0.133583
0.65625 0.15625 0.124423
0.6875 0.25 0.0439866
0.6875 0.21875 0.0738451
0.71875 0.21875 0.0832736
0.71875 0.25 0.0535509
0.6875 0.25 0.0439866
0.6875 0.21875 0.0738451
0.6875 0.1875 0.103712
0.71875 0.1875 0.113061
0.71875 0.21875 0.0832736
0.6875 0.21875 0.0738451
0.71875 0.25 0.0535509
0.71875 0.21875 0.0832736
0.75 0.21875 0.0937098
0.75 0.25 0.0645698
0.71875 0.25 0.0535509
0.71875 0.21875 0.0832736
0.71875 0.1875 0.113061
0.75 0.1875 0.123081
0.75 0.21875 0.0937098
0.71875 0.21875 0.0832736
0.6875 0.1875 0.103712
0.6875 0.125 0.163459
0.75 0.125 0.182397
0.75 0.1875 0.123081
0.6875 0.1875 0.103712
0.625 0.125 0.145162
0.625 0.0625 0.204933
0.6875 0.0625 0.223216
0.6875 0.125 0.163459
0.625 0.125 0.145162
0.625 0.0625 0.204933
0.625 0 0.264736
0.6875 0 0.282974
0.6875 0.0625 0.223216
0.625 0.0625 0.204933
0.6875 0.125 0.163459
0.6875 0.0625 0.223216
0.75 0.0625 0.241911
0.75 0.125 0.182397
0.6875 0.125 0.163459
0.6875 0.0625 0.223216
0.6875 0 0.282974
0.75 0 0.301538
0.75 0.0625 0.241911
0.6875 0.0625 0.223216
0.75 0.5 -0.0109033
0.75 0.46875 -0.0199335
0.78125 0.46875 0.0100588
0.78125 0.5 0.0190246
0.75 0.5 -0.0109033
0.75 0.46875 -0.0199335
0.75 0.4375 -0.0286599
0.78125 0.4375 0.00143231
0.78125 0.46875 0.0100588
0.75 0.46875 -0.0199335
0.78125 0.5 0.0190246
0.78125 0.46875 0.0100588
0.8125 0.46875 0.0402359
0.8125 0.5 0.0490172
0.78125 0.5 0.0190246
0.78125 0.46875 0.0100588
0.78125 0.4375 0.00143231
0.8125 0.4375 0.0320893
0.8125 0.46875 0.0402359
0.78125 0.46875 0.0100588
0.75 0.4375 -0.0286599
0.75 0.40625 -0.035836
0.78125 0.40625 -0.00557179
0.78125 0.4375 0.00143231
0.75 0.4375 -0.0286599
0.75 0.40625 -0.035836
0.75 0.375 -0.0320569
0.78125 0.375 -0.00582548
0.78125 0.40625 -0.00557179
0.75 0.40625 -0.035836
0.78125 0.4375 0.00143231
0.78125 0.40625 -0.00557179
0.8125 0.40625 0.0255177
0.8125 0.4375 0.0320893
0.78125 0.4375 0.00143231
0.78125 0.40625 -0.00557179
0.78125 0.375 -0.00582548
0.8125 0.375 0.0246535
0.8125 0.40625 0.0255177
0.78125 0.40625 -0.00557179
0.8125 0.5 0.0490172
0.8125 0.46875 0.0402359
0.84375 0.46875 0.0705699
0.84375 0.5 0.0790928
0.8125 0.5 0.0490172
0.8125 0.46875 0.0402359
0.8125 0.4375 0.0320893
0.84375 0.4375 0.0628567
0.84375 0.46875 0.0705699
0.8125 0.46875 0.0402359
0.84375 0.5 0.0790928
0.84375 0.46875 0.0705699
0.875 0.46875 0.101005
0.875 0.5 0.109254
0.84375 0.5 0.0790928
0.84375 0.46875 0.0705699
0.84375 0.4375 0.0628567
0.875 0.4375 0.0936972
0.875 0.46875 0.101005
0.84375 0.46875 0.0705699
0.8125 0.4375 0.0320893
0.8125 0.40625 0.0255177
0.84375 0.40625 0.0567659
0.84375 0.4375 0.0628567
0.8125 0.4375 0.0320893
0.8125 0.40625 0.0255177
0.8125 0.375 0.0246535
0.84375 0.375 0.0558564
0.84375 0.40625 0.0567659
0.8125 0.40625 0.0255177
0.84375 0.4375 0.0628567
0.84375 0.40625 0.0567659
0.875 0.40625 0.0880081
0.875 0.4375 0.0936972
0.84375 0.4375 0.0628567
0.84375 0.40625 0.0567659
0.84375 0.375 0.0558564
0.875 0.375 0.0870539
0.875 0.40625 0.0880081
0.84375 0.40625 0.0567659
0.75 0.375 -0.0320569
0.75 0.34375 -0.0164658
0.78125 0.34375 0.00592927
0.78125 0.375 -0.00582548
0.75 0.375 -0.0320569
0.75 0.34375 -0.0164658
0.75 0.3125 0.00773811
0.78125 0.3125 0.0269108
0.78125 0.34375 0.00592927
0.75 0.34375 -0.0164658
0.78125 0.375 -0.00582548
0.78125 0.34375 0.00592927
0.8125 0.34375 0.0337573
0.8125 0.375 0.0246535
0.78125 0.375 -0.00582548
0.78125 0.34375 0.00592927
0.78125 0.3125 0.0269108
0.8125 0.3125 0.0503812
0.8125 0.34375 0.0337573
0.78125 0.34375 0.00592927
0.75 0.3125 0.00773811
0.75 0.28125 0.0358012
0.78125 0.28125 0.051573
0.78125 0.3125 0.0269108
0.75 0.3125 0.00773811
0.75 0.28125 0.0358012
0.75 0.25 0.0645698
0.78125 0.25 0.0783535
0.78125 0.28125 0.051573
0.75 0.28125 0.0358012
0.78125 0.3125 0.0269108
0.78125 0.28125 0.051573
0.8125 0.28125 0.0715574
0.8125 0.3125 0.0503812
0.78125 0.3125 0.0269108
0.78125 0.28125 0.051573
0.78125 0.25 0.0783535
0.8125 0.25 0.0955001
0.8125 0.28125 0.0715574
0.78125 0.28125 0.051573
0.8125 0.375 0.0246535
0.8125 0.34375 0.0337573
0.84375 0.34375 0.0629246
0.84375 0.375 0.0558564
0.8125 0.375 0.0246535
0.8125 0.34375 0.0337573
0.8125 0.3125 0.0503812
0.84375 0.3125 0.0765797
0.84375 0.34375 0.0629246
0.8125 0.34375 0.0337573
0.84375 0.375 0.0558564
0.84375 0.34375 0.0629246
0.875 0.34375 0.0927843
0.875 0.375 0.0870539
0.84375 0.375 0.0558564
0.84375 0.34375 0.0629246
0.84375 0.3125 0.0765797
0.875 0.3125 0.104236
0.875 0.34375 0.0927843
0.84375 0.34375 0.0629246
0.8125 0.3125 0.0503812
0.8125 0.28125 0.0715574
0.84375 0.28125 0.094729
0.84375 0.3125 0.0765797
0.8125 0.3125 0.0503812
0.8125 0.28125 0.0715574
0.8125 0.25 0.0955001
0.84375 0.25 0.116031
0.84375 0.28125 0.094729
0.8125 0.28125 0.0715574
0.84375 0.3125 0.0765797
0.84375 0.28125 0.094729
0.875 0.28125 0.119989
0.875 0.3125 0.104236
0.84375 0.3125 0.0765797
0.84375 0.28125 0.094729
0.84375 0.25 0.116031
0.875 0.25 0.13892
0.875 0.28125 0.119989
0.84375 0.28125 0.094729
0.875 0.5 0.109254
0.875 0.4375 0.0936972
0.9375 0.4375 0.155482
0.9375 0.5 0.170034
0.875 0.5 0.109254
0.875 0.4375 0.0936972
0.875 0.40625 0.0880081
0.90625 0.40625 0.11924
0.90625 0.4375 0.124568
0.875 0.4375 0.0936972
0.875 0.40625 0.0880081
0.875 0.375 0.0870539
0.90625 0.375 0.11823
0.90625 0.40625 0.11924
0.875 0.40625 0.0880081
0.90625 0.4375 0.124568
0.90625 0.40625 0.11924
0.9375 0.40625 0.150485
0.9375 0.4375 0.155482
0.90625 0.4375 0.124568
0.90625 0.40625 0.11924
0.90625 0.375 0.11823
0.9375 0.375 0.149374
0.9375 0.40625 0.150485
0.90625 0.40625 0.11924
0.9375 0.5 0.170034
0.9375 0.4375 0.155482
1 0.4375 0.217918
1 0.5 0.231363
0.9375 0.5 0.170034
0.9375 0.4375 0.155482
0.9375 0.375 0.149374
1 0.375 0.21177
1 0.4375 0.217918
0.9375 0.4375 0.155482
0.875 0.375 0.0870539
0.875 0.34375 0.0927843
0.90625 0.34375 0.122926
0.90625 0.375 0.11823
0.875 0.375 0.0870539
0.875 0.34375 0.0927843
0.875 0.3125 0.104236
0.90625 0.3125 0.132723
0.90625 0.34375 0.122926
0.875 0.34375 0.0927843
0.90625 0.375 0.11823
0.90625 0.34375 0.122926
0.9375 0.34375 0.153379
0.9375 0.375 0.149374
0.90625 0.375 0.11823
0.90625 0.34375 0.122926
0.90625 0.3125 0.132723
0.9375 0.3125 0.161806
0.9375 0.34375 0.153379
0.90625 0.34375 0.122926
0.875 0.3125 0.104236
0.875 0.25 0.13892
0.9375 0.25 0.189256
0.9375 0.3125 0.161806
0.875 0.3125 0.104236
0.9375 0.375 0.149374
0.9375 0.3125 0.161806
1 0.3125 0.221949
1 0.375 0.21177
0.9375 0.375 0.149374
0.9375 0.3125 0.161806
0.9375 0.25 0.189256
1 0.25 0.245099
1 0.3125 0.221949
0.9375 0.3125 0.161806
0.75 0.25 0.0645698
0.75 0.21875 0.0937098
0.78125 0.21875 0.106173
0.78125 0.25 0.0783535
0.75 0.25 0.0645698
0.75 0.21875 0.0937098
0.75 0.1875 0.123081
0.78125 0.1875 0.134637
0.78125 0.21875 0.106173
0.75 0.21875 0.0937098
0.78125 0.25 0.0783535
0.78125 0.21875 0.106173
0.8125 0.21875 0.121365
0.8125 0.25 0.0955001
0.78125 0.25 0.0783535
0.78125 0.21875 0.106173
0.78125 0.1875 0.134637
0.8125 0.1875 0.148315
0.8125 0.21875 0.121365
0.78125 0.21875 0.106173
0.75 0.1875 0.123081
0.75 0.125 0.182397
0.8125 0.125 0.205261
0.8125 0.1875 0.148315
0.75 0.1875 0.123081
0.8125 0.25 0.0955001
0.8125 0.1875 0.148315
0.875 0.1875 0.184424
0.875 0.25 0.13892
0.8125 0.25 0.0955001
0.8125 0.1875 0.148315
0.8125 0.125 0.205261
0.875 0.125 0.235258
0.875 0.1875 0.184424
0.8125 0.1875 0.148315
0.75 0.125 0.182397
0.75 0 0.301538
0.875 0 0.348338
0.875 0.125 0.235258
0.75 0.125 0.182397
0.875 0.25 0.13892
0.875 0.1875 0.184424
0.9375 0.1875 0.227529
0.9375 0.25 0.189256
0.875 0.25 0.13892
0.875 0.1875 0.184424
0.875 0.125 0.235258
0.9375 0.125 0.27214
0.9375 0.1875 0.227529
0.875 0.1875 0.184424
0.9375 0.25 0.189256
0.9375 0.1875 0.227529
1 0.1875 0.27826
1 0.25 0.245099
0.9375 0.25 0.189256
0.9375 0.1875 0.227529
0.9375 0.125 0.27214
1 0.125 0.317709
1 0.1875 0.27826
0.9375 0.1875 0.227529
0.875 0.125 0.235258
0.875 0 0.348338
1 0 0.420038
1 0.125 0.317709
0.875 0.125 0.235258
