0 1 0.460446
0 0.875 0.382628
0.125 0.875 0.276841
0.125 1 0.36268
0 1 0.460446
0 0.875 0.382628
0 0.75 0.312318
0.125 0.75 0.202247
0.125 0.875 0.276841
0 0.875 0.382628
0.125 1 0.36268
0.125 0.875 0.276841
0.25 0.875 0.180148
0.25 1 0.278872
0.125 1 0.36268
0.125 0.875 0.276841
0.125 0.8125 0.238117
0.1875 0.8125 0.186424
0.1875 0.875 0.22762
0.125 0.875 0.276841
0.125 0.8125 0.238117
0.125 0.75 0.202247
0.1875 0.75 0.14888
0.1875 0.8125 0.186424
0.125 0.8125 0.238117
0.1875 0.875 0.22762
0.1875 0.8125 0.186424
0.25 0.8125 0.1356
0.25 0.875 0.180148
0.1875 0.875 0.22762
0.1875 0.8125 0.186424
0.1875 0.75 0.14888
0.25 0.75 0.096716
0.25 0.8125 0.1356
0.1875 0.8125 0.186424
0 0.75 0.312318
0 0.6875 0.282372
0.0625 0.6875 0.224955
0.0625 0.75 0.256553
0 0.75 0.312318
0 0.6875 0.282372
0 0.625 0.255931
0.0625 0.625 0.196737
0.0625 0.6875 0.224955
0 0.6875 0.282372
0.0625 0.75 0.256553
0.0625 0.6875 0.224955
0.125 0.6875 0.16922
0.125 0.75 0.202247
0.0625 0.75 0.256553
0.0625 0.6875 0.224955
0.0625 0.625 0.196737
0.125 0.625 0.138882
0.125 0.6875 0.16922
0.0625 0.6875 0.224955
0 0.625 0.255931
0 0.5625 0.233746
0.0625 0.5625 0.17274
0.0625 0.625 0.196737
0 0.625 0.255931
0 0.5625 0.233746
0 0.5 0.217286
0.0625 0.5 0.154769
0.0625 0.5625 0.17274
0 0.5625 0.233746
0.0625 0.625 0.196737
0.0625 0.5625 0.17274
0.125 0.5625 0.11241
0.125 0.625 0.138882
0.0625 0.625 0.196737
0.0625 0.5625 0.17274
0.0625 0.5 0.154769
0.125 0.5 0.0928145
0.125 0.5625 0.11241
0.0625 0.5625 0.17274
0.125 0.75 0.202247
0.125 0.6875 0.16922
0.1875 0.6875 0.11508
0.1875 0.75 0.14888
0.125 0.75 0.202247
0.125 0.6875 0.16922
0.125 0.65625 0.15369
0.15625 0.65625 0.12614
0.15625 0.6875 0.142036
0.125 0.6875 0.16922
0.125 0.65625 0.15369
0.125 0.625 0.138882
0.15625 0.625 0.110831
0.15625 0.65625 0.12614
0.125 0.65625 0.15369
0.15625 0.6875 0.142036
0.15625 0.65625 0.12614
0.1875 0.65625 0.0988692
0.1875 0.6875 0.11508
0.15625 0.6875 0.142036
0.15625 0.65625 0.12614
0.15625 0.625 0.110831
0.1875 0.625 0.083115
0.1875 0.65625 0.0988692
0.15625 0.65625 0.12614
0.1875 0.75 0.14888
0.1875 0.71875 0.131695
0.21875 0.71875 0.105179
0.21875 0.75 0.122702
0.1875 0.75 0.14888
0.1875 0.71875 0.131695
0.1875 0.6875 0.11508
0.21875 0.6875 0.0883207
0.21875 0.71875 0.105179
0.1875 0.71875 0.131695
0.21875 0.75 0.122702
0.21875 0.71875 0.105179
0.25 0.71875 0.078809
0.25 0.75 0.096716
0.21875 0.75 0.122702
0.21875 0.71875 0.105179
0.21875 0.6875 0.0883207
0.25 0.6875 0.0617152
0.25 0.71875 0.078809
0.21875 0.71875 0.105179
0.1875 0.6875 0.11508
0.1875 0.65625 0.0988692
0.21875 0.65625 0.07186
0.21875 0.6875 0.0883207
0.1875 0.6875 0.11508
0.1875 0.65625 0.0988692
0.1875 0.625 0.083115
0.21875 0.625 0.0557489
0.21875 0.65625 0.07186
0.1875 0.65625 0.0988692
0.21875 0.6875 0.0883207
0.21875 0.65625 0.07186
0.25 0.65625 0.0450631
0.25 0.6875 0.0617152
0.21875 0.6875 0.0883207
0.21875 0.65625 0.07186
0.21875 0.625 0.0557489
0.25 0.625 0.0286876
0.25 0.65625 0.0450631
0.21875 0.65625 0.07186
0.125 0.625 0.138882
0.125 0.59375 0.125014
0.15625 0.59375 0.0963356
0.15625 0.625 0.110831
0.125 0.625 0.138882
0.125 0.59375 0.125014
0.125 0.5625 0.11241
0.15625 0.5625 0.0829913
0.15625 0.59375 0.0963356
0.125 0.59375 0.125014
0.15625 0.625 0.110831
0.15625 0.59375 0.0963356
0.1875 0.59375 0.0679926
0.1875 0.625 0.083115
0.15625 0.625 0.110831
0.15625 0.59375 0.0963356
0.15625 0.5625 0.0829913
0.1875 0.5625 0.0538607
0.1875 0.59375 0.0679926
0.15625 0.59375 0.0963356
0.125 0.5625 0.11241
0.125 0.53125 0.101493
0.15625 0.53125 0.0712739
0.15625 0.5625 0.0829913
0.125 0.5625 0.11241
0.125 0.53125 0.101493
0.125 0.5 0.0928145
0.15625 0.5 0.0618631
0.15625 0.53125 0.0712739
0.125 0.53125 0.101493
0.15625 0.5625 0.0829913
0.15625 0.53125 0.0712739
0.1875 0.53125 0.0412309
0.1875 0.5625 0.0538607
0.15625 0.5625 0.0829913
0.15625 0.53125 0.0712739
0.15625 0.5 0.0618631
0.1875 0.5 0.0309165
0.1875 0.53125 0.0412309
0.15625 0.53125 0.0712739
0.1875 0.625 0.083115
0.1875 0.59375 0.0679926
0.21875 0.59375 0.0401036
0.21875 0.625 0.0557489
0.1875 0.625 0.083115
0.1875 0.59375 0.0679926
0.1875 0.5625 0.0538607
0.21875 0.5625 0.0251853
0.21875 0.59375 0.0401036
0.1875 0.59375 0.0679926
0.21875 0.625 0.0557489
0.21875 0.59375 0.0401036
0.25 0.59375 0.012667
0.25 0.625 0.0286876
0.21875 0.625 0.0557489
0.21875 0.59375 0.0401036
0.21875 0.5625 0.0251853
0.25 0.5625 -0.00285614
0.25 0.59375 0.012667
0.21875 0.59375 0.0401036
0.1875 0.5625 0.0538607
0.1875 0.53125 0.0412309
0.21875 0.53125 0.0115197
0.21875 0.5625 0.0251853
0.1875 0.5625 0.0538607
0.1875 0.53125 0.0412309
0.1875 0.5 0.0309165
0.21875 0.5 -3.14996e-005
0.21875 0.53125 0.0115197
0.1875 0.53125 0.0412309
0.21875 0.5625 0.0251853
0.21875 0.53125 0.0115197
0.25 0.53125 -0.0171804
0.25 0.5625 -0.00285614
0.21875 0.5625 0.0251853
0.21875 0.53125 0.0115197
0.21875 0.5 -3.14996e-005
0.25 0.5 -0.0294522
0.25 0.53125 -0.0171804
0.21875 0.53125 0.0115197
0.25 1 0.278872
0.25 0.9375 0.22842
0.3125 0.9375 0.189639
0.3125 1 0.244667
0.25 1 0.278872
0.25 0.9375 0.22842
0.25 0.875 0.180148
0.3125 0.875 0.136464
0.3125 0.9375 0.189639
0.25 0.9375 0.22842
0.3125 1 0.244667
0.3125 0.9375 0.189639
0.375 0.9375 0.160042
0.375 1 0.219884
0.3125 1 0.244667
0.3125 0.9375 0.189639
0.3125 0.875 0.136464
0.375 0.875 0.10173
0.375 0.9375 0.160042
0.3125 0.9375 0.189639
0.25 0.875 0.180148
0.25 0.84375 0.157408
0.28125 0.84375 0.134179
0.28125 0.875 0.157858
0.25 0.875 0.180148
0.25 0.84375 0.157408
0.25 0.8125 0.1356
0.28125 0.8125 0.111532
0.28125 0.84375 0.134179
0.25 0.84375 0.157408
0.28125 0.875 0.157858
0.28125 0.84375 0.134179
0.3125 0.84375 0.111702
0.3125 0.875 0.136464
0.28125 0.875 0.157858
0.28125 0.84375 0.134179
0.28125 0.8125 0.111532
0.3125 0.8125 0.0881567
0.3125 0.84375 0.111702
0.28125 0.84375 0.134179
0.25 0.8125 0.1356
0.25 0.78125 0.115591
0.28125 0.78125 0.0905837
0.28125 0.8125 0.111532
0.25 0.8125 0.1356
0.25 0.78125 0.115591
0.25 0.75 0.096716
0.28125 0.75 0.0709551
0.28125 0.78125 0.0905837
0.25 0.78125 0.115591
0.28125 0.8125 0.111532
0.28125 0.78125 0.0905837
0.3125 0.78125 0.0660327
0.3125 0.8125 0.0881567
0.28125 0.8125 0.111532
0.28125 0.78125 0.0905837
0.28125 0.75 0.0709551
0.3125 0.75 0.045454
0.3125 0.78125 0.0660327
0.28125 0.78125 0.0905837
0.3125 0.875 0.136464
0.3125 0.84375 0.111702
0.34375 0.84375 0.0913372
0.34375 0.875 0.11776
0.3125 0.875 0.136464
0.3125 0.84375 0.111702
0.3125 0.8125 0.0881567
0.34375 0.8125 0.066073
0.34375 0.84375 0.0913372
0.3125 0.84375 0.111702
0.34375 0.875 0.11776
0.34375 0.84375 0.0913372
0.375 0.84375 0.0734408
0.375 0.875 0.10173
0.34375 0.875 0.11776
0.34375 0.84375 0.0913372
0.34375 0.8125 0.066073
0.375 0.8125 0.0460306
0.375 0.84375 0.0734408
0.34375 0.84375 0.0913372
0.3125 0.8125 0.0881567
0.3125 0.78125 0.0660327
0.34375 0.78125 0.0422701
0.34375 0.8125 0.066073
0.3125 0.8125 0.0881567
0.3125 0.78125 0.0660327
0.3125 0.75 0.045454
0.34375 0.75 0.0202925
0.34375 0.78125 0.0422701
0.3125 0.78125 0.0660327
0.34375 0.8125 0.066073
0.34375 0.78125 0.0422701
0.375 0.78125 0.019872
0.375 0.8125 0.0460306
0.34375 0.8125 0.066073
0.34375 0.78125 0.0422701
0.34375 0.75 0.0202925
0.375 0.75 -0.00400517
0.375 0.78125 0.019872
0.34375 0.78125 0.0422701
0.375 1 0.219884
0.375 0.9375 0.160042
0.4375 0.9375 0.146493
0.4375 1 0.208929
0.375 1 0.219884
0.375 0.9375 0.160042
0.375 0.90625 0.130666
0.40625 0.90625 0.120344
0.40625 0.9375 0.150882
0.375 0.9375 0.160042
0.375 0.90625 0.130666
0.375 0.875 0.10173
0.40625 0.875 0.0899573
0.40625 0.90625 0.120344
0.375 0.90625 0.130666
0.40625 0.9375 0.150882
0.40625 0.90625 0.120344
0.4375 0.90625 0.115334
0.4375 0.9375 0.146493
0.40625 0.9375 0.150882
0.40625 0.90625 0.120344
0.40625 0.875 0.0899573
0.4375 0.875 0.0841907
0.4375 0.90625 0.115334
0.40625 0.90625 0.120344
0.4375 1 0.208929
0.4375 0.9375 0.146493
0.5 0.9375 0.150807
0.5 1 0.212571
0.4375 1 0.208929
0.4375 0.9375 0.146493
0.4375 0.90625 0.115334
0.46875 0.90625 0.115304
0.46875 0.9375 0.146471
0.4375 0.9375 0.146493
0.4375 0.90625 0.115334
0.4375 0.875 0.0841907
0.46875 0.875 0.0841484
0.46875 0.90625 0.115304
0.4375 0.90625 0.115334
0.46875 0.9375 0.146471
0.46875 0.90625 0.115304
0.5 0.90625 0.120081
0.5 0.9375 0.150807
0.46875 0.9375 0.146471
0.46875 0.90625 0.115304
0.46875 0.875 0.0841484
0.5 0.875 0.0894629
0.5 0.90625 0.120081
0.46875 0.90625 0.115304
0.375 0.875 0.10173
0.375 0.84375 0.0734408
0.40625 0.84375 0.0598124
0.40625 0.875 0.0899573
0.375 0.875 0.10173
0.375 0.84375 0.0734408
0.375 0.8125 0.0460306
0.40625 0.8125 0.0300534
0.40625 0.84375 0.0598124
0.375 0.84375 0.0734408
0.40625 0.875 0.0899573
0.40625 0.84375 0.0598124
0.4375 0.84375 0.0530636
0.4375 0.875 0.0841907
0.40625 0.875 0.0899573
0.40625 0.84375 0.0598124
0.40625 0.8125 0.0300534
0.4375 0.8125 0.0219587
0.4375 0.84375 0.0530636
0.40625 0.84375 0.0598124
0.375 0.8125 0.0460306
0.375 0.78125 0.019872
0.40625 0.78125 0.000908817
0.40625 0.8125 0.0300534
0.375 0.8125 0.0460306
0.375 0.78125 0.019872
0.375 0.75 -0.00400517
0.40625 0.75 -0.0250956
0.40625 0.78125 0.000908817
0.375 0.78125 0.019872
0.40625 0.8125 0.0300534
0.40625 0.78125 0.000908817
0.4375 0.78125 -0.00904192
0.4375 0.8125 0.0219587
0.40625 0.8125 0.0300534
0.40625 0.78125 0.000908817
0.40625 0.75 -0.0250956
0.4375 0.75 -0.0390309
0.4375 0.78125 -0.00904192
0.40625 0.78125 0.000908817
0.4375 0.875 0.0841907
0.4375 0.84375 0.0530636
0.46875 0.84375 0.0530088
0.46875 0.875 0.0841484
0.4375 0.875 0.0841907
0.4375 0.84375 0.0530636
0.4375 0.8125 0.0219587
0.46875 0.8125 0.0218914
0.46875 0.84375 0.0530088
0.4375 0.84375 0.0530636
0.46875 0.875 0.0841484
0.46875 0.84375 0.0530088
0.5 0.84375 0.0589762
0.5 0.875 0.0894629
0.46875 0.875 0.0841484
0.46875 0.84375 0.0530088
0.46875 0.8125 0.0218914
0.5 0.8125 0.028656
0.5 0.84375 0.0589762
0.46875 0.84375 0.0530088
0.4375 0.8125 0.0219587
0.4375 0.78125 -0.00904192
0.46875 0.78125 -0.00911327
0.46875 0.8125 0.0218914
0.4375 0.8125 0.0219587
0.4375 0.78125 -0.00904192
0.4375 0.75 -0.0390309
0.46875 0.75 -0.0397076
0.46875 0.78125 -0.00911327
0.4375 0.78125 -0.00904192
0.46875 0.8125 0.0218914
0.46875 0.78125 -0.00911327
0.5 0.78125 -0.00142097
0.5 0.8125 0.028656
0.46875 0.8125 0.0218914
0.46875 0.78125 -0.00911327
0.46875 0.75 -0.0397076
0.5 0.75 -0.0305804
0.5 0.78125 -0.00142097
0.46875 0.78125 -0.00911327
0.25 0.75 0.096716
0.25 0.71875 0.078809
0.28125 0.71875 0.05257
0.28125 0.75 0.0709551
0.25 0.75 0.096716
0.25 0.71875 0.078809
0.25 0.6875 0.0617152
0.28125 0.6875 0.0352381
0.28125 0.71875 0.05257
0.25 0.71875 0.078809
0.28125 0.75 0.0709551
0.28125 0.71875 0.05257
0.3125 0.71875 0.0264545
0.3125 0.75 0.045454
0.28125 0.75 0.0709551
0.28125 0.71875 0.05257
0.28125 0.6875 0.0352381
0.3125 0.6875 0.00886705
0.3125 0.71875 0.0264545
0.28125 0.71875 0.05257
0.25 0.6875 0.0617152
0.25 0.65625 0.0450631
0.28125 0.65625 0.0184342
0.28125 0.6875 0.0352381
0.25 0.6875 0.0617152
0.25 0.65625 0.0450631
0.25 0.625 0.0286876
0.28125 0.625 0.00187142
0.28125 0.65625 0.0184342
0.25 0.65625 0.0450631
0.28125 0.6875 0.0352381
0.28125 0.65625 0.0184342
0.3125 0.65625 -0.00805173
0.3125 0.6875 0.00886705
0.28125 0.6875 0.0352381
0.28125 0.65625 0.0184342
0.28125 0.625 0.00187142
0.3125 0.625 -0.0247049
0.3125 0.65625 -0.00805173
0.28125 0.65625 0.0184342
0.3125 0.75 0.045454
0.3125 0.71875 0.0264545
0.34375 0.71875 0.000459785
0.34375 0.75 0.0202925
0.3125 0.75 0.045454
0.3125 0.71875 0.0264545
0.3125 0.6875 0.00886705
0.34375 0.6875 -0.0172317
0.34375 0.71875 0.000459785
0.3125 0.71875 0.0264545
0.34375 0.75 0.0202925
0.34375 0.71875 0.000459785
0.375 0.71875 -0.0244974
0.375 0.75 -0.00400517
0.34375 0.75 0.0202925
0.34375 0.71875 0.000459785
0.34375 0.6875 -0.0172317
0.375 0.6875 -0.042961
0.375 0.71875 -0.0244974
0.34375 0.71875 0.000459785
0.3125 0.6875 0.00886705
0.3125 0.65625 -0.00805173
0.34375 0.65625 -0.0343723
0.34375 0.6875 -0.0172317
0.3125 0.6875 0.00886705
0.3125 0.65625 -0.00805173
0.3125 0.625 -0.0247049
0.34375 0.625 -0.0511821
0.34375 0.65625 -0.0343723
0.3125 0.65625 -0.00805173
0.34375 0.6875 -0.0172317
0.34375 0.65625 -0.0343723
0.375 0.65625 -0.060501
0.375 0.6875 -0.042961
0.34375 0.6875 -0.0172317
0.34375 0.65625 -0.0343723
0.34375 0.625 -0.0511821
0.375 0.625 -0.0775393
0.375 0.65625 -0.060501
0.34375 0.65625 -0.0343723
0.25 0.625 0.0286876
0.25 0.59375 0.012667
0.28125 0.59375 -0.0143357
0.28125 0.625 0.00187142
0.25 0.625 0.0286876
0.25 0.59375 0.012667
0.25 0.5625 -0.00285614
0.28125 0.5625 -0.0300844
0.28125 0.59375 -0.0143357
0.25 0.59375 0.012667
0.28125 0.625 0.00187142
0.28125 0.59375 -0.0143357
0.3125 0.59375 -0.0410853
0.3125 0.625 -0.0247049
0.28125 0.625 0.00187142
0.28125 0.59375 -0.0143357
0.28125 0.5625 -0.0300844
0.3125 0.5625 -0.0571044
0.3125 0.59375 -0.0410853
0.28125 0.59375 -0.0143357
0.25 0.5625 -0.00285614
0.25 0.53125 -0.0171804
0.28125 0.53125 -0.0450194
0.28125 0.5625 -0.0300844
0.25 0.5625 -0.00285614
0.25 0.53125 -0.0171804
0.25 0.5 -0.0294522
0.28125 0.5 -0.0583408
0.28125 0.53125 -0.0450194
0.25 0.53125 -0.0171804
0.28125 0.5625 -0.0300844
0.28125 0.53125 -0.0450194
0.3125 0.53125 -0.0725175
0.3125 0.5625 -0.0571044
0.28125 0.5625 -0.0300844
0.28125 0.53125 -0.0450194
0.28125 0.5 -0.0583408
0.3125 0.5 -0.0867249
0.3125 0.53125 -0.0725175
0.28125 0.53125 -0.0450194
0.3125 0.625 -0.0247049
0.3125 0.59375 -0.0410853
0.34375 0.59375 -0.0677285
0.34375 0.625 -0.0511821
0.3125 0.625 -0.0247049
0.3125 0.59375 -0.0410853
0.3125 0.5625 -0.0571044
0.34375 0.5625 -0.0839637
0.34375 0.59375 -0.0677285
0.3125 0.59375 -0.0410853
0.34375 0.625 -0.0511821
0.34375 0.59375 -0.0677285
0.375 0.59375 -0.0942697
0.375 0.625 -0.0775393
0.34375 0.625 -0.0511821
0.34375 0.59375 -0.0677285
0.34375 0.5625 -0.0839637
0.375 0.5625 -0.110699
0.375 0.59375 -0.0942697
0.34375 0.59375 -0.0677285
0.3125 0.5625 -0.0571044
0.3125 0.53125 -0.0725175
0.34375 0.53125 -0.0997334
0.34375 0.5625 -0.0839637
0.3125 0.5625 -0.0571044
0.3125 0.53125 -0.0725175
0.3125 0.5 -0.0867249
0.34375 0.5 -0.11462
0.34375 0.53125 -0.0997334
0.3125 0.53125 -0.0725175
0.34375 0.5625 -0.0839637
0.34375 0.53125 -0.0997334
0.375 0.53125 -0.126756
0.375 0.5625 -0.110699
0.34375 0.5625 -0.0839637
0.34375 0.53125 -0.0997334
0.34375 0.5 -0.11462
0.375 0.5 -0.14217
0.375 0.53125 -0.126756
0.34375 0.53125 -0.0997334
0.375 0.75 -0.00400517
0.375 0.71875 -0.0244974
0.40625 0.71875 -0.0479692
0.40625 0.75 -0.0250956
0.375 0.75 -0.00400517
0.375 0.71875 -0.0244974
0.375 0.6875 -0.042961
0.40625 0.6875 -0.067993
0.40625 0.71875 -0.0479692
0.375 0.71875 -0.0244974
0.40625 0.75 -0.0250956
0.40625 0.71875 -0.0479692
0.4375 0.71875 -0.0667481
0.4375 0.75 -0.0390309
0.40625 0.75 -0.0250956
0.40625 0.71875 -0.0479692
0.40625 0.6875 -0.067993
0.4375 0.6875 -0.0908936
0.4375 0.71875 -0.0667481
0.40625 0.71875 -0.0479692
0.375 0.6875 -0.042961
0.375 0.65625 -0.060501
0.40625 0.65625 -0.0863057
0.40625 0.6875 -0.067993
0.375 0.6875 -0.042961
0.375 0.65625 -0.060501
0.375 0.625 -0.0775393
0.40625 0.625 -0.103725
0.40625 0.65625 -0.0863057
0.375 0.65625 -0.060501
0.40625 0.6875 -0.067993
0.40625 0.65625 -0.0863057
0.4375 0.65625 -0.111274
0.4375 0.6875 -0.0908936
0.40625 0.6875 -0.067993
0.40625 0.65625 -0.0863057
0.40625 0.625 -0.103725
0.4375 0.625 -0.129567
0.4375 0.65625 -0.111274
0.40625 0.65625 -0.0863057
0.4375 0.75 -0.0390309
0.4375 0.71875 -0.0667481
0.46875 0.71875 -0.0698461
0.46875 0.75 -0.0397076
0.4375 0.75 -0.0390309
0.4375 0.71875 -0.0667481
0.4375 0.6875 -0.0908936
0.46875 0.6875 -0.0994289
0.46875 0.71875 -0.0698461
0.4375 0.71875 -0.0667481
0.46875 0.75 -0.0397076
0.46875 0.71875 -0.0698461
0.5 0.71875 -0.0592144
0.5 0.75 -0.0305804
0.46875 0.75 -0.0397076
0.46875 0.71875 -0.0698461
0.46875 0.6875 -0.0994289
0.5 0.6875 -0.0873389
0.5 0.71875 -0.0592144
0.46875 0.71875 -0.0698461
0.4375 0.6875 -0.0908936
0.4375 0.65625 -0.111274
0.46875 0.65625 -0.11389
0.46875 0.6875 -0.0994289
0.4375 0.6875 -0.0908936
0.4375 0.65625 -0.111274
0.4375 0.625 -0.129567
0.46875 0.625 -0.13723
0.46875 0.65625 -0.11389
0.4375 0.65625 -0.111274
0.46875 0.6875 -0.0994289
0.46875 0.65625 -0.11389
0.5 0.65625 -0.115073
0.5 0.6875 -0.0873389
0.46875 0.6875 -0.0994289
0.46875 0.65625 -0.11389
0.46875 0.625 -0.13723
0.5 0.625 -0.142446
0.5 0.65625 -0.115073
0.46875 0.65625 -0.11389
0.375 0.625 -0.0775393
0.375 0.59375 -0.0942697
0.40625 0.59375 -0.120687
0.40625 0.625 -0.103725
0.375 0.625 -0.0775393
0.375 0.59375 -0.0942697
0.375 0.5625 -0.110699
0.40625 0.5625 -0.137319
0.40625 0.59375 -0.120687
0.375 0.59375 -0.0942697
0.40625 0.625 -0.103725
0.40625 0.59375 -0.120687
0.4375 0.59375 -0.146918
0.4375 0.625 -0.129567
0.40625 0.625 -0.103725
0.40625 0.59375 -0.120687
0.40625 0.5625 -0.137319
0.4375 0.5625 -0.163814
0.4375 0.59375 -0.146918
0.40625 0.59375 -0.120687
0.375 0.5625 -0.110699
0.375 0.5 -0.14217
0.4375 0.5 -0.18874
0.4375 0.5625 -0.163814
0.375 0.5625 -0.110699
0.4375 0.625 -0.129567
0.4375 0.5625 -0.163814
0.5 0.5625 -0.196563
0.5 0.625 -0.142446
0.4375 0.625 -0.129567
0.4375 0.5625 -0.163814
0.4375 0.5 -0.18874
0.5 0.5 -0.232759
0.5 0.5625 -0.196563
0.4375 0.5625 -0.163814
0 0.5 0.217286
0 0.4375 0.211834
0.0625 0.4375 0.149376
0.0625 0.5 0.154769
0 0.5 0.217286
0 0.4375 0.211834
0 0.375 0.222107
0.0625 0.375 0.161763
0.0625 0.4375 0.149376
0 0.4375 0.211834
0.0625 0.5 0.154769
0.0625 0.46875 0.149608
0.09375 0.46875 0.118342
0.09375 0.5 0.123778
0.0625 0.5 0.154769
0.0625 0.46875 0.149608
0.0625 0.4375 0.149376
0.09375 0.4375 0.118246
0.09375 0.46875 0.118342
0.0625 0.46875 0.149608
0.09375 0.5 0.123778
0.09375 0.46875 0.118342
0.125 0.46875 0.0870944
0.125 0.5 0.0928145
0.09375 0.5 0.123778
0.09375 0.46875 0.118342
0.09375 0.4375 0.118246
0.125 0.4375 0.0871283
0.125 0.46875 0.0870944
0.09375 0.46875 0.118342
0.0625 0.4375 0.149376
0.0625 0.40625 0.153695
0.09375 0.40625 0.123212
0.09375 0.4375 0.118246
0.0625 0.4375 0.149376
0.0625 0.40625 0.153695
0.0625 0.375 0.161763
0.09375 0.375 0.132321
0.09375 0.40625 0.123212
0.0625 0.40625 0.153695
0.09375 0.4375 0.118246
0.09375 0.40625 0.123212
0.125 0.40625 0.0929557
0.125 0.4375 0.0871283
0.09375 0.4375 0.118246
0.09375 0.40625 0.123212
0.09375 0.375 0.132321
0.125 0.375 0.103292
0.125 0.40625 0.0929557
0.09375 0.40625 0.123212
0 0.375 0.222107
0 0.3125 0.243768
0.0625 0.3125 0.187074
0.0625 0.375 0.161763
0 0.375 0.222107
0 0.3125 0.243768
0 0.25 0.274196
0.0625 0.25 0.221823
0.0625 0.3125 0.187074
0 0.3125 0.243768
0.0625 0.375 0.161763
0.0625 0.3125 0.187074
0.125 0.3125 0.134409
0.125 0.375 0.103292
0.0625 0.375 0.161763
0.0625 0.3125 0.187074
0.0625 0.25 0.221823
0.125 0.25 0.174934
0.125 0.3125 0.134409
0.0625 0.3125 0.187074
0.125 0.5 0.0928145
0.125 0.46875 0.0870944
0.15625 0.46875 0.0558482
0.15625 0.5 0.0618631
0.125 0.5 0.0928145
0.125 0.46875 0.0870944
0.125 0.4375 0.0871283
0.15625 0.4375 0.056037
0.15625 0.46875 0.0558482
0.125 0.46875 0.0870944
0.15625 0.5 0.0618631
0.15625 0.46875 0.0558482
0.1875 0.46875 0.0245999
0.1875 0.5 0.0309165
0.15625 0.5 0.0618631
0.15625 0.46875 0.0558482
0.15625 0.4375 0.056037
0.1875 0.4375 0.0249729
0.1875 0.46875 0.0245999
0.15625 0.46875 0.0558482
0.125 0.4375 0.0871283
0.125 0.40625 0.0929557
0.15625 0.40625 0.06293
0.15625 0.4375 0.056037
0.125 0.4375 0.0871283
0.125 0.40625 0.0929557
0.125 0.375 0.103292
0.15625 0.375 0.0749907
0.15625 0.40625 0.06293
0.125 0.40625 0.0929557
0.15625 0.4375 0.056037
0.15625 0.40625 0.06293
0.1875 0.40625 0.0334166
0.1875 0.4375 0.0249729
0.15625 0.4375 0.056037
0.15625 0.40625 0.06293
0.15625 0.375 0.0749907
0.1875 0.375 0.0474372
0.1875 0.40625 0.0334166
0.15625 0.40625 0.06293
0.1875 0.5 0.0309165
0.1875 0.46875 0.0245999
0.21875 0.46875 -0.0065474
0.21875 0.5 -3.14996e-005
0.1875 0.5 0.0309165
0.1875 0.46875 0.0245999
0.1875 0.4375 0.0249729
0.21875 0.4375 -0.00558139
0.21875 0.46875 -0.0065474
0.1875 0.46875 0.0245999
0.21875 0.5 -3.14996e-005
0.21875 0.46875 -0.0065474
0.25 0.46875 -0.0370262
0.25 0.5 -0.0294522
0.21875 0.5 -3.14996e-005
0.21875 0.46875 -0.0065474
0.21875 0.4375 -0.00558139
0.25 0.4375 -0.0336767
0.25 0.46875 -0.0370262
0.21875 0.46875 -0.0065474
0.1875 0.4375 0.0249729
0.1875 0.40625 0.0334166
0.21875 0.40625 0.00459776
0.21875 0.4375 -0.00558139
0.1875 0.4375 0.0249729
0.1875 0.40625 0.0334166
0.1875 0.375 0.0474372
0.21875 0.375 0.0213351
0.21875 0.40625 0.00459776
0.1875 0.40625 0.0334166
0.21875 0.4375 -0.00558139
0.21875 0.40625 0.00459776
0.25 0.40625 -0.0205404
0.25 0.4375 -0.0336767
0.21875 0.4375 -0.00558139
0.21875 0.40625 0.00459776
0.21875 0.375 0.0213351
0.25 0.375 -0.00258184
0.25 0.40625 -0.0205404
0.21875 0.40625 0.00459776
0.125 0.375 0.103292
0.125 0.34375 0.117414
0.15625 0.34375 0.0907656
0.15625 0.375 0.0749907
0.125 0.375 0.103292
0.125 0.34375 0.117414
0.125 0.3125 0.134409
0.15625 0.3125 0.109568
0.15625 0.34375 0.0907656
0.125 0.34375 0.117414
0.15625 0.375 0.0749907
0.15625 0.34375 0.0907656
0.1875 0.34375 0.0654999
0.1875 0.375 0.0474372
0.15625 0.375 0.0749907
0.15625 0.34375 0.0907656
0.15625 0.3125 0.109568
0.1875 0.3125 0.0863607
0.1875 0.34375 0.0654999
0.15625 0.34375 0.0907656
0.125 0.3125 0.134409
0.125 0.28125 0.153708
0.15625 0.28125 0.130603
0.15625 0.3125 0.109568
0.125 0.3125 0.134409
0.125 0.28125 0.153708
0.125 0.25 0.174934
0.15625 0.25 0.153293
0.15625 0.28125 0.130603
0.125 0.28125 0.153708
0.15625 0.3125 0.109568
0.15625 0.28125 0.130603
0.1875 0.28125 0.109049
0.1875 0.3125 0.0863607
0.15625 0.3125 0.109568
0.15625 0.28125 0.130603
0.15625 0.25 0.153293
0.1875 0.25 0.132998
0.1875 0.28125 0.109049
0.15625 0.28125 0.130603
0.1875 0.375 0.0474372
0.1875 0.34375 0.0654999
0.21875 0.34375 0.0418869
0.21875 0.375 0.0213351
0.1875 0.375 0.0474372
0.1875 0.34375 0.0654999
0.1875 0.3125 0.0863607
0.21875 0.3125 0.0647791
0.21875 0.34375 0.0418869
0.1875 0.34375 0.0654999
0.21875 0.375 0.0213351
0.21875 0.34375 0.0418869
0.25 0.34375 0.020418
0.25 0.375 -0.00258184
0.21875 0.375 0.0213351
0.21875 0.34375 0.0418869
0.21875 0.3125 0.0647791
0.25 0.3125 0.0449051
0.25 0.34375 0.020418
0.21875 0.34375 0.0418869
0.1875 0.3125 0.0863607
0.1875 0.28125 0.109049
0.21875 0.28125 0.088929
0.21875 0.3125 0.0647791
0.1875 0.3125 0.0863607
0.1875 0.28125 0.109049
0.1875 0.25 0.132998
0.21875 0.25 0.113899
0.21875 0.28125 0.088929
0.1875 0.28125 0.109049
0.21875 0.3125 0.0647791
0.21875 0.28125 0.088929
0.25 0.28125 0.0701115
0.25 0.3125 0.0449051
0.21875 0.3125 0.0647791
0.21875 0.28125 0.088929
0.21875 0.25 0.113899
0.25 0.25 0.0957613
0.25 0.28125 0.0701115
0.21875 0.28125 0.088929
0 0.25 0.274196
0 0.1875 0.311993
0.0625 0.1875 0.263967
0.0625 0.25 0.221823
0 0.25 0.274196
0 0.1875 0.311993
0 0.125 0.35422
0.0625 0.125 0.310105
0.0625 0.1875 0.263967
0 0.1875 0.311993
0.0625 0.25 0.221823
0.0625 0.1875 0.263967
0.125 0.1875 0.221606
0.125 0.25 0.174934
0.0625 0.25 0.221823
0.0625 0.1875 0.263967
0.0625 0.125 0.310105
0.125 0.125 0.270901
0.125 0.1875 0.221606
0.0625 0.1875 0.263967
0 0.125 0.35422
0 0 0.452171
0.125 0 0.374255
0.125 0.125 0.270901
0 0.125 0.35422
0.125 0.25 0.174934
0.125 0.1875 0.221606
0.1875 0.1875 0.183134
0.1875 0.25 0.132998
0.125 0.25 0.174934
0.125 0.1875 0.221606
0.125 0.125 0.270901
0.1875 0.125 0.23461
0.1875 0.1875 0.183134
0.125 0.1875 0.221606
0.1875 0.25 0.132998
0.1875 0.1875 0.183134
0.25 0.1875 0.147828
0.25 0.25 0.0957613
0.1875 0.25 0.132998
0.1875 0.1875 0.183134
0.1875 0.125 0.23461
0.25 0.125 0.200521
0.25 0.1875 0.147828
0.1875 0.1875 0.183134
0.125 0.125 0.270901
0.125 0 0.374255
0.25 0 0.307797
0.25 0.125 0.200521
0.125 0.125 0.270901
0.25 0.5 -0.0294522
0.25 0.46875 -0.0370262
0.28125 0.46875 -0.0665448
0.28125 0.5 -0.0583408
0.25 0.5 -0.0294522
0.25 0.46875 -0.0370262
0.25 0.4375 -0.0336767
0.28125 0.4375 -0.0597992
0.28125 0.46875 -0.0665448
0.25 0.46875 -0.0370262
0.28125 0.5 -0.0583408
0.28125 0.46875 -0.0665448
0.3125 0.46875 -0.0946477
0.3125 0.5 -0.0867249
0.28125 0.5 -0.0583408
0.28125 0.46875 -0.0665448
0.28125 0.4375 -0.0597992
0.3125 0.4375 -0.0838567
0.3125 0.46875 -0.0946477
0.28125 0.46875 -0.0665448
0.25 0.4375 -0.0336767
0.25 0.40625 -0.0205404
0.28125 0.40625 -0.0434351
0.28125 0.4375 -0.0597992
0.25 0.4375 -0.0336767
0.25 0.40625 -0.0205404
0.25 0.375 -0.00258184
0.28125 0.375 -0.0226412
0.28125 0.40625 -0.0434351
0.25 0.40625 -0.0205404
0.28125 0.4375 -0.0597992
0.28125 0.40625 -0.0434351
0.3125 0.40625 -0.0645615
0.3125 0.4375 -0.0838567
0.28125 0.4375 -0.0597992
0.28125 0.40625 -0.0434351
0.28125 0.375 -0.0226412
0.3125 0.375 -0.0415432
0.3125 0.40625 -0.0645615
0.28125 0.40625 -0.0434351
0.3125 0.5 -0.0867249
0.3125 0.46875 -0.0946477
0.34375 0.46875 -0.120843
0.34375 0.5 -0.11462
0.3125 0.5 -0.0867249
0.3125 0.46875 -0.0946477
0.3125 0.4375 -0.0838567
0.34375 0.4375 -0.105819
0.34375 0.46875 -0.120843
0.3125 0.46875 -0.0946477
0.34375 0.5 -0.11462
0.34375 0.46875 -0.120843
0.375 0.46875 -0.144789
0.375 0.5 -0.14217
0.34375 0.5 -0.11462
0.34375 0.46875 -0.120843
0.34375 0.4375 -0.105819
0.375 0.4375 -0.125996
0.375 0.46875 -0.144789
0.34375 0.46875 -0.120843
0.3125 0.4375 -0.0838567
0.3125 0.40625 -0.0645615
0.34375 0.40625 -0.0839948
0.34375 0.4375 -0.105819
0.3125 0.4375 -0.0838567
0.3125 0.40625 -0.0645615
0.3125 0.375 -0.0415432
0.34375 0.375 -0.0596007
0.34375 0.40625 -0.0839948
0.3125 0.40625 -0.0645615
0.34375 0.4375 -0.105819
0.34375 0.40625 -0.0839948
0.375 0.40625 -0.102263
0.375 0.4375 -0.125996
0.34375 0.4375 -0.105819
0.34375 0.40625 -0.0839948
0.34375 0.375 -0.0596007
0.375 0.375 -0.0769462
0.375 0.40625 -0.102263
0.34375 0.40625 -0.0839948
0.25 0.375 -0.00258184
0.25 0.34375 0.020418
0.28125 0.34375 0.000947722
0.28125 0.375 -0.0226412
0.25 0.375 -0.00258184
0.25 0.34375 0.020418
0.25 0.3125 0.0449051
0.28125 0.3125 0.0264249
0.28125 0.34375 0.000947722
0.25 0.34375 0.020418
0.28125 0.375 -0.0226412
0.28125 0.34375 0.000947722
0.3125 0.34375 -0.0169762
0.3125 0.375 -0.0415432
0.28125 0.375 -0.0226412
0.28125 0.34375 0.000947722
0.28125 0.3125 0.0264249
0.3125 0.3125 0.00888782
0.3125 0.34375 -0.0169762
0.28125 0.34375 0.000947722
0.25 0.3125 0.0449051
0.25 0.28125 0.0701115
0.28125 0.28125 0.0522792
0.28125 0.3125 0.0264249
0.25 0.3125 0.0449051
0.25 0.28125 0.0701115
0.25 0.25 0.0957613
0.28125 0.25 0.078363
0.28125 0.28125 0.0522792
0.25 0.28125 0.0701115
0.28125 0.3125 0.0264249
0.28125 0.28125 0.0522792
0.3125 0.28125 0.0351041
0.3125 0.3125 0.00888782
0.28125 0.3125 0.0264249
0.28125 0.28125 0.0522792
0.28125 0.25 0.078363
0.3125 0.25 0.0614449
0.3125 0.28125 0.0351041
0.28125 0.28125 0.0522792
0.3125 0.375 -0.0415432
0.3125 0.34375 -0.0169762
0.34375 0.34375 -0.0341149
0.34375 0.375 -0.0596007
0.3125 0.375 -0.0415432
0.3125 0.34375 -0.0169762
0.3125 0.3125 0.00888782
0.34375 0.3125 -0.00806819
0.34375 0.34375 -0.0341149
0.3125 0.34375 -0.0169762
0.34375 0.375 -0.0596007
0.34375 0.34375 -0.0341149
0.375 0.34375 -0.0509579
0.375 0.375 -0.0769462
0.34375 0.375 -0.0596007
0.34375 0.34375 -0.0341149
0.34375 0.3125 -0.00806819
0.375 0.3125 -0.024629
0.375 0.34375 -0.0509579
0.34375 0.34375 -0.0341149
0.3125 0.3125 0.00888782
0.3125 0.28125 0.0351041
0.34375 0.28125 0.018342
0.34375 0.3125 -0.00806819
0.3125 0.3125 0.00888782
0.3125 0.28125 0.0351041
0.3125 0.25 0.0614449
0.34375 0.25 0.0448661
0.34375 0.28125 0.018342
0.3125 0.28125 0.0351041
0.34375 0.3125 -0.00806819
0.34375 0.28125 0.018342
0.375 0.28125 0.00187871
0.375 0.3125 -0.024629
0.34375 0.3125 -0.00806819
0.34375 0.28125 0.018342
0.34375 0.25 0.0448661
0.375 0.25 0.0285805
0.375 0.28125 0.00187871
0.34375 0.28125 0.018342
0.375 0.5 -0.14217
0.375 0.4375 -0.125996
0.4375 0.4375 -0.162377
0.4375 0.5 -0.18874
0.375 0.5 -0.14217
0.375 0.4375 -0.125996
0.375 0.40625 -0.102263
0.40625 0.40625 -0.119719
0.40625 0.4375 -0.14467
0.375 0.4375 -0.125996
0.375 0.40625 -0.102263
0.375 0.375 -0.0769462
0.40625 0.375 -0.0938172
0.40625 0.40625 -0.119719
0.375 0.40625 -0.102263
0.40625 0.4375 -0.14467
0.40625 0.40625 -0.119719
0.4375 0.40625 -0.13661
0.4375 0.4375 -0.162377
0.40625 0.4375 -0.14467
0.40625 0.40625 -0.119719
0.40625 0.375 -0.0938172
0.4375 0.375 -0.110271
0.4375 0.40625 -0.13661
0.40625 0.40625 -0.119719
0.4375 0.5 -0.18874
0.4375 0.4375 -0.162377
0.5 0.4375 -0.194978
0.5 0.5 -0.232759
0.4375 0.5 -0.18874
0.4375 0.4375 -0.162377
0.4375 0.375 -0.110271
0.5 0.375 -0.141387
0.5 0.4375 -0.194978
0.4375 0.4375 -0.162377
0.375 0.375 -0.0769462
0.375 0.34375 -0.0509579
0.40625 0.34375 -0.0674907
0.40625 0.375 -0.0938172
0.375 0.375 -0.0769462
0.375 0.34375 -0.0509579
0.375 0.3125 -0.024629
0.40625 0.3125 -0.0409345
0.40625 0.34375 -0.0674907
0.375 0.34375 -0.0509579
0.40625 0.375 -0.0938172
0.40625 0.34375 -0.0674907
0.4375 0.34375 -0.0836604
0.4375 0.375 -0.110271
0.40625 0.375 -0.0938172
0.40625 0.34375 -0.0674907
0.40625 0.3125 -0.0409345
0.4375 0.3125 -0.0568761
0.4375 0.34375 -0.0836604
0.40625 0.34375 -0.0674907
0.375 0.3125 -0.024629
0.375 0.28125 0.00187871
0.40625 0.28125 -0.0142578
0.40625 0.3125 -0.0409345
0.375 0.3125 -0.024629
0.375 0.28125 0.00187871
0.375 0.25 0.0285805
0.40625 0.25 0.0126162
0.40625 0.28125 -0.0142578
0.375 0.28125 0.00187871
0.40625 0.3125 -0.0409345
0.40625 0.28125 -0.0142578
0.4375 0.28125 -0.0299573
0.4375 0.3125 -0.0568761
0.40625 0.3125 -0.0409345
0.40625 0.28125 -0.0142578
0.40625 0.25 0.0126162
0.4375 0.25 -0.00288706
0.4375 0.28125 -0.0299573
0.40625 0.28125 -0.0142578
0.4375 0.375 -0.110271
0.4375 0.34375 -0.0836604
0.46875 0.34375 -0.0992942
0.46875 0.375 -0.126221
0.4375 0.375 -0.110271
0.4375 0.34375 -0.0836604
0.4375 0.3125 -0.0568761
0.46875 0.3125 -0.0721775
0.46875 0.34375 -0.0992942
0.4375 0.34375 -0.0836604
0.46875 0.375 -0.126221
0.46875 0.34375 -0.0992942
0.5 0.34375 -0.113995
0.5 0.375 -0.141387
0.46875 0.375 -0.126221
0.46875 0.34375 -0.0992942
0.46875 0.3125 -0.0721775
0.5 0.3125 -0.0863133
0.5 0.34375 -0.113995
0.46875 0.34375 -0.0992942
0.4375 0.3125 -0.0568761
0.4375 0.28125 -0.0299573
0.46875 0.28125 -0.0448549
0.46875 0.3125 -0.0721775
0.4375 0.3125 -0.0568761
0.4375 0.28125 -0.0299573
0.4375 0.25 -0.00288706
0.46875 0.25 -0.017291
0.46875 0.28125 -0.0448549
0.4375 0.28125 -0.0299573
0.46875 0.3125 -0.0721775
0.46875 0.28125 -0.0448549
0.5 0.28125 -0.0583178
0.5 0.3125 -0.0863133
0.46875 0.3125 -0.0721775
0.46875 0.28125 -0.0448549
0.46875 0.25 -0.017291
0.5 0.25 -0.0299608
0.5 0.28125 -0.0583178
0.46875 0.28125 -0.0448549
0.25 0.25 0.0957613
0.25 0.21875 0.121691
0.28125 0.21875 0.104605
0.28125 0.25 0.078363
0.25 0.25 0.0957613
0.25 0.21875 0.121691
0.25 0.1875 0.147828
0.28125 0.1875 0.13098
0.28125 0.21875 0.104605
0.25 0.21875 0.121691
0.28125 0.25 0.078363
0.28125 0.21875 0.104605
0.3125 0.21875 0.0878991
0.3125 0.25 0.0614449
0.28125 0.25 0.078363
0.28125 0.21875 0.104605
0.28125 0.1875 0.13098
0.3125 0.1875 0.114468
0.3125 0.21875 0.0878991
0.28125 0.21875 0.104605
0.25 0.1875 0.147828
0.25 0.125 0.200521
0.3125 0.125 0.167973
0.3125 0.1875 0.114468
0.25 0.1875 0.147828
0.3125 0.25 0.0614449
0.3125 0.21875 0.0878991
0.34375 0.21875 0.0715057
0.34375 0.25 0.0448661
0.3125 0.25 0.0614449
0.3125 0.21875 0.0878991
0.3125 0.1875 0.114468
0.34375 0.1875 0.0982671
0.34375 0.21875 0.0715057
0.3125 0.21875 0.0878991
0.34375 0.25 0.0448661
0.34375 0.21875 0.0715057
0.375 0.21875 0.0554153
0.375 0.25 0.0285805
0.34375 0.25 0.0448661
0.34375 0.21875 0.0715057
0.34375 0.1875 0.0982671
0.375 0.1875 0.0824025
0.375 0.21875 0.0554153
0.34375 0.21875 0.0715057
0.3125 0.1875 0.114468
0.3125 0.15625 0.141157
0.34375 0.15625 0.125162
0.34375 0.1875 0.0982671
0.3125 0.1875 0.114468
0.3125 0.15625 0.141157
0.3125 0.125 0.167973
0.34375 0.125 0.152208
0.34375 0.15625 0.125162
0.3125 0.15625 0.141157
0.34375 0.1875 0.0982671
0.34375 0.15625 0.125162
0.375 0.15625 0.109569
0.375 0.1875 0.0824025
0.34375 0.1875 0.0982671
0.34375 0.15625 0.125162
0.34375 0.125 0.152208
0.375 0.125 0.136945
0.375 0.15625 0.109569
0.34375 0.15625 0.125162
0.25 0.125 0.200521
0.25 0.0625 0.253697
0.3125 0.0625 0.22213
0.3125 0.125 0.167973
0.25 0.125 0.200521
0.25 0.0625 0.253697
0.25 0 0.307797
0.3125 0 0.277469
0.3125 0.0625 0.22213
0.25 0.0625 0.253697
0.3125 0.125 0.167973
0.3125 0.0625 0.22213
0.375 0.0625 0.192552
0.375 0.125 0.136945
0.3125 0.125 0.167973
0.3125 0.0625 0.22213
0.3125 0 0.277469
0.375 0 0.249721
0.375 0.0625 0.192552
0.3125 0.0625 0.22213
0.375 0.25 0.0285805
0.375 0.21875 0.0554153
0.40625 0.21875 0.0397039
0.40625 0.25 0.0126162
0.375 0.25 0.0285805
0.375 0.21875 0.0554153
0.375 0.1875 0.0824025
0.40625 0.1875 0.0670242
0.40625 0.21875 0.0397039
0.375 0.21875 0.0554153
0.40625 0.25 0.0126162
0.40625 0.21875 0.0397039
0.4375 0.21875 0.0246245
0.4375 0.25 -0.00288706
0.40625 0.25 0.0126162
0.40625 0.21875 0.0397039
0.40625 0.1875 0.0670242
0.4375 0.1875 0.0524857
0.4375 0.21875 0.0246245
0.40625 0.21875 0.0397039
0.375 0.1875 0.0824025
0.375 0.15625 0.109569
0.40625 0.15625 0.094607
0.40625 0.1875 0.0670242
0.375 0.1875 0.0824025
0.375 0.15625 0.109569
0.375 0.125 0.136945
0.40625 0.125 0.122474
0.40625 0.15625 0.094607
0.375 0.15625 0.109569
0.40625 0.1875 0.0670242
0.40625 0.15625 0.094607
0.4375 0.15625 0.080702
0.4375 0.1875 0.0524857
0.40625 0.1875 0.0670242
0.40625 0.15625 0.094607
0.40625 0.125 0.122474
0.4375 0.125 0.109256
0.4375 0.15625 0.080702
0.40625 0.15625 0.094607
0.4375 0.25 -0.00288706
0.4375 0.21875 0.0246245
0.46875 0.21875 0.0107552
0.46875 0.25 -0.017291
0.4375 0.25 -0.00288706
0.4375 0.21875 0.0246245
0.4375 0.1875 0.0524857
0.46875 0.1875 0.0394208
0.46875 0.21875 0.0107552
0.4375 0.21875 0.0246245
0.46875 0.25 -0.017291
0.46875 0.21875 0.0107552
0.5 0.21875 -0.00121894
0.5 0.25 -0.0299608
0.46875 0.25 -0.017291
0.46875 0.21875 0.0107552
0.46875 0.1875 0.0394208
0.5 0.1875 0.0285692
0.5 0.21875 -0.00121894
0.46875 0.21875 0.0107552
0.4375 0.1875 0.0524857
0.4375 0.15625 0.080702
0.46875 0.15625 0.0684954
0.46875 0.1875 0.0394208
0.4375 0.1875 0.0524857
0.4375 0.15625 0.080702
0.4375 0.125 0.109256
0.46875 0.125 0.0979082
0.46875 0.15625 0.0684954
0.4375 0.15625 0.080702
0.46875 0.1875 0.0394208
0.46875 0.15625 0.0684954
0.5 0.15625 0.0587088
0.5 0.1875 0.0285692
0.46875 0.1875 0.0394208
0.46875 0.15625 0.0684954
0.46875 0.125 0.0979082
0.5 0.125 0.0890803
0.5 0.15625 0.0587088
0.46875 0.15625 0.0684954
0.375 0.125 0.136945
0.375 0.0625 0.192552
0.4375 0.0625 0.167382
0.4375 0.125 0.109256
0.375 0.125 0.136945
0.375 0.0625 0.192552
0.375 0 0.249721
0.4375 0 0.226969
0.4375 0.0625 0.167382
0.375 0.0625 0.192552
0.4375 0.125 0.109256
0.4375 0.0625 0.167382
0.5 0.0625 0.150289
0.5 0.125 0.0890803
0.4375 0.125 0.109256
0.4375 0.0625 0.167382
0.4375 0 0.226969
0.5 0 0.212092
0.5 0.0625 0.150289
0.4375 0.0625 0.167382
0.5 1 0.212571
0.5 0.9375 0.150807
0.5625 0.9375 0.168473
0.5625 1 0.227911
0.5 1 0.212571
0.5 0.9375 0.150807
0.5 0.875 0.0894629
0.5625 0.875 0.110023
0.5625 0.9375 0.168473
0.5 0.9375 0.150807
0.5625 1 0.227911
0.5625 0.9375 0.168473
0.625 0.9375 0.194181
0.625 1 0.251255
0.5625 1 0.227911
0.5625 0.9375 0.168473
0.5625 0.875 0.110023
0.625 0.875 0.13774
0.625 0.9375 0.194181
0.5625 0.9375 0.168473
0.5 0.875 0.0894629
0.5 0.84375 0.0589762
0.53125 0.84375 0.0687721
0.53125 0.875 0.0983956
0.5 0.875 0.0894629
0.5 0.84375 0.0589762
0.5 0.8125 0.028656
0.53125 0.8125 0.0394308
0.53125 0.84375 0.0687721
0.5 0.84375 0.0589762
0.53125 0.875 0.0983956
0.53125 0.84375 0.0687721
0.5625 0.84375 0.0812205
0.5625 0.875 0.110023
0.53125 0.875 0.0983956
0.53125 0.84375 0.0687721
0.53125 0.8125 0.0394308
0.5625 0.8125 0.0527361
0.5625 0.84375 0.0812205
0.53125 0.84375 0.0687721
0.5 0.8125 0.028656
0.5 0.78125 -0.00142097
0.53125 0.78125 0.0104262
0.53125 0.8125 0.0394308
0.5 0.8125 0.028656
0.5 0.78125 -0.00142097
0.5 0.75 -0.0305804
0.53125 0.75 -0.0177703
0.53125 0.78125 0.0104262
0.5 0.78125 -0.00142097
0.53125 0.8125 0.0394308
0.53125 0.78125 0.0104262
0.5625 0.78125 0.0245959
0.5625 0.8125 0.0527361
0.53125 0.8125 0.0394308
0.53125 0.78125 0.0104262
0.53125 0.75 -0.0177703
0.5625 0.75 -0.00313119
0.5625 0.78125 0.0245959
0.53125 0.78125 0.0104262
0.5625 0.875 0.110023
0.5625 0.84375 0.0812205
0.59375 0.84375 0.0951635
0.59375 0.875 0.123318
0.5625 0.875 0.110023
0.5625 0.84375 0.0812205
0.5625 0.8125 0.0527361
0.59375 0.8125 0.0673037
0.59375 0.84375 0.0951635
0.5625 0.84375 0.0812205
0.59375 0.875 0.123318
0.59375 0.84375 0.0951635
0.625 0.84375 0.110096
0.625 0.875 0.13774
0.59375 0.875 0.123318
0.59375 0.84375 0.0951635
0.59375 0.8125 0.0673037
0.625 0.8125 0.0827026
0.625 0.84375 0.110096
0.59375 0.84375 0.0951635
0.5625 0.8125 0.0527361
0.5625 0.78125 0.0245959
0.59375 0.78125 0.0397452
0.59375 0.8125 0.0673037
0.5625 0.8125 0.0527361
0.5625 0.78125 0.0245959
0.5625 0.75 -0.00313119
0.59375 0.75 0.0124597
0.59375 0.78125 0.0397452
0.5625 0.78125 0.0245959
0.59375 0.8125 0.0673037
0.59375 0.78125 0.0397452
0.625 0.78125 0.0555447
0.625 0.8125 0.0827026
0.59375 0.8125 0.0673037
0.59375 0.78125 0.0397452
0.59375 0.75 0.0124597
0.625 0.75 0.0286071
0.625 0.78125 0.0555447
0.59375 0.78125 0.0397452
0.625 1 0.251255
0.625 0.9375 0.194181
0.6875 0.9375 0.223501
0.6875 1 0.278918
0.625 1 0.251255
0.625 0.9375 0.194181
0.625 0.875 0.13774
0.6875 0.875 0.168633
0.6875 0.9375 0.223501
0.625 0.9375 0.194181
0.6875 1 0.278918
0.6875 0.9375 0.223501
0.75 0.9375 0.255063
0.75 1 0.309089
0.6875 1 0.278918
0.6875 0.9375 0.223501
0.6875 0.875 0.168633
0.75 0.875 0.201523
0.75 0.9375 0.255063
0.6875 0.9375 0.223501
0.625 0.875 0.13774
0.625 0.84375 0.110096
0.65625 0.84375 0.125665
0.65625 0.875 0.152938
0.625 0.875 0.13774
0.625 0.84375 0.110096
0.625 0.8125 0.0827026
0.65625 0.8125 0.098604
0.65625 0.84375 0.125665
0.625 0.84375 0.110096
0.65625 0.875 0.152938
0.65625 0.84375 0.125665
0.6875 0.84375 0.141665
0.6875 0.875 0.168633
0.65625 0.875 0.152938
0.65625 0.84375 0.125665
0.65625 0.8125 0.098604
0.6875 0.8125 0.114877
0.6875 0.84375 0.141665
0.65625 0.84375 0.125665
0.625 0.8125 0.0827026
0.625 0.78125 0.0555447
0.65625 0.78125 0.071723
0.65625 0.8125 0.098604
0.625 0.8125 0.0827026
0.625 0.78125 0.0555447
0.625 0.75 0.0286071
0.65625 0.75 0.045025
0.65625 0.78125 0.071723
0.625 0.78125 0.0555447
0.65625 0.8125 0.098604
0.65625 0.78125 0.071723
0.6875 0.78125 0.0882369
0.6875 0.8125 0.114877
0.65625 0.8125 0.098604
0.65625 0.78125 0.071723
0.65625 0.75 0.045025
0.6875 0.75 0.0617492
0.6875 0.78125 0.0882369
0.65625 0.78125 0.071723
0.6875 0.875 0.168633
0.6875 0.8125 0.114877
0.75 0.8125 0.148675
0.75 0.875 0.201523
0.6875 0.875 0.168633
0.6875 0.8125 0.114877
0.6875 0.78125 0.0882369
0.71875 0.78125 0.105135
0.71875 0.8125 0.131533
0.6875 0.8125 0.114877
0.6875 0.78125 0.0882369
0.6875 0.75 0.0617492
0.71875 0.75 0.0788915
0.71875 0.78125 0.105135
0.6875 0.78125 0.0882369
0.71875 0.8125 0.131533
0.71875 0.78125 0.105135
0.75 0.78125 0.122587
0.75 0.8125 0.148675
0.71875 0.8125 0.131533
0.71875 0.78125 0.105135
0.71875 0.75 0.0788915
0.75 0.75 0.0967604
0.75 0.78125 0.122587
0.71875 0.78125 0.105135
0.5 0.75 -0.0305804
0.5 0.71875 -0.0592144
0.53125 0.71875 -0.0454356
0.53125 0.75 -0.0177703
0.5 0.75 -0.0305804
0.5 0.71875 -0.0592144
0.5 0.6875 -0.0873389
0.53125 0.6875 -0.0728004
0.53125 0.71875 -0.0454356
0.5 0.71875 -0.0592144
0.53125 0.75 -0.0177703
0.53125 0.71875 -0.0454356
0.5625 0.71875 -0.030274
0.5625 0.75 -0.00313119
0.53125 0.75 -0.0177703
0.53125 0.71875 -0.0454356
0.53125 0.6875 -0.0728004
0.5625 0.6875 -0.0572377
0.5625 0.71875 -0.030274
0.53125 0.71875 -0.0454356
0.5 0.6875 -0.0873389
0.5 0.65625 -0.115073
0.53125 0.65625 -0.0999405
0.53125 0.6875 -0.0728004
0.5 0.6875 -0.0873389
0.5 0.65625 -0.115073
0.5 0.625 -0.142446
0.53125 0.625 -0.126883
0.53125 0.65625 -0.0999405
0.5 0.65625 -0.115073
0.53125 0.6875 -0.0728004
0.53125 0.65625 -0.0999405
0.5625 0.65625 -0.0840579
0.5625 0.6875 -0.0572377
0.53125 0.6875 -0.0728004
0.53125 0.65625 -0.0999405
0.53125 0.625 -0.126883
0.5625 0.625 -0.110751
0.5625 0.65625 -0.0840579
0.53125 0.65625 -0.0999405
0.5625 0.75 -0.00313119
0.5625 0.71875 -0.030274
0.59375 0.71875 -0.0144224
0.59375 0.75 0.0124597
0.5625 0.75 -0.00313119
0.5625 0.71875 -0.030274
0.5625 0.6875 -0.0572377
0.59375 0.6875 -0.0411417
0.59375 0.71875 -0.0144224
0.5625 0.71875 -0.030274
0.59375 0.75 0.0124597
0.59375 0.71875 -0.0144224
0.625 0.71875 0.00184619
0.625 0.75 0.0286071
0.59375 0.75 0.0124597
0.59375 0.71875 -0.0144224
0.59375 0.6875 -0.0411417
0.625 0.6875 -0.0246914
0.625 0.71875 0.00184619
0.59375 0.71875 -0.0144224
0.5625 0.6875 -0.0572377
0.5625 0.65625 -0.0840579
0.59375 0.65625 -0.0677467
0.59375 0.6875 -0.0411417
0.5625 0.6875 -0.0572377
0.5625 0.65625 -0.0840579
0.5625 0.625 -0.110751
0.59375 0.625 -0.0942263
0.59375 0.65625 -0.0677467
0.5625 0.65625 -0.0840579
0.59375 0.6875 -0.0411417
0.59375 0.65625 -0.0677467
0.625 0.65625 -0.0511036
0.625 0.6875 -0.0246914
0.59375 0.6875 -0.0411417
0.59375 0.65625 -0.0677467
0.59375 0.625 -0.0942263
0.625 0.625 -0.0773613
0.625 0.65625 -0.0511036
0.59375 0.65625 -0.0677467
0.5 0.625 -0.142446
0.5 0.5625 -0.196563
0.5625 0.5625 -0.163712
0.5625 0.625 -0.110751
0.5 0.625 -0.142446
0.5 0.5625 -0.196563
0.5 0.5 -0.232759
0.5625 0.5 -0.194094
0.5625 0.5625 -0.163712
0.5 0.5625 -0.196563
0.5625 0.625 -0.110751
0.5625 0.59375 -0.137315
0.59375 0.59375 -0.120551
0.59375 0.625 -0.0942263
0.5625 0.625 -0.110751
0.5625 0.59375 -0.137315
0.5625 0.5625 -0.163712
0.59375 0.5625 -0.146638
0.59375 0.59375 -0.120551
0.5625 0.59375 -0.137315
0.59375 0.625 -0.0942263
0.59375 0.59375 -0.120551
0.625 0.59375 -0.103387
0.625 0.625 -0.0773613
0.59375 0.625 -0.0942263
0.59375 0.59375 -0.120551
0.59375 0.5625 -0.146638
0.625 0.5625 -0.128935
0.625 0.59375 -0.103387
0.59375 0.59375 -0.120551
0.5625 0.5625 -0.163712
0.5625 0.5 -0.194094
0.625 0.5 -0.140433
0.625 0.5625 -0.128935
0.5625 0.5625 -0.163712
0.625 0.75 0.0286071
0.625 0.71875 0.00184619
0.65625 0.71875 0.0184551
0.65625 0.75 0.045025
0.625 0.75 0.0286071
0.625 0.71875 0.00184619
0.625 0.6875 -0.0246914
0.65625 0.6875 -0.00794029
0.65625 0.71875 0.0184551
0.625 0.71875 0.00184619
0.65625 0.75 0.045025
0.65625 0.71875 0.0184551
0.6875 0.71875 0.0353863
0.6875 0.75 0.0617492
0.65625 0.75 0.045025
0.65625 0.71875 0.0184551
0.65625 0.6875 -0.00794029
0.6875 0.6875 0.00915772
0.6875 0.71875 0.0353863
0.65625 0.71875 0.0184551
0.625 0.6875 -0.0246914
0.625 0.65625 -0.0511036
0.65625 0.65625 -0.0341449
0.65625 0.6875 -0.00794029
0.625 0.6875 -0.0246914
0.625 0.65625 -0.0511036
0.625 0.625 -0.0773613
0.65625 0.625 -0.0600978
0.65625 0.65625 -0.0341449
0.625 0.65625 -0.0511036
0.65625 0.6875 -0.00794029
0.65625 0.65625 -0.0341449
0.6875 0.65625 -0.0167583
0.6875 0.6875 0.00915772
0.65625 0.6875 -0.00794029
0.65625 0.65625 -0.0341449
0.65625 0.625 -0.0600978
0.6875 0.625 -0.0421704
0.6875 0.65625 -0.0167583
0.65625 0.65625 -0.0341449
0.6875 0.75 0.0617492
0.6875 0.71875 0.0353863
0.71875 0.71875 0.0528188
0.71875 0.75 0.0788915
0.6875 0.75 0.0617492
0.6875 0.71875 0.0353863
0.6875 0.6875 0.00915772
0.71875 0.6875 0.02695
0.71875 0.71875 0.0528188
0.6875 0.71875 0.0353863
0.71875 0.75 0.0788915
0.71875 0.71875 0.0528188
0.75 0.71875 0.0712088
0.75 0.75 0.0967604
0.71875 0.75 0.0788915
0.71875 0.71875 0.0528188
0.71875 0.6875 0.02695
0.75 0.6875 0.0461011
0.75 0.71875 0.0712088
0.71875 0.71875 0.0528188
0.6875 0.6875 0.00915772
0.6875 0.65625 -0.0167583
0.71875 0.65625 0.00136337
0.71875 0.6875 0.02695
0.6875 0.6875 0.00915772
0.6875 0.65625 -0.0167583
0.6875 0.625 -0.0421704
0.71875 0.625 -0.0230273
0.71875 0.65625 0.00136337
0.6875 0.65625 -0.0167583
0.71875 0.6875 0.02695
0.71875 0.65625 0.00136337
0.75 0.65625 0.0216234
0.75 0.6875 0.0461011
0.71875 0.6875 0.02695
0.71875 0.65625 0.00136337
0.71875 0.625 -0.0230273
0.75 0.625 -0.00162837
0.75 0.65625 0.0216234
0.71875 0.65625 0.00136337
0.625 0.625 -0.0773613
0.625 0.59375 -0.103387
0.65625 0.59375 -0.0855994
0.65625 0.625 -0.0600978
0.625 0.625 -0.0773613
0.625 0.59375 -0.103387
0.625 0.5625 -0.128935
0.65625 0.5625 -0.109956
0.65625 0.59375 -0.0855994
0.625 0.59375 -0.103387
0.65625 0.625 -0.0600978
0.65625 0.59375 -0.0855994
0.6875 0.59375 -0.0666239
0.6875 0.625 -0.0421704
0.65625 0.625 -0.0600978
0.65625 0.59375 -0.0855994
0.65625 0.5625 -0.109956
0.6875 0.5625 -0.0883827
0.6875 0.59375 -0.0666239
0.65625 0.59375 -0.0855994
0.625 0.5625 -0.128935
0.625 0.53125 -0.150143
0.65625 0.53125 -0.124013
0.65625 0.5625 -0.109956
0.625 0.5625 -0.128935
0.625 0.53125 -0.150143
0.625 0.5 -0.140433
0.65625 0.5 -0.112969
0.65625 0.53125 -0.124013
0.625 0.53125 -0.150143
0.65625 0.5625 -0.109956
0.65625 0.53125 -0.124013
0.6875 0.53125 -0.0951953
0.6875 0.5625 -0.0883827
0.65625 0.5625 -0.109956
0.65625 0.53125 -0.124013
0.65625 0.5 -0.112969
0.6875 0.5 -0.0852657
0.6875 0.53125 -0.0951953
0.65625 0.53125 -0.124013
0.6875 0.625 -0.0421704
0.6875 0.59375 -0.0666239
0.71875 0.59375 -0.0455051
0.71875 0.625 -0.0230273
0.6875 0.625 -0.0421704
0.6875 0.59375 -0.0666239
0.6875 0.5625 -0.0883827
0.71875 0.5625 -0.0632398
0.71875 0.59375 -0.0455051
0.6875 0.59375 -0.0666239
0.71875 0.625 -0.0230273
0.71875 0.59375 -0.0455051
0.75 0.59375 -0.0213405
0.75 0.625 -0.00162837
0.71875 0.625 -0.0230273
0.71875 0.59375 -0.0455051
0.71875 0.5625 -0.0632398
0.75 0.5625 -0.0351358
0.75 0.59375 -0.0213405
0.71875 0.59375 -0.0455051
0.6875 0.5625 -0.0883827
0.6875 0.53125 -0.0951953
0.71875 0.53125 -0.0660189
0.71875 0.5625 -0.0632398
0.6875 0.5625 -0.0883827
0.6875 0.53125 -0.0951953
0.6875 0.5 -0.0852657
0.71875 0.5 -0.0572884
0.71875 0.53125 -0.0660189
0.6875 0.53125 -0.0951953
0.71875 0.5625 -0.0632398
0.71875 0.53125 -0.0660189
0.75 0.53125 -0.0364842
0.75 0.5625 -0.0351358
0.71875 0.5625 -0.0632398
0.71875 0.53125 -0.0660189
0.71875 0.5 -0.0572884
0.75 0.5 -0.0290188
0.75 0.53125 -0.0364842
0.71875 0.53125 -0.0660189
0.75 1 0.309089
0.75 0.875 0.201523
0.875 0.875 0.275909
0.875 1 0.377219
0.75 1 0.309089
0.75 0.875 0.201523
0.75 0.8125 0.148675
0.8125 0.8125 0.185742
0.8125 0.875 0.236864
0.75 0.875 0.201523
0.75 0.8125 0.148675
0.75 0.75 0.0967604
0.8125 0.75 0.136193
0.8125 0.8125 0.185742
0.75 0.8125 0.148675
0.8125 0.875 0.236864
0.8125 0.8125 0.185742
0.875 0.8125 0.227926
0.875 0.875 0.275909
0.8125 0.875 0.236864
0.8125 0.8125 0.185742
0.8125 0.75 0.136193
0.875 0.75 0.182714
0.875 0.8125 0.227926
0.8125 0.8125 0.185742
0.875 1 0.377219
0.875 0.875 0.275909
1 0.875 0.371971
1 1 0.462925
0.875 1 0.377219
0.875 0.875 0.275909
0.875 0.75 0.182714
1 0.75 0.288288
1 0.875 0.371971
0.875 0.875 0.275909
0.75 0.75 0.0967604
0.75 0.71875 0.0712088
0.78125 0.71875 0.0911073
0.78125 0.75 0.115717
0.75 0.75 0.0967604
0.75 0.71875 0.0712088
0.75 0.6875 0.0461011
0.78125 0.6875 0.0672172
0.78125 0.71875 0.0911073
0.75 0.71875 0.0712088
0.78125 0.75 0.115717
0.78125 0.71875 0.0911073
0.8125 0.71875 0.112706
0.8125 0.75 0.136193
0.78125 0.75 0.115717
0.78125 0.71875 0.0911073
0.78125 0.6875 0.0672172
0.8125 0.6875 0.0904747
0.8125 0.71875 0.112706
0.78125 0.71875 0.0911073
0.75 0.6875 0.0461011
0.75 0.65625 0.0216234
0.78125 0.65625 0.0445533
0.78125 0.6875 0.0672172
0.75 0.6875 0.0461011
0.75 0.65625 0.0216234
0.75 0.625 -0.00162837
0.78125 0.625 0.0237235
0.78125 0.65625 0.0445533
0.75 0.65625 0.0216234
0.78125 0.6875 0.0672172
0.78125 0.65625 0.0445533
0.8125 0.65625 0.0697973
0.8125 0.6875 0.0904747
0.78125 0.6875 0.0672172
0.78125 0.65625 0.0445533
0.78125 0.625 0.0237235
0.8125 0.625 0.0513298
0.8125 0.65625 0.0697973
0.78125 0.65625 0.0445533
0.8125 0.75 0.136193
0.8125 0.6875 0.0904747
0.875 0.6875 0.141519
0.875 0.75 0.182714
0.8125 0.75 0.136193
0.8125 0.6875 0.0904747
0.8125 0.65625 0.0697973
0.84375 0.65625 0.0965357
0.84375 0.6875 0.11547
0.8125 0.6875 0.0904747
0.8125 0.65625 0.0697973
0.8125 0.625 0.0513298
0.84375 0.625 0.0799167
0.84375 0.65625 0.0965357
0.8125 0.65625 0.0697973
0.84375 0.6875 0.11547
0.84375 0.65625 0.0965357
0.875 0.65625 0.124089
0.875 0.6875 0.141519
0.84375 0.6875 0.11547
0.84375 0.65625 0.0965357
0.84375 0.625 0.0799167
0.875 0.625 0.109024
0.875 0.65625 0.124089
0.84375 0.65625 0.0965357
0.75 0.625 -0.00162837
0.75 0.59375 -0.0213405
0.78125 0.59375 0.0058359
0.78125 0.625 0.0237235
0.75 0.625 -0.00162837
0.75 0.59375 -0.0213405
0.75 0.5625 -0.0351358
0.78125 0.5625 -0.00525537
0.78125 0.59375 0.0058359
0.75 0.59375 -0.0213405
0.78125 0.625 0.0237235
0.78125 0.59375 0.0058359
0.8125 0.59375 0.0360434
0.8125 0.625 0.0513298
0.78125 0.625 0.0237235
0.78125 0.59375 0.0058359
0.78125 0.5625 -0.00525537
0.8125 0.5625 0.0257617
0.8125 0.59375 0.0360434
0.78125 0.59375 0.0058359
0.75 0.5625 -0.0351358
0.75 0.53125 -0.0364842
0.78125 0.53125 -0.00659454
0.78125 0.5625 -0.00525537
0.75 0.5625 -0.0351358
0.75 0.53125 -0.0364842
0.75 0.5 -0.0290188
0.78125 0.5 -0.000424522
0.78125 0.53125 -0.00659454
0.75 0.53125 -0.0364842
0.78125 0.5625 -0.00525537
0.78125 0.53125 -0.00659454
0.8125 0.53125 0.0242296
0.8125 0.5625 0.0257617
0.78125 0.5625 -0.00525537
0.78125 0.53125 -0.00659454
0.78125 0.5 -0.000424522
0.8125 0.5 0.0296814
0.8125 0.53125 0.0242296
0.78125 0.53125 -0.00659454
0.8125 0.625 0.0513298
0.8125 0.59375 0.0360434
0.84375 0.59375 0.0663753
0.84375 0.625 0.0799167
0.8125 0.625 0.0513298
0.8125 0.59375 0.0360434
0.8125 0.5625 0.0257617
0.84375 0.5625 0.0570085
0.84375 0.59375 0.0663753
0.8125 0.59375 0.0360434
0.84375 0.625 0.0799167
0.84375 0.59375 0.0663753
0.875 0.59375 0.0968205
0.875 0.625 0.109024
0.84375 0.625 0.0799167
0.84375 0.59375 0.0663753
0.84375 0.5625 0.0570085
0.875 0.5625 0.0882474
0.875 0.59375 0.0968205
0.84375 0.59375 0.0663753
0.8125 0.5625 0.0257617
0.8125 0.53125 0.0242296
0.84375 0.53125 0.0554394
0.84375 0.5625 0.0570085
0.8125 0.5625 0.0257617
0.8125 0.53125 0.0242296
0.8125 0.5 0.0296814
0.84375 0.5 0.0601045
0.84375 0.53125 0.0554394
0.8125 0.53125 0.0242296
0.84375 0.5625 0.0570085
0.84375 0.53125 0.0554394
0.875 0.53125 0.0866516
0.875 0.5625 0.0882474
0.84375 0.5625 0.0570085
0.84375 0.53125 0.0554394
0.84375 0.5 0.0601045
0.875 0.5 0.0906843
0.875 0.53125 0.0866516
0.84375 0.53125 0.0554394
0.875 0.75 0.182714
0.875 0.6875 0.141519
0.9375 0.6875 0.197282
0.9375 0.75 0.233416
0.875 0.75 0.182714
0.875 0.6875 0.141519
0.875 0.625 0.109024
0.9375 0.625 0.168264
0.9375 0.6875 0.197282
0.875 0.6875 0.141519
0.9375 0.75 0.233416
0.9375 0.6875 0.197282
1 0.6875 0.255506
1 0.75 0.288288
0.9375 0.75 0.233416
0.9375 0.6875 0.197282
0.9375 0.625 0.168264
1 0.625 0.229569
1 0.6875 0.255506
0.9375 0.6875 0.197282
0.875 0.625 0.109024
0.875 0.59375 0.0968205
0.90625 0.59375 0.127354
0.90625 0.625 0.138522
0.875 0.625 0.109024
0.875 0.59375 0.0968205
0.875 0.5625 0.0882474
0.90625 0.5625 0.119469
0.90625 0.59375 0.127354
0.875 0.59375 0.0968205
0.90625 0.625 0.138522
0.90625 0.59375 0.127354
0.9375 0.59375 0.157956
0.9375 0.625 0.168264
0.90625 0.625 0.138522
0.90625 0.59375 0.127354
0.90625 0.5625 0.119469
0.9375 0.5625 0.150668
0.9375 0.59375 0.157956
0.90625 0.59375 0.127354
0.875 0.5625 0.0882474
0.875 0.53125 0.0866516
0.90625 0.53125 0.117855
0.90625 0.5625 0.119469
0.875 0.5625 0.0882474
0.875 0.53125 0.0866516
0.875 0.5 0.0906843
0.90625 0.5 0.121432
0.90625 0.53125 0.117855
0.875 0.53125 0.0866516
0.90625 0.5625 0.119469
0.90625 0.53125 0.117855
0.9375 0.53125 0.149058
0.9375 0.5625 0.150668
0.90625 0.5625 0.119469
0.90625 0.53125 0.117855
0.90625 0.5 0.121432
0.9375 0.5 0.152252
0.9375 0.53125 0.149058
0.90625 0.53125 0.117855
0.9375 0.625 0.168264
0.9375 0.5625 0.150668
1 0.5625 0.213119
1 0.625 0.229569
0.9375 0.625 0.168264
0.9375 0.5625 0.150668
0.9375 0.5 0.152252
1 0.5 0.214288
1 0.5625 0.213119
0.9375 0.5625 0.150668
0.5 0.5 -0.232759
0.5 0.4375 -0.194978
0.5625 0.4375 -0.162578
0.5625 0.5 -0.194094
0.5 0.5 -0.232759
0.5 0.4375 -0.194978
0.5 0.375 -0.141387
0.5625 0.375 -0.127311
0.5625 0.4375 -0.162578
0.5 0.4375 -0.194978
0.5625 0.5 -0.194094
0.5625 0.4375 -0.162578
0.625 0.4375 -0.110177
0.625 0.5 -0.140433
0.5625 0.5 -0.194094
0.5625 0.4375 -0.162578
0.5625 0.40625 -0.145426
0.59375 0.40625 -0.119913
0.59375 0.4375 -0.136564
0.5625 0.4375 -0.162578
0.5625 0.40625 -0.145426
0.5625 0.375 -0.127311
0.59375 0.375 -0.102763
0.59375 0.40625 -0.119913
0.5625 0.40625 -0.145426
0.59375 0.4375 -0.136564
0.59375 0.40625 -0.119913
0.625 0.40625 -0.0938339
0.625 0.4375 -0.110177
0.59375 0.4375 -0.136564
0.59375 0.40625 -0.119913
0.59375 0.375 -0.102763
0.625 0.375 -0.0771042
0.625 0.40625 -0.0938339
0.59375 0.40625 -0.119913
0.5 0.375 -0.141387
0.5 0.34375 -0.113995
0.53125 0.34375 -0.124936
0.53125 0.375 -0.148708
0.5 0.375 -0.141387
0.5 0.34375 -0.113995
0.5 0.3125 -0.0863133
0.53125 0.3125 -0.0980711
0.53125 0.34375 -0.124936
0.5 0.34375 -0.113995
0.53125 0.375 -0.148708
0.53125 0.34375 -0.124936
0.5625 0.34375 -0.108044
0.5625 0.375 -0.127311
0.53125 0.375 -0.148708
0.53125 0.34375 -0.124936
0.53125 0.3125 -0.0980711
0.5625 0.3125 -0.0868682
0.5625 0.34375 -0.108044
0.53125 0.34375 -0.124936
0.5 0.3125 -0.0863133
0.5 0.28125 -0.0583178
0.53125 0.28125 -0.0689105
0.53125 0.3125 -0.0980711
0.5 0.3125 -0.0863133
0.5 0.28125 -0.0583178
0.5 0.25 -0.0299608
0.53125 0.25 -0.03925
0.53125 0.28125 -0.0689105
0.5 0.28125 -0.0583178
0.53125 0.3125 -0.0980711
0.53125 0.28125 -0.0689105
0.5625 0.28125 -0.0634471
0.5625 0.3125 -0.0868682
0.53125 0.3125 -0.0980711
0.53125 0.28125 -0.0689105
0.53125 0.25 -0.03925
0.5625 0.25 -0.0373389
0.5625 0.28125 -0.0634471
0.53125 0.28125 -0.0689105
0.5625 0.375 -0.127311
0.5625 0.34375 -0.108044
0.59375 0.34375 -0.0849095
0.59375 0.375 -0.102763
0.5625 0.375 -0.127311
0.5625 0.34375 -0.108044
0.5625 0.3125 -0.0868682
0.59375 0.3125 -0.0660903
0.59375 0.34375 -0.0849095
0.5625 0.34375 -0.108044
0.59375 0.375 -0.102763
0.59375 0.34375 -0.0849095
0.625 0.34375 -0.059962
0.625 0.375 -0.0771042
0.59375 0.375 -0.102763
0.59375 0.34375 -0.0849095
0.59375 0.3125 -0.0660903
0.625 0.3125 -0.0422644
0.625 0.34375 -0.059962
0.59375 0.34375 -0.0849095
0.5625 0.3125 -0.0868682
0.5625 0.28125 -0.0634471
0.59375 0.28125 -0.0457844
0.59375 0.3125 -0.0660903
0.5625 0.3125 -0.0868682
0.5625 0.28125 -0.0634471
0.5625 0.25 -0.0373389
0.59375 0.25 -0.0235036
0.59375 0.28125 -0.0457844
0.5625 0.28125 -0.0634471
0.59375 0.3125 -0.0660903
0.59375 0.28125 -0.0457844
0.625 0.28125 -0.0237702
0.625 0.3125 -0.0422644
0.59375 0.3125 -0.0660903
0.59375 0.28125 -0.0457844
0.59375 0.25 -0.0235036
0.625 0.25 -0.00402262
0.625 0.28125 -0.0237702
0.59375 0.28125 -0.0457844
0.625 0.5 -0.140433
0.625 0.46875 -0.125845
0.65625 0.46875 -0.0989103
0.65625 0.5 -0.112969
0.625 0.5 -0.140433
0.625 0.46875 -0.125845
0.625 0.4375 -0.110177
0.65625 0.4375 -0.0835893
0.65625 0.46875 -0.0989103
0.625 0.46875 -0.125845
0.65625 0.5 -0.112969
0.65625 0.46875 -0.0989103
0.6875 0.46875 -0.0718064
0.6875 0.5 -0.0852657
0.65625 0.5 -0.112969
0.65625 0.46875 -0.0989103
0.65625 0.4375 -0.0835893
0.6875 0.4375 -0.0568649
0.6875 0.46875 -0.0718064
0.65625 0.46875 -0.0989103
0.625 0.4375 -0.110177
0.625 0.40625 -0.0938339
0.65625 0.40625 -0.0674774
0.65625 0.4375 -0.0835893
0.625 0.4375 -0.110177
0.625 0.40625 -0.0938339
0.625 0.375 -0.0771042
0.65625 0.375 -0.051
0.65625 0.40625 -0.0674774
0.625 0.40625 -0.0938339
0.65625 0.4375 -0.0835893
0.65625 0.40625 -0.0674774
0.6875 0.40625 -0.0409592
0.6875 0.4375 -0.0568649
0.65625 0.4375 -0.0835893
0.65625 0.40625 -0.0674774
0.65625 0.375 -0.051
0.6875 0.375 -0.0246684
0.6875 0.40625 -0.0409592
0.65625 0.40625 -0.0674774
0.6875 0.5 -0.0852657
0.6875 0.46875 -0.0718064
0.71875 0.46875 -0.0445374
0.71875 0.5 -0.0572884
0.6875 0.5 -0.0852657
0.6875 0.46875 -0.0718064
0.6875 0.4375 -0.0568649
0.71875 0.4375 -0.0300263
0.71875 0.46875 -0.0445374
0.6875 0.46875 -0.0718064
0.71875 0.5 -0.0572884
0.71875 0.46875 -0.0445374
0.75 0.46875 -0.0170929
0.75 0.5 -0.0290188
0.71875 0.5 -0.0572884
0.71875 0.46875 -0.0445374
0.71875 0.4375 -0.0300263
0.75 0.4375 -0.00308117
0.75 0.46875 -0.0170929
0.71875 0.46875 -0.0445374
0.6875 0.4375 -0.0568649
0.6875 0.40625 -0.0409592
0.71875 0.40625 -0.0143177
0.71875 0.4375 -0.0300263
0.6875 0.4375 -0.0568649
0.6875 0.40625 -0.0409592
0.6875 0.375 -0.0246684
0.71875 0.375 0.00181104
0.71875 0.40625 -0.0143177
0.6875 0.40625 -0.0409592
0.71875 0.4375 -0.0300263
0.71875 0.40625 -0.0143177
0.75 0.40625 0.0124996
0.75 0.4375 -0.00308117
0.71875 0.4375 -0.0300263
0.71875 0.40625 -0.0143177
0.71875 0.375 0.00181104
0.75 0.375 0.0284969
0.75 0.40625 0.0124996
0.71875 0.40625 -0.0143177
0.625 0.375 -0.0771042
0.625 0.34375 -0.059962
0.65625 0.34375 -0.0342108
0.65625 0.375 -0.051
0.625 0.375 -0.0771042
0.625 0.34375 -0.059962
0.625 0.3125 -0.0422644
0.65625 0.3125 -0.0170438
0.65625 0.34375 -0.0342108
0.625 0.34375 -0.059962
0.65625 0.375 -0.051
0.65625 0.34375 -0.0342108
0.6875 0.34375 -0.00809065
0.6875 0.375 -0.0246684
0.65625 0.375 -0.051
0.65625 0.34375 -0.0342108
0.65625 0.3125 -0.0170438
0.6875 0.3125 0.00883508
0.6875 0.34375 -0.00809065
0.65625 0.34375 -0.0342108
0.625 0.3125 -0.0422644
0.625 0.28125 -0.0237702
0.65625 0.28125 0.0005841
0.65625 0.3125 -0.0170438
0.625 0.3125 -0.0422644
0.625 0.28125 -0.0237702
0.625 0.25 -0.00402262
0.65625 0.25 0.0195511
0.65625 0.28125 0.0005841
0.625 0.28125 -0.0237702
0.65625 0.3125 -0.0170438
0.65625 0.28125 0.0005841
0.6875 0.28125 0.0262362
0.6875 0.3125 0.00883508
0.65625 0.3125 -0.0170438
0.65625 0.28125 0.0005841
0.65625 0.25 0.0195511
0.6875 0.25 0.0444106
0.6875 0.28125 0.0262362
0.65625 0.28125 0.0005841
0.6875 0.375 -0.0246684
0.6875 0.34375 -0.00809065
0.71875 0.34375 0.0182953
0.71875 0.375 0.00181104
0.6875 0.375 -0.0246684
0.6875 0.34375 -0.00809065
0.6875 0.3125 0.00883508
0.71875 0.3125 0.0350602
0.71875 0.34375 0.0182953
0.6875 0.34375 -0.00809065
0.71875 0.375 0.00181104
0.71875 0.34375 0.0182953
0.75 0.34375 0.0448088
0.75 0.375 0.0284969
0.71875 0.375 0.00181104
0.71875 0.34375 0.0182953
0.71875 0.3125 0.0350602
0.75 0.3125 0.0614004
0.75 0.34375 0.0448088
0.71875 0.34375 0.0182953
0.6875 0.3125 0.00883508
0.6875 0.28125 0.0262362
0.71875 0.28125 0.0521755
0.71875 0.3125 0.0350602
0.6875 0.3125 0.00883508
0.6875 0.28125 0.0262362
0.6875 0.25 0.0444106
0.71875 0.25 0.069832
0.71875 0.28125 0.0521755
0.6875 0.28125 0.0262362
0.71875 0.3125 0.0350602
0.71875 0.28125 0.0521755
0.75 0.28125 0.0782967
0.75 0.3125 0.0614004
0.71875 0.3125 0.0350602
0.71875 0.28125 0.0521755
0.71875 0.25 0.069832
0.75 0.25 0.0956002
0.75 0.28125 0.0782967
0.71875 0.28125 0.0521755
0.5 0.25 -0.0299608
0.5 0.21875 -0.00121894
0.53125 0.21875 -0.009154
0.53125 0.25 -0.03925
0.5 0.25 -0.0299608
0.5 0.21875 -0.00121894
0.5 0.1875 0.0285692
0.53125 0.1875 0.0217363
0.53125 0.21875 -0.009154
0.5 0.21875 -0.00121894
0.53125 0.25 -0.03925
0.53125 0.21875 -0.009154
0.5625 0.21875 -0.00914133
0.5625 0.25 -0.0373389
0.53125 0.25 -0.03925
0.53125 0.21875 -0.009154
0.53125 0.1875 0.0217363
0.5625 0.1875 0.0216734
0.5625 0.21875 -0.00914133
0.53125 0.21875 -0.009154
0.5 0.1875 0.0285692
0.5 0.15625 0.0587088
0.53125 0.15625 0.0528289
0.53125 0.1875 0.0217363
0.5 0.1875 0.0285692
0.5 0.15625 0.0587088
0.5 0.125 0.0890803
0.53125 0.125 0.0839567
0.53125 0.15625 0.0528289
0.5 0.15625 0.0587088
0.53125 0.1875 0.0217363
0.53125 0.15625 0.0528289
0.5625 0.15625 0.0527782
0.5625 0.1875 0.0216734
0.53125 0.1875 0.0217363
0.53125 0.15625 0.0528289
0.53125 0.125 0.0839567
0.5625 0.125 0.0839118
0.5625 0.15625 0.0527782
0.53125 0.15625 0.0528289
0.5625 0.25 -0.0373389
0.5625 0.21875 -0.00914133
0.59375 0.21875 0.00135085
0.59375 0.25 -0.0235036
0.5625 0.25 -0.0373389
0.5625 0.21875 -0.00914133
0.5625 0.1875 0.0216734
0.59375 0.1875 0.0300562
0.59375 0.21875 0.00135085
0.5625 0.21875 -0.00914133
0.59375 0.25 -0.0235036
0.59375 0.21875 0.00135085
0.625 0.21875 0.0189831
0.625 0.25 -0.00402262
0.59375 0.25 -0.0235036
0.59375 0.21875 0.00135085
0.59375 0.1875 0.0300562
0.625 0.1875 0.0445558
0.625 0.21875 0.0189831
0.59375 0.21875 0.00135085
0.5625 0.1875 0.0216734
0.5625 0.15625 0.0527782
0.59375 0.15625 0.059532
0.59375 0.1875 0.0300562
0.5625 0.1875 0.0216734
0.5625 0.15625 0.0527782
0.5625 0.125 0.0839118
0.59375 0.125 0.0895513
0.59375 0.15625 0.059532
0.5625 0.15625 0.0527782
0.59375 0.1875 0.0300562
0.59375 0.15625 0.059532
0.625 0.15625 0.07184
0.625 0.1875 0.0445558
0.59375 0.1875 0.0300562
0.59375 0.15625 0.059532
0.59375 0.125 0.0895513
0.625 0.125 0.100102
0.625 0.15625 0.07184
0.59375 0.15625 0.059532
0.5 0.125 0.0890803
0.5 0.09375 0.119628
0.53125 0.09375 0.115096
0.53125 0.125 0.0839567
0.5 0.125 0.0890803
0.5 0.09375 0.119628
0.5 0.0625 0.150289
0.53125 0.0625 0.146256
0.53125 0.09375 0.115096
0.5 0.09375 0.119628
0.53125 0.125 0.0839567
0.53125 0.09375 0.115096
0.5625 0.09375 0.115051
0.5625 0.125 0.0839118
0.53125 0.125 0.0839567
0.53125 0.09375 0.115096
0.53125 0.0625 0.146256
0.5625 0.0625 0.146194
0.5625 0.09375 0.115051
0.53125 0.09375 0.115096
0.5 0.0625 0.150289
0.5 0 0.212092
0.5625 0 0.208609
0.5625 0.0625 0.146194
0.5 0.0625 0.150289
0.5625 0.125 0.0839118
0.5625 0.09375 0.115051
0.59375 0.09375 0.119827
0.59375 0.125 0.0895513
0.5625 0.125 0.0839118
0.5625 0.09375 0.115051
0.5625 0.0625 0.146194
0.59375 0.0625 0.150381
0.59375 0.09375 0.119827
0.5625 0.09375 0.115051
0.59375 0.125 0.0895513
0.59375 0.09375 0.119827
0.625 0.09375 0.129089
0.625 0.125 0.100102
0.59375 0.125 0.0895513
0.59375 0.09375 0.119827
0.59375 0.0625 0.150381
0.625 0.0625 0.1585
0.625 0.09375 0.129089
0.59375 0.09375 0.119827
0.5625 0.0625 0.146194
0.5625 0 0.208609
0.625 0 0.218802
0.625 0.0625 0.1585
0.5625 0.0625 0.146194
0.625 0.25 -0.00402262
0.625 0.21875 0.0189831
0.65625 0.21875 0.040385
0.65625 0.25 0.0195511
0.625 0.25 -0.00402262
0.625 0.21875 0.0189831
0.625 0.1875 0.0445558
0.65625 0.1875 0.0633509
0.65625 0.21875 0.040385
0.625 0.21875 0.0189831
0.65625 0.25 0.0195511
0.65625 0.21875 0.040385
0.6875 0.21875 0.0638278
0.6875 0.25 0.0444106
0.65625 0.25 0.0195511
0.65625 0.21875 0.040385
0.65625 0.1875 0.0633509
0.6875 0.1875 0.084859
0.6875 0.21875 0.0638278
0.65625 0.21875 0.040385
0.625 0.1875 0.0445558
0.625 0.15625 0.07184
0.65625 0.15625 0.0881834
0.65625 0.1875 0.0633509
0.625 0.1875 0.0445558
0.625 0.15625 0.07184
0.625 0.125 0.100102
0.65625 0.125 0.114569
0.65625 0.15625 0.0881834
0.625 0.15625 0.07184
0.65625 0.1875 0.0633509
0.65625 0.15625 0.0881834
0.6875 0.15625 0.107581
0.6875 0.1875 0.084859
0.65625 0.1875 0.0633509
0.65625 0.15625 0.0881834
0.65625 0.125 0.114569
0.6875 0.125 0.132032
0.6875 0.15625 0.107581
0.65625 0.15625 0.0881834
0.6875 0.25 0.0444106
0.6875 0.21875 0.0638278
0.71875 0.21875 0.088341
0.71875 0.25 0.069832
0.6875 0.25 0.0444106
0.6875 0.21875 0.0638278
0.6875 0.1875 0.084859
0.71875 0.1875 0.108048
0.71875 0.21875 0.088341
0.6875 0.21875 0.0638278
0.71875 0.25 0.069832
0.71875 0.21875 0.088341
0.75 0.21875 0.113537
0.75 0.25 0.0956002
0.71875 0.25 0.069832
0.71875 0.21875 0.088341
0.71875 0.1875 0.108048
0.75 0.1875 0.132335
0.75 0.21875 0.113537
0.71875 0.21875 0.088341
0.6875 0.1875 0.084859
0.6875 0.15625 0.107581
0.71875 0.15625 0.129158
0.71875 0.1875 0.108048
0.6875 0.1875 0.084859
0.6875 0.15625 0.107581
0.6875 0.125 0.132032
0.71875 0.125 0.151854
0.71875 0.15625 0.129158
0.6875 0.15625 0.107581
0.71875 0.1875 0.108048
0.71875 0.15625 0.129158
0.75 0.15625 0.152261
0.75 0.1875 0.132335
0.71875 0.1875 0.108048
0.71875 0.15625 0.129158
0.71875 0.125 0.151854
0.75 0.125 0.173478
0.75 0.15625 0.152261
0.71875 0.15625 0.129158
0.625 0.125 0.100102
0.625 0.0625 0.1585
0.6875 0.0625 0.184336
0.6875 0.125 0.132032
0.625 0.125 0.100102
0.625 0.0625 0.1585
0.625 0 0.218802
0.6875 0 0.240918
0.6875 0.0625 0.184336
0.625 0.0625 0.1585
0.6875 0.125 0.132032
0.6875 0.0625 0.184336
0.75 0.0625 0.219688
0.75 0.125 0.173478
0.6875 0.125 0.132032
0.6875 0.0625 0.184336
0.6875 0 0.240918
0.75 0 0.271722
0.75 0.0625 0.219688
0.6875 0.0625 0.184336
0.75 0.5 -0.0290188
0.75 0.46875 -0.0170929
0.78125 0.46875 0.0109317
0.78125 0.5 -0.000424522
0.75 0.5 -0.0290188
0.75 0.46875 -0.0170929
0.75 0.4375 -0.00308117
0.78125 0.4375 0.0244731
0.78125 0.46875 0.0109317
0.75 0.46875 -0.0170929
0.78125 0.5 -0.000424522
0.78125 0.46875 0.0109317
0.8125 0.46875 0.0398349
0.8125 0.5 0.0296814
0.78125 0.5 -0.000424522
0.78125 0.46875 0.0109317
0.78125 0.4375 0.0244731
0.8125 0.4375 0.052451
0.8125 0.46875 0.0398349
0.78125 0.46875 0.0109317
0.75 0.4375 -0.00308117
0.75 0.40625 0.0124996
0.78125 0.40625 0.0395595
0.78125 0.4375 0.0244731
0.75 0.4375 -0.00308117
0.75 0.40625 0.0124996
0.75 0.375 0.0284969
0.78125 0.375 0.0553117
0.78125 0.40625 0.0395595
0.75 0.40625 0.0124996
0.78125 0.4375 0.0244731
0.78125 0.40625 0.0395595
0.8125 0.40625 0.066885
0.8125 0.4375 0.052451
0.78125 0.4375 0.0244731
0.78125 0.40625 0.0395595
0.78125 0.375 0.0553117
0.8125 0.375 0.0822816
0.8125 0.40625 0.066885
0.78125 0.40625 0.0395595
0.8125 0.5 0.0296814
0.8125 0.46875 0.0398349
0.84375 0.46875 0.0691295
0.84375 0.5 0.0601045
0.8125 0.5 0.0296814
0.8125 0.46875 0.0398349
0.8125 0.4375 0.052451
0.84375 0.4375 0.0808055
0.84375 0.46875 0.0691295
0.8125 0.46875 0.0398349
0.84375 0.5 0.0601045
0.84375 0.46875 0.0691295
0.875 0.46875 0.0987829
0.875 0.5 0.0906843
0.84375 0.5 0.0601045
0.84375 0.46875 0.0691295
0.84375 0.4375 0.0808055
0.875 0.4375 0.109539
0.875 0.46875 0.0987829
0.84375 0.46875 0.0691295
0.8125 0.4375 0.052451
0.8125 0.40625 0.066885
0.84375 0.40625 0.094506
0.84375 0.4375 0.0808055
0.8125 0.4375 0.052451
0.8125 0.40625 0.066885
0.8125 0.375 0.0822816
0.84375 0.375 0.109442
0.84375 0.40625 0.094506
0.8125 0.40625 0.066885
0.84375 0.4375 0.0808055
0.84375 0.40625 0.094506
0.875 0.40625 0.122446
0.875 0.4375 0.109539
0.84375 0.4375 0.0808055
0.84375 0.40625 0.094506
0.84375 0.375 0.109442
0.875 0.375 0.136828
0.875 0.40625 0.122446
0.84375 0.40625 0.094506
0.75 0.375 0.0284969
0.75 0.34375 0.0448088
0.78125 0.34375 0.0714342
0.78125 0.375 0.0553117
0.75 0.375 0.0284969
0.75 0.34375 0.0448088
0.75 0.3125 0.0614004
0.78125 0.3125 0.0878486
0.78125 0.34375 0.0714342
0.75 0.34375 0.0448088
0.78125 0.375 0.0553117
0.78125 0.34375 0.0714342
0.8125 0.34375 0.0981783
0.8125 0.375 0.0822816
0.78125 0.375 0.0553117
0.78125 0.34375 0.0714342
0.78125 0.3125 0.0878486
0.8125 0.3125 0.114408
0.8125 0.34375 0.0981783
0.78125 0.34375 0.0714342
0.75 0.3125 0.0614004
0.75 0.28125 0.0782967
0.78125 0.28125 0.104554
0.78125 0.3125 0.0878486
0.75 0.3125 0.0614004
0.75 0.28125 0.0782967
0.75 0.25 0.0956002
0.78125 0.25 0.121594
0.78125 0.28125 0.104554
0.75 0.28125 0.0782967
0.78125 0.3125 0.0878486
0.78125 0.28125 0.104554
0.8125 0.28125 0.13093
0.8125 0.3125 0.114408
0.78125 0.3125 0.0878486
0.78125 0.28125 0.104554
0.78125 0.25 0.121594
0.8125 0.25 0.147761
0.8125 0.28125 0.13093
0.78125 0.28125 0.104554
0.8125 0.375 0.0822816
0.8125 0.34375 0.0981783
0.84375 0.34375 0.125055
0.84375 0.375 0.109442
0.8125 0.375 0.0822816
0.8125 0.34375 0.0981783
0.8125 0.3125 0.114408
0.84375 0.3125 0.141083
0.84375 0.34375 0.125055
0.8125 0.34375 0.0981783
0.84375 0.375 0.109442
0.84375 0.34375 0.125055
0.875 0.34375 0.152088
0.875 0.375 0.136828
0.84375 0.375 0.109442
0.84375 0.34375 0.125055
0.84375 0.3125 0.141083
0.875 0.3125 0.167883
0.875 0.34375 0.152088
0.84375 0.34375 0.125055
0.8125 0.3125 0.114408
0.8125 0.25 0.147761
0.875 0.25 0.200454
0.875 0.3125 0.167883
0.8125 0.3125 0.114408
0.875 0.5 0.0906843
0.875 0.4375 0.109539
0.9375 0.4375 0.168006
0.9375 0.5 0.152252
0.875 0.5 0.0906843
0.875 0.4375 0.109539
0.875 0.375 0.136828
0.9375 0.375 0.192544
0.9375 0.4375 0.168006
0.875 0.4375 0.109539
0.9375 0.5 0.152252
0.9375 0.4375 0.168006
1 0.4375 0.227888
1 0.5 0.214288
0.9375 0.5 0.152252
0.9375 0.4375 0.168006
0.9375 0.375 0.192544
1 0.375 0.249914
1 0.4375 0.227888
0.9375 0.4375 0.168006
0.875 0.375 0.136828
0.875 0.3125 0.167883
0.9375 0.3125 0.222032
0.9375 0.375 0.192544
0.875 0.375 0.136828
0.875 0.3125 0.167883
0.875 0.25 0.200454
0.9375 0.25 0.253639
0.9375 0.3125 0.222032
0.875 0.3125 0.167883
0.9375 0.375 0.192544
0.9375 0.3125 0.222032
1 0.3125 0.277426
1 0.375 0.249914
0.9375 0.375 0.192544
0.9375 0.3125 0.222032
0.9375 0.25 0.253639
1 0.25 0.307758
1 0.3125 0.277426
0.9375 0.3125 0.222032
0.75 0.25 0.0956002
0.75 0.1875 0.132335
0.8125 0.1875 0.182843
0.8125 0.25 0.147761
0.75 0.25 0.0956002
0.75 0.1875 0.132335
0.75 0.125 0.173478
0.8125 0.125 0.220815
0.8125 0.1875 0.182843
0.75 0.1875 0.132335
0.8125 0.25 0.147761
0.8125 0.1875 0.182843
0.875 0.1875 0.234447
0.875 0.25 0.200454
0.8125 0.25 0.147761
0.8125 0.1875 0.182843
0.8125 0.125 0.220815
0.875 0.125 0.270452
0.875 0.1875 0.234447
0.8125 0.1875 0.182843
0.75 0.125 0.173478
0.75 0.0625 0.219688
0.8125 0.0625 0.262554
0.8125 0.125 0.220815
0.75 0.125 0.173478
0.75 0.0625 0.219688
0.75 0 0.271722
0.8125 0 0.310127
0.8125 0.0625 0.262554
0.75 0.0625 0.219688
0.8125 0.125 0.220815
0.8125 0.0625 0.262554
0.875 0.0625 0.309195
0.875 0.125 0.270452
0.8125 0.125 0.220815
0.8125 0.0625 0.262554
0.8125 0 0.310127
0.875 0 0.352783
0.875 0.0625 0.309195
0.8125 0.0625 0.262554
0.875 0.25 0.200454
0.875 0.125 0.270452
1 0.125 0.374024
1 0.25 0.307758
0.875 0.25 0.200454
0.875 0.125 0.270452
0.875 0 0.352783
1 0 0.45115
1 0.125 0.374024
0.875 0.125 0.270452
