0 1 0.447122
0 0.875 0.370487
0.125 0.875 0.25941
0.125 1 0.348445
0 1 0.447122
0 0.875 0.370487
0 0.75 0.306769
0.125 0.75 0.188902
0.125 0.875 0.25941
0 0.875 0.370487
0.125 1 0.348445
0.125 0.9375 0.302484
0.1875 0.9375 0.258501
0.1875 1 0.308898
0.125 1 0.348445
0.125 0.9375 0.302484
0.125 0.875 0.25941
0.1875 0.875 0.21057
0.1875 0.9375 0.258501
0.125 0.9375 0.302484
0.1875 1 0.308898
0.1875 0.9375 0.258501
0.25 0.9375 0.219612
0.25 1 0.274756
0.1875 1 0.308898
0.1875 0.9375 0.258501
0.1875 0.875 0.21057
0.25 0.875 0.166263
0.25 0.9375 0.219612
0.1875 0.9375 0.258501
0.125 0.875 0.25941
0.125 0.8125 0.221101
0.1875 0.8125 0.166871
0.1875 0.875 0.21057
0.125 0.875 0.25941
0.125 0.8125 0.221101
0.125 0.75 0.188902
0.1875 0.75 0.131038
0.1875 0.8125 0.166871
0.125 0.8125 0.221101
0.1875 0.875 0.21057
0.1875 0.8125 0.166871
0.25 0.8125 0.117926
0.25 0.875 0.166263
0.1875 0.875 0.21057
0.1875 0.8125 0.166871
0.1875 0.78125 0.147995
0.21875 0.78125 0.121611
0.21875 0.8125 0.141869
0.1875 0.8125 0.166871
0.1875 0.78125 0.147995
0.1875 0.75 0.131038
0.21875 0.75 0.103334
0.21875 0.78125 0.121611
0.1875 0.78125 0.147995
0.21875 0.8125 0.141869
0.21875 0.78125 0.121611
0.25 0.78125 0.0960367
0.25 0.8125 0.117926
0.21875 0.8125 0.141869
0.21875 0.78125 0.121611
0.21875 0.75 0.103334
0.25 0.75 0.0761552
0.25 0.78125 0.0960367
0.21875 0.78125 0.121611
0 0.75 0.306769
0 0.6875 0.284122
0.0625 0.6875 0.223429
0.0625 0.75 0.247456
0 0.75 0.306769
0 0.6875 0.284122
0 0.625 0.267381
0.0625 0.625 0.205993
0.0625 0.6875 0.223429
0 0.6875 0.284122
0.0625 0.75 0.247456
0.0625 0.6875 0.223429
0.125 0.6875 0.163054
0.125 0.75 0.188902
0.0625 0.75 0.247456
0.0625 0.6875 0.223429
0.0625 0.625 0.205993
0.125 0.625 0.144803
0.125 0.6875 0.163054
0.0625 0.6875 0.223429
0 0.625 0.267381
0 0.5625 0.254185
0.0625 0.5625 0.192317
0.0625 0.625 0.205993
0 0.625 0.267381
0 0.5625 0.254185
0 0.5 0.243848
0.0625 0.5 0.181518
0.0625 0.5625 0.192317
0 0.5625 0.254185
0.0625 0.625 0.205993
0.0625 0.5625 0.192317
0.125 0.5625 0.130594
0.125 0.625 0.144803
0.0625 0.625 0.205993
0.0625 0.5625 0.192317
0.0625 0.5 0.181518
0.125 0.5 0.119214
0.125 0.5625 0.130594
0.0625 0.5625 0.192317
0.125 0.75 0.188902
0.125 0.6875 0.163054
0.1875 0.6875 0.103508
0.1875 0.75 0.131038
0.125 0.75 0.188902
0.125 0.6875 0.163054
0.125 0.65625 0.15317
0.15625 0.65625 0.122954
0.15625 0.6875 0.133233
0.125 0.6875 0.163054
0.125 0.65625 0.15317
0.125 0.625 0.144803
0.15625 0.625 0.114391
0.15625 0.65625 0.122954
0.125 0.65625 0.15317
0.15625 0.6875 0.133233
0.15625 0.65625 0.122954
0.1875 0.65625 0.0927868
0.1875 0.6875 0.103508
0.15625 0.6875 0.133233
0.15625 0.65625 0.122954
0.15625 0.625 0.114391
0.1875 0.625 0.0840109
0.1875 0.65625 0.0927868
0.15625 0.65625 0.122954
0.1875 0.75 0.131038
0.1875 0.71875 0.116146
0.21875 0.71875 0.0873174
0.21875 0.75 0.103334
0.1875 0.75 0.131038
0.1875 0.71875 0.116146
0.1875 0.6875 0.103508
0.21875 0.6875 0.0738979
0.21875 0.71875 0.0873174
0.1875 0.71875 0.116146
0.21875 0.75 0.103334
0.21875 0.71875 0.0873174
0.25 0.71875 0.0587507
0.25 0.75 0.0761552
0.21875 0.75 0.103334
0.21875 0.71875 0.0873174
0.21875 0.6875 0.0738979
0.25 0.6875 0.0444061
0.25 0.71875 0.0587507
0.21875 0.71875 0.0873174
0.1875 0.6875 0.103508
0.1875 0.65625 0.0927868
0.21875 0.65625 0.062671
0.21875 0.6875 0.0738979
0.1875 0.6875 0.103508
0.1875 0.65625 0.0927868
0.1875 0.625 0.0840109
0.21875 0.625 0.0536632
0.21875 0.65625 0.062671
0.1875 0.65625 0.0927868
0.21875 0.6875 0.0738979
0.21875 0.65625 0.062671
0.25 0.65625 0.0326067
0.25 0.6875 0.0444061
0.21875 0.6875 0.0738979
0.21875 0.65625 0.062671
0.21875 0.625 0.0536632
0.25 0.625 0.0233476
0.25 0.65625 0.0326067
0.21875 0.65625 0.062671
0.125 0.625 0.144803
0.125 0.59375 0.137385
0.15625 0.59375 0.106831
0.15625 0.625 0.114391
0.125 0.625 0.144803
0.125 0.59375 0.137385
0.125 0.5625 0.130594
0.15625 0.5625 0.0999009
0.15625 0.59375 0.106831
0.125 0.59375 0.137385
0.15625 0.625 0.114391
0.15625 0.59375 0.106831
0.1875 0.59375 0.0763065
0.1875 0.625 0.0840109
0.15625 0.625 0.114391
0.15625 0.59375 0.106831
0.15625 0.5625 0.0999009
0.1875 0.5625 0.069242
0.1875 0.59375 0.0763065
0.15625 0.59375 0.106831
0.125 0.5625 0.130594
0.125 0.53125 0.124481
0.15625 0.53125 0.0936243
0.15625 0.5625 0.0999009
0.125 0.5625 0.130594
0.125 0.53125 0.124481
0.125 0.5 0.119214
0.15625 0.5 0.0881889
0.15625 0.53125 0.0936243
0.125 0.53125 0.124481
0.15625 0.5625 0.0999009
0.15625 0.53125 0.0936243
0.1875 0.53125 0.0627952
0.1875 0.5625 0.069242
0.15625 0.5625 0.0999009
0.15625 0.53125 0.0936243
0.15625 0.5 0.0881889
0.1875 0.5 0.0571805
0.1875 0.53125 0.0627952
0.15625 0.53125 0.0936243
0.1875 0.625 0.0840109
0.1875 0.59375 0.0763065
0.21875 0.59375 0.0458127
0.21875 0.625 0.0536632
0.1875 0.625 0.0840109
0.1875 0.59375 0.0763065
0.1875 0.5625 0.069242
0.21875 0.5625 0.0386214
0.21875 0.59375 0.0458127
0.1875 0.59375 0.0763065
0.21875 0.625 0.0536632
0.21875 0.59375 0.0458127
0.25 0.59375 0.0153533
0.25 0.625 0.0233476
0.21875 0.625 0.0536632
0.21875 0.59375 0.0458127
0.21875 0.5625 0.0386214
0.25 0.5625 0.00804258
0.25 0.59375 0.0153533
0.21875 0.59375 0.0458127
0.1875 0.5625 0.069242
0.1875 0.53125 0.0627952
0.21875 0.53125 0.0319966
0.21875 0.5625 0.0386214
0.1875 0.5625 0.069242
0.1875 0.53125 0.0627952
0.1875 0.5 0.0571805
0.21875 0.5 0.0261912
0.21875 0.53125 0.0319966
0.1875 0.53125 0.0627952
0.21875 0.5625 0.0386214
0.21875 0.53125 0.0319966
0.25 0.53125 0.00123321
0.25 0.5625 0.00804258
0.21875 0.5625 0.0386214
0.21875 0.53125 0.0319966
0.21875 0.5 0.0261912
0.25 0.5 -0.00472661
0.25 0.53125 0.00123321
0.21875 0.53125 0.0319966
0.25 1 0.274756
0.25 0.9375 0.219612
0.3125 0.9375 0.190786
0.3125 1 0.250358
0.25 1 0.274756
0.25 0.9375 0.219612
0.25 0.875 0.166263
0.3125 0.875 0.132028
0.3125 0.9375 0.190786
0.25 0.9375 0.219612
0.3125 1 0.250358
0.3125 0.9375 0.190786
0.375 0.9375 0.174965
0.375 1 0.23715
0.3125 1 0.250358
0.3125 0.9375 0.190786
0.3125 0.875 0.132028
0.375 0.875 0.112829
0.375 0.9375 0.174965
0.3125 0.9375 0.190786
0.25 0.875 0.166263
0.25 0.84375 0.141443
0.28125 0.84375 0.121276
0.28125 0.875 0.14785
0.25 0.875 0.166263
0.25 0.84375 0.141443
0.25 0.8125 0.117926
0.28125 0.8125 0.0958414
0.28125 0.84375 0.121276
0.25 0.84375 0.141443
0.28125 0.875 0.14785
0.28125 0.84375 0.121276
0.3125 0.84375 0.103693
0.3125 0.875 0.132028
0.28125 0.875 0.14785
0.28125 0.84375 0.121276
0.28125 0.8125 0.0958414
0.3125 0.8125 0.0761744
0.3125 0.84375 0.103693
0.28125 0.84375 0.121276
0.25 0.8125 0.117926
0.25 0.78125 0.0960367
0.28125 0.78125 0.0718766
0.28125 0.8125 0.0958414
0.25 0.8125 0.117926
0.25 0.78125 0.0960367
0.25 0.75 0.0761552
0.28125 0.75 0.0498836
0.28125 0.78125 0.0718766
0.25 0.78125 0.0960367
0.28125 0.8125 0.0958414
0.28125 0.78125 0.0718766
0.3125 0.78125 0.0497833
0.3125 0.8125 0.0761744
0.28125 0.8125 0.0958414
0.28125 0.78125 0.0718766
0.28125 0.75 0.0498836
0.3125 0.75 0.0250421
0.3125 0.78125 0.0497833
0.28125 0.78125 0.0718766
0.3125 0.875 0.132028
0.3125 0.84375 0.103693
0.34375 0.84375 0.0902344
0.34375 0.875 0.120144
0.3125 0.875 0.132028
0.3125 0.84375 0.103693
0.3125 0.8125 0.0761744
0.34375 0.8125 0.0606818
0.34375 0.84375 0.0902344
0.3125 0.84375 0.103693
0.34375 0.875 0.120144
0.34375 0.84375 0.0902344
0.375 0.84375 0.0819586
0.375 0.875 0.112829
0.34375 0.875 0.120144
0.34375 0.84375 0.0902344
0.34375 0.8125 0.0606818
0.375 0.8125 0.0511929
0.375 0.84375 0.0819586
0.34375 0.84375 0.0902344
0.3125 0.8125 0.0761744
0.3125 0.78125 0.0497833
0.34375 0.78125 0.0316529
0.34375 0.8125 0.0606818
0.3125 0.8125 0.0761744
0.3125 0.78125 0.0497833
0.3125 0.75 0.0250421
0.34375 0.75 0.00345654
0.34375 0.78125 0.0316529
0.3125 0.78125 0.0497833
0.34375 0.8125 0.0606818
0.34375 0.78125 0.0316529
0.375 0.78125 0.0205577
0.375 0.8125 0.0511929
0.34375 0.8125 0.0606818
0.34375 0.78125 0.0316529
0.34375 0.75 0.00345654
0.375 0.75 -0.0097252
0.375 0.78125 0.0205577
0.34375 0.78125 0.0316529
0.375 1 0.23715
0.375 0.9375 0.174965
0.4375 0.9375 0.172708
0.4375 1 0.235174
0.375 1 0.23715
0.375 0.9375 0.174965
0.375 0.875 0.112829
0.4375 0.875 0.110248
0.4375 0.9375 0.172708
0.375 0.9375 0.174965
0.4375 1 0.235174
0.4375 0.9375 0.172708
0.5 0.9375 0.179756
0.5 1 0.241666
0.4375 1 0.235174
0.4375 0.9375 0.172708
0.4375 0.875 0.110248
0.5 0.875 0.117903
0.5 0.9375 0.179756
0.4375 0.9375 0.172708
0.375 0.875 0.112829
0.375 0.84375 0.0819586
0.40625 0.84375 0.0783648
0.40625 0.875 0.10961
0.375 0.875 0.112829
0.375 0.84375 0.0819586
0.375 0.8125 0.0511929
0.40625 0.8125 0.0471231
0.40625 0.84375 0.0783648
0.375 0.84375 0.0819586
0.40625 0.875 0.10961
0.40625 0.84375 0.0783648
0.4375 0.84375 0.0790473
0.4375 0.875 0.110248
0.40625 0.875 0.10961
0.40625 0.84375 0.0783648
0.40625 0.8125 0.0471231
0.4375 0.8125 0.0478566
0.4375 0.84375 0.0790473
0.40625 0.84375 0.0783648
0.375 0.8125 0.0511929
0.375 0.78125 0.0205577
0.40625 0.78125 0.0158802
0.40625 0.8125 0.0471231
0.375 0.8125 0.0511929
0.375 0.78125 0.0205577
0.375 0.75 -0.0097252
0.40625 0.75 -0.01533
0.40625 0.78125 0.0158802
0.375 0.78125 0.0205577
0.40625 0.8125 0.0471231
0.40625 0.78125 0.0158802
0.4375 0.78125 0.0166731
0.4375 0.8125 0.0478566
0.40625 0.8125 0.0471231
0.40625 0.78125 0.0158802
0.40625 0.75 -0.01533
0.4375 0.75 -0.0144717
0.4375 0.78125 0.0166731
0.40625 0.78125 0.0158802
0.4375 0.875 0.110248
0.4375 0.84375 0.0790473
0.46875 0.84375 0.0822947
0.46875 0.875 0.113324
0.4375 0.875 0.110248
0.4375 0.84375 0.0790473
0.4375 0.8125 0.0478566
0.46875 0.8125 0.0512903
0.46875 0.84375 0.0822947
0.4375 0.84375 0.0790473
0.46875 0.875 0.113324
0.46875 0.84375 0.0822947
0.5 0.84375 0.087052
0.5 0.875 0.117903
0.46875 0.875 0.113324
0.46875 0.84375 0.0822947
0.46875 0.8125 0.0512903
0.5 0.8125 0.0562312
0.5 0.84375 0.087052
0.46875 0.84375 0.0822947
0.4375 0.8125 0.0478566
0.4375 0.78125 0.0166731
0.46875 0.78125 0.0203102
0.46875 0.8125 0.0512903
0.4375 0.8125 0.0478566
0.4375 0.78125 0.0166731
0.4375 0.75 -0.0144717
0.46875 0.75 -0.01062
0.46875 0.78125 0.0203102
0.4375 0.78125 0.0166731
0.46875 0.8125 0.0512903
0.46875 0.78125 0.0203102
0.5 0.78125 0.0254401
0.5 0.8125 0.0562312
0.46875 0.8125 0.0512903
0.46875 0.78125 0.0203102
0.46875 0.75 -0.01062
0.5 0.75 -0.00531075
0.5 0.78125 0.0254401
0.46875 0.78125 0.0203102
0.25 0.75 0.0761552
0.25 0.71875 0.0587507
0.28125 0.71875 0.0305624
0.28125 0.75 0.0498836
0.25 0.75 0.0761552
0.25 0.71875 0.0587507
0.25 0.6875 0.0444061
0.28125 0.6875 0.0150594
0.28125 0.71875 0.0305624
0.25 0.71875 0.0587507
0.28125 0.75 0.0498836
0.28125 0.71875 0.0305624
0.3125 0.71875 0.00284792
0.3125 0.75 0.0250421
0.28125 0.75 0.0498836
0.28125 0.71875 0.0305624
0.28125 0.6875 0.0150594
0.3125 0.6875 -0.0133872
0.3125 0.71875 0.00284792
0.28125 0.71875 0.0305624
0.25 0.6875 0.0444061
0.25 0.65625 0.0326067
0.28125 0.65625 0.00259943
0.28125 0.6875 0.0150594
0.25 0.6875 0.0444061
0.25 0.65625 0.0326067
0.25 0.625 0.0233476
0.28125 0.625 -0.00684988
0.28125 0.65625 0.00259943
0.25 0.65625 0.0326067
0.28125 0.6875 0.0150594
0.28125 0.65625 0.00259943
0.3125 0.65625 -0.0266526
0.3125 0.6875 -0.0133872
0.28125 0.6875 0.0150594
0.28125 0.65625 0.00259943
0.28125 0.625 -0.00684988
0.3125 0.625 -0.0368054
0.3125 0.65625 -0.0266526
0.28125 0.65625 0.00259943
0.3125 0.75 0.0250421
0.3125 0.71875 0.00284792
0.34375 0.71875 -0.0209114
0.34375 0.75 0.00345654
0.3125 0.75 0.0250421
0.3125 0.71875 0.00284792
0.3125 0.6875 -0.0133872
0.34375 0.6875 -0.0402648
0.34375 0.71875 -0.0209114
0.3125 0.71875 0.00284792
0.34375 0.75 0.00345654
0.34375 0.71875 -0.0209114
0.375 0.71875 -0.0383505
0.375 0.75 -0.0097252
0.34375 0.75 0.00345654
0.34375 0.71875 -0.0209114
0.34375 0.6875 -0.0402648
0.375 0.6875 -0.0632759
0.375 0.71875 -0.0383505
0.34375 0.71875 -0.0209114
0.3125 0.6875 -0.0133872
0.3125 0.65625 -0.0266526
0.34375 0.65625 -0.0553124
0.34375 0.6875 -0.0402648
0.3125 0.6875 -0.0133872
0.3125 0.65625 -0.0266526
0.3125 0.625 -0.0368054
0.34375 0.625 -0.0665195
0.34375 0.65625 -0.0553124
0.3125 0.65625 -0.0266526
0.34375 0.6875 -0.0402648
0.34375 0.65625 -0.0553124
0.375 0.65625 -0.082572
0.375 0.6875 -0.0632759
0.34375 0.6875 -0.0402648
0.34375 0.65625 -0.0553124
0.34375 0.625 -0.0665195
0.375 0.625 -0.0958188
0.375 0.65625 -0.082572
0.34375 0.65625 -0.0553124
0.25 0.625 0.0233476
0.25 0.59375 0.0153533
0.28125 0.59375 -0.0150002
0.28125 0.625 -0.00684988
0.25 0.625 0.0233476
0.25 0.59375 0.0153533
0.25 0.5625 0.00804258
0.28125 0.5625 -0.0224264
0.28125 0.59375 -0.0150002
0.25 0.59375 0.0153533
0.28125 0.625 -0.00684988
0.28125 0.59375 -0.0150002
0.3125 0.59375 -0.0452489
0.3125 0.625 -0.0368054
0.28125 0.625 -0.00684988
0.28125 0.59375 -0.0150002
0.28125 0.5625 -0.0224264
0.3125 0.5625 -0.052832
0.3125 0.59375 -0.0452489
0.28125 0.59375 -0.0150002
0.25 0.5625 0.00804258
0.25 0.53125 0.00123321
0.28125 0.53125 -0.0293208
0.28125 0.5625 -0.0224264
0.25 0.5625 0.00804258
0.25 0.53125 0.00123321
0.25 0.5 -0.00472661
0.28125 0.5 -0.0354597
0.28125 0.53125 -0.0293208
0.25 0.53125 0.00123321
0.28125 0.5625 -0.0224264
0.28125 0.53125 -0.0293208
0.3125 0.53125 -0.0598481
0.3125 0.5625 -0.052832
0.28125 0.5625 -0.0224264
0.28125 0.53125 -0.0293208
0.28125 0.5 -0.0354597
0.3125 0.5 -0.0661553
0.3125 0.53125 -0.0598481
0.28125 0.53125 -0.0293208
0.3125 0.625 -0.0368054
0.3125 0.59375 -0.0452489
0.34375 0.59375 -0.0754113
0.34375 0.625 -0.0665195
0.3125 0.625 -0.0368054
0.3125 0.59375 -0.0452489
0.3125 0.5625 -0.052832
0.34375 0.5625 -0.0831977
0.34375 0.59375 -0.0754113
0.3125 0.59375 -0.0452489
0.34375 0.625 -0.0665195
0.34375 0.59375 -0.0754113
0.375 0.59375 -0.105449
0.375 0.625 -0.0958188
0.34375 0.625 -0.0665195
0.34375 0.59375 -0.0754113
0.34375 0.5625 -0.0831977
0.375 0.5625 -0.113515
0.375 0.59375 -0.105449
0.34375 0.59375 -0.0754113
0.3125 0.5625 -0.052832
0.3125 0.53125 -0.0598481
0.34375 0.53125 -0.0903529
0.34375 0.5625 -0.0831977
0.3125 0.5625 -0.052832
0.3125 0.53125 -0.0598481
0.3125 0.5 -0.0661553
0.34375 0.5 -0.0968174
0.34375 0.53125 -0.0903529
0.3125 0.53125 -0.0598481
0.34375 0.5625 -0.0831977
0.34375 0.53125 -0.0903529
0.375 0.53125 -0.120832
0.375 0.5625 -0.113515
0.34375 0.5625 -0.0831977
0.34375 0.53125 -0.0903529
0.34375 0.5 -0.0968174
0.375 0.5 -0.12745
0.375 0.53125 -0.120832
0.34375 0.53125 -0.0903529
0.375 0.75 -0.0097252
0.375 0.71875 -0.0383505
0.40625 0.71875 -0.0464277
0.40625 0.75 -0.01533
0.375 0.75 -0.0097252
0.375 0.71875 -0.0383505
0.375 0.6875 -0.0632759
0.40625 0.6875 -0.0767903
0.40625 0.71875 -0.0464277
0.375 0.71875 -0.0383505
0.40625 0.75 -0.01533
0.40625 0.71875 -0.0464277
0.4375 0.71875 -0.0455534
0.4375 0.75 -0.0144717
0.40625 0.75 -0.01533
0.40625 0.71875 -0.0464277
0.40625 0.6875 -0.0767903
0.4375 0.6875 -0.076607
0.4375 0.71875 -0.0455534
0.40625 0.71875 -0.0464277
0.375 0.6875 -0.0632759
0.375 0.65625 -0.082572
0.40625 0.65625 -0.103828
0.40625 0.6875 -0.0767903
0.375 0.6875 -0.0632759
0.375 0.65625 -0.082572
0.375 0.625 -0.0958188
0.40625 0.625 -0.123007
0.40625 0.65625 -0.103828
0.375 0.65625 -0.082572
0.40625 0.6875 -0.0767903
0.40625 0.65625 -0.103828
0.4375 0.65625 -0.107631
0.4375 0.6875 -0.076607
0.40625 0.6875 -0.0767903
0.40625 0.65625 -0.103828
0.40625 0.625 -0.123007
0.4375 0.625 -0.13796
0.4375 0.65625 -0.107631
0.40625 0.65625 -0.103828
0.4375 0.75 -0.0144717
0.4375 0.71875 -0.0455534
0.46875 0.71875 -0.041475
0.46875 0.75 -0.01062
0.4375 0.75 -0.0144717
0.4375 0.71875 -0.0455534
0.4375 0.6875 -0.076607
0.46875 0.6875 -0.0722994
0.46875 0.71875 -0.041475
0.4375 0.71875 -0.0455534
0.46875 0.75 -0.01062
0.46875 0.71875 -0.041475
0.5 0.71875 -0.0359904
0.5 0.75 -0.00531075
0.46875 0.75 -0.01062
0.46875 0.71875 -0.041475
0.46875 0.6875 -0.0722994
0.5 0.6875 -0.066641
0.5 0.71875 -0.0359904
0.46875 0.71875 -0.041475
0.4375 0.6875 -0.076607
0.4375 0.65625 -0.107631
0.46875 0.65625 -0.103093
0.46875 0.6875 -0.0722994
0.4375 0.6875 -0.076607
0.4375 0.65625 -0.107631
0.4375 0.625 -0.13796
0.46875 0.625 -0.133853
0.46875 0.65625 -0.103093
0.4375 0.65625 -0.107631
0.46875 0.6875 -0.0722994
0.46875 0.65625 -0.103093
0.5 0.65625 -0.0972628
0.5 0.6875 -0.066641
0.46875 0.6875 -0.0722994
0.46875 0.65625 -0.103093
0.46875 0.625 -0.133853
0.5 0.625 -0.127845
0.5 0.65625 -0.0972628
0.46875 0.65625 -0.103093
0.375 0.625 -0.0958188
0.375 0.5625 -0.113515
0.4375 0.5625 -0.172751
0.4375 0.625 -0.13796
0.375 0.625 -0.0958188
0.375 0.5625 -0.113515
0.375 0.5 -0.12745
0.4375 0.5 -0.183007
0.4375 0.5625 -0.172751
0.375 0.5625 -0.113515
0.4375 0.625 -0.13796
0.4375 0.5625 -0.172751
0.5 0.5625 -0.189645
0.5 0.625 -0.127845
0.4375 0.625 -0.13796
0.4375 0.5625 -0.172751
0.4375 0.5 -0.183007
0.5 0.5 -0.22686
0.5 0.5625 -0.189645
0.4375 0.5625 -0.172751
0 0.5 0.243848
0 0.4375 0.237245
0.0625 0.4375 0.174727
0.0625 0.5 0.181518
0 0.5 0.243848
0 0.4375 0.237245
0 0.375 0.240166
0.0625 0.375 0.178165
0.0625 0.4375 0.174727
0 0.4375 0.237245
0.0625 0.5 0.181518
0.0625 0.4375 0.174727
0.125 0.4375 0.112224
0.125 0.5 0.119214
0.0625 0.5 0.181518
0.0625 0.4375 0.174727
0.0625 0.375 0.178165
0.125 0.375 0.116426
0.125 0.4375 0.112224
0.0625 0.4375 0.174727
0 0.375 0.240166
0 0.3125 0.252831
0.0625 0.3125 0.192806
0.0625 0.375 0.178165
0 0.375 0.240166
0 0.3125 0.252831
0 0.25 0.274842
0.0625 0.25 0.218251
0.0625 0.3125 0.192806
0 0.3125 0.252831
0.0625 0.375 0.178165
0.0625 0.3125 0.192806
0.125 0.3125 0.134535
0.125 0.375 0.116426
0.0625 0.375 0.178165
0.0625 0.3125 0.192806
0.0625 0.25 0.218251
0.125 0.25 0.165362
0.125 0.3125 0.134535
0.0625 0.3125 0.192806
0.125 0.5 0.119214
0.125 0.46875 0.115026
0.15625 0.46875 0.0838489
0.15625 0.5 0.0881889
0.125 0.5 0.119214
0.125 0.46875 0.115026
0.125 0.4375 0.112224
0.15625 0.4375 0.0809745
0.15625 0.46875 0.0838489
0.125 0.46875 0.115026
0.15625 0.5 0.0881889
0.15625 0.46875 0.0838489
0.1875 0.46875 0.0526745
0.1875 0.5 0.0571805
0.15625 0.5 0.0881889
0.15625 0.46875 0.0838489
0.15625 0.4375 0.0809745
0.1875 0.4375 0.0497258
0.1875 0.46875 0.0526745
0.15625 0.46875 0.0838489
0.125 0.4375 0.112224
0.125 0.40625 0.112655
0.15625 0.40625 0.0814915
0.15625 0.4375 0.0809745
0.125 0.4375 0.112224
0.125 0.40625 0.112655
0.125 0.375 0.116426
0.15625 0.375 0.0857499
0.15625 0.40625 0.0814915
0.125 0.40625 0.112655
0.15625 0.4375 0.0809745
0.15625 0.40625 0.0814915
0.1875 0.40625 0.0503324
0.1875 0.4375 0.0497258
0.15625 0.4375 0.0809745
0.15625 0.40625 0.0814915
0.15625 0.375 0.0857499
0.1875 0.375 0.0551779
0.1875 0.40625 0.0503324
0.15625 0.40625 0.0814915
0.1875 0.5 0.0571805
0.1875 0.46875 0.0526745
0.21875 0.46875 0.0215008
0.21875 0.5 0.0261912
0.1875 0.5 0.0571805
0.1875 0.46875 0.0526745
0.1875 0.4375 0.0497258
0.21875 0.4375 0.0184763
0.21875 0.46875 0.0215008
0.1875 0.46875 0.0526745
0.21875 0.5 0.0261912
0.21875 0.46875 0.0215008
0.25 0.46875 -0.00958791
0.25 0.5 -0.00472661
0.21875 0.5 0.0261912
0.21875 0.46875 0.0215008
0.21875 0.4375 0.0184763
0.25 0.4375 -0.012688
0.25 0.46875 -0.00958791
0.21875 0.46875 0.0215008
0.1875 0.4375 0.0497258
0.1875 0.40625 0.0503324
0.21875 0.40625 0.019178
0.21875 0.4375 0.0184763
0.1875 0.4375 0.0497258
0.1875 0.40625 0.0503324
0.1875 0.375 0.0551779
0.21875 0.375 0.0248121
0.21875 0.40625 0.019178
0.1875 0.40625 0.0503324
0.21875 0.4375 0.0184763
0.21875 0.40625 0.019178
0.25 0.40625 -0.0114158
0.25 0.4375 -0.012688
0.21875 0.4375 0.0184763
0.21875 0.40625 0.019178
0.21875 0.375 0.0248121
0.25 0.375 -0.00487157
0.25 0.40625 -0.0114158
0.21875 0.40625 0.019178
0.125 0.375 0.116426
0.125 0.34375 0.123717
0.15625 0.34375 0.0939541
0.15625 0.375 0.0857499
0.125 0.375 0.116426
0.125 0.34375 0.123717
0.125 0.3125 0.134535
0.15625 0.3125 0.106276
0.15625 0.34375 0.0939541
0.125 0.34375 0.123717
0.15625 0.375 0.0857499
0.15625 0.34375 0.0939541
0.1875 0.34375 0.0646957
0.1875 0.375 0.0551779
0.15625 0.375 0.0857499
0.15625 0.34375 0.0939541
0.15625 0.3125 0.106276
0.1875 0.3125 0.078839
0.1875 0.34375 0.0646957
0.15625 0.34375 0.0939541
0.125 0.3125 0.134535
0.125 0.28125 0.14859
0.15625 0.28125 0.121827
0.15625 0.3125 0.106276
0.125 0.3125 0.134535
0.125 0.28125 0.14859
0.125 0.25 0.165362
0.15625 0.25 0.140264
0.15625 0.28125 0.121827
0.125 0.28125 0.14859
0.15625 0.3125 0.106276
0.15625 0.28125 0.121827
0.1875 0.28125 0.0963762
0.1875 0.3125 0.078839
0.15625 0.3125 0.106276
0.15625 0.28125 0.121827
0.15625 0.25 0.140264
0.1875 0.25 0.116677
0.1875 0.28125 0.0963762
0.15625 0.28125 0.121827
0.1875 0.375 0.0551779
0.1875 0.34375 0.0646957
0.21875 0.34375 0.036063
0.21875 0.375 0.0248121
0.1875 0.375 0.0551779
0.1875 0.34375 0.0646957
0.1875 0.3125 0.078839
0.21875 0.3125 0.0524406
0.21875 0.34375 0.036063
0.1875 0.34375 0.0646957
0.21875 0.375 0.0248121
0.21875 0.34375 0.036063
0.25 0.34375 0.0086176
0.25 0.375 -0.00487157
0.21875 0.375 0.0248121
0.21875 0.34375 0.036063
0.21875 0.3125 0.0524406
0.25 0.3125 0.027836
0.25 0.34375 0.0086176
0.21875 0.34375 0.036063
0.1875 0.3125 0.078839
0.1875 0.28125 0.0963762
0.21875 0.28125 0.0723018
0.21875 0.3125 0.0524406
0.1875 0.3125 0.078839
0.1875 0.28125 0.0963762
0.1875 0.25 0.116677
0.21875 0.25 0.0946454
0.21875 0.28125 0.0723018
0.1875 0.28125 0.0963762
0.21875 0.3125 0.0524406
0.21875 0.28125 0.0723018
0.25 0.28125 0.0503911
0.25 0.3125 0.027836
0.21875 0.3125 0.0524406
0.21875 0.28125 0.0723018
0.21875 0.25 0.0946454
0.25 0.25 0.0750152
0.25 0.28125 0.0503911
0.21875 0.28125 0.0723018
0 0.25 0.274842
0 0.1875 0.30575
0.0625 0.1875 0.253164
0.0625 0.25 0.218251
0 0.25 0.274842
0 0.1875 0.30575
0 0.125 0.342299
0.0625 0.125 0.293816
0.0625 0.1875 0.253164
0 0.1875 0.30575
0.0625 0.25 0.218251
0.0625 0.1875 0.253164
0.125 0.1875 0.205649
0.125 0.25 0.165362
0.0625 0.25 0.218251
0.0625 0.1875 0.253164
0.0625 0.125 0.293816
0.125 0.125 0.251489
0.125 0.1875 0.205649
0.0625 0.1875 0.253164
0 0.125 0.342299
0 0 0.43754
0.125 0 0.356638
0.125 0.125 0.251489
0 0.125 0.342299
0.125 0.25 0.165362
0.125 0.1875 0.205649
0.1875 0.1875 0.162633
0.1875 0.25 0.116677
0.125 0.25 0.165362
0.125 0.1875 0.205649
0.125 0.125 0.251489
0.1875 0.125 0.214116
0.1875 0.1875 0.162633
0.125 0.1875 0.205649
0.1875 0.25 0.116677
0.1875 0.21875 0.138883
0.21875 0.21875 0.118701
0.21875 0.25 0.0946454
0.1875 0.25 0.116677
0.1875 0.21875 0.138883
0.1875 0.1875 0.162633
0.21875 0.1875 0.144212
0.21875 0.21875 0.118701
0.1875 0.21875 0.138883
0.21875 0.25 0.0946454
0.21875 0.21875 0.118701
0.25 0.21875 0.100991
0.25 0.25 0.0750152
0.21875 0.25 0.0946454
0.21875 0.21875 0.118701
0.21875 0.1875 0.144212
0.25 0.1875 0.128046
0.25 0.21875 0.100991
0.21875 0.21875 0.118701
0.1875 0.1875 0.162633
0.1875 0.125 0.214116
0.25 0.125 0.184256
0.25 0.1875 0.128046
0.1875 0.1875 0.162633
0.125 0.125 0.251489
0.125 0 0.356638
0.25 0 0.300633
0.25 0.125 0.184256
0.125 0.125 0.251489
0.25 0.5 -0.00472661
0.25 0.46875 -0.00958791
0.28125 0.46875 -0.0405253
0.28125 0.5 -0.0354597
0.25 0.5 -0.00472661
0.25 0.46875 -0.00958791
0.25 0.4375 -0.012688
0.28125 0.4375 -0.0435467
0.28125 0.46875 -0.0405253
0.25 0.46875 -0.00958791
0.28125 0.5 -0.0354597
0.28125 0.46875 -0.0405253
0.3125 0.46875 -0.0714298
0.3125 0.5 -0.0661553
0.28125 0.5 -0.0354597
0.28125 0.46875 -0.0405253
0.28125 0.4375 -0.0435467
0.3125 0.4375 -0.073725
0.3125 0.46875 -0.0714298
0.28125 0.46875 -0.0405253
0.25 0.4375 -0.012688
0.25 0.40625 -0.0114158
0.28125 0.40625 -0.0406774
0.28125 0.4375 -0.0435467
0.25 0.4375 -0.012688
0.25 0.40625 -0.0114158
0.25 0.375 -0.00487157
0.28125 0.375 -0.0312794
0.28125 0.40625 -0.0406774
0.25 0.40625 -0.0114158
0.28125 0.4375 -0.0435467
0.28125 0.40625 -0.0406774
0.3125 0.40625 -0.0681692
0.3125 0.4375 -0.073725
0.28125 0.4375 -0.0435467
0.28125 0.40625 -0.0406774
0.28125 0.375 -0.0312794
0.3125 0.375 -0.055117
0.3125 0.40625 -0.0681692
0.28125 0.40625 -0.0406774
0.3125 0.5 -0.0661553
0.3125 0.46875 -0.0714298
0.34375 0.46875 -0.1023
0.34375 0.5 -0.0968174
0.3125 0.5 -0.0661553
0.3125 0.46875 -0.0714298
0.3125 0.4375 -0.073725
0.34375 0.4375 -0.102564
0.34375 0.46875 -0.1023
0.3125 0.46875 -0.0714298
0.34375 0.5 -0.0968174
0.34375 0.46875 -0.1023
0.375 0.46875 -0.132688
0.375 0.5 -0.12745
0.34375 0.5 -0.0968174
0.34375 0.46875 -0.1023
0.34375 0.4375 -0.102564
0.375 0.4375 -0.128925
0.375 0.46875 -0.132688
0.34375 0.46875 -0.1023
0.3125 0.4375 -0.073725
0.3125 0.40625 -0.0681692
0.34375 0.40625 -0.0930152
0.34375 0.4375 -0.102564
0.3125 0.4375 -0.073725
0.3125 0.40625 -0.0681692
0.3125 0.375 -0.055117
0.34375 0.375 -0.0754581
0.34375 0.40625 -0.0930152
0.3125 0.40625 -0.0681692
0.34375 0.4375 -0.102564
0.34375 0.40625 -0.0930152
0.375 0.40625 -0.114103
0.375 0.4375 -0.128925
0.34375 0.4375 -0.102564
0.34375 0.40625 -0.0930152
0.34375 0.375 -0.0754581
0.375 0.375 -0.09169
0.375 0.40625 -0.114103
0.34375 0.40625 -0.0930152
0.25 0.375 -0.00487157
0.25 0.34375 0.0086176
0.28125 0.34375 -0.015456
0.28125 0.375 -0.0312794
0.25 0.375 -0.00487157
0.25 0.34375 0.0086176
0.25 0.3125 0.027836
0.28125 0.3125 0.00590299
0.28125 0.34375 -0.015456
0.25 0.34375 0.0086176
0.28125 0.375 -0.0312794
0.28125 0.34375 -0.015456
0.3125 0.34375 -0.0353589
0.3125 0.375 -0.055117
0.28125 0.375 -0.0312794
0.28125 0.34375 -0.015456
0.28125 0.3125 0.00590299
0.3125 0.3125 -0.0118259
0.3125 0.34375 -0.0353589
0.28125 0.34375 -0.015456
0.25 0.3125 0.027836
0.25 0.28125 0.0503911
0.28125 0.28125 0.0312091
0.28125 0.3125 0.00590299
0.25 0.3125 0.027836
0.25 0.28125 0.0503911
0.25 0.25 0.0750152
0.28125 0.25 0.0580597
0.28125 0.28125 0.0312091
0.25 0.28125 0.0503911
0.28125 0.3125 0.00590299
0.28125 0.28125 0.0312091
0.3125 0.28125 0.0156214
0.3125 0.3125 -0.0118259
0.28125 0.3125 0.00590299
0.28125 0.28125 0.0312091
0.28125 0.25 0.0580597
0.3125 0.25 0.0441318
0.3125 0.28125 0.0156214
0.28125 0.28125 0.0312091
0.3125 0.375 -0.055117
0.3125 0.34375 -0.0353589
0.34375 0.34375 -0.0518226
0.34375 0.375 -0.0754581
0.3125 0.375 -0.055117
0.3125 0.34375 -0.0353589
0.3125 0.3125 -0.0118259
0.34375 0.3125 -0.0251842
0.34375 0.34375 -0.0518226
0.3125 0.34375 -0.0353589
0.34375 0.375 -0.0754581
0.34375 0.34375 -0.0518226
0.375 0.34375 -0.0647483
0.375 0.375 -0.09169
0.34375 0.375 -0.0754581
0.34375 0.34375 -0.0518226
0.34375 0.3125 -0.0251842
0.375 0.3125 -0.0359559
0.375 0.34375 -0.0647483
0.34375 0.34375 -0.0518226
0.3125 0.3125 -0.0118259
0.3125 0.28125 0.0156214
0.34375 0.28125 0.00329738
0.34375 0.3125 -0.0251842
0.3125 0.3125 -0.0118259
0.3125 0.28125 0.0156214
0.3125 0.25 0.0441318
0.34375 0.25 0.0328002
0.34375 0.28125 0.00329738
0.3125 0.28125 0.0156214
0.34375 0.3125 -0.0251842
0.34375 0.28125 0.00329738
0.375 0.28125 -0.00659486
0.375 0.3125 -0.0359559
0.34375 0.3125 -0.0251842
0.34375 0.28125 0.00329738
0.34375 0.25 0.0328002
0.375 0.25 0.0234002
0.375 0.28125 -0.00659486
0.34375 0.28125 0.00329738
0.375 0.5 -0.12745
0.375 0.4375 -0.128925
0.4375 0.4375 -0.161441
0.4375 0.5 -0.183007
0.375 0.5 -0.12745
0.375 0.4375 -0.128925
0.375 0.375 -0.09169
0.4375 0.375 -0.112923
0.4375 0.4375 -0.161441
0.375 0.4375 -0.128925
0.4375 0.5 -0.183007
0.4375 0.4375 -0.161441
0.5 0.4375 -0.184589
0.5 0.5 -0.22686
0.4375 0.5 -0.183007
0.4375 0.4375 -0.161441
0.4375 0.375 -0.112923
0.5 0.375 -0.127621
0.5 0.4375 -0.184589
0.4375 0.4375 -0.161441
0.375 0.375 -0.09169
0.375 0.34375 -0.0647483
0.40625 0.34375 -0.0747423
0.40625 0.375 -0.103693
0.375 0.375 -0.09169
0.375 0.34375 -0.0647483
0.375 0.3125 -0.0359559
0.40625 0.3125 -0.0449646
0.40625 0.34375 -0.0747423
0.375 0.34375 -0.0647483
0.40625 0.375 -0.103693
0.40625 0.34375 -0.0747423
0.4375 0.34375 -0.08304
0.4375 0.375 -0.112923
0.40625 0.375 -0.103693
0.40625 0.34375 -0.0747423
0.40625 0.3125 -0.0449646
0.4375 0.3125 -0.052831
0.4375 0.34375 -0.08304
0.40625 0.34375 -0.0747423
0.375 0.3125 -0.0359559
0.375 0.28125 -0.00659486
0.40625 0.28125 -0.014979
0.40625 0.3125 -0.0449646
0.375 0.3125 -0.0359559
0.375 0.28125 -0.00659486
0.375 0.25 0.0234002
0.40625 0.25 0.0152556
0.40625 0.28125 -0.014979
0.375 0.28125 -0.00659486
0.40625 0.3125 -0.0449646
0.40625 0.28125 -0.014979
0.4375 0.28125 -0.0225394
0.4375 0.3125 -0.052831
0.40625 0.3125 -0.0449646
0.40625 0.28125 -0.014979
0.40625 0.25 0.0152556
0.4375 0.25 0.00784451
0.4375 0.28125 -0.0225394
0.40625 0.28125 -0.014979
0.4375 0.375 -0.112923
0.4375 0.34375 -0.08304
0.46875 0.34375 -0.0904176
0.46875 0.375 -0.120725
0.4375 0.375 -0.112923
0.4375 0.34375 -0.08304
0.4375 0.3125 -0.052831
0.46875 0.3125 -0.0599928
0.46875 0.34375 -0.0904176
0.4375 0.34375 -0.08304
0.46875 0.375 -0.120725
0.46875 0.34375 -0.0904176
0.5 0.34375 -0.0970605
0.5 0.375 -0.127621
0.46875 0.375 -0.120725
0.46875 0.34375 -0.0904176
0.46875 0.3125 -0.0599928
0.5 0.3125 -0.0664651
0.5 0.34375 -0.0970605
0.46875 0.34375 -0.0904176
0.4375 0.3125 -0.052831
0.4375 0.28125 -0.0225394
0.46875 0.28125 -0.0295121
0.46875 0.3125 -0.0599928
0.4375 0.3125 -0.052831
0.4375 0.28125 -0.0225394
0.4375 0.25 0.00784451
0.46875 0.25 0.00100154
0.46875 0.28125 -0.0295121
0.4375 0.28125 -0.0225394
0.46875 0.3125 -0.0599928
0.46875 0.28125 -0.0295121
0.5 0.28125 -0.0358349
0.5 0.3125 -0.0664651
0.46875 0.3125 -0.0599928
0.46875 0.28125 -0.0295121
0.46875 0.25 0.00100154
0.5 0.25 -0.00517885
0.5 0.28125 -0.0358349
0.46875 0.28125 -0.0295121
0.25 0.25 0.0750152
0.25 0.21875 0.100991
0.28125 0.21875 0.0857782
0.28125 0.25 0.0580597
0.25 0.25 0.0750152
0.25 0.21875 0.100991
0.25 0.1875 0.128046
0.28125 0.1875 0.114147
0.28125 0.21875 0.0857782
0.25 0.21875 0.100991
0.28125 0.25 0.0580597
0.28125 0.21875 0.0857782
0.3125 0.21875 0.0730748
0.3125 0.25 0.0441318
0.28125 0.25 0.0580597
0.28125 0.21875 0.0857782
0.28125 0.1875 0.114147
0.3125 0.1875 0.102334
0.3125 0.21875 0.0730748
0.28125 0.21875 0.0857782
0.25 0.1875 0.128046
0.25 0.125 0.184256
0.3125 0.125 0.161453
0.3125 0.1875 0.102334
0.25 0.1875 0.128046
0.3125 0.25 0.0441318
0.3125 0.21875 0.0730748
0.34375 0.21875 0.0624929
0.34375 0.25 0.0328002
0.3125 0.25 0.0441318
0.3125 0.21875 0.0730748
0.3125 0.1875 0.102334
0.34375 0.1875 0.0923322
0.34375 0.21875 0.0624929
0.3125 0.21875 0.0730748
0.34375 0.25 0.0328002
0.34375 0.21875 0.0624929
0.375 0.21875 0.0535043
0.375 0.25 0.0234002
0.34375 0.25 0.0328002
0.34375 0.21875 0.0624929
0.34375 0.1875 0.0923322
0.375 0.1875 0.0836672
0.375 0.21875 0.0535043
0.34375 0.21875 0.0624929
0.3125 0.1875 0.102334
0.3125 0.15625 0.131797
0.34375 0.15625 0.122268
0.34375 0.1875 0.0923322
0.3125 0.1875 0.102334
0.3125 0.15625 0.131797
0.3125 0.125 0.161453
0.34375 0.125 0.152312
0.34375 0.15625 0.122268
0.3125 0.15625 0.131797
0.34375 0.1875 0.0923322
0.34375 0.15625 0.122268
0.375 0.15625 0.113876
0.375 0.1875 0.0836672
0.34375 0.1875 0.0923322
0.34375 0.15625 0.122268
0.34375 0.125 0.152312
0.375 0.125 0.144133
0.375 0.15625 0.113876
0.34375 0.15625 0.122268
0.25 0.125 0.184256
0.25 0.0625 0.241815
0.3125 0.0625 0.221163
0.3125 0.125 0.161453
0.25 0.125 0.184256
0.25 0.0625 0.241815
0.25 0 0.300633
0.3125 0 0.281295
0.3125 0.0625 0.221163
0.25 0.0625 0.241815
0.3125 0.125 0.161453
0.3125 0.0625 0.221163
0.375 0.0625 0.204736
0.375 0.125 0.144133
0.3125 0.125 0.161453
0.3125 0.0625 0.221163
0.3125 0 0.281295
0.375 0 0.265532
0.375 0.0625 0.204736
0.3125 0.0625 0.221163
0.375 0.25 0.0234002
0.375 0.21875 0.0535043
0.40625 0.21875 0.0455611
0.40625 0.25 0.0152556
0.375 0.25 0.0234002
0.375 0.21875 0.0535043
0.375 0.1875 0.0836672
0.40625 0.1875 0.0759
0.40625 0.21875 0.0455611
0.375 0.21875 0.0535043
0.40625 0.25 0.0152556
0.40625 0.21875 0.0455611
0.4375 0.21875 0.0382872
0.4375 0.25 0.00784451
0.40625 0.25 0.0152556
0.40625 0.21875 0.0455611
0.40625 0.1875 0.0759
0.4375 0.1875 0.0687606
0.4375 0.21875 0.0382872
0.40625 0.21875 0.0455611
0.375 0.1875 0.0836672
0.375 0.15625 0.113876
0.40625 0.15625 0.106271
0.40625 0.1875 0.0759
0.375 0.1875 0.0836672
0.375 0.15625 0.113876
0.375 0.125 0.144133
0.40625 0.125 0.136674
0.40625 0.15625 0.106271
0.375 0.15625 0.113876
0.40625 0.1875 0.0759
0.40625 0.15625 0.106271
0.4375 0.15625 0.0992646
0.4375 0.1875 0.0687606
0.40625 0.1875 0.0759
0.40625 0.15625 0.106271
0.40625 0.125 0.136674
0.4375 0.125 0.129798
0.4375 0.15625 0.0992646
0.40625 0.15625 0.106271
0.4375 0.25 0.00784451
0.4375 0.21875 0.0382872
0.46875 0.21875 0.0315805
0.46875 0.25 0.00100154
0.4375 0.25 0.00784451
0.4375 0.21875 0.0382872
0.4375 0.1875 0.0687606
0.46875 0.1875 0.0621903
0.46875 0.21875 0.0315805
0.4375 0.21875 0.0382872
0.46875 0.25 0.00100154
0.46875 0.21875 0.0315805
0.5 0.21875 0.0255509
0.5 0.25 -0.00517885
0.46875 0.25 0.00100154
0.46875 0.21875 0.0315805
0.46875 0.1875 0.0621903
0.5 0.1875 0.0563213
0.5 0.21875 0.0255509
0.46875 0.21875 0.0315805
0.4375 0.1875 0.0687606
0.4375 0.15625 0.0992646
0.46875 0.15625 0.0928298
0.46875 0.1875 0.0621903
0.4375 0.1875 0.0687606
0.4375 0.15625 0.0992646
0.4375 0.125 0.129798
0.46875 0.125 0.123498
0.46875 0.15625 0.0928298
0.4375 0.15625 0.0992646
0.46875 0.1875 0.0621903
0.46875 0.15625 0.0928298
0.5 0.15625 0.0871218
0.5 0.1875 0.0563213
0.46875 0.1875 0.0621903
0.46875 0.15625 0.0928298
0.46875 0.125 0.123498
0.5 0.125 0.117951
0.5 0.15625 0.0871218
0.46875 0.15625 0.0928298
0.375 0.125 0.144133
0.375 0.0625 0.204736
0.4375 0.0625 0.190965
0.4375 0.125 0.129798
0.375 0.125 0.144133
0.375 0.0625 0.204736
0.375 0 0.265532
0.4375 0 0.252315
0.4375 0.0625 0.190965
0.375 0.0625 0.204736
0.4375 0.125 0.129798
0.4375 0.0625 0.190965
0.5 0.0625 0.179723
0.5 0.125 0.117951
0.4375 0.125 0.129798
0.4375 0.0625 0.190965
0.4375 0 0.252315
0.5 0 0.241653
0.5 0.0625 0.179723
0.4375 0.0625 0.190965
0.5 1 0.241666
0.5 0.9375 0.179756
0.5625 0.9375 0.191079
0.5625 1 0.252412
0.5 1 0.241666
0.5 0.9375 0.179756
0.5 0.875 0.117903
0.5625 0.875 0.129823
0.5625 0.9375 0.191079
0.5 0.9375 0.179756
0.5625 1 0.252412
0.5625 0.9375 0.191079
0.625 0.9375 0.204976
0.625 1 0.265743
0.5625 1 0.252412
0.5625 0.9375 0.191079
0.5625 0.875 0.129823
0.625 0.875 0.144301
0.625 0.9375 0.204976
0.5625 0.9375 0.191079
0.5 0.875 0.117903
0.5 0.84375 0.087052
0.53125 0.84375 0.0927944
0.53125 0.875 0.123487
0.5 0.875 0.117903
0.5 0.84375 0.087052
0.5 0.8125 0.0562312
0.53125 0.8125 0.0621314
0.53125 0.84375 0.0927944
0.5 0.84375 0.087052
0.53125 0.875 0.123487
0.53125 0.84375 0.0927944
0.5625 0.84375 0.0992681
0.5625 0.875 0.129823
0.53125 0.875 0.123487
0.53125 0.84375 0.0927944
0.53125 0.8125 0.0621314
0.5625 0.8125 0.0687442
0.5625 0.84375 0.0992681
0.53125 0.84375 0.0927944
0.5 0.8125 0.0562312
0.5 0.78125 0.0254401
0.53125 0.78125 0.0314986
0.53125 0.8125 0.0621314
0.5 0.8125 0.0562312
0.5 0.78125 0.0254401
0.5 0.75 -0.00531075
0.53125 0.75 0.000896692
0.53125 0.78125 0.0314986
0.5 0.78125 0.0254401
0.53125 0.8125 0.0621314
0.53125 0.78125 0.0314986
0.5625 0.78125 0.0382516
0.5625 0.8125 0.0687442
0.53125 0.8125 0.0621314
0.53125 0.78125 0.0314986
0.53125 0.75 0.000896692
0.5625 0.75 0.00779075
0.5625 0.78125 0.0382516
0.53125 0.78125 0.0314986
0.5625 0.875 0.129823
0.5625 0.84375 0.0992681
0.59375 0.84375 0.106336
0.59375 0.875 0.136755
0.5625 0.875 0.129823
0.5625 0.84375 0.0992681
0.5625 0.8125 0.0687442
0.59375 0.8125 0.075949
0.59375 0.84375 0.106336
0.5625 0.84375 0.0992681
0.59375 0.875 0.136755
0.59375 0.84375 0.106336
0.625 0.84375 0.114032
0.625 0.875 0.144301
0.59375 0.875 0.136755
0.59375 0.84375 0.106336
0.59375 0.8125 0.075949
0.625 0.8125 0.0838045
0.625 0.84375 0.114032
0.59375 0.84375 0.106336
0.5625 0.8125 0.0687442
0.5625 0.78125 0.0382516
0.59375 0.78125 0.0455957
0.59375 0.8125 0.075949
0.5625 0.8125 0.0687442
0.5625 0.78125 0.0382516
0.5625 0.75 0.00779075
0.59375 0.75 0.0152767
0.59375 0.78125 0.0455957
0.5625 0.78125 0.0382516
0.59375 0.8125 0.075949
0.59375 0.78125 0.0455957
0.625 0.78125 0.0536223
0.625 0.8125 0.0838045
0.59375 0.8125 0.075949
0.59375 0.78125 0.0455957
0.59375 0.75 0.0152767
0.625 0.75 0.023489
0.625 0.78125 0.0536223
0.59375 0.78125 0.0455957
0.625 1 0.265743
0.625 0.9375 0.204976
0.6875 0.9375 0.221948
0.6875 1 0.281921
0.625 1 0.265743
0.625 0.9375 0.204976
0.625 0.875 0.144301
0.6875 0.875 0.162157
0.6875 0.9375 0.221948
0.625 0.9375 0.204976
0.6875 1 0.281921
0.6875 0.9375 0.221948
0.75 0.9375 0.244532
0.75 1 0.302637
0.6875 1 0.281921
0.6875 0.9375 0.221948
0.6875 0.875 0.162157
0.75 0.875 0.187056
0.75 0.9375 0.244532
0.6875 0.9375 0.221948
0.625 0.875 0.144301
0.625 0.84375 0.114032
0.65625 0.84375 0.122585
0.65625 0.875 0.152624
0.625 0.875 0.144301
0.625 0.84375 0.114032
0.625 0.8125 0.0838045
0.65625 0.8125 0.0926199
0.65625 0.84375 0.122585
0.625 0.84375 0.114032
0.65625 0.875 0.152624
0.65625 0.84375 0.122585
0.6875 0.84375 0.132518
0.6875 0.875 0.162157
0.65625 0.875 0.152624
0.65625 0.84375 0.122585
0.65625 0.8125 0.0926199
0.6875 0.8125 0.103042
0.6875 0.84375 0.132518
0.65625 0.84375 0.122585
0.625 0.8125 0.0838045
0.625 0.78125 0.0536223
0.65625 0.78125 0.0627394
0.65625 0.8125 0.0926199
0.625 0.8125 0.0838045
0.625 0.78125 0.0536223
0.625 0.75 0.023489
0.65625 0.75 0.0329683
0.65625 0.78125 0.0627394
0.625 0.78125 0.0536223
0.65625 0.8125 0.0926199
0.65625 0.78125 0.0627394
0.6875 0.78125 0.0737778
0.6875 0.8125 0.103042
0.65625 0.8125 0.0926199
0.65625 0.78125 0.0627394
0.65625 0.75 0.0329683
0.6875 0.75 0.0447865
0.6875 0.78125 0.0737778
0.65625 0.78125 0.0627394
0.6875 0.875 0.162157
0.6875 0.8125 0.103042
0.75 0.8125 0.130936
0.75 0.875 0.187056
0.6875 0.875 0.162157
0.6875 0.8125 0.103042
0.6875 0.78125 0.0737778
0.71875 0.78125 0.0874169
0.71875 0.8125 0.115669
0.6875 0.8125 0.103042
0.6875 0.78125 0.0737778
0.6875 0.75 0.0447865
0.71875 0.75 0.0596991
0.71875 0.78125 0.0874169
0.6875 0.78125 0.0737778
0.71875 0.8125 0.115669
0.71875 0.78125 0.0874169
0.75 0.78125 0.104059
0.75 0.8125 0.130936
0.71875 0.8125 0.115669
0.71875 0.78125 0.0874169
0.71875 0.75 0.0596991
0.75 0.75 0.0781237
0.75 0.78125 0.104059
0.71875 0.78125 0.0874169
0.5 0.75 -0.00531075
0.5 0.71875 -0.0359904
0.53125 0.71875 -0.0296358
0.53125 0.75 0.000896692
0.5 0.75 -0.00531075
0.5 0.71875 -0.0359904
0.5 0.6875 -0.066641
0.53125 0.6875 -0.0601401
0.53125 0.71875 -0.0296358
0.5 0.71875 -0.0359904
0.53125 0.75 0.000896692
0.53125 0.71875 -0.0296358
0.5625 0.71875 -0.0226087
0.5625 0.75 0.00779075
0.53125 0.75 0.000896692
0.53125 0.71875 -0.0296358
0.53125 0.6875 -0.0601401
0.5625 0.6875 -0.0529666
0.5625 0.71875 -0.0226087
0.53125 0.71875 -0.0296358
0.5 0.6875 -0.066641
0.5 0.65625 -0.0972628
0.53125 0.65625 -0.0906133
0.53125 0.6875 -0.0601401
0.5 0.6875 -0.066641
0.5 0.65625 -0.0972628
0.5 0.625 -0.127845
0.53125 0.625 -0.12105
0.53125 0.65625 -0.0906133
0.5 0.65625 -0.0972628
0.53125 0.6875 -0.0601401
0.53125 0.65625 -0.0906133
0.5625 0.65625 -0.0832771
0.5625 0.6875 -0.0529666
0.53125 0.6875 -0.0601401
0.53125 0.65625 -0.0906133
0.53125 0.625 -0.12105
0.5625 0.625 -0.113525
0.5625 0.65625 -0.0832771
0.53125 0.65625 -0.0906133
0.5625 0.75 0.00779075
0.5625 0.71875 -0.0226087
0.59375 0.71875 -0.0149743
0.59375 0.75 0.0152767
0.5625 0.75 0.00779075
0.5625 0.71875 -0.0226087
0.5625 0.6875 -0.0529666
0.59375 0.6875 -0.0451433
0.59375 0.71875 -0.0149743
0.5625 0.71875 -0.0226087
0.59375 0.75 0.0152767
0.59375 0.71875 -0.0149743
0.625 0.71875 -0.00655522
0.625 0.75 0.023489
0.59375 0.75 0.0152767
0.59375 0.71875 -0.0149743
0.59375 0.6875 -0.0451433
0.625 0.6875 -0.0363658
0.625 0.71875 -0.00655522
0.59375 0.71875 -0.0149743
0.5625 0.6875 -0.0529666
0.5625 0.65625 -0.0832771
0.59375 0.65625 -0.0752099
0.59375 0.6875 -0.0451433
0.5625 0.6875 -0.0529666
0.5625 0.65625 -0.0832771
0.5625 0.625 -0.113525
0.59375 0.625 -0.105104
0.59375 0.65625 -0.0752099
0.5625 0.65625 -0.0832771
0.59375 0.6875 -0.0451433
0.59375 0.65625 -0.0752099
0.625 0.65625 -0.065873
0.625 0.6875 -0.0363658
0.59375 0.6875 -0.0451433
0.59375 0.65625 -0.0752099
0.59375 0.625 -0.105104
0.625 0.625 -0.0947504
0.625 0.65625 -0.065873
0.59375 0.65625 -0.0752099
0.5 0.625 -0.127845
0.5 0.5625 -0.189645
0.5625 0.5625 -0.171615
0.5625 0.625 -0.113525
0.5 0.625 -0.127845
0.5 0.5625 -0.189645
0.5 0.5 -0.22686
0.5625 0.5 -0.185412
0.5625 0.5625 -0.171615
0.5 0.5625 -0.189645
0.5625 0.625 -0.113525
0.5625 0.5625 -0.171615
0.625 0.5625 -0.136149
0.625 0.625 -0.0947504
0.5625 0.625 -0.113525
0.5625 0.5625 -0.171615
0.5625 0.5 -0.185412
0.625 0.5 -0.126991
0.625 0.5625 -0.136149
0.5625 0.5625 -0.171615
0.625 0.75 0.023489
0.625 0.71875 -0.00655522
0.65625 0.71875 0.00333203
0.65625 0.75 0.0329683
0.625 0.75 0.023489
0.625 0.71875 -0.00655522
0.625 0.6875 -0.0363658
0.65625 0.6875 -0.0256612
0.65625 0.71875 0.00333203
0.625 0.71875 -0.00655522
0.65625 0.75 0.0329683
0.65625 0.71875 0.00333203
0.6875 0.71875 0.0161751
0.6875 0.75 0.0447865
0.65625 0.75 0.0329683
0.65625 0.71875 0.00333203
0.65625 0.6875 -0.0256612
0.6875 0.6875 -0.0114324
0.6875 0.71875 0.0161751
0.65625 0.71875 0.00333203
0.625 0.6875 -0.0363658
0.625 0.65625 -0.065873
0.65625 0.65625 -0.0537683
0.65625 0.6875 -0.0256612
0.625 0.6875 -0.0363658
0.625 0.65625 -0.065873
0.625 0.625 -0.0947504
0.65625 0.625 -0.0797151
0.65625 0.65625 -0.0537683
0.625 0.65625 -0.065873
0.65625 0.6875 -0.0256612
0.65625 0.65625 -0.0537683
0.6875 0.65625 -0.0368925
0.6875 0.6875 -0.0114324
0.65625 0.6875 -0.0256612
0.65625 0.65625 -0.0537683
0.65625 0.625 -0.0797151
0.6875 0.625 -0.058575
0.6875 0.65625 -0.0368925
0.65625 0.65625 -0.0537683
0.6875 0.75 0.0447865
0.6875 0.71875 0.0161751
0.71875 0.71875 0.0327573
0.71875 0.75 0.0596991
0.6875 0.75 0.0447865
0.6875 0.71875 0.0161751
0.6875 0.6875 -0.0114324
0.71875 0.6875 0.00696195
0.71875 0.71875 0.0327573
0.6875 0.71875 0.0161751
0.71875 0.75 0.0596991
0.71875 0.71875 0.0327573
0.75 0.71875 0.0534311
0.75 0.75 0.0781237
0.71875 0.75 0.0596991
0.71875 0.71875 0.0327573
0.71875 0.6875 0.00696195
0.75 0.6875 0.0305028
0.75 0.71875 0.0534311
0.71875 0.71875 0.0327573
0.6875 0.6875 -0.0114324
0.6875 0.65625 -0.0368925
0.71875 0.65625 -0.0153439
0.71875 0.6875 0.00696195
0.6875 0.6875 -0.0114324
0.6875 0.65625 -0.0368925
0.6875 0.625 -0.058575
0.71875 0.625 -0.0330162
0.71875 0.65625 -0.0153439
0.6875 0.65625 -0.0368925
0.71875 0.6875 0.00696195
0.71875 0.65625 -0.0153439
0.75 0.65625 0.0102147
0.75 0.6875 0.0305028
0.71875 0.6875 0.00696195
0.71875 0.65625 -0.0153439
0.71875 0.625 -0.0330162
0.75 0.625 -0.0047177
0.75 0.65625 0.0102147
0.71875 0.65625 -0.0153439
0.625 0.625 -0.0947504
0.625 0.59375 -0.121184
0.65625 0.59375 -0.100245
0.65625 0.625 -0.0797151
0.625 0.625 -0.0947504
0.625 0.59375 -0.121184
0.625 0.5625 -0.136149
0.65625 0.5625 -0.105937
0.65625 0.59375 -0.100245
0.625 0.59375 -0.121184
0.65625 0.625 -0.0797151
0.65625 0.59375 -0.100245
0.6875 0.59375 -0.0732206
0.6875 0.625 -0.058575
0.65625 0.625 -0.0797151
0.65625 0.59375 -0.100245
0.65625 0.5625 -0.105937
0.6875 0.5625 -0.0750236
0.6875 0.59375 -0.0732206
0.65625 0.59375 -0.100245
0.625 0.5625 -0.136149
0.625 0.53125 -0.132686
0.65625 0.53125 -0.102037
0.65625 0.5625 -0.105937
0.625 0.5625 -0.136149
0.625 0.53125 -0.132686
0.625 0.5 -0.126991
0.65625 0.5 -0.0965533
0.65625 0.53125 -0.102037
0.625 0.53125 -0.132686
0.65625 0.5625 -0.105937
0.65625 0.53125 -0.102037
0.6875 0.53125 -0.0713496
0.6875 0.5625 -0.0750236
0.65625 0.5625 -0.105937
0.65625 0.53125 -0.102037
0.65625 0.5 -0.0965533
0.6875 0.5 -0.0660557
0.6875 0.53125 -0.0713496
0.65625 0.53125 -0.102037
0.6875 0.625 -0.058575
0.6875 0.59375 -0.0732206
0.71875 0.59375 -0.0435245
0.71875 0.625 -0.0330162
0.6875 0.625 -0.058575
0.6875 0.59375 -0.0732206
0.6875 0.5625 -0.0750236
0.71875 0.5625 -0.0440808
0.71875 0.59375 -0.0435245
0.6875 0.59375 -0.0732206
0.71875 0.625 -0.0330162
0.71875 0.59375 -0.0435245
0.75 0.59375 -0.0128459
0.75 0.625 -0.0047177
0.71875 0.625 -0.0330162
0.71875 0.59375 -0.0435245
0.71875 0.5625 -0.0440808
0.75 0.5625 -0.0131107
0.75 0.59375 -0.0128459
0.71875 0.59375 -0.0435245
0.6875 0.5625 -0.0750236
0.6875 0.53125 -0.0713496
0.71875 0.53125 -0.040629
0.71875 0.5625 -0.0440808
0.6875 0.5625 -0.0750236
0.6875 0.53125 -0.0713496
0.6875 0.5 -0.0660557
0.71875 0.5 -0.0355183
0.71875 0.53125 -0.040629
0.6875 0.53125 -0.0713496
0.71875 0.5625 -0.0440808
0.71875 0.53125 -0.040629
0.75 0.53125 -0.00987826
0.75 0.5625 -0.0131107
0.71875 0.5625 -0.0440808
0.71875 0.53125 -0.040629
0.71875 0.5 -0.0355183
0.75 0.5 -0.0049494
0.75 0.53125 -0.00987826
0.71875 0.53125 -0.040629
0.75 1 0.302637
0.75 0.875 0.187056
0.875 0.875 0.261577
0.875 1 0.363041
0.75 1 0.302637
0.75 0.875 0.187056
0.75 0.8125 0.130936
0.8125 0.8125 0.168964
0.8125 0.875 0.22018
0.75 0.875 0.187056
0.75 0.8125 0.130936
0.75 0.78125 0.104059
0.78125 0.78125 0.123632
0.78125 0.8125 0.14892
0.75 0.8125 0.130936
0.75 0.78125 0.104059
0.75 0.75 0.0781237
0.78125 0.75 0.0995606
0.78125 0.78125 0.123632
0.75 0.78125 0.104059
0.78125 0.8125 0.14892
0.78125 0.78125 0.123632
0.8125 0.78125 0.145287
0.8125 0.8125 0.168964
0.78125 0.8125 0.14892
0.78125 0.78125 0.123632
0.78125 0.75 0.0995606
0.8125 0.75 0.123005
0.8125 0.78125 0.145287
0.78125 0.78125 0.123632
0.8125 0.875 0.22018
0.8125 0.8125 0.168964
0.875 0.8125 0.215482
0.875 0.875 0.261577
0.8125 0.875 0.22018
0.8125 0.8125 0.168964
0.8125 0.75 0.123005
0.875 0.75 0.17401
0.875 0.8125 0.215482
0.8125 0.8125 0.168964
0.875 1 0.363041
0.875 0.875 0.261577
1 0.875 0.358984
1 1 0.449376
0.875 1 0.363041
0.875 0.875 0.261577
0.875 0.8125 0.215482
0.9375 0.8125 0.266223
0.9375 0.875 0.307726
0.875 0.875 0.261577
0.875 0.8125 0.215482
0.875 0.75 0.17401
0.9375 0.75 0.230063
0.9375 0.8125 0.266223
0.875 0.8125 0.215482
0.9375 0.875 0.307726
0.9375 0.8125 0.266223
1 0.8125 0.3209
1 0.875 0.358984
0.9375 0.875 0.307726
0.9375 0.8125 0.266223
0.9375 0.75 0.230063
1 0.75 0.28808
1 0.8125 0.3209
0.9375 0.8125 0.266223
0.75 0.75 0.0781237
0.75 0.71875 0.0534311
0.78125 0.71875 0.0770514
0.78125 0.75 0.0995606
0.75 0.75 0.0781237
0.75 0.71875 0.0534311
0.75 0.6875 0.0305028
0.78125 0.6875 0.0566307
0.78125 0.71875 0.0770514
0.75 0.71875 0.0534311
0.78125 0.75 0.0995606
0.78125 0.71875 0.0770514
0.8125 0.71875 0.102448
0.8125 0.75 0.123005
0.78125 0.75 0.0995606
0.78125 0.71875 0.0770514
0.78125 0.6875 0.0566307
0.8125 0.6875 0.0840716
0.8125 0.71875 0.102448
0.78125 0.71875 0.0770514
0.75 0.6875 0.0305028
0.75 0.65625 0.0102147
0.78125 0.65625 0.0390954
0.78125 0.6875 0.0566307
0.75 0.6875 0.0305028
0.75 0.65625 0.0102147
0.75 0.625 -0.0047177
0.78125 0.625 0.0257376
0.78125 0.65625 0.0390954
0.75 0.65625 0.0102147
0.78125 0.6875 0.0566307
0.78125 0.65625 0.0390954
0.8125 0.65625 0.0685108
0.8125 0.6875 0.0840716
0.78125 0.6875 0.0566307
0.78125 0.65625 0.0390954
0.78125 0.625 0.0257376
0.8125 0.625 0.0566209
0.8125 0.65625 0.0685108
0.78125 0.65625 0.0390954
0.8125 0.75 0.123005
0.8125 0.71875 0.102448
0.84375 0.71875 0.12909
0.84375 0.75 0.148037
0.8125 0.75 0.123005
0.8125 0.71875 0.102448
0.8125 0.6875 0.0840716
0.84375 0.6875 0.112342
0.84375 0.71875 0.12909
0.8125 0.71875 0.102448
0.84375 0.75 0.148037
0.84375 0.71875 0.12909
0.875 0.71875 0.156443
0.875 0.75 0.17401
0.84375 0.75 0.148037
0.84375 0.71875 0.12909
0.84375 0.6875 0.112342
0.875 0.6875 0.141066
0.875 0.71875 0.156443
0.84375 0.71875 0.12909
0.8125 0.6875 0.0840716
0.8125 0.65625 0.0685108
0.84375 0.65625 0.0982711
0.84375 0.6875 0.112342
0.8125 0.6875 0.0840716
0.8125 0.65625 0.0685108
0.8125 0.625 0.0566209
0.84375 0.625 0.0874901
0.84375 0.65625 0.0982711
0.8125 0.65625 0.0685108
0.84375 0.6875 0.112342
0.84375 0.65625 0.0982711
0.875 0.65625 0.128223
0.875 0.6875 0.141066
0.84375 0.6875 0.112342
0.84375 0.65625 0.0982711
0.84375 0.625 0.0874901
0.875 0.625 0.118359
0.875 0.65625 0.128223
0.84375 0.65625 0.0982711
0.75 0.625 -0.0047177
0.75 0.59375 -0.0128459
0.78125 0.59375 0.0182414
0.78125 0.625 0.0257376
0.75 0.625 -0.0047177
0.75 0.59375 -0.0128459
0.75 0.5625 -0.0131107
0.78125 0.5625 0.0179996
0.78125 0.59375 0.0182414
0.75 0.59375 -0.0128459
0.78125 0.625 0.0257376
0.78125 0.59375 0.0182414
0.8125 0.59375 0.049489
0.8125 0.625 0.0566209
0.78125 0.625 0.0257376
0.78125 0.59375 0.0182414
0.78125 0.5625 0.0179996
0.8125 0.5625 0.0492217
0.8125 0.59375 0.049489
0.78125 0.59375 0.0182414
0.75 0.5625 -0.0131107
0.75 0.53125 -0.00987826
0.78125 0.53125 0.0210302
0.78125 0.5625 0.0179996
0.75 0.5625 -0.0131107
0.75 0.53125 -0.00987826
0.75 0.5 -0.0049494
0.78125 0.5 0.0257879
0.78125 0.53125 0.0210302
0.75 0.53125 -0.00987826
0.78125 0.5625 0.0179996
0.78125 0.53125 0.0210302
0.8125 0.53125 0.0520515
0.8125 0.5625 0.0492217
0.78125 0.5625 0.0179996
0.78125 0.53125 0.0210302
0.78125 0.5 0.0257879
0.8125 0.5 0.0565982
0.8125 0.53125 0.0520515
0.78125 0.53125 0.0210302
0.8125 0.625 0.0566209
0.8125 0.59375 0.049489
0.84375 0.59375 0.0807317
0.84375 0.625 0.0874901
0.8125 0.625 0.0566209
0.8125 0.59375 0.049489
0.8125 0.5625 0.0492217
0.84375 0.5625 0.0804456
0.84375 0.59375 0.0807317
0.8125 0.59375 0.049489
0.84375 0.625 0.0874901
0.84375 0.59375 0.0807317
0.875 0.59375 0.11198
0.875 0.625 0.118359
0.84375 0.625 0.0874901
0.84375 0.59375 0.0807317
0.84375 0.5625 0.0804456
0.875 0.5625 0.11167
0.875 0.59375 0.11198
0.84375 0.59375 0.0807317
0.8125 0.5625 0.0492217
0.8125 0.53125 0.0520515
0.84375 0.53125 0.0830928
0.84375 0.5625 0.0804456
0.8125 0.5625 0.0492217
0.8125 0.53125 0.0520515
0.8125 0.5 0.0565982
0.84375 0.5 0.0874384
0.84375 0.53125 0.0830928
0.8125 0.53125 0.0520515
0.84375 0.5625 0.0804456
0.84375 0.53125 0.0830928
0.875 0.53125 0.114156
0.875 0.5625 0.11167
0.84375 0.5625 0.0804456
0.84375 0.53125 0.0830928
0.84375 0.5 0.0874384
0.875 0.5 0.118305
0.875 0.53125 0.114156
0.84375 0.53125 0.0830928
0.875 0.75 0.17401
0.875 0.6875 0.141066
0.9375 0.6875 0.201089
0.9375 0.75 0.230063
0.875 0.75 0.17401
0.875 0.6875 0.141066
0.875 0.625 0.118359
0.9375 0.625 0.180802
0.9375 0.6875 0.201089
0.875 0.6875 0.141066
0.9375 0.75 0.230063
0.9375 0.6875 0.201089
1 0.6875 0.261765
1 0.75 0.28808
0.9375 0.75 0.230063
0.9375 0.6875 0.201089
0.9375 0.625 0.180802
1 0.625 0.243227
1 0.6875 0.261765
0.9375 0.6875 0.201089
0.875 0.625 0.118359
0.875 0.5625 0.11167
0.9375 0.5625 0.174158
0.9375 0.625 0.180802
0.875 0.625 0.118359
0.875 0.5625 0.11167
0.875 0.5 0.118305
0.9375 0.5 0.180147
0.9375 0.5625 0.174158
0.875 0.5625 0.11167
0.9375 0.625 0.180802
0.9375 0.5625 0.174158
1 0.5625 0.236657
1 0.625 0.243227
0.9375 0.625 0.180802
0.9375 0.5625 0.174158
0.9375 0.5 0.180147
1 0.5 0.24214
1 0.5625 0.236657
0.9375 0.5625 0.174158
0.5 0.5 -0.22686
0.5 0.4375 -0.184589
0.5625 0.4375 -0.165724
0.5625 0.5 -0.185412
0.5 0.5 -0.22686
0.5 0.4375 -0.184589
0.5 0.375 -0.127621
0.5625 0.375 -0.133181
0.5625 0.4375 -0.165724
0.5 0.4375 -0.184589
0.5625 0.5 -0.185412
0.5625 0.4375 -0.165724
0.625 0.4375 -0.112557
0.625 0.5 -0.126991
0.5625 0.5 -0.185412
0.5625 0.4375 -0.165724
0.5625 0.375 -0.133181
0.625 0.375 -0.0921025
0.625 0.4375 -0.112557
0.5625 0.4375 -0.165724
0.5 0.375 -0.127621
0.5 0.34375 -0.0970605
0.53125 0.34375 -0.102843
0.53125 0.375 -0.13359
0.5 0.375 -0.127621
0.5 0.34375 -0.0970605
0.5 0.3125 -0.0664651
0.53125 0.3125 -0.0720684
0.53125 0.34375 -0.102843
0.5 0.34375 -0.0970605
0.53125 0.375 -0.13359
0.53125 0.34375 -0.102843
0.5625 0.34375 -0.106975
0.5625 0.375 -0.133181
0.53125 0.375 -0.13359
0.53125 0.34375 -0.102843
0.53125 0.3125 -0.0720684
0.5625 0.3125 -0.076286
0.5625 0.34375 -0.106975
0.53125 0.34375 -0.102843
0.5 0.3125 -0.0664651
0.5 0.28125 -0.0358349
0.53125 0.28125 -0.0412639
0.53125 0.3125 -0.0720684
0.5 0.3125 -0.0664651
0.5 0.28125 -0.0358349
0.5 0.25 -0.00517885
0.53125 0.25 -0.0104288
0.53125 0.28125 -0.0412639
0.5 0.28125 -0.0358349
0.53125 0.3125 -0.0720684
0.53125 0.28125 -0.0412639
0.5625 0.28125 -0.0452499
0.5625 0.3125 -0.076286
0.53125 0.3125 -0.0720684
0.53125 0.28125 -0.0412639
0.53125 0.25 -0.0104288
0.5625 0.25 -0.0141851
0.5625 0.28125 -0.0452499
0.53125 0.28125 -0.0412639
0.5625 0.375 -0.133181
0.5625 0.34375 -0.106975
0.59375 0.34375 -0.0971093
0.59375 0.375 -0.116414
0.5625 0.375 -0.133181
0.5625 0.34375 -0.106975
0.5625 0.3125 -0.076286
0.59375 0.3125 -0.0731752
0.59375 0.34375 -0.0971093
0.5625 0.34375 -0.106975
0.59375 0.375 -0.116414
0.59375 0.34375 -0.0971093
0.625 0.34375 -0.0773257
0.625 0.375 -0.0921025
0.59375 0.375 -0.116414
0.59375 0.34375 -0.0971093
0.59375 0.3125 -0.0731752
0.625 0.3125 -0.0585682
0.625 0.34375 -0.0773257
0.59375 0.34375 -0.0971093
0.5625 0.3125 -0.076286
0.5625 0.28125 -0.0452499
0.59375 0.28125 -0.0451047
0.59375 0.3125 -0.0731752
0.5625 0.3125 -0.076286
0.5625 0.28125 -0.0452499
0.5625 0.25 -0.0141851
0.59375 0.25 -0.0149524
0.59375 0.28125 -0.0451047
0.5625 0.28125 -0.0452499
0.59375 0.3125 -0.0731752
0.59375 0.28125 -0.0451047
0.625 0.28125 -0.0354899
0.625 0.3125 -0.0585682
0.59375 0.3125 -0.0731752
0.59375 0.28125 -0.0451047
0.59375 0.25 -0.0149524
0.625 0.25 -0.00923477
0.625 0.28125 -0.0354899
0.59375 0.28125 -0.0451047
0.625 0.5 -0.126991
0.625 0.46875 -0.12025
0.65625 0.46875 -0.0900333
0.65625 0.5 -0.0965533
0.625 0.5 -0.126991
0.625 0.46875 -0.12025
0.625 0.4375 -0.112557
0.65625 0.4375 -0.0827286
0.65625 0.46875 -0.0900333
0.625 0.46875 -0.12025
0.65625 0.5 -0.0965533
0.65625 0.46875 -0.0900333
0.6875 0.46875 -0.0597128
0.6875 0.5 -0.0660557
0.65625 0.5 -0.0965533
0.65625 0.46875 -0.0900333
0.65625 0.4375 -0.0827286
0.6875 0.4375 -0.0526303
0.6875 0.46875 -0.0597128
0.65625 0.46875 -0.0900333
0.625 0.4375 -0.112557
0.625 0.40625 -0.103477
0.65625 0.40625 -0.0745189
0.65625 0.4375 -0.0827286
0.625 0.4375 -0.112557
0.625 0.40625 -0.103477
0.625 0.375 -0.0921025
0.65625 0.375 -0.0648213
0.65625 0.40625 -0.0745189
0.625 0.40625 -0.103477
0.65625 0.4375 -0.0827286
0.65625 0.40625 -0.0745189
0.6875 0.40625 -0.0448892
0.6875 0.4375 -0.0526303
0.65625 0.4375 -0.0827286
0.65625 0.40625 -0.0745189
0.65625 0.375 -0.0648213
0.6875 0.375 -0.0361619
0.6875 0.40625 -0.0448892
0.65625 0.40625 -0.0745189
0.6875 0.5 -0.0660557
0.6875 0.46875 -0.0597128
0.71875 0.46875 -0.0293277
0.71875 0.5 -0.0355183
0.6875 0.5 -0.0660557
0.6875 0.46875 -0.0597128
0.6875 0.4375 -0.0526303
0.71875 0.4375 -0.0223892
0.71875 0.46875 -0.0293277
0.6875 0.46875 -0.0597128
0.71875 0.5 -0.0355183
0.71875 0.46875 -0.0293277
0.75 0.46875 0.00111091
0.75 0.5 -0.0049494
0.71875 0.5 -0.0355183
0.71875 0.46875 -0.0293277
0.71875 0.4375 -0.0223892
0.75 0.4375 0.00795329
0.75 0.46875 0.00111091
0.71875 0.46875 -0.0293277
0.6875 0.4375 -0.0526303
0.6875 0.40625 -0.0448892
0.71875 0.40625 -0.0149171
0.71875 0.4375 -0.0223892
0.6875 0.4375 -0.0526303
0.6875 0.40625 -0.0448892
0.6875 0.375 -0.0361619
0.71875 0.375 -0.00676128
0.71875 0.40625 -0.0149171
0.6875 0.40625 -0.0448892
0.71875 0.4375 -0.0223892
0.71875 0.40625 -0.0149171
0.75 0.40625 0.0152796
0.75 0.4375 0.00795329
0.71875 0.4375 -0.0223892
0.71875 0.40625 -0.0149171
0.71875 0.375 -0.00676128
0.75 0.375 0.0232225
0.75 0.40625 0.0152796
0.71875 0.40625 -0.0149171
0.625 0.375 -0.0921025
0.625 0.34375 -0.0773257
0.65625 0.34375 -0.0527374
0.65625 0.375 -0.0648213
0.625 0.375 -0.0921025
0.625 0.34375 -0.0773257
0.625 0.3125 -0.0585682
0.65625 0.3125 -0.0375119
0.65625 0.34375 -0.0527374
0.625 0.34375 -0.0773257
0.65625 0.375 -0.0648213
0.65625 0.34375 -0.0527374
0.6875 0.34375 -0.0256718
0.6875 0.375 -0.0361619
0.65625 0.375 -0.0648213
0.65625 0.34375 -0.0527374
0.65625 0.3125 -0.0375119
0.6875 0.3125 -0.0127466
0.6875 0.34375 -0.0256718
0.65625 0.34375 -0.0527374
0.625 0.3125 -0.0585682
0.625 0.28125 -0.0354899
0.65625 0.28125 -0.0186786
0.65625 0.3125 -0.0375119
0.625 0.3125 -0.0585682
0.625 0.28125 -0.0354899
0.625 0.25 -0.00923477
0.65625 0.25 0.00424941
0.65625 0.28125 -0.0186786
0.625 0.28125 -0.0354899
0.65625 0.3125 -0.0375119
0.65625 0.28125 -0.0186786
0.6875 0.28125 0.00338196
0.6875 0.3125 -0.0127466
0.65625 0.3125 -0.0375119
0.65625 0.28125 -0.0186786
0.65625 0.25 0.00424941
0.6875 0.25 0.0243381
0.6875 0.28125 0.00338196
0.65625 0.28125 -0.0186786
0.6875 0.375 -0.0361619
0.6875 0.34375 -0.0256718
0.71875 0.34375 0.00279937
0.71875 0.375 -0.00676128
0.6875 0.375 -0.0361619
0.6875 0.34375 -0.0256718
0.6875 0.3125 -0.0127466
0.71875 0.3125 0.014624
0.71875 0.34375 0.00279937
0.6875 0.34375 -0.0256718
0.71875 0.375 -0.00676128
0.71875 0.34375 0.00279937
0.75 0.34375 0.0323882
0.75 0.375 0.0232225
0.71875 0.375 -0.00676128
0.71875 0.34375 0.00279937
0.71875 0.3125 0.014624
0.75 0.3125 0.0433515
0.75 0.34375 0.0323882
0.71875 0.34375 0.00279937
0.6875 0.3125 -0.0127466
0.6875 0.28125 0.00338196
0.71875 0.28125 0.0294281
0.71875 0.3125 0.014624
0.6875 0.3125 -0.0127466
0.6875 0.28125 0.00338196
0.6875 0.25 0.0243381
0.71875 0.25 0.0476255
0.71875 0.28125 0.0294281
0.6875 0.28125 0.00338196
0.71875 0.3125 0.014624
0.71875 0.28125 0.0294281
0.75 0.28125 0.0567162
0.75 0.3125 0.0433515
0.71875 0.3125 0.014624
0.71875 0.28125 0.0294281
0.71875 0.25 0.0476255
0.75 0.25 0.0728602
0.75 0.28125 0.0567162
0.71875 0.28125 0.0294281
0.5 0.25 -0.00517885
0.5 0.21875 0.0255509
0.53125 0.21875 0.0204848
0.53125 0.25 -0.0104288
0.5 0.25 -0.00517885
0.5 0.21875 0.0255509
0.5 0.1875 0.0563213
0.53125 0.1875 0.0514529
0.53125 0.21875 0.0204848
0.5 0.21875 0.0255509
0.53125 0.25 -0.0104288
0.53125 0.21875 0.0204848
0.5625 0.21875 0.0169465
0.5625 0.25 -0.0141851
0.53125 0.25 -0.0104288
0.53125 0.21875 0.0204848
0.53125 0.1875 0.0514529
0.5625 0.1875 0.0481294
0.5625 0.21875 0.0169465
0.53125 0.21875 0.0204848
0.5 0.1875 0.0563213
0.5 0.15625 0.0871218
0.53125 0.15625 0.0824453
0.53125 0.1875 0.0514529
0.5 0.1875 0.0563213
0.5 0.15625 0.0871218
0.5 0.125 0.117951
0.53125 0.125 0.113463
0.53125 0.15625 0.0824453
0.5 0.15625 0.0871218
0.53125 0.1875 0.0514529
0.53125 0.15625 0.0824453
0.5625 0.15625 0.0793195
0.5625 0.1875 0.0481294
0.53125 0.1875 0.0514529
0.53125 0.15625 0.0824453
0.53125 0.125 0.113463
0.5625 0.125 0.110515
0.5625 0.15625 0.0793195
0.53125 0.15625 0.0824453
0.5625 0.25 -0.0141851
0.5625 0.21875 0.0169465
0.59375 0.21875 0.0162322
0.59375 0.25 -0.0149524
0.5625 0.25 -0.0141851
0.5625 0.21875 0.0169465
0.5625 0.1875 0.0481294
0.59375 0.1875 0.047474
0.59375 0.21875 0.0162322
0.5625 0.21875 0.0169465
0.59375 0.25 -0.0149524
0.59375 0.21875 0.0162322
0.625 0.21875 0.0207697
0.625 0.25 -0.00923477
0.59375 0.25 -0.0149524
0.59375 0.21875 0.0162322
0.59375 0.1875 0.047474
0.625 0.1875 0.0513321
0.625 0.21875 0.0207697
0.59375 0.21875 0.0162322
0.5625 0.1875 0.0481294
0.5625 0.15625 0.0793195
0.59375 0.15625 0.0787146
0.59375 0.1875 0.047474
0.5625 0.1875 0.0481294
0.5625 0.15625 0.0793195
0.5625 0.125 0.110515
0.59375 0.125 0.109958
0.59375 0.15625 0.0787146
0.5625 0.15625 0.0793195
0.59375 0.1875 0.047474
0.59375 0.15625 0.0787146
0.625 0.15625 0.0820688
0.625 0.1875 0.0513321
0.59375 0.1875 0.047474
0.59375 0.15625 0.0787146
0.59375 0.125 0.109958
0.625 0.125 0.1129
0.625 0.15625 0.0820688
0.59375 0.15625 0.0787146
0.5 0.125 0.117951
0.5 0.0625 0.179723
0.5625 0.0625 0.172958
0.5625 0.125 0.110515
0.5 0.125 0.117951
0.5 0.0625 0.179723
0.5 0 0.241653
0.5625 0 0.235425
0.5625 0.0625 0.172958
0.5 0.0625 0.179723
0.5625 0.125 0.110515
0.5625 0.0625 0.172958
0.625 0.0625 0.174985
0.625 0.125 0.1129
0.5625 0.125 0.110515
0.5625 0.0625 0.172958
0.5625 0 0.235425
0.625 0 0.237213
0.625 0.0625 0.174985
0.5625 0.0625 0.172958
0.625 0.25 -0.00923477
0.625 0.21875 0.0207697
0.65625 0.21875 0.0315977
0.65625 0.25 0.00424941
0.625 0.25 -0.00923477
0.625 0.21875 0.0207697
0.625 0.1875 0.0513321
0.65625 0.1875 0.0603104
0.65625 0.21875 0.0315977
0.625 0.21875 0.0207697
0.65625 0.25 0.00424941
0.65625 0.21875 0.0315977
0.6875 0.21875 0.0484106
0.6875 0.25 0.0243381
0.65625 0.25 0.00424941
0.65625 0.21875 0.0315977
0.65625 0.1875 0.0603104
0.6875 0.1875 0.0745718
0.6875 0.21875 0.0484106
0.65625 0.21875 0.0315977
0.625 0.1875 0.0513321
0.625 0.15625 0.0820688
0.65625 0.15625 0.089707
0.65625 0.1875 0.0603104
0.625 0.1875 0.0513321
0.625 0.15625 0.0820688
0.625 0.125 0.1129
0.65625 0.125 0.119635
0.65625 0.15625 0.089707
0.625 0.15625 0.0820688
0.65625 0.1875 0.0603104
0.65625 0.15625 0.089707
0.6875 0.15625 0.10196
0.6875 0.1875 0.0745718
0.65625 0.1875 0.0603104
0.65625 0.15625 0.089707
0.65625 0.125 0.119635
0.6875 0.125 0.130249
0.6875 0.15625 0.10196
0.65625 0.15625 0.089707
0.6875 0.25 0.0243381
0.6875 0.21875 0.0484106
0.71875 0.21875 0.0688535
0.71875 0.25 0.0476255
0.6875 0.25 0.0243381
0.6875 0.21875 0.0484106
0.6875 0.1875 0.0745718
0.71875 0.1875 0.0925663
0.71875 0.21875 0.0688535
0.6875 0.21875 0.0484106
0.71875 0.25 0.0476255
0.71875 0.21875 0.0688535
0.75 0.21875 0.0917613
0.75 0.25 0.0728602
0.71875 0.25 0.0476255
0.71875 0.21875 0.0688535
0.71875 0.1875 0.0925663
0.75 0.1875 0.113311
0.75 0.21875 0.0917613
0.71875 0.21875 0.0688535
0.6875 0.1875 0.0745718
0.6875 0.15625 0.10196
0.71875 0.15625 0.117812
0.71875 0.1875 0.0925663
0.6875 0.1875 0.0745718
0.6875 0.15625 0.10196
0.6875 0.125 0.130249
0.71875 0.125 0.144434
0.71875 0.15625 0.117812
0.6875 0.15625 0.10196
0.71875 0.1875 0.0925663
0.71875 0.15625 0.117812
0.75 0.15625 0.136556
0.75 0.1875 0.113311
0.71875 0.1875 0.0925663
0.71875 0.15625 0.117812
0.71875 0.125 0.144434
0.75 0.125 0.16142
0.75 0.15625 0.136556
0.71875 0.15625 0.117812
0.625 0.125 0.1129
0.625 0.0625 0.174985
0.6875 0.0625 0.188683
0.6875 0.125 0.130249
0.625 0.125 0.1129
0.625 0.0625 0.174985
0.625 0 0.237213
0.6875 0 0.248912
0.6875 0.0625 0.188683
0.625 0.0625 0.174985
0.6875 0.125 0.130249
0.6875 0.0625 0.188683
0.75 0.0625 0.214066
0.75 0.125 0.16142
0.6875 0.125 0.130249
0.6875 0.0625 0.188683
0.6875 0 0.248912
0.75 0 0.27068
0.75 0.0625 0.214066
0.6875 0.0625 0.188683
0.75 0.5 -0.0049494
0.75 0.46875 0.00111091
0.78125 0.46875 0.0317009
0.78125 0.5 0.0257879
0.75 0.5 -0.0049494
0.75 0.46875 0.00111091
0.75 0.4375 0.00795329
0.78125 0.4375 0.0384043
0.78125 0.46875 0.0317009
0.75 0.46875 0.00111091
0.78125 0.5 0.0257879
0.78125 0.46875 0.0317009
0.8125 0.46875 0.0623249
0.8125 0.5 0.0565982
0.78125 0.5 0.0257879
0.78125 0.46875 0.0317009
0.78125 0.4375 0.0384043
0.8125 0.4375 0.068885
0.8125 0.46875 0.0623249
0.78125 0.46875 0.0317009
0.75 0.4375 0.00795329
0.75 0.40625 0.0152796
0.78125 0.40625 0.0456125
0.78125 0.4375 0.0384043
0.75 0.4375 0.00795329
0.75 0.40625 0.0152796
0.75 0.375 0.0232225
0.78125 0.375 0.0533923
0.78125 0.40625 0.0456125
0.75 0.40625 0.0152796
0.78125 0.4375 0.0384043
0.78125 0.40625 0.0456125
0.8125 0.40625 0.0759715
0.8125 0.4375 0.068885
0.78125 0.4375 0.0384043
0.78125 0.40625 0.0456125
0.78125 0.375 0.0533923
0.8125 0.375 0.0836054
0.8125 0.40625 0.0759715
0.78125 0.40625 0.0456125
0.8125 0.5 0.0565982
0.8125 0.46875 0.0623249
0.84375 0.46875 0.0929807
0.84375 0.5 0.0874384
0.8125 0.5 0.0565982
0.8125 0.46875 0.0623249
0.8125 0.4375 0.068885
0.84375 0.4375 0.099395
0.84375 0.46875 0.0929807
0.8125 0.46875 0.0623249
0.84375 0.5 0.0874384
0.84375 0.46875 0.0929807
0.875 0.46875 0.123667
0.875 0.5 0.118305
0.84375 0.5 0.0874384
0.84375 0.46875 0.0929807
0.84375 0.4375 0.099395
0.875 0.4375 0.129934
0.875 0.46875 0.123667
0.84375 0.46875 0.0929807
0.8125 0.4375 0.068885
0.8125 0.40625 0.0759715
0.84375 0.40625 0.106358
0.84375 0.4375 0.099395
0.8125 0.4375 0.068885
0.8125 0.40625 0.0759715
0.8125 0.375 0.0836054
0.84375 0.375 0.113854
0.84375 0.40625 0.106358
0.8125 0.40625 0.0759715
0.84375 0.4375 0.099395
0.84375 0.40625 0.106358
0.875 0.40625 0.136773
0.875 0.4375 0.129934
0.84375 0.4375 0.099395
0.84375 0.40625 0.106358
0.84375 0.375 0.113854
0.875 0.375 0.144139
0.875 0.40625 0.136773
0.84375 0.40625 0.106358
0.75 0.375 0.0232225
0.75 0.34375 0.0323882
0.78125 0.34375 0.0621644
0.78125 0.375 0.0533923
0.75 0.375 0.0232225
0.75 0.34375 0.0323882
0.75 0.3125 0.0433515
0.78125 0.3125 0.0724457
0.78125 0.34375 0.0621644
0.75 0.34375 0.0323882
0.78125 0.375 0.0533923
0.78125 0.34375 0.0621644
0.8125 0.34375 0.0920753
0.8125 0.375 0.0836054
0.78125 0.375 0.0533923
0.78125 0.34375 0.0621644
0.78125 0.3125 0.0724457
0.8125 0.3125 0.101816
0.8125 0.34375 0.0920753
0.78125 0.34375 0.0621644
0.75 0.3125 0.0433515
0.75 0.28125 0.0567162
0.78125 0.28125 0.084717
0.78125 0.3125 0.0724457
0.75 0.3125 0.0433515
0.75 0.28125 0.0567162
0.75 0.25 0.0728602
0.78125 0.25 0.0993346
0.78125 0.28125 0.084717
0.75 0.28125 0.0567162
0.78125 0.3125 0.0724457
0.78125 0.28125 0.084717
0.8125 0.28125 0.11327
0.8125 0.3125 0.101816
0.78125 0.3125 0.0724457
0.78125 0.28125 0.084717
0.78125 0.25 0.0993346
0.8125 0.25 0.126697
0.8125 0.28125 0.11327
0.78125 0.28125 0.084717
0.8125 0.375 0.0836054
0.8125 0.34375 0.0920753
0.84375 0.34375 0.122072
0.84375 0.375 0.113854
0.8125 0.375 0.0836054
0.8125 0.34375 0.0920753
0.8125 0.3125 0.101816
0.84375 0.3125 0.131368
0.84375 0.34375 0.122072
0.8125 0.34375 0.0920753
0.84375 0.375 0.113854
0.84375 0.34375 0.122072
0.875 0.34375 0.152165
0.875 0.375 0.144139
0.84375 0.375 0.113854
0.84375 0.34375 0.122072
0.84375 0.3125 0.131368
0.875 0.3125 0.161098
0.875 0.34375 0.152165
0.84375 0.34375 0.122072
0.8125 0.3125 0.101816
0.8125 0.25 0.126697
0.875 0.25 0.183286
0.875 0.3125 0.161098
0.8125 0.3125 0.101816
0.875 0.5 0.118305
0.875 0.4375 0.129934
0.9375 0.4375 0.191129
0.9375 0.5 0.180147
0.875 0.5 0.118305
0.875 0.4375 0.129934
0.875 0.375 0.144139
0.9375 0.375 0.204783
0.9375 0.4375 0.191129
0.875 0.4375 0.129934
0.9375 0.5 0.180147
0.9375 0.4375 0.191129
1 0.4375 0.252516
1 0.5 0.24214
0.9375 0.5 0.180147
0.9375 0.4375 0.191129
0.9375 0.375 0.204783
1 0.375 0.265617
1 0.4375 0.252516
0.9375 0.4375 0.191129
0.875 0.375 0.144139
0.875 0.3125 0.161098
0.9375 0.3125 0.220929
0.9375 0.375 0.204783
0.875 0.375 0.144139
0.875 0.3125 0.161098
0.875 0.25 0.183286
0.9375 0.25 0.241108
0.9375 0.3125 0.220929
0.875 0.3125 0.161098
0.9375 0.375 0.204783
0.9375 0.3125 0.220929
1 0.3125 0.281142
1 0.375 0.265617
0.9375 0.375 0.204783
0.9375 0.3125 0.220929
0.9375 0.25 0.241108
1 0.25 0.300086
1 0.3125 0.281142
0.9375 0.3125 0.220929
0.75 0.25 0.0728602
0.75 0.21875 0.0917613
0.78125 0.21875 0.116385
0.78125 0.25 0.0993346
0.75 0.25 0.0728602
0.75 0.21875 0.0917613
0.75 0.1875 0.113311
0.78125 0.1875 0.135965
0.78125 0.21875 0.116385
0.75 0.21875 0.0917613
0.78125 0.25 0.0993346
0.78125 0.21875 0.116385
0.8125 0.21875 0.142302
0.8125 0.25 0.126697
0.78125 0.25 0.0993346
0.78125 0.21875 0.116385
0.78125 0.1875 0.135965
0.8125 0.1875 0.16012
0.8125 0.21875 0.142302
0.78125 0.21875 0.116385
0.75 0.1875 0.113311
0.75 0.125 0.16142
0.8125 0.125 0.202342
0.8125 0.1875 0.16012
0.75 0.1875 0.113311
0.8125 0.25 0.126697
0.8125 0.1875 0.16012
0.875 0.1875 0.212303
0.875 0.25 0.183286
0.8125 0.25 0.126697
0.8125 0.1875 0.16012
0.8125 0.125 0.202342
0.875 0.125 0.248847
0.875 0.1875 0.212303
0.8125 0.1875 0.16012
0.75 0.125 0.16142
0.75 0.0625 0.214066
0.8125 0.0625 0.249366
0.8125 0.125 0.202342
0.75 0.125 0.16142
0.75 0.0625 0.214066
0.75 0 0.27068
0.8125 0 0.301793
0.8125 0.0625 0.249366
0.75 0.0625 0.214066
0.8125 0.125 0.202342
0.8125 0.0625 0.249366
0.875 0.0625 0.290528
0.875 0.125 0.248847
0.8125 0.125 0.202342
0.8125 0.0625 0.249366
0.8125 0 0.301793
0.875 0 0.338686
0.875 0.0625 0.290528
0.8125 0.0625 0.249366
0.875 0.25 0.183286
0.875 0.125 0.248847
1 0.125 0.354906
1 0.25 0.300086
0.875 0.25 0.183286
0.875 0.125 0.248847
0.875 0 0.338686
1 0 0.434785
1 0.125 0.354906
0.875 0.125 0.248847
