0 1 0.446786
0 0.875 0.369912
0.125 0.875 0.258883
0.125 1 0.348298
0 1 0.446786
0 0.875 0.369912
0 0.75 0.306055
0.125 0.75 0.188063
0.125 0.875 0.258883
0 0.875 0.369912
0.125 1 0.348298
0.125 0.9375 0.302147
0.1875 0.9375 0.258396
0.1875 1 0.309006
0.125 1 0.348298
0.125 0.9375 0.302147
0.125 0.875 0.258883
0.1875 0.875 0.210226
0.1875 0.9375 0.258396
0.125 0.9375 0.302147
0.1875 1 0.309006
0.1875 0.9375 0.258396
0.25 0.9375 0.219849
0.25 1 0.275201
0.1875 1 0.309006
0.1875 0.9375 0.258396
0.1875 0.875 0.210226
0.25 0.875 0.166253
0.25 0.9375 0.219849
0.1875 0.9375 0.258396
0.125 0.875 0.258883
0.125 0.8125 0.220392
0.1875 0.8125 0.166258
0.1875 0.875 0.210226
0.125 0.875 0.258883
0.125 0.8125 0.220392
0.125 0.75 0.188063
0.1875 0.75 0.130185
0.1875 0.8125 0.166258
0.125 0.8125 0.220392
0.1875 0.875 0.210226
0.1875 0.8125 0.166258
0.25 0.8125 0.117576
0.25 0.875 0.166253
0.1875 0.875 0.210226
0.1875 0.8125 0.166258
0.1875 0.78125 0.147252
0.21875 0.78125 0.120951
0.21875 0.8125 0.141367
0.1875 0.8125 0.166258
0.1875 0.78125 0.147252
0.1875 0.75 0.130185
0.21875 0.75 0.102525
0.21875 0.78125 0.120951
0.1875 0.78125 0.147252
0.21875 0.8125 0.141367
0.21875 0.78125 0.120951
0.25 0.78125 0.0954934
0.25 0.8125 0.117576
0.21875 0.8125 0.141367
0.21875 0.78125 0.120951
0.21875 0.75 0.102525
0.25 0.75 0.0754166
0.25 0.78125 0.0954934
0.21875 0.78125 0.120951
0 0.75 0.306055
0 0.6875 0.28355
0.0625 0.6875 0.222741
0.0625 0.75 0.246664
0 0.75 0.306055
0 0.6875 0.28355
0 0.625 0.267139
0.0625 0.625 0.205644
0.0625 0.6875 0.222741
0 0.6875 0.28355
0.0625 0.75 0.246664
0.0625 0.6875 0.222741
0.125 0.6875 0.162225
0.125 0.75 0.188063
0.0625 0.75 0.246664
0.0625 0.6875 0.222741
0.0625 0.625 0.205644
0.125 0.625 0.144325
0.125 0.6875 0.162225
0.0625 0.6875 0.222741
0 0.625 0.267139
0 0.5625 0.254543
0.0625 0.5625 0.192605
0.0625 0.625 0.205644
0 0.625 0.267139
0 0.5625 0.254543
0 0.5 0.244737
0.0625 0.5 0.182382
0.0625 0.5625 0.192605
0 0.5625 0.254543
0.0625 0.625 0.205644
0.0625 0.5625 0.192605
0.125 0.5625 0.130792
0.125 0.625 0.144325
0.0625 0.625 0.205644
0.0625 0.5625 0.192605
0.0625 0.5 0.182382
0.125 0.5 0.12005
0.125 0.5625 0.130792
0.0625 0.5625 0.192605
0.125 0.75 0.188063
0.125 0.6875 0.162225
0.1875 0.6875 0.102554
0.1875 0.75 0.130185
0.125 0.75 0.188063
0.125 0.6875 0.162225
0.125 0.65625 0.15244
0.15625 0.65625 0.12215
0.15625 0.6875 0.13234
0.125 0.6875 0.162225
0.125 0.65625 0.15244
0.125 0.625 0.144325
0.15625 0.625 0.113834
0.15625 0.65625 0.12215
0.125 0.65625 0.15244
0.15625 0.6875 0.13234
0.15625 0.65625 0.12215
0.1875 0.65625 0.0919082
0.1875 0.6875 0.102554
0.15625 0.6875 0.13234
0.15625 0.65625 0.12215
0.15625 0.625 0.113834
0.1875 0.625 0.0833719
0.1875 0.65625 0.0919082
0.15625 0.65625 0.12215
0.1875 0.75 0.130185
0.1875 0.71875 0.115219
0.21875 0.71875 0.0863914
0.21875 0.75 0.102525
0.1875 0.75 0.130185
0.1875 0.71875 0.115219
0.1875 0.6875 0.102554
0.21875 0.6875 0.0729058
0.21875 0.71875 0.0863914
0.1875 0.71875 0.115219
0.21875 0.75 0.102525
0.21875 0.71875 0.0863914
0.25 0.71875 0.0578402
0.25 0.75 0.0754166
0.21875 0.75 0.102525
0.21875 0.71875 0.0863914
0.21875 0.6875 0.0729058
0.25 0.6875 0.0433881
0.25 0.71875 0.0578402
0.21875 0.71875 0.0863914
0.1875 0.6875 0.102554
0.1875 0.65625 0.0919082
0.21875 0.65625 0.061716
0.21875 0.6875 0.0729058
0.1875 0.6875 0.102554
0.1875 0.65625 0.0919082
0.1875 0.625 0.0833719
0.21875 0.625 0.052939
0.21875 0.65625 0.061716
0.1875 0.65625 0.0919082
0.21875 0.6875 0.0729058
0.21875 0.65625 0.061716
0.25 0.65625 0.0315738
0.25 0.6875 0.0433881
0.21875 0.6875 0.0729058
0.21875 0.65625 0.061716
0.21875 0.625 0.052939
0.25 0.625 0.022535
0.25 0.65625 0.0315738
0.21875 0.65625 0.061716
0.125 0.625 0.144325
0.125 0.59375 0.137231
0.15625 0.59375 0.1066
0.15625 0.625 0.113834
0.125 0.625 0.144325
0.125 0.59375 0.137231
0.125 0.5625 0.130792
0.15625 0.5625 0.100036
0.15625 0.59375 0.1066
0.125 0.59375 0.137231
0.15625 0.625 0.113834
0.15625 0.59375 0.1066
0.1875 0.59375 0.0759961
0.1875 0.625 0.0833719
0.15625 0.625 0.113834
0.15625 0.59375 0.1066
0.15625 0.5625 0.100036
0.1875 0.5625 0.0693101
0.1875 0.59375 0.0759961
0.15625 0.59375 0.1066
0.125 0.5625 0.130792
0.125 0.53125 0.125014
0.15625 0.53125 0.0941106
0.15625 0.5625 0.100036
0.125 0.5625 0.130792
0.125 0.53125 0.125014
0.125 0.5 0.12005
0.15625 0.5 0.0889962
0.15625 0.53125 0.0941106
0.125 0.53125 0.125014
0.15625 0.5625 0.100036
0.15625 0.53125 0.0941106
0.1875 0.53125 0.0632309
0.1875 0.5625 0.0693101
0.15625 0.5625 0.100036
0.15625 0.53125 0.0941106
0.15625 0.5 0.0889962
0.1875 0.5 0.0579561
0.1875 0.53125 0.0632309
0.15625 0.53125 0.0941106
0.1875 0.625 0.0833719
0.1875 0.59375 0.0759961
0.21875 0.59375 0.0454204
0.21875 0.625 0.052939
0.1875 0.625 0.0833719
0.1875 0.59375 0.0759961
0.1875 0.5625 0.0693101
0.21875 0.5625 0.038616
0.21875 0.59375 0.0454204
0.1875 0.59375 0.0759961
0.21875 0.625 0.052939
0.21875 0.59375 0.0454204
0.25 0.59375 0.0148733
0.25 0.625 0.022535
0.21875 0.625 0.052939
0.21875 0.59375 0.0454204
0.21875 0.5625 0.038616
0.25 0.5625 0.0079565
0.25 0.59375 0.0148733
0.21875 0.59375 0.0454204
0.1875 0.5625 0.0693101
0.1875 0.53125 0.0632309
0.21875 0.53125 0.0323766
0.21875 0.5625 0.038616
0.1875 0.5625 0.0693101
0.1875 0.53125 0.0632309
0.1875 0.5 0.0579561
0.21875 0.5 0.0269315
0.21875 0.53125 0.0323766
0.1875 0.53125 0.0632309
0.21875 0.5625 0.038616
0.21875 0.53125 0.0323766
0.25 0.53125 0.0015513
0.25 0.5625 0.0079565
0.21875 0.5625 0.038616
0.21875 0.53125 0.0323766
0.21875 0.5 0.0269315
0.25 0.5 -0.00403652
0.25 0.53125 0.0015513
0.21875 0.53125 0.0323766
0.25 1 0.275201
0.25 0.9375 0.219849
0.3125 0.9375 0.191518
0.3125 1 0.251256
0.25 1 0.275201
0.25 0.9375 0.219849
0.25 0.875 0.166253
0.3125 0.875 0.132574
0.3125 0.9375 0.191518
0.25 0.9375 0.219849
0.3125 1 0.251256
0.3125 0.9375 0.191518
0.375 0.9375 0.176231
0.375 1 0.238448
0.3125 1 0.251256
0.3125 0.9375 0.191518
0.3125 0.875 0.132574
0.375 0.875 0.114055
0.375 0.9375 0.176231
0.3125 0.9375 0.191518
0.25 0.875 0.166253
0.25 0.84375 0.141273
0.28125 0.84375 0.121342
0.28125 0.875 0.14808
0.25 0.875 0.166253
0.25 0.84375 0.141273
0.25 0.8125 0.117576
0.28125 0.8125 0.0957117
0.28125 0.84375 0.121342
0.25 0.84375 0.141273
0.28125 0.875 0.14808
0.28125 0.84375 0.121342
0.3125 0.84375 0.104086
0.3125 0.875 0.132574
0.28125 0.875 0.14808
0.28125 0.84375 0.121342
0.28125 0.8125 0.0957117
0.3125 0.8125 0.076373
0.3125 0.84375 0.104086
0.28125 0.84375 0.121342
0.25 0.8125 0.117576
0.25 0.78125 0.0954934
0.28125 0.78125 0.0715184
0.28125 0.8125 0.0957117
0.25 0.8125 0.117576
0.25 0.78125 0.0954934
0.25 0.75 0.0754166
0.28125 0.75 0.0492704
0.28125 0.78125 0.0715184
0.25 0.78125 0.0954934
0.28125 0.8125 0.0957117
0.28125 0.78125 0.0715184
0.3125 0.78125 0.0497313
0.3125 0.8125 0.076373
0.28125 0.8125 0.0957117
0.28125 0.78125 0.0715184
0.28125 0.75 0.0492704
0.3125 0.75 0.0246667
0.3125 0.78125 0.0497313
0.28125 0.78125 0.0715184
0.3125 0.875 0.132574
0.3125 0.84375 0.104086
0.34375 0.84375 0.0910682
0.34375 0.875 0.121073
0.3125 0.875 0.132574
0.3125 0.84375 0.104086
0.3125 0.8125 0.076373
0.34375 0.8125 0.0613827
0.34375 0.84375 0.0910682
0.3125 0.84375 0.104086
0.34375 0.875 0.121073
0.34375 0.84375 0.0910682
0.375 0.84375 0.0831473
0.375 0.875 0.114055
0.34375 0.875 0.121073
0.34375 0.84375 0.0910682
0.34375 0.8125 0.0613827
0.375 0.8125 0.052329
0.375 0.84375 0.0831473
0.34375 0.84375 0.0910682
0.3125 0.8125 0.076373
0.3125 0.78125 0.0497313
0.34375 0.78125 0.0321665
0.34375 0.8125 0.0613827
0.3125 0.8125 0.076373
0.3125 0.78125 0.0497313
0.3125 0.75 0.0246667
0.34375 0.75 0.00368913
0.34375 0.78125 0.0321665
0.3125 0.78125 0.0497313
0.34375 0.8125 0.0613827
0.34375 0.78125 0.0321665
0.375 0.78125 0.0216204
0.375 0.8125 0.052329
0.34375 0.8125 0.0613827
0.34375 0.78125 0.0321665
0.34375 0.75 0.00368913
0.375 0.75 -0.00880306
0.375 0.78125 0.0216204
0.34375 0.78125 0.0321665
0.375 1 0.238448
0.375 0.9375 0.176231
0.4375 0.9375 0.174105
0.4375 1 0.236575
0.375 1 0.238448
0.375 0.9375 0.176231
0.375 0.875 0.114055
0.4375 0.875 0.11164
0.4375 0.9375 0.174105
0.375 0.9375 0.176231
0.4375 1 0.236575
0.4375 0.9375 0.174105
0.5 0.9375 0.180758
0.5 1 0.24273
0.4375 1 0.236575
0.4375 0.9375 0.174105
0.4375 0.875 0.11164
0.5 0.875 0.118835
0.5 0.9375 0.180758
0.4375 0.9375 0.174105
0.375 0.875 0.114055
0.375 0.84375 0.0831473
0.40625 0.84375 0.0797679
0.40625 0.875 0.111015
0.375 0.875 0.114055
0.375 0.84375 0.0831473
0.375 0.8125 0.052329
0.40625 0.8125 0.0485245
0.40625 0.84375 0.0797679
0.375 0.84375 0.0831473
0.40625 0.875 0.111015
0.40625 0.84375 0.0797679
0.4375 0.84375 0.0804341
0.4375 0.875 0.11164
0.40625 0.875 0.111015
0.40625 0.84375 0.0797679
0.40625 0.8125 0.0485245
0.4375 0.8125 0.049237
0.4375 0.84375 0.0804341
0.40625 0.84375 0.0797679
0.375 0.8125 0.052329
0.375 0.78125 0.0216204
0.40625 0.78125 0.01728
0.40625 0.8125 0.0485245
0.375 0.8125 0.052329
0.375 0.78125 0.0216204
0.375 0.75 -0.00880306
0.40625 0.75 -0.01394
0.40625 0.78125 0.01728
0.375 0.78125 0.0216204
0.40625 0.8125 0.0485245
0.40625 0.78125 0.01728
0.4375 0.78125 0.018046
0.4375 0.8125 0.049237
0.40625 0.8125 0.0485245
0.40625 0.78125 0.01728
0.40625 0.75 -0.01394
0.4375 0.75 -0.0131152
0.4375 0.78125 0.018046
0.40625 0.78125 0.01728
0.4375 0.875 0.11164
0.4375 0.84375 0.0804341
0.46875 0.84375 0.0834804
0.46875 0.875 0.114536
0.4375 0.875 0.11164
0.4375 0.84375 0.0804341
0.4375 0.8125 0.049237
0.46875 0.8125 0.0524466
0.46875 0.84375 0.0834804
0.4375 0.84375 0.0804341
0.46875 0.875 0.114536
0.46875 0.84375 0.0834804
0.5 0.84375 0.0879375
0.5 0.875 0.118835
0.46875 0.875 0.114536
0.46875 0.84375 0.0834804
0.46875 0.8125 0.0524466
0.5 0.8125 0.0570655
0.5 0.84375 0.0879375
0.46875 0.84375 0.0834804
0.4375 0.8125 0.049237
0.4375 0.78125 0.018046
0.46875 0.78125 0.0214329
0.46875 0.8125 0.0524466
0.4375 0.8125 0.049237
0.4375 0.78125 0.018046
0.4375 0.75 -0.0131152
0.46875 0.75 -0.00954181
0.46875 0.78125 0.0214329
0.4375 0.78125 0.018046
0.46875 0.8125 0.0524466
0.46875 0.78125 0.0214329
0.5 0.78125 0.0262183
0.5 0.8125 0.0570655
0.46875 0.8125 0.0524466
0.46875 0.78125 0.0214329
0.46875 0.75 -0.00954181
0.5 0.75 -0.00459643
0.5 0.78125 0.0262183
0.46875 0.78125 0.0214329
0.25 0.75 0.0754166
0.25 0.71875 0.0578402
0.28125 0.71875 0.0296933
0.28125 0.75 0.0492704
0.25 0.75 0.0754166
0.25 0.71875 0.0578402
0.25 0.6875 0.0433881
0.28125 0.6875 0.0140416
0.28125 0.71875 0.0296933
0.25 0.71875 0.0578402
0.28125 0.75 0.0492704
0.28125 0.71875 0.0296933
0.3125 0.71875 0.0020582
0.3125 0.75 0.0246667
0.28125 0.75 0.0492704
0.28125 0.71875 0.0296933
0.28125 0.6875 0.0140416
0.3125 0.6875 -0.0143268
0.3125 0.71875 0.0020582
0.28125 0.71875 0.0296933
0.25 0.6875 0.0433881
0.25 0.65625 0.0315738
0.28125 0.65625 0.00148829
0.28125 0.6875 0.0140416
0.25 0.6875 0.0433881
0.25 0.65625 0.0315738
0.25 0.625 0.022535
0.28125 0.625 -0.00774039
0.28125 0.65625 0.00148829
0.25 0.65625 0.0315738
0.28125 0.6875 0.0140416
0.28125 0.65625 0.00148829
0.3125 0.65625 -0.0277188
0.3125 0.6875 -0.0143268
0.28125 0.6875 0.0140416
0.28125 0.65625 0.00148829
0.28125 0.625 -0.00774039
0.3125 0.625 -0.0377648
0.3125 0.65625 -0.0277188
0.28125 0.65625 0.00148829
0.3125 0.75 0.0246667
0.3125 0.71875 0.0020582
0.34375 0.71875 -0.0212168
0.34375 0.75 0.00368913
0.3125 0.75 0.0246667
0.3125 0.71875 0.0020582
0.3125 0.6875 -0.0143268
0.34375 0.6875 -0.0410208
0.34375 0.71875 -0.0212168
0.3125 0.71875 0.0020582
0.34375 0.75 0.00368913
0.34375 0.71875 -0.0212168
0.375 0.71875 -0.0378108
0.375 0.75 -0.00880306
0.34375 0.75 0.00368913
0.34375 0.71875 -0.0212168
0.34375 0.6875 -0.0410208
0.375 0.6875 -0.0633816
0.375 0.71875 -0.0378108
0.34375 0.71875 -0.0212168
0.3125 0.6875 -0.0143268
0.3125 0.65625 -0.0277188
0.34375 0.65625 -0.0563239
0.34375 0.6875 -0.0410208
0.3125 0.6875 -0.0143268
0.3125 0.65625 -0.0277188
0.3125 0.625 -0.0377648
0.34375 0.625 -0.0675326
0.34375 0.65625 -0.0563239
0.3125 0.65625 -0.0277188
0.34375 0.6875 -0.0410208
0.34375 0.65625 -0.0563239
0.375 0.65625 -0.0833037
0.375 0.6875 -0.0633816
0.34375 0.6875 -0.0410208
0.34375 0.65625 -0.0563239
0.34375 0.625 -0.0675326
0.375 0.625 -0.0968378
0.375 0.65625 -0.0833037
0.34375 0.65625 -0.0563239
0.25 0.625 0.022535
0.25 0.59375 0.0148733
0.28125 0.59375 -0.0155688
0.28125 0.625 -0.00774039
0.25 0.625 0.022535
0.25 0.59375 0.0148733
0.25 0.5625 0.0079565
0.28125 0.5625 -0.022601
0.28125 0.59375 -0.0155688
0.25 0.59375 0.0148733
0.28125 0.625 -0.00774039
0.28125 0.59375 -0.0155688
0.3125 0.59375 -0.0459079
0.3125 0.625 -0.0377648
0.28125 0.625 -0.00774039
0.28125 0.59375 -0.0155688
0.28125 0.5625 -0.022601
0.3125 0.5625 -0.0530992
0.3125 0.59375 -0.0459079
0.28125 0.59375 -0.0155688
0.25 0.5625 0.0079565
0.25 0.53125 0.0015513
0.28125 0.53125 -0.0290891
0.28125 0.5625 -0.022601
0.25 0.5625 0.0079565
0.25 0.53125 0.0015513
0.25 0.5 -0.00403652
0.28125 0.5 -0.034836
0.28125 0.53125 -0.0290891
0.25 0.53125 0.0015513
0.28125 0.5625 -0.022601
0.28125 0.53125 -0.0290891
0.3125 0.53125 -0.0597045
0.3125 0.5625 -0.0530992
0.28125 0.5625 -0.022601
0.28125 0.53125 -0.0290891
0.28125 0.5 -0.034836
0.3125 0.5 -0.0656044
0.3125 0.53125 -0.0597045
0.28125 0.53125 -0.0290891
0.3125 0.625 -0.0377648
0.3125 0.59375 -0.0459079
0.34375 0.59375 -0.0761594
0.34375 0.625 -0.0675326
0.3125 0.625 -0.0377648
0.3125 0.59375 -0.0459079
0.3125 0.5625 -0.0530992
0.34375 0.5625 -0.0835595
0.34375 0.59375 -0.0761594
0.3125 0.59375 -0.0459079
0.34375 0.625 -0.0675326
0.34375 0.59375 -0.0761594
0.375 0.59375 -0.106282
0.375 0.625 -0.0968378
0.34375 0.625 -0.0675326
0.34375 0.59375 -0.0761594
0.34375 0.5625 -0.0835595
0.375 0.5625 -0.113973
0.375 0.59375 -0.106282
0.34375 0.59375 -0.0761594
0.3125 0.5625 -0.0530992
0.3125 0.53125 -0.0597045
0.34375 0.53125 -0.0903005
0.34375 0.5625 -0.0835595
0.3125 0.5625 -0.0530992
0.3125 0.53125 -0.0597045
0.3125 0.5 -0.0656044
0.34375 0.5 -0.0963453
0.34375 0.53125 -0.0903005
0.3125 0.53125 -0.0597045
0.34375 0.5625 -0.0835595
0.34375 0.53125 -0.0903005
0.375 0.53125 -0.120872
0.375 0.5625 -0.113973
0.34375 0.5625 -0.0835595
0.34375 0.53125 -0.0903005
0.34375 0.5 -0.0963453
0.375 0.5 -0.127061
0.375 0.53125 -0.120872
0.34375 0.53125 -0.0903005
0.375 0.75 -0.00880306
0.375 0.71875 -0.0378108
0.40625 0.71875 -0.0450699
0.40625 0.75 -0.01394
0.375 0.75 -0.00880306
0.375 0.71875 -0.0378108
0.375 0.6875 -0.0633816
0.40625 0.6875 -0.0757031
0.40625 0.71875 -0.0450699
0.375 0.71875 -0.0378108
0.40625 0.75 -0.01394
0.40625 0.71875 -0.0450699
0.4375 0.71875 -0.0442222
0.4375 0.75 -0.0131152
0.40625 0.75 -0.01394
0.40625 0.71875 -0.0450699
0.40625 0.6875 -0.0757031
0.4375 0.6875 -0.0753071
0.4375 0.71875 -0.0442222
0.40625 0.71875 -0.0450699
0.375 0.6875 -0.0633816
0.375 0.65625 -0.0833037
0.40625 0.65625 -0.103492
0.40625 0.6875 -0.0757031
0.375 0.6875 -0.0633816
0.375 0.65625 -0.0833037
0.375 0.625 -0.0968378
0.40625 0.625 -0.123693
0.40625 0.65625 -0.103492
0.375 0.65625 -0.0833037
0.40625 0.6875 -0.0757031
0.40625 0.65625 -0.103492
0.4375 0.65625 -0.106369
0.4375 0.6875 -0.0753071
0.40625 0.6875 -0.0757031
0.40625 0.65625 -0.103492
0.40625 0.625 -0.123693
0.4375 0.625 -0.137081
0.4375 0.65625 -0.106369
0.40625 0.65625 -0.103492
0.4375 0.75 -0.0131152
0.4375 0.71875 -0.0442222
0.46875 0.71875 -0.0404525
0.46875 0.75 -0.00954181
0.4375 0.75 -0.0131152
0.4375 0.71875 -0.0442222
0.4375 0.6875 -0.0753071
0.46875 0.6875 -0.0713381
0.46875 0.71875 -0.0404525
0.4375 0.71875 -0.0442222
0.46875 0.75 -0.00954181
0.46875 0.71875 -0.0404525
0.5 0.71875 -0.0353504
0.5 0.75 -0.00459643
0.46875 0.75 -0.00954181
0.46875 0.71875 -0.0404525
0.46875 0.6875 -0.0713381
0.5 0.6875 -0.0660803
0.5 0.71875 -0.0353504
0.46875 0.71875 -0.0404525
0.4375 0.6875 -0.0753071
0.4375 0.65625 -0.106369
0.46875 0.65625 -0.102198
0.46875 0.6875 -0.0713381
0.4375 0.6875 -0.0753071
0.4375 0.65625 -0.106369
0.4375 0.625 -0.137081
0.46875 0.625 -0.133031
0.46875 0.65625 -0.102198
0.4375 0.65625 -0.106369
0.46875 0.6875 -0.0713381
0.46875 0.65625 -0.102198
0.5 0.65625 -0.0967857
0.5 0.6875 -0.0660803
0.46875 0.6875 -0.0713381
0.46875 0.65625 -0.102198
0.46875 0.625 -0.133031
0.5 0.625 -0.127456
0.5 0.65625 -0.0967857
0.46875 0.65625 -0.102198
0.375 0.625 -0.0968378
0.375 0.5625 -0.113973
0.4375 0.5625 -0.173207
0.4375 0.625 -0.137081
0.375 0.625 -0.0968378
0.375 0.5625 -0.113973
0.375 0.5 -0.127061
0.4375 0.5 -0.182812
0.4375 0.5625 -0.173207
0.375 0.5625 -0.113973
0.4375 0.625 -0.137081
0.4375 0.5625 -0.173207
0.5 0.5625 -0.189469
0.5 0.625 -0.127456
0.4375 0.625 -0.137081
0.4375 0.5625 -0.173207
0.4375 0.5 -0.182812
0.5 0.5 -0.226654
0.5 0.5625 -0.189469
0.4375 0.5625 -0.173207
0 0.5 0.244737
0 0.4375 0.23853
0.0625 0.4375 0.176012
0.0625 0.5 0.182382
0 0.5 0.244737
0 0.4375 0.23853
0 0.375 0.241438
0.0625 0.375 0.179407
0.0625 0.4375 0.176012
0 0.4375 0.23853
0.0625 0.5 0.182382
0.0625 0.4375 0.176012
0.125 0.4375 0.113508
0.125 0.5 0.12005
0.0625 0.5 0.182382
0.0625 0.4375 0.176012
0.0625 0.375 0.179407
0.125 0.375 0.117614
0.125 0.4375 0.113508
0.0625 0.4375 0.176012
0 0.375 0.241438
0 0.3125 0.253816
0.0625 0.3125 0.193697
0.0625 0.375 0.179407
0 0.375 0.241438
0 0.3125 0.253816
0 0.25 0.27548
0.0625 0.25 0.21874
0.0625 0.3125 0.193697
0 0.3125 0.253816
0.0625 0.375 0.179407
0.0625 0.3125 0.193697
0.125 0.3125 0.135257
0.125 0.375 0.117614
0.0625 0.375 0.179407
0.0625 0.3125 0.193697
0.0625 0.25 0.21874
0.125 0.25 0.165595
0.125 0.3125 0.135257
0.0625 0.3125 0.193697
0.125 0.5 0.12005
0.125 0.46875 0.116119
0.15625 0.46875 0.0849311
0.15625 0.5 0.0889962
0.125 0.5 0.12005
0.125 0.46875 0.116119
0.125 0.4375 0.113508
0.15625 0.4375 0.0822582
0.15625 0.46875 0.0849311
0.125 0.46875 0.116119
0.15625 0.5 0.0889962
0.15625 0.46875 0.0849311
0.1875 0.46875 0.0537453
0.1875 0.5 0.0579561
0.15625 0.5 0.0889962
0.15625 0.46875 0.0849311
0.15625 0.4375 0.0822582
0.1875 0.4375 0.0510091
0.1875 0.46875 0.0537453
0.15625 0.46875 0.0849311
0.125 0.4375 0.113508
0.125 0.40625 0.113957
0.15625 0.40625 0.0827876
0.15625 0.4375 0.0822582
0.125 0.4375 0.113508
0.125 0.40625 0.113957
0.125 0.375 0.117614
0.15625 0.375 0.0868965
0.15625 0.40625 0.0827876
0.125 0.40625 0.113957
0.15625 0.4375 0.0822582
0.15625 0.40625 0.0827876
0.1875 0.40625 0.0516213
0.1875 0.4375 0.0510091
0.15625 0.4375 0.0822582
0.15625 0.40625 0.0827876
0.15625 0.375 0.0868965
0.1875 0.375 0.0562718
0.1875 0.40625 0.0516213
0.15625 0.40625 0.0827876
0.1875 0.5 0.0579561
0.1875 0.46875 0.0537453
0.21875 0.46875 0.02256
0.21875 0.5 0.0269315
0.1875 0.5 0.0579561
0.1875 0.46875 0.0537453
0.1875 0.4375 0.0510091
0.21875 0.4375 0.0197594
0.21875 0.46875 0.02256
0.1875 0.46875 0.0537453
0.21875 0.5 0.0269315
0.21875 0.46875 0.02256
0.25 0.46875 -0.00855787
0.25 0.5 -0.00403652
0.21875 0.5 0.0269315
0.21875 0.46875 0.02256
0.21875 0.4375 0.0197594
0.25 0.4375 -0.0114213
0.25 0.46875 -0.00855787
0.21875 0.46875 0.02256
0.1875 0.4375 0.0510091
0.1875 0.40625 0.0516213
0.21875 0.40625 0.0204586
0.21875 0.4375 0.0197594
0.1875 0.4375 0.0510091
0.1875 0.40625 0.0516213
0.1875 0.375 0.0562718
0.21875 0.375 0.0258267
0.21875 0.40625 0.0204586
0.1875 0.40625 0.0516213
0.21875 0.4375 0.0197594
0.21875 0.40625 0.0204586
0.25 0.40625 -0.0102378
0.25 0.4375 -0.0114213
0.21875 0.4375 0.0197594
0.21875 0.40625 0.0204586
0.21875 0.375 0.0258267
0.25 0.375 -0.00406508
0.25 0.40625 -0.0102378
0.21875 0.40625 0.0204586
0.125 0.375 0.117614
0.125 0.34375 0.124693
0.15625 0.34375 0.0948365
0.15625 0.375 0.0868965
0.125 0.375 0.117614
0.125 0.34375 0.124693
0.125 0.3125 0.135257
0.15625 0.3125 0.106868
0.15625 0.34375 0.0948365
0.125 0.34375 0.124693
0.15625 0.375 0.0868965
0.15625 0.34375 0.0948365
0.1875 0.34375 0.06545
0.1875 0.375 0.0562718
0.15625 0.375 0.0868965
0.15625 0.34375 0.0948365
0.15625 0.3125 0.106868
0.1875 0.3125 0.0792657
0.1875 0.34375 0.06545
0.15625 0.34375 0.0948365
0.125 0.3125 0.135257
0.125 0.28125 0.149055
0.15625 0.28125 0.122129
0.15625 0.3125 0.106868
0.125 0.3125 0.135257
0.125 0.28125 0.149055
0.125 0.25 0.165595
0.15625 0.25 0.14033
0.15625 0.28125 0.122129
0.125 0.28125 0.149055
0.15625 0.3125 0.106868
0.15625 0.28125 0.122129
0.1875 0.28125 0.096492
0.1875 0.3125 0.0792657
0.15625 0.3125 0.106868
0.15625 0.28125 0.122129
0.15625 0.25 0.14033
0.1875 0.25 0.116546
0.1875 0.28125 0.096492
0.15625 0.28125 0.122129
0.1875 0.375 0.0562718
0.1875 0.34375 0.06545
0.21875 0.34375 0.0366553
0.21875 0.375 0.0258267
0.1875 0.375 0.0562718
0.1875 0.34375 0.06545
0.1875 0.3125 0.0792657
0.21875 0.3125 0.0526675
0.21875 0.34375 0.0366553
0.1875 0.34375 0.06545
0.21875 0.375 0.0258267
0.21875 0.34375 0.0366553
0.25 0.34375 0.00899124
0.25 0.375 -0.00406508
0.21875 0.375 0.0258267
0.21875 0.34375 0.0366553
0.21875 0.3125 0.0526675
0.25 0.3125 0.0277822
0.25 0.34375 0.00899124
0.21875 0.34375 0.0366553
0.1875 0.3125 0.0792657
0.1875 0.28125 0.096492
0.21875 0.28125 0.0722
0.21875 0.3125 0.0526675
0.1875 0.3125 0.0792657
0.1875 0.28125 0.096492
0.1875 0.25 0.116546
0.21875 0.25 0.0942931
0.21875 0.28125 0.0722
0.1875 0.28125 0.096492
0.21875 0.3125 0.0526675
0.21875 0.28125 0.0722
0.25 0.28125 0.050002
0.25 0.3125 0.0277822
0.21875 0.3125 0.0526675
0.21875 0.28125 0.0722
0.21875 0.25 0.0942931
0.25 0.25 0.0744137
0.25 0.28125 0.050002
0.21875 0.28125 0.0722
0 0.25 0.27548
0 0.1875 0.30607
0.0625 0.1875 0.253302
0.0625 0.25 0.21874
0 0.25 0.27548
0 0.1875 0.30607
0 0.125 0.342343
0.0625 0.125 0.293657
0.0625 0.1875 0.253302
0 0.1875 0.30607
0.0625 0.25 0.21874
0.0625 0.1875 0.253302
0.125 0.1875 0.205512
0.125 0.25 0.165595
0.0625 0.25 0.21874
0.0625 0.1875 0.253302
0.0625 0.125 0.293657
0.125 0.125 0.251048
0.125 0.1875 0.205512
0.0625 0.1875 0.253302
0 0.125 0.342343
0 0 0.437183
0.125 0 0.35581
0.125 0.125 0.251048
0 0.125 0.342343
0.125 0.25 0.165595
0.125 0.1875 0.205512
0.1875 0.1875 0.162143
0.1875 0.25 0.116546
0.125 0.25 0.165595
0.125 0.1875 0.205512
0.125 0.125 0.251048
0.1875 0.125 0.213329
0.1875 0.1875 0.162143
0.125 0.1875 0.205512
0.1875 0.25 0.116546
0.1875 0.21875 0.138551
0.21875 0.21875 0.118152
0.21875 0.25 0.0942931
0.1875 0.25 0.116546
0.1875 0.21875 0.138551
0.1875 0.1875 0.162143
0.21875 0.1875 0.143515
0.21875 0.21875 0.118152
0.1875 0.21875 0.138551
0.21875 0.25 0.0942931
0.21875 0.21875 0.118152
0.25 0.21875 0.100208
0.25 0.25 0.0744137
0.21875 0.25 0.0942931
0.21875 0.21875 0.118152
0.21875 0.1875 0.143515
0.25 0.1875 0.127154
0.25 0.21875 0.100208
0.21875 0.21875 0.118152
0.1875 0.1875 0.162143
0.1875 0.125 0.213329
0.25 0.125 0.183256
0.25 0.1875 0.127154
0.1875 0.1875 0.162143
0.125 0.125 0.251048
0.125 0 0.35581
0.25 0 0.299676
0.25 0.125 0.183256
0.125 0.125 0.251048
0.25 0.5 -0.00403652
0.25 0.46875 -0.00855787
0.28125 0.46875 -0.0395408
0.28125 0.5 -0.034836
0.25 0.5 -0.00403652
0.25 0.46875 -0.00855787
0.25 0.4375 -0.0114213
0.28125 0.4375 -0.0423396
0.28125 0.46875 -0.0395408
0.25 0.46875 -0.00855787
0.28125 0.5 -0.034836
0.28125 0.46875 -0.0395408
0.3125 0.46875 -0.0704967
0.3125 0.5 -0.0656044
0.28125 0.5 -0.034836
0.28125 0.46875 -0.0395408
0.28125 0.4375 -0.0423396
0.3125 0.4375 -0.0726363
0.3125 0.46875 -0.0704967
0.28125 0.46875 -0.0395408
0.25 0.4375 -0.0114213
0.25 0.40625 -0.0102378
0.28125 0.40625 -0.0396941
0.28125 0.4375 -0.0423396
0.25 0.4375 -0.0114213
0.25 0.40625 -0.0102378
0.25 0.375 -0.00406508
0.28125 0.375 -0.030779
0.28125 0.40625 -0.0396941
0.25 0.40625 -0.0102378
0.28125 0.4375 -0.0423396
0.28125 0.40625 -0.0396941
0.3125 0.40625 -0.0674721
0.3125 0.4375 -0.0726363
0.28125 0.4375 -0.0423396
0.28125 0.40625 -0.0396941
0.28125 0.375 -0.030779
0.3125 0.375 -0.0549963
0.3125 0.40625 -0.0674721
0.28125 0.40625 -0.0396941
0.3125 0.5 -0.0656044
0.3125 0.46875 -0.0704967
0.34375 0.46875 -0.101425
0.34375 0.5 -0.0963453
0.3125 0.5 -0.0656044
0.3125 0.46875 -0.0704967
0.3125 0.4375 -0.0726363
0.34375 0.4375 -0.101694
0.34375 0.46875 -0.101425
0.3125 0.46875 -0.0704967
0.34375 0.5 -0.0963453
0.34375 0.46875 -0.101425
0.375 0.46875 -0.131926
0.375 0.5 -0.127061
0.34375 0.5 -0.0963453
0.34375 0.46875 -0.101425
0.34375 0.4375 -0.101694
0.375 0.4375 -0.128397
0.375 0.46875 -0.131926
0.34375 0.46875 -0.101425
0.3125 0.4375 -0.0726363
0.3125 0.40625 -0.0674721
0.34375 0.40625 -0.0927094
0.34375 0.4375 -0.101694
0.3125 0.4375 -0.0726363
0.3125 0.40625 -0.0674721
0.3125 0.375 -0.0549963
0.34375 0.375 -0.0757319
0.34375 0.40625 -0.0927094
0.3125 0.40625 -0.0674721
0.34375 0.4375 -0.101694
0.34375 0.40625 -0.0927094
0.375 0.40625 -0.114234
0.375 0.4375 -0.128397
0.34375 0.4375 -0.101694
0.34375 0.40625 -0.0927094
0.34375 0.375 -0.0757319
0.375 0.375 -0.0922807
0.375 0.40625 -0.114234
0.34375 0.40625 -0.0927094
0.25 0.375 -0.00406508
0.25 0.34375 0.00899124
0.28125 0.34375 -0.0154152
0.28125 0.375 -0.030779
0.25 0.375 -0.00406508
0.25 0.34375 0.00899124
0.25 0.3125 0.0277822
0.28125 0.3125 0.00545528
0.28125 0.34375 -0.0154152
0.25 0.34375 0.00899124
0.28125 0.375 -0.030779
0.28125 0.34375 -0.0154152
0.3125 0.34375 -0.0357648
0.3125 0.375 -0.0549963
0.28125 0.375 -0.030779
0.28125 0.34375 -0.0154152
0.28125 0.3125 0.00545528
0.3125 0.3125 -0.0125954
0.3125 0.34375 -0.0357648
0.28125 0.34375 -0.0154152
0.25 0.3125 0.0277822
0.25 0.28125 0.050002
0.28125 0.28125 0.0304832
0.28125 0.3125 0.00545528
0.25 0.3125 0.0277822
0.25 0.28125 0.050002
0.25 0.25 0.0744137
0.28125 0.25 0.0571825
0.28125 0.28125 0.0304832
0.25 0.28125 0.050002
0.28125 0.3125 0.00545528
0.28125 0.28125 0.0304832
0.3125 0.28125 0.0146603
0.3125 0.3125 -0.0125954
0.28125 0.3125 0.00545528
0.28125 0.28125 0.0304832
0.28125 0.25 0.0571825
0.3125 0.25 0.043124
0.3125 0.28125 0.0146603
0.28125 0.28125 0.0304832
0.3125 0.375 -0.0549963
0.3125 0.34375 -0.0357648
0.34375 0.34375 -0.0525565
0.34375 0.375 -0.0757319
0.3125 0.375 -0.0549963
0.3125 0.34375 -0.0357648
0.3125 0.3125 -0.0125954
0.34375 0.3125 -0.0260647
0.34375 0.34375 -0.0525565
0.3125 0.34375 -0.0357648
0.34375 0.375 -0.0757319
0.34375 0.34375 -0.0525565
0.375 0.34375 -0.0656132
0.375 0.375 -0.0922807
0.34375 0.375 -0.0757319
0.34375 0.34375 -0.0525565
0.34375 0.3125 -0.0260647
0.375 0.3125 -0.0368319
0.375 0.34375 -0.0656132
0.34375 0.34375 -0.0525565
0.3125 0.3125 -0.0125954
0.3125 0.28125 0.0146603
0.34375 0.28125 0.0022721
0.34375 0.3125 -0.0260647
0.3125 0.3125 -0.0125954
0.3125 0.28125 0.0146603
0.3125 0.25 0.043124
0.34375 0.25 0.031818
0.34375 0.28125 0.0022721
0.3125 0.28125 0.0146603
0.34375 0.3125 -0.0260647
0.34375 0.28125 0.0022721
0.375 0.28125 -0.00744671
0.375 0.3125 -0.0368319
0.34375 0.3125 -0.0260647
0.34375 0.28125 0.0022721
0.34375 0.25 0.031818
0.375 0.25 0.0226195
0.375 0.28125 -0.00744671
0.34375 0.28125 0.0022721
0.375 0.5 -0.127061
0.375 0.4375 -0.128397
0.4375 0.4375 -0.161381
0.4375 0.5 -0.182812
0.375 0.5 -0.127061
0.375 0.4375 -0.128397
0.375 0.375 -0.0922807
0.4375 0.375 -0.113361
0.4375 0.4375 -0.161381
0.375 0.4375 -0.128397
0.4375 0.5 -0.182812
0.4375 0.4375 -0.161381
0.5 0.4375 -0.184339
0.5 0.5 -0.226654
0.4375 0.5 -0.182812
0.4375 0.4375 -0.161381
0.4375 0.375 -0.113361
0.5 0.375 -0.127244
0.5 0.4375 -0.184339
0.4375 0.4375 -0.161381
0.375 0.375 -0.0922807
0.375 0.34375 -0.0656132
0.40625 0.34375 -0.0754433
0.40625 0.375 -0.10437
0.375 0.375 -0.0922807
0.375 0.34375 -0.0656132
0.375 0.3125 -0.0368319
0.40625 0.3125 -0.0455938
0.40625 0.34375 -0.0754433
0.375 0.34375 -0.0656132
0.40625 0.375 -0.10437
0.40625 0.34375 -0.0754433
0.4375 0.34375 -0.0834018
0.4375 0.375 -0.113361
0.40625 0.375 -0.10437
0.40625 0.34375 -0.0754433
0.40625 0.3125 -0.0455938
0.4375 0.3125 -0.0530981
0.4375 0.34375 -0.0834018
0.40625 0.34375 -0.0754433
0.375 0.3125 -0.0368319
0.375 0.28125 -0.00744671
0.40625 0.28125 -0.0155285
0.40625 0.3125 -0.0455938
0.375 0.3125 -0.0368319
0.375 0.28125 -0.00744671
0.375 0.25 0.0226195
0.40625 0.25 0.0147935
0.40625 0.28125 -0.0155285
0.375 0.28125 -0.00744671
0.40625 0.3125 -0.0455938
0.40625 0.28125 -0.0155285
0.4375 0.28125 -0.022713
0.4375 0.3125 -0.0530981
0.40625 0.3125 -0.0455938
0.40625 0.28125 -0.0155285
0.40625 0.25 0.0147935
0.4375 0.25 0.00776183
0.4375 0.28125 -0.022713
0.40625 0.28125 -0.0155285
0.4375 0.375 -0.113361
0.4375 0.34375 -0.0834018
0.46875 0.34375 -0.0903723
0.46875 0.375 -0.120774
0.4375 0.375 -0.113361
0.4375 0.34375 -0.0834018
0.4375 0.3125 -0.0530981
0.46875 0.3125 -0.0598518
0.46875 0.34375 -0.0903723
0.4375 0.34375 -0.0834018
0.46875 0.375 -0.120774
0.46875 0.34375 -0.0903723
0.5 0.34375 -0.0965967
0.5 0.375 -0.127244
0.46875 0.375 -0.120774
0.46875 0.34375 -0.0903723
0.46875 0.3125 -0.0598518
0.5 0.3125 -0.0659145
0.5 0.34375 -0.0965967
0.46875 0.34375 -0.0903723
0.4375 0.3125 -0.0530981
0.4375 0.28125 -0.022713
0.46875 0.28125 -0.0292825
0.46875 0.3125 -0.0598518
0.4375 0.3125 -0.0530981
0.4375 0.28125 -0.022713
0.4375 0.25 0.00776183
0.46875 0.25 0.00131971
0.46875 0.28125 -0.0292825
0.4375 0.28125 -0.022713
0.46875 0.3125 -0.0598518
0.46875 0.28125 -0.0292825
0.5 0.28125 -0.0352032
0.5 0.3125 -0.0659145
0.46875 0.3125 -0.0598518
0.46875 0.28125 -0.0292825
0.46875 0.25 0.00131971
0.5 0.25 -0.00446955
0.5 0.28125 -0.0352032
0.46875 0.28125 -0.0292825
0.25 0.25 0.0744137
0.25 0.21875 0.100208
0.28125 0.21875 0.0848181
0.28125 0.25 0.0571825
0.25 0.25 0.0744137
0.25 0.21875 0.100208
0.25 0.1875 0.127154
0.28125 0.1875 0.113148
0.28125 0.21875 0.0848181
0.25 0.21875 0.100208
0.28125 0.25 0.0571825
0.28125 0.21875 0.0848181
0.3125 0.21875 0.072061
0.3125 0.25 0.043124
0.28125 0.25 0.0571825
0.28125 0.21875 0.0848181
0.28125 0.1875 0.113148
0.3125 0.1875 0.101336
0.3125 0.21875 0.072061
0.28125 0.21875 0.0848181
0.25 0.1875 0.127154
0.25 0.125 0.183256
0.3125 0.125 0.160527
0.3125 0.1875 0.101336
0.25 0.1875 0.127154
0.3125 0.25 0.043124
0.3125 0.21875 0.072061
0.34375 0.21875 0.0615641
0.34375 0.25 0.031818
0.3125 0.25 0.043124
0.3125 0.21875 0.072061
0.3125 0.1875 0.101336
0.34375 0.1875 0.0914641
0.34375 0.21875 0.0615641
0.3125 0.21875 0.072061
0.34375 0.25 0.031818
0.34375 0.21875 0.0615641
0.375 0.21875 0.0528048
0.375 0.25 0.0226195
0.34375 0.25 0.031818
0.34375 0.21875 0.0615641
0.34375 0.1875 0.0914641
0.375 0.1875 0.0830499
0.375 0.21875 0.0528048
0.34375 0.21875 0.0615641
0.3125 0.1875 0.101336
0.3125 0.15625 0.130832
0.34375 0.15625 0.121465
0.34375 0.1875 0.0914641
0.3125 0.1875 0.101336
0.3125 0.15625 0.130832
0.3125 0.125 0.160527
0.34375 0.125 0.151578
0.34375 0.15625 0.121465
0.3125 0.15625 0.130832
0.34375 0.1875 0.0914641
0.34375 0.15625 0.121465
0.375 0.15625 0.113341
0.375 0.1875 0.0830499
0.34375 0.1875 0.0914641
0.34375 0.15625 0.121465
0.34375 0.125 0.151578
0.375 0.125 0.14368
0.375 0.15625 0.113341
0.34375 0.15625 0.121465
0.25 0.125 0.183256
0.25 0.0625 0.2408
0.3125 0.0625 0.220359
0.3125 0.125 0.160527
0.25 0.125 0.183256
0.25 0.0625 0.2408
0.25 0 0.299676
0.3125 0 0.280626
0.3125 0.0625 0.220359
0.25 0.0625 0.2408
0.3125 0.125 0.160527
0.3125 0.0625 0.220359
0.375 0.0625 0.204449
0.375 0.125 0.14368
0.3125 0.125 0.160527
0.3125 0.0625 0.220359
0.3125 0 0.280626
0.375 0 0.265399
0.375 0.0625 0.204449
0.3125 0.0625 0.220359
0.375 0.25 0.0226195
0.375 0.21875 0.0528048
0.40625 0.21875 0.0451894
0.40625 0.25 0.0147935
0.375 0.25 0.0226195
0.375 0.21875 0.0528048
0.375 0.1875 0.0830499
0.40625 0.1875 0.0756166
0.40625 0.21875 0.0451894
0.375 0.21875 0.0528048
0.40625 0.25 0.0147935
0.40625 0.21875 0.0451894
0.4375 0.21875 0.0382919
0.4375 0.25 0.00776183
0.40625 0.25 0.0147935
0.40625 0.21875 0.0451894
0.40625 0.1875 0.0756166
0.4375 0.1875 0.0688495
0.4375 0.21875 0.0382919
0.40625 0.21875 0.0451894
0.375 0.1875 0.0830499
0.375 0.15625 0.113341
0.40625 0.15625 0.106073
0.40625 0.1875 0.0756166
0.375 0.1875 0.0830499
0.375 0.15625 0.113341
0.375 0.125 0.14368
0.40625 0.125 0.136562
0.40625 0.15625 0.106073
0.375 0.15625 0.113341
0.40625 0.1875 0.0756166
0.40625 0.15625 0.106073
0.4375 0.15625 0.0994347
0.4375 0.1875 0.0688495
0.40625 0.1875 0.0756166
0.40625 0.15625 0.106073
0.40625 0.125 0.136562
0.4375 0.125 0.130045
0.4375 0.15625 0.0994347
0.40625 0.15625 0.106073
0.4375 0.25 0.00776183
0.4375 0.21875 0.0382919
0.46875 0.21875 0.0319786
0.46875 0.25 0.00131971
0.4375 0.25 0.00776183
0.4375 0.21875 0.0382919
0.4375 0.1875 0.0688495
0.46875 0.1875 0.0626639
0.46875 0.21875 0.0319786
0.4375 0.21875 0.0382919
0.46875 0.25 0.00131971
0.46875 0.21875 0.0319786
0.5 0.21875 0.0263272
0.5 0.25 -0.00446955
0.46875 0.25 0.00131971
0.46875 0.21875 0.0319786
0.46875 0.1875 0.0626639
0.5 0.1875 0.0571569
0.5 0.21875 0.0263272
0.46875 0.21875 0.0319786
0.4375 0.1875 0.0688495
0.4375 0.15625 0.0994347
0.46875 0.15625 0.0933747
0.46875 0.1875 0.0626639
0.4375 0.1875 0.0688495
0.4375 0.15625 0.0994347
0.4375 0.125 0.130045
0.46875 0.125 0.12411
0.46875 0.15625 0.0933747
0.4375 0.15625 0.0994347
0.46875 0.1875 0.0626639
0.46875 0.15625 0.0933747
0.5 0.15625 0.0880117
0.5 0.1875 0.0571569
0.46875 0.1875 0.0626639
0.46875 0.15625 0.0933747
0.46875 0.125 0.12411
0.5 0.125 0.11889
0.5 0.15625 0.0880117
0.46875 0.15625 0.0933747
0.375 0.125 0.14368
0.375 0.0625 0.204449
0.4375 0.0625 0.191353
0.4375 0.125 0.130045
0.375 0.125 0.14368
0.375 0.0625 0.204449
0.375 0 0.265399
0.4375 0 0.252818
0.4375 0.0625 0.191353
0.375 0.0625 0.204449
0.4375 0.125 0.130045
0.4375 0.0625 0.191353
0.5 0.0625 0.180745
0.5 0.125 0.11889
0.4375 0.125 0.130045
0.4375 0.0625 0.191353
0.4375 0 0.252818
0.5 0 0.242733
0.5 0.0625 0.180745
0.4375 0.0625 0.191353
0.5 1 0.24273
0.5 0.9375 0.180758
0.5625 0.9375 0.191443
0.5625 1 0.252891
0.5 1 0.24273
0.5 0.9375 0.180758
0.5 0.875 0.118835
0.5625 0.875 0.130062
0.5625 0.9375 0.191443
0.5 0.9375 0.180758
0.5625 1 0.252891
0.5625 0.9375 0.191443
0.625 0.9375 0.204683
0.625 1 0.265601
0.5625 1 0.252891
0.5625 0.9375 0.191443
0.5625 0.875 0.130062
0.625 0.875 0.143849
0.625 0.9375 0.204683
0.5625 0.9375 0.191443
0.5 0.875 0.118835
0.5 0.84375 0.0879375
0.53125 0.84375 0.0933316
0.53125 0.875 0.124088
0.5 0.875 0.118835
0.5 0.84375 0.0879375
0.5 0.8125 0.0570655
0.53125 0.8125 0.0626012
0.53125 0.84375 0.0933316
0.5 0.84375 0.0879375
0.53125 0.875 0.124088
0.53125 0.84375 0.0933316
0.5625 0.84375 0.0994331
0.5625 0.875 0.130062
0.53125 0.875 0.124088
0.53125 0.84375 0.0933316
0.53125 0.8125 0.0626012
0.5625 0.8125 0.0688316
0.5625 0.84375 0.0994331
0.53125 0.84375 0.0933316
0.5 0.8125 0.0570655
0.5 0.78125 0.0262183
0.53125 0.78125 0.0318967
0.53125 0.8125 0.0626012
0.5 0.8125 0.0570655
0.5 0.78125 0.0262183
0.5 0.75 -0.00459643
0.53125 0.75 0.00121871
0.53125 0.78125 0.0318967
0.5 0.78125 0.0262183
0.53125 0.8125 0.0626012
0.53125 0.78125 0.0318967
0.5625 0.78125 0.0382578
0.5625 0.8125 0.0688316
0.53125 0.8125 0.0626012
0.53125 0.78125 0.0318967
0.53125 0.75 0.00121871
0.5625 0.75 0.00771238
0.5625 0.78125 0.0382578
0.53125 0.78125 0.0318967
0.5625 0.875 0.130062
0.5625 0.84375 0.0994331
0.59375 0.84375 0.106136
0.59375 0.875 0.136637
0.5625 0.875 0.130062
0.5625 0.84375 0.0994331
0.5625 0.8125 0.0688316
0.59375 0.8125 0.0756658
0.59375 0.84375 0.106136
0.5625 0.84375 0.0994331
0.59375 0.875 0.136637
0.59375 0.84375 0.106136
0.625 0.84375 0.1135
0.625 0.875 0.143849
0.59375 0.875 0.136637
0.59375 0.84375 0.106136
0.59375 0.8125 0.0756658
0.625 0.8125 0.0831905
0.625 0.84375 0.1135
0.59375 0.84375 0.106136
0.5625 0.8125 0.0688316
0.5625 0.78125 0.0382578
0.59375 0.78125 0.045226
0.59375 0.8125 0.0756658
0.5625 0.8125 0.0688316
0.5625 0.78125 0.0382578
0.5625 0.75 0.00771238
0.59375 0.75 0.0148178
0.59375 0.78125 0.045226
0.5625 0.78125 0.0382578
0.59375 0.8125 0.0756658
0.59375 0.78125 0.045226
0.625 0.78125 0.0529261
0.625 0.8125 0.0831905
0.59375 0.8125 0.0756658
0.59375 0.78125 0.045226
0.59375 0.75 0.0148178
0.625 0.75 0.0227105
0.625 0.78125 0.0529261
0.59375 0.78125 0.045226
0.625 1 0.265601
0.625 0.9375 0.204683
0.6875 0.9375 0.221183
0.6875 1 0.281283
0.625 1 0.265601
0.625 0.9375 0.204683
0.625 0.875 0.143849
0.6875 0.875 0.161273
0.6875 0.9375 0.221183
0.625 0.9375 0.204683
0.6875 1 0.281283
0.6875 0.9375 0.221183
0.75 0.9375 0.243666
0.75 1 0.301795
0.6875 1 0.281283
0.6875 0.9375 0.221183
0.6875 0.875 0.161273
0.75 0.875 0.186206
0.75 0.9375 0.243666
0.6875 0.9375 0.221183
0.625 0.875 0.143849
0.625 0.84375 0.1135
0.65625 0.84375 0.121792
0.65625 0.875 0.1519
0.625 0.875 0.143849
0.625 0.84375 0.1135
0.625 0.8125 0.0831905
0.65625 0.8125 0.0917593
0.65625 0.84375 0.121792
0.625 0.84375 0.1135
0.65625 0.875 0.1519
0.65625 0.84375 0.121792
0.6875 0.84375 0.131592
0.6875 0.875 0.161273
0.65625 0.875 0.1519
0.65625 0.84375 0.121792
0.65625 0.8125 0.0917593
0.6875 0.8125 0.102086
0.6875 0.84375 0.131592
0.65625 0.84375 0.121792
0.625 0.8125 0.0831905
0.625 0.78125 0.0529261
0.65625 0.78125 0.0618147
0.65625 0.8125 0.0917593
0.625 0.8125 0.0831905
0.625 0.78125 0.0529261
0.625 0.75 0.0227105
0.65625 0.75 0.0319835
0.65625 0.78125 0.0618147
0.625 0.78125 0.0529261
0.65625 0.8125 0.0917593
0.65625 0.78125 0.0618147
0.6875 0.78125 0.0728066
0.6875 0.8125 0.102086
0.65625 0.8125 0.0917593
0.65625 0.78125 0.0618147
0.65625 0.75 0.0319835
0.6875 0.75 0.0438227
0.6875 0.78125 0.0728066
0.65625 0.78125 0.0618147
0.6875 0.875 0.161273
0.6875 0.8125 0.102086
0.75 0.8125 0.130183
0.75 0.875 0.186206
0.6875 0.875 0.161273
0.6875 0.8125 0.102086
0.6875 0.78125 0.0728066
0.71875 0.78125 0.0865499
0.71875 0.8125 0.114758
0.6875 0.8125 0.102086
0.6875 0.78125 0.0728066
0.6875 0.75 0.0438227
0.71875 0.75 0.0589128
0.71875 0.78125 0.0865499
0.6875 0.78125 0.0728066
0.71875 0.8125 0.114758
0.71875 0.78125 0.0865499
0.75 0.78125 0.103417
0.75 0.8125 0.130183
0.71875 0.8125 0.114758
0.71875 0.78125 0.0865499
0.71875 0.75 0.0589128
0.75 0.75 0.0776237
0.75 0.78125 0.103417
0.71875 0.78125 0.0865499
0.5 0.75 -0.00459643
0.5 0.71875 -0.0353504
0.53125 0.71875 -0.0294009
0.53125 0.75 0.00121871
0.5 0.75 -0.00459643
0.5 0.71875 -0.0353504
0.5 0.6875 -0.0660803
0.53125 0.6875 -0.0599954
0.53125 0.71875 -0.0294009
0.5 0.71875 -0.0353504
0.53125 0.75 0.00121871
0.53125 0.71875 -0.0294009
0.5625 0.71875 -0.0227776
0.5625 0.75 0.00771238
0.53125 0.75 0.00121871
0.53125 0.71875 -0.0294009
0.53125 0.6875 -0.0599954
0.5625 0.6875 -0.0532284
0.5625 0.71875 -0.0227776
0.53125 0.71875 -0.0294009
0.5 0.6875 -0.0660803
0.5 0.65625 -0.0967857
0.53125 0.65625 -0.0905604
0.53125 0.6875 -0.0599954
0.5 0.6875 -0.0660803
0.5 0.65625 -0.0967857
0.5 0.625 -0.127456
0.53125 0.625 -0.121092
0.53125 0.65625 -0.0905604
0.5 0.65625 -0.0967857
0.53125 0.6875 -0.0599954
0.53125 0.65625 -0.0905604
0.5625 0.65625 -0.083634
0.5625 0.6875 -0.0532284
0.53125 0.6875 -0.0599954
0.53125 0.65625 -0.0905604
0.53125 0.625 -0.121092
0.5625 0.625 -0.113979
0.5625 0.65625 -0.083634
0.53125 0.65625 -0.0905604
0.5625 0.75 0.00771238
0.5625 0.71875 -0.0227776
0.59375 0.71875 -0.0155228
0.59375 0.75 0.0148178
0.5625 0.75 0.00771238
0.5625 0.71875 -0.0227776
0.5625 0.6875 -0.0532284
0.59375 0.6875 -0.0457809
0.59375 0.71875 -0.0155228
0.5625 0.71875 -0.0227776
0.59375 0.75 0.0148178
0.59375 0.71875 -0.0155228
0.625 0.71875 -0.00740873
0.625 0.75 0.0227105
0.59375 0.75 0.0148178
0.59375 0.71875 -0.0155228
0.59375 0.6875 -0.0457809
0.625 0.6875 -0.0372866
0.625 0.71875 -0.00740873
0.59375 0.71875 -0.0155228
0.5625 0.6875 -0.0532284
0.5625 0.65625 -0.083634
0.59375 0.65625 -0.0759346
0.59375 0.6875 -0.0457809
0.5625 0.6875 -0.0532284
0.5625 0.65625 -0.083634
0.5625 0.625 -0.113979
0.59375 0.625 -0.105908
0.59375 0.65625 -0.0759346
0.5625 0.65625 -0.083634
0.59375 0.6875 -0.0457809
0.59375 0.65625 -0.0759346
0.625 0.65625 -0.0668346
0.625 0.6875 -0.0372866
0.59375 0.6875 -0.0457809
0.59375 0.65625 -0.0759346
0.59375 0.625 -0.105908
0.625 0.625 -0.0956808
0.625 0.65625 -0.0668346
0.59375 0.65625 -0.0759346
0.5 0.625 -0.127456
0.5 0.5625 -0.189469
0.5625 0.5625 -0.172059
0.5625 0.625 -0.113979
0.5 0.625 -0.127456
0.5 0.5625 -0.189469
0.5 0.5 -0.226654
0.5625 0.5 -0.185096
0.5625 0.5625 -0.172059
0.5 0.5625 -0.189469
0.5625 0.625 -0.113979
0.5625 0.5625 -0.172059
0.625 0.5625 -0.135369
0.625 0.625 -0.0956808
0.5625 0.625 -0.113979
0.5625 0.5625 -0.172059
0.5625 0.5 -0.185096
0.625 0.5 -0.126629
0.625 0.5625 -0.135369
0.5625 0.5625 -0.172059
0.625 0.75 0.0227105
0.625 0.71875 -0.00740873
0.65625 0.71875 0.00229338
0.65625 0.75 0.0319835
0.625 0.75 0.0227105
0.625 0.71875 -0.00740873
0.625 0.6875 -0.0372866
0.65625 0.6875 -0.0266897
0.65625 0.71875 0.00229338
0.625 0.71875 -0.00740873
0.65625 0.75 0.0319835
0.65625 0.71875 0.00229338
0.6875 0.71875 0.0152549
0.6875 0.75 0.0438227
0.65625 0.75 0.0319835
0.65625 0.71875 0.00229338
0.65625 0.6875 -0.0266897
0.6875 0.6875 -0.0121856
0.6875 0.71875 0.0152549
0.65625 0.71875 0.00229338
0.625 0.6875 -0.0372866
0.625 0.65625 -0.0668346
0.65625 0.65625 -0.054643
0.65625 0.6875 -0.0266897
0.625 0.6875 -0.0372866
0.625 0.65625 -0.0668346
0.625 0.625 -0.0956808
0.65625 0.625 -0.0802149
0.65625 0.65625 -0.054643
0.625 0.65625 -0.0668346
0.65625 0.6875 -0.0266897
0.65625 0.65625 -0.054643
0.6875 0.65625 -0.0373465
0.6875 0.6875 -0.0121856
0.65625 0.6875 -0.0266897
0.65625 0.65625 -0.054643
0.65625 0.625 -0.0802149
0.6875 0.625 -0.0585269
0.6875 0.65625 -0.0373465
0.65625 0.65625 -0.054643
0.6875 0.75 0.0438227
0.6875 0.71875 0.0152549
0.71875 0.71875 0.0321039
0.71875 0.75 0.0589128
0.6875 0.75 0.0438227
0.6875 0.71875 0.0152549
0.6875 0.6875 -0.0121856
0.71875 0.6875 0.00652168
0.71875 0.71875 0.0321039
0.6875 0.71875 0.0152549
0.71875 0.75 0.0589128
0.71875 0.71875 0.0321039
0.75 0.71875 0.053124
0.75 0.75 0.0776237
0.71875 0.75 0.0589128
0.71875 0.71875 0.0321039
0.71875 0.6875 0.00652168
0.75 0.6875 0.0304604
0.75 0.71875 0.053124
0.71875 0.71875 0.0321039
0.6875 0.6875 -0.0121856
0.6875 0.65625 -0.0373465
0.71875 0.65625 -0.0153795
0.71875 0.6875 0.00652168
0.6875 0.6875 -0.0121856
0.6875 0.65625 -0.0373465
0.6875 0.625 -0.0585269
0.71875 0.625 -0.032566
0.71875 0.65625 -0.0153795
0.6875 0.65625 -0.0373465
0.71875 0.6875 0.00652168
0.71875 0.65625 -0.0153795
0.75 0.65625 0.0105395
0.75 0.6875 0.0304604
0.71875 0.6875 0.00652168
0.71875 0.65625 -0.0153795
0.71875 0.625 -0.032566
0.75 0.625 -0.00402386
0.75 0.65625 0.0105395
0.71875 0.65625 -0.0153795
0.625 0.625 -0.0956808
0.625 0.59375 -0.121774
0.65625 0.59375 -0.0999439
0.65625 0.625 -0.0802149
0.625 0.625 -0.0956808
0.625 0.59375 -0.121774
0.625 0.5625 -0.135369
0.65625 0.5625 -0.104795
0.65625 0.59375 -0.0999439
0.625 0.59375 -0.121774
0.65625 0.625 -0.0802149
0.65625 0.59375 -0.0999439
0.6875 0.59375 -0.0723818
0.6875 0.625 -0.0585269
0.65625 0.625 -0.0802149
0.65625 0.59375 -0.0999439
0.65625 0.5625 -0.104795
0.6875 0.5625 -0.0738337
0.6875 0.59375 -0.0723818
0.65625 0.59375 -0.0999439
0.625 0.5625 -0.135369
0.625 0.53125 -0.131932
0.65625 0.53125 -0.101209
0.65625 0.5625 -0.104795
0.625 0.5625 -0.135369
0.625 0.53125 -0.131932
0.625 0.5 -0.126629
0.65625 0.5 -0.0961047
0.65625 0.53125 -0.101209
0.625 0.53125 -0.131932
0.65625 0.5625 -0.104795
0.65625 0.53125 -0.101209
0.6875 0.53125 -0.07045
0.6875 0.5625 -0.0738337
0.65625 0.5625 -0.104795
0.65625 0.53125 -0.101209
0.65625 0.5 -0.0961047
0.6875 0.5 -0.0655219
0.6875 0.53125 -0.07045
0.65625 0.53125 -0.101209
0.6875 0.625 -0.0585269
0.6875 0.59375 -0.0723818
0.71875 0.59375 -0.0424194
0.71875 0.625 -0.032566
0.6875 0.625 -0.0585269
0.6875 0.59375 -0.0723818
0.6875 0.5625 -0.0738337
0.71875 0.5625 -0.0428476
0.71875 0.59375 -0.0424194
0.6875 0.59375 -0.0723818
0.71875 0.625 -0.032566
0.71875 0.59375 -0.0424194
0.75 0.59375 -0.0116196
0.75 0.625 -0.00402386
0.71875 0.625 -0.032566
0.71875 0.59375 -0.0424194
0.71875 0.5625 -0.0428476
0.75 0.5625 -0.0118388
0.75 0.59375 -0.0116196
0.71875 0.59375 -0.0424194
0.6875 0.5625 -0.0738337
0.6875 0.53125 -0.07045
0.71875 0.53125 -0.0396626
0.71875 0.5625 -0.0428476
0.6875 0.5625 -0.0738337
0.6875 0.53125 -0.07045
0.6875 0.5 -0.0655219
0.71875 0.5 -0.0349016
0.71875 0.53125 -0.0396626
0.6875 0.53125 -0.07045
0.71875 0.5625 -0.0428476
0.71875 0.53125 -0.0396626
0.75 0.53125 -0.00884903
0.75 0.5625 -0.0118388
0.71875 0.5625 -0.0428476
0.71875 0.53125 -0.0396626
0.71875 0.5 -0.0349016
0.75 0.5 -0.004252
0.75 0.53125 -0.00884903
0.71875 0.53125 -0.0396626
0.75 1 0.301795
0.75 0.875 0.186206
0.875 0.875 0.261269
0.875 1 0.362354
0.75 1 0.301795
0.75 0.875 0.186206
0.75 0.8125 0.130183
0.8125 0.8125 0.168588
0.8125 0.875 0.219601
0.75 0.875 0.186206
0.75 0.8125 0.130183
0.75 0.78125 0.103417
0.78125 0.78125 0.123208
0.78125 0.8125 0.14837
0.75 0.8125 0.130183
0.75 0.78125 0.103417
0.75 0.75 0.0776237
0.78125 0.75 0.0992978
0.78125 0.78125 0.123208
0.75 0.78125 0.103417
0.78125 0.8125 0.14837
0.78125 0.78125 0.123208
0.8125 0.78125 0.145046
0.8125 0.8125 0.168588
0.78125 0.8125 0.14837
0.78125 0.78125 0.123208
0.78125 0.75 0.0992978
0.8125 0.75 0.122928
0.8125 0.78125 0.145046
0.78125 0.78125 0.123208
0.8125 0.875 0.219601
0.8125 0.8125 0.168588
0.875 0.8125 0.215396
0.875 0.875 0.261269
0.8125 0.875 0.219601
0.8125 0.8125 0.168588
0.8125 0.75 0.122928
0.875 0.75 0.174207
0.875 0.8125 0.215396
0.8125 0.8125 0.168588
0.875 1 0.362354
0.875 0.875 0.261269
1 0.875 0.359039
1 1 0.44907
0.875 1 0.362354
0.875 0.875 0.261269
0.875 0.8125 0.215396
0.9375 0.8125 0.266348
0.9375 0.875 0.307629
0.875 0.875 0.261269
0.875 0.8125 0.215396
0.875 0.75 0.174207
0.9375 0.75 0.230442
0.9375 0.8125 0.266348
0.875 0.8125 0.215396
0.9375 0.875 0.307629
0.9375 0.8125 0.266348
1 0.8125 0.321159
1 0.875 0.359039
0.9375 0.875 0.307629
0.9375 0.8125 0.266348
0.9375 0.75 0.230442
1 0.75 0.28857
1 0.8125 0.321159
0.9375 0.8125 0.266348
0.75 0.75 0.0776237
0.75 0.71875 0.053124
0.78125 0.71875 0.0769901
0.78125 0.75 0.0992978
0.75 0.75 0.0776237
0.75 0.71875 0.053124
0.75 0.6875 0.0304604
0.78125 0.6875 0.0568193
0.78125 0.71875 0.0769901
0.75 0.71875 0.053124
0.78125 0.75 0.0992978
0.78125 0.71875 0.0769901
0.8125 0.71875 0.102567
0.8125 0.75 0.122928
0.78125 0.75 0.0992978
0.78125 0.71875 0.0769901
0.78125 0.6875 0.0568193
0.8125 0.6875 0.084419
0.8125 0.71875 0.102567
0.78125 0.71875 0.0769901
0.75 0.6875 0.0304604
0.75 0.65625 0.0105395
0.78125 0.65625 0.0395875
0.78125 0.6875 0.0568193
0.75 0.6875 0.0304604
0.75 0.65625 0.0105395
0.75 0.625 -0.00402386
0.78125 0.625 0.0265817
0.78125 0.65625 0.0395875
0.75 0.65625 0.0105395
0.78125 0.6875 0.0568193
0.78125 0.65625 0.0395875
0.8125 0.65625 0.0691203
0.8125 0.6875 0.084419
0.78125 0.6875 0.0568193
0.78125 0.65625 0.0395875
0.78125 0.625 0.0265817
0.8125 0.625 0.0575253
0.8125 0.65625 0.0691203
0.78125 0.65625 0.0395875
0.8125 0.75 0.122928
0.8125 0.71875 0.102567
0.84375 0.71875 0.129346
0.84375 0.75 0.148108
0.8125 0.75 0.122928
0.8125 0.71875 0.102567
0.8125 0.6875 0.084419
0.84375 0.6875 0.112808
0.84375 0.71875 0.129346
0.8125 0.71875 0.102567
0.84375 0.75 0.148108
0.84375 0.71875 0.129346
0.875 0.71875 0.156814
0.875 0.75 0.174207
0.84375 0.75 0.148108
0.84375 0.71875 0.129346
0.84375 0.6875 0.112808
0.875 0.6875 0.141629
0.875 0.71875 0.156814
0.84375 0.71875 0.129346
0.8125 0.6875 0.084419
0.8125 0.65625 0.0691203
0.84375 0.65625 0.09897
0.84375 0.6875 0.112808
0.8125 0.6875 0.084419
0.8125 0.65625 0.0691203
0.8125 0.625 0.0575253
0.84375 0.625 0.08845
0.84375 0.65625 0.09897
0.8125 0.65625 0.0691203
0.84375 0.6875 0.112808
0.84375 0.65625 0.09897
0.875 0.65625 0.128996
0.875 0.6875 0.141629
0.84375 0.6875 0.112808
0.84375 0.65625 0.09897
0.84375 0.625 0.08845
0.875 0.625 0.119363
0.875 0.65625 0.128996
0.84375 0.65625 0.09897
0.75 0.625 -0.00402386
0.75 0.59375 -0.0116196
0.78125 0.59375 0.0195145
0.78125 0.625 0.0265817
0.75 0.625 -0.00402386
0.75 0.59375 -0.0116196
0.75 0.5625 -0.0118388
0.78125 0.5625 0.0192957
0.78125 0.59375 0.0195145
0.75 0.59375 -0.0116196
0.78125 0.625 0.0265817
0.78125 0.59375 0.0195145
0.8125 0.59375 0.0507626
0.8125 0.625 0.0575253
0.78125 0.625 0.0265817
0.78125 0.59375 0.0195145
0.78125 0.5625 0.0192957
0.8125 0.5625 0.0505215
0.8125 0.59375 0.0507626
0.78125 0.59375 0.0195145
0.75 0.5625 -0.0118388
0.75 0.53125 -0.00884903
0.78125 0.53125 0.0221084
0.78125 0.5625 0.0192957
0.75 0.5625 -0.0118388
0.75 0.53125 -0.00884903
0.75 0.5 -0.004252
0.78125 0.5 0.026554
0.78125 0.53125 0.0221084
0.75 0.53125 -0.00884903
0.78125 0.5625 0.0192957
0.78125 0.53125 0.0221084
0.8125 0.53125 0.0531593
0.8125 0.5625 0.0505215
0.78125 0.5625 0.0192957
0.78125 0.53125 0.0221084
0.78125 0.5 0.026554
0.8125 0.5 0.0574175
0.8125 0.53125 0.0531593
0.78125 0.53125 0.0221084
0.8125 0.625 0.0575253
0.8125 0.59375 0.0507626
0.84375 0.59375 0.0820063
0.84375 0.625 0.08845
0.8125 0.625 0.0575253
0.8125 0.59375 0.0507626
0.8125 0.5625 0.0505215
0.84375 0.5625 0.0817485
0.84375 0.59375 0.0820063
0.8125 0.59375 0.0507626
0.84375 0.625 0.08845
0.84375 0.59375 0.0820063
0.875 0.59375 0.113256
0.875 0.625 0.119363
0.84375 0.625 0.08845
0.84375 0.59375 0.0820063
0.84375 0.5625 0.0817485
0.875 0.5625 0.112976
0.875 0.59375 0.113256
0.84375 0.59375 0.0820063
0.8125 0.5625 0.0505215
0.8125 0.53125 0.0531593
0.84375 0.53125 0.0842265
0.84375 0.5625 0.0817485
0.8125 0.5625 0.0505215
0.8125 0.53125 0.0531593
0.8125 0.5 0.0574175
0.84375 0.5 0.0883061
0.84375 0.53125 0.0842265
0.8125 0.53125 0.0531593
0.84375 0.5625 0.0817485
0.84375 0.53125 0.0842265
0.875 0.53125 0.115312
0.875 0.5625 0.112976
0.84375 0.5625 0.0817485
0.84375 0.53125 0.0842265
0.84375 0.5 0.0883061
0.875 0.5 0.119217
0.875 0.53125 0.115312
0.84375 0.53125 0.0842265
0.875 0.75 0.174207
0.875 0.6875 0.141629
0.9375 0.6875 0.201768
0.9375 0.75 0.230442
0.875 0.75 0.174207
0.875 0.6875 0.141629
0.875 0.625 0.119363
0.9375 0.625 0.18181
0.9375 0.6875 0.201768
0.875 0.6875 0.141629
0.9375 0.75 0.230442
0.9375 0.6875 0.201768
1 0.6875 0.262513
1 0.75 0.28857
0.9375 0.75 0.230442
0.9375 0.6875 0.201768
0.9375 0.625 0.18181
1 0.625 0.244241
1 0.6875 0.262513
0.9375 0.6875 0.201768
0.875 0.625 0.119363
0.875 0.5625 0.112976
0.9375 0.5625 0.175465
0.9375 0.625 0.18181
0.875 0.625 0.119363
0.875 0.5625 0.112976
0.875 0.5 0.119217
0.9375 0.5 0.181132
0.9375 0.5625 0.175465
0.875 0.5625 0.112976
0.9375 0.625 0.18181
0.9375 0.5625 0.175465
1 0.5625 0.237965
1 0.625 0.244241
0.9375 0.625 0.18181
0.9375 0.5625 0.175465
0.9375 0.5 0.181132
1 0.5 0.243176
1 0.5625 0.237965
0.9375 0.5625 0.175465
0.5 0.5 -0.226654
0.5 0.4375 -0.184339
0.5625 0.4375 -0.165735
0.5625 0.5 -0.185096
0.5 0.5 -0.226654
0.5 0.4375 -0.184339
0.5 0.375 -0.127244
0.5625 0.375 -0.132694
0.5625 0.4375 -0.165735
0.5 0.4375 -0.184339
0.5625 0.5 -0.185096
0.5625 0.4375 -0.165735
0.625 0.4375 -0.112961
0.625 0.5 -0.126629
0.5625 0.5 -0.185096
0.5625 0.4375 -0.165735
0.5625 0.375 -0.132694
0.625 0.375 -0.0927671
0.625 0.4375 -0.112961
0.5625 0.4375 -0.165735
0.5 0.375 -0.127244
0.5 0.34375 -0.0965967
0.53125 0.34375 -0.101971
0.53125 0.375 -0.132793
0.5 0.375 -0.127244
0.5 0.34375 -0.0965967
0.5 0.3125 -0.0659145
0.53125 0.3125 -0.0711275
0.53125 0.34375 -0.101971
0.5 0.34375 -0.0965967
0.53125 0.375 -0.132793
0.53125 0.34375 -0.101971
0.5625 0.34375 -0.105943
0.5625 0.375 -0.132694
0.53125 0.375 -0.132793
0.53125 0.34375 -0.101971
0.53125 0.3125 -0.0711275
0.5625 0.3125 -0.075015
0.5625 0.34375 -0.105943
0.53125 0.34375 -0.101971
0.5 0.3125 -0.0659145
0.5 0.28125 -0.0352032
0.53125 0.28125 -0.0402588
0.53125 0.3125 -0.0711275
0.5 0.3125 -0.0659145
0.5 0.28125 -0.0352032
0.5 0.25 -0.00446955
0.53125 0.25 -0.00936516
0.53125 0.28125 -0.0402588
0.5 0.28125 -0.0352032
0.53125 0.3125 -0.0711275
0.53125 0.28125 -0.0402588
0.5625 0.28125 -0.0439435
0.5625 0.3125 -0.075015
0.53125 0.3125 -0.0711275
0.53125 0.28125 -0.0402588
0.53125 0.25 -0.00936516
0.5625 0.25 -0.0128491
0.5625 0.28125 -0.0439435
0.53125 0.28125 -0.0402588
0.5625 0.375 -0.132694
0.5625 0.34375 -0.105943
0.59375 0.34375 -0.0969243
0.59375 0.375 -0.116663
0.5625 0.375 -0.132694
0.5625 0.34375 -0.105943
0.5625 0.3125 -0.075015
0.59375 0.3125 -0.0724519
0.59375 0.34375 -0.0969243
0.5625 0.34375 -0.105943
0.59375 0.375 -0.116663
0.59375 0.34375 -0.0969243
0.625 0.34375 -0.0777533
0.625 0.375 -0.0927671
0.59375 0.375 -0.116663
0.59375 0.34375 -0.0969243
0.59375 0.3125 -0.0724519
0.625 0.3125 -0.0585939
0.625 0.34375 -0.0777533
0.59375 0.34375 -0.0969243
0.5625 0.3125 -0.075015
0.5625 0.28125 -0.0439435
0.59375 0.28125 -0.0439616
0.59375 0.3125 -0.0724519
0.5625 0.3125 -0.075015
0.5625 0.28125 -0.0439435
0.5625 0.25 -0.0128491
0.59375 0.25 -0.0135777
0.59375 0.28125 -0.0439616
0.5625 0.28125 -0.0439435
0.59375 0.3125 -0.0724519
0.59375 0.28125 -0.0439616
0.625 0.28125 -0.0350155
0.625 0.3125 -0.0585939
0.59375 0.3125 -0.0724519
0.59375 0.28125 -0.0439616
0.59375 0.25 -0.0135777
0.625 0.25 -0.00834032
0.625 0.28125 -0.0350155
0.59375 0.28125 -0.0439616
0.625 0.5 -0.126629
0.625 0.46875 -0.12029
0.65625 0.46875 -0.0899811
0.65625 0.5 -0.0961047
0.625 0.5 -0.126629
0.625 0.46875 -0.12029
0.625 0.4375 -0.112961
0.65625 0.4375 -0.0830673
0.65625 0.46875 -0.0899811
0.625 0.46875 -0.12029
0.65625 0.5 -0.0961047
0.65625 0.46875 -0.0899811
0.6875 0.46875 -0.0595665
0.6875 0.5 -0.0655219
0.65625 0.5 -0.0961047
0.65625 0.46875 -0.0899811
0.65625 0.4375 -0.0830673
0.6875 0.4375 -0.0528873
0.6875 0.46875 -0.0595665
0.65625 0.46875 -0.0899811
0.625 0.4375 -0.112961
0.625 0.40625 -0.10412
0.65625 0.40625 -0.0751744
0.65625 0.4375 -0.0830673
0.625 0.4375 -0.112961
0.625 0.40625 -0.10412
0.625 0.375 -0.0927671
0.65625 0.375 -0.0656481
0.65625 0.40625 -0.0751744
0.625 0.40625 -0.10412
0.65625 0.4375 -0.0830673
0.65625 0.40625 -0.0751744
0.6875 0.40625 -0.0454988
0.6875 0.4375 -0.0528873
0.65625 0.4375 -0.0830673
0.65625 0.40625 -0.0751744
0.65625 0.375 -0.0656481
0.6875 0.375 -0.0370249
0.6875 0.40625 -0.0454988
0.65625 0.40625 -0.0751744
0.6875 0.5 -0.0655219
0.6875 0.46875 -0.0595665
0.71875 0.46875 -0.0290913
0.71875 0.5 -0.0349016
0.6875 0.5 -0.0655219
0.6875 0.46875 -0.0595665
0.6875 0.4375 -0.0528873
0.71875 0.4375 -0.0225594
0.71875 0.46875 -0.0290913
0.6875 0.46875 -0.0595665
0.71875 0.5 -0.0349016
0.71875 0.46875 -0.0290913
0.75 0.46875 0.00143784
0.75 0.5 -0.004252
0.71875 0.5 -0.0349016
0.71875 0.46875 -0.0290913
0.71875 0.4375 -0.0225594
0.75 0.4375 0.00787217
0.75 0.46875 0.00143784
0.71875 0.46875 -0.0290913
0.6875 0.4375 -0.0528873
0.6875 0.40625 -0.0454988
0.71875 0.40625 -0.0154593
0.71875 0.4375 -0.0225594
0.6875 0.4375 -0.0528873
0.6875 0.40625 -0.0454988
0.6875 0.375 -0.0370249
0.71875 0.375 -0.00759547
0.71875 0.40625 -0.0154593
0.6875 0.40625 -0.0454988
0.71875 0.4375 -0.0225594
0.71875 0.40625 -0.0154593
0.75 0.40625 0.0148155
0.75 0.4375 0.00787217
0.71875 0.4375 -0.0225594
0.71875 0.40625 -0.0154593
0.71875 0.375 -0.00759547
0.75 0.375 0.0224362
0.75 0.40625 0.0148155
0.71875 0.40625 -0.0154593
0.625 0.375 -0.0927671
0.625 0.34375 -0.0777533
0.65625 0.34375 -0.0535253
0.65625 0.375 -0.0656481
0.625 0.375 -0.0927671
0.625 0.34375 -0.0777533
0.625 0.3125 -0.0585939
0.65625 0.3125 -0.0380376
0.65625 0.34375 -0.0535253
0.625 0.34375 -0.0777533
0.65625 0.375 -0.0656481
0.65625 0.34375 -0.0535253
0.6875 0.34375 -0.026652
0.6875 0.375 -0.0370249
0.65625 0.375 -0.0656481
0.65625 0.34375 -0.0535253
0.65625 0.3125 -0.0380376
0.6875 0.3125 -0.0135602
0.6875 0.34375 -0.026652
0.65625 0.34375 -0.0535253
0.625 0.3125 -0.0585939
0.625 0.28125 -0.0350155
0.65625 0.28125 -0.0188667
0.65625 0.3125 -0.0380376
0.625 0.3125 -0.0585939
0.625 0.28125 -0.0350155
0.625 0.25 -0.00834032
0.65625 0.25 0.00449706
0.65625 0.28125 -0.0188667
0.625 0.28125 -0.0350155
0.65625 0.3125 -0.0380376
0.65625 0.28125 -0.0188667
0.6875 0.28125 0.00275159
0.6875 0.3125 -0.0135602
0.65625 0.3125 -0.0380376
0.65625 0.28125 -0.0188667
0.65625 0.25 0.00449706
0.6875 0.25 0.0241091
0.6875 0.28125 0.00275159
0.65625 0.28125 -0.0188667
0.6875 0.375 -0.0370249
0.6875 0.34375 -0.026652
0.71875 0.34375 0.00172383
0.71875 0.375 -0.00759547
0.6875 0.375 -0.0370249
0.6875 0.34375 -0.026652
0.6875 0.3125 -0.0135602
0.71875 0.3125 0.0136199
0.71875 0.34375 0.00172383
0.6875 0.34375 -0.026652
0.71875 0.375 -0.00759547
0.71875 0.34375 0.00172383
0.75 0.34375 0.0313717
0.75 0.375 0.0224362
0.71875 0.375 -0.00759547
0.71875 0.34375 0.00172383
0.71875 0.3125 0.0136199
0.75 0.3125 0.0422994
0.75 0.34375 0.0313717
0.71875 0.34375 0.00172383
0.6875 0.3125 -0.0135602
0.6875 0.28125 0.00275159
0.71875 0.28125 0.0286142
0.71875 0.3125 0.0136199
0.6875 0.3125 -0.0135602
0.6875 0.28125 0.00275159
0.6875 0.25 0.0241091
0.71875 0.25 0.0471338
0.71875 0.28125 0.0286142
0.6875 0.28125 0.00275159
0.71875 0.3125 0.0136199
0.71875 0.28125 0.0286142
0.75 0.28125 0.055777
0.75 0.3125 0.0422994
0.71875 0.3125 0.0136199
0.71875 0.28125 0.0286142
0.71875 0.25 0.0471338
0.75 0.25 0.0721636
0.75 0.28125 0.055777
0.71875 0.28125 0.0286142
0.5 0.25 -0.00446955
0.5 0.21875 0.0263272
0.53125 0.21875 0.0215959
0.53125 0.25 -0.00936516
0.5 0.25 -0.00446955
0.5 0.21875 0.0263272
0.5 0.1875 0.0571569
0.53125 0.1875 0.0526
0.53125 0.21875 0.0215959
0.5 0.21875 0.0263272
0.53125 0.25 -0.00936516
0.53125 0.21875 0.0215959
0.5625 0.21875 0.0183028
0.5625 0.25 -0.0128491
0.53125 0.25 -0.00936516
0.53125 0.21875 0.0215959
0.53125 0.1875 0.0526
0.5625 0.1875 0.0494939
0.5625 0.21875 0.0183028
0.53125 0.21875 0.0215959
0.5 0.1875 0.0571569
0.5 0.15625 0.0880117
0.53125 0.15625 0.0836241
0.53125 0.1875 0.0526
0.5 0.1875 0.0571569
0.5 0.15625 0.0880117
0.5 0.125 0.11889
0.53125 0.125 0.114669
0.53125 0.15625 0.0836241
0.5 0.15625 0.0880117
0.53125 0.1875 0.0526
0.53125 0.15625 0.0836241
0.5625 0.15625 0.0806909
0.5625 0.1875 0.0494939
0.53125 0.1875 0.0526
0.53125 0.15625 0.0836241
0.53125 0.125 0.114669
0.5625 0.125 0.111893
0.5625 0.15625 0.0806909
0.53125 0.15625 0.0836241
0.5625 0.25 -0.0128491
0.5625 0.21875 0.0183028
0.59375 0.21875 0.0176224
0.59375 0.25 -0.0135777
0.5625 0.25 -0.0128491
0.5625 0.21875 0.0183028
0.5625 0.1875 0.0494939
0.59375 0.1875 0.0488658
0.59375 0.21875 0.0176224
0.5625 0.21875 0.0183028
0.59375 0.25 -0.0135777
0.59375 0.21875 0.0176224
0.625 0.21875 0.0218609
0.625 0.25 -0.00834032
0.59375 0.25 -0.0135777
0.59375 0.21875 0.0176224
0.59375 0.1875 0.0488658
0.625 0.1875 0.0525036
0.625 0.21875 0.0218609
0.59375 0.21875 0.0176224
0.5625 0.1875 0.0494939
0.5625 0.15625 0.0806909
0.59375 0.15625 0.0801081
0.59375 0.1875 0.0488658
0.5625 0.1875 0.0494939
0.5625 0.15625 0.0806909
0.5625 0.125 0.111893
0.59375 0.125 0.111353
0.59375 0.15625 0.0801081
0.5625 0.15625 0.0806909
0.59375 0.1875 0.0488658
0.59375 0.15625 0.0801081
0.625 0.15625 0.0832923
0.625 0.1875 0.0525036
0.59375 0.1875 0.0488658
0.59375 0.15625 0.0801081
0.59375 0.125 0.111353
0.625 0.125 0.114163
0.625 0.15625 0.0832923
0.59375 0.15625 0.0801081
0.5 0.125 0.11889
0.5 0.0625 0.180745
0.5625 0.0625 0.174343
0.5625 0.125 0.111893
0.5 0.125 0.11889
0.5 0.0625 0.180745
0.5 0 0.242733
0.5625 0 0.236814
0.5625 0.0625 0.174343
0.5 0.0625 0.180745
0.5625 0.125 0.111893
0.5625 0.0625 0.174343
0.625 0.0625 0.176288
0.625 0.125 0.114163
0.5625 0.125 0.111893
0.5625 0.0625 0.174343
0.5625 0 0.236814
0.625 0 0.23854
0.625 0.0625 0.176288
0.5625 0.0625 0.174343
0.625 0.25 -0.00834032
0.625 0.21875 0.0218609
0.65625 0.21875 0.0321257
0.65625 0.25 0.00449706
0.625 0.25 -0.00834032
0.625 0.21875 0.0218609
0.625 0.1875 0.0525036
0.65625 0.1875 0.0610701
0.65625 0.21875 0.0321257
0.625 0.21875 0.0218609
0.65625 0.25 0.00449706
0.65625 0.21875 0.0321257
0.6875 0.21875 0.0484837
0.6875 0.25 0.0241091
0.65625 0.25 0.00449706
0.65625 0.21875 0.0321257
0.65625 0.1875 0.0610701
0.6875 0.1875 0.0748815
0.6875 0.21875 0.0484837
0.65625 0.21875 0.0321257
0.625 0.1875 0.0525036
0.625 0.15625 0.0832923
0.65625 0.15625 0.0906158
0.65625 0.1875 0.0610701
0.625 0.1875 0.0525036
0.625 0.15625 0.0832923
0.625 0.125 0.114163
0.65625 0.125 0.120647
0.65625 0.15625 0.0906158
0.625 0.15625 0.0832923
0.65625 0.1875 0.0610701
0.65625 0.15625 0.0906158
0.6875 0.15625 0.102483
0.6875 0.1875 0.0748815
0.65625 0.1875 0.0610701
0.65625 0.15625 0.0906158
0.65625 0.125 0.120647
0.6875 0.125 0.13093
0.6875 0.15625 0.102483
0.65625 0.15625 0.0906158
0.6875 0.25 0.0241091
0.6875 0.21875 0.0484837
0.71875 0.21875 0.068626
0.71875 0.25 0.0471338
0.6875 0.25 0.0241091
0.6875 0.21875 0.0484837
0.6875 0.1875 0.0748815
0.71875 0.1875 0.0925511
0.71875 0.21875 0.068626
0.6875 0.21875 0.0484837
0.71875 0.25 0.0471338
0.71875 0.21875 0.068626
0.75 0.21875 0.0913202
0.75 0.25 0.0721636
0.71875 0.25 0.0471338
0.71875 0.21875 0.068626
0.71875 0.1875 0.0925511
0.75 0.1875 0.113087
0.75 0.21875 0.0913202
0.71875 0.21875 0.068626
0.6875 0.1875 0.0748815
0.6875 0.15625 0.102483
0.71875 0.15625 0.118008
0.71875 0.1875 0.0925511
0.6875 0.1875 0.0748815
0.6875 0.15625 0.102483
0.6875 0.125 0.13093
0.71875 0.125 0.144811
0.71875 0.15625 0.118008
0.6875 0.15625 0.102483
0.71875 0.1875 0.0925511
0.71875 0.15625 0.118008
0.75 0.15625 0.136522
0.75 0.1875 0.113087
0.71875 0.1875 0.0925511
0.71875 0.15625 0.118008
0.71875 0.125 0.144811
0.75 0.125 0.161556
0.75 0.15625 0.136522
0.71875 0.15625 0.118008
0.625 0.125 0.114163
0.625 0.0625 0.176288
0.6875 0.0625 0.189604
0.6875 0.125 0.13093
0.625 0.125 0.114163
0.625 0.0625 0.176288
0.625 0 0.23854
0.6875 0 0.249944
0.6875 0.0625 0.189604
0.625 0.0625 0.176288
0.6875 0.125 0.13093
0.6875 0.0625 0.189604
0.75 0.0625 0.21448
0.75 0.125 0.161556
0.6875 0.125 0.13093
0.6875 0.0625 0.189604
0.6875 0 0.249944
0.75 0 0.271273
0.75 0.0625 0.21448
0.6875 0.0625 0.189604
0.75 0.5 -0.004252
0.75 0.46875 0.00143784
0.78125 0.46875 0.0321061
0.78125 0.5 0.026554
0.75 0.5 -0.004252
0.75 0.46875 0.00143784
0.75 0.4375 0.00787217
0.78125 0.4375 0.0384113
0.78125 0.46875 0.0321061
0.75 0.46875 0.00143784
0.78125 0.5 0.026554
0.78125 0.46875 0.0321061
0.8125 0.46875 0.0628032
0.8125 0.5 0.0574175
0.78125 0.5 0.026554
0.78125 0.46875 0.0321061
0.78125 0.4375 0.0384113
0.8125 0.4375 0.0689766
0.8125 0.46875 0.0628032
0.78125 0.46875 0.0321061
0.75 0.4375 0.00787217
0.75 0.40625 0.0148155
0.78125 0.40625 0.0452382
0.78125 0.4375 0.0384113
0.75 0.4375 0.00787217
0.75 0.40625 0.0148155
0.75 0.375 0.0224362
0.78125 0.375 0.0526856
0.78125 0.40625 0.0452382
0.75 0.40625 0.0148155
0.78125 0.4375 0.0384113
0.78125 0.40625 0.0452382
0.8125 0.40625 0.0756857
0.8125 0.4375 0.0689766
0.78125 0.4375 0.0384113
0.78125 0.40625 0.0452382
0.78125 0.375 0.0526856
0.8125 0.375 0.0829801
0.8125 0.40625 0.0756857
0.78125 0.40625 0.0452382
0.8125 0.5 0.0574175
0.8125 0.46875 0.0628032
0.84375 0.46875 0.0935272
0.84375 0.5 0.0883061
0.8125 0.5 0.0574175
0.8125 0.46875 0.0628032
0.8125 0.4375 0.0689766
0.84375 0.4375 0.0995679
0.84375 0.46875 0.0935272
0.8125 0.46875 0.0628032
0.84375 0.5 0.0883061
0.84375 0.46875 0.0935272
0.875 0.46875 0.124277
0.875 0.5 0.119217
0.84375 0.5 0.0883061
0.84375 0.46875 0.0935272
0.84375 0.4375 0.0995679
0.875 0.4375 0.130185
0.875 0.46875 0.124277
0.84375 0.46875 0.0935272
0.8125 0.4375 0.0689766
0.8125 0.40625 0.0756857
0.84375 0.40625 0.106158
0.84375 0.4375 0.0995679
0.8125 0.4375 0.0689766
0.8125 0.40625 0.0756857
0.8125 0.375 0.0829801
0.84375 0.375 0.11331
0.84375 0.40625 0.106158
0.8125 0.40625 0.0756857
0.84375 0.4375 0.0995679
0.84375 0.40625 0.106158
0.875 0.40625 0.136656
0.875 0.4375 0.130185
0.84375 0.4375 0.0995679
0.84375 0.40625 0.106158
0.84375 0.375 0.11331
0.875 0.375 0.143678
0.875 0.40625 0.136656
0.84375 0.40625 0.106158
0.75 0.375 0.0224362
0.75 0.34375 0.0313717
0.78125 0.34375 0.0612098
0.78125 0.375 0.0526856
0.75 0.375 0.0224362
0.75 0.34375 0.0313717
0.75 0.3125 0.0422994
0.78125 0.3125 0.0713922
0.78125 0.34375 0.0612098
0.75 0.34375 0.0313717
0.78125 0.375 0.0526856
0.78125 0.34375 0.0612098
0.8125 0.34375 0.0911854
0.8125 0.375 0.0829801
0.78125 0.375 0.0526856
0.78125 0.34375 0.0612098
0.78125 0.3125 0.0713922
0.8125 0.3125 0.100784
0.8125 0.34375 0.0911854
0.78125 0.34375 0.0612098
0.75 0.3125 0.0422994
0.75 0.28125 0.055777
0.78125 0.28125 0.0837058
0.78125 0.3125 0.0713922
0.75 0.3125 0.0422994
0.75 0.28125 0.055777
0.75 0.25 0.0721636
0.78125 0.25 0.0984752
0.78125 0.28125 0.0837058
0.75 0.28125 0.055777
0.78125 0.3125 0.0713922
0.78125 0.28125 0.0837058
0.8125 0.28125 0.112227
0.8125 0.3125 0.100784
0.78125 0.3125 0.0713922
0.78125 0.28125 0.0837058
0.78125 0.25 0.0984752
0.8125 0.25 0.125746
0.8125 0.28125 0.112227
0.78125 0.28125 0.0837058
0.8125 0.375 0.0829801
0.8125 0.34375 0.0911854
0.84375 0.34375 0.121249
0.84375 0.375 0.11331
0.8125 0.375 0.0829801
0.8125 0.34375 0.0911854
0.8125 0.3125 0.100784
0.84375 0.3125 0.130372
0.84375 0.34375 0.121249
0.8125 0.34375 0.0911854
0.84375 0.375 0.11331
0.84375 0.34375 0.121249
0.875 0.34375 0.151413
0.875 0.375 0.143678
0.84375 0.375 0.11331
0.84375 0.34375 0.121249
0.84375 0.3125 0.130372
0.875 0.3125 0.160143
0.875 0.34375 0.151413
0.84375 0.34375 0.121249
0.8125 0.3125 0.100784
0.8125 0.25 0.125746
0.875 0.25 0.182238
0.875 0.3125 0.160143
0.8125 0.3125 0.100784
0.875 0.5 0.119217
0.875 0.4375 0.130185
0.9375 0.4375 0.191517
0.9375 0.5 0.181132
0.875 0.5 0.119217
0.875 0.4375 0.130185
0.875 0.375 0.143678
0.9375 0.375 0.20448
0.9375 0.4375 0.191517
0.875 0.4375 0.130185
0.9375 0.5 0.181132
0.9375 0.4375 0.191517
1 0.4375 0.253016
1 0.5 0.243176
0.9375 0.5 0.181132
0.9375 0.4375 0.191517
0.9375 0.375 0.20448
1 0.375 0.265454
1 0.4375 0.253016
0.9375 0.4375 0.191517
0.875 0.375 0.143678
0.875 0.3125 0.160143
0.9375 0.3125 0.220099
0.9375 0.375 0.20448
0.875 0.375 0.143678
0.875 0.3125 0.160143
0.875 0.25 0.182238
0.9375 0.25 0.240053
0.9375 0.3125 0.220099
0.875 0.3125 0.160143
0.9375 0.375 0.20448
0.9375 0.3125 0.220099
1 0.3125 0.280442
1 0.375 0.265454
0.9375 0.375 0.20448
0.9375 0.3125 0.220099
0.9375 0.25 0.240053
1 0.25 0.299091
1 0.3125 0.280442
0.9375 0.3125 0.220099
0.75 0.25 0.0721636
0.75 0.21875 0.0913202
0.78125 0.21875 0.115732
0.78125 0.25 0.0984752
0.75 0.25 0.0721636
0.75 0.21875 0.0913202
0.75 0.1875 0.113087
0.78125 0.1875 0.135531
0.78125 0.21875 0.115732
0.75 0.21875 0.0913202
0.78125 0.25 0.0984752
0.78125 0.21875 0.115732
0.8125 0.21875 0.14151
0.8125 0.25 0.125746
0.78125 0.25 0.0984752
0.78125 0.21875 0.115732
0.78125 0.1875 0.135531
0.8125 0.1875 0.159531
0.8125 0.21875 0.14151
0.78125 0.21875 0.115732
0.75 0.1875 0.113087
0.75 0.125 0.161556
0.8125 0.125 0.202106
0.8125 0.1875 0.159531
0.75 0.1875 0.113087
0.8125 0.25 0.125746
0.8125 0.1875 0.159531
0.875 0.1875 0.211447
0.875 0.25 0.182238
0.8125 0.25 0.125746
0.8125 0.1875 0.159531
0.8125 0.125 0.202106
0.875 0.125 0.248327
0.875 0.1875 0.211447
0.8125 0.1875 0.159531
0.75 0.125 0.161556
0.75 0.0625 0.21448
0.8125 0.0625 0.249417
0.8125 0.125 0.202106
0.75 0.125 0.161556
0.75 0.0625 0.21448
0.75 0 0.271273
0.8125 0 0.302046
0.8125 0.0625 0.249417
0.75 0.0625 0.21448
0.8125 0.125 0.202106
0.8125 0.0625 0.249417
0.875 0.0625 0.290289
0.875 0.125 0.248327
0.8125 0.125 0.202106
0.8125 0.0625 0.249417
0.8125 0 0.302046
0.875 0 0.338658
0.875 0.0625 0.290289
0.8125 0.0625 0.249417
0.875 0.25 0.182238
0.875 0.125 0.248327
1 0.125 0.354023
1 0.25 0.299091
0.875 0.25 0.182238
0.875 0.125 0.248327
0.875 0 0.338658
1 0 0.434369
1 0.125 0.354023
0.875 0.125 0.248327
