0 1 0.459672
0 0.875 0.382224
0.125 0.875 0.275806
0.125 1 0.361525
0 1 0.459672
0 0.875 0.382224
0 0.75 0.312657
0.125 0.75 0.202067
0.125 0.875 0.275806
0 0.875 0.382224
0.125 1 0.361525
0.125 0.875 0.275806
0.25 0.875 0.177936
0.25 1 0.27768
0.125 1 0.361525
0.125 0.875 0.275806
0.125 0.8125 0.237467
0.1875 0.8125 0.185481
0.1875 0.875 0.226086
0.125 0.875 0.275806
0.125 0.8125 0.237467
0.125 0.75 0.202067
0.1875 0.75 0.148339
0.1875 0.8125 0.185481
0.125 0.8125 0.237467
0.1875 0.875 0.226086
0.1875 0.8125 0.185481
0.25 0.8125 0.134494
0.25 0.875 0.177936
0.1875 0.875 0.226086
0.1875 0.8125 0.185481
0.1875 0.75 0.148339
0.25 0.75 0.0958152
0.25 0.8125 0.134494
0.1875 0.8125 0.185481
0 0.75 0.312657
0 0.6875 0.283136
0.0625 0.6875 0.225589
0.0625 0.75 0.256689
0 0.75 0.312657
0 0.6875 0.283136
0 0.625 0.257034
0.0625 0.625 0.19779
0.0625 0.6875 0.225589
0 0.6875 0.283136
0.0625 0.75 0.256689
0.0625 0.6875 0.225589
0.125 0.6875 0.169623
0.125 0.75 0.202067
0.0625 0.75 0.256689
0.0625 0.6875 0.225589
0.0625 0.625 0.19779
0.125 0.625 0.139841
0.125 0.6875 0.169623
0.0625 0.6875 0.225589
0 0.625 0.257034
0 0.5625 0.235048
0.0625 0.5625 0.174044
0.0625 0.625 0.19779
0 0.625 0.257034
0 0.5625 0.235048
0 0.5 0.218617
0.0625 0.5 0.156093
0.0625 0.5625 0.174044
0 0.5625 0.235048
0.0625 0.625 0.19779
0.0625 0.5625 0.174044
0.125 0.5625 0.113735
0.125 0.625 0.139841
0.0625 0.625 0.19779
0.0625 0.5625 0.174044
0.0625 0.5 0.156093
0.125 0.5 0.0941704
0.125 0.5625 0.113735
0.0625 0.5625 0.174044
0.125 0.75 0.202067
0.125 0.6875 0.169623
0.1875 0.6875 0.115113
0.1875 0.75 0.148339
0.125 0.75 0.202067
0.125 0.6875 0.169623
0.125 0.65625 0.154387
0.15625 0.65625 0.12669
0.15625 0.6875 0.142266
0.125 0.6875 0.169623
0.125 0.65625 0.154387
0.125 0.625 0.139841
0.15625 0.625 0.111681
0.15625 0.65625 0.12669
0.125 0.65625 0.154387
0.15625 0.6875 0.142266
0.15625 0.65625 0.12669
0.1875 0.65625 0.0992469
0.1875 0.6875 0.115113
0.15625 0.6875 0.142266
0.15625 0.65625 0.12669
0.15625 0.625 0.111681
0.1875 0.625 0.0838294
0.1875 0.65625 0.0992469
0.15625 0.65625 0.12669
0.1875 0.75 0.148339
0.1875 0.71875 0.131402
0.21875 0.71875 0.104678
0.21875 0.75 0.121979
0.1875 0.75 0.148339
0.1875 0.71875 0.131402
0.1875 0.6875 0.115113
0.21875 0.6875 0.0881415
0.21875 0.71875 0.104678
0.1875 0.71875 0.131402
0.21875 0.75 0.121979
0.21875 0.71875 0.104678
0.25 0.71875 0.0780954
0.25 0.75 0.0958152
0.21875 0.75 0.121979
0.21875 0.71875 0.104678
0.21875 0.6875 0.0881415
0.25 0.6875 0.0613161
0.25 0.71875 0.0780954
0.21875 0.71875 0.104678
0.1875 0.6875 0.115113
0.1875 0.65625 0.0992469
0.21875 0.65625 0.0720388
0.21875 0.6875 0.0881415
0.1875 0.6875 0.115113
0.1875 0.65625 0.0992469
0.1875 0.625 0.0838294
0.21875 0.625 0.0562901
0.21875 0.65625 0.0720388
0.1875 0.65625 0.0992469
0.21875 0.6875 0.0881415
0.21875 0.65625 0.0720388
0.25 0.65625 0.0450239
0.25 0.6875 0.0613161
0.21875 0.6875 0.0881415
0.21875 0.65625 0.0720388
0.21875 0.625 0.0562901
0.25 0.625 0.0290227
0.25 0.65625 0.0450239
0.21875 0.65625 0.0720388
0.125 0.625 0.139841
0.125 0.59375 0.126189
0.15625 0.59375 0.0974449
0.15625 0.625 0.111681
0.125 0.625 0.139841
0.125 0.59375 0.126189
0.125 0.5625 0.113735
0.15625 0.5625 0.0842955
0.15625 0.59375 0.0974449
0.125 0.59375 0.126189
0.15625 0.625 0.111681
0.15625 0.59375 0.0974449
0.1875 0.59375 0.0690163
0.1875 0.625 0.0838294
0.15625 0.625 0.111681
0.15625 0.59375 0.0974449
0.15625 0.5625 0.0842955
0.1875 0.5625 0.0551352
0.1875 0.59375 0.0690163
0.15625 0.59375 0.0974449
0.125 0.5625 0.113735
0.125 0.53125 0.102884
0.15625 0.53125 0.0726827
0.15625 0.5625 0.0842955
0.125 0.5625 0.113735
0.125 0.53125 0.102884
0.125 0.5 0.0941704
0.15625 0.5 0.0632505
0.15625 0.53125 0.0726827
0.125 0.53125 0.102884
0.15625 0.5625 0.0842955
0.15625 0.53125 0.0726827
0.1875 0.53125 0.0426638
0.1875 0.5625 0.0551352
0.15625 0.5625 0.0842955
0.15625 0.53125 0.0726827
0.15625 0.5 0.0632505
0.1875 0.5 0.0323466
0.1875 0.53125 0.0426638
0.15625 0.53125 0.0726827
0.1875 0.625 0.0838294
0.1875 0.59375 0.0690163
0.21875 0.59375 0.0409968
0.21875 0.625 0.0562901
0.1875 0.625 0.0838294
0.1875 0.59375 0.0690163
0.1875 0.5625 0.0551352
0.21875 0.5625 0.0263993
0.21875 0.59375 0.0409968
0.1875 0.59375 0.0690163
0.21875 0.625 0.0562901
0.21875 0.59375 0.0409968
0.25 0.59375 0.0133807
0.25 0.625 0.0290227
0.21875 0.625 0.0562901
0.21875 0.59375 0.0409968
0.21875 0.5625 0.0263993
0.25 0.5625 -0.00180316
0.25 0.59375 0.0133807
0.21875 0.59375 0.0409968
0.1875 0.5625 0.0551352
0.1875 0.53125 0.0426638
0.21875 0.53125 0.012981
0.21875 0.5625 0.0263993
0.1875 0.5625 0.0551352
0.1875 0.53125 0.0426638
0.1875 0.5 0.0323466
0.21875 0.5 0.00145244
0.21875 0.53125 0.012981
0.1875 0.53125 0.0426638
0.21875 0.5625 0.0263993
0.21875 0.53125 0.012981
0.25 0.53125 -0.01581
0.25 0.5625 -0.00180316
0.21875 0.5625 0.0263993
0.21875 0.53125 0.012981
0.21875 0.5 0.00145244
0.25 0.5 -0.0279716
0.25 0.53125 -0.01581
0.21875 0.53125 0.012981
0.25 1 0.27768
0.25 0.9375 0.226759
0.3125 0.9375 0.189181
0.3125 1 0.244477
0.25 1 0.27768
0.25 0.9375 0.226759
0.25 0.875 0.177936
0.3125 0.875 0.135608
0.3125 0.9375 0.189181
0.25 0.9375 0.226759
0.3125 1 0.244477
0.3125 0.9375 0.189181
0.375 0.9375 0.15995
0.375 1 0.219953
0.3125 1 0.244477
0.3125 0.9375 0.189181
0.3125 0.875 0.135608
0.375 0.875 0.101372
0.375 0.9375 0.15995
0.3125 0.9375 0.189181
0.25 0.875 0.177936
0.25 0.84375 0.155624
0.28125 0.84375 0.132644
0.28125 0.875 0.156161
0.25 0.875 0.177936
0.25 0.84375 0.155624
0.25 0.8125 0.134494
0.28125 0.8125 0.110379
0.28125 0.84375 0.132644
0.25 0.84375 0.155624
0.28125 0.875 0.156161
0.28125 0.84375 0.132644
0.3125 0.84375 0.110679
0.3125 0.875 0.135608
0.28125 0.875 0.156161
0.28125 0.84375 0.132644
0.28125 0.8125 0.110379
0.3125 0.8125 0.0870248
0.3125 0.84375 0.110679
0.28125 0.84375 0.132644
0.25 0.8125 0.134494
0.25 0.78125 0.114552
0.28125 0.78125 0.0894404
0.28125 0.8125 0.110379
0.25 0.8125 0.134494
0.25 0.78125 0.114552
0.25 0.75 0.0958152
0.28125 0.75 0.0698869
0.28125 0.78125 0.0894404
0.25 0.78125 0.114552
0.28125 0.8125 0.110379
0.28125 0.78125 0.0894404
0.3125 0.78125 0.0648209
0.3125 0.8125 0.0870248
0.28125 0.8125 0.110379
0.28125 0.78125 0.0894404
0.28125 0.75 0.0698869
0.3125 0.75 0.0442372
0.3125 0.78125 0.0648209
0.28125 0.78125 0.0894404
0.3125 0.875 0.135608
0.3125 0.84375 0.110679
0.34375 0.84375 0.0904946
0.34375 0.875 0.117085
0.3125 0.875 0.135608
0.3125 0.84375 0.110679
0.3125 0.8125 0.0870248
0.34375 0.8125 0.0650493
0.34375 0.84375 0.0904946
0.3125 0.84375 0.110679
0.34375 0.875 0.117085
0.34375 0.84375 0.0904946
0.375 0.84375 0.0729046
0.375 0.875 0.101372
0.34375 0.875 0.117085
0.34375 0.84375 0.0904946
0.34375 0.8125 0.0650493
0.375 0.8125 0.0452809
0.375 0.84375 0.0729046
0.34375 0.84375 0.0904946
0.3125 0.8125 0.0870248
0.3125 0.78125 0.0648209
0.34375 0.78125 0.0410715
0.34375 0.8125 0.0650493
0.3125 0.8125 0.0870248
0.3125 0.78125 0.0648209
0.3125 0.75 0.0442372
0.34375 0.75 0.0189607
0.34375 0.78125 0.0410715
0.3125 0.78125 0.0648209
0.34375 0.8125 0.0650493
0.34375 0.78125 0.0410715
0.375 0.78125 0.0188702
0.375 0.8125 0.0452809
0.34375 0.8125 0.0650493
0.34375 0.78125 0.0410715
0.34375 0.75 0.0189607
0.375 0.75 -0.00513666
0.375 0.78125 0.0188702
0.34375 0.78125 0.0410715
0.375 1 0.219953
0.375 0.9375 0.15995
0.4375 0.9375 0.147289
0.4375 1 0.209747
0.375 1 0.219953
0.375 0.9375 0.15995
0.375 0.90625 0.130453
0.40625 0.90625 0.120602
0.40625 0.9375 0.151227
0.375 0.9375 0.15995
0.375 0.90625 0.130453
0.375 0.875 0.101372
0.40625 0.875 0.0900961
0.40625 0.90625 0.120602
0.375 0.90625 0.130453
0.40625 0.9375 0.151227
0.40625 0.90625 0.120602
0.4375 0.90625 0.1161
0.4375 0.9375 0.147289
0.40625 0.9375 0.151227
0.40625 0.90625 0.120602
0.40625 0.875 0.0900961
0.4375 0.875 0.0849199
0.4375 0.90625 0.1161
0.40625 0.90625 0.120602
0.4375 1 0.209747
0.4375 0.9375 0.147289
0.5 0.9375 0.152226
0.5 1 0.213924
0.4375 1 0.209747
0.4375 0.9375 0.147289
0.4375 0.90625 0.1161
0.46875 0.90625 0.116522
0.46875 0.9375 0.147668
0.4375 0.9375 0.147289
0.4375 0.90625 0.1161
0.4375 0.875 0.0849199
0.46875 0.875 0.0853909
0.46875 0.90625 0.116522
0.4375 0.90625 0.1161
0.46875 0.9375 0.147668
0.46875 0.90625 0.116522
0.5 0.90625 0.121523
0.5 0.9375 0.152226
0.46875 0.9375 0.147668
0.46875 0.90625 0.116522
0.46875 0.875 0.0853909
0.5 0.875 0.0909185
0.5 0.90625 0.121523
0.46875 0.90625 0.116522
0.375 0.875 0.101372
0.375 0.84375 0.0729046
0.40625 0.84375 0.0597977
0.40625 0.875 0.0900961
0.375 0.875 0.101372
0.375 0.84375 0.0729046
0.375 0.8125 0.0452809
0.40625 0.8125 0.0298219
0.40625 0.84375 0.0597977
0.375 0.84375 0.0729046
0.40625 0.875 0.0900961
0.40625 0.84375 0.0597977
0.4375 0.84375 0.0537456
0.4375 0.875 0.0849199
0.40625 0.875 0.0900961
0.40625 0.84375 0.0597977
0.40625 0.8125 0.0298219
0.4375 0.8125 0.0225798
0.4375 0.84375 0.0537456
0.40625 0.84375 0.0597977
0.375 0.8125 0.0452809
0.375 0.78125 0.0188702
0.40625 0.78125 0.00037573
0.40625 0.8125 0.0298219
0.375 0.8125 0.0452809
0.375 0.78125 0.0188702
0.375 0.75 -0.00513666
0.40625 0.75 -0.0258898
0.40625 0.78125 0.00037573
0.375 0.78125 0.0188702
0.40625 0.8125 0.0298219
0.40625 0.78125 0.00037573
0.4375 0.78125 -0.00853339
0.4375 0.8125 0.0225798
0.40625 0.8125 0.0298219
0.40625 0.78125 0.00037573
0.40625 0.75 -0.0258898
0.4375 0.75 -0.038844
0.4375 0.78125 -0.00853339
0.40625 0.78125 0.00037573
0.4375 0.875 0.0849199
0.4375 0.84375 0.0537456
0.46875 0.84375 0.0542807
0.46875 0.875 0.0853909
0.4375 0.875 0.0849199
0.4375 0.84375 0.0537456
0.4375 0.8125 0.0225798
0.46875 0.8125 0.0232
0.46875 0.84375 0.0542807
0.4375 0.84375 0.0537456
0.46875 0.875 0.0853909
0.46875 0.84375 0.0542807
0.5 0.84375 0.0604601
0.5 0.875 0.0909185
0.46875 0.875 0.0853909
0.46875 0.84375 0.0542807
0.46875 0.8125 0.0232
0.5 0.8125 0.0301724
0.5 0.84375 0.0604601
0.46875 0.84375 0.0542807
0.4375 0.8125 0.0225798
0.4375 0.78125 -0.00853339
0.46875 0.78125 -0.00776909
0.46875 0.8125 0.0232
0.4375 0.8125 0.0225798
0.4375 0.78125 -0.00853339
0.4375 0.75 -0.038844
0.46875 0.75 -0.0383084
0.46875 0.78125 -0.00776909
0.4375 0.78125 -0.00853339
0.46875 0.8125 0.0232
0.46875 0.78125 -0.00776909
0.5 0.78125 0.000103055
0.5 0.8125 0.0301724
0.46875 0.8125 0.0232
0.46875 0.78125 -0.00776909
0.46875 0.75 -0.0383084
0.5 0.75 -0.0290559
0.5 0.78125 0.000103055
0.46875 0.78125 -0.00776909
0.25 0.75 0.0958152
0.25 0.71875 0.0780954
0.28125 0.71875 0.0516436
0.28125 0.75 0.0698869
0.25 0.75 0.0958152
0.25 0.71875 0.0780954
0.25 0.6875 0.0613161
0.28125 0.6875 0.034613
0.28125 0.71875 0.0516436
0.25 0.71875 0.0780954
0.28125 0.75 0.0698869
0.28125 0.71875 0.0516436
0.3125 0.71875 0.0253189
0.3125 0.75 0.0442372
0.28125 0.75 0.0698869
0.28125 0.71875 0.0516436
0.28125 0.6875 0.034613
0.3125 0.6875 0.00801366
0.3125 0.71875 0.0253189
0.28125 0.71875 0.0516436
0.25 0.6875 0.0613161
0.25 0.65625 0.0450239
0.28125 0.65625 0.0181659
0.28125 0.6875 0.034613
0.25 0.6875 0.0613161
0.25 0.65625 0.0450239
0.25 0.625 0.0290227
0.28125 0.625 0.00197697
0.28125 0.65625 0.0181659
0.25 0.65625 0.0450239
0.28125 0.6875 0.034613
0.28125 0.65625 0.0181659
0.3125 0.65625 -0.00855043
0.3125 0.6875 0.00801366
0.28125 0.6875 0.034613
0.28125 0.65625 0.0181659
0.28125 0.625 0.00197697
0.3125 0.625 -0.0248324
0.3125 0.65625 -0.00855043
0.28125 0.65625 0.0181659
0.3125 0.75 0.0442372
0.3125 0.71875 0.0253189
0.34375 0.71875 -0.000841106
0.34375 0.75 0.0189607
0.3125 0.75 0.0442372
0.3125 0.71875 0.0253189
0.3125 0.6875 0.00801366
0.34375 0.6875 -0.0182869
0.34375 0.71875 -0.000841106
0.3125 0.71875 0.0253189
0.34375 0.75 0.0189607
0.34375 0.71875 -0.000841106
0.375 0.71875 -0.025831
0.375 0.75 -0.00513666
0.34375 0.75 0.0189607
0.34375 0.71875 -0.000841106
0.34375 0.6875 -0.0182869
0.375 0.6875 -0.0441765
0.375 0.71875 -0.025831
0.34375 0.71875 -0.000841106
0.3125 0.6875 0.00801366
0.3125 0.65625 -0.00855043
0.34375 0.65625 -0.0350956
0.34375 0.6875 -0.0182869
0.3125 0.6875 0.00801366
0.3125 0.65625 -0.00855043
0.3125 0.625 -0.0248324
0.34375 0.625 -0.0515416
0.34375 0.65625 -0.0350956
0.3125 0.65625 -0.00855043
0.34375 0.6875 -0.0182869
0.34375 0.65625 -0.0350956
0.375 0.65625 -0.0614364
0.375 0.6875 -0.0441765
0.34375 0.6875 -0.0182869
0.34375 0.65625 -0.0350956
0.34375 0.625 -0.0515416
0.375 0.625 -0.0781283
0.375 0.65625 -0.0614364
0.34375 0.65625 -0.0350956
0.25 0.625 0.0290227
0.25 0.59375 0.0133807
0.28125 0.59375 -0.0138435
0.28125 0.625 0.00197697
0.25 0.625 0.0290227
0.25 0.59375 0.0133807
0.25 0.5625 -0.00180316
0.28125 0.5625 -0.0292223
0.28125 0.59375 -0.0138435
0.25 0.59375 0.0133807
0.28125 0.625 0.00197697
0.28125 0.59375 -0.0138435
0.3125 0.59375 -0.0408269
0.3125 0.625 -0.0248324
0.28125 0.625 0.00197697
0.28125 0.59375 -0.0138435
0.28125 0.5625 -0.0292223
0.3125 0.5625 -0.0564588
0.3125 0.59375 -0.0408269
0.28125 0.59375 -0.0138435
0.25 0.5625 -0.00180316
0.25 0.53125 -0.01581
0.28125 0.53125 -0.0438094
0.28125 0.5625 -0.0292223
0.25 0.5625 -0.00180316
0.25 0.53125 -0.01581
0.25 0.5 -0.0279716
0.28125 0.5 -0.0569025
0.28125 0.53125 -0.0438094
0.25 0.53125 -0.01581
0.28125 0.5625 -0.0292223
0.28125 0.53125 -0.0438094
0.3125 0.53125 -0.0714957
0.3125 0.5625 -0.0564588
0.28125 0.5625 -0.0292223
0.28125 0.53125 -0.0438094
0.28125 0.5 -0.0569025
0.3125 0.5 -0.0853916
0.3125 0.53125 -0.0714957
0.28125 0.53125 -0.0438094
0.3125 0.625 -0.0248324
0.3125 0.59375 -0.0408269
0.34375 0.59375 -0.0677071
0.34375 0.625 -0.0515416
0.3125 0.625 -0.0248324
0.3125 0.59375 -0.0408269
0.3125 0.5625 -0.0564588
0.34375 0.5625 -0.0835498
0.34375 0.59375 -0.0677071
0.3125 0.59375 -0.0408269
0.34375 0.625 -0.0515416
0.34375 0.59375 -0.0677071
0.375 0.59375 -0.0944844
0.375 0.625 -0.0781283
0.34375 0.625 -0.0515416
0.34375 0.59375 -0.0677071
0.34375 0.5625 -0.0835498
0.375 0.5625 -0.110523
0.375 0.59375 -0.0944844
0.34375 0.59375 -0.0677071
0.3125 0.5625 -0.0564588
0.3125 0.53125 -0.0714957
0.34375 0.53125 -0.098926
0.34375 0.5625 -0.0835498
0.3125 0.5625 -0.0564588
0.3125 0.53125 -0.0714957
0.3125 0.5 -0.0853916
0.34375 0.5 -0.113449
0.34375 0.53125 -0.098926
0.3125 0.53125 -0.0714957
0.34375 0.5625 -0.0835498
0.34375 0.53125 -0.098926
0.375 0.53125 -0.126177
0.375 0.5625 -0.110523
0.34375 0.5625 -0.0835498
0.34375 0.53125 -0.098926
0.34375 0.5 -0.113449
0.375 0.5 -0.141194
0.375 0.53125 -0.126177
0.34375 0.53125 -0.098926
0.375 0.75 -0.00513666
0.375 0.71875 -0.025831
0.40625 0.71875 -0.049134
0.40625 0.75 -0.0258898
0.375 0.75 -0.00513666
0.375 0.71875 -0.025831
0.375 0.6875 -0.0441765
0.40625 0.6875 -0.0692762
0.40625 0.71875 -0.049134
0.375 0.71875 -0.025831
0.40625 0.75 -0.0258898
0.40625 0.71875 -0.049134
0.4375 0.71875 -0.0671099
0.4375 0.75 -0.038844
0.40625 0.75 -0.0258898
0.40625 0.71875 -0.049134
0.40625 0.6875 -0.0692762
0.4375 0.6875 -0.0918113
0.4375 0.71875 -0.0671099
0.40625 0.71875 -0.049134
0.375 0.6875 -0.0441765
0.375 0.65625 -0.0614364
0.40625 0.65625 -0.0874216
0.40625 0.6875 -0.0692762
0.375 0.6875 -0.0441765
0.375 0.65625 -0.0614364
0.375 0.625 -0.0781283
0.40625 0.625 -0.104536
0.40625 0.65625 -0.0874216
0.375 0.65625 -0.0614364
0.40625 0.6875 -0.0692762
0.40625 0.65625 -0.0874216
0.4375 0.65625 -0.112433
0.4375 0.6875 -0.0918113
0.40625 0.6875 -0.0692762
0.40625 0.65625 -0.0874216
0.40625 0.625 -0.104536
0.4375 0.625 -0.130563
0.4375 0.65625 -0.112433
0.40625 0.65625 -0.0874216
0.4375 0.75 -0.038844
0.4375 0.71875 -0.0671099
0.46875 0.71875 -0.0683982
0.46875 0.75 -0.0383084
0.4375 0.75 -0.038844
0.4375 0.71875 -0.0671099
0.4375 0.6875 -0.0918113
0.46875 0.6875 -0.097969
0.46875 0.71875 -0.0683982
0.4375 0.71875 -0.0671099
0.46875 0.75 -0.0383084
0.46875 0.71875 -0.0683982
0.5 0.71875 -0.0577528
0.5 0.75 -0.0290559
0.46875 0.75 -0.0383084
0.46875 0.71875 -0.0683982
0.46875 0.6875 -0.097969
0.5 0.6875 -0.0859999
0.5 0.71875 -0.0577528
0.46875 0.71875 -0.0683982
0.4375 0.6875 -0.0918113
0.4375 0.65625 -0.112433
0.46875 0.65625 -0.126981
0.46875 0.6875 -0.097969
0.4375 0.6875 -0.0918113
0.4375 0.65625 -0.112433
0.4375 0.625 -0.130563
0.46875 0.625 -0.15231
0.46875 0.65625 -0.126981
0.4375 0.65625 -0.112433
0.46875 0.6875 -0.097969
0.46875 0.65625 -0.126981
0.5 0.65625 -0.113902
0.5 0.6875 -0.0859999
0.46875 0.6875 -0.097969
0.46875 0.65625 -0.126981
0.46875 0.625 -0.15231
0.5 0.625 -0.141482
0.5 0.65625 -0.113902
0.46875 0.65625 -0.126981
0.375 0.625 -0.0781283
0.375 0.59375 -0.0944844
0.40625 0.59375 -0.121136
0.40625 0.625 -0.104536
0.375 0.625 -0.0781283
0.375 0.59375 -0.0944844
0.375 0.5625 -0.110523
0.40625 0.5625 -0.137383
0.40625 0.59375 -0.121136
0.375 0.59375 -0.0944844
0.40625 0.625 -0.104536
0.40625 0.59375 -0.121136
0.4375 0.59375 -0.147596
0.4375 0.625 -0.130563
0.40625 0.625 -0.104536
0.40625 0.59375 -0.121136
0.40625 0.5625 -0.137383
0.4375 0.5625 -0.164122
0.4375 0.59375 -0.147596
0.40625 0.59375 -0.121136
0.375 0.5625 -0.110523
0.375 0.5 -0.141194
0.4375 0.5 -0.187973
0.4375 0.5625 -0.164122
0.375 0.5625 -0.110523
0.4375 0.625 -0.130563
0.4375 0.5625 -0.164122
0.5 0.5625 -0.196063
0.5 0.625 -0.141482
0.4375 0.625 -0.130563
0.4375 0.5625 -0.164122
0.4375 0.5 -0.187973
0.5 0.5 -0.232009
0.5 0.5625 -0.196063
0.4375 0.5625 -0.164122
0 0.5 0.218617
0 0.4375 0.212701
0.0625 0.4375 0.150237
0.0625 0.5 0.156093
0 0.5 0.218617
0 0.4375 0.212701
0 0.375 0.222424
0.0625 0.375 0.161965
0.0625 0.4375 0.150237
0 0.4375 0.212701
0.0625 0.5 0.156093
0.0625 0.46875 0.150819
0.09375 0.46875 0.119545
0.09375 0.5 0.125113
0.0625 0.5 0.156093
0.0625 0.46875 0.150819
0.0625 0.4375 0.150237
0.09375 0.4375 0.119076
0.09375 0.46875 0.119545
0.0625 0.46875 0.150819
0.09375 0.5 0.125113
0.09375 0.46875 0.119545
0.125 0.46875 0.0882932
0.125 0.5 0.0941704
0.09375 0.5 0.125113
0.09375 0.46875 0.119545
0.09375 0.4375 0.119076
0.125 0.4375 0.0879225
0.125 0.46875 0.0882932
0.09375 0.46875 0.119545
0.0625 0.4375 0.150237
0.0625 0.40625 0.154203
0.09375 0.40625 0.123629
0.09375 0.4375 0.119076
0.0625 0.4375 0.150237
0.0625 0.40625 0.154203
0.0625 0.375 0.161965
0.09375 0.375 0.132422
0.09375 0.40625 0.123629
0.0625 0.40625 0.154203
0.09375 0.4375 0.119076
0.09375 0.40625 0.123629
0.125 0.40625 0.0932898
0.125 0.4375 0.0879225
0.09375 0.4375 0.119076
0.09375 0.40625 0.123629
0.09375 0.375 0.132422
0.125 0.375 0.103261
0.125 0.40625 0.0932898
0.09375 0.40625 0.123629
0 0.375 0.222424
0 0.3125 0.243737
0.0625 0.3125 0.186787
0.0625 0.375 0.161965
0 0.375 0.222424
0 0.3125 0.243737
0 0.25 0.273612
0.0625 0.25 0.220986
0.0625 0.3125 0.186787
0 0.3125 0.243737
0.0625 0.375 0.161965
0.0625 0.3125 0.186787
0.125 0.3125 0.133721
0.125 0.375 0.103261
0.0625 0.375 0.161965
0.0625 0.3125 0.186787
0.0625 0.25 0.220986
0.125 0.25 0.173853
0.125 0.3125 0.133721
0.0625 0.3125 0.186787
0.125 0.5 0.0941704
0.125 0.46875 0.0882932
0.15625 0.46875 0.0570447
0.15625 0.5 0.0632505
0.125 0.5 0.0941704
0.125 0.46875 0.0882932
0.125 0.4375 0.0879225
0.15625 0.4375 0.0567767
0.15625 0.46875 0.0570447
0.125 0.46875 0.0882932
0.15625 0.5 0.0632505
0.15625 0.46875 0.0570447
0.1875 0.46875 0.0257966
0.1875 0.5 0.0323466
0.15625 0.5 0.0632505
0.15625 0.46875 0.0570447
0.15625 0.4375 0.0567767
0.1875 0.4375 0.0256504
0.1875 0.46875 0.0257966
0.15625 0.46875 0.0570447
0.125 0.4375 0.0879225
0.125 0.40625 0.0932898
0.15625 0.40625 0.0631628
0.15625 0.4375 0.0567767
0.125 0.4375 0.0879225
0.125 0.40625 0.0932898
0.125 0.375 0.103261
0.15625 0.375 0.0747375
0.15625 0.40625 0.0631628
0.125 0.40625 0.0932898
0.15625 0.4375 0.0567767
0.15625 0.40625 0.0631628
0.1875 0.40625 0.0334651
0.1875 0.4375 0.0256504
0.15625 0.4375 0.0567767
0.15625 0.40625 0.0631628
0.15625 0.375 0.0747375
0.1875 0.375 0.046985
0.1875 0.40625 0.0334651
0.15625 0.40625 0.0631628
0.1875 0.5 0.0323466
0.1875 0.46875 0.0257966
0.21875 0.46875 -0.00537402
0.21875 0.5 0.00145244
0.1875 0.5 0.0323466
0.1875 0.46875 0.0257966
0.1875 0.4375 0.0256504
0.21875 0.4375 -0.00505862
0.21875 0.46875 -0.00537402
0.1875 0.46875 0.0257966
0.21875 0.5 0.00145244
0.21875 0.46875 -0.00537402
0.25 0.46875 -0.0359942
0.25 0.5 -0.0279716
0.21875 0.5 0.00145244
0.21875 0.46875 -0.00537402
0.21875 0.4375 -0.00505862
0.25 0.4375 -0.0334971
0.25 0.46875 -0.0359942
0.21875 0.46875 -0.00537402
0.1875 0.4375 0.0256504
0.1875 0.40625 0.0334651
0.21875 0.40625 0.00438749
0.21875 0.4375 -0.00505862
0.1875 0.4375 0.0256504
0.1875 0.40625 0.0334651
0.1875 0.375 0.046985
0.21875 0.375 0.0206205
0.21875 0.40625 0.00438749
0.1875 0.40625 0.0334651
0.21875 0.4375 -0.00505862
0.21875 0.40625 0.00438749
0.25 0.40625 -0.0210547
0.25 0.4375 -0.0334971
0.21875 0.4375 -0.00505862
0.21875 0.40625 0.00438749
0.21875 0.375 0.0206205
0.25 0.375 -0.00357244
0.25 0.40625 -0.0210547
0.21875 0.40625 0.00438749
0.125 0.375 0.103261
0.125 0.34375 0.117012
0.15625 0.34375 0.0901752
0.15625 0.375 0.0747375
0.125 0.375 0.103261
0.125 0.34375 0.117012
0.125 0.3125 0.133721
0.15625 0.3125 0.108713
0.15625 0.34375 0.0901752
0.125 0.34375 0.117012
0.15625 0.375 0.0747375
0.15625 0.34375 0.0901752
0.1875 0.34375 0.064675
0.1875 0.375 0.046985
0.15625 0.375 0.0747375
0.15625 0.34375 0.0901752
0.15625 0.3125 0.108713
0.1875 0.3125 0.0853201
0.1875 0.34375 0.064675
0.15625 0.34375 0.0901752
0.125 0.3125 0.133721
0.125 0.28125 0.152823
0.15625 0.28125 0.129534
0.15625 0.3125 0.108713
0.125 0.3125 0.133721
0.125 0.28125 0.152823
0.125 0.25 0.173853
0.15625 0.25 0.152113
0.15625 0.28125 0.129534
0.125 0.28125 0.152823
0.15625 0.3125 0.108713
0.15625 0.28125 0.129534
0.1875 0.28125 0.107874
0.1875 0.3125 0.0853201
0.15625 0.3125 0.108713
0.15625 0.28125 0.129534
0.15625 0.25 0.152113
0.1875 0.25 0.131797
0.1875 0.28125 0.107874
0.15625 0.28125 0.129534
0.1875 0.375 0.046985
0.1875 0.34375 0.064675
0.21875 0.34375 0.0408157
0.21875 0.375 0.0206205
0.1875 0.375 0.046985
0.1875 0.34375 0.064675
0.1875 0.3125 0.0853201
0.21875 0.3125 0.0635845
0.21875 0.34375 0.0408157
0.1875 0.34375 0.064675
0.21875 0.375 0.0206205
0.21875 0.34375 0.0408157
0.25 0.34375 0.019201
0.25 0.375 -0.00357244
0.21875 0.375 0.0206205
0.21875 0.34375 0.0408157
0.21875 0.3125 0.0635845
0.25 0.3125 0.0437028
0.25 0.34375 0.019201
0.21875 0.34375 0.0408157
0.1875 0.3125 0.0853201
0.1875 0.28125 0.107874
0.21875 0.28125 0.0877261
0.21875 0.3125 0.0635845
0.1875 0.3125 0.0853201
0.1875 0.28125 0.107874
0.1875 0.25 0.131797
0.21875 0.25 0.112759
0.21875 0.28125 0.0877261
0.1875 0.28125 0.107874
0.21875 0.3125 0.0635845
0.21875 0.28125 0.0877261
0.25 0.28125 0.0689991
0.25 0.3125 0.0437028
0.21875 0.3125 0.0635845
0.21875 0.28125 0.0877261
0.21875 0.25 0.112759
0.25 0.25 0.0947822
0.25 0.28125 0.0689991
0.21875 0.28125 0.0877261
0 0.25 0.273612
0 0.1875 0.311044
0.0625 0.1875 0.262783
0.0625 0.25 0.220986
0 0.25 0.273612
0 0.1875 0.311044
0 0.125 0.352983
0.0625 0.125 0.308811
0.0625 0.1875 0.262783
0 0.1875 0.311044
0.0625 0.25 0.220986
0.0625 0.1875 0.262783
0.125 0.1875 0.220376
0.125 0.25 0.173853
0.0625 0.25 0.220986
0.0625 0.1875 0.262783
0.0625 0.125 0.308811
0.125 0.125 0.269786
0.125 0.1875 0.220376
0.0625 0.1875 0.262783
0 0.125 0.352983
0 0 0.451126
0.125 0 0.373727
0.125 0.125 0.269786
0 0.125 0.352983
0.125 0.25 0.173853
0.125 0.1875 0.220376
0.1875 0.1875 0.182062
0.1875 0.25 0.131797
0.125 0.25 0.173853
0.125 0.1875 0.220376
0.125 0.125 0.269786
0.1875 0.125 0.233852
0.1875 0.1875 0.182062
0.125 0.1875 0.220376
0.1875 0.25 0.131797
0.1875 0.1875 0.182062
0.25 0.1875 0.147196
0.25 0.25 0.0947822
0.1875 0.25 0.131797
0.1875 0.1875 0.182062
0.1875 0.125 0.233852
0.25 0.125 0.2003
0.25 0.1875 0.147196
0.1875 0.1875 0.182062
0.125 0.125 0.269786
0.125 0 0.373727
0.25 0 0.308266
0.25 0.125 0.2003
0.125 0.125 0.269786
0.25 0.5 -0.0279716
0.25 0.46875 -0.0359942
0.28125 0.46875 -0.065761
0.28125 0.5 -0.0569025
0.25 0.5 -0.0279716
0.25 0.46875 -0.0359942
0.25 0.4375 -0.0334971
0.28125 0.4375 -0.059928
0.28125 0.46875 -0.065761
0.25 0.46875 -0.0359942
0.28125 0.5 -0.0569025
0.28125 0.46875 -0.065761
0.3125 0.46875 -0.0941898
0.3125 0.5 -0.0853916
0.28125 0.5 -0.0569025
0.28125 0.46875 -0.065761
0.28125 0.4375 -0.059928
0.3125 0.4375 -0.0842517
0.3125 0.46875 -0.0941898
0.28125 0.46875 -0.065761
0.25 0.4375 -0.0334971
0.25 0.40625 -0.0210547
0.28125 0.40625 -0.044232
0.28125 0.4375 -0.059928
0.25 0.4375 -0.0334971
0.25 0.40625 -0.0210547
0.25 0.375 -0.00357244
0.28125 0.375 -0.023577
0.28125 0.40625 -0.044232
0.25 0.40625 -0.0210547
0.28125 0.4375 -0.059928
0.28125 0.40625 -0.044232
0.3125 0.40625 -0.0654741
0.3125 0.4375 -0.0842517
0.28125 0.4375 -0.059928
0.28125 0.40625 -0.044232
0.28125 0.375 -0.023577
0.3125 0.375 -0.0424824
0.3125 0.40625 -0.0654741
0.28125 0.40625 -0.044232
0.3125 0.5 -0.0853916
0.3125 0.46875 -0.0941898
0.34375 0.46875 -0.120726
0.34375 0.5 -0.113449
0.3125 0.5 -0.0853916
0.3125 0.46875 -0.0941898
0.3125 0.4375 -0.0842517
0.34375 0.4375 -0.106407
0.34375 0.46875 -0.120726
0.3125 0.46875 -0.0941898
0.34375 0.5 -0.113449
0.34375 0.46875 -0.120726
0.375 0.46875 -0.144975
0.375 0.5 -0.141194
0.34375 0.5 -0.113449
0.34375 0.46875 -0.120726
0.34375 0.4375 -0.106407
0.375 0.4375 -0.126612
0.375 0.46875 -0.144975
0.34375 0.46875 -0.120726
0.3125 0.4375 -0.0842517
0.3125 0.40625 -0.0654741
0.34375 0.40625 -0.0848556
0.34375 0.4375 -0.106407
0.3125 0.4375 -0.0842517
0.3125 0.40625 -0.0654741
0.3125 0.375 -0.0424824
0.34375 0.375 -0.0603898
0.34375 0.40625 -0.0848556
0.3125 0.40625 -0.0654741
0.34375 0.4375 -0.106407
0.34375 0.40625 -0.0848556
0.375 0.40625 -0.102935
0.375 0.4375 -0.126612
0.34375 0.4375 -0.106407
0.34375 0.40625 -0.0848556
0.34375 0.375 -0.0603898
0.375 0.375 -0.0774643
0.375 0.40625 -0.102935
0.34375 0.40625 -0.0848556
0.25 0.375 -0.00357244
0.25 0.34375 0.019201
0.28125 0.34375 -0.000250503
0.28125 0.375 -0.023577
0.25 0.375 -0.00357244
0.25 0.34375 0.019201
0.25 0.3125 0.0437028
0.28125 0.3125 0.025351
0.28125 0.34375 -0.000250503
0.25 0.34375 0.019201
0.28125 0.375 -0.023577
0.28125 0.34375 -0.000250503
0.3125 0.34375 -0.0179425
0.3125 0.375 -0.0424824
0.28125 0.375 -0.023577
0.28125 0.34375 -0.000250503
0.28125 0.3125 0.025351
0.3125 0.3125 0.00806336
0.3125 0.34375 -0.0179425
0.28125 0.34375 -0.000250503
0.25 0.3125 0.0437028
0.25 0.28125 0.0689991
0.28125 0.28125 0.0513681
0.28125 0.3125 0.025351
0.25 0.3125 0.0437028
0.25 0.28125 0.0689991
0.25 0.25 0.0947822
0.28125 0.25 0.077637
0.28125 0.28125 0.0513681
0.25 0.28125 0.0689991
0.28125 0.3125 0.025351
0.28125 0.28125 0.0513681
0.3125 0.28125 0.034483
0.3125 0.3125 0.00806336
0.28125 0.3125 0.025351
0.28125 0.28125 0.0513681
0.28125 0.25 0.077637
0.3125 0.25 0.0610378
0.3125 0.28125 0.034483
0.28125 0.28125 0.0513681
0.3125 0.375 -0.0424824
0.3125 0.34375 -0.0179425
0.34375 0.34375 -0.0347916
0.34375 0.375 -0.0603898
0.3125 0.375 -0.0424824
0.3125 0.34375 -0.0179425
0.3125 0.3125 0.00806336
0.34375 0.3125 -0.00856636
0.34375 0.34375 -0.0347916
0.3125 0.34375 -0.0179425
0.34375 0.375 -0.0603898
0.34375 0.34375 -0.0347916
0.375 0.34375 -0.0513003
0.375 0.375 -0.0774643
0.34375 0.375 -0.0603898
0.34375 0.34375 -0.0347916
0.34375 0.3125 -0.00856636
0.375 0.3125 -0.0247531
0.375 0.34375 -0.0513003
0.34375 0.34375 -0.0347916
0.3125 0.3125 0.00806336
0.3125 0.28125 0.034483
0.34375 0.28125 0.018066
0.34375 0.3125 -0.00856636
0.3125 0.3125 0.00806336
0.3125 0.28125 0.034483
0.3125 0.25 0.0610378
0.34375 0.25 0.044816
0.34375 0.28125 0.018066
0.3125 0.28125 0.034483
0.34375 0.3125 -0.00856636
0.34375 0.28125 0.018066
0.375 0.28125 0.00198003
0.375 0.3125 -0.0247531
0.34375 0.3125 -0.00856636
0.34375 0.28125 0.018066
0.34375 0.25 0.044816
0.375 0.25 0.0289081
0.375 0.28125 0.00198003
0.34375 0.28125 0.018066
0.375 0.5 -0.141194
0.375 0.4375 -0.126612
0.4375 0.4375 -0.162578
0.4375 0.5 -0.187973
0.375 0.5 -0.141194
0.375 0.4375 -0.126612
0.375 0.40625 -0.102935
0.40625 0.40625 -0.120103
0.40625 0.4375 -0.145144
0.375 0.4375 -0.126612
0.375 0.40625 -0.102935
0.375 0.375 -0.0774643
0.40625 0.375 -0.093999
0.40625 0.40625 -0.120103
0.375 0.40625 -0.102935
0.40625 0.4375 -0.145144
0.40625 0.40625 -0.120103
0.4375 0.40625 -0.136658
0.4375 0.4375 -0.162578
0.40625 0.4375 -0.145144
0.40625 0.40625 -0.120103
0.40625 0.375 -0.093999
0.4375 0.375 -0.110094
0.4375 0.40625 -0.136658
0.40625 0.40625 -0.120103
0.4375 0.5 -0.187973
0.4375 0.4375 -0.162578
0.5 0.4375 -0.194525
0.5 0.5 -0.232009
0.4375 0.5 -0.187973
0.4375 0.4375 -0.162578
0.4375 0.375 -0.110094
0.5 0.375 -0.140492
0.5 0.4375 -0.194525
0.4375 0.4375 -0.162578
0.375 0.375 -0.0774643
0.375 0.34375 -0.0513003
0.40625 0.34375 -0.0674704
0.40625 0.375 -0.093999
0.375 0.375 -0.0774643
0.375 0.34375 -0.0513003
0.375 0.3125 -0.0247531
0.40625 0.3125 -0.0406839
0.40625 0.34375 -0.0674704
0.375 0.34375 -0.0513003
0.40625 0.375 -0.093999
0.40625 0.34375 -0.0674704
0.4375 0.34375 -0.0832667
0.4375 0.375 -0.110094
0.40625 0.375 -0.093999
0.40625 0.34375 -0.0674704
0.40625 0.3125 -0.0406839
0.4375 0.3125 -0.0562557
0.4375 0.34375 -0.0832667
0.40625 0.34375 -0.0674704
0.375 0.3125 -0.0247531
0.375 0.28125 0.00198003
0.40625 0.28125 -0.0137815
0.40625 0.3125 -0.0406839
0.375 0.3125 -0.0247531
0.375 0.28125 0.00198003
0.375 0.25 0.0289081
0.40625 0.25 0.0133108
0.40625 0.28125 -0.0137815
0.375 0.28125 0.00198003
0.40625 0.3125 -0.0406839
0.40625 0.28125 -0.0137815
0.4375 0.28125 -0.0291208
0.4375 0.3125 -0.0562557
0.40625 0.3125 -0.0406839
0.40625 0.28125 -0.0137815
0.40625 0.25 0.0133108
0.4375 0.25 -0.00184637
0.4375 0.28125 -0.0291208
0.40625 0.28125 -0.0137815
0.4375 0.375 -0.110094
0.4375 0.34375 -0.0832667
0.46875 0.34375 -0.0985322
0.46875 0.375 -0.125676
0.4375 0.375 -0.110094
0.4375 0.34375 -0.0832667
0.4375 0.3125 -0.0562557
0.46875 0.3125 -0.0712079
0.46875 0.34375 -0.0985322
0.4375 0.34375 -0.0832667
0.46875 0.375 -0.125676
0.46875 0.34375 -0.0985322
0.5 0.34375 -0.112907
0.5 0.375 -0.140492
0.46875 0.375 -0.125676
0.46875 0.34375 -0.0985322
0.46875 0.3125 -0.0712079
0.5 0.3125 -0.085059
0.5 0.34375 -0.112907
0.46875 0.34375 -0.0985322
0.4375 0.3125 -0.0562557
0.4375 0.28125 -0.0291208
0.46875 0.28125 -0.0436944
0.46875 0.3125 -0.0712079
0.4375 0.3125 -0.0562557
0.4375 0.28125 -0.0291208
0.4375 0.25 -0.00184637
0.46875 0.25 -0.0159617
0.46875 0.28125 -0.0436944
0.4375 0.28125 -0.0291208
0.46875 0.3125 -0.0712079
0.46875 0.28125 -0.0436944
0.5 0.28125 -0.0569279
0.5 0.3125 -0.085059
0.46875 0.3125 -0.0712079
0.46875 0.28125 -0.0436944
0.46875 0.25 -0.0159617
0.5 0.25 -0.0284725
0.5 0.28125 -0.0569279
0.46875 0.28125 -0.0436944
0.25 0.25 0.0947822
0.25 0.21875 0.120876
0.28125 0.21875 0.10408
0.28125 0.25 0.077637
0.25 0.25 0.0947822
0.25 0.21875 0.120876
0.25 0.1875 0.147196
0.28125 0.1875 0.130662
0.28125 0.21875 0.10408
0.25 0.21875 0.120876
0.28125 0.25 0.077637
0.28125 0.21875 0.10408
0.3125 0.21875 0.0877102
0.3125 0.25 0.0610378
0.28125 0.25 0.077637
0.28125 0.21875 0.10408
0.28125 0.1875 0.130662
0.3125 0.1875 0.114494
0.3125 0.21875 0.0877102
0.28125 0.21875 0.10408
0.25 0.1875 0.147196
0.25 0.125 0.2003
0.3125 0.125 0.168409
0.3125 0.1875 0.114494
0.25 0.1875 0.147196
0.3125 0.25 0.0610378
0.3125 0.21875 0.0877102
0.34375 0.21875 0.071677
0.34375 0.25 0.044816
0.3125 0.25 0.0610378
0.3125 0.21875 0.0877102
0.3125 0.1875 0.114494
0.34375 0.1875 0.0986532
0.34375 0.21875 0.071677
0.3125 0.21875 0.0877102
0.34375 0.25 0.044816
0.34375 0.21875 0.071677
0.375 0.21875 0.0559585
0.375 0.25 0.0289081
0.34375 0.25 0.044816
0.34375 0.21875 0.071677
0.34375 0.1875 0.0986532
0.375 0.1875 0.083147
0.375 0.21875 0.0559585
0.34375 0.21875 0.071677
0.3125 0.1875 0.114494
0.3125 0.15625 0.141391
0.34375 0.15625 0.125753
0.34375 0.1875 0.0986532
0.3125 0.1875 0.114494
0.3125 0.15625 0.141391
0.3125 0.125 0.168409
0.34375 0.125 0.152991
0.34375 0.15625 0.125753
0.3125 0.15625 0.141391
0.34375 0.1875 0.0986532
0.34375 0.15625 0.125753
0.375 0.15625 0.110497
0.375 0.1875 0.083147
0.34375 0.1875 0.0986532
0.34375 0.15625 0.125753
0.34375 0.125 0.152991
0.375 0.125 0.138033
0.375 0.15625 0.110497
0.34375 0.15625 0.125753
0.25 0.125 0.2003
0.25 0.0625 0.253847
0.3125 0.0625 0.222924
0.3125 0.125 0.168409
0.25 0.125 0.2003
0.25 0.0625 0.253847
0.25 0 0.308266
0.3125 0 0.278518
0.3125 0.0625 0.222924
0.25 0.0625 0.253847
0.3125 0.125 0.168409
0.3125 0.0625 0.222924
0.375 0.0625 0.193882
0.375 0.125 0.138033
0.3125 0.125 0.168409
0.3125 0.0625 0.222924
0.3125 0 0.278518
0.375 0 0.251166
0.375 0.0625 0.193882
0.3125 0.0625 0.222924
0.375 0.25 0.0289081
0.375 0.21875 0.0559585
0.40625 0.21875 0.0405963
0.40625 0.25 0.0133108
0.375 0.25 0.0289081
0.375 0.21875 0.0559585
0.375 0.1875 0.083147
0.40625 0.1875 0.0680908
0.40625 0.21875 0.0405963
0.375 0.21875 0.0559585
0.40625 0.25 0.0133108
0.40625 0.21875 0.0405963
0.4375 0.21875 0.0258399
0.4375 0.25 -0.00184637
0.40625 0.25 0.0133108
0.40625 0.21875 0.0405963
0.40625 0.1875 0.0680908
0.4375 0.1875 0.053833
0.4375 0.21875 0.0258399
0.40625 0.21875 0.0405963
0.375 0.1875 0.083147
0.375 0.15625 0.110497
0.40625 0.15625 0.0958207
0.40625 0.1875 0.0680908
0.375 0.1875 0.083147
0.375 0.15625 0.110497
0.375 0.125 0.138033
0.40625 0.125 0.123807
0.40625 0.15625 0.0958207
0.375 0.15625 0.110497
0.40625 0.1875 0.0680908
0.40625 0.15625 0.0958207
0.4375 0.15625 0.082144
0.4375 0.1875 0.053833
0.40625 0.1875 0.0680908
0.40625 0.15625 0.0958207
0.40625 0.125 0.123807
0.4375 0.125 0.110764
0.4375 0.15625 0.082144
0.40625 0.15625 0.0958207
0.4375 0.25 -0.00184637
0.4375 0.21875 0.0258399
0.46875 0.21875 0.0122279
0.46875 0.25 -0.0159617
0.4375 0.25 -0.00184637
0.4375 0.21875 0.0258399
0.4375 0.1875 0.053833
0.46875 0.1875 0.0409415
0.46875 0.21875 0.0122279
0.4375 0.21875 0.0258399
0.46875 0.25 -0.0159617
0.46875 0.21875 0.0122279
0.5 0.21875 0.000334596
0.5 0.25 -0.0284725
0.46875 0.25 -0.0159617
0.46875 0.21875 0.0122279
0.46875 0.1875 0.0409415
0.5 0.1875 0.0301127
0.5 0.21875 0.000334596
0.46875 0.21875 0.0122279
0.4375 0.1875 0.053833
0.4375 0.15625 0.082144
0.46875 0.15625 0.0700502
0.46875 0.1875 0.0409415
0.4375 0.1875 0.053833
0.4375 0.15625 0.082144
0.4375 0.125 0.110764
0.46875 0.125 0.0994713
0.46875 0.15625 0.0700502
0.4375 0.15625 0.082144
0.46875 0.1875 0.0409415
0.46875 0.15625 0.0700502
0.5 0.15625 0.06023
0.5 0.1875 0.0301127
0.46875 0.1875 0.0409415
0.46875 0.15625 0.0700502
0.46875 0.125 0.0994713
0.5 0.125 0.0905505
0.5 0.15625 0.06023
0.46875 0.15625 0.0700502
0.375 0.125 0.138033
0.375 0.0625 0.193882
0.4375 0.0625 0.168956
0.4375 0.125 0.110764
0.375 0.125 0.138033
0.375 0.0625 0.193882
0.375 0 0.251166
0.4375 0 0.228539
0.4375 0.0625 0.168956
0.375 0.0625 0.193882
0.4375 0.125 0.110764
0.4375 0.0625 0.168956
0.5 0.0625 0.151741
0.5 0.125 0.0905505
0.4375 0.125 0.110764
0.4375 0.0625 0.168956
0.4375 0 0.228539
0.5 0 0.2135
0.5 0.0625 0.151741
0.4375 0.0625 0.168956
0.5 1 0.213924
0.5 0.9375 0.152226
0.5625 0.9375 0.170398
0.5625 1 0.229804
0.5 1 0.213924
0.5 0.9375 0.152226
0.5 0.875 0.0909185
0.5625 0.875 0.111504
0.5625 0.9375 0.170398
0.5 0.9375 0.152226
0.5625 1 0.229804
0.5625 0.9375 0.170398
0.625 0.9375 0.195453
0.625 1 0.252718
0.5625 1 0.229804
0.5625 0.9375 0.170398
0.5625 0.875 0.111504
0.625 0.875 0.138754
0.625 0.9375 0.195453
0.5625 0.9375 0.170398
0.5 0.875 0.0909185
0.5 0.84375 0.0604601
0.53125 0.84375 0.0703245
0.53125 0.875 0.0999653
0.5 0.875 0.0909185
0.5 0.84375 0.0604601
0.5 0.8125 0.0301724
0.53125 0.8125 0.0409677
0.53125 0.84375 0.0703245
0.5 0.84375 0.0604601
0.53125 0.875 0.0999653
0.53125 0.84375 0.0703245
0.5625 0.84375 0.0826335
0.5625 0.875 0.111504
0.53125 0.875 0.0999653
0.53125 0.84375 0.0703245
0.53125 0.8125 0.0409677
0.5625 0.8125 0.0540685
0.5625 0.84375 0.0826335
0.53125 0.84375 0.0703245
0.5 0.8125 0.0301724
0.5 0.78125 0.000103055
0.53125 0.78125 0.0119325
0.53125 0.8125 0.0409677
0.5 0.8125 0.0301724
0.5 0.78125 0.000103055
0.5 0.75 -0.0290559
0.53125 0.75 -0.0163987
0.53125 0.78125 0.0119325
0.5 0.78125 0.000103055
0.53125 0.8125 0.0409677
0.53125 0.78125 0.0119325
0.5625 0.78125 0.0258208
0.5625 0.8125 0.0540685
0.53125 0.8125 0.0409677
0.53125 0.78125 0.0119325
0.53125 0.75 -0.0163987
0.5625 0.75 -0.00206975
0.5625 0.78125 0.0258208
0.53125 0.78125 0.0119325
0.5625 0.875 0.111504
0.5625 0.84375 0.0826335
0.59375 0.84375 0.0963357
0.59375 0.875 0.124591
0.5625 0.875 0.111504
0.5625 0.84375 0.0826335
0.5625 0.8125 0.0540685
0.59375 0.8125 0.0683501
0.59375 0.84375 0.0963357
0.5625 0.84375 0.0826335
0.59375 0.875 0.124591
0.59375 0.84375 0.0963357
0.625 0.84375 0.110973
0.625 0.875 0.138754
0.59375 0.875 0.124591
0.59375 0.84375 0.0963357
0.59375 0.8125 0.0683501
0.625 0.8125 0.0834193
0.625 0.84375 0.110973
0.59375 0.84375 0.0963357
0.5625 0.8125 0.0540685
0.5625 0.78125 0.0258208
0.59375 0.78125 0.0406392
0.59375 0.8125 0.0683501
0.5625 0.8125 0.0540685
0.5625 0.78125 0.0258208
0.5625 0.75 -0.00206975
0.59375 0.75 0.0131735
0.59375 0.78125 0.0406392
0.5625 0.78125 0.0258208
0.59375 0.8125 0.0683501
0.59375 0.78125 0.0406392
0.625 0.78125 0.0560788
0.625 0.8125 0.0834193
0.59375 0.8125 0.0683501
0.59375 0.78125 0.0406392
0.59375 0.75 0.0131735
0.625 0.75 0.0289358
0.625 0.78125 0.0560788
0.59375 0.78125 0.0406392
0.625 1 0.252718
0.625 0.9375 0.195453
0.6875 0.9375 0.224195
0.6875 1 0.27987
0.625 1 0.252718
0.625 0.9375 0.195453
0.625 0.875 0.138754
0.6875 0.875 0.169032
0.6875 0.9375 0.224195
0.625 0.9375 0.195453
0.6875 1 0.27987
0.6875 0.9375 0.224195
0.75 0.9375 0.255181
0.75 1 0.309511
0.6875 1 0.27987
0.6875 0.9375 0.224195
0.6875 0.875 0.169032
0.75 0.875 0.201306
0.75 0.9375 0.255181
0.6875 0.9375 0.224195
0.625 0.875 0.138754
0.625 0.84375 0.110973
0.65625 0.84375 0.126214
0.65625 0.875 0.15365
0.625 0.875 0.138754
0.625 0.84375 0.110973
0.625 0.8125 0.0834193
0.65625 0.8125 0.0989709
0.65625 0.84375 0.126214
0.625 0.84375 0.110973
0.65625 0.875 0.15365
0.65625 0.84375 0.126214
0.6875 0.84375 0.141884
0.6875 0.875 0.169032
0.65625 0.875 0.15365
0.65625 0.84375 0.126214
0.65625 0.8125 0.0989709
0.6875 0.8125 0.114901
0.6875 0.84375 0.141884
0.65625 0.84375 0.126214
0.625 0.8125 0.0834193
0.625 0.78125 0.0560788
0.65625 0.78125 0.0718921
0.65625 0.8125 0.0989709
0.625 0.8125 0.0834193
0.625 0.78125 0.0560788
0.625 0.75 0.0289358
0.65625 0.75 0.0449824
0.65625 0.78125 0.0718921
0.625 0.78125 0.0560788
0.65625 0.8125 0.0989709
0.65625 0.78125 0.0718921
0.6875 0.78125 0.0880573
0.6875 0.8125 0.114901
0.65625 0.8125 0.0989709
0.65625 0.78125 0.0718921
0.65625 0.75 0.0449824
0.6875 0.75 0.0613581
0.6875 0.78125 0.0880573
0.65625 0.78125 0.0718921
0.6875 0.875 0.169032
0.6875 0.8125 0.114901
0.75 0.8125 0.148092
0.75 0.875 0.201306
0.6875 0.875 0.169032
0.6875 0.8125 0.114901
0.6875 0.78125 0.0880573
0.71875 0.78125 0.104634
0.71875 0.8125 0.131232
0.6875 0.8125 0.114901
0.6875 0.78125 0.0880573
0.6875 0.75 0.0613581
0.71875 0.75 0.0781918
0.71875 0.78125 0.104634
0.6875 0.78125 0.0880573
0.71875 0.8125 0.131232
0.71875 0.78125 0.104634
0.75 0.78125 0.121827
0.75 0.8125 0.148092
0.71875 0.8125 0.131232
0.71875 0.78125 0.104634
0.71875 0.75 0.0781918
0.75 0.75 0.0958418
0.75 0.78125 0.121827
0.71875 0.78125 0.104634
0.5 0.75 -0.0290559
0.5 0.71875 -0.0577528
0.53125 0.71875 -0.044226
0.53125 0.75 -0.0163987
0.5 0.75 -0.0290559
0.5 0.71875 -0.0577528
0.5 0.6875 -0.0859999
0.53125 0.6875 -0.0717829
0.53125 0.71875 -0.044226
0.5 0.71875 -0.0577528
0.53125 0.75 -0.0163987
0.53125 0.71875 -0.044226
0.5625 0.71875 -0.0294112
0.5625 0.75 -0.00206975
0.53125 0.75 -0.0163987
0.53125 0.71875 -0.044226
0.53125 0.6875 -0.0717829
0.5625 0.6875 -0.0565946
0.5625 0.71875 -0.0294112
0.53125 0.71875 -0.044226
0.5 0.6875 -0.0859999
0.5 0.65625 -0.113902
0.53125 0.65625 -0.0991382
0.53125 0.6875 -0.0717829
0.5 0.6875 -0.0859999
0.5 0.65625 -0.113902
0.5 0.625 -0.141482
0.53125 0.625 -0.126313
0.53125 0.65625 -0.0991382
0.5 0.65625 -0.113902
0.53125 0.6875 -0.0717829
0.53125 0.65625 -0.0991382
0.5625 0.65625 -0.0836467
0.5625 0.6875 -0.0565946
0.53125 0.6875 -0.0717829
0.53125 0.65625 -0.0991382
0.53125 0.625 -0.126313
0.5625 0.625 -0.110576
0.5625 0.65625 -0.0836467
0.53125 0.65625 -0.0991382
0.5625 0.75 -0.00206975
0.5625 0.71875 -0.0294112
0.59375 0.71875 -0.013932
0.59375 0.75 0.0131735
0.5625 0.75 -0.00206975
0.5625 0.71875 -0.0294112
0.5625 0.6875 -0.0565946
0.59375 0.6875 -0.0408835
0.59375 0.71875 -0.013932
0.5625 0.71875 -0.0294112
0.59375 0.75 0.0131735
0.59375 0.71875 -0.013932
0.625 0.71875 0.00195491
0.625 0.75 0.0289358
0.59375 0.75 0.0131735
0.59375 0.71875 -0.013932
0.59375 0.6875 -0.0408835
0.625 0.6875 -0.0248123
0.625 0.71875 0.00195491
0.59375 0.71875 -0.013932
0.5625 0.6875 -0.0565946
0.5625 0.65625 -0.0836467
0.59375 0.65625 -0.0677225
0.59375 0.6875 -0.0408835
0.5625 0.6875 -0.0565946
0.5625 0.65625 -0.0836467
0.5625 0.625 -0.110576
0.59375 0.625 -0.0944352
0.59375 0.65625 -0.0677225
0.5625 0.65625 -0.0836467
0.59375 0.6875 -0.0408835
0.59375 0.65625 -0.0677225
0.625 0.65625 -0.051452
0.625 0.6875 -0.0248123
0.59375 0.6875 -0.0408835
0.59375 0.65625 -0.0677225
0.59375 0.625 -0.0944352
0.625 0.625 -0.0779332
0.625 0.65625 -0.051452
0.59375 0.65625 -0.0677225
0.5 0.625 -0.141482
0.5 0.5625 -0.196063
0.5625 0.5625 -0.164012
0.5625 0.625 -0.110576
0.5 0.625 -0.141482
0.5 0.5625 -0.196063
0.5 0.5 -0.232009
0.5625 0.5 -0.193626
0.5625 0.5625 -0.164012
0.5 0.5625 -0.196063
0.5625 0.625 -0.110576
0.5625 0.59375 -0.137379
0.59375 0.59375 -0.12099
0.59375 0.625 -0.0944352
0.5625 0.625 -0.110576
0.5625 0.59375 -0.137379
0.5625 0.5625 -0.164012
0.59375 0.5625 -0.147297
0.59375 0.59375 -0.12099
0.5625 0.59375 -0.137379
0.59375 0.625 -0.0944352
0.59375 0.59375 -0.12099
0.625 0.59375 -0.104171
0.625 0.625 -0.0779332
0.59375 0.625 -0.0944352
0.59375 0.59375 -0.12099
0.59375 0.5625 -0.147297
0.625 0.5625 -0.129886
0.625 0.59375 -0.104171
0.59375 0.59375 -0.12099
0.5625 0.5625 -0.164012
0.5625 0.5 -0.193626
0.625 0.5 -0.139587
0.625 0.5625 -0.129886
0.5625 0.5625 -0.164012
0.625 0.75 0.0289358
0.625 0.71875 0.00195491
0.65625 0.71875 0.0181926
0.65625 0.75 0.0449824
0.625 0.75 0.0289358
0.625 0.71875 0.00195491
0.625 0.6875 -0.0248123
0.65625 0.6875 -0.00842284
0.65625 0.71875 0.0181926
0.625 0.71875 0.00195491
0.65625 0.75 0.0449824
0.65625 0.71875 0.0181926
0.6875 0.71875 0.0347825
0.6875 0.75 0.0613581
0.65625 0.75 0.0449824
0.65625 0.71875 0.0181926
0.65625 0.6875 -0.00842284
0.6875 0.6875 0.00834284
0.6875 0.71875 0.0347825
0.65625 0.71875 0.0181926
0.625 0.6875 -0.0248123
0.625 0.65625 -0.051452
0.65625 0.65625 -0.0348421
0.65625 0.6875 -0.00842284
0.625 0.6875 -0.0248123
0.625 0.65625 -0.051452
0.625 0.625 -0.0779332
0.65625 0.625 -0.060996
0.65625 0.65625 -0.0348421
0.625 0.65625 -0.051452
0.65625 0.6875 -0.00842284
0.65625 0.65625 -0.0348421
0.6875 0.65625 -0.0177603
0.6875 0.6875 0.00834284
0.65625 0.6875 -0.00842284
0.65625 0.65625 -0.0348421
0.65625 0.625 -0.060996
0.6875 0.625 -0.0433188
0.6875 0.65625 -0.0177603
0.65625 0.65625 -0.0348421
0.6875 0.75 0.0613581
0.6875 0.71875 0.0347825
0.71875 0.71875 0.0519269
0.71875 0.75 0.0781918
0.6875 0.75 0.0613581
0.6875 0.71875 0.0347825
0.6875 0.6875 0.00834284
0.71875 0.6875 0.0258749
0.71875 0.71875 0.0519269
0.6875 0.71875 0.0347825
0.71875 0.75 0.0781918
0.71875 0.71875 0.0519269
0.75 0.71875 0.0701493
0.75 0.75 0.0958418
0.71875 0.75 0.0781918
0.71875 0.71875 0.0519269
0.71875 0.6875 0.0258749
0.75 0.6875 0.0449436
0.75 0.71875 0.0701493
0.71875 0.71875 0.0519269
0.6875 0.6875 0.00834284
0.6875 0.65625 -0.0177603
0.71875 0.65625 0.000121876
0.71875 0.6875 0.0258749
0.6875 0.6875 0.00834284
0.6875 0.65625 -0.0177603
0.6875 0.625 -0.0433188
0.71875 0.625 -0.0242695
0.71875 0.65625 0.000121876
0.6875 0.65625 -0.0177603
0.71875 0.6875 0.0258749
0.71875 0.65625 0.000121876
0.75 0.65625 0.0204358
0.75 0.6875 0.0449436
0.71875 0.6875 0.0258749
0.71875 0.65625 0.000121876
0.71875 0.625 -0.0242695
0.75 0.625 -0.00260366
0.75 0.65625 0.0204358
0.71875 0.65625 0.000121876
0.625 0.625 -0.0779332
0.625 0.59375 -0.104171
0.65625 0.59375 -0.0866586
0.65625 0.625 -0.060996
0.625 0.625 -0.0779332
0.625 0.59375 -0.104171
0.625 0.5625 -0.129886
0.65625 0.5625 -0.111018
0.65625 0.59375 -0.0866586
0.625 0.59375 -0.104171
0.65625 0.625 -0.060996
0.65625 0.59375 -0.0866586
0.6875 0.59375 -0.0677977
0.6875 0.625 -0.0433188
0.65625 0.625 -0.060996
0.65625 0.59375 -0.0866586
0.65625 0.5625 -0.111018
0.6875 0.5625 -0.0891532
0.6875 0.59375 -0.0677977
0.65625 0.59375 -0.0866586
0.625 0.5625 -0.129886
0.625 0.53125 -0.149927
0.65625 0.53125 -0.122906
0.65625 0.5625 -0.111018
0.625 0.5625 -0.129886
0.625 0.53125 -0.149927
0.625 0.5 -0.139587
0.65625 0.5 -0.111955
0.65625 0.53125 -0.122906
0.625 0.53125 -0.149927
0.65625 0.5625 -0.111018
0.65625 0.53125 -0.122906
0.6875 0.53125 -0.094036
0.6875 0.5625 -0.0891532
0.65625 0.5625 -0.111018
0.65625 0.53125 -0.122906
0.65625 0.5 -0.111955
0.6875 0.5 -0.0841065
0.6875 0.53125 -0.094036
0.65625 0.53125 -0.122906
0.6875 0.625 -0.0433188
0.6875 0.59375 -0.0677977
0.71875 0.59375 -0.0464781
0.71875 0.625 -0.0242695
0.6875 0.625 -0.0433188
0.6875 0.59375 -0.0677977
0.6875 0.5625 -0.0891532
0.71875 0.5625 -0.0635267
0.71875 0.59375 -0.0464781
0.6875 0.59375 -0.0677977
0.71875 0.625 -0.0242695
0.71875 0.59375 -0.0464781
0.75 0.59375 -0.0219822
0.75 0.625 -0.00260366
0.71875 0.625 -0.0242695
0.71875 0.59375 -0.0464781
0.71875 0.5625 -0.0635267
0.75 0.5625 -0.0350146
0.75 0.59375 -0.0219822
0.71875 0.59375 -0.0464781
0.6875 0.5625 -0.0891532
0.6875 0.53125 -0.094036
0.71875 0.53125 -0.0648414
0.71875 0.5625 -0.0635267
0.6875 0.5625 -0.0891532
0.6875 0.53125 -0.094036
0.6875 0.5 -0.0841065
0.71875 0.5 -0.0560156
0.71875 0.53125 -0.0648414
0.6875 0.53125 -0.094036
0.71875 0.5625 -0.0635267
0.71875 0.53125 -0.0648414
0.75 0.53125 -0.03532
0.75 0.5625 -0.0350146
0.71875 0.5625 -0.0635267
0.71875 0.53125 -0.0648414
0.71875 0.5 -0.0560156
0.75 0.5 -0.0276621
0.75 0.53125 -0.03532
0.71875 0.53125 -0.0648414
0.75 1 0.309511
0.75 0.875 0.201306
0.875 0.875 0.275098
0.875 1 0.376848
0.75 1 0.309511
0.75 0.875 0.201306
0.75 0.8125 0.148092
0.8125 0.8125 0.18486
0.8125 0.875 0.236224
0.75 0.875 0.201306
0.75 0.8125 0.148092
0.75 0.75 0.0958418
0.8125 0.75 0.135159
0.8125 0.8125 0.18486
0.75 0.8125 0.148092
0.8125 0.875 0.236224
0.8125 0.8125 0.18486
0.875 0.8125 0.227024
0.875 0.875 0.275098
0.8125 0.875 0.236224
0.8125 0.8125 0.18486
0.8125 0.75 0.135159
0.875 0.75 0.181876
0.875 0.8125 0.227024
0.8125 0.8125 0.18486
0.875 1 0.376848
0.875 0.875 0.275098
1 0.875 0.371354
1 1 0.46243
0.875 1 0.376848
0.875 0.875 0.275098
0.875 0.75 0.181876
1 0.75 0.287795
1 0.875 0.371354
0.875 0.875 0.275098
0.75 0.75 0.0958418
0.75 0.71875 0.0701493
0.78125 0.71875 0.0900211
0.78125 0.75 0.114688
0.75 0.75 0.0958418
0.75 0.71875 0.0701493
0.75 0.6875 0.0449436
0.78125 0.6875 0.0661338
0.78125 0.71875 0.0900211
0.75 0.71875 0.0701493
0.78125 0.75 0.114688
0.78125 0.71875 0.0900211
0.8125 0.71875 0.111699
0.8125 0.75 0.135159
0.78125 0.75 0.114688
0.78125 0.71875 0.0900211
0.78125 0.6875 0.0661338
0.8125 0.6875 0.0895402
0.8125 0.71875 0.111699
0.78125 0.71875 0.0900211
0.75 0.6875 0.0449436
0.75 0.65625 0.0204358
0.78125 0.65625 0.0435746
0.78125 0.6875 0.0661338
0.75 0.6875 0.0449436
0.75 0.65625 0.0204358
0.75 0.625 -0.00260366
0.78125 0.625 0.0229443
0.78125 0.65625 0.0435746
0.75 0.65625 0.0204358
0.78125 0.6875 0.0661338
0.78125 0.65625 0.0435746
0.8125 0.65625 0.0690132
0.8125 0.6875 0.0895402
0.78125 0.6875 0.0661338
0.78125 0.65625 0.0435746
0.78125 0.625 0.0229443
0.8125 0.625 0.0507797
0.8125 0.65625 0.0690132
0.78125 0.65625 0.0435746
0.8125 0.75 0.135159
0.8125 0.6875 0.0895402
0.875 0.6875 0.140864
0.875 0.75 0.181876
0.8125 0.75 0.135159
0.8125 0.6875 0.0895402
0.8125 0.65625 0.0690132
0.84375 0.65625 0.0959195
0.84375 0.6875 0.114685
0.8125 0.6875 0.0895402
0.8125 0.65625 0.0690132
0.8125 0.625 0.0507797
0.84375 0.625 0.0795421
0.84375 0.65625 0.0959195
0.8125 0.65625 0.0690132
0.84375 0.6875 0.114685
0.84375 0.65625 0.0959195
0.875 0.65625 0.123613
0.875 0.6875 0.140864
0.84375 0.6875 0.114685
0.84375 0.65625 0.0959195
0.84375 0.625 0.0795421
0.875 0.625 0.108786
0.875 0.65625 0.123613
0.84375 0.65625 0.0959195
0.75 0.625 -0.00260366
0.75 0.59375 -0.0219822
0.78125 0.59375 0.0054312
0.78125 0.625 0.0229443
0.75 0.625 -0.00260366
0.75 0.59375 -0.0219822
0.75 0.5625 -0.0350146
0.78125 0.5625 -0.00488311
0.78125 0.59375 0.0054312
0.75 0.59375 -0.0219822
0.78125 0.625 0.0229443
0.78125 0.59375 0.0054312
0.8125 0.59375 0.0358554
0.8125 0.625 0.0507797
0.78125 0.625 0.0229443
0.78125 0.59375 0.0054312
0.78125 0.5625 -0.00488311
0.8125 0.5625 0.026201
0.8125 0.59375 0.0358554
0.78125 0.59375 0.0054312
0.75 0.5625 -0.0350146
0.75 0.53125 -0.03532
0.78125 0.53125 -0.00547254
0.78125 0.5625 -0.00488311
0.75 0.5625 -0.0350146
0.75 0.53125 -0.03532
0.75 0.5 -0.0276621
0.78125 0.5 0.00105065
0.78125 0.53125 -0.00547254
0.75 0.53125 -0.03532
0.78125 0.5625 -0.00488311
0.78125 0.53125 -0.00547254
0.8125 0.53125 0.0254008
0.8125 0.5625 0.026201
0.78125 0.5625 -0.00488311
0.78125 0.53125 -0.00547254
0.78125 0.5 0.00105065
0.8125 0.5 0.0311246
0.8125 0.53125 0.0254008
0.78125 0.53125 -0.00547254
0.8125 0.625 0.0507797
0.8125 0.59375 0.0358554
0.84375 0.59375 0.0663385
0.84375 0.625 0.0795421
0.8125 0.625 0.0507797
0.8125 0.59375 0.0358554
0.8125 0.5625 0.026201
0.84375 0.5625 0.0574481
0.84375 0.59375 0.0663385
0.8125 0.59375 0.0358554
0.84375 0.625 0.0795421
0.84375 0.59375 0.0663385
0.875 0.59375 0.096887
0.875 0.625 0.108786
0.84375 0.625 0.0795421
0.84375 0.59375 0.0663385
0.84375 0.5625 0.0574481
0.875 0.5625 0.0886885
0.875 0.59375 0.096887
0.84375 0.59375 0.0663385
0.8125 0.5625 0.026201
0.8125 0.53125 0.0254008
0.84375 0.53125 0.0565823
0.84375 0.5625 0.0574481
0.8125 0.5625 0.026201
0.8125 0.53125 0.0254008
0.8125 0.5 0.0311246
0.84375 0.5 0.061496
0.84375 0.53125 0.0565823
0.8125 0.53125 0.0254008
0.84375 0.5625 0.0574481
0.84375 0.53125 0.0565823
0.875 0.53125 0.0877704
0.875 0.5625 0.0886885
0.84375 0.5625 0.0574481
0.84375 0.53125 0.0565823
0.84375 0.5 0.061496
0.875 0.5 0.0920289
0.875 0.53125 0.0877704
0.84375 0.53125 0.0565823
0.875 0.75 0.181876
0.875 0.6875 0.140864
0.9375 0.6875 0.196875
0.9375 0.75 0.232769
0.875 0.75 0.181876
0.875 0.6875 0.140864
0.875 0.625 0.108786
0.9375 0.625 0.168226
0.9375 0.6875 0.196875
0.875 0.6875 0.140864
0.9375 0.75 0.232769
0.9375 0.6875 0.196875
1 0.6875 0.255235
1 0.75 0.287795
0.9375 0.75 0.232769
0.9375 0.6875 0.196875
0.9375 0.625 0.168226
1 0.625 0.229618
1 0.6875 0.255235
0.9375 0.6875 0.196875
0.875 0.625 0.108786
0.875 0.5625 0.0886885
0.9375 0.5625 0.151124
0.9375 0.625 0.168226
0.875 0.625 0.108786
0.875 0.5625 0.0886885
0.875 0.5 0.0920289
0.9375 0.5 0.153531
0.9375 0.5625 0.151124
0.875 0.5625 0.0886885
0.9375 0.625 0.168226
0.9375 0.5625 0.151124
1 0.5625 0.213584
1 0.625 0.229618
0.9375 0.625 0.168226
0.9375 0.5625 0.151124
0.9375 0.5 0.153531
1 0.5 0.215512
1 0.5625 0.213584
0.9375 0.5625 0.151124
0.5 0.5 -0.232009
0.5 0.4375 -0.194525
0.5625 0.4375 -0.162807
0.5625 0.5 -0.193626
0.5 0.5 -0.232009
0.5 0.4375 -0.194525
0.5 0.375 -0.140492
0.5625 0.375 -0.128076
0.5625 0.4375 -0.162807
0.5 0.4375 -0.194525
0.5625 0.5 -0.193626
0.5625 0.4375 -0.162807
0.625 0.4375 -0.109996
0.625 0.5 -0.139587
0.5625 0.5 -0.193626
0.5625 0.4375 -0.162807
0.5625 0.40625 -0.145967
0.59375 0.40625 -0.12031
0.59375 0.4375 -0.1366
0.5625 0.4375 -0.162807
0.5625 0.40625 -0.145967
0.5625 0.375 -0.128076
0.59375 0.375 -0.103474
0.59375 0.40625 -0.12031
0.5625 0.40625 -0.145967
0.59375 0.4375 -0.1366
0.59375 0.40625 -0.12031
0.625 0.40625 -0.0940253
0.625 0.4375 -0.109996
0.59375 0.4375 -0.1366
0.59375 0.40625 -0.12031
0.59375 0.375 -0.103474
0.625 0.375 -0.0776535
0.625 0.40625 -0.0940253
0.59375 0.40625 -0.12031
0.5 0.375 -0.140492
0.5 0.34375 -0.112907
0.53125 0.34375 -0.124799
0.53125 0.375 -0.148988
0.5 0.375 -0.140492
0.5 0.34375 -0.112907
0.5 0.3125 -0.085059
0.53125 0.3125 -0.0966976
0.53125 0.34375 -0.124799
0.5 0.34375 -0.112907
0.53125 0.375 -0.148988
0.53125 0.34375 -0.124799
0.5625 0.34375 -0.108861
0.5625 0.375 -0.128076
0.53125 0.375 -0.148988
0.53125 0.34375 -0.124799
0.53125 0.3125 -0.0966976
0.5625 0.3125 -0.0875581
0.5625 0.34375 -0.108861
0.53125 0.34375 -0.124799
0.5 0.3125 -0.085059
0.5 0.28125 -0.0569279
0.53125 0.28125 -0.0675
0.53125 0.3125 -0.0966976
0.5 0.3125 -0.085059
0.5 0.28125 -0.0569279
0.5 0.25 -0.0284725
0.53125 0.25 -0.0378511
0.53125 0.28125 -0.0675
0.5 0.28125 -0.0569279
0.53125 0.3125 -0.0966976
0.53125 0.28125 -0.0675
0.5625 0.28125 -0.0638152
0.5625 0.3125 -0.0875581
0.53125 0.3125 -0.0966976
0.53125 0.28125 -0.0675
0.53125 0.25 -0.0378511
0.5625 0.25 -0.0372294
0.5625 0.28125 -0.0638152
0.53125 0.28125 -0.0675
0.5625 0.375 -0.128076
0.5625 0.34375 -0.108861
0.59375 0.34375 -0.0858615
0.59375 0.375 -0.103474
0.5625 0.375 -0.128076
0.5625 0.34375 -0.108861
0.5625 0.3125 -0.0875581
0.59375 0.3125 -0.0671522
0.59375 0.34375 -0.0858615
0.5625 0.34375 -0.108861
0.59375 0.375 -0.103474
0.59375 0.34375 -0.0858615
0.625 0.34375 -0.0608296
0.625 0.375 -0.0776535
0.59375 0.375 -0.103474
0.59375 0.34375 -0.0858615
0.59375 0.3125 -0.0671522
0.625 0.3125 -0.0433854
0.625 0.34375 -0.0608296
0.59375 0.34375 -0.0858615
0.5625 0.3125 -0.0875581
0.5625 0.28125 -0.0638152
0.59375 0.28125 -0.0467837
0.59375 0.3125 -0.0671522
0.5625 0.3125 -0.0875581
0.5625 0.28125 -0.0638152
0.5625 0.25 -0.0372294
0.59375 0.25 -0.0242633
0.59375 0.28125 -0.0467837
0.5625 0.28125 -0.0638152
0.59375 0.3125 -0.0671522
0.59375 0.28125 -0.0467837
0.625 0.28125 -0.0250319
0.625 0.3125 -0.0433854
0.59375 0.3125 -0.0671522
0.59375 0.28125 -0.0467837
0.59375 0.25 -0.0242633
0.625 0.25 -0.00521368
0.625 0.28125 -0.0250319
0.59375 0.28125 -0.0467837
0.625 0.5 -0.139587
0.625 0.46875 -0.125296
0.65625 0.46875 -0.0981491
0.65625 0.5 -0.111955
0.625 0.5 -0.139587
0.625 0.46875 -0.125296
0.625 0.4375 -0.109996
0.65625 0.4375 -0.0831844
0.65625 0.46875 -0.0981491
0.625 0.46875 -0.125296
0.65625 0.5 -0.111955
0.65625 0.46875 -0.0981491
0.6875 0.46875 -0.0708429
0.6875 0.5 -0.0841065
0.65625 0.5 -0.111955
0.65625 0.46875 -0.0981491
0.65625 0.4375 -0.0831844
0.6875 0.4375 -0.0562372
0.6875 0.46875 -0.0708429
0.65625 0.46875 -0.0981491
0.625 0.4375 -0.109996
0.625 0.40625 -0.0940253
0.65625 0.40625 -0.0674452
0.65625 0.4375 -0.0831844
0.625 0.4375 -0.109996
0.625 0.40625 -0.0940253
0.625 0.375 -0.0776535
0.65625 0.375 -0.0513442
0.65625 0.40625 -0.0674452
0.625 0.40625 -0.0940253
0.65625 0.4375 -0.0831844
0.65625 0.40625 -0.0674452
0.6875 0.40625 -0.0407
0.6875 0.4375 -0.0562372
0.65625 0.4375 -0.0831844
0.65625 0.40625 -0.0674452
0.65625 0.375 -0.0513442
0.6875 0.375 -0.0247919
0.6875 0.40625 -0.0407
0.65625 0.40625 -0.0674452
0.6875 0.5 -0.0841065
0.6875 0.46875 -0.0708429
0.71875 0.46875 -0.0433835
0.71875 0.5 -0.0560156
0.6875 0.5 -0.0841065
0.6875 0.46875 -0.0708429
0.6875 0.4375 -0.0562372
0.71875 0.4375 -0.0291797
0.71875 0.46875 -0.0433835
0.6875 0.46875 -0.0708429
0.71875 0.5 -0.0560156
0.71875 0.46875 -0.0433835
0.75 0.46875 -0.0157672
0.75 0.5 -0.0276621
0.71875 0.5 -0.0560156
0.71875 0.46875 -0.0433835
0.71875 0.4375 -0.0291797
0.75 0.4375 -0.00202169
0.75 0.46875 -0.0157672
0.71875 0.46875 -0.0433835
0.6875 0.4375 -0.0562372
0.6875 0.40625 -0.0407
0.71875 0.40625 -0.0138288
0.71875 0.4375 -0.0291797
0.6875 0.4375 -0.0562372
0.6875 0.40625 -0.0407
0.6875 0.375 -0.0247919
0.71875 0.375 0.00191634
0.71875 0.40625 -0.0138288
0.6875 0.40625 -0.0407
0.71875 0.4375 -0.0291797
0.71875 0.40625 -0.0138288
0.75 0.40625 0.0132132
0.75 0.4375 -0.00202169
0.71875 0.4375 -0.0291797
0.71875 0.40625 -0.0138288
0.71875 0.375 0.00191634
0.75 0.375 0.0288331
0.75 0.40625 0.0132132
0.71875 0.40625 -0.0138288
0.625 0.375 -0.0776535
0.625 0.34375 -0.0608296
0.65625 0.34375 -0.0349076
0.65625 0.375 -0.0513442
0.625 0.375 -0.0776535
0.625 0.34375 -0.0608296
0.625 0.3125 -0.0433854
0.65625 0.3125 -0.0180602
0.65625 0.34375 -0.0349076
0.625 0.34375 -0.0608296
0.65625 0.375 -0.0513442
0.65625 0.34375 -0.0349076
0.6875 0.34375 -0.00858159
0.6875 0.375 -0.0247919
0.65625 0.375 -0.0513442
0.65625 0.34375 -0.0349076
0.65625 0.3125 -0.0180602
0.6875 0.3125 0.00800371
0.6875 0.34375 -0.00858159
0.65625 0.34375 -0.0349076
0.625 0.3125 -0.0433854
0.625 0.28125 -0.0250319
0.65625 0.28125 -0.000726554
0.65625 0.3125 -0.0180602
0.625 0.3125 -0.0433854
0.625 0.28125 -0.0250319
0.625 0.25 -0.00521368
0.65625 0.25 0.0181642
0.65625 0.28125 -0.000726554
0.625 0.28125 -0.0250319
0.65625 0.3125 -0.0180602
0.65625 0.28125 -0.000726554
0.6875 0.28125 0.0251035
0.6875 0.3125 0.00800371
0.65625 0.3125 -0.0180602
0.65625 0.28125 -0.000726554
0.65625 0.25 0.0181642
0.6875 0.25 0.0430878
0.6875 0.28125 0.0251035
0.65625 0.28125 -0.000726554
0.6875 0.375 -0.0247919
0.6875 0.34375 -0.00858159
0.71875 0.34375 0.0180217
0.71875 0.375 0.00191634
0.6875 0.375 -0.0247919
0.6875 0.34375 -0.00858159
0.6875 0.3125 0.00800371
0.71875 0.3125 0.0344369
0.71875 0.34375 0.0180217
0.6875 0.34375 -0.00858159
0.71875 0.375 0.00191634
0.71875 0.34375 0.0180217
0.75 0.34375 0.0447631
0.75 0.375 0.0288331
0.71875 0.375 0.00191634
0.71875 0.34375 0.0180217
0.71875 0.3125 0.0344369
0.75 0.3125 0.0609943
0.75 0.34375 0.0447631
0.71875 0.34375 0.0180217
0.6875 0.3125 0.00800371
0.6875 0.28125 0.0251035
0.71875 0.28125 0.0512354
0.71875 0.3125 0.0344369
0.6875 0.3125 0.00800371
0.6875 0.28125 0.0251035
0.6875 0.25 0.0430878
0.71875 0.25 0.068643
0.71875 0.28125 0.0512354
0.6875 0.28125 0.0251035
0.71875 0.3125 0.0344369
0.71875 0.28125 0.0512354
0.75 0.28125 0.0775579
0.75 0.3125 0.0609943
0.71875 0.3125 0.0344369
0.71875 0.28125 0.0512354
0.71875 0.25 0.068643
0.75 0.25 0.0945769
0.75 0.28125 0.0775579
0.71875 0.28125 0.0512354
0.5 0.25 -0.0284725
0.5 0.21875 0.000334596
0.53125 0.21875 -0.00779545
0.53125 0.25 -0.0378511
0.5 0.25 -0.0284725
0.5 0.21875 0.000334596
0.5 0.1875 0.0301127
0.53125 0.1875 0.0230571
0.53125 0.21875 -0.00779545
0.5 0.21875 0.000334596
0.53125 0.25 -0.0378511
0.53125 0.21875 -0.00779545
0.5625 0.21875 -0.00861423
0.5625 0.25 -0.0372294
0.53125 0.25 -0.0378511
0.53125 0.21875 -0.00779545
0.53125 0.1875 0.0230571
0.5625 0.1875 0.0223694
0.5625 0.21875 -0.00861423
0.53125 0.21875 -0.00779545
0.5 0.1875 0.0301127
0.5 0.15625 0.06023
0.53125 0.15625 0.0541051
0.53125 0.1875 0.0230571
0.5 0.1875 0.0301127
0.5 0.15625 0.06023
0.5 0.125 0.0905505
0.53125 0.125 0.0851967
0.53125 0.15625 0.0541051
0.5 0.15625 0.06023
0.53125 0.1875 0.0230571
0.53125 0.15625 0.0541051
0.5625 0.15625 0.0535354
0.5625 0.1875 0.0223694
0.53125 0.1875 0.0230571
0.53125 0.15625 0.0541051
0.53125 0.125 0.0851967
0.5625 0.125 0.0847105
0.5625 0.15625 0.0535354
0.53125 0.15625 0.0541051
0.5625 0.25 -0.0372294
0.5625 0.21875 -0.00861423
0.59375 0.21875 0.000864161
0.59375 0.25 -0.0242633
0.5625 0.25 -0.0372294
0.5625 0.21875 -0.00861423
0.5625 0.1875 0.0223694
0.59375 0.1875 0.0298635
0.59375 0.21875 0.000864161
0.5625 0.21875 -0.00861423
0.59375 0.25 -0.0242633
0.59375 0.21875 0.000864161
0.625 0.21875 0.0180198
0.625 0.25 -0.00521368
0.59375 0.25 -0.0242633
0.59375 0.21875 0.000864161
0.59375 0.1875 0.0298635
0.625 0.1875 0.0438756
0.625 0.21875 0.0180198
0.59375 0.21875 0.000864161
0.5625 0.1875 0.0223694
0.5625 0.15625 0.0535354
0.59375 0.15625 0.0595526
0.59375 0.1875 0.0298635
0.5625 0.1875 0.0223694
0.5625 0.15625 0.0535354
0.5625 0.125 0.0847105
0.59375 0.125 0.0897418
0.59375 0.15625 0.0595526
0.5625 0.15625 0.0535354
0.59375 0.1875 0.0298635
0.59375 0.15625 0.0595526
0.625 0.15625 0.0713898
0.625 0.1875 0.0438756
0.59375 0.1875 0.0298635
0.59375 0.15625 0.0595526
0.59375 0.125 0.0897418
0.625 0.125 0.0998451
0.625 0.15625 0.0713898
0.59375 0.15625 0.0595526
0.5 0.125 0.0905505
0.5 0.09375 0.121091
0.53125 0.09375 0.116307
0.53125 0.125 0.0851967
0.5 0.125 0.0905505
0.5 0.09375 0.121091
0.5 0.0625 0.151741
0.53125 0.0625 0.147448
0.53125 0.09375 0.116307
0.5 0.09375 0.121091
0.53125 0.125 0.0851967
0.53125 0.09375 0.116307
0.5625 0.09375 0.115883
0.5625 0.125 0.0847105
0.53125 0.125 0.0851967
0.53125 0.09375 0.116307
0.53125 0.0625 0.147448
0.5625 0.0625 0.147056
0.5625 0.09375 0.115883
0.53125 0.09375 0.116307
0.5 0.0625 0.151741
0.5 0 0.2135
0.5625 0 0.209499
0.5625 0.0625 0.147056
0.5 0.0625 0.151741
0.5625 0.125 0.0847105
0.5625 0.09375 0.115883
0.59375 0.09375 0.120159
0.59375 0.125 0.0897418
0.5625 0.125 0.0847105
0.5625 0.09375 0.115883
0.5625 0.0625 0.147056
0.59375 0.0625 0.150828
0.59375 0.09375 0.120159
0.5625 0.09375 0.115883
0.59375 0.125 0.0897418
0.59375 0.09375 0.120159
0.625 0.09375 0.129001
0.625 0.125 0.0998451
0.59375 0.125 0.0897418
0.59375 0.09375 0.120159
0.59375 0.0625 0.150828
0.625 0.0625 0.158552
0.625 0.09375 0.129001
0.59375 0.09375 0.120159
0.5625 0.0625 0.147056
0.5625 0 0.209499
0.625 0 0.219017
0.625 0.0625 0.158552
0.5625 0.0625 0.147056
0.625 0.25 -0.00521368
0.625 0.21875 0.0180198
0.65625 0.21875 0.0391082
0.65625 0.25 0.0181642
0.625 0.25 -0.00521368
0.625 0.21875 0.0180198
0.625 0.1875 0.0438756
0.65625 0.1875 0.0623272
0.65625 0.21875 0.0391082
0.625 0.21875 0.0180198
0.65625 0.25 0.0181642
0.65625 0.21875 0.0391082
0.6875 0.21875 0.0624635
0.6875 0.25 0.0430878
0.65625 0.25 0.0181642
0.65625 0.21875 0.0391082
0.65625 0.1875 0.0623272
0.6875 0.1875 0.0835941
0.6875 0.21875 0.0624635
0.65625 0.21875 0.0391082
0.625 0.1875 0.0438756
0.625 0.15625 0.0713898
0.65625 0.15625 0.0874064
0.65625 0.1875 0.0623272
0.625 0.1875 0.0438756
0.625 0.15625 0.0713898
0.625 0.125 0.0998451
0.65625 0.125 0.113986
0.65625 0.15625 0.0874064
0.625 0.15625 0.0713898
0.65625 0.1875 0.0623272
0.65625 0.15625 0.0874064
0.6875 0.15625 0.106496
0.6875 0.1875 0.0835941
0.65625 0.1875 0.0623272
0.65625 0.15625 0.0874064
0.65625 0.125 0.113986
0.6875 0.125 0.131138
0.6875 0.15625 0.106496
0.65625 0.15625 0.0874064
0.6875 0.25 0.0430878
0.6875 0.21875 0.0624635
0.71875 0.21875 0.0870095
0.71875 0.25 0.068643
0.6875 0.25 0.0430878
0.6875 0.21875 0.0624635
0.6875 0.1875 0.0835941
0.71875 0.1875 0.106696
0.71875 0.21875 0.0870095
0.6875 0.21875 0.0624635
0.71875 0.25 0.068643
0.71875 0.21875 0.0870095
0.75 0.21875 0.112309
0.75 0.25 0.0945769
0.71875 0.25 0.068643
0.71875 0.21875 0.0870095
0.71875 0.1875 0.106696
0.75 0.1875 0.131
0.75 0.21875 0.112309
0.71875 0.21875 0.0870095
0.6875 0.1875 0.0835941
0.6875 0.15625 0.106496
0.71875 0.15625 0.127884
0.71875 0.1875 0.106696
0.6875 0.1875 0.0835941
0.6875 0.15625 0.106496
0.6875 0.125 0.131138
0.71875 0.125 0.15073
0.71875 0.15625 0.127884
0.6875 0.15625 0.106496
0.71875 0.1875 0.106696
0.71875 0.15625 0.127884
0.75 0.15625 0.150916
0.75 0.1875 0.131
0.71875 0.1875 0.106696
0.71875 0.15625 0.127884
0.71875 0.125 0.15073
0.75 0.125 0.172218
0.75 0.15625 0.150916
0.71875 0.15625 0.127884
0.625 0.125 0.0998451
0.625 0.0625 0.158552
0.6875 0.0625 0.183793
0.6875 0.125 0.131138
0.625 0.125 0.0998451
0.625 0.0625 0.158552
0.625 0 0.219017
0.6875 0 0.240599
0.6875 0.0625 0.183793
0.625 0.0625 0.158552
0.6875 0.125 0.131138
0.6875 0.0625 0.183793
0.75 0.0625 0.21867
0.75 0.125 0.172218
0.6875 0.125 0.131138
0.6875 0.0625 0.183793
0.6875 0 0.240599
0.75 0 0.270956
0.75 0.0625 0.21867
0.6875 0.0625 0.183793
0.75 0.5 -0.0276621
0.75 0.46875 -0.0157672
0.78125 0.46875 0.0124017
0.78125 0.5 0.00105065
0.75 0.5 -0.0276621
0.75 0.46875 -0.0157672
0.75 0.4375 -0.00202169
0.78125 0.4375 0.0257074
0.78125 0.46875 0.0124017
0.75 0.46875 -0.0157672
0.78125 0.5 0.00105065
0.78125 0.46875 0.0124017
0.8125 0.46875 0.0413357
0.8125 0.5 0.0311246
0.78125 0.5 0.00105065
0.78125 0.46875 0.0124017
0.78125 0.4375 0.0257074
0.8125 0.4375 0.0538013
0.8125 0.46875 0.0413357
0.78125 0.46875 0.0124017
0.75 0.4375 -0.00202169
0.75 0.40625 0.0132132
0.78125 0.40625 0.0404742
0.78125 0.4375 0.0257074
0.75 0.4375 -0.00202169
0.75 0.40625 0.0132132
0.75 0.375 0.0288331
0.78125 0.375 0.0558682
0.78125 0.40625 0.0404742
0.75 0.40625 0.0132132
0.78125 0.4375 0.0257074
0.78125 0.40625 0.0404742
0.8125 0.40625 0.0679724
0.8125 0.4375 0.0538013
0.78125 0.4375 0.0257074
0.78125 0.40625 0.0404742
0.78125 0.375 0.0558682
0.8125 0.375 0.0830427
0.8125 0.40625 0.0679724
0.78125 0.40625 0.0404742
0.8125 0.5 0.0311246
0.8125 0.46875 0.0413357
0.84375 0.46875 0.0706398
0.84375 0.5 0.061496
0.8125 0.5 0.0311246
0.8125 0.46875 0.0413357
0.8125 0.4375 0.0538013
0.84375 0.4375 0.082241
0.84375 0.46875 0.0706398
0.8125 0.46875 0.0413357
0.84375 0.5 0.061496
0.84375 0.46875 0.0706398
0.875 0.46875 0.100264
0.875 0.5 0.0920289
0.84375 0.5 0.061496
0.84375 0.46875 0.0706398
0.84375 0.4375 0.082241
0.875 0.4375 0.111012
0.875 0.46875 0.100264
0.84375 0.46875 0.0706398
0.8125 0.4375 0.0538013
0.8125 0.40625 0.0679724
0.84375 0.40625 0.0957352
0.84375 0.4375 0.082241
0.8125 0.4375 0.0538013
0.8125 0.40625 0.0679724
0.8125 0.375 0.0830427
0.84375 0.375 0.110386
0.84375 0.40625 0.0957352
0.8125 0.40625 0.0679724
0.84375 0.4375 0.082241
0.84375 0.40625 0.0957352
0.875 0.40625 0.123783
0.875 0.4375 0.111012
0.84375 0.4375 0.082241
0.84375 0.40625 0.0957352
0.84375 0.375 0.110386
0.875 0.375 0.137931
0.875 0.40625 0.123783
0.84375 0.40625 0.0957352
0.75 0.375 0.0288331
0.75 0.34375 0.0447631
0.78125 0.34375 0.0716132
0.78125 0.375 0.0558682
0.75 0.375 0.0288331
0.75 0.34375 0.0447631
0.75 0.3125 0.0609943
0.78125 0.3125 0.0876624
0.78125 0.34375 0.0716132
0.75 0.34375 0.0447631
0.78125 0.375 0.0558682
0.78125 0.34375 0.0716132
0.8125 0.34375 0.098576
0.8125 0.375 0.0830427
0.78125 0.375 0.0558682
0.78125 0.34375 0.0716132
0.78125 0.3125 0.0876624
0.8125 0.3125 0.11444
0.8125 0.34375 0.098576
0.78125 0.34375 0.0716132
0.75 0.3125 0.0609943
0.75 0.28125 0.0775579
0.78125 0.28125 0.104023
0.78125 0.3125 0.0876624
0.75 0.3125 0.0609943
0.75 0.28125 0.0775579
0.75 0.25 0.0945769
0.78125 0.25 0.120753
0.78125 0.28125 0.104023
0.75 0.28125 0.0775579
0.78125 0.3125 0.0876624
0.78125 0.28125 0.104023
0.8125 0.28125 0.130612
0.8125 0.3125 0.11444
0.78125 0.3125 0.0876624
0.78125 0.28125 0.104023
0.78125 0.25 0.120753
0.8125 0.25 0.147116
0.8125 0.28125 0.130612
0.78125 0.28125 0.104023
0.8125 0.375 0.0830427
0.8125 0.34375 0.098576
0.84375 0.34375 0.125662
0.84375 0.375 0.110386
0.8125 0.375 0.0830427
0.8125 0.34375 0.098576
0.8125 0.3125 0.11444
0.84375 0.3125 0.141328
0.84375 0.34375 0.125662
0.8125 0.34375 0.098576
0.84375 0.375 0.110386
0.84375 0.34375 0.125662
0.875 0.34375 0.152888
0.875 0.375 0.137931
0.84375 0.375 0.110386
0.84375 0.34375 0.125662
0.84375 0.3125 0.141328
0.875 0.3125 0.168334
0.875 0.34375 0.152888
0.84375 0.34375 0.125662
0.8125 0.3125 0.11444
0.8125 0.25 0.147116
0.875 0.25 0.200232
0.875 0.3125 0.168334
0.8125 0.3125 0.11444
0.875 0.5 0.0920289
0.875 0.4375 0.111012
0.9375 0.4375 0.169505
0.9375 0.5 0.153531
0.875 0.5 0.0920289
0.875 0.4375 0.111012
0.875 0.375 0.137931
0.9375 0.375 0.193873
0.9375 0.4375 0.169505
0.875 0.4375 0.111012
0.9375 0.5 0.153531
0.9375 0.4375 0.169505
1 0.4375 0.229361
1 0.5 0.215512
0.9375 0.5 0.153531
0.9375 0.4375 0.169505
0.9375 0.375 0.193873
1 0.375 0.251335
1 0.4375 0.229361
0.9375 0.4375 0.169505
0.875 0.375 0.137931
0.875 0.3125 0.168334
0.9375 0.3125 0.222844
0.9375 0.375 0.193873
0.875 0.375 0.137931
0.875 0.3125 0.168334
0.875 0.25 0.200232
0.9375 0.25 0.253796
0.9375 0.3125 0.222844
0.875 0.3125 0.168334
0.9375 0.375 0.193873
0.9375 0.3125 0.222844
1 0.3125 0.278485
1 0.375 0.251335
0.9375 0.375 0.193873
0.9375 0.3125 0.222844
0.9375 0.25 0.253796
1 0.25 0.308234
1 0.3125 0.278485
0.9375 0.3125 0.222844
0.75 0.25 0.0945769
0.75 0.1875 0.131
0.8125 0.1875 0.181705
0.8125 0.25 0.147116
0.75 0.25 0.0945769
0.75 0.1875 0.131
0.75 0.125 0.172218
0.8125 0.125 0.219478
0.8125 0.1875 0.181705
0.75 0.1875 0.131
0.8125 0.25 0.147116
0.8125 0.1875 0.181705
0.875 0.1875 0.233654
0.875 0.25 0.200232
0.8125 0.25 0.147116
0.8125 0.1875 0.181705
0.8125 0.125 0.219478
0.875 0.125 0.269276
0.875 0.1875 0.233654
0.8125 0.1875 0.181705
0.75 0.125 0.172218
0.75 0.0625 0.21867
0.8125 0.0625 0.26126
0.8125 0.125 0.219478
0.75 0.125 0.172218
0.75 0.0625 0.21867
0.75 0 0.270956
0.8125 0 0.309041
0.8125 0.0625 0.26126
0.75 0.0625 0.21867
0.8125 0.125 0.219478
0.8125 0.0625 0.26126
0.875 0.0625 0.307854
0.875 0.125 0.269276
0.8125 0.125 0.219478
0.8125 0.0625 0.26126
0.8125 0 0.309041
0.875 0 0.351533
0.875 0.0625 0.307854
0.8125 0.0625 0.26126
0.875 0.25 0.200232
0.875 0.125 0.269276
1 0.125 0.37347
1 0.25 0.308234
0.875 0.25 0.200232
0.875 0.125 0.269276
0.875 0 0.351533
1 0 0.450204
1 0.125 0.37347
0.875 0.125 0.269276
