0 1 0.447105
0 0.875 0.349538
0.125 0.875 0.261385
0.125 1 0.368963
0 1 0.447105
0 0.875 0.349538
0 0.8125 0.306905
0.0625 0.8125 0.255642
0.0625 0.875 0.302052
0 0.875 0.349538
0 0.8125 0.306905
0 0.75 0.268917
0.0625 0.75 0.213705
0.0625 0.8125 0.255642
0 0.8125 0.306905
0.0625 0.875 0.302052
0.0625 0.8125 0.255642
0.125 0.8125 0.210439
0.125 0.875 0.261385
0.0625 0.875 0.302052
0.0625 0.8125 0.255642
0.0625 0.75 0.213705
0.125 0.75 0.162579
0.125 0.8125 0.210439
0.0625 0.8125 0.255642
0.125 1 0.368963
0.125 0.875 0.261385
0.25 0.875 0.196907
0.25 1 0.30922
0.125 1 0.368963
0.125 0.875 0.261385
0.125 0.8125 0.210439
0.1875 0.8125 0.171913
0.1875 0.875 0.226501
0.125 0.875 0.261385
0.125 0.8125 0.210439
0.125 0.75 0.162579
0.1875 0.75 0.119435
0.1875 0.8125 0.171913
0.125 0.8125 0.210439
0.1875 0.875 0.226501
0.1875 0.8125 0.171913
0.25 0.8125 0.140922
0.25 0.875 0.196907
0.1875 0.875 0.226501
0.1875 0.8125 0.171913
0.1875 0.78125 0.145286
0.21875 0.78125 0.128367
0.21875 0.8125 0.155721
0.1875 0.8125 0.171913
0.1875 0.78125 0.145286
0.1875 0.75 0.119435
0.21875 0.75 0.101223
0.21875 0.78125 0.128367
0.1875 0.78125 0.145286
0.21875 0.8125 0.155721
0.21875 0.78125 0.128367
0.25 0.78125 0.113051
0.25 0.8125 0.140922
0.21875 0.8125 0.155721
0.21875 0.78125 0.128367
0.21875 0.75 0.101223
0.25 0.75 0.0853145
0.25 0.78125 0.113051
0.21875 0.78125 0.128367
0 0.75 0.268917
0 0.6875 0.23683
0.0625 0.6875 0.177907
0.0625 0.75 0.213705
0 0.75 0.268917
0 0.6875 0.23683
0 0.625 0.212387
0.0625 0.625 0.15012
0.0625 0.6875 0.177907
0 0.6875 0.23683
0.0625 0.75 0.213705
0.0625 0.6875 0.177907
0.125 0.6875 0.121379
0.125 0.75 0.162579
0.0625 0.75 0.213705
0.0625 0.6875 0.177907
0.0625 0.625 0.15012
0.125 0.625 0.0896319
0.125 0.6875 0.121379
0.0625 0.6875 0.177907
0 0.625 0.212387
0 0.5625 0.201192
0.0625 0.5625 0.138745
0.0625 0.625 0.15012
0 0.625 0.212387
0 0.5625 0.201192
0 0.5 0.21074
0.0625 0.5 0.15004
0.0625 0.5625 0.138745
0 0.5625 0.201192
0.0625 0.625 0.15012
0.0625 0.59375 0.141514
0.09375 0.59375 0.110326
0.09375 0.625 0.119788
0.0625 0.625 0.15012
0.0625 0.59375 0.141514
0.0625 0.5625 0.138745
0.09375 0.5625 0.107552
0.09375 0.59375 0.110326
0.0625 0.59375 0.141514
0.09375 0.625 0.119788
0.09375 0.59375 0.110326
0.125 0.59375 0.0791084
0.125 0.625 0.0896319
0.09375 0.625 0.119788
0.09375 0.59375 0.110326
0.09375 0.5625 0.107552
0.125 0.5625 0.0763467
0.125 0.59375 0.0791084
0.09375 0.59375 0.110326
0.0625 0.5625 0.138745
0.0625 0.53125 0.14248
0.09375 0.53125 0.111865
0.09375 0.5625 0.107552
0.0625 0.5625 0.138745
0.0625 0.53125 0.14248
0.0625 0.5 0.15004
0.09375 0.5 0.120182
0.09375 0.53125 0.111865
0.0625 0.53125 0.14248
0.09375 0.5625 0.107552
0.09375 0.53125 0.111865
0.125 0.53125 0.0813735
0.125 0.5625 0.0763467
0.09375 0.5625 0.107552
0.09375 0.53125 0.111865
0.09375 0.5 0.120182
0.125 0.5 0.0905238
0.125 0.53125 0.0813735
0.09375 0.53125 0.111865
0.125 0.75 0.162579
0.125 0.71875 0.141049
0.15625 0.71875 0.116908
0.15625 0.75 0.140099
0.125 0.75 0.162579
0.125 0.71875 0.141049
0.125 0.6875 0.121379
0.15625 0.6875 0.0953545
0.15625 0.71875 0.116908
0.125 0.71875 0.141049
0.15625 0.75 0.140099
0.15625 0.71875 0.116908
0.1875 0.71875 0.0943307
0.1875 0.75 0.119435
0.15625 0.75 0.140099
0.15625 0.71875 0.116908
0.15625 0.6875 0.0953545
0.1875 0.6875 0.070653
0.1875 0.71875 0.0943307
0.15625 0.71875 0.116908
0.125 0.6875 0.121379
0.125 0.65625 0.104022
0.15625 0.65625 0.0760126
0.15625 0.6875 0.0953545
0.125 0.6875 0.121379
0.125 0.65625 0.104022
0.125 0.625 0.0896319
0.15625 0.625 0.059743
0.15625 0.65625 0.0760126
0.125 0.65625 0.104022
0.15625 0.6875 0.0953545
0.15625 0.65625 0.0760126
0.1875 0.65625 0.0489104
0.1875 0.6875 0.070653
0.15625 0.6875 0.0953545
0.15625 0.65625 0.0760126
0.15625 0.625 0.059743
0.1875 0.625 0.0301984
0.1875 0.65625 0.0489104
0.15625 0.65625 0.0760126
0.1875 0.75 0.119435
0.1875 0.71875 0.0943307
0.21875 0.71875 0.0746121
0.21875 0.75 0.101223
0.1875 0.75 0.119435
0.1875 0.71875 0.0943307
0.1875 0.6875 0.070653
0.21875 0.6875 0.0486228
0.21875 0.71875 0.0746121
0.1875 0.71875 0.0943307
0.21875 0.75 0.101223
0.21875 0.71875 0.0746121
0.25 0.71875 0.0577101
0.25 0.75 0.0853145
0.21875 0.75 0.101223
0.21875 0.71875 0.0746121
0.21875 0.6875 0.0486228
0.25 0.6875 0.0303541
0.25 0.71875 0.0577101
0.21875 0.71875 0.0746121
0.1875 0.6875 0.070653
0.1875 0.65625 0.0489104
0.21875 0.65625 0.0238142
0.21875 0.6875 0.0486228
0.1875 0.6875 0.070653
0.1875 0.65625 0.0489104
0.1875 0.625 0.0301984
0.21875 0.625 0.00123075
0.21875 0.65625 0.0238142
0.1875 0.65625 0.0489104
0.21875 0.6875 0.0486228
0.21875 0.65625 0.0238142
0.25 0.65625 0.00333909
0.25 0.6875 0.0303541
0.21875 0.6875 0.0486228
0.21875 0.65625 0.0238142
0.21875 0.625 0.00123075
0.25 0.625 -0.0215217
0.25 0.65625 0.00333909
0.21875 0.65625 0.0238142
0.125 0.625 0.0896319
0.125 0.59375 0.0791084
0.15625 0.59375 0.0478734
0.15625 0.625 0.059743
0.125 0.625 0.0896319
0.125 0.59375 0.0791084
0.125 0.5625 0.0763467
0.15625 0.5625 0.0451378
0.15625 0.59375 0.0478734
0.125 0.59375 0.0791084
0.15625 0.625 0.059743
0.15625 0.59375 0.0478734
0.1875 0.59375 0.0166299
0.1875 0.625 0.0301984
0.15625 0.625 0.059743
0.15625 0.59375 0.0478734
0.15625 0.5625 0.0451378
0.1875 0.5625 0.0139367
0.1875 0.59375 0.0166299
0.15625 0.59375 0.0478734
0.125 0.5625 0.0763467
0.125 0.53125 0.0813735
0.15625 0.53125 0.0510507
0.15625 0.5625 0.0451378
0.125 0.5625 0.0763467
0.125 0.53125 0.0813735
0.125 0.5 0.0905238
0.15625 0.5 0.061217
0.15625 0.53125 0.0510507
0.125 0.53125 0.0813735
0.15625 0.5625 0.0451378
0.15625 0.53125 0.0510507
0.1875 0.53125 0.0209717
0.1875 0.5625 0.0139367
0.15625 0.5625 0.0451378
0.15625 0.53125 0.0510507
0.15625 0.5 0.061217
0.1875 0.5 0.0322041
0.1875 0.53125 0.0209717
0.15625 0.53125 0.0510507
0.1875 0.625 0.0301984
0.1875 0.59375 0.0166299
0.21875 0.59375 -0.0136542
0.21875 0.625 0.00123075
0.1875 0.625 0.0301984
0.1875 0.59375 0.0166299
0.1875 0.5625 0.0139367
0.21875 0.5625 -0.0164202
0.21875 0.59375 -0.0136542
0.1875 0.59375 0.0166299
0.21875 0.625 0.00123075
0.21875 0.59375 -0.0136542
0.25 0.59375 -0.0411956
0.25 0.625 -0.0215217
0.21875 0.625 0.00123075
0.21875 0.59375 -0.0136542
0.21875 0.5625 -0.0164202
0.25 0.5625 -0.045925
0.25 0.59375 -0.0411956
0.21875 0.59375 -0.0136542
0.1875 0.5625 0.0139367
0.1875 0.53125 0.0209717
0.21875 0.53125 -0.00845366
0.21875 0.5625 -0.0164202
0.1875 0.5625 0.0139367
0.1875 0.53125 0.0209717
0.1875 0.5 0.0322041
0.21875 0.5 0.0035352
0.21875 0.53125 -0.00845366
0.1875 0.53125 0.0209717
0.21875 0.5625 -0.0164202
0.21875 0.53125 -0.00845366
0.25 0.53125 -0.0370119
0.25 0.5625 -0.045925
0.21875 0.5625 -0.0164202
0.21875 0.53125 -0.00845366
0.21875 0.5 0.0035352
0.25 0.5 -0.0247454
0.25 0.53125 -0.0370119
0.21875 0.53125 -0.00845366
0.25 1 0.30922
0.25 0.9375 0.253025
0.3125 0.9375 0.225705
0.3125 1 0.282273
0.25 1 0.30922
0.25 0.9375 0.253025
0.25 0.875 0.196907
0.3125 0.875 0.169283
0.3125 0.9375 0.225705
0.25 0.9375 0.253025
0.3125 1 0.282273
0.3125 0.9375 0.225705
0.375 0.9375 0.198967
0.375 1 0.2561
0.3125 1 0.282273
0.3125 0.9375 0.225705
0.3125 0.875 0.169283
0.375 0.875 0.142092
0.375 0.9375 0.198967
0.3125 0.9375 0.225705
0.25 0.875 0.196907
0.25 0.8125 0.140922
0.3125 0.8125 0.113069
0.3125 0.875 0.169283
0.25 0.875 0.196907
0.25 0.8125 0.140922
0.25 0.78125 0.113051
0.28125 0.78125 0.0988071
0.28125 0.8125 0.126841
0.25 0.8125 0.140922
0.25 0.78125 0.113051
0.25 0.75 0.0853145
0.28125 0.75 0.0707991
0.28125 0.78125 0.0988071
0.25 0.78125 0.113051
0.28125 0.8125 0.126841
0.28125 0.78125 0.0988071
0.3125 0.78125 0.0849786
0.3125 0.8125 0.113069
0.28125 0.8125 0.126841
0.28125 0.78125 0.0988071
0.28125 0.75 0.0707991
0.3125 0.75 0.0568952
0.3125 0.78125 0.0849786
0.28125 0.78125 0.0988071
0.3125 0.875 0.169283
0.3125 0.84375 0.141168
0.34375 0.84375 0.127506
0.34375 0.875 0.155657
0.3125 0.875 0.169283
0.3125 0.84375 0.141168
0.3125 0.8125 0.113069
0.34375 0.8125 0.0993837
0.34375 0.84375 0.127506
0.3125 0.84375 0.141168
0.34375 0.875 0.155657
0.34375 0.84375 0.127506
0.375 0.84375 0.113885
0.375 0.875 0.142092
0.34375 0.875 0.155657
0.34375 0.84375 0.127506
0.34375 0.8125 0.0993837
0.375 0.8125 0.0857283
0.375 0.84375 0.113885
0.34375 0.84375 0.127506
0.3125 0.8125 0.113069
0.3125 0.78125 0.0849786
0.34375 0.78125 0.0712781
0.34375 0.8125 0.0993837
0.3125 0.8125 0.113069
0.3125 0.78125 0.0849786
0.3125 0.75 0.0568952
0.34375 0.75 0.0431818
0.34375 0.78125 0.0712781
0.3125 0.78125 0.0849786
0.34375 0.8125 0.0993837
0.34375 0.78125 0.0712781
0.375 0.78125 0.0576037
0.375 0.8125 0.0857283
0.34375 0.8125 0.0993837
0.34375 0.78125 0.0712781
0.34375 0.75 0.0431818
0.375 0.75 0.0294951
0.375 0.78125 0.0576037
0.34375 0.78125 0.0712781
0.375 1 0.2561
0.375 0.9375 0.198967
0.4375 0.9375 0.173342
0.4375 1 0.231649
0.375 1 0.2561
0.375 0.9375 0.198967
0.375 0.875 0.142092
0.4375 0.875 0.115471
0.4375 0.9375 0.173342
0.375 0.9375 0.198967
0.4375 1 0.231649
0.4375 0.9375 0.173342
0.5 0.9375 0.150803
0.5 1 0.21125
0.4375 1 0.231649
0.4375 0.9375 0.173342
0.4375 0.875 0.115471
0.5 0.875 0.0911875
0.5 0.9375 0.150803
0.4375 0.9375 0.173342
0.375 0.875 0.142092
0.375 0.84375 0.113885
0.40625 0.84375 0.100337
0.40625 0.875 0.128651
0.375 0.875 0.142092
0.375 0.84375 0.113885
0.375 0.8125 0.0857283
0.40625 0.8125 0.0721099
0.40625 0.84375 0.100337
0.375 0.84375 0.113885
0.40625 0.875 0.128651
0.40625 0.84375 0.100337
0.4375 0.84375 0.0869511
0.4375 0.875 0.115471
0.40625 0.875 0.128651
0.40625 0.84375 0.100337
0.40625 0.8125 0.0721099
0.4375 0.8125 0.0585795
0.4375 0.84375 0.0869511
0.40625 0.84375 0.100337
0.375 0.8125 0.0857283
0.375 0.78125 0.0576037
0.40625 0.78125 0.0439484
0.40625 0.8125 0.0721099
0.375 0.8125 0.0857283
0.375 0.78125 0.0576037
0.375 0.75 0.0294951
0.40625 0.75 0.0158183
0.40625 0.78125 0.0439484
0.375 0.78125 0.0576037
0.40625 0.8125 0.0721099
0.40625 0.78125 0.0439484
0.4375 0.78125 0.0303243
0.4375 0.8125 0.0585795
0.40625 0.8125 0.0721099
0.40625 0.78125 0.0439484
0.40625 0.75 0.0158183
0.4375 0.75 0.00215237
0.4375 0.78125 0.0303243
0.40625 0.78125 0.0439484
0.4375 0.875 0.115471
0.4375 0.84375 0.0869511
0.46875 0.84375 0.0739197
0.46875 0.875 0.102811
0.4375 0.875 0.115471
0.4375 0.84375 0.0869511
0.4375 0.8125 0.0585795
0.46875 0.8125 0.0452486
0.46875 0.84375 0.0739197
0.4375 0.84375 0.0869511
0.46875 0.875 0.102811
0.46875 0.84375 0.0739197
0.5 0.84375 0.0617046
0.5 0.875 0.0911875
0.46875 0.875 0.102811
0.46875 0.84375 0.0739197
0.46875 0.8125 0.0452486
0.5 0.8125 0.032471
0.5 0.84375 0.0617046
0.46875 0.84375 0.0739197
0.4375 0.8125 0.0585795
0.4375 0.78125 0.0303243
0.46875 0.78125 0.0167656
0.46875 0.8125 0.0452486
0.4375 0.8125 0.0585795
0.4375 0.78125 0.0303243
0.4375 0.75 0.00215237
0.46875 0.75 -0.0114513
0.46875 0.78125 0.0167656
0.4375 0.78125 0.0303243
0.46875 0.8125 0.0452486
0.46875 0.78125 0.0167656
0.5 0.78125 0.00351105
0.5 0.8125 0.032471
0.46875 0.8125 0.0452486
0.46875 0.78125 0.0167656
0.46875 0.75 -0.0114513
0.5 0.75 -0.0248463
0.5 0.78125 0.00351105
0.46875 0.78125 0.0167656
0.25 0.75 0.0853145
0.25 0.71875 0.0577101
0.28125 0.71875 0.0428397
0.28125 0.75 0.0707991
0.25 0.75 0.0853145
0.25 0.71875 0.0577101
0.25 0.6875 0.0303541
0.28125 0.6875 0.01495
0.28125 0.71875 0.0428397
0.25 0.71875 0.0577101
0.28125 0.75 0.0707991
0.28125 0.71875 0.0428397
0.3125 0.71875 0.0288183
0.3125 0.75 0.0568952
0.28125 0.75 0.0707991
0.28125 0.71875 0.0428397
0.28125 0.6875 0.01495
0.3125 0.6875 0.00075026
0.3125 0.71875 0.0288183
0.28125 0.71875 0.0428397
0.25 0.6875 0.0303541
0.25 0.65625 0.00333909
0.28125 0.65625 -0.0126575
0.28125 0.6875 0.01495
0.25 0.6875 0.0303541
0.25 0.65625 0.00333909
0.25 0.625 -0.0215217
0.28125 0.625 -0.0394883
0.28125 0.65625 -0.0126575
0.25 0.65625 0.00333909
0.28125 0.6875 0.01495
0.28125 0.65625 -0.0126575
0.3125 0.65625 -0.0271671
0.3125 0.6875 0.00075026
0.28125 0.6875 0.01495
0.28125 0.65625 -0.0126575
0.28125 0.625 -0.0394883
0.3125 0.625 -0.0548345
0.3125 0.65625 -0.0271671
0.28125 0.65625 -0.0126575
0.3125 0.75 0.0568952
0.3125 0.71875 0.0288183
0.34375 0.71875 0.0150891
0.34375 0.75 0.0431818
0.3125 0.75 0.0568952
0.3125 0.71875 0.0288183
0.3125 0.6875 0.00075026
0.34375 0.6875 -0.0129951
0.34375 0.71875 0.0150891
0.3125 0.71875 0.0288183
0.34375 0.75 0.0431818
0.34375 0.71875 0.0150891
0.375 0.71875 0.00139664
0.375 0.75 0.0294951
0.34375 0.75 0.0431818
0.34375 0.71875 0.0150891
0.34375 0.6875 -0.0129951
0.375 0.6875 -0.0266964
0.375 0.71875 0.00139664
0.34375 0.71875 0.0150891
0.3125 0.6875 0.00075026
0.3125 0.65625 -0.0271671
0.34375 0.65625 -0.0410463
0.34375 0.6875 -0.0129951
0.3125 0.6875 0.00075026
0.3125 0.65625 -0.0271671
0.3125 0.625 -0.0548345
0.34375 0.625 -0.0690214
0.34375 0.65625 -0.0410463
0.3125 0.65625 -0.0271671
0.34375 0.6875 -0.0129951
0.34375 0.65625 -0.0410463
0.375 0.65625 -0.0547807
0.375 0.6875 -0.0266964
0.34375 0.6875 -0.0129951
0.34375 0.65625 -0.0410463
0.34375 0.625 -0.0690214
0.375 0.625 -0.0828439
0.375 0.65625 -0.0547807
0.34375 0.65625 -0.0410463
0.25 0.625 -0.0215217
0.25 0.59375 -0.0411956
0.28125 0.59375 -0.0641047
0.28125 0.625 -0.0394883
0.25 0.625 -0.0215217
0.25 0.59375 -0.0411956
0.25 0.5625 -0.045925
0.28125 0.5625 -0.0752349
0.28125 0.59375 -0.0641047
0.25 0.59375 -0.0411956
0.28125 0.625 -0.0394883
0.28125 0.59375 -0.0641047
0.3125 0.59375 -0.0818158
0.3125 0.625 -0.0548345
0.28125 0.625 -0.0394883
0.28125 0.59375 -0.0641047
0.28125 0.5625 -0.0752349
0.3125 0.5625 -0.102359
0.3125 0.59375 -0.0818158
0.28125 0.59375 -0.0641047
0.25 0.5625 -0.045925
0.25 0.53125 -0.0370119
0.28125 0.53125 -0.065484
0.28125 0.5625 -0.0752349
0.25 0.5625 -0.045925
0.25 0.53125 -0.0370119
0.25 0.5 -0.0247454
0.28125 0.5 -0.0529411
0.28125 0.53125 -0.065484
0.25 0.53125 -0.0370119
0.28125 0.5625 -0.0752349
0.28125 0.53125 -0.065484
0.3125 0.53125 -0.0938905
0.3125 0.5625 -0.102359
0.28125 0.5625 -0.0752349
0.28125 0.53125 -0.065484
0.28125 0.5 -0.0529411
0.3125 0.5 -0.0811181
0.3125 0.53125 -0.0938905
0.28125 0.53125 -0.065484
0.3125 0.625 -0.0548345
0.3125 0.59375 -0.0818158
0.34375 0.59375 -0.0967969
0.34375 0.625 -0.0690214
0.3125 0.625 -0.0548345
0.3125 0.59375 -0.0818158
0.3125 0.5625 -0.102359
0.34375 0.5625 -0.123048
0.34375 0.59375 -0.0967969
0.3125 0.59375 -0.0818158
0.34375 0.625 -0.0690214
0.34375 0.59375 -0.0967969
0.375 0.59375 -0.110852
0.375 0.625 -0.0828439
0.34375 0.625 -0.0690214
0.34375 0.59375 -0.0967969
0.34375 0.5625 -0.123048
0.375 0.5625 -0.138539
0.375 0.59375 -0.110852
0.34375 0.59375 -0.0967969
0.3125 0.5625 -0.102359
0.3125 0.53125 -0.0938905
0.34375 0.53125 -0.122243
0.34375 0.5625 -0.123048
0.3125 0.5625 -0.102359
0.3125 0.53125 -0.0938905
0.3125 0.5 -0.0811181
0.34375 0.5 -0.109278
0.34375 0.53125 -0.122243
0.3125 0.53125 -0.0938905
0.34375 0.5625 -0.123048
0.34375 0.53125 -0.122243
0.375 0.53125 -0.150523
0.375 0.5625 -0.138539
0.34375 0.5625 -0.123048
0.34375 0.53125 -0.122243
0.34375 0.5 -0.109278
0.375 0.5 -0.137416
0.375 0.53125 -0.150523
0.34375 0.53125 -0.122243
0.375 0.75 0.0294951
0.375 0.71875 0.00139664
0.40625 0.71875 -0.0122824
0.40625 0.75 0.0158183
0.375 0.75 0.0294951
0.375 0.71875 0.00139664
0.375 0.6875 -0.0266964
0.40625 0.6875 -0.0403806
0.40625 0.71875 -0.0122824
0.375 0.71875 0.00139664
0.40625 0.75 0.0158183
0.40625 0.71875 -0.0122824
0.4375 0.71875 -0.0259531
0.4375 0.75 0.00215237
0.40625 0.75 0.0158183
0.40625 0.71875 -0.0122824
0.40625 0.6875 -0.0403806
0.4375 0.6875 -0.0540554
0.4375 0.71875 -0.0259531
0.40625 0.71875 -0.0122824
0.375 0.6875 -0.0266964
0.375 0.65625 -0.0547807
0.40625 0.65625 -0.0684752
0.40625 0.6875 -0.0403806
0.375 0.6875 -0.0266964
0.375 0.65625 -0.0547807
0.375 0.625 -0.0828439
0.40625 0.625 -0.0965633
0.40625 0.65625 -0.0684752
0.375 0.65625 -0.0547807
0.40625 0.6875 -0.0403806
0.40625 0.65625 -0.0684752
0.4375 0.65625 -0.0821559
0.4375 0.6875 -0.0540554
0.40625 0.6875 -0.0403806
0.40625 0.65625 -0.0684752
0.40625 0.625 -0.0965633
0.4375 0.625 -0.110253
0.4375 0.65625 -0.0821559
0.40625 0.65625 -0.0684752
0.4375 0.75 0.00215237
0.4375 0.71875 -0.0259531
0.46875 0.71875 -0.039587
0.46875 0.75 -0.0114513
0.4375 0.75 0.00215237
0.4375 0.71875 -0.0259531
0.4375 0.6875 -0.0540554
0.46875 0.6875 -0.0677072
0.46875 0.71875 -0.039587
0.4375 0.71875 -0.0259531
0.46875 0.75 -0.0114513
0.46875 0.71875 -0.039587
0.5 0.71875 -0.0530886
0.5 0.75 -0.0248463
0.46875 0.75 -0.0114513
0.46875 0.71875 -0.039587
0.46875 0.6875 -0.0677072
0.5 0.6875 -0.0812751
0.5 0.71875 -0.0530886
0.46875 0.71875 -0.039587
0.4375 0.6875 -0.0540554
0.4375 0.65625 -0.0821559
0.46875 0.65625 -0.0958191
0.46875 0.6875 -0.0677072
0.4375 0.6875 -0.0540554
0.4375 0.65625 -0.0821559
0.4375 0.625 -0.110253
0.46875 0.625 -0.123926
0.46875 0.65625 -0.0958191
0.4375 0.65625 -0.0821559
0.46875 0.6875 -0.0677072
0.46875 0.65625 -0.0958191
0.5 0.65625 -0.109432
0.5 0.6875 -0.0812751
0.46875 0.6875 -0.0677072
0.46875 0.65625 -0.0958191
0.46875 0.625 -0.123926
0.5 0.625 -0.137561
0.5 0.65625 -0.109432
0.46875 0.65625 -0.0958191
0.375 0.625 -0.0828439
0.375 0.59375 -0.110852
0.40625 0.59375 -0.124636
0.40625 0.625 -0.0965633
0.375 0.625 -0.0828439
0.375 0.59375 -0.110852
0.375 0.5625 -0.138539
0.40625 0.5625 -0.152639
0.40625 0.59375 -0.124636
0.375 0.59375 -0.110852
0.40625 0.625 -0.0965633
0.40625 0.59375 -0.124636
0.4375 0.59375 -0.138345
0.4375 0.625 -0.110253
0.40625 0.625 -0.0965633
0.40625 0.59375 -0.124636
0.40625 0.5625 -0.152639
0.4375 0.5625 -0.166418
0.4375 0.59375 -0.138345
0.40625 0.59375 -0.124636
0.375 0.5625 -0.138539
0.375 0.5 -0.137416
0.4375 0.5 -0.193338
0.4375 0.5625 -0.166418
0.375 0.5625 -0.138539
0.4375 0.625 -0.110253
0.4375 0.5625 -0.166418
0.5 0.5625 -0.193804
0.5 0.625 -0.137561
0.4375 0.625 -0.110253
0.4375 0.5625 -0.166418
0.4375 0.5 -0.193338
0.5 0.5 -0.230769
0.5 0.5625 -0.193804
0.4375 0.5625 -0.166418
0 0.5 0.21074
0 0.4375 0.2306
0.0625 0.4375 0.172232
0.0625 0.5 0.15004
0 0.5 0.21074
0 0.4375 0.2306
0 0.375 0.255348
0.0625 0.375 0.198355
0.0625 0.4375 0.172232
0 0.4375 0.2306
0.0625 0.5 0.15004
0.0625 0.4375 0.172232
0.125 0.4375 0.114997
0.125 0.5 0.0905238
0.0625 0.5 0.15004
0.0625 0.4375 0.172232
0.0625 0.375 0.198355
0.125 0.375 0.141925
0.125 0.4375 0.114997
0.0625 0.4375 0.172232
0 0.375 0.255348
0 0.3125 0.281895
0.0625 0.3125 0.225453
0.0625 0.375 0.198355
0 0.375 0.255348
0 0.3125 0.281895
0 0.25 0.309037
0.0625 0.25 0.252882
0.0625 0.3125 0.225453
0 0.3125 0.281895
0.0625 0.375 0.198355
0.0625 0.3125 0.225453
0.125 0.3125 0.169242
0.125 0.375 0.141925
0.0625 0.375 0.198355
0.0625 0.3125 0.225453
0.0625 0.25 0.252882
0.125 0.25 0.196849
0.125 0.3125 0.169242
0.0625 0.3125 0.225453
0.125 0.5 0.0905238
0.125 0.46875 0.102161
0.15625 0.46875 0.0735113
0.15625 0.5 0.061217
0.125 0.5 0.0905238
0.125 0.46875 0.102161
0.125 0.4375 0.114997
0.15625 0.4375 0.0866757
0.15625 0.46875 0.0735113
0.125 0.46875 0.102161
0.15625 0.5 0.061217
0.15625 0.46875 0.0735113
0.1875 0.46875 0.0450523
0.1875 0.5 0.0322041
0.15625 0.5 0.061217
0.15625 0.46875 0.0735113
0.15625 0.4375 0.0866757
0.1875 0.4375 0.0584462
0.1875 0.46875 0.0450523
0.15625 0.46875 0.0735113
0.125 0.4375 0.114997
0.125 0.40625 0.128358
0.15625 0.40625 0.100179
0.15625 0.4375 0.0866757
0.125 0.4375 0.114997
0.125 0.40625 0.128358
0.125 0.375 0.141925
0.15625 0.375 0.113799
0.15625 0.40625 0.100179
0.125 0.40625 0.128358
0.15625 0.4375 0.0866757
0.15625 0.40625 0.100179
0.1875 0.40625 0.0720372
0.1875 0.4375 0.0584462
0.15625 0.4375 0.0866757
0.15625 0.40625 0.100179
0.15625 0.375 0.113799
0.1875 0.375 0.0856885
0.1875 0.40625 0.0720372
0.15625 0.40625 0.100179
0.1875 0.5 0.0322041
0.1875 0.46875 0.0450523
0.21875 0.46875 0.0167478
0.21875 0.5 0.0035352
0.1875 0.5 0.0322041
0.1875 0.46875 0.0450523
0.1875 0.4375 0.0584462
0.21875 0.4375 0.0302787
0.21875 0.46875 0.0167478
0.1875 0.46875 0.0450523
0.21875 0.5 0.0035352
0.21875 0.46875 0.0167478
0.25 0.46875 -0.0114427
0.25 0.5 -0.0247454
0.21875 0.5 0.0035352
0.21875 0.46875 0.0167478
0.21875 0.4375 0.0302787
0.25 0.4375 0.00214943
0.25 0.46875 -0.0114427
0.21875 0.46875 0.0167478
0.1875 0.4375 0.0584462
0.1875 0.40625 0.0720372
0.21875 0.40625 0.0439189
0.21875 0.4375 0.0302787
0.1875 0.4375 0.0584462
0.1875 0.40625 0.0720372
0.1875 0.375 0.0856885
0.21875 0.375 0.0575876
0.21875 0.40625 0.0439189
0.1875 0.40625 0.0720372
0.21875 0.4375 0.0302787
0.21875 0.40625 0.0439189
0.25 0.40625 0.0158139
0.25 0.4375 0.00214943
0.21875 0.4375 0.0302787
0.21875 0.40625 0.0439189
0.21875 0.375 0.0575876
0.25 0.375 0.0294926
0.25 0.40625 0.0158139
0.21875 0.40625 0.0439189
0.125 0.375 0.141925
0.125 0.34375 0.155564
0.15625 0.34375 0.127461
0.15625 0.375 0.113799
0.125 0.375 0.141925
0.125 0.34375 0.155564
0.125 0.3125 0.169242
0.15625 0.3125 0.141158
0.15625 0.34375 0.127461
0.125 0.34375 0.155564
0.15625 0.375 0.113799
0.15625 0.34375 0.127461
0.1875 0.34375 0.0993677
0.1875 0.375 0.0856885
0.15625 0.375 0.113799
0.15625 0.34375 0.127461
0.15625 0.3125 0.141158
0.1875 0.3125 0.113082
0.1875 0.34375 0.0993677
0.15625 0.34375 0.127461
0.125 0.3125 0.169242
0.125 0.25 0.196849
0.1875 0.25 0.140909
0.1875 0.3125 0.113082
0.125 0.3125 0.169242
0.1875 0.375 0.0856885
0.1875 0.34375 0.0993677
0.21875 0.34375 0.0712805
0.21875 0.375 0.0575876
0.1875 0.375 0.0856885
0.1875 0.34375 0.0993677
0.1875 0.3125 0.113082
0.21875 0.3125 0.0850164
0.21875 0.34375 0.0712805
0.1875 0.34375 0.0993677
0.21875 0.375 0.0575876
0.21875 0.34375 0.0712805
0.25 0.34375 0.043199
0.25 0.375 0.0294926
0.21875 0.375 0.0575876
0.21875 0.34375 0.0712805
0.21875 0.3125 0.0850164
0.25 0.3125 0.0569654
0.25 0.34375 0.043199
0.21875 0.34375 0.0712805
0.1875 0.3125 0.113082
0.1875 0.28125 0.126887
0.21875 0.28125 0.0988834
0.21875 0.3125 0.0850164
0.1875 0.3125 0.113082
0.1875 0.28125 0.126887
0.1875 0.25 0.140909
0.21875 0.25 0.113095
0.21875 0.28125 0.0988834
0.1875 0.28125 0.126887
0.21875 0.3125 0.0850164
0.21875 0.28125 0.0988834
0.25 0.28125 0.0709474
0.25 0.3125 0.0569654
0.21875 0.3125 0.0850164
0.21875 0.28125 0.0988834
0.21875 0.25 0.113095
0.25 0.25 0.0854397
0.25 0.28125 0.0709474
0.21875 0.28125 0.0988834
0 0.25 0.309037
0 0.125 0.366858
0.125 0.125 0.257299
0.125 0.25 0.196849
0 0.25 0.309037
0 0.125 0.366858
0 0 0.438331
0.125 0 0.335799
0.125 0.125 0.257299
0 0.125 0.366858
0.125 0.25 0.196849
0.125 0.1875 0.225669
0.1875 0.1875 0.170692
0.1875 0.25 0.140909
0.125 0.25 0.196849
0.125 0.1875 0.225669
0.125 0.125 0.257299
0.1875 0.125 0.205133
0.1875 0.1875 0.170692
0.125 0.1875 0.225669
0.1875 0.25 0.140909
0.1875 0.21875 0.155413
0.21875 0.21875 0.127975
0.21875 0.25 0.113095
0.1875 0.25 0.140909
0.1875 0.21875 0.155413
0.1875 0.1875 0.170692
0.21875 0.1875 0.143922
0.21875 0.21875 0.127975
0.1875 0.21875 0.155413
0.21875 0.25 0.113095
0.21875 0.21875 0.127975
0.25 0.21875 0.100865
0.25 0.25 0.0854397
0.21875 0.25 0.113095
0.21875 0.21875 0.127975
0.21875 0.1875 0.143922
0.25 0.1875 0.11767
0.25 0.21875 0.100865
0.21875 0.21875 0.127975
0.1875 0.1875 0.170692
0.1875 0.125 0.205133
0.25 0.125 0.156721
0.25 0.1875 0.11767
0.1875 0.1875 0.170692
0.125 0.125 0.257299
0.125 0.0625 0.293153
0.1875 0.0625 0.245234
0.1875 0.125 0.205133
0.125 0.125 0.257299
0.125 0.0625 0.293153
0.125 0 0.335799
0.1875 0 0.292821
0.1875 0.0625 0.245234
0.125 0.0625 0.293153
0.1875 0.125 0.205133
0.1875 0.0625 0.245234
0.25 0.0625 0.20251
0.25 0.125 0.156721
0.1875 0.125 0.205133
0.1875 0.0625 0.245234
0.1875 0 0.292821
0.25 0 0.255061
0.25 0.0625 0.20251
0.1875 0.0625 0.245234
0.25 0.5 -0.0247454
0.25 0.46875 -0.0114427
0.28125 0.46875 -0.0395623
0.28125 0.5 -0.0529411
0.25 0.5 -0.0247454
0.25 0.46875 -0.0114427
0.25 0.4375 0.00214943
0.28125 0.4375 -0.0259538
0.28125 0.46875 -0.0395623
0.25 0.46875 -0.0114427
0.28125 0.5 -0.0529411
0.28125 0.46875 -0.0395623
0.3125 0.46875 -0.0676754
0.3125 0.5 -0.0811181
0.28125 0.5 -0.0529411
0.28125 0.46875 -0.0395623
0.28125 0.4375 -0.0259538
0.3125 0.4375 -0.0540484
0.3125 0.46875 -0.0676754
0.28125 0.46875 -0.0395623
0.25 0.4375 0.00214943
0.25 0.40625 0.0158139
0.28125 0.40625 -0.012283
0.28125 0.4375 -0.0259538
0.25 0.4375 0.00214943
0.25 0.40625 0.0158139
0.25 0.375 0.0294926
0.28125 0.375 0.00139994
0.28125 0.40625 -0.012283
0.25 0.40625 0.0158139
0.28125 0.4375 -0.0259538
0.28125 0.40625 -0.012283
0.3125 0.40625 -0.0403675
0.3125 0.4375 -0.0540484
0.28125 0.4375 -0.0259538
0.28125 0.40625 -0.012283
0.28125 0.375 0.00139994
0.3125 0.375 -0.0266622
0.3125 0.40625 -0.0403675
0.28125 0.40625 -0.012283
0.3125 0.5 -0.0811181
0.3125 0.46875 -0.0676754
0.34375 0.46875 -0.0957787
0.34375 0.5 -0.109278
0.3125 0.5 -0.0811181
0.3125 0.46875 -0.0676754
0.3125 0.4375 -0.0540484
0.34375 0.4375 -0.0821276
0.34375 0.46875 -0.0957787
0.3125 0.46875 -0.0676754
0.34375 0.5 -0.109278
0.34375 0.46875 -0.0957787
0.375 0.46875 -0.123863
0.375 0.5 -0.137416
0.34375 0.5 -0.109278
0.34375 0.46875 -0.0957787
0.34375 0.4375 -0.0821276
0.375 0.4375 -0.110176
0.375 0.46875 -0.123863
0.34375 0.46875 -0.0957787
0.3125 0.4375 -0.0540484
0.3125 0.40625 -0.0403675
0.34375 0.40625 -0.0684227
0.34375 0.4375 -0.0821276
0.3125 0.4375 -0.0540484
0.3125 0.40625 -0.0403675
0.3125 0.375 -0.0266622
0.34375 0.375 -0.0546578
0.34375 0.40625 -0.0684227
0.3125 0.40625 -0.0403675
0.34375 0.4375 -0.0821276
0.34375 0.40625 -0.0684227
0.375 0.40625 -0.096405
0.375 0.4375 -0.110176
0.34375 0.4375 -0.0821276
0.34375 0.40625 -0.0684227
0.34375 0.375 -0.0546578
0.375 0.375 -0.0824907
0.375 0.40625 -0.096405
0.34375 0.40625 -0.0684227
0.25 0.375 0.0294926
0.25 0.34375 0.043199
0.28125 0.34375 0.0151267
0.28125 0.375 0.00139994
0.25 0.375 0.0294926
0.25 0.34375 0.043199
0.25 0.3125 0.0569654
0.28125 0.3125 0.0289377
0.28125 0.34375 0.0151267
0.25 0.34375 0.043199
0.28125 0.375 0.00139994
0.28125 0.34375 0.0151267
0.3125 0.34375 -0.012905
0.3125 0.375 -0.0266622
0.28125 0.375 0.00139994
0.28125 0.34375 0.0151267
0.28125 0.3125 0.0289377
0.3125 0.3125 0.000942075
0.3125 0.34375 -0.012905
0.28125 0.34375 0.0151267
0.25 0.3125 0.0569654
0.25 0.28125 0.0709474
0.28125 0.28125 0.0430986
0.28125 0.3125 0.0289377
0.25 0.3125 0.0569654
0.25 0.28125 0.0709474
0.25 0.25 0.0854397
0.28125 0.25 0.0580018
0.28125 0.28125 0.0430986
0.25 0.28125 0.0709474
0.28125 0.3125 0.0289377
0.28125 0.28125 0.0430986
0.3125 0.28125 0.0154133
0.3125 0.3125 0.000942075
0.28125 0.3125 0.0289377
0.28125 0.28125 0.0430986
0.28125 0.25 0.0580018
0.3125 0.25 0.0309223
0.3125 0.28125 0.0154133
0.28125 0.28125 0.0430986
0.3125 0.375 -0.0266622
0.3125 0.34375 -0.012905
0.34375 0.34375 -0.0407677
0.34375 0.375 -0.0546578
0.3125 0.375 -0.0266622
0.3125 0.34375 -0.012905
0.3125 0.3125 0.000942075
0.34375 0.3125 -0.0265937
0.34375 0.34375 -0.0407677
0.3125 0.34375 -0.012905
0.34375 0.375 -0.0546578
0.34375 0.34375 -0.0407677
0.375 0.34375 -0.0682724
0.375 0.375 -0.0824907
0.34375 0.375 -0.0546578
0.34375 0.34375 -0.0407677
0.34375 0.3125 -0.0265937
0.375 0.3125 -0.0534251
0.375 0.34375 -0.0682724
0.34375 0.34375 -0.0407677
0.3125 0.3125 0.000942075
0.3125 0.28125 0.0154133
0.34375 0.28125 -0.0117295
0.34375 0.3125 -0.0265937
0.3125 0.3125 0.000942075
0.3125 0.28125 0.0154133
0.3125 0.25 0.0309223
0.34375 0.25 0.00435012
0.34375 0.28125 -0.0117295
0.3125 0.28125 0.0154133
0.34375 0.3125 -0.0265937
0.34375 0.28125 -0.0117295
0.375 0.28125 -0.0374097
0.375 0.3125 -0.0534251
0.34375 0.3125 -0.0265937
0.34375 0.28125 -0.0117295
0.34375 0.25 0.00435012
0.375 0.25 -0.0195258
0.375 0.28125 -0.0374097
0.34375 0.28125 -0.0117295
0.375 0.5 -0.137416
0.375 0.4375 -0.110176
0.4375 0.4375 -0.165872
0.4375 0.5 -0.193338
0.375 0.5 -0.137416
0.375 0.4375 -0.110176
0.375 0.40625 -0.096405
0.40625 0.40625 -0.124206
0.40625 0.4375 -0.138142
0.375 0.4375 -0.110176
0.375 0.40625 -0.096405
0.375 0.375 -0.0824907
0.40625 0.375 -0.109918
0.40625 0.40625 -0.124206
0.375 0.40625 -0.096405
0.40625 0.4375 -0.138142
0.40625 0.40625 -0.124206
0.4375 0.40625 -0.151435
0.4375 0.4375 -0.165872
0.40625 0.4375 -0.138142
0.40625 0.40625 -0.124206
0.40625 0.375 -0.109918
0.4375 0.375 -0.136128
0.4375 0.40625 -0.151435
0.40625 0.40625 -0.124206
0.4375 0.5 -0.193338
0.4375 0.4375 -0.165872
0.5 0.4375 -0.193689
0.5 0.5 -0.230769
0.4375 0.5 -0.193338
0.4375 0.4375 -0.165872
0.4375 0.375 -0.136128
0.5 0.375 -0.137507
0.5 0.4375 -0.193689
0.4375 0.4375 -0.165872
0.375 0.375 -0.0824907
0.375 0.34375 -0.0682724
0.40625 0.34375 -0.0949413
0.40625 0.375 -0.109918
0.375 0.375 -0.0824907
0.375 0.34375 -0.0682724
0.375 0.3125 -0.0534251
0.40625 0.3125 -0.0786197
0.40625 0.34375 -0.0949413
0.375 0.34375 -0.0682724
0.40625 0.375 -0.109918
0.40625 0.34375 -0.0949413
0.4375 0.34375 -0.118988
0.4375 0.375 -0.136128
0.40625 0.375 -0.109918
0.40625 0.34375 -0.0949413
0.40625 0.3125 -0.0786197
0.4375 0.3125 -0.0990688
0.4375 0.34375 -0.118988
0.40625 0.34375 -0.0949413
0.375 0.3125 -0.0534251
0.375 0.28125 -0.0374097
0.40625 0.28125 -0.0601645
0.40625 0.3125 -0.0786197
0.375 0.3125 -0.0534251
0.375 0.28125 -0.0374097
0.375 0.25 -0.0195258
0.40625 0.25 -0.0387442
0.40625 0.28125 -0.0601645
0.375 0.28125 -0.0374097
0.40625 0.3125 -0.0786197
0.40625 0.28125 -0.0601645
0.4375 0.28125 -0.0753881
0.4375 0.3125 -0.0990688
0.40625 0.3125 -0.0786197
0.40625 0.28125 -0.0601645
0.40625 0.25 -0.0387442
0.4375 0.25 -0.0469533
0.4375 0.28125 -0.0753881
0.40625 0.28125 -0.0601645
0.4375 0.375 -0.136128
0.4375 0.34375 -0.118988
0.46875 0.34375 -0.122622
0.46875 0.375 -0.150806
0.4375 0.375 -0.136128
0.4375 0.34375 -0.118988
0.4375 0.3125 -0.0990688
0.46875 0.3125 -0.0943001
0.46875 0.34375 -0.122622
0.4375 0.34375 -0.118988
0.46875 0.375 -0.150806
0.46875 0.34375 -0.122622
0.5 0.34375 -0.10937
0.5 0.375 -0.137507
0.46875 0.375 -0.150806
0.46875 0.34375 -0.122622
0.46875 0.3125 -0.0943001
0.5 0.3125 -0.0812073
0.5 0.34375 -0.10937
0.46875 0.34375 -0.122622
0.4375 0.3125 -0.0990688
0.4375 0.28125 -0.0753881
0.46875 0.28125 -0.0658814
0.46875 0.3125 -0.0943001
0.4375 0.3125 -0.0990688
0.4375 0.28125 -0.0753881
0.4375 0.25 -0.0469533
0.46875 0.25 -0.0373323
0.46875 0.28125 -0.0658814
0.4375 0.28125 -0.0753881
0.46875 0.3125 -0.0943001
0.46875 0.28125 -0.0658814
0.5 0.28125 -0.0530163
0.5 0.3125 -0.0812073
0.46875 0.3125 -0.0943001
0.46875 0.28125 -0.0658814
0.46875 0.25 -0.0373323
0.5 0.25 -0.0247853
0.5 0.28125 -0.0530163
0.46875 0.28125 -0.0658814
0.25 0.25 0.0854397
0.25 0.21875 0.100865
0.28125 0.21875 0.0741907
0.28125 0.25 0.0580018
0.25 0.25 0.0854397
0.25 0.21875 0.100865
0.25 0.1875 0.11767
0.28125 0.1875 0.0922023
0.28125 0.21875 0.0741907
0.25 0.21875 0.100865
0.28125 0.25 0.0580018
0.28125 0.21875 0.0741907
0.3125 0.21875 0.0482337
0.3125 0.25 0.0309223
0.28125 0.25 0.0580018
0.28125 0.21875 0.0741907
0.28125 0.1875 0.0922023
0.3125 0.1875 0.0680032
0.3125 0.21875 0.0482337
0.28125 0.21875 0.0741907
0.25 0.1875 0.11767
0.25 0.15625 0.136245
0.28125 0.15625 0.112335
0.28125 0.1875 0.0922023
0.25 0.1875 0.11767
0.25 0.15625 0.136245
0.25 0.125 0.156721
0.28125 0.125 0.134615
0.28125 0.15625 0.112335
0.25 0.15625 0.136245
0.28125 0.1875 0.0922023
0.28125 0.15625 0.112335
0.3125 0.15625 0.0904645
0.3125 0.1875 0.0680032
0.28125 0.1875 0.0922023
0.28125 0.15625 0.112335
0.28125 0.125 0.134615
0.3125 0.125 0.114806
0.3125 0.15625 0.0904645
0.28125 0.15625 0.112335
0.3125 0.25 0.0309223
0.3125 0.21875 0.0482337
0.34375 0.21875 0.0234083
0.34375 0.25 0.00435012
0.3125 0.25 0.0309223
0.3125 0.21875 0.0482337
0.3125 0.1875 0.0680032
0.34375 0.1875 0.0459354
0.34375 0.21875 0.0234083
0.3125 0.21875 0.0482337
0.34375 0.25 0.00435012
0.34375 0.21875 0.0234083
0.375 0.21875 0.00114616
0.375 0.25 -0.0195258
0.34375 0.25 0.00435012
0.34375 0.21875 0.0234083
0.34375 0.1875 0.0459354
0.375 0.1875 0.0275138
0.375 0.21875 0.00114616
0.34375 0.21875 0.0234083
0.3125 0.1875 0.0680032
0.3125 0.15625 0.0904645
0.34375 0.15625 0.0710758
0.34375 0.1875 0.0459354
0.3125 0.1875 0.0680032
0.3125 0.15625 0.0904645
0.3125 0.125 0.114806
0.34375 0.125 0.0977972
0.34375 0.15625 0.0710758
0.3125 0.15625 0.0904645
0.34375 0.1875 0.0459354
0.34375 0.15625 0.0710758
0.375 0.15625 0.0557185
0.375 0.1875 0.0275138
0.34375 0.1875 0.0459354
0.34375 0.15625 0.0710758
0.34375 0.125 0.0977972
0.375 0.125 0.0848369
0.375 0.15625 0.0557185
0.34375 0.15625 0.0710758
0.25 0.125 0.156721
0.25 0.0625 0.20251
0.3125 0.0625 0.167815
0.3125 0.125 0.114806
0.25 0.125 0.156721
0.25 0.0625 0.20251
0.25 0 0.255061
0.3125 0 0.225162
0.3125 0.0625 0.167815
0.25 0.0625 0.20251
0.3125 0.125 0.114806
0.3125 0.09375 0.140824
0.34375 0.09375 0.125725
0.34375 0.125 0.0977972
0.3125 0.125 0.114806
0.3125 0.09375 0.140824
0.3125 0.0625 0.167815
0.34375 0.0625 0.154331
0.34375 0.09375 0.125725
0.3125 0.09375 0.140824
0.34375 0.125 0.0977972
0.34375 0.09375 0.125725
0.375 0.09375 0.11452
0.375 0.125 0.0848369
0.34375 0.125 0.0977972
0.34375 0.09375 0.125725
0.34375 0.0625 0.154331
0.375 0.0625 0.144532
0.375 0.09375 0.11452
0.34375 0.09375 0.125725
0.3125 0.0625 0.167815
0.3125 0 0.225162
0.375 0 0.205719
0.375 0.0625 0.144532
0.3125 0.0625 0.167815
0.375 0.25 -0.0195258
0.375 0.21875 0.00114616
0.40625 0.21875 -0.014081
0.40625 0.25 -0.0387442
0.375 0.25 -0.0195258
0.375 0.21875 0.00114616
0.375 0.1875 0.0275138
0.40625 0.1875 0.0153942
0.40625 0.21875 -0.014081
0.375 0.21875 0.00114616
0.40625 0.25 -0.0387442
0.40625 0.21875 -0.014081
0.4375 0.21875 -0.017259
0.4375 0.25 -0.0469533
0.40625 0.25 -0.0387442
0.40625 0.21875 -0.014081
0.40625 0.1875 0.0153942
0.4375 0.1875 0.0133728
0.4375 0.21875 -0.017259
0.40625 0.21875 -0.014081
0.375 0.1875 0.0275138
0.375 0.15625 0.0557185
0.40625 0.15625 0.0460754
0.40625 0.1875 0.0153942
0.375 0.1875 0.0275138
0.375 0.15625 0.0557185
0.375 0.125 0.0848369
0.40625 0.125 0.0769306
0.40625 0.15625 0.0460754
0.375 0.15625 0.0557185
0.40625 0.1875 0.0153942
0.40625 0.15625 0.0460754
0.4375 0.15625 0.0445246
0.4375 0.1875 0.0133728
0.40625 0.1875 0.0153942
0.40625 0.15625 0.0460754
0.40625 0.125 0.0769306
0.4375 0.125 0.0756868
0.4375 0.15625 0.0445246
0.40625 0.15625 0.0460754
0.4375 0.25 -0.0469533
0.4375 0.21875 -0.017259
0.46875 0.21875 -0.00862142
0.46875 0.25 -0.0373323
0.4375 0.25 -0.0469533
0.4375 0.21875 -0.017259
0.4375 0.1875 0.0133728
0.46875 0.1875 0.020783
0.46875 0.21875 -0.00862142
0.4375 0.21875 -0.017259
0.46875 0.25 -0.0373323
0.46875 0.21875 -0.00862142
0.5 0.21875 0.003523
0.5 0.25 -0.0247853
0.46875 0.25 -0.0373323
0.46875 0.21875 -0.00862142
0.46875 0.1875 0.020783
0.5 0.1875 0.032159
0.5 0.21875 0.003523
0.46875 0.21875 -0.00862142
0.4375 0.1875 0.0133728
0.4375 0.15625 0.0445246
0.46875 0.15625 0.0507834
0.46875 0.1875 0.020783
0.4375 0.1875 0.0133728
0.4375 0.15625 0.0445246
0.4375 0.125 0.0756868
0.46875 0.125 0.0810427
0.46875 0.15625 0.0507834
0.4375 0.15625 0.0445246
0.46875 0.1875 0.020783
0.46875 0.15625 0.0507834
0.5 0.15625 0.061126
0.5 0.1875 0.032159
0.46875 0.1875 0.020783
0.46875 0.15625 0.0507834
0.46875 0.125 0.0810427
0.5 0.125 0.0903874
0.5 0.15625 0.061126
0.46875 0.15625 0.0507834
0.375 0.125 0.0848369
0.375 0.09375 0.11452
0.40625 0.09375 0.107856
0.40625 0.125 0.0769306
0.375 0.125 0.0848369
0.375 0.09375 0.11452
0.375 0.0625 0.144532
0.40625 0.0625 0.138869
0.40625 0.09375 0.107856
0.375 0.09375 0.11452
0.40625 0.125 0.0769306
0.40625 0.09375 0.107856
0.4375 0.09375 0.106846
0.4375 0.125 0.0756868
0.40625 0.125 0.0769306
0.40625 0.09375 0.107856
0.40625 0.0625 0.138869
0.4375 0.0625 0.138003
0.4375 0.09375 0.106846
0.40625 0.09375 0.107856
0.375 0.0625 0.144532
0.375 0 0.205719
0.4375 0 0.200417
0.4375 0.0625 0.138003
0.375 0.0625 0.144532
0.4375 0.125 0.0756868
0.4375 0.09375 0.106846
0.46875 0.09375 0.111485
0.46875 0.125 0.0810427
0.4375 0.125 0.0756868
0.4375 0.09375 0.106846
0.4375 0.0625 0.138003
0.46875 0.0625 0.142051
0.46875 0.09375 0.111485
0.4375 0.09375 0.106846
0.46875 0.125 0.0810427
0.46875 0.09375 0.111485
0.5 0.09375 0.120001
0.5 0.125 0.0903874
0.46875 0.125 0.0810427
0.46875 0.09375 0.111485
0.46875 0.0625 0.142051
0.5 0.0625 0.149814
0.5 0.09375 0.120001
0.46875 0.09375 0.111485
0.4375 0.0625 0.138003
0.4375 0 0.200417
0.5 0 0.210429
0.5 0.0625 0.149814
0.4375 0.0625 0.138003
0.5 1 0.21125
0.5 0.9375 0.150803
0.5625 0.9375 0.137939
0.5625 1 0.200353
0.5 1 0.21125
0.5 0.9375 0.150803
0.5 0.90625 0.120906
0.53125 0.90625 0.112026
0.53125 0.9375 0.142602
0.5 0.9375 0.150803
0.5 0.90625 0.120906
0.5 0.875 0.0911875
0.53125 0.875 0.0815631
0.53125 0.90625 0.112026
0.5 0.90625 0.120906
0.53125 0.9375 0.142602
0.53125 0.90625 0.112026
0.5625 0.90625 0.106792
0.5625 0.9375 0.137939
0.53125 0.9375 0.142602
0.53125 0.90625 0.112026
0.53125 0.875 0.0815631
0.5625 0.875 0.0756437
0.5625 0.90625 0.106792
0.53125 0.90625 0.112026
0.5625 1 0.200353
0.5625 0.9375 0.137939
0.625 0.9375 0.145476
0.625 1 0.206355
0.5625 1 0.200353
0.5625 0.9375 0.137939
0.5625 0.90625 0.106792
0.59375 0.90625 0.107866
0.59375 0.9375 0.138842
0.5625 0.9375 0.137939
0.5625 0.90625 0.106792
0.5625 0.875 0.0756437
0.59375 0.875 0.0769187
0.59375 0.90625 0.107866
0.5625 0.90625 0.106792
0.59375 0.9375 0.138842
0.59375 0.90625 0.107866
0.625 0.90625 0.115464
0.625 0.9375 0.145476
0.59375 0.9375 0.138842
0.59375 0.90625 0.107866
0.59375 0.875 0.0769187
0.625 0.875 0.0858133
0.625 0.90625 0.115464
0.59375 0.90625 0.107866
0.5 0.875 0.0911875
0.5 0.84375 0.0617046
0.53125 0.84375 0.051246
0.53125 0.875 0.0815631
0.5 0.875 0.0911875
0.5 0.84375 0.0617046
0.5 0.8125 0.032471
0.53125 0.8125 0.0211195
0.53125 0.84375 0.051246
0.5 0.84375 0.0617046
0.53125 0.875 0.0815631
0.53125 0.84375 0.051246
0.5625 0.84375 0.0444987
0.5625 0.875 0.0756437
0.53125 0.875 0.0815631
0.53125 0.84375 0.051246
0.53125 0.8125 0.0211195
0.5625 0.8125 0.0133623
0.5625 0.84375 0.0444987
0.53125 0.84375 0.051246
0.5 0.8125 0.032471
0.5 0.78125 0.00351105
0.53125 0.78125 -0.00856261
0.53125 0.8125 0.0211195
0.5 0.8125 0.032471
0.5 0.78125 0.00351105
0.5 0.75 -0.0248463
0.53125 0.75 -0.0374578
0.53125 0.78125 -0.00856261
0.5 0.78125 0.00351105
0.53125 0.8125 0.0211195
0.53125 0.78125 -0.00856261
0.5625 0.78125 -0.0174266
0.5625 0.8125 0.0133623
0.53125 0.8125 0.0211195
0.53125 0.78125 -0.00856261
0.53125 0.75 -0.0374578
0.5625 0.75 -0.0476114
0.5625 0.78125 -0.0174266
0.53125 0.78125 -0.00856261
0.5625 0.875 0.0756437
0.5625 0.84375 0.0444987
0.59375 0.84375 0.0460444
0.59375 0.875 0.0769187
0.5625 0.875 0.0756437
0.5625 0.84375 0.0444987
0.5625 0.8125 0.0133623
0.59375 0.8125 0.0152743
0.59375 0.84375 0.0460444
0.5625 0.84375 0.0444987
0.59375 0.875 0.0769187
0.59375 0.84375 0.0460444
0.625 0.84375 0.0566685
0.625 0.875 0.0858133
0.59375 0.875 0.0769187
0.59375 0.84375 0.0460444
0.59375 0.8125 0.0152743
0.625 0.8125 0.0282898
0.625 0.84375 0.0566685
0.59375 0.84375 0.0460444
0.5625 0.8125 0.0133623
0.5625 0.78125 -0.0174266
0.59375 0.78125 -0.0146283
0.59375 0.8125 0.0152743
0.5625 0.8125 0.0133623
0.5625 0.78125 -0.0174266
0.5625 0.75 -0.0476114
0.59375 0.75 -0.0416815
0.59375 0.78125 -0.0146283
0.5625 0.78125 -0.0174266
0.59375 0.8125 0.0152743
0.59375 0.78125 -0.0146283
0.625 0.78125 0.00112362
0.625 0.8125 0.0282898
0.59375 0.8125 0.0152743
0.59375 0.78125 -0.0146283
0.59375 0.75 -0.0416815
0.625 0.75 -0.0214447
0.625 0.78125 0.00112362
0.59375 0.78125 -0.0146283
0.625 1 0.206355
0.625 0.9375 0.145476
0.6875 0.9375 0.172048
0.6875 1 0.228179
0.625 1 0.206355
0.625 0.9375 0.145476
0.625 0.90625 0.115464
0.65625 0.90625 0.12845
0.65625 0.9375 0.156945
0.625 0.9375 0.145476
0.625 0.90625 0.115464
0.625 0.875 0.0858133
0.65625 0.875 0.100639
0.65625 0.90625 0.12845
0.625 0.90625 0.115464
0.65625 0.9375 0.156945
0.65625 0.90625 0.12845
0.6875 0.90625 0.145145
0.6875 0.9375 0.172048
0.65625 0.9375 0.156945
0.65625 0.90625 0.12845
0.65625 0.875 0.100639
0.6875 0.875 0.119148
0.6875 0.90625 0.145145
0.65625 0.90625 0.12845
0.6875 1 0.228179
0.6875 0.9375 0.172048
0.75 0.9375 0.210556
0.75 1 0.261164
0.6875 1 0.228179
0.6875 0.9375 0.172048
0.6875 0.875 0.119148
0.75 0.875 0.162698
0.75 0.9375 0.210556
0.6875 0.9375 0.172048
0.625 0.875 0.0858133
0.625 0.84375 0.0566685
0.65625 0.84375 0.0737623
0.65625 0.875 0.100639
0.625 0.875 0.0858133
0.625 0.84375 0.0566685
0.625 0.8125 0.0282898
0.65625 0.8125 0.0481932
0.65625 0.84375 0.0737623
0.625 0.84375 0.0566685
0.65625 0.875 0.100639
0.65625 0.84375 0.0737623
0.6875 0.84375 0.0943586
0.6875 0.875 0.119148
0.65625 0.875 0.100639
0.65625 0.84375 0.0737623
0.65625 0.8125 0.0481932
0.6875 0.8125 0.071087
0.6875 0.84375 0.0943586
0.65625 0.84375 0.0737623
0.625 0.8125 0.0282898
0.625 0.78125 0.00112362
0.65625 0.78125 0.0244915
0.65625 0.8125 0.0481932
0.625 0.8125 0.0282898
0.625 0.78125 0.00112362
0.625 0.75 -0.0214447
0.65625 0.75 0.00350506
0.65625 0.78125 0.0244915
0.625 0.78125 0.00112362
0.65625 0.8125 0.0481932
0.65625 0.78125 0.0244915
0.6875 0.78125 0.0497532
0.6875 0.8125 0.071087
0.65625 0.8125 0.0481932
0.65625 0.78125 0.0244915
0.65625 0.75 0.00350506
0.6875 0.75 0.0308098
0.6875 0.78125 0.0497532
0.65625 0.78125 0.0244915
0.6875 0.875 0.119148
0.6875 0.84375 0.0943586
0.71875 0.84375 0.117089
0.71875 0.875 0.140173
0.6875 0.875 0.119148
0.6875 0.84375 0.0943586
0.6875 0.8125 0.071087
0.71875 0.8125 0.0955913
0.71875 0.84375 0.117089
0.6875 0.84375 0.0943586
0.71875 0.875 0.140173
0.71875 0.84375 0.117089
0.75 0.84375 0.141123
0.75 0.875 0.162698
0.71875 0.875 0.140173
0.71875 0.84375 0.117089
0.71875 0.8125 0.0955913
0.75 0.8125 0.121069
0.75 0.84375 0.141123
0.71875 0.84375 0.117089
0.6875 0.8125 0.071087
0.6875 0.78125 0.0497532
0.71875 0.78125 0.0759326
0.71875 0.8125 0.0955913
0.6875 0.8125 0.071087
0.6875 0.78125 0.0497532
0.6875 0.75 0.0308098
0.71875 0.75 0.0582949
0.71875 0.78125 0.0759326
0.6875 0.78125 0.0497532
0.71875 0.8125 0.0955913
0.71875 0.78125 0.0759326
0.75 0.78125 0.102654
0.75 0.8125 0.121069
0.71875 0.8125 0.0955913
0.71875 0.78125 0.0759326
0.71875 0.75 0.0582949
0.75 0.75 0.0859153
0.75 0.78125 0.102654
0.71875 0.78125 0.0759326
0.5 0.75 -0.0248463
0.5 0.71875 -0.0530886
0.53125 0.71875 -0.0660878
0.53125 0.75 -0.0374578
0.5 0.75 -0.0248463
0.5 0.71875 -0.0530886
0.5 0.6875 -0.0812751
0.53125 0.6875 -0.0945229
0.53125 0.71875 -0.0660878
0.5 0.71875 -0.0530886
0.53125 0.75 -0.0374578
0.53125 0.71875 -0.0660878
0.5625 0.71875 -0.0773301
0.5625 0.75 -0.0476114
0.53125 0.75 -0.0374578
0.53125 0.71875 -0.0660878
0.53125 0.6875 -0.0945229
0.5625 0.6875 -0.10367
0.5625 0.71875 -0.0773301
0.53125 0.71875 -0.0660878
0.5 0.6875 -0.0812751
0.5 0.65625 -0.109432
0.53125 0.65625 -0.122846
0.53125 0.6875 -0.0945229
0.5 0.6875 -0.0812751
0.5 0.65625 -0.109432
0.5 0.625 -0.137561
0.53125 0.625 -0.151077
0.53125 0.65625 -0.122846
0.5 0.65625 -0.109432
0.53125 0.6875 -0.0945229
0.53125 0.65625 -0.122846
0.5625 0.65625 -0.123354
0.5625 0.6875 -0.10367
0.53125 0.6875 -0.0945229
0.53125 0.65625 -0.122846
0.53125 0.625 -0.151077
0.5625 0.625 -0.138602
0.5625 0.65625 -0.123354
0.53125 0.65625 -0.122846
0.5625 0.75 -0.0476114
0.5625 0.71875 -0.0773301
0.59375 0.71875 -0.0642496
0.59375 0.75 -0.0416815
0.5625 0.75 -0.0476114
0.5625 0.71875 -0.0773301
0.5625 0.6875 -0.10367
0.59375 0.6875 -0.0818592
0.59375 0.71875 -0.0642496
0.5625 0.71875 -0.0773301
0.59375 0.75 -0.0416815
0.59375 0.71875 -0.0642496
0.625 0.71875 -0.0394858
0.625 0.75 -0.0214447
0.59375 0.75 -0.0416815
0.59375 0.71875 -0.0642496
0.59375 0.6875 -0.0818592
0.625 0.6875 -0.0548524
0.625 0.71875 -0.0394858
0.59375 0.71875 -0.0642496
0.5625 0.6875 -0.10367
0.5625 0.65625 -0.123354
0.59375 0.65625 -0.0968163
0.59375 0.6875 -0.0818592
0.5625 0.6875 -0.10367
0.5625 0.65625 -0.123354
0.5625 0.625 -0.138602
0.59375 0.625 -0.110861
0.59375 0.65625 -0.0968163
0.5625 0.65625 -0.123354
0.59375 0.6875 -0.0818592
0.59375 0.65625 -0.0968163
0.625 0.65625 -0.0690334
0.625 0.6875 -0.0548524
0.59375 0.6875 -0.0818592
0.59375 0.65625 -0.0968163
0.59375 0.625 -0.110861
0.625 0.625 -0.0828502
0.625 0.65625 -0.0690334
0.59375 0.65625 -0.0968163
0.5 0.625 -0.137561
0.5 0.5625 -0.193804
0.5625 0.5625 -0.16645
0.5625 0.625 -0.138602
0.5 0.625 -0.137561
0.5 0.5625 -0.193804
0.5 0.5 -0.230769
0.5625 0.5 -0.186649
0.5625 0.5625 -0.16645
0.5 0.5625 -0.193804
0.5625 0.625 -0.138602
0.5625 0.59375 -0.15265
0.59375 0.59375 -0.124641
0.59375 0.625 -0.110861
0.5625 0.625 -0.138602
0.5625 0.59375 -0.15265
0.5625 0.5625 -0.16645
0.59375 0.5625 -0.138351
0.59375 0.59375 -0.124641
0.5625 0.59375 -0.15265
0.59375 0.625 -0.110861
0.59375 0.59375 -0.124641
0.625 0.59375 -0.0965673
0.625 0.625 -0.0828502
0.59375 0.625 -0.110861
0.59375 0.59375 -0.124641
0.59375 0.5625 -0.138351
0.625 0.5625 -0.110253
0.625 0.59375 -0.0965673
0.59375 0.59375 -0.124641
0.5625 0.5625 -0.16645
0.5625 0.5 -0.186649
0.625 0.5 -0.137515
0.625 0.5625 -0.110253
0.5625 0.5625 -0.16645
0.625 0.75 -0.0214447
0.625 0.71875 -0.0394858
0.65625 0.71875 -0.0126722
0.65625 0.75 0.00350506
0.625 0.75 -0.0214447
0.625 0.71875 -0.0394858
0.625 0.6875 -0.0548524
0.65625 0.6875 -0.0271859
0.65625 0.71875 -0.0126722
0.625 0.71875 -0.0394858
0.65625 0.75 0.00350506
0.65625 0.71875 -0.0126722
0.6875 0.71875 0.0149439
0.6875 0.75 0.0308098
0.65625 0.75 0.00350506
0.65625 0.71875 -0.0126722
0.65625 0.6875 -0.0271859
0.6875 0.6875 0.000736336
0.6875 0.71875 0.0149439
0.65625 0.71875 -0.0126722
0.625 0.6875 -0.0548524
0.625 0.65625 -0.0690334
0.65625 0.65625 -0.0410552
0.65625 0.6875 -0.0271859
0.625 0.6875 -0.0548524
0.625 0.65625 -0.0690334
0.625 0.625 -0.0828502
0.65625 0.625 -0.054785
0.65625 0.65625 -0.0410552
0.625 0.65625 -0.0690334
0.65625 0.6875 -0.0271859
0.65625 0.65625 -0.0410552
0.6875 0.65625 -0.0130005
0.6875 0.6875 0.000736336
0.65625 0.6875 -0.0271859
0.65625 0.65625 -0.0410552
0.65625 0.625 -0.054785
0.6875 0.625 -0.0266988
0.6875 0.65625 -0.0130005
0.65625 0.65625 -0.0410552
0.6875 0.75 0.0308098
0.6875 0.71875 0.0149439
0.71875 0.71875 0.0429124
0.71875 0.75 0.0582949
0.6875 0.75 0.0308098
0.6875 0.71875 0.0149439
0.6875 0.6875 0.000736336
0.71875 0.6875 0.0288162
0.71875 0.71875 0.0429124
0.6875 0.71875 0.0149439
0.71875 0.75 0.0582949
0.71875 0.71875 0.0429124
0.75 0.71875 0.0709042
0.75 0.75 0.0859153
0.71875 0.75 0.0582949
0.71875 0.71875 0.0429124
0.71875 0.6875 0.0288162
0.75 0.6875 0.0569006
0.75 0.71875 0.0709042
0.71875 0.71875 0.0429124
0.6875 0.6875 0.000736336
0.6875 0.65625 -0.0130005
0.71875 0.65625 0.0150871
0.71875 0.6875 0.0288162
0.6875 0.6875 0.000736336
0.6875 0.65625 -0.0130005
0.6875 0.625 -0.0266988
0.71875 0.625 0.00139681
0.71875 0.65625 0.0150871
0.6875 0.65625 -0.0130005
0.71875 0.6875 0.0288162
0.71875 0.65625 0.0150871
0.75 0.65625 0.0431824
0.75 0.6875 0.0569006
0.71875 0.6875 0.0288162
0.71875 0.65625 0.0150871
0.71875 0.625 0.00139681
0.75 0.625 0.0294997
0.75 0.65625 0.0431824
0.71875 0.65625 0.0150871
0.625 0.625 -0.0828502
0.625 0.59375 -0.0965673
0.65625 0.59375 -0.0684772
0.65625 0.625 -0.054785
0.625 0.625 -0.0828502
0.625 0.59375 -0.0965673
0.625 0.5625 -0.110253
0.65625 0.5625 -0.0821504
0.65625 0.59375 -0.0684772
0.625 0.59375 -0.0965673
0.65625 0.625 -0.054785
0.65625 0.59375 -0.0684772
0.6875 0.59375 -0.0403795
0.6875 0.625 -0.0266988
0.65625 0.625 -0.054785
0.65625 0.59375 -0.0684772
0.65625 0.5625 -0.0821504
0.6875 0.5625 -0.0540442
0.6875 0.59375 -0.0403795
0.65625 0.59375 -0.0684772
0.625 0.5625 -0.110253
0.625 0.53125 -0.123911
0.65625 0.53125 -0.0957934
0.65625 0.5625 -0.0821504
0.625 0.5625 -0.110253
0.625 0.53125 -0.123911
0.625 0.5 -0.137515
0.65625 0.5 -0.109352
0.65625 0.53125 -0.0957934
0.625 0.53125 -0.123911
0.65625 0.5625 -0.0821504
0.65625 0.53125 -0.0957934
0.6875 0.53125 -0.0676667
0.6875 0.5625 -0.0540442
0.65625 0.5625 -0.0821504
0.65625 0.53125 -0.0957934
0.65625 0.5 -0.109352
0.6875 0.5 -0.0811597
0.6875 0.53125 -0.0676667
0.65625 0.53125 -0.0957934
0.6875 0.625 -0.0266988
0.6875 0.59375 -0.0403795
0.71875 0.59375 -0.0122769
0.71875 0.625 0.00139681
0.6875 0.625 -0.0266988
0.6875 0.59375 -0.0403795
0.6875 0.5625 -0.0540442
0.71875 0.5625 -0.0259345
0.71875 0.59375 -0.0122769
0.6875 0.59375 -0.0403795
0.71875 0.625 0.00139681
0.71875 0.59375 -0.0122769
0.75 0.59375 0.0158326
0.75 0.625 0.0294997
0.71875 0.625 0.00139681
0.71875 0.59375 -0.0122769
0.71875 0.5625 -0.0259345
0.75 0.5625 0.00218197
0.75 0.59375 0.0158326
0.71875 0.59375 -0.0122769
0.6875 0.5625 -0.0540442
0.6875 0.53125 -0.0676667
0.71875 0.53125 -0.0395232
0.71875 0.5625 -0.0259345
0.6875 0.5625 -0.0540442
0.6875 0.53125 -0.0676667
0.6875 0.5 -0.0811597
0.71875 0.5 -0.0529153
0.71875 0.53125 -0.0395232
0.6875 0.53125 -0.0676667
0.71875 0.5625 -0.0259345
0.71875 0.53125 -0.0395232
0.75 0.53125 -0.0113513
0.75 0.5625 0.00218197
0.71875 0.5625 -0.0259345
0.71875 0.53125 -0.0395232
0.71875 0.5 -0.0529153
0.75 0.5 -0.0245961
0.75 0.53125 -0.0113513
0.71875 0.53125 -0.0395232
0.75 1 0.261164
0.75 0.9375 0.210556
0.8125 0.9375 0.255583
0.8125 1 0.30157
0.75 1 0.261164
0.75 0.9375 0.210556
0.75 0.875 0.162698
0.8125 0.875 0.21245
0.8125 0.9375 0.255583
0.75 0.9375 0.210556
0.8125 1 0.30157
0.8125 0.9375 0.255583
0.875 0.9375 0.303581
0.875 1 0.345757
0.8125 1 0.30157
0.8125 0.9375 0.255583
0.8125 0.875 0.21245
0.875 0.875 0.264101
0.875 0.9375 0.303581
0.8125 0.9375 0.255583
0.75 0.875 0.162698
0.75 0.8125 0.121069
0.8125 0.8125 0.173748
0.8125 0.875 0.21245
0.75 0.875 0.162698
0.75 0.8125 0.121069
0.75 0.78125 0.102654
0.78125 0.78125 0.129724
0.78125 0.8125 0.147215
0.75 0.8125 0.121069
0.75 0.78125 0.102654
0.75 0.75 0.0859153
0.78125 0.75 0.113644
0.78125 0.78125 0.129724
0.75 0.78125 0.102654
0.78125 0.8125 0.147215
0.78125 0.78125 0.129724
0.8125 0.78125 0.157
0.8125 0.8125 0.173748
0.78125 0.8125 0.147215
0.78125 0.78125 0.129724
0.78125 0.75 0.113644
0.8125 0.75 0.141446
0.8125 0.78125 0.157
0.78125 0.78125 0.129724
0.8125 0.875 0.21245
0.8125 0.8125 0.173748
0.875 0.8125 0.228467
0.875 0.875 0.264101
0.8125 0.875 0.21245
0.8125 0.8125 0.173748
0.8125 0.75 0.141446
0.875 0.75 0.197447
0.875 0.8125 0.228467
0.8125 0.8125 0.173748
0.875 1 0.345757
0.875 0.875 0.264101
1 0.875 0.37419
1 1 0.447203
0.875 1 0.345757
0.875 0.875 0.264101
0.875 0.75 0.197447
1 0.75 0.310398
1 0.875 0.37419
0.875 0.875 0.264101
0.75 0.75 0.0859153
0.75 0.71875 0.0709042
0.78125 0.71875 0.0989158
0.78125 0.75 0.113644
0.75 0.75 0.0859153
0.75 0.71875 0.0709042
0.75 0.6875 0.0569006
0.78125 0.6875 0.0849906
0.78125 0.71875 0.0989158
0.75 0.71875 0.0709042
0.78125 0.75 0.113644
0.78125 0.71875 0.0989158
0.8125 0.71875 0.126951
0.8125 0.75 0.141446
0.78125 0.75 0.113644
0.78125 0.71875 0.0989158
0.78125 0.6875 0.0849906
0.8125 0.6875 0.11309
0.8125 0.71875 0.126951
0.78125 0.71875 0.0989158
0.75 0.6875 0.0569006
0.75 0.65625 0.0431824
0.78125 0.65625 0.0712865
0.78125 0.6875 0.0849906
0.75 0.6875 0.0569006
0.75 0.65625 0.0431824
0.75 0.625 0.0294997
0.78125 0.625 0.0576161
0.78125 0.65625 0.0712865
0.75 0.65625 0.0431824
0.78125 0.6875 0.0849906
0.78125 0.65625 0.0712865
0.8125 0.65625 0.0994051
0.8125 0.6875 0.11309
0.78125 0.6875 0.0849906
0.78125 0.65625 0.0712865
0.78125 0.625 0.0576161
0.8125 0.625 0.0857641
0.8125 0.65625 0.0994051
0.78125 0.65625 0.0712865
0.8125 0.75 0.141446
0.8125 0.6875 0.11309
0.875 0.6875 0.169354
0.875 0.75 0.197447
0.8125 0.75 0.141446
0.8125 0.6875 0.11309
0.8125 0.65625 0.0994051
0.84375 0.65625 0.127552
0.84375 0.6875 0.141207
0.8125 0.6875 0.11309
0.8125 0.65625 0.0994051
0.8125 0.625 0.0857641
0.84375 0.625 0.113972
0.84375 0.65625 0.127552
0.8125 0.65625 0.0994051
0.84375 0.6875 0.141207
0.84375 0.65625 0.127552
0.875 0.65625 0.155749
0.875 0.6875 0.169354
0.84375 0.6875 0.141207
0.84375 0.65625 0.127552
0.84375 0.625 0.113972
0.875 0.625 0.142269
0.875 0.65625 0.155749
0.84375 0.65625 0.127552
0.75 0.625 0.0294997
0.75 0.59375 0.0158326
0.78125 0.59375 0.0439757
0.78125 0.625 0.0576161
0.75 0.625 0.0294997
0.75 0.59375 0.0158326
0.75 0.5625 0.00218197
0.78125 0.5625 0.0303964
0.78125 0.59375 0.0439757
0.75 0.59375 0.0158326
0.78125 0.625 0.0576161
0.78125 0.59375 0.0439757
0.8125 0.59375 0.0721906
0.8125 0.625 0.0857641
0.78125 0.625 0.0576161
0.78125 0.59375 0.0439757
0.78125 0.5625 0.0303964
0.8125 0.5625 0.0587607
0.8125 0.59375 0.0721906
0.78125 0.59375 0.0439757
0.75 0.5625 0.00218197
0.75 0.53125 -0.0113513
0.78125 0.53125 0.0169821
0.78125 0.5625 0.0303964
0.75 0.5625 0.00218197
0.75 0.53125 -0.0113513
0.75 0.5 -0.0245961
0.78125 0.5 0.00389371
0.78125 0.53125 0.0169821
0.75 0.53125 -0.0113513
0.78125 0.5625 0.0303964
0.78125 0.53125 0.0169821
0.8125 0.53125 0.0456498
0.8125 0.5625 0.0587607
0.78125 0.5625 0.0303964
0.78125 0.53125 0.0169821
0.78125 0.5 0.00389371
0.8125 0.5 0.0332468
0.8125 0.53125 0.0456498
0.78125 0.53125 0.0169821
0.8125 0.625 0.0857641
0.8125 0.59375 0.0721906
0.84375 0.59375 0.100523
0.84375 0.625 0.113972
0.8125 0.625 0.0857641
0.8125 0.59375 0.0721906
0.8125 0.5625 0.0587607
0.84375 0.5625 0.0873415
0.84375 0.59375 0.100523
0.8125 0.59375 0.0721906
0.84375 0.625 0.113972
0.84375 0.59375 0.100523
0.875 0.59375 0.129012
0.875 0.625 0.142269
0.84375 0.625 0.113972
0.84375 0.59375 0.100523
0.84375 0.5625 0.0873415
0.875 0.5625 0.116155
0.875 0.59375 0.129012
0.84375 0.59375 0.100523
0.8125 0.5625 0.0587607
0.8125 0.53125 0.0456498
0.84375 0.53125 0.074692
0.84375 0.5625 0.0873415
0.8125 0.5625 0.0587607
0.8125 0.53125 0.0456498
0.8125 0.5 0.0332468
0.84375 0.5 0.063027
0.84375 0.53125 0.074692
0.8125 0.53125 0.0456498
0.84375 0.5625 0.0873415
0.84375 0.53125 0.074692
0.875 0.53125 0.104017
0.875 0.5625 0.116155
0.84375 0.5625 0.0873415
0.84375 0.53125 0.074692
0.84375 0.5 0.063027
0.875 0.5 0.0930618
0.875 0.53125 0.104017
0.84375 0.53125 0.074692
0.875 0.75 0.197447
0.875 0.6875 0.169354
0.9375 0.6875 0.226009
0.9375 0.75 0.253669
0.875 0.75 0.197447
0.875 0.6875 0.169354
0.875 0.625 0.142269
0.9375 0.625 0.199565
0.9375 0.6875 0.226009
0.875 0.6875 0.169354
0.9375 0.75 0.253669
0.9375 0.6875 0.226009
1 0.6875 0.283421
1 0.75 0.310398
0.9375 0.75 0.253669
0.9375 0.6875 0.226009
0.9375 0.625 0.199565
1 0.625 0.25798
1 0.6875 0.283421
0.9375 0.6875 0.226009
0.875 0.625 0.142269
0.875 0.5625 0.116155
0.9375 0.5625 0.174855
0.9375 0.625 0.199565
0.875 0.625 0.142269
0.875 0.5625 0.116155
0.875 0.5 0.0930618
0.9375 0.5 0.153529
0.9375 0.5625 0.174855
0.875 0.5625 0.116155
0.9375 0.625 0.199565
0.9375 0.5625 0.174855
1 0.5625 0.234743
1 0.625 0.25798
0.9375 0.625 0.199565
0.9375 0.5625 0.174855
0.9375 0.5 0.153529
1 0.5 0.215193
1 0.5625 0.234743
0.9375 0.5625 0.174855
0.5 0.5 -0.230769
0.5 0.4375 -0.193689
0.5625 0.4375 -0.165636
0.5625 0.5 -0.186649
0.5 0.5 -0.230769
0.5 0.4375 -0.193689
0.5 0.375 -0.137507
0.5625 0.375 -0.110198
0.5625 0.4375 -0.165636
0.5 0.4375 -0.193689
0.5625 0.5 -0.186649
0.5625 0.4375 -0.165636
0.625 0.4375 -0.135228
0.625 0.5 -0.137515
0.5625 0.5 -0.186649
0.5625 0.4375 -0.165636
0.5625 0.40625 -0.138129
0.59375 0.40625 -0.124215
0.59375 0.4375 -0.151015
0.5625 0.4375 -0.165636
0.5625 0.40625 -0.138129
0.5625 0.375 -0.110198
0.59375 0.375 -0.0964378
0.59375 0.40625 -0.124215
0.5625 0.40625 -0.138129
0.59375 0.4375 -0.151015
0.59375 0.40625 -0.124215
0.625 0.40625 -0.109903
0.625 0.4375 -0.135228
0.59375 0.4375 -0.151015
0.59375 0.40625 -0.124215
0.59375 0.375 -0.0964378
0.625 0.375 -0.0825637
0.625 0.40625 -0.109903
0.59375 0.40625 -0.124215
0.5 0.375 -0.137507
0.5 0.34375 -0.10937
0.53125 0.34375 -0.0958024
0.53125 0.375 -0.123896
0.5 0.375 -0.137507
0.5 0.34375 -0.10937
0.5 0.3125 -0.0812073
0.53125 0.3125 -0.0676909
0.53125 0.34375 -0.0958024
0.5 0.34375 -0.10937
0.53125 0.375 -0.123896
0.53125 0.34375 -0.0958024
0.5625 0.34375 -0.0821418
0.5625 0.375 -0.110198
0.53125 0.375 -0.123896
0.53125 0.34375 -0.0958024
0.53125 0.3125 -0.0676909
0.5625 0.3125 -0.0540514
0.5625 0.34375 -0.0821418
0.53125 0.34375 -0.0958024
0.5 0.3125 -0.0812073
0.5 0.28125 -0.0530163
0.53125 0.28125 -0.0395704
0.53125 0.3125 -0.0676909
0.5 0.3125 -0.0812073
0.5 0.28125 -0.0530163
0.5 0.25 -0.0247853
0.53125 0.25 -0.0114383
0.53125 0.28125 -0.0395704
0.5 0.28125 -0.0530163
0.53125 0.3125 -0.0676909
0.53125 0.28125 -0.0395704
0.5625 0.28125 -0.0259514
0.5625 0.3125 -0.0540514
0.53125 0.3125 -0.0676909
0.53125 0.28125 -0.0395704
0.53125 0.25 -0.0114383
0.5625 0.25 0.00215321
0.5625 0.28125 -0.0259514
0.53125 0.28125 -0.0395704
0.5625 0.375 -0.110198
0.5625 0.34375 -0.0821418
0.59375 0.34375 -0.0684416
0.59375 0.375 -0.0964378
0.5625 0.375 -0.110198
0.5625 0.34375 -0.0821418
0.5625 0.3125 -0.0540514
0.59375 0.3125 -0.0403771
0.59375 0.34375 -0.0684416
0.5625 0.34375 -0.0821418
0.59375 0.375 -0.0964378
0.59375 0.34375 -0.0684416
0.625 0.34375 -0.0547078
0.625 0.375 -0.0825637
0.59375 0.375 -0.0964378
0.59375 0.34375 -0.0684416
0.59375 0.3125 -0.0403771
0.625 0.3125 -0.0266908
0.625 0.34375 -0.0547078
0.59375 0.34375 -0.0684416
0.5625 0.3125 -0.0540514
0.5625 0.28125 -0.0259514
0.59375 0.28125 -0.0122837
0.59375 0.3125 -0.0403771
0.5625 0.3125 -0.0540514
0.5625 0.28125 -0.0259514
0.5625 0.25 0.00215321
0.59375 0.25 0.0158158
0.59375 0.28125 -0.0122837
0.5625 0.28125 -0.0259514
0.59375 0.3125 -0.0403771
0.59375 0.28125 -0.0122837
0.625 0.28125 0.00139608
0.625 0.3125 -0.0266908
0.59375 0.3125 -0.0403771
0.59375 0.28125 -0.0122837
0.59375 0.25 0.0158158
0.625 0.25 0.0294905
0.625 0.28125 0.00139608
0.59375 0.28125 -0.0122837
0.625 0.5 -0.137515
0.625 0.46875 -0.148286
0.65625 0.46875 -0.122471
0.65625 0.5 -0.109352
0.625 0.5 -0.137515
0.625 0.46875 -0.148286
0.625 0.4375 -0.135228
0.65625 0.4375 -0.117436
0.65625 0.46875 -0.122471
0.625 0.46875 -0.148286
0.65625 0.5 -0.109352
0.65625 0.46875 -0.122471
0.6875 0.46875 -0.0942475
0.6875 0.5 -0.0811597
0.65625 0.5 -0.109352
0.65625 0.46875 -0.122471
0.65625 0.4375 -0.117436
0.6875 0.4375 -0.0965156
0.6875 0.46875 -0.0942475
0.65625 0.46875 -0.122471
0.625 0.4375 -0.135228
0.625 0.40625 -0.109903
0.65625 0.40625 -0.0948924
0.65625 0.4375 -0.117436
0.625 0.4375 -0.135228
0.625 0.40625 -0.109903
0.625 0.375 -0.0825637
0.65625 0.375 -0.068428
0.65625 0.40625 -0.0948924
0.625 0.40625 -0.109903
0.65625 0.4375 -0.117436
0.65625 0.40625 -0.0948924
0.6875 0.40625 -0.0784126
0.6875 0.4375 -0.0965156
0.65625 0.4375 -0.117436
0.65625 0.40625 -0.0948924
0.65625 0.375 -0.068428
0.6875 0.375 -0.0537106
0.6875 0.40625 -0.0784126
0.65625 0.40625 -0.0948924
0.6875 0.5 -0.0811597
0.6875 0.46875 -0.0942475
0.71875 0.46875 -0.0656747
0.71875 0.5 -0.0529153
0.6875 0.5 -0.0811597
0.6875 0.46875 -0.0942475
0.6875 0.4375 -0.0965156
0.71875 0.4375 -0.0722991
0.71875 0.46875 -0.0656747
0.6875 0.46875 -0.0942475
0.71875 0.5 -0.0529153
0.71875 0.46875 -0.0656747
0.75 0.46875 -0.0369076
0.75 0.5 -0.0245961
0.71875 0.5 -0.0529153
0.71875 0.46875 -0.0656747
0.71875 0.4375 -0.0722991
0.75 0.4375 -0.0451555
0.75 0.46875 -0.0369076
0.71875 0.46875 -0.0656747
0.6875 0.4375 -0.0965156
0.6875 0.40625 -0.0784126
0.71875 0.40625 -0.0594259
0.71875 0.4375 -0.0722991
0.6875 0.4375 -0.0965156
0.6875 0.40625 -0.0784126
0.6875 0.375 -0.0537106
0.71875 0.375 -0.0378083
0.71875 0.40625 -0.0594259
0.6875 0.40625 -0.0784126
0.71875 0.4375 -0.0722991
0.71875 0.40625 -0.0594259
0.75 0.40625 -0.0371718
0.75 0.4375 -0.0451555
0.71875 0.4375 -0.0722991
0.71875 0.40625 -0.0594259
0.71875 0.375 -0.0378083
0.75 0.375 -0.0202248
0.75 0.40625 -0.0371718
0.71875 0.40625 -0.0594259
0.625 0.375 -0.0825637
0.625 0.34375 -0.0547078
0.65625 0.34375 -0.0408962
0.65625 0.375 -0.068428
0.625 0.375 -0.0825637
0.625 0.34375 -0.0547078
0.625 0.3125 -0.0266908
0.65625 0.3125 -0.0129906
0.65625 0.34375 -0.0408962
0.625 0.34375 -0.0547078
0.65625 0.375 -0.068428
0.65625 0.34375 -0.0408962
0.6875 0.34375 -0.0269225
0.6875 0.375 -0.0537106
0.65625 0.375 -0.068428
0.65625 0.34375 -0.0408962
0.65625 0.3125 -0.0129906
0.6875 0.3125 0.000759834
0.6875 0.34375 -0.0269225
0.65625 0.34375 -0.0408962
0.625 0.3125 -0.0266908
0.625 0.28125 0.00139608
0.65625 0.28125 0.0150893
0.65625 0.3125 -0.0129906
0.625 0.3125 -0.0266908
0.625 0.28125 0.00139608
0.625 0.25 0.0294905
0.65625 0.25 0.0431778
0.65625 0.28125 0.0150893
0.625 0.28125 0.00139608
0.65625 0.3125 -0.0129906
0.65625 0.28125 0.0150893
0.6875 0.28125 0.0288175
0.6875 0.3125 0.000759834
0.65625 0.3125 -0.0129906
0.65625 0.28125 0.0150893
0.65625 0.25 0.0431778
0.6875 0.25 0.0568888
0.6875 0.28125 0.0288175
0.65625 0.28125 0.0150893
0.6875 0.375 -0.0537106
0.6875 0.34375 -0.0269225
0.71875 0.34375 -0.0125668
0.71875 0.375 -0.0378083
0.6875 0.375 -0.0537106
0.6875 0.34375 -0.0269225
0.6875 0.3125 0.000759834
0.71875 0.3125 0.0149381
0.71875 0.34375 -0.0125668
0.6875 0.34375 -0.0269225
0.71875 0.375 -0.0378083
0.71875 0.34375 -0.0125668
0.75 0.34375 0.0033478
0.75 0.375 -0.0202248
0.71875 0.375 -0.0378083
0.71875 0.34375 -0.0125668
0.71875 0.3125 0.0149381
0.75 0.3125 0.0301222
0.75 0.34375 0.0033478
0.71875 0.34375 -0.0125668
0.6875 0.3125 0.000759834
0.6875 0.28125 0.0288175
0.71875 0.28125 0.04278
0.71875 0.3125 0.0149381
0.6875 0.3125 0.000759834
0.6875 0.28125 0.0288175
0.6875 0.25 0.0568888
0.71875 0.25 0.0707339
0.71875 0.28125 0.04278
0.6875 0.28125 0.0288175
0.71875 0.3125 0.0149381
0.71875 0.28125 0.04278
0.75 0.28125 0.0574003
0.75 0.3125 0.0301222
0.71875 0.3125 0.0149381
0.71875 0.28125 0.04278
0.71875 0.25 0.0707339
0.75 0.25 0.0849994
0.75 0.28125 0.0574003
0.71875 0.28125 0.04278
0.5 0.25 -0.0247853
0.5 0.21875 0.003523
0.53125 0.21875 0.0167531
0.53125 0.25 -0.0114383
0.5 0.25 -0.0247853
0.5 0.21875 0.003523
0.5 0.1875 0.032159
0.53125 0.1875 0.0450504
0.53125 0.21875 0.0167531
0.5 0.21875 0.003523
0.53125 0.25 -0.0114383
0.53125 0.21875 0.0167531
0.5625 0.21875 0.0302833
0.5625 0.25 0.00215321
0.53125 0.25 -0.0114383
0.53125 0.21875 0.0167531
0.53125 0.1875 0.0450504
0.5625 0.1875 0.0584502
0.5625 0.21875 0.0302833
0.53125 0.21875 0.0167531
0.5 0.1875 0.032159
0.5 0.15625 0.061126
0.53125 0.15625 0.0734942
0.53125 0.1875 0.0450504
0.5 0.1875 0.032159
0.5 0.15625 0.061126
0.5 0.125 0.0903874
0.53125 0.125 0.102122
0.53125 0.15625 0.0734942
0.5 0.15625 0.061126
0.53125 0.1875 0.0450504
0.53125 0.15625 0.0734942
0.5625 0.15625 0.0866765
0.5625 0.1875 0.0584502
0.53125 0.1875 0.0450504
0.53125 0.15625 0.0734942
0.53125 0.125 0.102122
0.5625 0.125 0.114991
0.5625 0.15625 0.0866765
0.53125 0.15625 0.0734942
0.5625 0.25 0.00215321
0.5625 0.21875 0.0302833
0.59375 0.21875 0.0439222
0.59375 0.25 0.0158158
0.5625 0.25 0.00215321
0.5625 0.21875 0.0302833
0.5625 0.1875 0.0584502
0.59375 0.1875 0.0720411
0.59375 0.21875 0.0439222
0.5625 0.21875 0.0302833
0.59375 0.25 0.0158158
0.59375 0.21875 0.0439222
0.625 0.21875 0.0575885
0.625 0.25 0.0294905
0.59375 0.25 0.0158158
0.59375 0.21875 0.0439222
0.59375 0.1875 0.0720411
0.625 0.1875 0.0856916
0.625 0.21875 0.0575885
0.59375 0.21875 0.0439222
0.5625 0.1875 0.0584502
0.5625 0.15625 0.0866765
0.59375 0.15625 0.100182
0.59375 0.1875 0.0720411
0.5625 0.1875 0.0584502
0.5625 0.15625 0.0866765
0.5625 0.125 0.114991
0.59375 0.125 0.12836
0.59375 0.15625 0.100182
0.5625 0.15625 0.0866765
0.59375 0.1875 0.0720411
0.59375 0.15625 0.100182
0.625 0.15625 0.113803
0.625 0.1875 0.0856916
0.59375 0.1875 0.0720411
0.59375 0.15625 0.100182
0.59375 0.125 0.12836
0.625 0.125 0.141929
0.625 0.15625 0.113803
0.59375 0.15625 0.100182
0.5 0.125 0.0903874
0.5 0.0625 0.149814
0.5625 0.0625 0.172193
0.5625 0.125 0.114991
0.5 0.125 0.0903874
0.5 0.0625 0.149814
0.5 0 0.210429
0.5625 0 0.230506
0.5625 0.0625 0.172193
0.5 0.0625 0.149814
0.5625 0.125 0.114991
0.5625 0.0625 0.172193
0.625 0.0625 0.198352
0.625 0.125 0.141929
0.5625 0.125 0.114991
0.5625 0.0625 0.172193
0.5625 0 0.230506
0.625 0 0.255322
0.625 0.0625 0.198352
0.5625 0.0625 0.172193
0.625 0.25 0.0294905
0.625 0.21875 0.0575885
0.65625 0.21875 0.0712692
0.65625 0.25 0.0431778
0.625 0.25 0.0294905
0.625 0.21875 0.0575885
0.625 0.1875 0.0856916
0.65625 0.1875 0.0993638
0.65625 0.21875 0.0712692
0.625 0.21875 0.0575885
0.65625 0.25 0.0431778
0.65625 0.21875 0.0712692
0.6875 0.21875 0.0849686
0.6875 0.25 0.0568888
0.65625 0.25 0.0431778
0.65625 0.21875 0.0712692
0.65625 0.1875 0.0993638
0.6875 0.1875 0.113054
0.6875 0.21875 0.0849686
0.65625 0.21875 0.0712692
0.625 0.1875 0.0856916
0.625 0.15625 0.113803
0.65625 0.15625 0.127463
0.65625 0.1875 0.0993638
0.625 0.1875 0.0856916
0.625 0.15625 0.113803
0.625 0.125 0.141929
0.65625 0.125 0.155569
0.65625 0.15625 0.127463
0.625 0.15625 0.113803
0.65625 0.1875 0.0993638
0.65625 0.15625 0.127463
0.6875 0.15625 0.141143
0.6875 0.1875 0.113054
0.65625 0.1875 0.0993638
0.65625 0.15625 0.127463
0.65625 0.125 0.155569
0.6875 0.125 0.169237
0.6875 0.15625 0.141143
0.65625 0.15625 0.127463
0.6875 0.25 0.0568888
0.6875 0.21875 0.0849686
0.71875 0.21875 0.0987433
0.71875 0.25 0.0707339
0.6875 0.25 0.0568888
0.6875 0.21875 0.0849686
0.6875 0.1875 0.113054
0.71875 0.1875 0.126795
0.71875 0.21875 0.0987433
0.6875 0.21875 0.0849686
0.71875 0.25 0.0707339
0.71875 0.21875 0.0987433
0.75 0.21875 0.112782
0.75 0.25 0.0849994
0.71875 0.25 0.0707339
0.71875 0.21875 0.0987433
0.71875 0.1875 0.126795
0.75 0.1875 0.140691
0.75 0.21875 0.112782
0.71875 0.21875 0.0987433
0.6875 0.1875 0.113054
0.6875 0.125 0.169237
0.75 0.125 0.196735
0.75 0.1875 0.140691
0.6875 0.1875 0.113054
0.625 0.125 0.141929
0.625 0.0625 0.198352
0.6875 0.0625 0.225463
0.6875 0.125 0.169237
0.625 0.125 0.141929
0.625 0.0625 0.198352
0.625 0 0.255322
0.6875 0 0.281903
0.6875 0.0625 0.225463
0.625 0.0625 0.198352
0.6875 0.125 0.169237
0.6875 0.0625 0.225463
0.75 0.0625 0.252833
0.75 0.125 0.196735
0.6875 0.125 0.169237
0.6875 0.0625 0.225463
0.6875 0 0.281903
0.75 0 0.309017
0.75 0.0625 0.252833
0.6875 0.0625 0.225463
0.75 0.5 -0.0245961
0.75 0.46875 -0.0369076
0.78125 0.46875 -0.0078372
0.78125 0.5 0.00389371
0.75 0.5 -0.0245961
0.75 0.46875 -0.0369076
0.75 0.4375 -0.0451555
0.78125 0.4375 -0.0158282
0.78125 0.46875 -0.0078372
0.75 0.46875 -0.0369076
0.78125 0.5 0.00389371
0.78125 0.46875 -0.0078372
0.8125 0.46875 0.0223572
0.8125 0.5 0.0332468
0.78125 0.5 0.00389371
0.78125 0.46875 -0.0078372
0.78125 0.4375 -0.0158282
0.8125 0.4375 0.0148474
0.8125 0.46875 0.0223572
0.78125 0.46875 -0.0078372
0.75 0.4375 -0.0451555
0.75 0.40625 -0.0371718
0.78125 0.40625 -0.0118171
0.78125 0.4375 -0.0158282
0.75 0.4375 -0.0451555
0.75 0.40625 -0.0371718
0.75 0.375 -0.0202248
0.78125 0.375 0.000761049
0.78125 0.40625 -0.0118171
0.75 0.40625 -0.0371718
0.78125 0.4375 -0.0158282
0.78125 0.40625 -0.0118171
0.8125 0.40625 0.0168855
0.8125 0.4375 0.0148474
0.78125 0.4375 -0.0158282
0.78125 0.40625 -0.0118171
0.78125 0.375 0.000761049
0.8125 0.375 0.027756
0.8125 0.40625 0.0168855
0.78125 0.40625 -0.0118171
0.8125 0.5 0.0332468
0.8125 0.46875 0.0223572
0.84375 0.46875 0.0530908
0.84375 0.5 0.063027
0.8125 0.5 0.0332468
0.8125 0.46875 0.0223572
0.8125 0.4375 0.0148474
0.84375 0.4375 0.0460901
0.84375 0.46875 0.0530908
0.8125 0.46875 0.0223572
0.84375 0.5 0.063027
0.84375 0.46875 0.0530908
0.875 0.46875 0.0838699
0.875 0.5 0.0930618
0.84375 0.5 0.063027
0.84375 0.46875 0.0530908
0.84375 0.4375 0.0460901
0.875 0.4375 0.0773247
0.875 0.46875 0.0838699
0.84375 0.46875 0.0530908
0.8125 0.4375 0.0148474
0.8125 0.40625 0.0168855
0.84375 0.40625 0.0476334
0.84375 0.4375 0.0460901
0.8125 0.4375 0.0148474
0.8125 0.40625 0.0168855
0.8125 0.375 0.027756
0.84375 0.375 0.0563769
0.84375 0.40625 0.0476334
0.8125 0.40625 0.0168855
0.84375 0.4375 0.0460901
0.84375 0.40625 0.0476334
0.875 0.40625 0.0785384
0.875 0.4375 0.0773247
0.84375 0.4375 0.0460901
0.84375 0.40625 0.0476334
0.84375 0.375 0.0563769
0.875 0.375 0.0857408
0.875 0.40625 0.0785384
0.84375 0.40625 0.0476334
0.75 0.375 -0.0202248
0.75 0.34375 0.0033478
0.78125 0.34375 0.0225536
0.78125 0.375 0.000761049
0.75 0.375 -0.0202248
0.75 0.34375 0.0033478
0.75 0.3125 0.0301222
0.78125 0.3125 0.0473098
0.78125 0.34375 0.0225536
0.75 0.34375 0.0033478
0.78125 0.375 0.000761049
0.78125 0.34375 0.0225536
0.8125 0.34375 0.0455575
0.8125 0.375 0.027756
0.78125 0.375 0.000761049
0.78125 0.34375 0.0225536
0.78125 0.3125 0.0473098
0.8125 0.3125 0.067217
0.8125 0.34375 0.0455575
0.78125 0.34375 0.0225536
0.75 0.3125 0.0301222
0.75 0.28125 0.0574003
0.78125 0.28125 0.073367
0.78125 0.3125 0.0473098
0.75 0.3125 0.0301222
0.75 0.28125 0.0574003
0.75 0.25 0.0849994
0.78125 0.25 0.100186
0.78125 0.28125 0.073367
0.75 0.28125 0.0574003
0.78125 0.3125 0.0473098
0.78125 0.28125 0.073367
0.8125 0.28125 0.0913225
0.8125 0.3125 0.067217
0.78125 0.3125 0.0473098
0.78125 0.28125 0.073367
0.78125 0.25 0.100186
0.8125 0.25 0.116837
0.8125 0.28125 0.0913225
0.78125 0.28125 0.073367
0.8125 0.375 0.027756
0.8125 0.34375 0.0455575
0.84375 0.34375 0.0710991
0.84375 0.375 0.0563769
0.8125 0.375 0.027756
0.8125 0.34375 0.0455575
0.8125 0.3125 0.067217
0.84375 0.3125 0.0900064
0.84375 0.34375 0.0710991
0.8125 0.34375 0.0455575
0.84375 0.375 0.0563769
0.84375 0.34375 0.0710991
0.875 0.34375 0.0980927
0.875 0.375 0.0857408
0.84375 0.375 0.0563769
0.84375 0.34375 0.0710991
0.84375 0.3125 0.0900064
0.875 0.3125 0.114636
0.875 0.34375 0.0980927
0.84375 0.34375 0.0710991
0.8125 0.3125 0.067217
0.8125 0.28125 0.0913225
0.84375 0.28125 0.111569
0.84375 0.3125 0.0900064
0.8125 0.3125 0.067217
0.8125 0.28125 0.0913225
0.8125 0.25 0.116837
0.84375 0.25 0.135396
0.84375 0.28125 0.111569
0.8125 0.28125 0.0913225
0.84375 0.3125 0.0900064
0.84375 0.28125 0.111569
0.875 0.28125 0.134096
0.875 0.3125 0.114636
0.84375 0.3125 0.0900064
0.84375 0.28125 0.111569
0.84375 0.25 0.135396
0.875 0.25 0.156005
0.875 0.28125 0.134096
0.84375 0.28125 0.111569
0.875 0.5 0.0930618
0.875 0.46875 0.0838699
0.90625 0.46875 0.114674
0.90625 0.5 0.123237
0.875 0.5 0.0930618
0.875 0.46875 0.0838699
0.875 0.4375 0.0773247
0.90625 0.4375 0.108543
0.90625 0.46875 0.114674
0.875 0.46875 0.0838699
0.90625 0.5 0.123237
0.90625 0.46875 0.114674
0.9375 0.46875 0.145501
0.9375 0.5 0.153529
0.90625 0.5 0.123237
0.90625 0.46875 0.114674
0.90625 0.4375 0.108543
0.9375 0.4375 0.139741
0.9375 0.46875 0.145501
0.90625 0.46875 0.114674
0.875 0.4375 0.0773247
0.875 0.40625 0.0785384
0.90625 0.40625 0.109477
0.90625 0.4375 0.108543
0.875 0.4375 0.0773247
0.875 0.40625 0.0785384
0.875 0.375 0.0857408
0.90625 0.375 0.115548
0.90625 0.40625 0.109477
0.875 0.40625 0.0785384
0.90625 0.4375 0.108543
0.90625 0.40625 0.109477
0.9375 0.40625 0.140463
0.9375 0.4375 0.139741
0.90625 0.4375 0.108543
0.90625 0.40625 0.109477
0.90625 0.375 0.115548
0.9375 0.375 0.145636
0.9375 0.40625 0.140463
0.90625 0.40625 0.109477
0.9375 0.5 0.153529
0.9375 0.4375 0.139741
1 0.4375 0.20219
1 0.5 0.215193
0.9375 0.5 0.153529
0.9375 0.4375 0.139741
0.9375 0.375 0.145636
1 0.375 0.206908
1 0.4375 0.20219
0.9375 0.4375 0.139741
0.875 0.375 0.0857408
0.875 0.34375 0.0980927
0.90625 0.34375 0.126214
0.90625 0.375 0.115548
0.875 0.375 0.0857408
0.875 0.34375 0.0980927
0.875 0.3125 0.114636
0.90625 0.3125 0.140878
0.90625 0.34375 0.126214
0.875 0.34375 0.0980927
0.90625 0.375 0.115548
0.90625 0.34375 0.126214
0.9375 0.34375 0.15498
0.9375 0.375 0.145636
0.90625 0.375 0.115548
0.90625 0.34375 0.126214
0.90625 0.3125 0.140878
0.9375 0.3125 0.168059
0.9375 0.34375 0.15498
0.90625 0.34375 0.126214
0.875 0.3125 0.114636
0.875 0.25 0.156005
0.9375 0.25 0.202119
0.9375 0.3125 0.168059
0.875 0.3125 0.114636
0.9375 0.375 0.145636
0.9375 0.3125 0.168059
1 0.3125 0.225649
1 0.375 0.206908
0.9375 0.375 0.145636
0.9375 0.3125 0.168059
0.9375 0.25 0.202119
1 0.25 0.254961
1 0.3125 0.225649
0.9375 0.3125 0.168059
0.75 0.25 0.0849994
0.75 0.21875 0.112782
0.78125 0.21875 0.127442
0.78125 0.25 0.100186
0.75 0.25 0.0849994
0.75 0.21875 0.112782
0.75 0.1875 0.140691
0.78125 0.1875 0.155013
0.78125 0.21875 0.127442
0.75 0.21875 0.112782
0.78125 0.25 0.100186
0.78125 0.21875 0.127442
0.8125 0.21875 0.143195
0.8125 0.25 0.116837
0.78125 0.25 0.100186
0.78125 0.21875 0.127442
0.78125 0.1875 0.155013
0.8125 0.1875 0.170093
0.8125 0.21875 0.143195
0.78125 0.21875 0.127442
0.75 0.1875 0.140691
0.75 0.125 0.196735
0.8125 0.125 0.225294
0.8125 0.1875 0.170093
0.75 0.1875 0.140691
0.8125 0.25 0.116837
0.8125 0.1875 0.170093
0.875 0.1875 0.204338
0.875 0.25 0.156005
0.8125 0.25 0.116837
0.8125 0.1875 0.170093
0.8125 0.125 0.225294
0.875 0.125 0.256668
0.875 0.1875 0.204338
0.8125 0.1875 0.170093
0.75 0.125 0.196735
0.75 0 0.309017
0.875 0 0.366508
0.875 0.125 0.256668
0.75 0.125 0.196735
0.875 0.25 0.156005
0.875 0.1875 0.204338
0.9375 0.1875 0.244489
0.9375 0.25 0.202119
0.875 0.25 0.156005
0.875 0.1875 0.204338
0.875 0.125 0.256668
0.9375 0.125 0.292405
0.9375 0.1875 0.244489
0.875 0.1875 0.204338
0.9375 0.25 0.202119
0.9375 0.1875 0.244489
1 0.1875 0.292301
1 0.25 0.254961
0.9375 0.25 0.202119
0.9375 0.1875 0.244489
0.9375 0.125 0.292405
1 0.125 0.335104
1 0.1875 0.292301
0.9375 0.1875 0.244489
0.875 0.125 0.256668
0.875 0 0.366508
1 0 0.437779
1 0.125 0.335104
0.875 0.125 0.256668
