0 1 0.465349
0 0.875 0.380506
0.125 0.875 0.282617
0.125 1 0.373562
0 1 0.465349
0 0.875 0.380506
0 0.75 0.300408
0.125 0.75 0.196589
0.125 0.875 0.282617
0 0.875 0.380506
0.125 1 0.373562
0.125 0.875 0.282617
0.25 0.875 0.194779
0.25 1 0.29298
0.125 1 0.373562
0.125 0.875 0.282617
0.125 0.8125 0.238866
0.1875 0.8125 0.192875
0.1875 0.875 0.238073
0.125 0.875 0.282617
0.125 0.8125 0.238866
0.125 0.75 0.196589
0.1875 0.75 0.149156
0.1875 0.8125 0.192875
0.125 0.8125 0.238866
0.1875 0.875 0.238073
0.1875 0.8125 0.192875
0.25 0.8125 0.148224
0.25 0.875 0.194779
0.1875 0.875 0.238073
0.1875 0.8125 0.192875
0.1875 0.75 0.149156
0.25 0.75 0.103806
0.25 0.8125 0.148224
0.1875 0.8125 0.192875
0 0.75 0.300408
0 0.6875 0.266337
0.0625 0.6875 0.209892
0.0625 0.75 0.246728
0 0.75 0.300408
0 0.6875 0.266337
0 0.625 0.237109
0.0625 0.625 0.177888
0.0625 0.6875 0.209892
0 0.6875 0.266337
0.0625 0.75 0.246728
0.0625 0.6875 0.209892
0.125 0.6875 0.156261
0.125 0.75 0.196589
0.0625 0.75 0.246728
0.0625 0.6875 0.209892
0.0625 0.625 0.177888
0.125 0.625 0.120516
0.125 0.6875 0.156261
0.0625 0.6875 0.209892
0 0.625 0.237109
0 0.5625 0.214076
0.0625 0.5625 0.152263
0.0625 0.625 0.177888
0 0.625 0.237109
0 0.5625 0.214076
0 0.5 0.200308
0.0625 0.5 0.137799
0.0625 0.5625 0.152263
0 0.5625 0.214076
0.0625 0.625 0.177888
0.0625 0.5625 0.152263
0.125 0.5625 0.0919258
0.125 0.625 0.120516
0.0625 0.625 0.177888
0.0625 0.5625 0.152263
0.0625 0.53125 0.143551
0.09375 0.53125 0.112631
0.09375 0.5625 0.122013
0.0625 0.5625 0.152263
0.0625 0.53125 0.143551
0.0625 0.5 0.137799
0.09375 0.5 0.106563
0.09375 0.53125 0.112631
0.0625 0.53125 0.143551
0.09375 0.5625 0.122013
0.09375 0.53125 0.112631
0.125 0.53125 0.0817222
0.125 0.5625 0.0919258
0.09375 0.5625 0.122013
0.09375 0.53125 0.112631
0.09375 0.5 0.106563
0.125 0.5 0.0753335
0.125 0.53125 0.0817222
0.09375 0.53125 0.112631
0.125 0.75 0.196589
0.125 0.6875 0.156261
0.1875 0.6875 0.106809
0.1875 0.75 0.149156
0.125 0.75 0.196589
0.125 0.6875 0.156261
0.125 0.65625 0.137735
0.15625 0.65625 0.111645
0.15625 0.6875 0.131169
0.125 0.6875 0.156261
0.125 0.65625 0.137735
0.125 0.625 0.120516
0.15625 0.625 0.0932742
0.15625 0.65625 0.111645
0.125 0.65625 0.137735
0.15625 0.6875 0.131169
0.15625 0.65625 0.111645
0.1875 0.65625 0.086394
0.1875 0.6875 0.106809
0.15625 0.6875 0.131169
0.15625 0.65625 0.111645
0.15625 0.625 0.0932742
0.1875 0.625 0.0667755
0.1875 0.65625 0.086394
0.15625 0.65625 0.111645
0.1875 0.75 0.149156
0.1875 0.71875 0.127829
0.21875 0.71875 0.104681
0.21875 0.75 0.126343
0.1875 0.75 0.149156
0.1875 0.71875 0.127829
0.1875 0.6875 0.106809
0.21875 0.6875 0.0832604
0.21875 0.71875 0.104681
0.1875 0.71875 0.127829
0.21875 0.75 0.126343
0.21875 0.71875 0.104681
0.25 0.71875 0.0819592
0.25 0.75 0.103806
0.21875 0.75 0.126343
0.21875 0.71875 0.104681
0.21875 0.6875 0.0832604
0.25 0.6875 0.0602583
0.25 0.71875 0.0819592
0.21875 0.71875 0.104681
0.1875 0.6875 0.106809
0.1875 0.65625 0.086394
0.21875 0.65625 0.0621358
0.21875 0.6875 0.0832604
0.1875 0.6875 0.106809
0.1875 0.65625 0.086394
0.1875 0.625 0.0667755
0.21875 0.625 0.0415142
0.21875 0.65625 0.0621358
0.1875 0.65625 0.086394
0.21875 0.6875 0.0832604
0.21875 0.65625 0.0621358
0.25 0.65625 0.0387315
0.25 0.6875 0.0602583
0.21875 0.6875 0.0832604
0.21875 0.65625 0.0621358
0.21875 0.625 0.0415142
0.25 0.625 0.0174552
0.25 0.65625 0.0387315
0.21875 0.65625 0.0621358
0.125 0.625 0.120516
0.125 0.59375 0.10507
0.15625 0.59375 0.076525
0.15625 0.625 0.0932742
0.125 0.625 0.120516
0.125 0.59375 0.10507
0.125 0.5625 0.0919258
0.15625 0.5625 0.0620522
0.15625 0.59375 0.076525
0.125 0.59375 0.10507
0.15625 0.625 0.0932742
0.15625 0.59375 0.076525
0.1875 0.59375 0.0485577
0.1875 0.625 0.0667755
0.15625 0.625 0.0932742
0.15625 0.59375 0.076525
0.15625 0.5625 0.0620522
0.1875 0.5625 0.0324669
0.1875 0.59375 0.0485577
0.15625 0.59375 0.076525
0.125 0.5625 0.0919258
0.125 0.53125 0.0817222
0.15625 0.53125 0.050813
0.15625 0.5625 0.0620522
0.125 0.5625 0.0919258
0.125 0.53125 0.0817222
0.125 0.5 0.0753335
0.15625 0.5 0.0440969
0.15625 0.53125 0.050813
0.125 0.53125 0.0817222
0.15625 0.5625 0.0620522
0.15625 0.53125 0.050813
0.1875 0.53125 0.0198883
0.1875 0.5625 0.0324669
0.15625 0.5625 0.0620522
0.15625 0.53125 0.050813
0.15625 0.5 0.0440969
0.1875 0.5 0.0128535
0.1875 0.53125 0.0198883
0.15625 0.53125 0.050813
0.1875 0.625 0.0667755
0.1875 0.59375 0.0485577
0.21875 0.59375 0.0217168
0.21875 0.625 0.0415142
0.1875 0.625 0.0667755
0.1875 0.59375 0.0485577
0.1875 0.5625 0.0324669
0.21875 0.5625 0.00341437
0.21875 0.59375 0.0217168
0.1875 0.59375 0.0485577
0.21875 0.625 0.0415142
0.21875 0.59375 0.0217168
0.25 0.59375 -0.00331031
0.25 0.625 0.0174552
0.21875 0.625 0.0415142
0.21875 0.59375 0.0217168
0.21875 0.5625 0.00341437
0.25 0.5625 -0.0225578
0.25 0.59375 -0.00331031
0.21875 0.59375 0.0217168
0.1875 0.5625 0.0324669
0.1875 0.53125 0.0198883
0.21875 0.53125 -0.0103176
0.21875 0.5625 0.00341437
0.1875 0.5625 0.0324669
0.1875 0.53125 0.0198883
0.1875 0.5 0.0128535
0.21875 0.5 -0.0177259
0.21875 0.53125 -0.0103176
0.1875 0.53125 0.0198883
0.21875 0.5625 0.00341437
0.21875 0.53125 -0.0103176
0.25 0.53125 -0.0387555
0.25 0.5625 -0.0225578
0.21875 0.5625 0.00341437
0.21875 0.53125 -0.0103176
0.21875 0.5 -0.0177259
0.25 0.5 -0.0473339
0.25 0.53125 -0.0387555
0.21875 0.53125 -0.0103176
0.25 1 0.29298
0.25 0.9375 0.243197
0.3125 0.9375 0.203804
0.3125 1 0.25654
0.25 1 0.29298
0.25 0.9375 0.243197
0.25 0.875 0.194779
0.3125 0.875 0.152678
0.3125 0.9375 0.203804
0.25 0.9375 0.243197
0.3125 1 0.25654
0.3125 0.9375 0.203804
0.375 0.9375 0.169186
0.375 1 0.226068
0.3125 1 0.25654
0.3125 0.9375 0.203804
0.3125 0.875 0.152678
0.375 0.875 0.114635
0.375 0.9375 0.169186
0.3125 0.9375 0.203804
0.25 0.875 0.194779
0.25 0.8125 0.148224
0.3125 0.8125 0.104797
0.3125 0.875 0.152678
0.25 0.875 0.194779
0.25 0.8125 0.148224
0.25 0.78125 0.125881
0.28125 0.78125 0.103742
0.28125 0.8125 0.12638
0.25 0.8125 0.148224
0.25 0.78125 0.125881
0.25 0.75 0.103806
0.28125 0.75 0.0814578
0.28125 0.78125 0.103742
0.25 0.78125 0.125881
0.28125 0.8125 0.12638
0.28125 0.78125 0.103742
0.3125 0.78125 0.0817774
0.3125 0.8125 0.104797
0.28125 0.8125 0.12638
0.28125 0.78125 0.103742
0.28125 0.75 0.0814578
0.3125 0.75 0.0592399
0.3125 0.78125 0.0817774
0.28125 0.78125 0.103742
0.3125 0.875 0.152678
0.3125 0.84375 0.128436
0.34375 0.84375 0.107992
0.34375 0.875 0.133136
0.3125 0.875 0.152678
0.3125 0.84375 0.128436
0.3125 0.8125 0.104797
0.34375 0.8125 0.083623
0.34375 0.84375 0.107992
0.3125 0.84375 0.128436
0.34375 0.875 0.133136
0.34375 0.84375 0.107992
0.375 0.84375 0.0884222
0.375 0.875 0.114635
0.34375 0.875 0.133136
0.34375 0.84375 0.107992
0.34375 0.8125 0.083623
0.375 0.8125 0.0630536
0.375 0.84375 0.0884222
0.34375 0.84375 0.107992
0.3125 0.8125 0.104797
0.3125 0.78125 0.0817774
0.34375 0.78125 0.0600353
0.34375 0.8125 0.083623
0.3125 0.8125 0.104797
0.3125 0.78125 0.0817774
0.3125 0.75 0.0592399
0.34375 0.75 0.0371311
0.34375 0.78125 0.0600353
0.3125 0.78125 0.0817774
0.34375 0.8125 0.083623
0.34375 0.78125 0.0600353
0.375 0.78125 0.0386142
0.375 0.8125 0.0630536
0.34375 0.8125 0.083623
0.34375 0.78125 0.0600353
0.34375 0.75 0.0371311
0.375 0.75 0.0151292
0.375 0.78125 0.0386142
0.34375 0.78125 0.0600353
0.375 1 0.226068
0.375 0.9375 0.169186
0.4375 0.9375 0.144227
0.4375 1 0.205039
0.375 1 0.226068
0.375 0.9375 0.169186
0.375 0.90625 0.141606
0.40625 0.90625 0.126356
0.40625 0.9375 0.155162
0.375 0.9375 0.169186
0.375 0.90625 0.141606
0.375 0.875 0.114635
0.40625 0.875 0.0980563
0.40625 0.90625 0.126356
0.375 0.90625 0.141606
0.40625 0.9375 0.155162
0.40625 0.90625 0.126356
0.4375 0.90625 0.1142
0.4375 0.9375 0.144227
0.40625 0.9375 0.155162
0.40625 0.90625 0.126356
0.40625 0.875 0.0980563
0.4375 0.875 0.0844701
0.4375 0.90625 0.1142
0.40625 0.90625 0.126356
0.4375 1 0.205039
0.4375 0.9375 0.144227
0.5 0.9375 0.135276
0.5 1 0.197734
0.4375 1 0.205039
0.4375 0.9375 0.144227
0.4375 0.90625 0.1142
0.46875 0.90625 0.106441
0.46875 0.9375 0.137326
0.4375 0.9375 0.144227
0.4375 0.90625 0.1142
0.4375 0.875 0.0844701
0.46875 0.875 0.0756106
0.46875 0.90625 0.106441
0.4375 0.90625 0.1142
0.46875 0.9375 0.137326
0.46875 0.90625 0.106441
0.5 0.90625 0.104062
0.5 0.9375 0.135276
0.46875 0.9375 0.137326
0.46875 0.90625 0.106441
0.46875 0.875 0.0756106
0.5 0.875 0.0728396
0.5 0.90625 0.104062
0.46875 0.90625 0.106441
0.375 0.875 0.114635
0.375 0.84375 0.0884222
0.40625 0.84375 0.0703941
0.40625 0.875 0.0980563
0.375 0.875 0.114635
0.375 0.84375 0.0884222
0.375 0.8125 0.0630536
0.40625 0.8125 0.04355
0.40625 0.84375 0.0703941
0.375 0.84375 0.0884222
0.40625 0.875 0.0980563
0.40625 0.84375 0.0703941
0.4375 0.84375 0.0551336
0.4375 0.875 0.0844701
0.40625 0.875 0.0980563
0.40625 0.84375 0.0703941
0.40625 0.8125 0.04355
0.4375 0.8125 0.0263463
0.4375 0.84375 0.0551336
0.40625 0.84375 0.0703941
0.375 0.8125 0.0630536
0.375 0.78125 0.0386142
0.40625 0.78125 0.0177431
0.40625 0.8125 0.04355
0.375 0.8125 0.0630536
0.375 0.78125 0.0386142
0.375 0.75 0.0151292
0.40625 0.75 -0.00632042
0.40625 0.78125 0.0177431
0.375 0.78125 0.0386142
0.40625 0.8125 0.04355
0.40625 0.78125 0.0177431
0.4375 0.78125 -0.00155392
0.4375 0.8125 0.0263463
0.40625 0.8125 0.04355
0.40625 0.78125 0.0177431
0.40625 0.75 -0.00632042
0.4375 0.75 -0.0265348
0.4375 0.78125 -0.00155392
0.40625 0.78125 0.0177431
0.4375 0.875 0.0844701
0.4375 0.84375 0.0551336
0.46875 0.84375 0.044878
0.46875 0.875 0.0756106
0.4375 0.875 0.0844701
0.4375 0.84375 0.0551336
0.4375 0.8125 0.0263463
0.46875 0.8125 0.0143009
0.46875 0.84375 0.044878
0.4375 0.84375 0.0551336
0.46875 0.875 0.0756106
0.46875 0.84375 0.044878
0.5 0.84375 0.0416079
0.5 0.875 0.0728396
0.46875 0.875 0.0756106
0.46875 0.84375 0.044878
0.46875 0.8125 0.0143009
0.5 0.8125 0.0103634
0.5 0.84375 0.0416079
0.46875 0.84375 0.044878
0.4375 0.8125 0.0263463
0.4375 0.78125 -0.00155392
0.46875 0.78125 -0.0155251
0.46875 0.8125 0.0143009
0.4375 0.8125 0.0263463
0.4375 0.78125 -0.00155392
0.4375 0.75 -0.0265348
0.46875 0.75 -0.0435755
0.46875 0.78125 -0.0155251
0.4375 0.78125 -0.00155392
0.46875 0.8125 0.0143009
0.46875 0.78125 -0.0155251
0.5 0.78125 -0.0206049
0.5 0.8125 0.0103634
0.46875 0.8125 0.0143009
0.46875 0.78125 -0.0155251
0.46875 0.75 -0.0435755
0.5 0.75 -0.0509919
0.5 0.78125 -0.0206049
0.46875 0.78125 -0.0155251
0.25 0.75 0.103806
0.25 0.71875 0.0819592
0.28125 0.71875 0.0594684
0.28125 0.75 0.0814578
0.25 0.75 0.103806
0.25 0.71875 0.0819592
0.25 0.6875 0.0602583
0.28125 0.6875 0.037623
0.28125 0.71875 0.0594684
0.25 0.71875 0.0819592
0.28125 0.75 0.0814578
0.28125 0.71875 0.0594684
0.3125 0.71875 0.0371128
0.3125 0.75 0.0592399
0.28125 0.75 0.0814578
0.28125 0.71875 0.0594684
0.28125 0.6875 0.037623
0.3125 0.6875 0.0151799
0.3125 0.71875 0.0371128
0.28125 0.71875 0.0594684
0.25 0.6875 0.0602583
0.25 0.65625 0.0387315
0.28125 0.65625 0.0158847
0.28125 0.6875 0.037623
0.25 0.6875 0.0602583
0.25 0.65625 0.0387315
0.25 0.625 0.0174552
0.28125 0.625 -0.00569266
0.28125 0.65625 0.0158847
0.25 0.65625 0.0387315
0.28125 0.6875 0.037623
0.28125 0.65625 0.0158847
0.3125 0.65625 -0.00664454
0.3125 0.6875 0.0151799
0.28125 0.6875 0.037623
0.28125 0.65625 0.0158847
0.28125 0.625 -0.00569266
0.3125 0.625 -0.0283307
0.3125 0.65625 -0.00664454
0.28125 0.65625 0.0158847
0.3125 0.75 0.0592399
0.3125 0.71875 0.0371128
0.34375 0.71875 0.0148416
0.34375 0.75 0.0371311
0.3125 0.75 0.0592399
0.3125 0.71875 0.0371128
0.3125 0.6875 0.0151799
0.34375 0.6875 -0.00714527
0.34375 0.71875 0.0148416
0.3125 0.71875 0.0371128
0.34375 0.75 0.0371311
0.34375 0.71875 0.0148416
0.375 0.71875 -0.00728412
0.375 0.75 0.0151292
0.34375 0.75 0.0371311
0.34375 0.71875 0.0148416
0.34375 0.6875 -0.00714527
0.375 0.6875 -0.0293641
0.375 0.71875 -0.00728412
0.34375 0.71875 0.0148416
0.3125 0.6875 0.0151799
0.3125 0.65625 -0.00664454
0.34375 0.65625 -0.0290362
0.34375 0.6875 -0.00714527
0.3125 0.6875 0.0151799
0.3125 0.65625 -0.00664454
0.3125 0.625 -0.0283307
0.34375 0.625 -0.050827
0.34375 0.65625 -0.0290362
0.3125 0.65625 -0.00664454
0.34375 0.6875 -0.00714527
0.34375 0.65625 -0.0290362
0.375 0.65625 -0.0513412
0.375 0.6875 -0.0293641
0.34375 0.6875 -0.00714527
0.34375 0.65625 -0.0290362
0.34375 0.625 -0.050827
0.375 0.625 -0.0732268
0.375 0.65625 -0.0513412
0.34375 0.65625 -0.0290362
0.25 0.625 0.0174552
0.25 0.59375 -0.00331031
0.28125 0.59375 -0.0268147
0.28125 0.625 -0.00569266
0.25 0.625 0.0174552
0.25 0.59375 -0.00331031
0.25 0.5625 -0.0225578
0.28125 0.5625 -0.0471132
0.28125 0.59375 -0.0268147
0.25 0.59375 -0.00331031
0.28125 0.625 -0.00569266
0.28125 0.59375 -0.0268147
0.3125 0.59375 -0.0497863
0.3125 0.625 -0.0283307
0.28125 0.625 -0.00569266
0.28125 0.59375 -0.0268147
0.28125 0.5625 -0.0471132
0.3125 0.5625 -0.0707704
0.3125 0.59375 -0.0497863
0.28125 0.59375 -0.0268147
0.25 0.5625 -0.0225578
0.25 0.53125 -0.0387555
0.28125 0.53125 -0.0654997
0.28125 0.5625 -0.0471132
0.25 0.5625 -0.0225578
0.25 0.53125 -0.0387555
0.25 0.5 -0.0473339
0.28125 0.5 -0.075918
0.28125 0.53125 -0.0654997
0.25 0.53125 -0.0387555
0.28125 0.5625 -0.0471132
0.28125 0.53125 -0.0654997
0.3125 0.53125 -0.0906419
0.3125 0.5625 -0.0707704
0.28125 0.5625 -0.0471132
0.28125 0.53125 -0.0654997
0.28125 0.5 -0.075918
0.3125 0.5 -0.103392
0.3125 0.53125 -0.0906419
0.28125 0.53125 -0.0654997
0.3125 0.625 -0.0283307
0.3125 0.59375 -0.0497863
0.34375 0.59375 -0.0724748
0.34375 0.625 -0.050827
0.3125 0.625 -0.0283307
0.3125 0.59375 -0.0497863
0.3125 0.5625 -0.0707704
0.34375 0.5625 -0.0938563
0.34375 0.59375 -0.0724748
0.3125 0.59375 -0.0497863
0.34375 0.625 -0.050827
0.34375 0.59375 -0.0724748
0.375 0.59375 -0.0950011
0.375 0.625 -0.0732268
0.34375 0.625 -0.050827
0.34375 0.59375 -0.0724748
0.34375 0.5625 -0.0938563
0.375 0.5625 -0.11661
0.375 0.59375 -0.0950011
0.34375 0.59375 -0.0724748
0.3125 0.5625 -0.0707704
0.3125 0.53125 -0.0906419
0.34375 0.53125 -0.114641
0.34375 0.5625 -0.0938563
0.3125 0.5625 -0.0707704
0.3125 0.53125 -0.0906419
0.3125 0.5 -0.103392
0.34375 0.5 -0.129695
0.34375 0.53125 -0.114641
0.3125 0.53125 -0.0906419
0.34375 0.5625 -0.0938563
0.34375 0.53125 -0.114641
0.375 0.53125 -0.137875
0.375 0.5625 -0.11661
0.34375 0.5625 -0.0938563
0.34375 0.53125 -0.114641
0.34375 0.5 -0.129695
0.375 0.5 -0.154935
0.375 0.53125 -0.137875
0.34375 0.53125 -0.114641
0.375 0.75 0.0151292
0.375 0.71875 -0.00728412
0.40625 0.71875 -0.0290843
0.40625 0.75 -0.00632042
0.375 0.75 0.0151292
0.375 0.71875 -0.00728412
0.375 0.6875 -0.0293641
0.40625 0.6875 -0.0514163
0.40625 0.71875 -0.0290843
0.375 0.71875 -0.00728412
0.40625 0.75 -0.00632042
0.40625 0.71875 -0.0290843
0.4375 0.71875 -0.0502402
0.4375 0.75 -0.0265348
0.40625 0.75 -0.00632042
0.40625 0.71875 -0.0290843
0.40625 0.6875 -0.0514163
0.4375 0.6875 -0.0731241
0.4375 0.71875 -0.0502402
0.40625 0.71875 -0.0290843
0.375 0.6875 -0.0293641
0.375 0.65625 -0.0513412
0.40625 0.65625 -0.0735354
0.40625 0.6875 -0.0514163
0.375 0.6875 -0.0293641
0.375 0.65625 -0.0513412
0.375 0.625 -0.0732268
0.40625 0.625 -0.0955291
0.40625 0.65625 -0.0735354
0.375 0.65625 -0.0513412
0.40625 0.6875 -0.0514163
0.40625 0.65625 -0.0735354
0.4375 0.65625 -0.0955388
0.4375 0.6875 -0.0731241
0.40625 0.6875 -0.0514163
0.40625 0.65625 -0.0735354
0.40625 0.625 -0.0955291
0.4375 0.625 -0.117702
0.4375 0.65625 -0.0955388
0.40625 0.65625 -0.0735354
0.4375 0.75 -0.0265348
0.4375 0.71875 -0.0502402
0.46875 0.71875 -0.0696422
0.46875 0.75 -0.0435755
0.4375 0.75 -0.0265348
0.4375 0.71875 -0.0502402
0.4375 0.6875 -0.0731241
0.46875 0.6875 -0.0939217
0.46875 0.71875 -0.0696422
0.4375 0.71875 -0.0502402
0.46875 0.75 -0.0435755
0.46875 0.71875 -0.0696422
0.5 0.71875 -0.0803519
0.5 0.75 -0.0509919
0.46875 0.75 -0.0435755
0.46875 0.71875 -0.0696422
0.46875 0.6875 -0.0939217
0.5 0.6875 -0.108138
0.5 0.71875 -0.0803519
0.46875 0.71875 -0.0696422
0.4375 0.6875 -0.0731241
0.4375 0.65625 -0.0955388
0.46875 0.65625 -0.117109
0.46875 0.6875 -0.0939217
0.4375 0.6875 -0.0731241
0.4375 0.65625 -0.0955388
0.4375 0.625 -0.117702
0.46875 0.625 -0.139578
0.46875 0.65625 -0.117109
0.4375 0.65625 -0.0955388
0.46875 0.6875 -0.0939217
0.46875 0.65625 -0.117109
0.5 0.65625 -0.134153
0.5 0.6875 -0.108138
0.46875 0.6875 -0.0939217
0.46875 0.65625 -0.117109
0.46875 0.625 -0.139578
0.5 0.625 -0.158425
0.5 0.65625 -0.134153
0.46875 0.65625 -0.117109
0.375 0.625 -0.0732268
0.375 0.59375 -0.0950011
0.40625 0.59375 -0.117416
0.40625 0.625 -0.0955291
0.375 0.625 -0.0732268
0.375 0.59375 -0.0950011
0.375 0.5625 -0.11661
0.40625 0.5625 -0.139173
0.40625 0.59375 -0.117416
0.375 0.59375 -0.0950011
0.40625 0.625 -0.0955291
0.40625 0.59375 -0.117416
0.4375 0.59375 -0.139716
0.4375 0.625 -0.117702
0.40625 0.625 -0.0955291
0.40625 0.59375 -0.117416
0.40625 0.5625 -0.139173
0.4375 0.5625 -0.161605
0.4375 0.59375 -0.139716
0.40625 0.59375 -0.117416
0.375 0.5625 -0.11661
0.375 0.5 -0.154935
0.4375 0.5 -0.200865
0.4375 0.5625 -0.161605
0.375 0.5625 -0.11661
0.4375 0.625 -0.117702
0.4375 0.5625 -0.161605
0.5 0.5625 -0.205001
0.5 0.625 -0.158425
0.4375 0.625 -0.117702
0.4375 0.5625 -0.161605
0.4375 0.5 -0.200865
0.5 0.5 -0.245165
0.5 0.5625 -0.205001
0.4375 0.5625 -0.161605
0 0.5 0.200308
0 0.4375 0.206245
0.0625 0.4375 0.145076
0.0625 0.5 0.137799
0 0.5 0.200308
0 0.4375 0.206245
0 0.375 0.225153
0.0625 0.375 0.167389
0.0625 0.4375 0.145076
0 0.4375 0.206245
0.0625 0.5 0.137799
0.0625 0.46875 0.139162
0.09375 0.46875 0.108206
0.09375 0.5 0.106563
0.0625 0.5 0.137799
0.0625 0.46875 0.139162
0.0625 0.4375 0.145076
0.09375 0.4375 0.115047
0.09375 0.46875 0.108206
0.0625 0.46875 0.139162
0.09375 0.5 0.106563
0.09375 0.46875 0.108206
0.125 0.46875 0.0773471
0.125 0.5 0.0753335
0.09375 0.5 0.106563
0.09375 0.46875 0.108206
0.09375 0.4375 0.115047
0.125 0.4375 0.0852937
0.125 0.46875 0.0773471
0.09375 0.46875 0.108206
0.0625 0.4375 0.145076
0.0625 0.40625 0.154701
0.09375 0.40625 0.125832
0.09375 0.4375 0.115047
0.0625 0.4375 0.145076
0.0625 0.40625 0.154701
0.0625 0.375 0.167389
0.09375 0.375 0.139799
0.09375 0.40625 0.125832
0.0625 0.40625 0.154701
0.09375 0.4375 0.115047
0.09375 0.40625 0.125832
0.125 0.40625 0.0974372
0.125 0.4375 0.0852937
0.09375 0.4375 0.115047
0.09375 0.40625 0.125832
0.09375 0.375 0.139799
0.125 0.375 0.112854
0.125 0.40625 0.0974372
0.09375 0.40625 0.125832
0 0.375 0.225153
0 0.3125 0.253541
0.0625 0.3125 0.199928
0.0625 0.375 0.167389
0 0.375 0.225153
0 0.3125 0.253541
0 0.25 0.289214
0.0625 0.25 0.239211
0.0625 0.3125 0.199928
0 0.3125 0.253541
0.0625 0.375 0.167389
0.0625 0.3125 0.199928
0.125 0.3125 0.150381
0.125 0.375 0.112854
0.0625 0.375 0.167389
0.0625 0.3125 0.199928
0.0625 0.25 0.239211
0.125 0.25 0.192425
0.125 0.3125 0.150381
0.0625 0.3125 0.199928
0.125 0.5 0.0753335
0.125 0.46875 0.0773471
0.15625 0.46875 0.0465609
0.15625 0.5 0.0440969
0.125 0.5 0.0753335
0.125 0.46875 0.0773471
0.125 0.4375 0.0852937
0.15625 0.4375 0.0559752
0.15625 0.46875 0.0465609
0.125 0.46875 0.0773471
0.15625 0.5 0.0440969
0.15625 0.46875 0.0465609
0.1875 0.46875 0.0159793
0.1875 0.5 0.0128535
0.15625 0.5 0.0440969
0.15625 0.46875 0.0465609
0.15625 0.4375 0.0559752
0.1875 0.4375 0.027273
0.1875 0.46875 0.0159793
0.15625 0.46875 0.0465609
0.125 0.4375 0.0852937
0.125 0.40625 0.0974372
0.15625 0.40625 0.0698192
0.15625 0.4375 0.0559752
0.125 0.4375 0.0852937
0.125 0.40625 0.0974372
0.125 0.375 0.112854
0.15625 0.375 0.086966
0.15625 0.40625 0.0698192
0.125 0.40625 0.0974372
0.15625 0.4375 0.0559752
0.15625 0.40625 0.0698192
0.1875 0.40625 0.0432496
0.1875 0.4375 0.027273
0.15625 0.4375 0.0559752
0.15625 0.40625 0.0698192
0.15625 0.375 0.086966
0.1875 0.375 0.0620872
0.1875 0.40625 0.0432496
0.15625 0.40625 0.0698192
0.1875 0.5 0.0128535
0.1875 0.46875 0.0159793
0.21875 0.46875 -0.0128771
0.21875 0.5 -0.0177259
0.1875 0.5 0.0128535
0.1875 0.46875 0.0159793
0.1875 0.4375 0.027273
0.21875 0.4375 -0.000304138
0.21875 0.46875 -0.0128771
0.1875 0.46875 0.0159793
0.21875 0.5 -0.0177259
0.21875 0.46875 -0.0128771
0.25 0.46875 -0.0397646
0.25 0.5 -0.0473339
0.21875 0.5 -0.0177259
0.21875 0.46875 -0.0128771
0.21875 0.4375 -0.000304138
0.25 0.4375 -0.0246681
0.25 0.46875 -0.0397646
0.21875 0.46875 -0.0128771
0.1875 0.4375 0.027273
0.1875 0.40625 0.0432496
0.21875 0.40625 0.0178802
0.21875 0.4375 -0.000304138
0.1875 0.4375 0.027273
0.1875 0.40625 0.0432496
0.1875 0.375 0.0620872
0.21875 0.375 0.0382043
0.21875 0.40625 0.0178802
0.1875 0.40625 0.0432496
0.21875 0.4375 -0.000304138
0.21875 0.40625 0.0178802
0.25 0.40625 -0.00602925
0.25 0.4375 -0.0246681
0.21875 0.4375 -0.000304138
0.21875 0.40625 0.0178802
0.21875 0.375 0.0382043
0.25 0.375 0.0151838
0.25 0.40625 -0.00602925
0.21875 0.40625 0.0178802
0.125 0.375 0.112854
0.125 0.34375 0.130763
0.15625 0.34375 0.106222
0.15625 0.375 0.086966
0.125 0.375 0.112854
0.125 0.34375 0.130763
0.125 0.3125 0.150381
0.15625 0.3125 0.126772
0.15625 0.34375 0.106222
0.125 0.34375 0.130763
0.15625 0.375 0.086966
0.15625 0.34375 0.106222
0.1875 0.34375 0.082502
0.1875 0.375 0.0620872
0.15625 0.375 0.086966
0.15625 0.34375 0.106222
0.15625 0.3125 0.126772
0.1875 0.3125 0.103759
0.1875 0.34375 0.082502
0.15625 0.34375 0.106222
0.125 0.3125 0.150381
0.125 0.25 0.192425
0.1875 0.25 0.147472
0.1875 0.3125 0.103759
0.125 0.3125 0.150381
0.1875 0.375 0.0620872
0.1875 0.34375 0.082502
0.21875 0.34375 0.0594816
0.21875 0.375 0.0382043
0.1875 0.375 0.0620872
0.1875 0.34375 0.082502
0.1875 0.3125 0.103759
0.21875 0.3125 0.0812379
0.21875 0.34375 0.0594816
0.1875 0.34375 0.082502
0.21875 0.375 0.0382043
0.21875 0.34375 0.0594816
0.25 0.34375 0.0369849
0.25 0.375 0.0151838
0.21875 0.375 0.0382043
0.21875 0.34375 0.0594816
0.21875 0.3125 0.0812379
0.25 0.3125 0.0590343
0.25 0.34375 0.0369849
0.21875 0.34375 0.0594816
0.1875 0.3125 0.103759
0.1875 0.28125 0.12548
0.21875 0.28125 0.103253
0.21875 0.3125 0.0812379
0.1875 0.3125 0.103759
0.1875 0.28125 0.12548
0.1875 0.25 0.147472
0.21875 0.25 0.12543
0.21875 0.28125 0.103253
0.1875 0.28125 0.12548
0.21875 0.3125 0.0812379
0.21875 0.28125 0.103253
0.25 0.28125 0.0812307
0.25 0.3125 0.0590343
0.21875 0.3125 0.0812379
0.21875 0.28125 0.103253
0.21875 0.25 0.12543
0.25 0.25 0.103546
0.25 0.28125 0.0812307
0.21875 0.28125 0.103253
0 0.25 0.289214
0 0.125 0.371348
0.125 0.125 0.280308
0.125 0.25 0.192425
0 0.25 0.289214
0 0.125 0.371348
0 0 0.460483
0.125 0 0.372834
0.125 0.125 0.280308
0 0.125 0.371348
0.125 0.25 0.192425
0.125 0.1875 0.235978
0.1875 0.1875 0.19191
0.1875 0.25 0.147472
0.125 0.25 0.192425
0.125 0.1875 0.235978
0.125 0.125 0.280308
0.1875 0.125 0.237033
0.1875 0.1875 0.19191
0.125 0.1875 0.235978
0.1875 0.25 0.147472
0.1875 0.1875 0.19191
0.25 0.1875 0.148585
0.25 0.25 0.103546
0.1875 0.25 0.147472
0.1875 0.1875 0.19191
0.1875 0.125 0.237033
0.25 0.125 0.194542
0.25 0.1875 0.148585
0.1875 0.1875 0.19191
0.125 0.125 0.280308
0.125 0 0.372834
0.25 0 0.292317
0.25 0.125 0.194542
0.125 0.125 0.280308
0.25 0.5 -0.0473339
0.25 0.46875 -0.0397646
0.28125 0.46875 -0.0655118
0.28125 0.5 -0.075918
0.25 0.5 -0.0473339
0.25 0.46875 -0.0397646
0.25 0.4375 -0.0246681
0.28125 0.4375 -0.0484541
0.28125 0.46875 -0.0655118
0.25 0.46875 -0.0397646
0.28125 0.5 -0.075918
0.28125 0.46875 -0.0655118
0.3125 0.46875 -0.0902787
0.3125 0.5 -0.103392
0.28125 0.5 -0.075918
0.28125 0.46875 -0.0655118
0.28125 0.4375 -0.0484541
0.3125 0.4375 -0.071654
0.3125 0.46875 -0.0902787
0.28125 0.46875 -0.0655118
0.25 0.4375 -0.0246681
0.25 0.40625 -0.00602925
0.28125 0.40625 -0.0286054
0.28125 0.4375 -0.0484541
0.25 0.4375 -0.0246681
0.25 0.40625 -0.00602925
0.25 0.375 0.0151838
0.28125 0.375 -0.00723582
0.28125 0.40625 -0.0286054
0.25 0.40625 -0.00602925
0.28125 0.4375 -0.0484541
0.28125 0.40625 -0.0286054
0.3125 0.40625 -0.0509844
0.3125 0.4375 -0.071654
0.28125 0.4375 -0.0484541
0.28125 0.40625 -0.0286054
0.28125 0.375 -0.00723582
0.3125 0.375 -0.0292619
0.3125 0.40625 -0.0509844
0.28125 0.40625 -0.0286054
0.3125 0.5 -0.103392
0.3125 0.46875 -0.0902787
0.34375 0.46875 -0.114203
0.34375 0.5 -0.129695
0.3125 0.5 -0.103392
0.3125 0.46875 -0.0902787
0.3125 0.4375 -0.071654
0.34375 0.4375 -0.094409
0.34375 0.46875 -0.114203
0.3125 0.46875 -0.0902787
0.34375 0.5 -0.129695
0.34375 0.46875 -0.114203
0.375 0.46875 -0.1375
0.375 0.5 -0.154935
0.34375 0.5 -0.129695
0.34375 0.46875 -0.114203
0.34375 0.4375 -0.094409
0.375 0.4375 -0.116834
0.375 0.46875 -0.1375
0.34375 0.46875 -0.114203
0.3125 0.4375 -0.071654
0.3125 0.40625 -0.0509844
0.34375 0.40625 -0.073166
0.34375 0.4375 -0.094409
0.3125 0.4375 -0.071654
0.3125 0.40625 -0.0509844
0.3125 0.375 -0.0292619
0.34375 0.375 -0.0511957
0.34375 0.40625 -0.073166
0.3125 0.40625 -0.0509844
0.34375 0.4375 -0.094409
0.34375 0.40625 -0.073166
0.375 0.40625 -0.0951771
0.375 0.4375 -0.116834
0.34375 0.4375 -0.094409
0.34375 0.40625 -0.073166
0.34375 0.375 -0.0511957
0.375 0.375 -0.0730063
0.375 0.40625 -0.0951771
0.34375 0.40625 -0.073166
0.25 0.375 0.0151838
0.25 0.34375 0.0369849
0.28125 0.34375 0.0148162
0.28125 0.375 -0.00723582
0.25 0.375 0.0151838
0.25 0.34375 0.0369849
0.25 0.3125 0.0590343
0.28125 0.3125 0.0370317
0.28125 0.34375 0.0148162
0.25 0.34375 0.0369849
0.28125 0.375 -0.00723582
0.28125 0.34375 0.0148162
0.3125 0.34375 -0.00715519
0.3125 0.375 -0.0292619
0.28125 0.375 -0.00723582
0.28125 0.34375 0.0148162
0.28125 0.3125 0.0370317
0.3125 0.3125 0.0151656
0.3125 0.34375 -0.00715519
0.28125 0.34375 0.0148162
0.25 0.3125 0.0590343
0.25 0.28125 0.0812307
0.28125 0.28125 0.0593547
0.28125 0.3125 0.0370317
0.25 0.3125 0.0590343
0.25 0.28125 0.0812307
0.25 0.25 0.103546
0.28125 0.25 0.081796
0.28125 0.28125 0.0593547
0.25 0.28125 0.0812307
0.28125 0.3125 0.0370317
0.28125 0.28125 0.0593547
0.3125 0.28125 0.0375997
0.3125 0.3125 0.0151656
0.28125 0.3125 0.0370317
0.28125 0.28125 0.0593547
0.28125 0.25 0.081796
0.3125 0.25 0.0601744
0.3125 0.28125 0.0375997
0.28125 0.28125 0.0593547
0.3125 0.375 -0.0292619
0.3125 0.34375 -0.00715519
0.34375 0.34375 -0.0289627
0.34375 0.375 -0.0511957
0.3125 0.375 -0.0292619
0.3125 0.34375 -0.00715519
0.3125 0.3125 0.0151656
0.34375 0.3125 -0.00658571
0.34375 0.34375 -0.0289627
0.3125 0.34375 -0.00715519
0.34375 0.375 -0.0511957
0.34375 0.34375 -0.0289627
0.375 0.34375 -0.0506346
0.375 0.375 -0.0730063
0.34375 0.375 -0.0511957
0.34375 0.34375 -0.0289627
0.34375 0.3125 -0.00658571
0.375 0.3125 -0.0281243
0.375 0.34375 -0.0506346
0.34375 0.34375 -0.0289627
0.3125 0.3125 0.0151656
0.3125 0.28125 0.0375997
0.34375 0.28125 0.0159623
0.34375 0.3125 -0.00658571
0.3125 0.3125 0.0151656
0.3125 0.28125 0.0375997
0.3125 0.25 0.0601744
0.34375 0.25 0.0387257
0.34375 0.28125 0.0159623
0.3125 0.28125 0.0375997
0.34375 0.3125 -0.00658571
0.34375 0.28125 0.0159623
0.375 0.28125 -0.00545902
0.375 0.3125 -0.0281243
0.34375 0.3125 -0.00658571
0.34375 0.28125 0.0159623
0.34375 0.25 0.0387257
0.375 0.25 0.0175845
0.375 0.28125 -0.00545902
0.34375 0.28125 0.0159623
0.375 0.5 -0.154935
0.375 0.4375 -0.116834
0.4375 0.4375 -0.160867
0.4375 0.5 -0.200865
0.375 0.5 -0.154935
0.375 0.4375 -0.116834
0.375 0.40625 -0.0951771
0.40625 0.40625 -0.117
0.40625 0.4375 -0.138992
0.375 0.4375 -0.116834
0.375 0.40625 -0.0951771
0.375 0.375 -0.0730063
0.40625 0.375 -0.0946308
0.40625 0.40625 -0.117
0.375 0.40625 -0.0951771
0.40625 0.4375 -0.138992
0.40625 0.40625 -0.117
0.4375 0.40625 -0.138561
0.4375 0.4375 -0.160867
0.40625 0.4375 -0.138992
0.40625 0.40625 -0.117
0.40625 0.375 -0.0946308
0.4375 0.375 -0.115942
0.4375 0.40625 -0.138561
0.40625 0.40625 -0.117
0.4375 0.5 -0.200865
0.4375 0.4375 -0.160867
0.5 0.4375 -0.202205
0.5 0.5 -0.245165
0.4375 0.5 -0.200865
0.4375 0.4375 -0.160867
0.4375 0.375 -0.115942
0.5 0.375 -0.15577
0.5 0.4375 -0.202205
0.4375 0.4375 -0.160867
0.375 0.375 -0.0730063
0.375 0.34375 -0.0506346
0.40625 0.34375 -0.0720743
0.40625 0.375 -0.0946308
0.375 0.375 -0.0730063
0.375 0.34375 -0.0506346
0.375 0.3125 -0.0281243
0.40625 0.3125 -0.049325
0.40625 0.34375 -0.0720743
0.375 0.34375 -0.0506346
0.40625 0.375 -0.0946308
0.40625 0.34375 -0.0720743
0.4375 0.34375 -0.0930623
0.4375 0.375 -0.115942
0.40625 0.375 -0.0946308
0.40625 0.34375 -0.0720743
0.40625 0.3125 -0.049325
0.4375 0.3125 -0.0698676
0.4375 0.34375 -0.0930623
0.40625 0.34375 -0.0720743
0.375 0.3125 -0.0281243
0.375 0.28125 -0.00545902
0.40625 0.28125 -0.0263329
0.40625 0.3125 -0.049325
0.375 0.3125 -0.0281243
0.375 0.28125 -0.00545902
0.375 0.25 0.0175845
0.40625 0.25 -0.00300271
0.40625 0.28125 -0.0263329
0.375 0.28125 -0.00545902
0.40625 0.3125 -0.049325
0.40625 0.28125 -0.0263329
0.4375 0.28125 -0.0462449
0.4375 0.3125 -0.0698676
0.40625 0.3125 -0.049325
0.40625 0.28125 -0.0263329
0.40625 0.25 -0.00300271
0.4375 0.25 -0.0220551
0.4375 0.28125 -0.0462449
0.40625 0.28125 -0.0263329
0.4375 0.375 -0.115942
0.4375 0.34375 -0.0930623
0.46875 0.34375 -0.113121
0.46875 0.375 -0.136604
0.4375 0.375 -0.115942
0.4375 0.34375 -0.0930623
0.4375 0.3125 -0.0698676
0.46875 0.3125 -0.0890273
0.46875 0.34375 -0.113121
0.4375 0.34375 -0.0930623
0.46875 0.375 -0.136604
0.46875 0.34375 -0.113121
0.5 0.34375 -0.130961
0.5 0.375 -0.15577
0.46875 0.375 -0.136604
0.46875 0.34375 -0.113121
0.46875 0.3125 -0.0890273
0.5 0.3125 -0.105174
0.5 0.34375 -0.130961
0.46875 0.34375 -0.113121
0.4375 0.3125 -0.0698676
0.4375 0.28125 -0.0462449
0.46875 0.28125 -0.0642161
0.46875 0.3125 -0.0890273
0.4375 0.3125 -0.0698676
0.4375 0.28125 -0.0462449
0.4375 0.25 -0.0220551
0.46875 0.25 -0.0384487
0.46875 0.28125 -0.0642161
0.4375 0.28125 -0.0462449
0.46875 0.3125 -0.0890273
0.46875 0.28125 -0.0642161
0.5 0.28125 -0.0781259
0.5 0.3125 -0.105174
0.46875 0.3125 -0.0890273
0.46875 0.28125 -0.0642161
0.46875 0.25 -0.0384487
0.5 0.25 -0.0497728
0.5 0.28125 -0.0781259
0.46875 0.28125 -0.0642161
0.25 0.25 0.103546
0.25 0.21875 0.12599
0.28125 0.21875 0.104381
0.28125 0.25 0.081796
0.25 0.25 0.103546
0.25 0.21875 0.12599
0.25 0.1875 0.148585
0.28125 0.1875 0.127159
0.28125 0.21875 0.104381
0.25 0.21875 0.12599
0.28125 0.25 0.081796
0.28125 0.21875 0.104381
0.3125 0.21875 0.0829476
0.3125 0.25 0.0601744
0.28125 0.25 0.081796
0.28125 0.21875 0.104381
0.28125 0.1875 0.127159
0.3125 0.1875 0.106008
0.3125 0.21875 0.0829476
0.28125 0.21875 0.104381
0.25 0.1875 0.148585
0.25 0.125 0.194542
0.3125 0.125 0.153449
0.3125 0.1875 0.106008
0.25 0.1875 0.148585
0.3125 0.25 0.0601744
0.3125 0.21875 0.0829476
0.34375 0.21875 0.0617958
0.34375 0.25 0.0387257
0.3125 0.25 0.0601744
0.3125 0.21875 0.0829476
0.3125 0.1875 0.106008
0.34375 0.1875 0.0853016
0.34375 0.21875 0.0617958
0.3125 0.21875 0.0829476
0.34375 0.25 0.0387257
0.34375 0.21875 0.0617958
0.375 0.21875 0.0411286
0.375 0.25 0.0175845
0.34375 0.25 0.0387257
0.34375 0.21875 0.0617958
0.34375 0.1875 0.0853016
0.375 0.1875 0.0653318
0.375 0.21875 0.0411286
0.34375 0.21875 0.0617958
0.3125 0.1875 0.106008
0.3125 0.15625 0.129484
0.34375 0.15625 0.10937
0.34375 0.1875 0.0853016
0.3125 0.1875 0.106008
0.3125 0.15625 0.129484
0.3125 0.125 0.153449
0.34375 0.125 0.134101
0.34375 0.15625 0.10937
0.3125 0.15625 0.129484
0.34375 0.1875 0.0853016
0.34375 0.15625 0.10937
0.375 0.15625 0.090329
0.375 0.1875 0.0653318
0.34375 0.1875 0.0853016
0.34375 0.15625 0.10937
0.34375 0.125 0.134101
0.375 0.125 0.116155
0.375 0.15625 0.090329
0.34375 0.15625 0.10937
0.25 0.125 0.194542
0.25 0.0625 0.242048
0.3125 0.0625 0.203306
0.3125 0.125 0.153449
0.25 0.125 0.194542
0.25 0.0625 0.242048
0.25 0 0.292317
0.3125 0 0.256726
0.3125 0.0625 0.203306
0.25 0.0625 0.242048
0.3125 0.125 0.153449
0.3125 0.0625 0.203306
0.375 0.0625 0.170235
0.375 0.125 0.116155
0.3125 0.125 0.153449
0.3125 0.0625 0.203306
0.3125 0 0.256726
0.375 0 0.227512
0.375 0.0625 0.170235
0.3125 0.0625 0.203306
0.375 0.25 0.0175845
0.375 0.21875 0.0411286
0.40625 0.21875 0.0212807
0.40625 0.25 -0.00300271
0.375 0.25 0.0175845
0.375 0.21875 0.0411286
0.375 0.1875 0.0653318
0.40625 0.1875 0.0465923
0.40625 0.21875 0.0212807
0.375 0.21875 0.0411286
0.40625 0.25 -0.00300271
0.40625 0.21875 0.0212807
0.4375 0.21875 0.00303397
0.4375 0.25 -0.0220551
0.40625 0.25 -0.00300271
0.40625 0.21875 0.0212807
0.40625 0.1875 0.0465923
0.4375 0.1875 0.030144
0.4375 0.21875 0.00303397
0.40625 0.21875 0.0212807
0.375 0.1875 0.0653318
0.375 0.15625 0.090329
0.40625 0.15625 0.0729699
0.40625 0.1875 0.0465923
0.375 0.1875 0.0653318
0.375 0.15625 0.090329
0.375 0.125 0.116155
0.40625 0.125 0.100213
0.40625 0.15625 0.0729699
0.375 0.15625 0.090329
0.40625 0.1875 0.0465923
0.40625 0.15625 0.0729699
0.4375 0.15625 0.0582745
0.4375 0.1875 0.030144
0.40625 0.1875 0.0465923
0.40625 0.15625 0.0729699
0.40625 0.125 0.100213
0.4375 0.125 0.0871038
0.4375 0.15625 0.0582745
0.40625 0.15625 0.0729699
0.4375 0.25 -0.0220551
0.4375 0.21875 0.00303397
0.46875 0.21875 -0.0116106
0.46875 0.25 -0.0384487
0.4375 0.25 -0.0220551
0.4375 0.21875 0.00303397
0.4375 0.1875 0.030144
0.46875 0.1875 0.0173341
0.46875 0.21875 -0.0116106
0.4375 0.21875 0.00303397
0.46875 0.25 -0.0384487
0.46875 0.21875 -0.0116106
0.5 0.21875 -0.0203246
0.5 0.25 -0.0497728
0.46875 0.25 -0.0384487
0.46875 0.21875 -0.0116106
0.46875 0.1875 0.0173341
0.5 0.1875 0.0104385
0.5 0.21875 -0.0203246
0.46875 0.21875 -0.0116106
0.4375 0.1875 0.030144
0.4375 0.15625 0.0582745
0.46875 0.15625 0.0472688
0.46875 0.1875 0.0173341
0.4375 0.1875 0.030144
0.4375 0.15625 0.0582745
0.4375 0.125 0.0871038
0.46875 0.125 0.0775977
0.46875 0.15625 0.0472688
0.4375 0.15625 0.0582745
0.46875 0.1875 0.0173341
0.46875 0.15625 0.0472688
0.5 0.15625 0.0416703
0.5 0.1875 0.0104385
0.46875 0.1875 0.0173341
0.46875 0.15625 0.0472688
0.46875 0.125 0.0775977
0.5 0.125 0.0728975
0.5 0.15625 0.0416703
0.46875 0.15625 0.0472688
0.375 0.125 0.116155
0.375 0.09375 0.142881
0.40625 0.09375 0.128237
0.40625 0.125 0.100213
0.375 0.125 0.116155
0.375 0.09375 0.142881
0.375 0.0625 0.170235
0.40625 0.0625 0.156781
0.40625 0.09375 0.128237
0.375 0.09375 0.142881
0.40625 0.125 0.100213
0.40625 0.09375 0.128237
0.4375 0.09375 0.116461
0.4375 0.125 0.0871038
0.40625 0.125 0.100213
0.40625 0.09375 0.128237
0.40625 0.0625 0.156781
0.4375 0.0625 0.146162
0.4375 0.09375 0.116461
0.40625 0.09375 0.128237
0.375 0.0625 0.170235
0.375 0 0.227512
0.4375 0 0.206816
0.4375 0.0625 0.146162
0.375 0.0625 0.170235
0.4375 0.125 0.0871038
0.4375 0.09375 0.116461
0.46875 0.09375 0.108105
0.46875 0.125 0.0775977
0.4375 0.125 0.0871038
0.4375 0.09375 0.116461
0.4375 0.0625 0.146162
0.46875 0.0625 0.138801
0.46875 0.09375 0.108105
0.4375 0.09375 0.116461
0.46875 0.125 0.0775977
0.46875 0.09375 0.108105
0.5 0.09375 0.104112
0.5 0.125 0.0728975
0.46875 0.125 0.0775977
0.46875 0.09375 0.108105
0.46875 0.0625 0.138801
0.5 0.0625 0.135307
0.5 0.09375 0.104112
0.46875 0.09375 0.108105
0.4375 0.0625 0.146162
0.4375 0 0.206816
0.5 0 0.197752
0.5 0.0625 0.135307
0.4375 0.0625 0.146162
0.5 1 0.197734
0.5 0.9375 0.135276
0.5625 0.9375 0.147298
0.5625 1 0.207693
0.5 1 0.197734
0.5 0.9375 0.135276
0.5 0.90625 0.104062
0.53125 0.90625 0.108526
0.53125 0.9375 0.139175
0.5 0.9375 0.135276
0.5 0.90625 0.104062
0.5 0.875 0.0728396
0.53125 0.875 0.0779824
0.53125 0.90625 0.108526
0.5 0.90625 0.104062
0.53125 0.9375 0.139175
0.53125 0.90625 0.108526
0.5625 0.90625 0.117514
0.5625 0.9375 0.147298
0.53125 0.9375 0.139175
0.53125 0.90625 0.108526
0.53125 0.875 0.0779824
0.5625 0.875 0.0880514
0.5625 0.90625 0.117514
0.53125 0.90625 0.108526
0.5625 1 0.207693
0.5625 0.9375 0.147298
0.625 0.9375 0.172994
0.625 1 0.229734
0.5625 1 0.207693
0.5625 0.9375 0.147298
0.5625 0.90625 0.117514
0.59375 0.90625 0.130158
0.59375 0.9375 0.158834
0.5625 0.9375 0.147298
0.5625 0.90625 0.117514
0.5625 0.875 0.0880514
0.59375 0.875 0.10196
0.59375 0.90625 0.130158
0.5625 0.90625 0.117514
0.59375 0.9375 0.158834
0.59375 0.90625 0.130158
0.625 0.90625 0.145396
0.625 0.9375 0.172994
0.59375 0.9375 0.158834
0.59375 0.90625 0.130158
0.59375 0.875 0.10196
0.625 0.875 0.118345
0.625 0.90625 0.145396
0.59375 0.90625 0.130158
0.5 0.875 0.0728396
0.5 0.84375 0.0416079
0.53125 0.84375 0.0476077
0.53125 0.875 0.0779824
0.5 0.875 0.0728396
0.5 0.84375 0.0416079
0.5 0.8125 0.0103634
0.53125 0.8125 0.0174782
0.53125 0.84375 0.0476077
0.5 0.84375 0.0416079
0.53125 0.875 0.0779824
0.53125 0.84375 0.0476077
0.5625 0.84375 0.0589975
0.5625 0.875 0.0880514
0.53125 0.875 0.0779824
0.53125 0.84375 0.0476077
0.53125 0.8125 0.0174782
0.5625 0.8125 0.0304863
0.5625 0.84375 0.0589975
0.53125 0.84375 0.0476077
0.5 0.8125 0.0103634
0.5 0.78125 -0.0206049
0.53125 0.78125 -0.0119023
0.53125 0.8125 0.0174782
0.5 0.8125 0.0103634
0.5 0.78125 -0.0206049
0.5 0.75 -0.0509919
0.53125 0.75 -0.039769
0.53125 0.78125 -0.0119023
0.5 0.78125 -0.0206049
0.53125 0.8125 0.0174782
0.53125 0.78125 -0.0119023
0.5625 0.78125 0.00270073
0.5625 0.8125 0.0304863
0.53125 0.8125 0.0174782
0.53125 0.78125 -0.0119023
0.53125 0.75 -0.039769
0.5625 0.75 -0.0229227
0.5625 0.78125 0.00270073
0.53125 0.78125 -0.0119023
0.5625 0.875 0.0880514
0.5625 0.84375 0.0589975
0.59375 0.84375 0.0743445
0.59375 0.875 0.10196
0.5625 0.875 0.0880514
0.5625 0.84375 0.0589975
0.5625 0.8125 0.0304863
0.59375 0.8125 0.0474416
0.59375 0.84375 0.0743445
0.5625 0.84375 0.0589975
0.59375 0.875 0.10196
0.59375 0.84375 0.0743445
0.625 0.84375 0.091958
0.625 0.875 0.118345
0.59375 0.875 0.10196
0.59375 0.84375 0.0743445
0.59375 0.8125 0.0474416
0.625 0.8125 0.066294
0.625 0.84375 0.091958
0.59375 0.84375 0.0743445
0.5625 0.8125 0.0304863
0.5625 0.78125 0.00270073
0.59375 0.78125 0.0214008
0.59375 0.8125 0.0474416
0.5625 0.8125 0.0304863
0.5625 0.78125 0.00270073
0.5625 0.75 -0.0229227
0.59375 0.75 -0.00347156
0.59375 0.78125 0.0214008
0.5625 0.78125 0.00270073
0.59375 0.8125 0.0474416
0.59375 0.78125 0.0214008
0.625 0.78125 0.0414128
0.625 0.8125 0.066294
0.59375 0.8125 0.0474416
0.59375 0.78125 0.0214008
0.59375 0.75 -0.00347156
0.625 0.75 0.0173326
0.625 0.78125 0.0414128
0.59375 0.78125 0.0214008
0.625 1 0.229734
0.625 0.9375 0.172994
0.6875 0.9375 0.207113
0.6875 1 0.260111
0.625 1 0.229734
0.625 0.9375 0.172994
0.625 0.875 0.118345
0.6875 0.875 0.155555
0.6875 0.9375 0.207113
0.625 0.9375 0.172994
0.6875 1 0.260111
0.6875 0.9375 0.207113
0.75 0.9375 0.245695
0.75 1 0.295993
0.6875 1 0.260111
0.6875 0.9375 0.207113
0.6875 0.875 0.155555
0.75 0.875 0.196631
0.75 0.9375 0.245695
0.6875 0.9375 0.207113
0.625 0.875 0.118345
0.625 0.84375 0.091958
0.65625 0.84375 0.111013
0.65625 0.875 0.13645
0.625 0.875 0.118345
0.625 0.84375 0.091958
0.625 0.8125 0.066294
0.65625 0.8125 0.0862587
0.65625 0.84375 0.111013
0.625 0.84375 0.091958
0.65625 0.875 0.13645
0.65625 0.84375 0.111013
0.6875 0.84375 0.130941
0.6875 0.875 0.155555
0.65625 0.875 0.13645
0.65625 0.84375 0.111013
0.65625 0.8125 0.0862587
0.6875 0.8125 0.10687
0.6875 0.84375 0.130941
0.65625 0.84375 0.111013
0.625 0.8125 0.066294
0.625 0.78125 0.0414128
0.65625 0.78125 0.0621828
0.65625 0.8125 0.0862587
0.625 0.8125 0.066294
0.625 0.78125 0.0414128
0.625 0.75 0.0173326
0.65625 0.75 0.0387376
0.65625 0.78125 0.0621828
0.625 0.78125 0.0414128
0.65625 0.8125 0.0862587
0.65625 0.78125 0.0621828
0.6875 0.78125 0.0833512
0.6875 0.8125 0.10687
0.65625 0.8125 0.0862587
0.65625 0.78125 0.0621828
0.65625 0.75 0.0387376
0.6875 0.75 0.0602991
0.6875 0.78125 0.0833512
0.65625 0.78125 0.0621828
0.6875 0.875 0.155555
0.6875 0.8125 0.10687
0.75 0.8125 0.149253
0.75 0.875 0.196631
0.6875 0.875 0.155555
0.6875 0.8125 0.10687
0.6875 0.78125 0.0833512
0.71875 0.78125 0.104786
0.71875 0.8125 0.12792
0.6875 0.8125 0.10687
0.6875 0.78125 0.0833512
0.6875 0.75 0.0602991
0.71875 0.75 0.0820025
0.71875 0.78125 0.104786
0.6875 0.78125 0.0833512
0.71875 0.8125 0.12792
0.71875 0.78125 0.104786
0.75 0.78125 0.126423
0.75 0.8125 0.149253
0.71875 0.8125 0.12792
0.71875 0.78125 0.104786
0.71875 0.75 0.0820025
0.75 0.75 0.103862
0.75 0.78125 0.126423
0.71875 0.78125 0.104786
0.5 0.75 -0.0509919
0.5 0.71875 -0.0803519
0.53125 0.71875 -0.0660824
0.53125 0.75 -0.039769
0.5 0.75 -0.0509919
0.5 0.71875 -0.0803519
0.5 0.6875 -0.108138
0.53125 0.6875 -0.0909514
0.53125 0.71875 -0.0660824
0.5 0.71875 -0.0803519
0.53125 0.75 -0.039769
0.53125 0.71875 -0.0660824
0.5625 0.71875 -0.0473175
0.5625 0.75 -0.0229227
0.53125 0.75 -0.039769
0.53125 0.71875 -0.0660824
0.53125 0.6875 -0.0909514
0.5625 0.6875 -0.0708823
0.5625 0.71875 -0.0473175
0.53125 0.71875 -0.0660824
0.5 0.6875 -0.108138
0.5 0.65625 -0.134153
0.53125 0.65625 -0.114805
0.53125 0.6875 -0.0909514
0.5 0.6875 -0.108138
0.5 0.65625 -0.134153
0.5 0.625 -0.158425
0.53125 0.625 -0.137934
0.53125 0.65625 -0.114805
0.5 0.65625 -0.134153
0.53125 0.6875 -0.0909514
0.53125 0.65625 -0.114805
0.5625 0.65625 -0.0939192
0.5625 0.6875 -0.0708823
0.53125 0.6875 -0.0909514
0.53125 0.65625 -0.114805
0.53125 0.625 -0.137934
0.5625 0.625 -0.116647
0.5625 0.65625 -0.0939192
0.53125 0.65625 -0.114805
0.5625 0.75 -0.0229227
0.5625 0.71875 -0.0473175
0.59375 0.71875 -0.0269023
0.59375 0.75 -0.00347156
0.5625 0.75 -0.0229227
0.5625 0.71875 -0.0473175
0.5625 0.6875 -0.0708823
0.59375 0.6875 -0.0498363
0.59375 0.71875 -0.0269023
0.5625 0.71875 -0.0473175
0.59375 0.75 -0.00347156
0.59375 0.71875 -0.0269023
0.625 0.71875 -0.00573592
0.625 0.75 0.0173326
0.59375 0.75 -0.00347156
0.59375 0.71875 -0.0269023
0.59375 0.6875 -0.0498363
0.625 0.6875 -0.0283536
0.625 0.71875 -0.00573592
0.59375 0.71875 -0.0269023
0.5625 0.6875 -0.0708823
0.5625 0.65625 -0.0939192
0.59375 0.65625 -0.0725049
0.59375 0.6875 -0.0498363
0.5625 0.6875 -0.0708823
0.5625 0.65625 -0.0939192
0.5625 0.625 -0.116647
0.59375 0.625 -0.0950143
0.59375 0.65625 -0.0725049
0.5625 0.65625 -0.0939192
0.59375 0.6875 -0.0498363
0.59375 0.65625 -0.0725049
0.625 0.65625 -0.0508366
0.625 0.6875 -0.0283536
0.59375 0.6875 -0.0498363
0.59375 0.65625 -0.0725049
0.59375 0.625 -0.0950143
0.625 0.625 -0.0732124
0.625 0.65625 -0.0508366
0.59375 0.65625 -0.0725049
0.5 0.625 -0.158425
0.5 0.5625 -0.205001
0.5625 0.5625 -0.161591
0.5625 0.625 -0.116647
0.5 0.625 -0.158425
0.5 0.5625 -0.205001
0.5 0.5 -0.245165
0.5625 0.5 -0.201387
0.5625 0.5625 -0.161591
0.5 0.5625 -0.205001
0.5625 0.625 -0.116647
0.5625 0.59375 -0.13919
0.59375 0.59375 -0.117401
0.59375 0.625 -0.0950143
0.5625 0.625 -0.116647
0.5625 0.59375 -0.13919
0.5625 0.5625 -0.161591
0.59375 0.5625 -0.139651
0.59375 0.59375 -0.117401
0.5625 0.59375 -0.13919
0.59375 0.625 -0.0950143
0.59375 0.59375 -0.117401
0.625 0.59375 -0.0954702
0.625 0.625 -0.0732124
0.59375 0.625 -0.0950143
0.59375 0.59375 -0.117401
0.59375 0.5625 -0.139651
0.625 0.5625 -0.117561
0.625 0.59375 -0.0954702
0.59375 0.59375 -0.117401
0.5625 0.5625 -0.161591
0.5625 0.5 -0.201387
0.625 0.5 -0.153562
0.625 0.5625 -0.117561
0.5625 0.5625 -0.161591
0.625 0.75 0.0173326
0.625 0.71875 -0.00573592
0.65625 0.71875 0.0158512
0.65625 0.75 0.0387376
0.625 0.75 0.0173326
0.625 0.71875 -0.00573592
0.625 0.6875 -0.0283536
0.65625 0.6875 -0.00664743
0.65625 0.71875 0.0158512
0.625 0.71875 -0.00573592
0.65625 0.75 0.0387376
0.65625 0.71875 0.0158512
0.6875 0.71875 0.0376318
0.6875 0.75 0.0602991
0.65625 0.75 0.0387376
0.65625 0.71875 0.0158512
0.65625 0.6875 -0.00664743
0.6875 0.6875 0.0152015
0.6875 0.71875 0.0376318
0.65625 0.71875 0.0158512
0.625 0.6875 -0.0283536
0.625 0.65625 -0.0508366
0.65625 0.65625 -0.0290212
0.65625 0.6875 -0.00664743
0.625 0.6875 -0.0283536
0.625 0.65625 -0.0508366
0.625 0.625 -0.0732124
0.65625 0.625 -0.0512875
0.65625 0.65625 -0.0290212
0.625 0.65625 -0.0508366
0.65625 0.6875 -0.00664743
0.65625 0.65625 -0.0290212
0.6875 0.65625 -0.00709368
0.6875 0.6875 0.0152015
0.65625 0.6875 -0.00664743
0.65625 0.65625 -0.0290212
0.65625 0.625 -0.0512875
0.6875 0.625 -0.0292511
0.6875 0.65625 -0.00709368
0.65625 0.65625 -0.0290212
0.6875 0.75 0.0602991
0.6875 0.71875 0.0376318
0.71875 0.71875 0.0595075
0.71875 0.75 0.0820025
0.6875 0.75 0.0602991
0.6875 0.71875 0.0376318
0.6875 0.6875 0.0152015
0.71875 0.6875 0.0371795
0.71875 0.71875 0.0595075
0.6875 0.71875 0.0376318
0.71875 0.75 0.0820025
0.71875 0.71875 0.0595075
0.75 0.71875 0.0815328
0.75 0.75 0.103862
0.71875 0.75 0.0820025
0.71875 0.71875 0.0595075
0.71875 0.6875 0.0371795
0.75 0.6875 0.0593591
0.75 0.71875 0.0815328
0.71875 0.71875 0.0595075
0.6875 0.6875 0.0152015
0.6875 0.65625 -0.00709368
0.71875 0.65625 0.0149694
0.71875 0.6875 0.0371795
0.6875 0.6875 0.0152015
0.6875 0.65625 -0.00709368
0.6875 0.625 -0.0292511
0.71875 0.625 -0.00707562
0.71875 0.65625 0.0149694
0.6875 0.65625 -0.00709368
0.71875 0.6875 0.0371795
0.71875 0.65625 0.0149694
0.75 0.65625 0.0373622
0.75 0.6875 0.0593591
0.71875 0.6875 0.0371795
0.71875 0.65625 0.0149694
0.71875 0.625 -0.00707562
0.75 0.625 0.0156113
0.75 0.65625 0.0373622
0.71875 0.65625 0.0149694
0.625 0.625 -0.0732124
0.625 0.59375 -0.0954702
0.65625 0.59375 -0.0734107
0.65625 0.625 -0.0512875
0.625 0.625 -0.0732124
0.625 0.59375 -0.0954702
0.625 0.5625 -0.117561
0.65625 0.5625 -0.0952703
0.65625 0.59375 -0.0734107
0.625 0.59375 -0.0954702
0.65625 0.625 -0.0512875
0.65625 0.59375 -0.0734107
0.6875 0.59375 -0.0511829
0.6875 0.625 -0.0292511
0.65625 0.625 -0.0512875
0.65625 0.59375 -0.0734107
0.65625 0.5625 -0.0952703
0.6875 0.5625 -0.0726288
0.6875 0.59375 -0.0511829
0.65625 0.59375 -0.0734107
0.625 0.5625 -0.117561
0.625 0.53125 -0.139238
0.65625 0.53125 -0.116522
0.65625 0.5625 -0.0952703
0.625 0.5625 -0.117561
0.625 0.53125 -0.139238
0.625 0.5 -0.153562
0.65625 0.5 -0.128201
0.65625 0.53125 -0.116522
0.625 0.53125 -0.139238
0.65625 0.5625 -0.0952703
0.65625 0.53125 -0.116522
0.6875 0.53125 -0.0928359
0.6875 0.5625 -0.0726288
0.65625 0.5625 -0.0952703
0.65625 0.53125 -0.116522
0.65625 0.5 -0.128201
0.6875 0.5 -0.101947
0.6875 0.53125 -0.0928359
0.65625 0.53125 -0.116522
0.6875 0.625 -0.0292511
0.6875 0.59375 -0.0511829
0.71875 0.59375 -0.0286635
0.71875 0.625 -0.00707562
0.6875 0.625 -0.0292511
0.6875 0.59375 -0.0511829
0.6875 0.5625 -0.0726288
0.71875 0.5625 -0.0493456
0.71875 0.59375 -0.0286635
0.6875 0.59375 -0.0511829
0.71875 0.625 -0.00707562
0.71875 0.59375 -0.0286635
0.75 0.59375 -0.00555939
0.75 0.625 0.0156113
0.71875 0.625 -0.00707562
0.71875 0.59375 -0.0286635
0.71875 0.5625 -0.0493456
0.75 0.5625 -0.0249863
0.75 0.59375 -0.00555939
0.71875 0.59375 -0.0286635
0.6875 0.5625 -0.0726288
0.6875 0.53125 -0.0928359
0.71875 0.53125 -0.0678012
0.71875 0.5625 -0.0493456
0.6875 0.5625 -0.0726288
0.6875 0.53125 -0.0928359
0.6875 0.5 -0.101947
0.71875 0.5 -0.0746474
0.71875 0.53125 -0.0678012
0.6875 0.53125 -0.0928359
0.71875 0.5625 -0.0493456
0.71875 0.53125 -0.0678012
0.75 0.53125 -0.0408976
0.75 0.5625 -0.0249863
0.71875 0.5625 -0.0493456
0.71875 0.53125 -0.0678012
0.71875 0.5 -0.0746474
0.75 0.5 -0.0463359
0.75 0.53125 -0.0408976
0.71875 0.53125 -0.0678012
0.75 1 0.295993
0.75 0.875 0.196631
0.875 0.875 0.282743
0.875 1 0.375198
0.75 1 0.295993
0.75 0.875 0.196631
0.75 0.8125 0.149253
0.8125 0.8125 0.192983
0.8125 0.875 0.238989
0.75 0.875 0.196631
0.75 0.8125 0.149253
0.75 0.75 0.103862
0.8125 0.75 0.148347
0.8125 0.8125 0.192983
0.75 0.8125 0.149253
0.8125 0.875 0.238989
0.8125 0.8125 0.192983
0.875 0.8125 0.238219
0.875 0.875 0.282743
0.8125 0.875 0.238989
0.8125 0.8125 0.192983
0.8125 0.75 0.148347
0.875 0.75 0.195218
0.875 0.8125 0.238219
0.8125 0.8125 0.192983
0.875 1 0.375198
0.875 0.875 0.282743
1 0.875 0.379846
1 1 0.465892
0.875 1 0.375198
0.875 0.875 0.282743
0.875 0.75 0.195218
1 0.75 0.298711
1 0.875 0.379846
0.875 0.875 0.282743
0.75 0.75 0.103862
0.75 0.71875 0.0815328
0.78125 0.71875 0.103821
0.78125 0.75 0.125943
0.75 0.75 0.103862
0.75 0.71875 0.0815328
0.75 0.6875 0.0593591
0.78125 0.6875 0.0819534
0.78125 0.71875 0.103821
0.75 0.71875 0.0815328
0.78125 0.75 0.125943
0.78125 0.71875 0.103821
0.8125 0.71875 0.1266
0.8125 0.75 0.148347
0.78125 0.75 0.125943
0.78125 0.71875 0.103821
0.78125 0.6875 0.0819534
0.8125 0.6875 0.105194
0.8125 0.71875 0.1266
0.78125 0.71875 0.103821
0.75 0.6875 0.0593591
0.75 0.65625 0.0373622
0.78125 0.65625 0.0604024
0.78125 0.6875 0.0819534
0.75 0.6875 0.0593591
0.75 0.65625 0.0373622
0.75 0.625 0.0156113
0.78125 0.625 0.0393953
0.78125 0.65625 0.0604024
0.75 0.65625 0.0373622
0.78125 0.6875 0.0819534
0.78125 0.65625 0.0604024
0.8125 0.65625 0.0844456
0.8125 0.6875 0.105194
0.78125 0.6875 0.0819534
0.78125 0.65625 0.0604024
0.78125 0.625 0.0393953
0.8125 0.625 0.0645965
0.8125 0.65625 0.0844456
0.78125 0.65625 0.0604024
0.8125 0.75 0.148347
0.8125 0.6875 0.105194
0.875 0.6875 0.154339
0.875 0.75 0.195218
0.8125 0.75 0.148347
0.8125 0.6875 0.105194
0.8125 0.65625 0.0844456
0.84375 0.65625 0.109622
0.84375 0.6875 0.129358
0.8125 0.6875 0.105194
0.8125 0.65625 0.0844456
0.8125 0.625 0.0645965
0.84375 0.625 0.0911288
0.84375 0.65625 0.109622
0.8125 0.65625 0.0844456
0.84375 0.6875 0.129358
0.84375 0.65625 0.109622
0.875 0.65625 0.135676
0.875 0.6875 0.154339
0.84375 0.6875 0.129358
0.84375 0.65625 0.109622
0.84375 0.625 0.0911288
0.875 0.625 0.118424
0.875 0.65625 0.135676
0.84375 0.65625 0.109622
0.75 0.625 0.0156113
0.75 0.59375 -0.00555939
0.78125 0.59375 0.0193172
0.78125 0.625 0.0393953
0.75 0.625 0.0156113
0.75 0.59375 -0.00555939
0.75 0.5625 -0.0249863
0.78125 0.5625 0.000970421
0.78125 0.59375 0.0193172
0.75 0.59375 -0.00555939
0.78125 0.625 0.0393953
0.78125 0.59375 0.0193172
0.8125 0.59375 0.0462797
0.8125 0.625 0.0645965
0.78125 0.625 0.0393953
0.78125 0.59375 0.0193172
0.78125 0.5625 0.000970421
0.8125 0.5625 0.0303024
0.8125 0.59375 0.0462797
0.78125 0.59375 0.0193172
0.75 0.5625 -0.0249863
0.75 0.53125 -0.0408976
0.78125 0.53125 -0.0121871
0.78125 0.5625 0.000970421
0.75 0.5625 -0.0249863
0.75 0.53125 -0.0408976
0.75 0.5 -0.0463359
0.78125 0.5 -0.0170496
0.78125 0.53125 -0.0121871
0.75 0.53125 -0.0408976
0.78125 0.5625 0.000970421
0.78125 0.53125 -0.0121871
0.8125 0.53125 0.0182222
0.8125 0.5625 0.0303024
0.78125 0.5625 0.000970421
0.78125 0.53125 -0.0121871
0.78125 0.5 -0.0170496
0.8125 0.5 0.013333
0.8125 0.53125 0.0182222
0.78125 0.53125 -0.0121871
0.8125 0.625 0.0645965
0.8125 0.59375 0.0462797
0.84375 0.59375 0.0743874
0.84375 0.625 0.0911288
0.8125 0.625 0.0645965
0.8125 0.59375 0.0462797
0.8125 0.5625 0.0303024
0.84375 0.5625 0.0601119
0.84375 0.59375 0.0743874
0.8125 0.59375 0.0462797
0.84375 0.625 0.0911288
0.84375 0.59375 0.0743874
0.875 0.59375 0.103069
0.875 0.625 0.118424
0.84375 0.625 0.0911288
0.84375 0.59375 0.0743874
0.84375 0.5625 0.0601119
0.875 0.5625 0.0901949
0.875 0.59375 0.103069
0.84375 0.59375 0.0743874
0.8125 0.5625 0.0303024
0.8125 0.53125 0.0182222
0.84375 0.53125 0.0494048
0.84375 0.5625 0.0601119
0.8125 0.5625 0.0303024
0.8125 0.53125 0.0182222
0.8125 0.5 0.013333
0.84375 0.5 0.0445749
0.84375 0.53125 0.0494048
0.8125 0.53125 0.0182222
0.84375 0.5625 0.0601119
0.84375 0.53125 0.0494048
0.875 0.53125 0.0805568
0.875 0.5625 0.0901949
0.84375 0.5625 0.0601119
0.84375 0.53125 0.0494048
0.84375 0.5 0.0445749
0.875 0.5 0.0758082
0.875 0.53125 0.0805568
0.84375 0.53125 0.0494048
0.875 0.75 0.195218
0.875 0.6875 0.154339
0.9375 0.6875 0.208017
0.9375 0.75 0.245101
0.875 0.75 0.195218
0.875 0.6875 0.154339
0.875 0.625 0.118424
0.9375 0.625 0.176033
0.9375 0.6875 0.208017
0.875 0.6875 0.154339
0.9375 0.75 0.245101
0.9375 0.6875 0.208017
1 0.6875 0.264501
1 0.75 0.298711
0.9375 0.75 0.245101
0.9375 0.6875 0.208017
0.9375 0.625 0.176033
1 0.625 0.23538
1 0.6875 0.264501
0.9375 0.6875 0.208017
0.875 0.625 0.118424
0.875 0.5625 0.0901949
0.9375 0.5625 0.150829
0.9375 0.625 0.176033
0.875 0.625 0.118424
0.875 0.5625 0.0901949
0.875 0.53125 0.0805568
0.90625 0.53125 0.111663
0.90625 0.5625 0.120457
0.875 0.5625 0.0901949
0.875 0.53125 0.0805568
0.875 0.5 0.0758082
0.90625 0.5 0.107024
0.90625 0.53125 0.111663
0.875 0.53125 0.0805568
0.90625 0.5625 0.120457
0.90625 0.53125 0.111663
0.9375 0.53125 0.142703
0.9375 0.5625 0.150829
0.90625 0.5625 0.120457
0.90625 0.53125 0.111663
0.90625 0.5 0.107024
0.9375 0.5 0.138211
0.9375 0.53125 0.142703
0.90625 0.53125 0.111663
0.9375 0.625 0.176033
0.9375 0.5625 0.150829
1 0.5625 0.212816
1 0.625 0.23538
0.9375 0.625 0.176033
0.9375 0.5625 0.150829
0.9375 0.5 0.138211
1 0.5 0.200639
1 0.5625 0.212816
0.9375 0.5625 0.150829
0.5 0.5 -0.245165
0.5 0.4375 -0.202205
0.5625 0.4375 -0.160993
0.5625 0.5 -0.201387
0.5 0.5 -0.245165
0.5 0.4375 -0.202205
0.5 0.375 -0.15577
0.5625 0.375 -0.1173
0.5625 0.4375 -0.160993
0.5 0.4375 -0.202205
0.5625 0.5 -0.201387
0.5625 0.4375 -0.160993
0.625 0.4375 -0.115842
0.625 0.5 -0.153562
0.5625 0.5 -0.201387
0.5625 0.4375 -0.160993
0.5625 0.40625 -0.139293
0.59375 0.40625 -0.117102
0.59375 0.4375 -0.138531
0.5625 0.4375 -0.160993
0.5625 0.40625 -0.139293
0.5625 0.375 -0.1173
0.59375 0.375 -0.0953208
0.59375 0.40625 -0.117102
0.5625 0.40625 -0.139293
0.59375 0.4375 -0.138531
0.59375 0.40625 -0.117102
0.625 0.40625 -0.0947038
0.625 0.4375 -0.115842
0.59375 0.4375 -0.138531
0.59375 0.40625 -0.117102
0.59375 0.375 -0.0953208
0.625 0.375 -0.0730881
0.625 0.40625 -0.0947038
0.59375 0.40625 -0.117102
0.5 0.375 -0.15577
0.5 0.34375 -0.130961
0.53125 0.34375 -0.115821
0.53125 0.375 -0.138732
0.5 0.375 -0.15577
0.5 0.34375 -0.130961
0.5 0.3125 -0.105174
0.53125 0.3125 -0.0923431
0.53125 0.34375 -0.115821
0.5 0.34375 -0.130961
0.53125 0.375 -0.138732
0.53125 0.34375 -0.115821
0.5625 0.34375 -0.0950833
0.5625 0.375 -0.1173
0.53125 0.375 -0.138732
0.53125 0.34375 -0.115821
0.53125 0.3125 -0.0923431
0.5625 0.3125 -0.072561
0.5625 0.34375 -0.0950833
0.53125 0.34375 -0.115821
0.5 0.3125 -0.105174
0.5 0.28125 -0.0781259
0.53125 0.28125 -0.0679612
0.53125 0.3125 -0.0923431
0.5 0.3125 -0.105174
0.5 0.28125 -0.0781259
0.5 0.25 -0.0497728
0.53125 0.25 -0.0424371
0.53125 0.28125 -0.0679612
0.5 0.28125 -0.0781259
0.53125 0.3125 -0.0923431
0.53125 0.28125 -0.0679612
0.5625 0.28125 -0.0496257
0.5625 0.3125 -0.072561
0.53125 0.3125 -0.0923431
0.53125 0.28125 -0.0679612
0.53125 0.25 -0.0424371
0.5625 0.25 -0.0260602
0.5625 0.28125 -0.0496257
0.53125 0.28125 -0.0679612
0.5625 0.375 -0.1173
0.5625 0.34375 -0.0950833
0.59375 0.34375 -0.0733664
0.59375 0.375 -0.0953208
0.5625 0.375 -0.1173
0.5625 0.34375 -0.0950833
0.5625 0.3125 -0.072561
0.59375 0.3125 -0.0512644
0.59375 0.34375 -0.0733664
0.5625 0.34375 -0.0950833
0.59375 0.375 -0.0953208
0.59375 0.34375 -0.0733664
0.625 0.34375 -0.0512681
0.625 0.375 -0.0730881
0.59375 0.375 -0.0953208
0.59375 0.34375 -0.0733664
0.59375 0.3125 -0.0512644
0.625 0.3125 -0.029346
0.625 0.34375 -0.0512681
0.59375 0.34375 -0.0733664
0.5625 0.3125 -0.072561
0.5625 0.28125 -0.0496257
0.59375 0.28125 -0.028963
0.59375 0.3125 -0.0512644
0.5625 0.3125 -0.072561
0.5625 0.28125 -0.0496257
0.5625 0.25 -0.0260602
0.59375 0.25 -0.00636834
0.59375 0.28125 -0.028963
0.5625 0.28125 -0.0496257
0.59375 0.3125 -0.0512644
0.59375 0.28125 -0.028963
0.625 0.28125 -0.00731124
0.625 0.3125 -0.029346
0.59375 0.3125 -0.0512644
0.59375 0.28125 -0.028963
0.59375 0.25 -0.00636834
0.625 0.25 0.0150073
0.625 0.28125 -0.00731124
0.59375 0.28125 -0.028963
0.625 0.5 -0.153562
0.625 0.46875 -0.135863
0.65625 0.46875 -0.112217
0.65625 0.5 -0.128201
0.625 0.5 -0.153562
0.625 0.46875 -0.135863
0.625 0.4375 -0.115842
0.65625 0.4375 -0.0929354
0.65625 0.46875 -0.112217
0.625 0.46875 -0.135863
0.65625 0.5 -0.128201
0.65625 0.46875 -0.112217
0.6875 0.46875 -0.0878815
0.6875 0.5 -0.101947
0.65625 0.5 -0.128201
0.65625 0.46875 -0.112217
0.65625 0.4375 -0.0929354
0.6875 0.4375 -0.0697419
0.6875 0.46875 -0.0878815
0.65625 0.46875 -0.112217
0.625 0.4375 -0.115842
0.625 0.40625 -0.0947038
0.65625 0.40625 -0.0721647
0.65625 0.4375 -0.0929354
0.625 0.4375 -0.115842
0.625 0.40625 -0.0947038
0.625 0.375 -0.0730881
0.65625 0.375 -0.0507242
0.65625 0.40625 -0.0721647
0.625 0.40625 -0.0947038
0.65625 0.4375 -0.0929354
0.65625 0.40625 -0.0721647
0.6875 0.40625 -0.0494921
0.6875 0.4375 -0.0697419
0.65625 0.4375 -0.0929354
0.65625 0.40625 -0.0721647
0.65625 0.375 -0.0507242
0.6875 0.375 -0.028276
0.6875 0.40625 -0.0494921
0.65625 0.40625 -0.0721647
0.6875 0.5 -0.101947
0.6875 0.46875 -0.0878815
0.71875 0.46875 -0.0628729
0.71875 0.5 -0.0746474
0.6875 0.5 -0.101947
0.6875 0.46875 -0.0878815
0.6875 0.4375 -0.0697419
0.71875 0.4375 -0.0461668
0.71875 0.46875 -0.0628729
0.6875 0.46875 -0.0878815
0.71875 0.5 -0.0746474
0.71875 0.46875 -0.0628729
0.75 0.46875 -0.0369318
0.75 0.5 -0.0463359
0.71875 0.5 -0.0746474
0.71875 0.46875 -0.0628729
0.71875 0.4375 -0.0461668
0.75 0.4375 -0.0220609
0.75 0.46875 -0.0369318
0.71875 0.46875 -0.0628729
0.6875 0.4375 -0.0697419
0.6875 0.40625 -0.0494921
0.71875 0.40625 -0.026642
0.71875 0.4375 -0.0461668
0.6875 0.4375 -0.0697419
0.6875 0.40625 -0.0494921
0.6875 0.375 -0.028276
0.71875 0.375 -0.00576134
0.71875 0.40625 -0.026642
0.6875 0.40625 -0.0494921
0.71875 0.4375 -0.0461668
0.71875 0.40625 -0.026642
0.75 0.40625 -0.00361499
0.75 0.4375 -0.0220609
0.71875 0.4375 -0.0461668
0.71875 0.40625 -0.026642
0.71875 0.375 -0.00576134
0.75 0.375 0.0171364
0.75 0.40625 -0.00361499
0.71875 0.40625 -0.026642
0.625 0.375 -0.0730881
0.625 0.34375 -0.0512681
0.65625 0.34375 -0.029007
0.65625 0.375 -0.0507242
0.625 0.375 -0.0730881
0.625 0.34375 -0.0512681
0.625 0.3125 -0.029346
0.65625 0.3125 -0.00717393
0.65625 0.34375 -0.029007
0.625 0.34375 -0.0512681
0.65625 0.375 -0.0507242
0.65625 0.34375 -0.029007
0.6875 0.34375 -0.00666524
0.6875 0.375 -0.028276
0.65625 0.375 -0.0507242
0.65625 0.34375 -0.029007
0.65625 0.3125 -0.00717393
0.6875 0.3125 0.0151363
0.6875 0.34375 -0.00666524
0.65625 0.34375 -0.029007
0.625 0.3125 -0.029346
0.625 0.28125 -0.00731124
0.65625 0.28125 0.0147779
0.65625 0.3125 -0.00717393
0.625 0.3125 -0.029346
0.625 0.28125 -0.00731124
0.625 0.25 0.0150073
0.65625 0.25 0.0368942
0.65625 0.28125 0.0147779
0.625 0.28125 -0.00731124
0.65625 0.3125 -0.00717393
0.65625 0.28125 0.0147779
0.6875 0.28125 0.0370156
0.6875 0.3125 0.0151363
0.65625 0.3125 -0.00717393
0.65625 0.28125 0.0147779
0.65625 0.25 0.0368942
0.6875 0.25 0.0589974
0.6875 0.28125 0.0370156
0.65625 0.28125 0.0147779
0.6875 0.375 -0.028276
0.6875 0.34375 -0.00666524
0.71875 0.34375 0.0158038
0.71875 0.375 -0.00576134
0.6875 0.375 -0.028276
0.6875 0.34375 -0.00666524
0.6875 0.3125 0.0151363
0.71875 0.3125 0.0375247
0.71875 0.34375 0.0158038
0.6875 0.34375 -0.00666524
0.71875 0.375 -0.00576134
0.71875 0.34375 0.0158038
0.75 0.34375 0.0384493
0.75 0.375 0.0171364
0.71875 0.375 -0.00576134
0.71875 0.34375 0.0158038
0.71875 0.3125 0.0375247
0.75 0.3125 0.0600194
0.75 0.34375 0.0384493
0.71875 0.34375 0.0158038
0.6875 0.3125 0.0151363
0.6875 0.28125 0.0370156
0.71875 0.28125 0.059327
0.71875 0.3125 0.0375247
0.6875 0.3125 0.0151363
0.6875 0.28125 0.0370156
0.6875 0.25 0.0589974
0.71875 0.25 0.0812154
0.71875 0.28125 0.059327
0.6875 0.28125 0.0370156
0.71875 0.3125 0.0375247
0.71875 0.28125 0.059327
0.75 0.28125 0.0817232
0.75 0.3125 0.0600194
0.71875 0.3125 0.0375247
0.71875 0.28125 0.059327
0.71875 0.25 0.0812154
0.75 0.25 0.10352
0.75 0.28125 0.0817232
0.71875 0.28125 0.059327
0.5 0.25 -0.0497728
0.5 0.21875 -0.0203246
0.53125 0.21875 -0.0155454
0.53125 0.25 -0.0424371
0.5 0.25 -0.0497728
0.5 0.21875 -0.0203246
0.5 0.1875 0.0104385
0.53125 0.1875 0.0137921
0.53125 0.21875 -0.0155454
0.5 0.21875 -0.0203246
0.53125 0.25 -0.0424371
0.53125 0.21875 -0.0155454
0.5625 0.21875 -0.00158986
0.5625 0.25 -0.0260602
0.53125 0.25 -0.0424371
0.53125 0.21875 -0.0155454
0.53125 0.1875 0.0137921
0.5625 0.1875 0.0255634
0.5625 0.21875 -0.00158986
0.53125 0.21875 -0.0155454
0.5 0.1875 0.0104385
0.5 0.15625 0.0416703
0.53125 0.15625 0.0443076
0.53125 0.1875 0.0137921
0.5 0.1875 0.0104385
0.5 0.15625 0.0416703
0.5 0.125 0.0728975
0.53125 0.125 0.0750615
0.53125 0.15625 0.0443076
0.5 0.15625 0.0416703
0.53125 0.1875 0.0137921
0.53125 0.15625 0.0443076
0.5625 0.15625 0.0540352
0.5625 0.1875 0.0255634
0.53125 0.1875 0.0137921
0.53125 0.15625 0.0443076
0.53125 0.125 0.0750615
0.5625 0.125 0.0832374
0.5625 0.15625 0.0540352
0.53125 0.15625 0.0443076
0.5625 0.25 -0.0260602
0.5625 0.21875 -0.00158986
0.59375 0.21875 0.0172422
0.59375 0.25 -0.00636834
0.5625 0.25 -0.0260602
0.5625 0.21875 -0.00158986
0.5625 0.1875 0.0255634
0.59375 0.1875 0.0421896
0.59375 0.21875 0.0172422
0.5625 0.21875 -0.00158986
0.59375 0.25 -0.00636834
0.59375 0.21875 0.0172422
0.625 0.21875 0.0378591
0.625 0.25 0.0150073
0.59375 0.25 -0.00636834
0.59375 0.21875 0.0172422
0.59375 0.1875 0.0421896
0.625 0.1875 0.0614904
0.625 0.21875 0.0378591
0.59375 0.21875 0.0172422
0.5625 0.1875 0.0255634
0.5625 0.15625 0.0540352
0.59375 0.15625 0.0683996
0.59375 0.1875 0.0421896
0.5625 0.1875 0.0255634
0.5625 0.15625 0.0540352
0.5625 0.125 0.0832374
0.59375 0.125 0.0958001
0.59375 0.15625 0.0683996
0.5625 0.15625 0.0540352
0.59375 0.1875 0.0421896
0.59375 0.15625 0.0683996
0.625 0.15625 0.0860798
0.625 0.1875 0.0614904
0.59375 0.1875 0.0421896
0.59375 0.15625 0.0683996
0.59375 0.125 0.0958001
0.625 0.125 0.111701
0.625 0.15625 0.0860798
0.59375 0.15625 0.0683996
0.5 0.125 0.0728975
0.5 0.09375 0.104112
0.53125 0.09375 0.105903
0.53125 0.125 0.0750615
0.5 0.125 0.0728975
0.5 0.09375 0.104112
0.5 0.0625 0.135307
0.53125 0.0625 0.136851
0.53125 0.09375 0.105903
0.5 0.09375 0.104112
0.53125 0.125 0.0750615
0.53125 0.09375 0.105903
0.5625 0.09375 0.112942
0.5625 0.125 0.0832374
0.53125 0.125 0.0750615
0.53125 0.09375 0.105903
0.53125 0.0625 0.136851
0.5625 0.0625 0.142939
0.5625 0.09375 0.112942
0.53125 0.09375 0.105903
0.5 0.0625 0.135307
0.5 0 0.197752
0.5625 0 0.204035
0.5625 0.0625 0.142939
0.5 0.0625 0.135307
0.5625 0.125 0.0832374
0.5625 0.09375 0.112942
0.59375 0.09375 0.124044
0.59375 0.125 0.0958001
0.5625 0.125 0.0832374
0.5625 0.09375 0.112942
0.5625 0.0625 0.142939
0.59375 0.0625 0.152799
0.59375 0.09375 0.124044
0.5625 0.09375 0.112942
0.59375 0.125 0.0958001
0.59375 0.09375 0.124044
0.625 0.09375 0.138425
0.625 0.125 0.111701
0.59375 0.125 0.0958001
0.59375 0.09375 0.124044
0.59375 0.0625 0.152799
0.625 0.0625 0.165835
0.625 0.09375 0.138425
0.59375 0.09375 0.124044
0.5625 0.0625 0.142939
0.5625 0 0.204035
0.625 0 0.223397
0.625 0.0625 0.165835
0.5625 0.0625 0.142939
0.625 0.25 0.0150073
0.625 0.21875 0.0378591
0.65625 0.21875 0.0592937
0.65625 0.25 0.0368942
0.625 0.25 0.0150073
0.625 0.21875 0.0378591
0.625 0.1875 0.0614904
0.65625 0.1875 0.0821608
0.65625 0.21875 0.0592937
0.625 0.21875 0.0378591
0.65625 0.25 0.0368942
0.65625 0.21875 0.0592937
0.6875 0.21875 0.081145
0.6875 0.25 0.0589974
0.65625 0.25 0.0368942
0.65625 0.21875 0.0592937
0.65625 0.1875 0.0821608
0.6875 0.1875 0.103571
0.6875 0.21875 0.081145
0.65625 0.21875 0.0592937
0.625 0.1875 0.0614904
0.625 0.15625 0.0860798
0.65625 0.15625 0.10568
0.65625 0.1875 0.0821608
0.625 0.1875 0.0614904
0.625 0.15625 0.0860798
0.625 0.125 0.111701
0.65625 0.125 0.129997
0.65625 0.15625 0.10568
0.625 0.15625 0.0860798
0.65625 0.1875 0.0821608
0.65625 0.15625 0.10568
0.6875 0.15625 0.126446
0.6875 0.1875 0.103571
0.65625 0.1875 0.0821608
0.65625 0.15625 0.10568
0.65625 0.125 0.129997
0.6875 0.125 0.149885
0.6875 0.15625 0.126446
0.65625 0.15625 0.10568
0.6875 0.25 0.0589974
0.6875 0.21875 0.081145
0.71875 0.21875 0.103217
0.71875 0.25 0.0812154
0.6875 0.25 0.0589974
0.6875 0.21875 0.081145
0.6875 0.1875 0.103571
0.71875 0.1875 0.125387
0.71875 0.21875 0.103217
0.6875 0.21875 0.081145
0.71875 0.25 0.0812154
0.71875 0.21875 0.103217
0.75 0.21875 0.125415
0.75 0.25 0.10352
0.71875 0.25 0.0812154
0.71875 0.21875 0.103217
0.71875 0.1875 0.125387
0.75 0.1875 0.147436
0.75 0.21875 0.125415
0.71875 0.21875 0.103217
0.6875 0.1875 0.103571
0.6875 0.125 0.149885
0.75 0.125 0.192245
0.75 0.1875 0.147436
0.6875 0.1875 0.103571
0.625 0.125 0.111701
0.625 0.0625 0.165835
0.6875 0.0625 0.199063
0.6875 0.125 0.149885
0.625 0.125 0.111701
0.625 0.0625 0.165835
0.625 0 0.223397
0.6875 0 0.252372
0.6875 0.0625 0.199063
0.625 0.0625 0.165835
0.6875 0.125 0.149885
0.6875 0.0625 0.199063
0.75 0.0625 0.238791
0.75 0.125 0.192245
0.6875 0.125 0.149885
0.6875 0.0625 0.199063
0.6875 0 0.252372
0.75 0 0.288514
0.75 0.0625 0.238791
0.6875 0.0625 0.199063
0.75 0.5 -0.0463359
0.75 0.46875 -0.0369318
0.78125 0.46875 -0.00998525
0.78125 0.5 -0.0170496
0.75 0.5 -0.0463359
0.75 0.46875 -0.0369318
0.75 0.4375 -0.0220609
0.78125 0.4375 0.00283574
0.78125 0.46875 -0.00998525
0.75 0.46875 -0.0369318
0.78125 0.5 -0.0170496
0.78125 0.46875 -0.00998525
0.8125 0.46875 0.0191003
0.8125 0.5 0.013333
0.78125 0.5 -0.0170496
0.78125 0.46875 -0.00998525
0.78125 0.4375 0.00283574
0.8125 0.4375 0.0305357
0.8125 0.46875 0.0191003
0.78125 0.46875 -0.00998525
0.75 0.4375 -0.0220609
0.75 0.40625 -0.00361499
0.78125 0.40625 0.0206601
0.78125 0.4375 0.00283574
0.75 0.4375 -0.0220609
0.75 0.40625 -0.00361499
0.75 0.375 0.0171364
0.78125 0.375 0.0405707
0.78125 0.40625 0.0206601
0.75 0.40625 -0.00361499
0.78125 0.4375 0.00283574
0.78125 0.40625 0.0206601
0.8125 0.40625 0.0462184
0.8125 0.4375 0.0305357
0.78125 0.4375 0.00283574
0.78125 0.40625 0.0206601
0.78125 0.375 0.0405707
0.8125 0.375 0.06477
0.8125 0.40625 0.0462184
0.78125 0.40625 0.0206601
0.8125 0.5 0.013333
0.8125 0.46875 0.0191003
0.84375 0.46875 0.0493587
0.84375 0.5 0.0445749
0.8125 0.5 0.013333
0.8125 0.46875 0.0191003
0.8125 0.4375 0.0305357
0.84375 0.4375 0.0591853
0.84375 0.46875 0.0493587
0.8125 0.46875 0.0191003
0.84375 0.5 0.0445749
0.84375 0.46875 0.0493587
0.875 0.46875 0.0798839
0.875 0.5 0.0758082
0.84375 0.5 0.0445749
0.84375 0.46875 0.0493587
0.84375 0.4375 0.0591853
0.875 0.4375 0.0883811
0.875 0.46875 0.0798839
0.84375 0.46875 0.0493587
0.8125 0.4375 0.0305357
0.8125 0.40625 0.0462184
0.84375 0.40625 0.0729679
0.84375 0.4375 0.0591853
0.8125 0.4375 0.0305357
0.8125 0.40625 0.0462184
0.8125 0.375 0.06477
0.84375 0.375 0.0898828
0.84375 0.40625 0.0729679
0.8125 0.40625 0.0462184
0.84375 0.4375 0.0591853
0.84375 0.40625 0.0729679
0.875 0.40625 0.100574
0.875 0.4375 0.0883811
0.84375 0.4375 0.0591853
0.84375 0.40625 0.0729679
0.84375 0.375 0.0898828
0.875 0.375 0.115911
0.875 0.40625 0.100574
0.84375 0.40625 0.0729679
0.75 0.375 0.0171364
0.75 0.34375 0.0384493
0.78125 0.34375 0.0613906
0.78125 0.375 0.0405707
0.75 0.375 0.0171364
0.75 0.34375 0.0384493
0.75 0.3125 0.0600194
0.78125 0.3125 0.0826859
0.78125 0.34375 0.0613906
0.75 0.34375 0.0384493
0.78125 0.375 0.0405707
0.78125 0.34375 0.0613906
0.8125 0.34375 0.0847988
0.8125 0.375 0.06477
0.78125 0.375 0.0405707
0.78125 0.34375 0.0613906
0.78125 0.3125 0.0826859
0.8125 0.3125 0.105633
0.8125 0.34375 0.0847988
0.78125 0.34375 0.0613906
0.75 0.3125 0.0600194
0.75 0.28125 0.0817232
0.78125 0.28125 0.104232
0.78125 0.3125 0.0826859
0.75 0.3125 0.0600194
0.75 0.28125 0.0817232
0.75 0.25 0.10352
0.78125 0.25 0.125921
0.78125 0.28125 0.104232
0.75 0.28125 0.0817232
0.78125 0.3125 0.0826859
0.78125 0.28125 0.104232
0.8125 0.28125 0.126912
0.8125 0.3125 0.105633
0.78125 0.3125 0.0826859
0.78125 0.28125 0.104232
0.78125 0.25 0.125921
0.8125 0.25 0.148445
0.8125 0.28125 0.126912
0.78125 0.28125 0.104232
0.8125 0.375 0.06477
0.8125 0.34375 0.0847988
0.84375 0.34375 0.108835
0.84375 0.375 0.0898828
0.8125 0.375 0.06477
0.8125 0.34375 0.0847988
0.8125 0.3125 0.105633
0.84375 0.3125 0.129021
0.84375 0.34375 0.108835
0.8125 0.34375 0.0847988
0.84375 0.375 0.0898828
0.84375 0.34375 0.108835
0.875 0.34375 0.133613
0.875 0.375 0.115911
0.84375 0.375 0.0898828
0.84375 0.34375 0.108835
0.84375 0.3125 0.129021
0.875 0.3125 0.152943
0.875 0.34375 0.133613
0.84375 0.34375 0.108835
0.8125 0.3125 0.105633
0.8125 0.25 0.148445
0.875 0.25 0.194237
0.875 0.3125 0.152943
0.8125 0.3125 0.105633
0.875 0.5 0.0758082
0.875 0.46875 0.0798839
0.90625 0.46875 0.110522
0.90625 0.5 0.107024
0.875 0.5 0.0758082
0.875 0.46875 0.0798839
0.875 0.4375 0.0883811
0.90625 0.4375 0.117994
0.90625 0.46875 0.110522
0.875 0.46875 0.0798839
0.90625 0.5 0.107024
0.90625 0.46875 0.110522
0.9375 0.46875 0.141287
0.9375 0.5 0.138211
0.90625 0.5 0.107024
0.90625 0.46875 0.110522
0.90625 0.4375 0.117994
0.9375 0.4375 0.147896
0.9375 0.46875 0.141287
0.90625 0.46875 0.110522
0.875 0.4375 0.0883811
0.875 0.40625 0.100574
0.90625 0.40625 0.128919
0.90625 0.4375 0.117994
0.875 0.4375 0.0883811
0.875 0.40625 0.100574
0.875 0.375 0.115911
0.90625 0.375 0.14291
0.90625 0.40625 0.128919
0.875 0.40625 0.100574
0.90625 0.4375 0.117994
0.90625 0.40625 0.128919
0.9375 0.40625 0.157745
0.9375 0.4375 0.147896
0.90625 0.4375 0.117994
0.90625 0.40625 0.128919
0.90625 0.375 0.14291
0.9375 0.375 0.170534
0.9375 0.40625 0.157745
0.90625 0.40625 0.128919
0.9375 0.5 0.138211
0.9375 0.4375 0.147896
1 0.4375 0.208775
1 0.5 0.200639
0.9375 0.5 0.138211
0.9375 0.4375 0.147896
0.9375 0.375 0.170534
1 0.375 0.228228
1 0.4375 0.208775
0.9375 0.4375 0.147896
0.875 0.375 0.115911
0.875 0.3125 0.152943
0.9375 0.3125 0.202906
0.9375 0.375 0.170534
0.875 0.375 0.115911
0.875 0.3125 0.152943
0.875 0.25 0.194237
0.9375 0.25 0.24166
0.9375 0.3125 0.202906
0.875 0.3125 0.152943
0.9375 0.375 0.170534
0.9375 0.3125 0.202906
1 0.3125 0.256624
1 0.375 0.228228
0.9375 0.375 0.170534
0.9375 0.3125 0.202906
0.9375 0.25 0.24166
1 0.25 0.292002
1 0.3125 0.256624
0.9375 0.3125 0.202906
0.75 0.25 0.10352
0.75 0.1875 0.147436
0.8125 0.1875 0.191888
0.8125 0.25 0.148445
0.75 0.25 0.10352
0.75 0.1875 0.147436
0.75 0.125 0.192245
0.8125 0.125 0.235943
0.8125 0.1875 0.191888
0.75 0.1875 0.147436
0.8125 0.25 0.148445
0.8125 0.1875 0.191888
0.875 0.1875 0.236925
0.875 0.25 0.194237
0.8125 0.25 0.148445
0.8125 0.1875 0.191888
0.8125 0.125 0.235943
0.875 0.125 0.280294
0.875 0.1875 0.236925
0.8125 0.1875 0.191888
0.75 0.125 0.192245
0.75 0 0.288514
0.875 0 0.371088
0.875 0.125 0.280294
0.75 0.125 0.192245
0.875 0.25 0.194237
0.875 0.125 0.280294
1 0.125 0.372753
1 0.25 0.292002
0.875 0.25 0.194237
0.875 0.125 0.280294
0.875 0 0.371088
1 0 0.460313
1 0.125 0.372753
0.875 0.125 0.280294
