0 1 0.449738
0 0.875 0.352497
0.125 0.875 0.264619
0.125 1 0.371159
0 1 0.449738
0 0.875 0.352497
0 0.8125 0.309692
0.0625 0.8125 0.258687
0.0625 0.875 0.305203
0 0.875 0.352497
0 0.8125 0.309692
0 0.75 0.271388
0.0625 0.75 0.216495
0.0625 0.8125 0.258687
0 0.8125 0.309692
0.0625 0.875 0.305203
0.0625 0.8125 0.258687
0.125 0.8125 0.213793
0.125 0.875 0.264619
0.0625 0.875 0.305203
0.0625 0.8125 0.258687
0.0625 0.75 0.216495
0.125 0.75 0.165912
0.125 0.8125 0.213793
0.0625 0.8125 0.258687
0.125 1 0.371159
0.125 0.875 0.264619
0.25 0.875 0.198527
0.25 1 0.309267
0.125 1 0.371159
0.125 0.875 0.264619
0.125 0.8125 0.213793
0.1875 0.8125 0.175336
0.1875 0.875 0.22933
0.125 0.875 0.264619
0.125 0.8125 0.213793
0.125 0.75 0.165912
0.1875 0.75 0.123224
0.1875 0.8125 0.175336
0.125 0.8125 0.213793
0.1875 0.875 0.22933
0.1875 0.8125 0.175336
0.25 0.8125 0.143376
0.25 0.875 0.198527
0.1875 0.875 0.22933
0.1875 0.8125 0.175336
0.1875 0.75 0.123224
0.25 0.75 0.0885655
0.25 0.8125 0.143376
0.1875 0.8125 0.175336
0 0.75 0.271388
0 0.6875 0.238765
0.0625 0.6875 0.180193
0.0625 0.75 0.216495
0 0.75 0.271388
0 0.6875 0.238765
0 0.625 0.213475
0.0625 0.625 0.151575
0.0625 0.6875 0.180193
0 0.6875 0.238765
0.0625 0.75 0.216495
0.0625 0.6875 0.180193
0.125 0.6875 0.124214
0.125 0.75 0.165912
0.0625 0.75 0.216495
0.0625 0.6875 0.180193
0.0625 0.625 0.151575
0.125 0.625 0.0915206
0.125 0.6875 0.124214
0.0625 0.6875 0.180193
0 0.625 0.213475
0 0.5625 0.199566
0.0625 0.5625 0.137044
0.0625 0.625 0.151575
0 0.625 0.213475
0 0.5625 0.199566
0 0.5 0.207736
0.0625 0.5 0.146815
0.0625 0.5625 0.137044
0 0.5625 0.199566
0.0625 0.625 0.151575
0.0625 0.59375 0.142349
0.09375 0.59375 0.111338
0.09375 0.625 0.121443
0.0625 0.625 0.151575
0.0625 0.59375 0.142349
0.0625 0.5625 0.137044
0.09375 0.5625 0.105805
0.09375 0.59375 0.111338
0.0625 0.59375 0.142349
0.09375 0.625 0.121443
0.09375 0.59375 0.111338
0.125 0.59375 0.0803016
0.125 0.625 0.0915206
0.09375 0.625 0.121443
0.09375 0.59375 0.111338
0.09375 0.5625 0.105805
0.125 0.5625 0.074578
0.125 0.59375 0.0803016
0.09375 0.59375 0.111338
0.0625 0.5625 0.137044
0.0625 0.53125 0.139941
0.09375 0.53125 0.109156
0.09375 0.5625 0.105805
0.0625 0.5625 0.137044
0.0625 0.53125 0.139941
0.0625 0.5 0.146815
0.09375 0.5 0.116825
0.09375 0.53125 0.109156
0.0625 0.53125 0.139941
0.09375 0.5625 0.105805
0.09375 0.53125 0.109156
0.125 0.53125 0.078511
0.125 0.5625 0.074578
0.09375 0.5625 0.105805
0.09375 0.53125 0.109156
0.09375 0.5 0.116825
0.125 0.5 0.0870455
0.125 0.53125 0.078511
0.09375 0.53125 0.109156
0.125 0.75 0.165912
0.125 0.71875 0.144155
0.15625 0.71875 0.12034
0.15625 0.75 0.143648
0.125 0.75 0.165912
0.125 0.71875 0.144155
0.125 0.6875 0.124214
0.15625 0.6875 0.0985264
0.15625 0.71875 0.12034
0.125 0.71875 0.144155
0.15625 0.75 0.143648
0.15625 0.71875 0.12034
0.1875 0.71875 0.0980543
0.1875 0.75 0.123224
0.15625 0.75 0.143648
0.15625 0.71875 0.12034
0.15625 0.6875 0.0985264
0.1875 0.6875 0.07423
0.1875 0.71875 0.0980543
0.15625 0.71875 0.12034
0.125 0.6875 0.124214
0.125 0.65625 0.106446
0.15625 0.65625 0.0787778
0.15625 0.6875 0.0985264
0.125 0.6875 0.124214
0.125 0.65625 0.106446
0.125 0.625 0.0915206
0.15625 0.625 0.061906
0.15625 0.65625 0.0787778
0.125 0.65625 0.106446
0.15625 0.6875 0.0985264
0.15625 0.65625 0.0787778
0.1875 0.65625 0.0521241
0.1875 0.6875 0.07423
0.15625 0.6875 0.0985264
0.15625 0.65625 0.0787778
0.15625 0.625 0.061906
0.1875 0.625 0.0327494
0.1875 0.65625 0.0521241
0.15625 0.65625 0.0787778
0.1875 0.75 0.123224
0.1875 0.71875 0.0980543
0.21875 0.71875 0.0785153
0.21875 0.75 0.104897
0.1875 0.75 0.123224
0.1875 0.71875 0.0980543
0.1875 0.6875 0.07423
0.21875 0.6875 0.0526207
0.21875 0.71875 0.0785153
0.1875 0.71875 0.0980543
0.21875 0.75 0.104897
0.21875 0.71875 0.0785153
0.25 0.71875 0.0613381
0.25 0.75 0.0885655
0.21875 0.75 0.104897
0.21875 0.71875 0.0785153
0.21875 0.6875 0.0526207
0.25 0.6875 0.034336
0.25 0.71875 0.0613381
0.21875 0.71875 0.0785153
0.1875 0.6875 0.07423
0.1875 0.65625 0.0521241
0.21875 0.65625 0.0277107
0.21875 0.6875 0.0526207
0.1875 0.6875 0.07423
0.1875 0.65625 0.0521241
0.1875 0.625 0.0327494
0.21875 0.625 0.0044908
0.21875 0.65625 0.0277107
0.1875 0.65625 0.0521241
0.21875 0.6875 0.0526207
0.21875 0.65625 0.0277107
0.25 0.65625 0.00763756
0.25 0.6875 0.034336
0.21875 0.6875 0.0526207
0.21875 0.65625 0.0277107
0.21875 0.625 0.0044908
0.25 0.625 -0.0175003
0.25 0.65625 0.00763756
0.21875 0.65625 0.0277107
0.125 0.625 0.0915206
0.125 0.59375 0.0803016
0.15625 0.59375 0.0492015
0.15625 0.625 0.061906
0.125 0.625 0.0915206
0.125 0.59375 0.0803016
0.125 0.5625 0.074578
0.15625 0.5625 0.0433454
0.15625 0.59375 0.0492015
0.125 0.59375 0.0803016
0.15625 0.625 0.061906
0.15625 0.59375 0.0492015
0.1875 0.59375 0.0180564
0.1875 0.625 0.0327494
0.15625 0.625 0.061906
0.15625 0.59375 0.0492015
0.15625 0.5625 0.0433454
0.1875 0.5625 0.0121047
0.1875 0.59375 0.0180564
0.15625 0.59375 0.0492015
0.125 0.5625 0.074578
0.125 0.53125 0.078511
0.15625 0.53125 0.0479876
0.15625 0.5625 0.0433454
0.125 0.5625 0.074578
0.125 0.53125 0.078511
0.125 0.5 0.0870455
0.15625 0.5 0.0576463
0.15625 0.53125 0.0479876
0.125 0.53125 0.078511
0.15625 0.5625 0.0433454
0.15625 0.53125 0.0479876
0.1875 0.53125 0.0176735
0.1875 0.5625 0.0121047
0.15625 0.5625 0.0433454
0.15625 0.53125 0.0479876
0.15625 0.5 0.0576463
0.1875 0.5 0.0285852
0.1875 0.53125 0.0176735
0.15625 0.53125 0.0479876
0.1875 0.625 0.0327494
0.1875 0.59375 0.0180564
0.21875 0.59375 -0.0119338
0.21875 0.625 0.0044908
0.1875 0.625 0.0327494
0.1875 0.59375 0.0180564
0.1875 0.5625 0.0121047
0.21875 0.5625 -0.0183709
0.21875 0.59375 -0.0119338
0.1875 0.59375 0.0180564
0.21875 0.625 0.0044908
0.21875 0.59375 -0.0119338
0.25 0.59375 -0.0385042
0.25 0.625 -0.0175003
0.21875 0.625 0.0044908
0.21875 0.59375 -0.0119338
0.21875 0.5625 -0.0183709
0.25 0.5625 -0.048231
0.25 0.59375 -0.0385042
0.21875 0.59375 -0.0119338
0.1875 0.5625 0.0121047
0.1875 0.53125 0.0176735
0.21875 0.53125 -0.0117253
0.21875 0.5625 -0.0183709
0.1875 0.5625 0.0121047
0.1875 0.53125 0.0176735
0.1875 0.5 0.0285852
0.21875 0.5 -1.13128e-005
0.21875 0.53125 -0.0117253
0.1875 0.53125 0.0176735
0.21875 0.5625 -0.0183709
0.21875 0.53125 -0.0117253
0.25 0.53125 -0.0401757
0.25 0.5625 -0.048231
0.21875 0.5625 -0.0183709
0.21875 0.53125 -0.0117253
0.21875 0.5 -1.13128e-005
0.25 0.5 -0.0279017
0.25 0.53125 -0.0401757
0.21875 0.53125 -0.0117253
0.25 1 0.309267
0.25 0.9375 0.253841
0.3125 0.9375 0.224971
0.3125 1 0.280895
0.25 1 0.309267
0.25 0.9375 0.253841
0.25 0.875 0.198527
0.3125 0.875 0.169258
0.3125 0.9375 0.224971
0.25 0.9375 0.253841
0.3125 1 0.280895
0.3125 0.9375 0.224971
0.375 0.9375 0.196798
0.375 1 0.253499
0.3125 1 0.280895
0.3125 0.9375 0.224971
0.3125 0.875 0.169258
0.375 0.875 0.140453
0.375 0.9375 0.196798
0.3125 0.9375 0.224971
0.25 0.875 0.198527
0.25 0.8125 0.143376
0.3125 0.8125 0.113888
0.3125 0.875 0.169258
0.25 0.875 0.198527
0.25 0.8125 0.143376
0.25 0.78125 0.115911
0.28125 0.78125 0.100905
0.28125 0.8125 0.128509
0.25 0.8125 0.143376
0.25 0.78125 0.115911
0.25 0.75 0.0885655
0.28125 0.75 0.0733281
0.28125 0.78125 0.100905
0.25 0.78125 0.115911
0.28125 0.8125 0.128509
0.28125 0.78125 0.100905
0.3125 0.78125 0.0862316
0.3125 0.8125 0.113888
0.28125 0.8125 0.128509
0.28125 0.78125 0.100905
0.28125 0.75 0.0733281
0.3125 0.75 0.0585867
0.3125 0.78125 0.0862316
0.28125 0.78125 0.100905
0.3125 0.875 0.169258
0.3125 0.84375 0.141559
0.34375 0.84375 0.127055
0.34375 0.875 0.154811
0.3125 0.875 0.169258
0.3125 0.84375 0.141559
0.3125 0.8125 0.113888
0.34375 0.8125 0.0993467
0.34375 0.84375 0.127055
0.3125 0.84375 0.141559
0.34375 0.875 0.154811
0.34375 0.84375 0.127055
0.375 0.84375 0.112609
0.375 0.875 0.140453
0.34375 0.875 0.154811
0.34375 0.84375 0.127055
0.34375 0.8125 0.0993467
0.375 0.8125 0.0848414
0.375 0.84375 0.112609
0.34375 0.84375 0.127055
0.3125 0.8125 0.113888
0.3125 0.78125 0.0862316
0.34375 0.78125 0.0716686
0.34375 0.8125 0.0993467
0.3125 0.8125 0.113888
0.3125 0.78125 0.0862316
0.3125 0.75 0.0585867
0.34375 0.75 0.0440081
0.34375 0.78125 0.0716686
0.3125 0.78125 0.0862316
0.34375 0.8125 0.0993467
0.34375 0.78125 0.0716686
0.375 0.78125 0.0571345
0.375 0.8125 0.0848414
0.34375 0.8125 0.0993467
0.34375 0.78125 0.0716686
0.34375 0.75 0.0440081
0.375 0.75 0.0294525
0.375 0.78125 0.0571345
0.34375 0.78125 0.0716686
0.375 1 0.253499
0.375 0.9375 0.196798
0.4375 0.9375 0.170176
0.4375 1 0.228378
0.375 1 0.253499
0.375 0.9375 0.196798
0.375 0.875 0.140453
0.4375 0.875 0.112501
0.4375 0.9375 0.170176
0.375 0.9375 0.196798
0.4375 1 0.228378
0.4375 0.9375 0.170176
0.5 0.9375 0.147506
0.5 1 0.208138
0.4375 1 0.228378
0.4375 0.9375 0.170176
0.4375 0.90625 0.141272
0.46875 0.90625 0.12905
0.46875 0.9375 0.158486
0.4375 0.9375 0.170176
0.4375 0.90625 0.141272
0.4375 0.875 0.112501
0.46875 0.875 0.0994219
0.46875 0.90625 0.12905
0.4375 0.90625 0.141272
0.46875 0.9375 0.158486
0.46875 0.90625 0.12905
0.5 0.90625 0.117512
0.5 0.9375 0.147506
0.46875 0.9375 0.158486
0.46875 0.90625 0.12905
0.46875 0.875 0.0994219
0.5 0.875 0.087704
0.5 0.90625 0.117512
0.46875 0.90625 0.12905
0.375 0.875 0.140453
0.375 0.84375 0.112609
0.40625 0.84375 0.0982813
0.40625 0.875 0.12629
0.375 0.875 0.140453
0.375 0.84375 0.112609
0.375 0.8125 0.0848414
0.40625 0.8125 0.0703992
0.40625 0.84375 0.0982813
0.375 0.84375 0.112609
0.40625 0.875 0.12629
0.40625 0.84375 0.0982813
0.4375 0.84375 0.0841957
0.4375 0.875 0.112501
0.40625 0.875 0.12629
0.40625 0.84375 0.0982813
0.40625 0.8125 0.0703992
0.4375 0.8125 0.0560934
0.4375 0.84375 0.0841957
0.40625 0.84375 0.0982813
0.375 0.8125 0.0848414
0.375 0.78125 0.0571345
0.40625 0.78125 0.0426275
0.40625 0.8125 0.0703992
0.375 0.8125 0.0848414
0.375 0.78125 0.0571345
0.375 0.75 0.0294525
0.40625 0.75 0.0149091
0.40625 0.78125 0.0426275
0.375 0.78125 0.0571345
0.40625 0.8125 0.0703992
0.40625 0.78125 0.0426275
0.4375 0.78125 0.0281744
0.4375 0.8125 0.0560934
0.40625 0.8125 0.0703992
0.40625 0.78125 0.0426275
0.40625 0.75 0.0149091
0.4375 0.75 0.000384278
0.4375 0.78125 0.0281744
0.40625 0.78125 0.0426275
0.4375 0.875 0.112501
0.4375 0.84375 0.0841957
0.46875 0.84375 0.0706124
0.46875 0.875 0.0994219
0.4375 0.875 0.112501
0.4375 0.84375 0.0841957
0.4375 0.8125 0.0560934
0.46875 0.8125 0.0420823
0.46875 0.84375 0.0706124
0.4375 0.84375 0.0841957
0.46875 0.875 0.0994219
0.46875 0.84375 0.0706124
0.5 0.84375 0.058153
0.5 0.875 0.087704
0.46875 0.875 0.0994219
0.46875 0.84375 0.0706124
0.46875 0.8125 0.0420823
0.5 0.8125 0.0288875
0.5 0.84375 0.058153
0.46875 0.84375 0.0706124
0.4375 0.8125 0.0560934
0.4375 0.78125 0.0281744
0.46875 0.78125 0.0138189
0.46875 0.8125 0.0420823
0.4375 0.8125 0.0560934
0.4375 0.78125 0.0281744
0.4375 0.75 0.000384278
0.46875 0.75 -0.0140298
0.46875 0.78125 0.0138189
0.4375 0.78125 0.0281744
0.46875 0.8125 0.0420823
0.46875 0.78125 0.0138189
0.5 0.78125 -4.493e-005
0.5 0.8125 0.0288875
0.46875 0.8125 0.0420823
0.46875 0.78125 0.0138189
0.46875 0.75 -0.0140298
0.5 0.75 -0.0281043
0.5 0.78125 -4.493e-005
0.46875 0.78125 0.0138189
0.25 0.75 0.0885655
0.25 0.71875 0.0613381
0.28125 0.71875 0.0457967
0.28125 0.75 0.0733281
0.25 0.75 0.0885655
0.25 0.71875 0.0613381
0.25 0.6875 0.034336
0.28125 0.6875 0.0183338
0.28125 0.71875 0.0457967
0.25 0.71875 0.0613381
0.28125 0.75 0.0733281
0.28125 0.71875 0.0457967
0.3125 0.71875 0.0309487
0.3125 0.75 0.0585867
0.28125 0.75 0.0733281
0.28125 0.71875 0.0457967
0.28125 0.6875 0.0183338
0.3125 0.6875 0.00331967
0.3125 0.71875 0.0309487
0.28125 0.71875 0.0457967
0.25 0.6875 0.034336
0.25 0.65625 0.00763756
0.28125 0.65625 -0.0089212
0.28125 0.6875 0.0183338
0.25 0.6875 0.034336
0.25 0.65625 0.00763756
0.25 0.625 -0.0175003
0.28125 0.625 -0.0355004
0.28125 0.65625 -0.0089212
0.25 0.65625 0.00763756
0.28125 0.6875 0.0183338
0.28125 0.65625 -0.0089212
0.3125 0.65625 -0.0241752
0.3125 0.6875 0.00331967
0.28125 0.6875 0.0183338
0.28125 0.65625 -0.0089212
0.28125 0.625 -0.0355004
0.3125 0.625 -0.0514424
0.3125 0.65625 -0.0241752
0.28125 0.65625 -0.0089212
0.3125 0.75 0.0585867
0.3125 0.71875 0.0309487
0.34375 0.71875 0.0163547
0.34375 0.75 0.0440081
0.3125 0.75 0.0585867
0.3125 0.71875 0.0309487
0.3125 0.6875 0.00331967
0.34375 0.6875 -0.0112903
0.34375 0.71875 0.0163547
0.3125 0.71875 0.0309487
0.34375 0.75 0.0440081
0.34375 0.71875 0.0163547
0.375 0.71875 0.00179278
0.375 0.75 0.0294525
0.34375 0.75 0.0440081
0.34375 0.71875 0.0163547
0.34375 0.6875 -0.0112903
0.375 0.6875 -0.0258602
0.375 0.71875 0.00179278
0.34375 0.71875 0.0163547
0.3125 0.6875 0.00331967
0.3125 0.65625 -0.0241752
0.34375 0.65625 -0.0389025
0.34375 0.6875 -0.0112903
0.3125 0.6875 0.00331967
0.3125 0.65625 -0.0241752
0.3125 0.625 -0.0514424
0.34375 0.625 -0.066441
0.34375 0.65625 -0.0389025
0.3125 0.65625 -0.0241752
0.34375 0.6875 -0.0112903
0.34375 0.65625 -0.0389025
0.375 0.65625 -0.0535036
0.375 0.6875 -0.0258602
0.34375 0.6875 -0.0112903
0.34375 0.65625 -0.0389025
0.34375 0.625 -0.066441
0.375 0.625 -0.0811249
0.375 0.65625 -0.0535036
0.34375 0.65625 -0.0389025
0.25 0.625 -0.0175003
0.25 0.59375 -0.0385042
0.28125 0.59375 -0.0604664
0.28125 0.625 -0.0355004
0.25 0.625 -0.0175003
0.25 0.59375 -0.0385042
0.25 0.5625 -0.048231
0.28125 0.5625 -0.0772318
0.28125 0.59375 -0.0604664
0.25 0.59375 -0.0385042
0.28125 0.625 -0.0355004
0.28125 0.59375 -0.0604664
0.3125 0.59375 -0.0781576
0.3125 0.625 -0.0514424
0.28125 0.625 -0.0355004
0.28125 0.59375 -0.0604664
0.28125 0.5625 -0.0772318
0.3125 0.5625 -0.101713
0.3125 0.59375 -0.0781576
0.28125 0.59375 -0.0604664
0.25 0.5625 -0.048231
0.25 0.53125 -0.0401757
0.28125 0.53125 -0.0684789
0.28125 0.5625 -0.0772318
0.25 0.5625 -0.048231
0.25 0.53125 -0.0401757
0.25 0.5 -0.0279017
0.28125 0.5 -0.055744
0.28125 0.53125 -0.0684789
0.25 0.53125 -0.0401757
0.28125 0.5625 -0.0772318
0.28125 0.53125 -0.0684789
0.3125 0.53125 -0.0966675
0.3125 0.5625 -0.101713
0.28125 0.5625 -0.0772318
0.28125 0.53125 -0.0684789
0.28125 0.5 -0.055744
0.3125 0.5 -0.083548
0.3125 0.53125 -0.0966675
0.28125 0.53125 -0.0684789
0.3125 0.625 -0.0514424
0.3125 0.59375 -0.0781576
0.34375 0.59375 -0.0938005
0.34375 0.625 -0.066441
0.3125 0.625 -0.0514424
0.3125 0.59375 -0.0781576
0.3125 0.5625 -0.101713
0.34375 0.5625 -0.12033
0.34375 0.59375 -0.0938005
0.3125 0.59375 -0.0781576
0.34375 0.625 -0.066441
0.34375 0.59375 -0.0938005
0.375 0.59375 -0.108692
0.375 0.625 -0.0811249
0.34375 0.625 -0.066441
0.34375 0.59375 -0.0938005
0.34375 0.5625 -0.12033
0.375 0.5625 -0.13605
0.375 0.59375 -0.108692
0.34375 0.59375 -0.0938005
0.3125 0.5625 -0.101713
0.3125 0.53125 -0.0966675
0.34375 0.53125 -0.124759
0.34375 0.5625 -0.12033
0.3125 0.5625 -0.101713
0.3125 0.53125 -0.0966675
0.3125 0.5 -0.083548
0.34375 0.5 -0.11132
0.34375 0.53125 -0.124759
0.3125 0.53125 -0.0966675
0.34375 0.5625 -0.12033
0.34375 0.53125 -0.124759
0.375 0.53125 -0.15273
0.375 0.5625 -0.13605
0.34375 0.5625 -0.12033
0.34375 0.53125 -0.124759
0.34375 0.5 -0.11132
0.375 0.5 -0.139057
0.375 0.53125 -0.15273
0.34375 0.53125 -0.124759
0.375 0.75 0.0294525
0.375 0.71875 0.00179278
0.40625 0.71875 -0.0127548
0.40625 0.75 0.0149091
0.375 0.75 0.0294525
0.375 0.71875 0.00179278
0.375 0.6875 -0.0258602
0.40625 0.6875 -0.0404145
0.40625 0.71875 -0.0127548
0.375 0.71875 0.00179278
0.40625 0.75 0.0149091
0.40625 0.71875 -0.0127548
0.4375 0.71875 -0.0272875
0.4375 0.75 0.000384278
0.40625 0.75 0.0149091
0.40625 0.71875 -0.0127548
0.40625 0.6875 -0.0404145
0.4375 0.6875 -0.0549545
0.4375 0.71875 -0.0272875
0.40625 0.71875 -0.0127548
0.375 0.6875 -0.0258602
0.375 0.65625 -0.0535036
0.40625 0.65625 -0.0680693
0.40625 0.6875 -0.0404145
0.375 0.6875 -0.0258602
0.375 0.65625 -0.0535036
0.375 0.625 -0.0811249
0.40625 0.625 -0.095716
0.40625 0.65625 -0.0680693
0.375 0.65625 -0.0535036
0.40625 0.6875 -0.0404145
0.40625 0.65625 -0.0680693
0.4375 0.65625 -0.0826178
0.4375 0.6875 -0.0549545
0.40625 0.6875 -0.0404145
0.40625 0.65625 -0.0680693
0.40625 0.625 -0.095716
0.4375 0.625 -0.110277
0.4375 0.65625 -0.0826178
0.40625 0.65625 -0.0680693
0.4375 0.75 0.000384278
0.4375 0.71875 -0.0272875
0.46875 0.71875 -0.0417584
0.46875 0.75 -0.0140298
0.4375 0.75 0.000384278
0.4375 0.71875 -0.0272875
0.4375 0.6875 -0.0549545
0.46875 0.6875 -0.0694573
0.46875 0.71875 -0.0417584
0.4375 0.71875 -0.0272875
0.46875 0.75 -0.0140298
0.46875 0.71875 -0.0417584
0.5 0.71875 -0.0560168
0.5 0.75 -0.0281043
0.46875 0.75 -0.0140298
0.46875 0.71875 -0.0417584
0.46875 0.6875 -0.0694573
0.5 0.6875 -0.0838283
0.5 0.71875 -0.0560168
0.46875 0.71875 -0.0417584
0.4375 0.6875 -0.0549545
0.4375 0.65625 -0.0826178
0.46875 0.65625 -0.0971402
0.46875 0.6875 -0.0694573
0.4375 0.6875 -0.0549545
0.4375 0.65625 -0.0826178
0.4375 0.625 -0.110277
0.46875 0.625 -0.124813
0.46875 0.65625 -0.0971402
0.4375 0.65625 -0.0826178
0.46875 0.6875 -0.0694573
0.46875 0.65625 -0.0971402
0.5 0.65625 -0.111585
0.5 0.6875 -0.0838283
0.46875 0.6875 -0.0694573
0.46875 0.65625 -0.0971402
0.46875 0.625 -0.124813
0.5 0.625 -0.139296
0.5 0.65625 -0.111585
0.46875 0.65625 -0.0971402
0.375 0.625 -0.0811249
0.375 0.59375 -0.108692
0.40625 0.59375 -0.123345
0.40625 0.625 -0.095716
0.375 0.625 -0.0811249
0.375 0.59375 -0.108692
0.375 0.5625 -0.13605
0.40625 0.5625 -0.15092
0.40625 0.59375 -0.123345
0.375 0.59375 -0.108692
0.40625 0.625 -0.095716
0.40625 0.59375 -0.123345
0.4375 0.59375 -0.137928
0.4375 0.625 -0.110277
0.40625 0.625 -0.095716
0.40625 0.59375 -0.123345
0.40625 0.5625 -0.15092
0.4375 0.5625 -0.165561
0.4375 0.59375 -0.137928
0.40625 0.59375 -0.123345
0.375 0.5625 -0.13605
0.375 0.5 -0.139057
0.4375 0.5 -0.19416
0.4375 0.5625 -0.165561
0.375 0.5625 -0.13605
0.4375 0.625 -0.110277
0.4375 0.5625 -0.165561
0.5 0.5625 -0.194679
0.5 0.625 -0.139296
0.4375 0.625 -0.110277
0.4375 0.5625 -0.165561
0.4375 0.5 -0.19416
0.5 0.5 -0.230548
0.5 0.5625 -0.194679
0.4375 0.5625 -0.165561
0 0.5 0.207736
0 0.4375 0.227093
0.0625 0.4375 0.168751
0.0625 0.5 0.146815
0 0.5 0.207736
0 0.4375 0.227093
0 0.375 0.252452
0.0625 0.375 0.195901
0.0625 0.4375 0.168751
0 0.4375 0.227093
0.0625 0.5 0.146815
0.0625 0.46875 0.157391
0.09375 0.46875 0.128083
0.09375 0.5 0.116825
0.0625 0.5 0.146815
0.0625 0.46875 0.157391
0.0625 0.4375 0.168751
0.09375 0.4375 0.140156
0.09375 0.46875 0.128083
0.0625 0.46875 0.157391
0.09375 0.5 0.116825
0.09375 0.46875 0.128083
0.125 0.46875 0.0986185
0.125 0.5 0.0870455
0.09375 0.5 0.116825
0.09375 0.46875 0.128083
0.09375 0.4375 0.140156
0.125 0.4375 0.111835
0.125 0.46875 0.0986185
0.09375 0.46875 0.128083
0.0625 0.4375 0.168751
0.0625 0.375 0.195901
0.125 0.375 0.140174
0.125 0.4375 0.111835
0.0625 0.4375 0.168751
0 0.375 0.252452
0 0.3125 0.280301
0.0625 0.3125 0.224551
0.0625 0.375 0.195901
0 0.375 0.252452
0 0.3125 0.280301
0 0.25 0.308957
0.0625 0.25 0.253622
0.0625 0.3125 0.224551
0 0.3125 0.280301
0.0625 0.375 0.195901
0.0625 0.3125 0.224551
0.125 0.3125 0.169169
0.125 0.375 0.140174
0.0625 0.375 0.195901
0.0625 0.3125 0.224551
0.0625 0.25 0.253622
0.125 0.25 0.198445
0.125 0.3125 0.169169
0.0625 0.3125 0.224551
0.125 0.5 0.0870455
0.125 0.46875 0.0986185
0.15625 0.46875 0.0700828
0.15625 0.5 0.0576463
0.125 0.5 0.0870455
0.125 0.46875 0.0986185
0.125 0.4375 0.111835
0.15625 0.4375 0.0837866
0.15625 0.46875 0.0700828
0.125 0.46875 0.0986185
0.15625 0.5 0.0576463
0.15625 0.46875 0.0700828
0.1875 0.46875 0.0418253
0.1875 0.5 0.0285852
0.15625 0.5 0.0576463
0.15625 0.46875 0.0700828
0.15625 0.4375 0.0837866
0.1875 0.4375 0.0558897
0.1875 0.46875 0.0418253
0.15625 0.46875 0.0700828
0.125 0.4375 0.111835
0.125 0.40625 0.125835
0.15625 0.40625 0.0980207
0.15625 0.4375 0.0837866
0.125 0.4375 0.111835
0.125 0.40625 0.125835
0.125 0.375 0.140174
0.15625 0.375 0.112458
0.15625 0.40625 0.0980207
0.125 0.40625 0.125835
0.15625 0.4375 0.0837866
0.15625 0.40625 0.0980207
0.1875 0.40625 0.0702765
0.1875 0.4375 0.0558897
0.15625 0.4375 0.0837866
0.15625 0.40625 0.0980207
0.15625 0.375 0.112458
0.1875 0.375 0.084771
0.1875 0.40625 0.0702765
0.15625 0.40625 0.0980207
0.1875 0.5 0.0285852
0.1875 0.46875 0.0418253
0.21875 0.46875 0.0138153
0.21875 0.5 -1.13128e-005
0.1875 0.5 0.0285852
0.1875 0.46875 0.0418253
0.1875 0.4375 0.0558897
0.21875 0.4375 0.0281011
0.21875 0.46875 0.0138153
0.1875 0.46875 0.0418253
0.21875 0.5 -1.13128e-005
0.21875 0.46875 0.0138153
0.25 0.46875 -0.0139949
0.25 0.5 -0.0279017
0.21875 0.5 -1.13128e-005
0.21875 0.46875 0.0138153
0.21875 0.4375 0.0281011
0.25 0.4375 0.000382608
0.25 0.46875 -0.0139949
0.21875 0.46875 0.0138153
0.1875 0.4375 0.0558897
0.1875 0.40625 0.0702765
0.21875 0.40625 0.0425765
0.21875 0.4375 0.0281011
0.1875 0.4375 0.0558897
0.1875 0.40625 0.0702765
0.1875 0.375 0.084771
0.21875 0.375 0.0571026
0.21875 0.40625 0.0425765
0.1875 0.40625 0.0702765
0.21875 0.4375 0.0281011
0.21875 0.40625 0.0425765
0.25 0.40625 0.0149024
0.25 0.4375 0.000382608
0.21875 0.4375 0.0281011
0.21875 0.40625 0.0425765
0.21875 0.375 0.0571026
0.25 0.375 0.0294454
0.25 0.40625 0.0149024
0.21875 0.40625 0.0425765
0.125 0.375 0.140174
0.125 0.34375 0.154643
0.15625 0.34375 0.126968
0.15625 0.375 0.112458
0.125 0.375 0.140174
0.125 0.34375 0.154643
0.125 0.3125 0.169169
0.15625 0.3125 0.141521
0.15625 0.34375 0.126968
0.125 0.34375 0.154643
0.15625 0.375 0.112458
0.15625 0.34375 0.126968
0.1875 0.34375 0.0993077
0.1875 0.375 0.084771
0.15625 0.375 0.112458
0.15625 0.34375 0.126968
0.15625 0.3125 0.141521
0.1875 0.3125 0.113883
0.1875 0.34375 0.0993077
0.15625 0.34375 0.126968
0.125 0.3125 0.169169
0.125 0.25 0.198445
0.1875 0.25 0.143346
0.1875 0.3125 0.113883
0.125 0.3125 0.169169
0.1875 0.375 0.084771
0.1875 0.34375 0.0993077
0.21875 0.34375 0.0716588
0.21875 0.375 0.0571026
0.1875 0.375 0.084771
0.1875 0.34375 0.0993077
0.1875 0.3125 0.113883
0.21875 0.3125 0.0862562
0.21875 0.34375 0.0716588
0.1875 0.34375 0.0993077
0.21875 0.375 0.0571026
0.21875 0.34375 0.0716588
0.25 0.34375 0.0440181
0.25 0.375 0.0294454
0.21875 0.375 0.0571026
0.21875 0.34375 0.0716588
0.21875 0.3125 0.0862562
0.25 0.3125 0.0586433
0.25 0.34375 0.0440181
0.21875 0.34375 0.0716588
0.1875 0.3125 0.113883
0.1875 0.28125 0.128531
0.21875 0.28125 0.100956
0.21875 0.3125 0.0862562
0.1875 0.3125 0.113883
0.1875 0.28125 0.128531
0.1875 0.25 0.143346
0.21875 0.25 0.115924
0.21875 0.28125 0.100956
0.1875 0.28125 0.128531
0.21875 0.3125 0.0862562
0.21875 0.28125 0.100956
0.25 0.28125 0.0734371
0.25 0.3125 0.0586433
0.21875 0.3125 0.0862562
0.21875 0.28125 0.100956
0.21875 0.25 0.115924
0.25 0.25 0.0886454
0.25 0.28125 0.0734371
0.21875 0.28125 0.100956
0 0.25 0.308957
0 0.125 0.369402
0.125 0.125 0.26117
0.125 0.25 0.198445
0 0.25 0.308957
0 0.125 0.369402
0 0 0.441686
0.125 0 0.339718
0.125 0.125 0.26117
0 0.125 0.369402
0.125 0.25 0.198445
0.125 0.1875 0.228664
0.1875 0.1875 0.174352
0.1875 0.25 0.143346
0.125 0.25 0.198445
0.125 0.1875 0.228664
0.125 0.125 0.26117
0.1875 0.125 0.209255
0.1875 0.1875 0.174352
0.125 0.1875 0.228664
0.1875 0.25 0.143346
0.1875 0.1875 0.174352
0.25 0.1875 0.121762
0.25 0.25 0.0886454
0.1875 0.25 0.143346
0.1875 0.1875 0.174352
0.1875 0.125 0.209255
0.25 0.125 0.160676
0.25 0.1875 0.121762
0.1875 0.1875 0.174352
0.125 0.125 0.26117
0.125 0.0625 0.297339
0.1875 0.0625 0.249226
0.1875 0.125 0.209255
0.125 0.125 0.26117
0.125 0.0625 0.297339
0.125 0 0.339718
0.1875 0 0.296328
0.1875 0.0625 0.249226
0.125 0.0625 0.297339
0.1875 0.125 0.209255
0.1875 0.0625 0.249226
0.25 0.0625 0.205894
0.25 0.125 0.160676
0.1875 0.125 0.209255
0.1875 0.0625 0.249226
0.1875 0 0.296328
0.25 0 0.257862
0.25 0.0625 0.205894
0.1875 0.0625 0.249226
0.25 0.5 -0.0279017
0.25 0.46875 -0.0139949
0.28125 0.46875 -0.0416986
0.28125 0.5 -0.055744
0.25 0.5 -0.0279017
0.25 0.46875 -0.0139949
0.25 0.4375 0.000382608
0.28125 0.4375 -0.0272839
0.28125 0.46875 -0.0416986
0.25 0.46875 -0.0139949
0.28125 0.5 -0.055744
0.28125 0.46875 -0.0416986
0.3125 0.46875 -0.0693904
0.3125 0.5 -0.083548
0.28125 0.5 -0.055744
0.28125 0.46875 -0.0416986
0.28125 0.4375 -0.0272839
0.3125 0.4375 -0.0549413
0.3125 0.46875 -0.0693904
0.28125 0.46875 -0.0416986
0.25 0.4375 0.000382608
0.25 0.40625 0.0149024
0.28125 0.40625 -0.0127561
0.28125 0.4375 -0.0272839
0.25 0.4375 0.000382608
0.25 0.40625 0.0149024
0.25 0.375 0.0294454
0.28125 0.375 0.00179519
0.28125 0.40625 -0.0127561
0.25 0.40625 0.0149024
0.28125 0.4375 -0.0272839
0.28125 0.40625 -0.0127561
0.3125 0.40625 -0.0404001
0.3125 0.4375 -0.0549413
0.28125 0.4375 -0.0272839
0.28125 0.40625 -0.0127561
0.28125 0.375 0.00179519
0.3125 0.375 -0.0258285
0.3125 0.40625 -0.0404001
0.28125 0.40625 -0.0127561
0.3125 0.5 -0.083548
0.3125 0.46875 -0.0693904
0.34375 0.46875 -0.0970679
0.34375 0.5 -0.11132
0.3125 0.5 -0.083548
0.3125 0.46875 -0.0693904
0.3125 0.4375 -0.0549413
0.34375 0.4375 -0.0825818
0.34375 0.46875 -0.0970679
0.3125 0.46875 -0.0693904
0.34375 0.5 -0.11132
0.34375 0.46875 -0.0970679
0.375 0.46875 -0.124722
0.375 0.5 -0.139057
0.34375 0.5 -0.11132
0.34375 0.46875 -0.0970679
0.34375 0.4375 -0.0825818
0.375 0.4375 -0.110189
0.375 0.46875 -0.124722
0.34375 0.46875 -0.0970679
0.3125 0.4375 -0.0549413
0.3125 0.40625 -0.0404001
0.34375 0.40625 -0.0680153
0.34375 0.4375 -0.0825818
0.3125 0.4375 -0.0549413
0.3125 0.40625 -0.0404001
0.3125 0.375 -0.0258285
0.34375 0.375 -0.0533899
0.34375 0.40625 -0.0680153
0.3125 0.40625 -0.0404001
0.34375 0.4375 -0.0825818
0.34375 0.40625 -0.0680153
0.375 0.40625 -0.0955604
0.375 0.4375 -0.110189
0.34375 0.4375 -0.0825818
0.34375 0.40625 -0.0680153
0.34375 0.375 -0.0533899
0.375 0.375 -0.0808005
0.375 0.40625 -0.0955604
0.34375 0.40625 -0.0680153
0.25 0.375 0.0294454
0.25 0.34375 0.0440181
0.28125 0.34375 0.0163863
0.28125 0.375 0.00179519
0.25 0.375 0.0294454
0.25 0.34375 0.0440181
0.25 0.3125 0.0586433
0.28125 0.3125 0.0310521
0.28125 0.34375 0.0163863
0.25 0.34375 0.0440181
0.28125 0.375 0.00179519
0.28125 0.34375 0.0163863
0.3125 0.34375 -0.0112127
0.3125 0.375 -0.0258285
0.28125 0.375 0.00179519
0.28125 0.34375 0.0163863
0.28125 0.3125 0.0310521
0.3125 0.3125 0.00349347
0.3125 0.34375 -0.0112127
0.28125 0.34375 0.0163863
0.25 0.3125 0.0586433
0.25 0.28125 0.0734371
0.28125 0.28125 0.0459964
0.28125 0.3125 0.0310521
0.25 0.3125 0.0586433
0.25 0.28125 0.0734371
0.25 0.25 0.0886454
0.28125 0.25 0.061568
0.28125 0.28125 0.0459964
0.25 0.28125 0.0734371
0.28125 0.3125 0.0310521
0.28125 0.28125 0.0459964
0.3125 0.28125 0.0187007
0.3125 0.3125 0.00349347
0.28125 0.3125 0.0310521
0.28125 0.28125 0.0459964
0.28125 0.25 0.061568
0.3125 0.25 0.0348303
0.3125 0.28125 0.0187007
0.28125 0.28125 0.0459964
0.3125 0.375 -0.0258285
0.3125 0.34375 -0.0112127
0.34375 0.34375 -0.0386567
0.34375 0.375 -0.0533899
0.3125 0.375 -0.0258285
0.3125 0.34375 -0.0112127
0.3125 0.3125 0.00349347
0.34375 0.3125 -0.0236867
0.34375 0.34375 -0.0386567
0.3125 0.34375 -0.0112127
0.34375 0.375 -0.0533899
0.34375 0.34375 -0.0386567
0.375 0.34375 -0.0657826
0.375 0.375 -0.0808005
0.34375 0.375 -0.0533899
0.34375 0.34375 -0.0386567
0.34375 0.3125 -0.0236867
0.375 0.3125 -0.0502486
0.375 0.34375 -0.0657826
0.34375 0.34375 -0.0386567
0.3125 0.3125 0.00349347
0.3125 0.28125 0.0187007
0.34375 0.28125 -0.00817202
0.34375 0.3125 -0.0236867
0.3125 0.3125 0.00349347
0.3125 0.28125 0.0187007
0.3125 0.25 0.0348303
0.34375 0.25 0.00860476
0.34375 0.28125 -0.00817202
0.3125 0.28125 0.0187007
0.34375 0.3125 -0.0236867
0.34375 0.28125 -0.00817202
0.375 0.28125 -0.0337671
0.375 0.3125 -0.0502486
0.34375 0.3125 -0.0236867
0.34375 0.28125 -0.00817202
0.34375 0.25 0.00860476
0.375 0.25 -0.0157339
0.375 0.28125 -0.0337671
0.34375 0.28125 -0.00817202
0.375 0.5 -0.139057
0.375 0.4375 -0.110189
0.4375 0.4375 -0.165028
0.4375 0.5 -0.19416
0.375 0.5 -0.139057
0.375 0.4375 -0.110189
0.375 0.40625 -0.0955604
0.40625 0.40625 -0.122937
0.40625 0.4375 -0.137715
0.375 0.4375 -0.110189
0.375 0.40625 -0.0955604
0.375 0.375 -0.0808005
0.40625 0.375 -0.107854
0.40625 0.40625 -0.122937
0.375 0.40625 -0.0955604
0.40625 0.4375 -0.137715
0.40625 0.40625 -0.122937
0.4375 0.40625 -0.149839
0.4375 0.4375 -0.165028
0.40625 0.4375 -0.137715
0.40625 0.40625 -0.122937
0.40625 0.375 -0.107854
0.4375 0.375 -0.133947
0.4375 0.40625 -0.149839
0.40625 0.40625 -0.122937
0.4375 0.5 -0.19416
0.4375 0.4375 -0.165028
0.5 0.4375 -0.194502
0.5 0.5 -0.230548
0.4375 0.5 -0.19416
0.4375 0.4375 -0.165028
0.4375 0.375 -0.133947
0.5 0.375 -0.139209
0.5 0.4375 -0.194502
0.4375 0.4375 -0.165028
0.375 0.375 -0.0808005
0.375 0.34375 -0.0657826
0.40625 0.34375 -0.0922013
0.40625 0.375 -0.107854
0.375 0.375 -0.0808005
0.375 0.34375 -0.0657826
0.375 0.3125 -0.0502486
0.40625 0.3125 -0.0754713
0.40625 0.34375 -0.0922013
0.375 0.34375 -0.0657826
0.40625 0.375 -0.107854
0.40625 0.34375 -0.0922013
0.4375 0.34375 -0.116651
0.4375 0.375 -0.133947
0.40625 0.375 -0.107854
0.40625 0.34375 -0.0922013
0.40625 0.3125 -0.0754713
0.4375 0.3125 -0.0971822
0.4375 0.34375 -0.116651
0.40625 0.34375 -0.0922013
0.375 0.3125 -0.0502486
0.375 0.28125 -0.0337671
0.40625 0.28125 -0.0570198
0.40625 0.3125 -0.0754713
0.375 0.3125 -0.0502486
0.375 0.28125 -0.0337671
0.375 0.25 -0.0157339
0.40625 0.25 -0.0361122
0.40625 0.28125 -0.0570198
0.375 0.28125 -0.0337671
0.40625 0.3125 -0.0754713
0.40625 0.28125 -0.0570198
0.4375 0.28125 -0.0746203
0.4375 0.3125 -0.0971822
0.40625 0.3125 -0.0754713
0.40625 0.28125 -0.0570198
0.40625 0.25 -0.0361122
0.4375 0.25 -0.0487013
0.4375 0.28125 -0.0746203
0.40625 0.28125 -0.0570198
0.4375 0.375 -0.133947
0.4375 0.34375 -0.116651
0.46875 0.34375 -0.125385
0.46875 0.375 -0.152395
0.4375 0.375 -0.133947
0.4375 0.34375 -0.116651
0.4375 0.3125 -0.0971822
0.46875 0.3125 -0.0973738
0.46875 0.34375 -0.125385
0.4375 0.34375 -0.116651
0.46875 0.375 -0.152395
0.46875 0.34375 -0.125385
0.5 0.34375 -0.111484
0.5 0.375 -0.139209
0.46875 0.375 -0.152395
0.46875 0.34375 -0.125385
0.46875 0.3125 -0.0973738
0.5 0.3125 -0.0837189
0.5 0.34375 -0.111484
0.46875 0.34375 -0.125385
0.4375 0.3125 -0.0971822
0.4375 0.28125 -0.0746203
0.46875 0.28125 -0.0691923
0.46875 0.3125 -0.0973738
0.4375 0.3125 -0.0971822
0.4375 0.28125 -0.0746203
0.4375 0.25 -0.0487013
0.46875 0.25 -0.0408079
0.46875 0.28125 -0.0691923
0.4375 0.28125 -0.0746203
0.46875 0.3125 -0.0973738
0.46875 0.28125 -0.0691923
0.5 0.28125 -0.055906
0.5 0.3125 -0.0837189
0.46875 0.3125 -0.0973738
0.46875 0.28125 -0.0691923
0.46875 0.25 -0.0408079
0.5 0.25 -0.0280252
0.5 0.28125 -0.055906
0.46875 0.28125 -0.0691923
0.25 0.25 0.0886454
0.25 0.21875 0.104626
0.28125 0.21875 0.0782206
0.28125 0.25 0.061568
0.25 0.25 0.0886454
0.25 0.21875 0.104626
0.25 0.1875 0.121762
0.28125 0.1875 0.0964032
0.28125 0.21875 0.0782206
0.25 0.21875 0.104626
0.28125 0.25 0.061568
0.28125 0.21875 0.0782206
0.3125 0.21875 0.0524654
0.3125 0.25 0.0348303
0.28125 0.25 0.061568
0.28125 0.21875 0.0782206
0.28125 0.1875 0.0964032
0.3125 0.1875 0.0721461
0.3125 0.21875 0.0524654
0.28125 0.21875 0.0782206
0.25 0.1875 0.121762
0.25 0.15625 0.140407
0.28125 0.15625 0.116405
0.28125 0.1875 0.0964032
0.25 0.1875 0.121762
0.25 0.15625 0.140407
0.25 0.125 0.160676
0.28125 0.125 0.138307
0.28125 0.15625 0.116405
0.25 0.15625 0.140407
0.28125 0.1875 0.0964032
0.28125 0.15625 0.116405
0.3125 0.15625 0.0941447
0.3125 0.1875 0.0721461
0.28125 0.1875 0.0964032
0.28125 0.15625 0.116405
0.28125 0.125 0.138307
0.3125 0.125 0.117997
0.3125 0.15625 0.0941447
0.28125 0.15625 0.116405
0.3125 0.25 0.0348303
0.3125 0.21875 0.0524654
0.34375 0.21875 0.0276956
0.34375 0.25 0.00860476
0.3125 0.25 0.0348303
0.3125 0.21875 0.0524654
0.3125 0.1875 0.0721461
0.34375 0.1875 0.0496297
0.34375 0.21875 0.0276956
0.3125 0.21875 0.0524654
0.34375 0.25 0.00860476
0.34375 0.21875 0.0276956
0.375 0.21875 0.00486444
0.375 0.25 -0.0157339
0.34375 0.25 0.00860476
0.34375 0.21875 0.0276956
0.34375 0.1875 0.0496297
0.375 0.1875 0.0302953
0.375 0.21875 0.00486444
0.34375 0.21875 0.0276956
0.3125 0.1875 0.0721461
0.3125 0.15625 0.0941447
0.34375 0.15625 0.0741494
0.34375 0.1875 0.0496297
0.3125 0.1875 0.0721461
0.3125 0.15625 0.0941447
0.3125 0.125 0.117997
0.34375 0.125 0.100318
0.34375 0.15625 0.0741494
0.3125 0.15625 0.0941447
0.34375 0.1875 0.0496297
0.34375 0.15625 0.0741494
0.375 0.15625 0.057757
0.375 0.1875 0.0302953
0.34375 0.1875 0.0496297
0.34375 0.15625 0.0741494
0.34375 0.125 0.100318
0.375 0.125 0.0863182
0.375 0.15625 0.057757
0.34375 0.15625 0.0741494
0.25 0.125 0.160676
0.25 0.0625 0.205894
0.3125 0.0625 0.170167
0.3125 0.125 0.117997
0.25 0.125 0.160676
0.25 0.0625 0.205894
0.25 0 0.257862
0.3125 0 0.226948
0.3125 0.0625 0.170167
0.25 0.0625 0.205894
0.3125 0.125 0.117997
0.3125 0.09375 0.143575
0.34375 0.09375 0.127768
0.34375 0.125 0.100318
0.3125 0.125 0.117997
0.3125 0.09375 0.143575
0.3125 0.0625 0.170167
0.34375 0.0625 0.155968
0.34375 0.09375 0.127768
0.3125 0.09375 0.143575
0.34375 0.125 0.100318
0.34375 0.09375 0.127768
0.375 0.09375 0.115573
0.375 0.125 0.0863182
0.34375 0.125 0.100318
0.34375 0.09375 0.127768
0.34375 0.0625 0.155968
0.375 0.0625 0.145241
0.375 0.09375 0.115573
0.34375 0.09375 0.127768
0.3125 0.0625 0.170167
0.3125 0 0.226948
0.375 0 0.206034
0.375 0.0625 0.145241
0.3125 0.0625 0.170167
0.375 0.25 -0.0157339
0.375 0.21875 0.00486444
0.40625 0.21875 -0.0123059
0.40625 0.25 -0.0361122
0.375 0.25 -0.0157339
0.375 0.21875 0.00486444
0.375 0.1875 0.0302953
0.40625 0.1875 0.016262
0.40625 0.21875 -0.0123059
0.375 0.21875 0.00486444
0.40625 0.25 -0.0361122
0.40625 0.21875 -0.0123059
0.4375 0.21875 -0.0195554
0.4375 0.25 -0.0487013
0.40625 0.25 -0.0361122
0.40625 0.21875 -0.0123059
0.40625 0.1875 0.016262
0.4375 0.1875 0.0113367
0.4375 0.21875 -0.0195554
0.40625 0.21875 -0.0123059
0.375 0.1875 0.0302953
0.375 0.15625 0.057757
0.40625 0.15625 0.0463736
0.40625 0.1875 0.016262
0.375 0.1875 0.0302953
0.375 0.15625 0.057757
0.375 0.125 0.0863182
0.40625 0.125 0.0769004
0.40625 0.15625 0.0463736
0.375 0.15625 0.057757
0.40625 0.1875 0.016262
0.40625 0.15625 0.0463736
0.4375 0.15625 0.0425782
0.4375 0.1875 0.0113367
0.40625 0.1875 0.016262
0.40625 0.15625 0.0463736
0.40625 0.125 0.0769004
0.4375 0.125 0.073812
0.4375 0.15625 0.0425782
0.40625 0.15625 0.0463736
0.4375 0.25 -0.0487013
0.4375 0.21875 -0.0195554
0.46875 0.21875 -0.0121534
0.46875 0.25 -0.0408079
0.4375 0.25 -0.0487013
0.4375 0.21875 -0.0195554
0.4375 0.1875 0.0113367
0.46875 0.1875 0.0173429
0.46875 0.21875 -0.0121534
0.4375 0.21875 -0.0195554
0.46875 0.25 -0.0408079
0.46875 0.21875 -0.0121534
0.5 0.21875 -5.26672e-005
0.5 0.25 -0.0280252
0.46875 0.25 -0.0408079
0.46875 0.21875 -0.0121534
0.46875 0.1875 0.0173429
0.5 0.1875 0.0284813
0.5 0.21875 -5.26672e-005
0.46875 0.21875 -0.0121534
0.4375 0.1875 0.0113367
0.4375 0.15625 0.0425782
0.46875 0.15625 0.0475658
0.46875 0.1875 0.0173429
0.4375 0.1875 0.0113367
0.4375 0.15625 0.0425782
0.4375 0.125 0.073812
0.46875 0.125 0.0780468
0.46875 0.15625 0.0475658
0.4375 0.15625 0.0425782
0.46875 0.1875 0.0173429
0.46875 0.15625 0.0475658
0.5 0.15625 0.0574713
0.5 0.1875 0.0284813
0.46875 0.1875 0.0173429
0.46875 0.15625 0.0475658
0.46875 0.125 0.0780468
0.5 0.125 0.0868088
0.5 0.15625 0.0574713
0.46875 0.15625 0.0475658
0.375 0.125 0.0863182
0.375 0.09375 0.115573
0.40625 0.09375 0.107582
0.40625 0.125 0.0769004
0.375 0.125 0.0863182
0.375 0.09375 0.115573
0.375 0.0625 0.145241
0.40625 0.0625 0.138438
0.40625 0.09375 0.107582
0.375 0.09375 0.115573
0.40625 0.125 0.0769004
0.40625 0.09375 0.107582
0.4375 0.09375 0.10503
0.4375 0.125 0.073812
0.40625 0.125 0.0769004
0.40625 0.09375 0.107582
0.40625 0.0625 0.138438
0.4375 0.0625 0.136226
0.4375 0.09375 0.10503
0.40625 0.09375 0.107582
0.375 0.0625 0.145241
0.375 0 0.206034
0.4375 0 0.198668
0.4375 0.0625 0.136226
0.375 0.0625 0.145241
0.4375 0.125 0.073812
0.4375 0.09375 0.10503
0.46875 0.09375 0.108649
0.46875 0.125 0.0780468
0.4375 0.125 0.073812
0.4375 0.09375 0.10503
0.4375 0.0625 0.136226
0.46875 0.0625 0.139377
0.46875 0.09375 0.108649
0.4375 0.09375 0.10503
0.46875 0.125 0.0780468
0.46875 0.09375 0.108649
0.5 0.09375 0.116535
0.5 0.125 0.0868088
0.46875 0.125 0.0780468
0.46875 0.09375 0.108649
0.46875 0.0625 0.139377
0.5 0.0625 0.146468
0.5 0.09375 0.116535
0.46875 0.09375 0.108649
0.4375 0.0625 0.136226
0.4375 0 0.198668
0.5 0 0.20729
0.5 0.0625 0.146468
0.4375 0.0625 0.136226
0.5 1 0.208138
0.5 0.9375 0.147506
0.5625 0.9375 0.136101
0.5625 1 0.198556
0.5 1 0.208138
0.5 0.9375 0.147506
0.5 0.90625 0.117512
0.53125 0.90625 0.109112
0.53125 0.9375 0.139811
0.5 0.9375 0.147506
0.5 0.90625 0.117512
0.5 0.875 0.087704
0.53125 0.875 0.0784985
0.53125 0.90625 0.109112
0.5 0.90625 0.117512
0.53125 0.9375 0.139811
0.53125 0.90625 0.109112
0.5625 0.90625 0.104888
0.5625 0.9375 0.136101
0.53125 0.9375 0.139811
0.53125 0.90625 0.109112
0.53125 0.875 0.0784985
0.5625 0.875 0.0736671
0.5625 0.90625 0.104888
0.53125 0.90625 0.109112
0.5625 1 0.198556
0.5625 0.9375 0.136101
0.625 0.9375 0.14647
0.625 1 0.206903
0.5625 1 0.198556
0.5625 0.9375 0.136101
0.5625 0.90625 0.104888
0.59375 0.90625 0.107832
0.59375 0.9375 0.13859
0.5625 0.9375 0.136101
0.5625 0.90625 0.104888
0.5625 0.875 0.0736671
0.59375 0.875 0.0771523
0.59375 0.90625 0.107832
0.5625 0.90625 0.104888
0.59375 0.9375 0.13859
0.59375 0.90625 0.107832
0.625 0.90625 0.116768
0.625 0.9375 0.14647
0.59375 0.9375 0.13859
0.59375 0.90625 0.107832
0.59375 0.875 0.0771523
0.625 0.875 0.0874921
0.625 0.90625 0.116768
0.59375 0.90625 0.107832
0.5 0.875 0.087704
0.5 0.84375 0.058153
0.53125 0.84375 0.0480083
0.53125 0.875 0.0784985
0.5 0.875 0.087704
0.5 0.84375 0.058153
0.5 0.8125 0.0288875
0.53125 0.8125 0.0176882
0.53125 0.84375 0.0480083
0.5 0.84375 0.058153
0.53125 0.875 0.0784985
0.53125 0.84375 0.0480083
0.5625 0.84375 0.0424362
0.5625 0.875 0.0736671
0.53125 0.875 0.0784985
0.53125 0.84375 0.0480083
0.53125 0.8125 0.0176882
0.5625 0.8125 0.0111918
0.5625 0.84375 0.0424362
0.53125 0.84375 0.0480083
0.5 0.8125 0.0288875
0.5 0.78125 -4.493e-005
0.53125 0.78125 -0.0120971
0.53125 0.8125 0.0176882
0.5 0.8125 0.0288875
0.5 0.78125 -4.493e-005
0.5 0.75 -0.0281043
0.53125 0.75 -0.0410152
0.53125 0.78125 -0.0120971
0.5 0.78125 -4.493e-005
0.53125 0.8125 0.0176882
0.53125 0.78125 -0.0120971
0.5625 0.78125 -0.0198053
0.5625 0.8125 0.0111918
0.53125 0.8125 0.0176882
0.53125 0.78125 -0.0120971
0.53125 0.75 -0.0410152
0.5625 0.75 -0.0503518
0.5625 0.78125 -0.0198053
0.53125 0.78125 -0.0120971
0.5625 0.875 0.0736671
0.5625 0.84375 0.0424362
0.59375 0.84375 0.0466288
0.59375 0.875 0.0771523
0.5625 0.875 0.0736671
0.5625 0.84375 0.0424362
0.5625 0.8125 0.0111918
0.59375 0.8125 0.0163576
0.59375 0.84375 0.0466288
0.5625 0.84375 0.0424362
0.59375 0.875 0.0771523
0.59375 0.84375 0.0466288
0.625 0.84375 0.0588065
0.625 0.875 0.0874921
0.59375 0.875 0.0771523
0.59375 0.84375 0.0466288
0.59375 0.8125 0.0163576
0.625 0.8125 0.0309929
0.625 0.84375 0.0588065
0.59375 0.84375 0.0466288
0.5625 0.8125 0.0111918
0.5625 0.78125 -0.0198053
0.59375 0.78125 -0.0127896
0.59375 0.8125 0.0163576
0.5625 0.8125 0.0111918
0.5625 0.78125 -0.0198053
0.5625 0.75 -0.0503518
0.59375 0.75 -0.0387813
0.59375 0.78125 -0.0127896
0.5625 0.78125 -0.0198053
0.59375 0.8125 0.0163576
0.59375 0.78125 -0.0127896
0.625 0.78125 0.00451851
0.625 0.8125 0.0309929
0.59375 0.8125 0.0163576
0.59375 0.78125 -0.0127896
0.59375 0.75 -0.0387813
0.625 0.75 -0.0174076
0.625 0.78125 0.00451851
0.59375 0.78125 -0.0127896
0.625 1 0.206903
0.625 0.9375 0.14647
0.6875 0.9375 0.17447
0.6875 1 0.230081
0.625 1 0.206903
0.625 0.9375 0.14647
0.625 0.90625 0.116768
0.65625 0.90625 0.130617
0.65625 0.9375 0.158793
0.625 0.9375 0.14647
0.625 0.90625 0.116768
0.625 0.875 0.0874921
0.65625 0.875 0.103173
0.65625 0.90625 0.130617
0.625 0.90625 0.116768
0.65625 0.9375 0.158793
0.65625 0.90625 0.130617
0.6875 0.90625 0.147861
0.6875 0.9375 0.17447
0.65625 0.9375 0.158793
0.65625 0.90625 0.130617
0.65625 0.875 0.103173
0.6875 0.875 0.122179
0.6875 0.90625 0.147861
0.65625 0.90625 0.130617
0.6875 1 0.230081
0.6875 0.9375 0.17447
0.75 0.9375 0.213621
0.75 1 0.263826
0.6875 1 0.230081
0.6875 0.9375 0.17447
0.6875 0.875 0.122179
0.75 0.875 0.166138
0.75 0.9375 0.213621
0.6875 0.9375 0.17447
0.625 0.875 0.0874921
0.625 0.84375 0.0588065
0.65625 0.84375 0.0767115
0.65625 0.875 0.103173
0.625 0.875 0.0874921
0.625 0.84375 0.0588065
0.625 0.8125 0.0309929
0.65625 0.8125 0.0515947
0.65625 0.84375 0.0767115
0.625 0.84375 0.0588065
0.65625 0.875 0.103173
0.65625 0.84375 0.0767115
0.6875 0.84375 0.09771
0.6875 0.875 0.122179
0.65625 0.875 0.103173
0.65625 0.84375 0.0767115
0.65625 0.8125 0.0515947
0.6875 0.8125 0.0747342
0.6875 0.84375 0.09771
0.65625 0.84375 0.0767115
0.625 0.8125 0.0309929
0.625 0.78125 0.00451851
0.65625 0.78125 0.0283455
0.65625 0.8125 0.0515947
0.625 0.8125 0.0309929
0.625 0.78125 0.00451851
0.625 0.75 -0.0174076
0.65625 0.75 0.00770124
0.65625 0.78125 0.0283455
0.625 0.78125 0.00451851
0.65625 0.8125 0.0515947
0.65625 0.78125 0.0283455
0.6875 0.78125 0.0536067
0.6875 0.8125 0.0747342
0.65625 0.8125 0.0515947
0.65625 0.78125 0.0283455
0.65625 0.75 0.00770124
0.6875 0.75 0.0346535
0.6875 0.78125 0.0536067
0.65625 0.78125 0.0283455
0.6875 0.875 0.122179
0.6875 0.84375 0.09771
0.71875 0.84375 0.120614
0.71875 0.875 0.143486
0.6875 0.875 0.122179
0.6875 0.84375 0.09771
0.6875 0.8125 0.0747342
0.71875 0.8125 0.0992639
0.71875 0.84375 0.120614
0.6875 0.84375 0.09771
0.71875 0.875 0.143486
0.71875 0.84375 0.120614
0.75 0.84375 0.144669
0.75 0.875 0.166138
0.71875 0.875 0.143486
0.71875 0.84375 0.120614
0.71875 0.8125 0.0992639
0.75 0.8125 0.124628
0.75 0.84375 0.144669
0.71875 0.84375 0.120614
0.6875 0.8125 0.0747342
0.6875 0.78125 0.0536067
0.71875 0.78125 0.0796193
0.71875 0.8125 0.0992639
0.6875 0.8125 0.0747342
0.6875 0.78125 0.0536067
0.6875 0.75 0.0346535
0.71875 0.75 0.0617706
0.71875 0.78125 0.0796193
0.6875 0.78125 0.0536067
0.71875 0.8125 0.0992639
0.71875 0.78125 0.0796193
0.75 0.78125 0.106085
0.75 0.8125 0.124628
0.71875 0.8125 0.0992639
0.71875 0.78125 0.0796193
0.71875 0.75 0.0617706
0.75 0.75 0.0890102
0.75 0.78125 0.106085
0.71875 0.78125 0.0796193
0.5 0.75 -0.0281043
0.5 0.71875 -0.0560168
0.53125 0.71875 -0.0695278
0.53125 0.75 -0.0410152
0.5 0.75 -0.0281043
0.5 0.71875 -0.0560168
0.5 0.6875 -0.0838283
0.53125 0.6875 -0.0977276
0.53125 0.71875 -0.0695278
0.5 0.71875 -0.0560168
0.53125 0.75 -0.0410152
0.53125 0.71875 -0.0695278
0.5625 0.71875 -0.0788247
0.5625 0.75 -0.0503518
0.53125 0.75 -0.0410152
0.53125 0.71875 -0.0695278
0.53125 0.6875 -0.0977276
0.5625 0.6875 -0.102412
0.5625 0.71875 -0.0788247
0.53125 0.71875 -0.0695278
0.5 0.6875 -0.0838283
0.5 0.65625 -0.111585
0.53125 0.65625 -0.125741
0.53125 0.6875 -0.0977276
0.5 0.6875 -0.0838283
0.5 0.65625 -0.111585
0.5 0.625 -0.139296
0.53125 0.625 -0.153611
0.53125 0.65625 -0.125741
0.5 0.65625 -0.111585
0.53125 0.6875 -0.0977276
0.53125 0.65625 -0.125741
0.5625 0.65625 -0.120483
0.5625 0.6875 -0.102412
0.53125 0.6875 -0.0977276
0.53125 0.65625 -0.125741
0.53125 0.625 -0.153611
0.5625 0.625 -0.136084
0.5625 0.65625 -0.120483
0.53125 0.65625 -0.125741
0.5625 0.75 -0.0503518
0.5625 0.71875 -0.0788247
0.59375 0.71875 -0.0605087
0.59375 0.75 -0.0387813
0.5625 0.75 -0.0503518
0.5625 0.71875 -0.0788247
0.5625 0.6875 -0.102412
0.59375 0.6875 -0.0781669
0.59375 0.71875 -0.0605087
0.5625 0.71875 -0.0788247
0.59375 0.75 -0.0387813
0.59375 0.71875 -0.0605087
0.625 0.71875 -0.0354738
0.625 0.75 -0.0174076
0.59375 0.75 -0.0387813
0.59375 0.71875 -0.0605087
0.59375 0.6875 -0.0781669
0.625 0.6875 -0.0514464
0.625 0.71875 -0.0354738
0.59375 0.71875 -0.0605087
0.5625 0.6875 -0.102412
0.5625 0.65625 -0.120483
0.59375 0.65625 -0.0938083
0.59375 0.6875 -0.0781669
0.5625 0.6875 -0.102412
0.5625 0.65625 -0.120483
0.5625 0.625 -0.136084
0.59375 0.625 -0.108699
0.59375 0.65625 -0.0938083
0.5625 0.65625 -0.120483
0.59375 0.6875 -0.0781669
0.59375 0.65625 -0.0938083
0.625 0.65625 -0.0664479
0.625 0.6875 -0.0514464
0.59375 0.6875 -0.0781669
0.59375 0.65625 -0.0938083
0.59375 0.625 -0.108699
0.625 0.625 -0.0811312
0.625 0.65625 -0.0664479
0.59375 0.65625 -0.0938083
0.5 0.625 -0.139296
0.5 0.5625 -0.194679
0.5625 0.5625 -0.165586
0.5625 0.625 -0.136084
0.5 0.625 -0.139296
0.5 0.5625 -0.194679
0.5 0.5 -0.230548
0.5625 0.5 -0.186387
0.5625 0.5625 -0.165586
0.5 0.5625 -0.194679
0.5625 0.625 -0.136084
0.5625 0.59375 -0.150928
0.59375 0.59375 -0.123351
0.59375 0.625 -0.108699
0.5625 0.625 -0.136084
0.5625 0.59375 -0.150928
0.5625 0.5625 -0.165586
0.59375 0.5625 -0.137934
0.59375 0.59375 -0.123351
0.5625 0.59375 -0.150928
0.59375 0.625 -0.108699
0.59375 0.59375 -0.123351
0.625 0.59375 -0.0957201
0.625 0.625 -0.0811312
0.59375 0.625 -0.108699
0.59375 0.59375 -0.123351
0.59375 0.5625 -0.137934
0.625 0.5625 -0.110274
0.625 0.59375 -0.0957201
0.59375 0.59375 -0.123351
0.5625 0.5625 -0.165586
0.5625 0.5 -0.186387
0.625 0.5 -0.139234
0.625 0.5625 -0.110274
0.5625 0.5625 -0.165586
0.625 0.75 -0.0174076
0.625 0.71875 -0.0354738
0.65625 0.71875 -0.0089058
0.65625 0.75 0.00770124
0.625 0.75 -0.0174076
0.625 0.71875 -0.0354738
0.625 0.6875 -0.0514464
0.65625 0.6875 -0.024186
0.65625 0.71875 -0.0089058
0.625 0.71875 -0.0354738
0.65625 0.75 0.00770124
0.65625 0.71875 -0.0089058
0.6875 0.71875 0.0183779
0.6875 0.75 0.0346535
0.65625 0.75 0.00770124
0.65625 0.71875 -0.0089058
0.65625 0.6875 -0.024186
0.6875 0.6875 0.00330751
0.6875 0.71875 0.0183779
0.65625 0.71875 -0.0089058
0.625 0.6875 -0.0514464
0.625 0.65625 -0.0664479
0.65625 0.65625 -0.0389088
0.65625 0.6875 -0.024186
0.625 0.6875 -0.0514464
0.625 0.65625 -0.0664479
0.625 0.625 -0.0811312
0.65625 0.625 -0.0535087
0.65625 0.65625 -0.0389088
0.625 0.65625 -0.0664479
0.65625 0.6875 -0.024186
0.65625 0.65625 -0.0389088
0.6875 0.65625 -0.0112943
0.6875 0.6875 0.00330751
0.65625 0.6875 -0.024186
0.65625 0.65625 -0.0389088
0.65625 0.625 -0.0535087
0.6875 0.625 -0.0258631
0.6875 0.65625 -0.0112943
0.65625 0.65625 -0.0389088
0.6875 0.75 0.0346535
0.6875 0.71875 0.0183779
0.71875 0.71875 0.0459005
0.71875 0.75 0.0617706
0.6875 0.75 0.0346535
0.6875 0.71875 0.0183779
0.6875 0.6875 0.00330751
0.71875 0.6875 0.0309467
0.71875 0.71875 0.0459005
0.6875 0.71875 0.0183779
0.71875 0.75 0.0617706
0.71875 0.71875 0.0459005
0.75 0.71875 0.0734505
0.75 0.75 0.0890102
0.71875 0.75 0.0617706
0.71875 0.71875 0.0459005
0.71875 0.6875 0.0309467
0.75 0.6875 0.0585917
0.75 0.71875 0.0734505
0.71875 0.71875 0.0459005
0.6875 0.6875 0.00330751
0.6875 0.65625 -0.0112943
0.71875 0.65625 0.0163547
0.71875 0.6875 0.0309467
0.6875 0.6875 0.00330751
0.6875 0.65625 -0.0112943
0.6875 0.625 -0.0258631
0.71875 0.625 0.00179386
0.71875 0.65625 0.0163547
0.6875 0.65625 -0.0112943
0.71875 0.6875 0.0309467
0.71875 0.65625 0.0163547
0.75 0.65625 0.0440121
0.75 0.6875 0.0585917
0.71875 0.6875 0.0309467
0.71875 0.65625 0.0163547
0.71875 0.625 0.00179386
0.75 0.625 0.0294617
0.75 0.65625 0.0440121
0.71875 0.65625 0.0163547
0.625 0.625 -0.0811312
0.625 0.59375 -0.0957201
0.65625 0.59375 -0.0680703
0.65625 0.625 -0.0535087
0.625 0.625 -0.0811312
0.625 0.59375 -0.0957201
0.625 0.5625 -0.110274
0.65625 0.5625 -0.0826078
0.65625 0.59375 -0.0680703
0.625 0.59375 -0.0957201
0.65625 0.625 -0.0535087
0.65625 0.59375 -0.0680703
0.6875 0.59375 -0.0404107
0.6875 0.625 -0.0258631
0.65625 0.625 -0.0535087
0.65625 0.59375 -0.0680703
0.65625 0.5625 -0.0826078
0.6875 0.5625 -0.0549358
0.6875 0.59375 -0.0404107
0.65625 0.59375 -0.0680703
0.625 0.5625 -0.110274
0.625 0.53125 -0.124792
0.65625 0.53125 -0.0971018
0.65625 0.5625 -0.0826078
0.625 0.5625 -0.110274
0.625 0.53125 -0.124792
0.625 0.5 -0.139234
0.65625 0.5 -0.111475
0.65625 0.53125 -0.0971018
0.625 0.53125 -0.124792
0.65625 0.5625 -0.0826078
0.65625 0.53125 -0.0971018
0.6875 0.53125 -0.0693971
0.6875 0.5625 -0.0549358
0.65625 0.5625 -0.0826078
0.65625 0.53125 -0.0971018
0.65625 0.5 -0.111475
0.6875 0.5 -0.0836699
0.6875 0.53125 -0.0693971
0.65625 0.53125 -0.0971018
0.6875 0.625 -0.0258631
0.6875 0.59375 -0.0404107
0.71875 0.59375 -0.0127446
0.71875 0.625 0.00179386
0.6875 0.625 -0.0258631
0.6875 0.59375 -0.0404107
0.6875 0.5625 -0.0549358
0.71875 0.5625 -0.0272574
0.71875 0.59375 -0.0127446
0.6875 0.59375 -0.0404107
0.71875 0.625 0.00179386
0.71875 0.59375 -0.0127446
0.75 0.59375 0.0149333
0.75 0.625 0.0294617
0.71875 0.625 0.00179386
0.71875 0.59375 -0.0127446
0.71875 0.5625 -0.0272574
0.75 0.5625 0.000429881
0.75 0.59375 0.0149333
0.71875 0.59375 -0.0127446
0.6875 0.5625 -0.0549358
0.6875 0.53125 -0.0693971
0.71875 0.53125 -0.0416626
0.71875 0.5625 -0.0272574
0.6875 0.5625 -0.0549358
0.6875 0.53125 -0.0693971
0.6875 0.5 -0.0836699
0.71875 0.5 -0.0557771
0.71875 0.53125 -0.0416626
0.6875 0.53125 -0.0693971
0.71875 0.5625 -0.0272574
0.71875 0.53125 -0.0416626
0.75 0.53125 -0.0138776
0.75 0.5625 0.000429881
0.71875 0.5625 -0.0272574
0.71875 0.53125 -0.0416626
0.71875 0.5 -0.0557771
0.75 0.5 -0.0277604
0.75 0.53125 -0.0138776
0.71875 0.53125 -0.0416626
0.75 1 0.263826
0.75 0.9375 0.213621
0.8125 0.9375 0.258807
0.8125 1 0.304586
0.75 1 0.263826
0.75 0.9375 0.213621
0.75 0.875 0.166138
0.8125 0.875 0.215768
0.8125 0.9375 0.258807
0.75 0.9375 0.213621
0.8125 1 0.304586
0.8125 0.9375 0.258807
0.875 0.9375 0.30673
0.875 1 0.348906
0.8125 1 0.304586
0.8125 0.9375 0.258807
0.8125 0.875 0.215768
0.875 0.875 0.267072
0.875 0.9375 0.30673
0.8125 0.9375 0.258807
0.75 0.875 0.166138
0.75 0.8125 0.124628
0.8125 0.8125 0.176877
0.8125 0.875 0.215768
0.75 0.875 0.166138
0.75 0.8125 0.124628
0.75 0.75 0.0890102
0.8125 0.75 0.143762
0.8125 0.8125 0.176877
0.75 0.8125 0.124628
0.8125 0.875 0.215768
0.8125 0.8125 0.176877
0.875 0.8125 0.230899
0.875 0.875 0.267072
0.8125 0.875 0.215768
0.8125 0.8125 0.176877
0.8125 0.75 0.143762
0.875 0.75 0.198906
0.875 0.8125 0.230899
0.8125 0.8125 0.176877
0.875 1 0.348906
0.875 0.875 0.267072
1 0.875 0.376026
1 1 0.449808
0.875 1 0.348906
0.875 0.875 0.267072
0.875 0.75 0.198906
1 0.75 0.310594
1 0.875 0.376026
0.875 0.875 0.267072
0.75 0.75 0.0890102
0.75 0.71875 0.0734505
0.78125 0.71875 0.101024
0.78125 0.75 0.116351
0.75 0.75 0.0890102
0.75 0.71875 0.0734505
0.75 0.6875 0.0585917
0.78125 0.6875 0.0862451
0.78125 0.71875 0.101024
0.75 0.71875 0.0734505
0.78125 0.75 0.116351
0.78125 0.71875 0.101024
0.8125 0.71875 0.128622
0.8125 0.75 0.143762
0.78125 0.75 0.116351
0.78125 0.71875 0.101024
0.78125 0.6875 0.0862451
0.8125 0.6875 0.113914
0.8125 0.71875 0.128622
0.78125 0.71875 0.101024
0.75 0.6875 0.0585917
0.75 0.65625 0.0440121
0.78125 0.65625 0.0716817
0.78125 0.6875 0.0862451
0.75 0.6875 0.0585917
0.75 0.65625 0.0440121
0.75 0.625 0.0294617
0.78125 0.625 0.0571525
0.78125 0.65625 0.0716817
0.75 0.65625 0.0440121
0.78125 0.6875 0.0862451
0.78125 0.65625 0.0716817
0.8125 0.65625 0.0993769
0.8125 0.6875 0.113914
0.78125 0.6875 0.0862451
0.78125 0.65625 0.0716817
0.78125 0.625 0.0571525
0.8125 0.625 0.0848974
0.8125 0.65625 0.0993769
0.78125 0.65625 0.0716817
0.8125 0.75 0.143762
0.8125 0.6875 0.113914
0.875 0.6875 0.169362
0.875 0.75 0.198906
0.8125 0.75 0.143762
0.8125 0.6875 0.113914
0.8125 0.65625 0.0993769
0.84375 0.65625 0.127122
0.84375 0.6875 0.141613
0.8125 0.6875 0.113914
0.8125 0.65625 0.0993769
0.8125 0.625 0.0848974
0.84375 0.625 0.112741
0.84375 0.65625 0.127122
0.8125 0.65625 0.0993769
0.84375 0.6875 0.141613
0.84375 0.65625 0.127122
0.875 0.65625 0.154949
0.875 0.6875 0.169362
0.84375 0.6875 0.141613
0.84375 0.65625 0.127122
0.84375 0.625 0.112741
0.875 0.625 0.14072
0.875 0.65625 0.154949
0.84375 0.65625 0.127122
0.75 0.625 0.0294617
0.75 0.59375 0.0149333
0.78125 0.59375 0.0426683
0.78125 0.625 0.0571525
0.75 0.625 0.0294617
0.75 0.59375 0.0149333
0.75 0.5625 0.000429881
0.78125 0.5625 0.0282781
0.78125 0.59375 0.0426683
0.75 0.59375 0.0149333
0.78125 0.625 0.0571525
0.78125 0.59375 0.0426683
0.8125 0.59375 0.0705204
0.8125 0.625 0.0848974
0.78125 0.625 0.0571525
0.78125 0.59375 0.0426683
0.78125 0.5625 0.0282781
0.8125 0.5625 0.0563567
0.8125 0.59375 0.0705204
0.78125 0.59375 0.0426683
0.75 0.5625 0.000429881
0.75 0.53125 -0.0138776
0.78125 0.53125 0.0141352
0.78125 0.5625 0.0282781
0.75 0.5625 0.000429881
0.75 0.53125 -0.0138776
0.75 0.5 -0.0277604
0.78125 0.5 0.000433205
0.78125 0.53125 0.0141352
0.75 0.53125 -0.0138776
0.78125 0.5625 0.0282781
0.78125 0.53125 0.0141352
0.8125 0.53125 0.0426485
0.8125 0.5625 0.0563567
0.78125 0.5625 0.0282781
0.78125 0.53125 0.0141352
0.78125 0.5 0.000433205
0.8125 0.5 0.0299249
0.8125 0.53125 0.0426485
0.78125 0.53125 0.0141352
0.8125 0.625 0.0848974
0.8125 0.59375 0.0705204
0.84375 0.59375 0.098554
0.84375 0.625 0.112741
0.8125 0.625 0.0848974
0.8125 0.59375 0.0705204
0.8125 0.5625 0.0563567
0.84375 0.5625 0.084749
0.84375 0.59375 0.098554
0.8125 0.59375 0.0705204
0.84375 0.625 0.112741
0.84375 0.59375 0.098554
0.875 0.59375 0.12681
0.875 0.625 0.14072
0.84375 0.625 0.112741
0.84375 0.59375 0.098554
0.84375 0.5625 0.084749
0.875 0.5625 0.113445
0.875 0.59375 0.12681
0.84375 0.59375 0.098554
0.8125 0.5625 0.0563567
0.8125 0.53125 0.0426485
0.84375 0.53125 0.0716692
0.84375 0.5625 0.084749
0.8125 0.5625 0.0563567
0.8125 0.53125 0.0426485
0.8125 0.5 0.0299249
0.84375 0.5 0.0598522
0.84375 0.53125 0.0716692
0.8125 0.53125 0.0426485
0.84375 0.5625 0.084749
0.84375 0.53125 0.0716692
0.875 0.53125 0.101009
0.875 0.5625 0.113445
0.84375 0.5625 0.084749
0.84375 0.53125 0.0716692
0.84375 0.5 0.0598522
0.875 0.5 0.0900257
0.875 0.53125 0.101009
0.84375 0.53125 0.0716692
0.875 0.75 0.198906
0.875 0.6875 0.169362
0.9375 0.6875 0.225354
0.9375 0.75 0.254403
0.875 0.75 0.198906
0.875 0.6875 0.169362
0.875 0.625 0.14072
0.9375 0.625 0.197639
0.9375 0.6875 0.225354
0.875 0.6875 0.169362
0.9375 0.75 0.254403
0.9375 0.6875 0.225354
1 0.6875 0.282369
1 0.75 0.310594
0.9375 0.75 0.254403
0.9375 0.6875 0.225354
0.9375 0.625 0.197639
1 0.625 0.255914
1 0.6875 0.282369
0.9375 0.6875 0.225354
0.875 0.625 0.14072
0.875 0.5625 0.113445
0.9375 0.5625 0.172179
0.9375 0.625 0.197639
0.875 0.625 0.14072
0.875 0.5625 0.113445
0.875 0.5 0.0900257
0.9375 0.5 0.150719
0.9375 0.5625 0.172179
0.875 0.5625 0.113445
0.9375 0.625 0.197639
0.9375 0.5625 0.172179
1 0.5625 0.23212
1 0.625 0.255914
0.9375 0.625 0.197639
0.9375 0.5625 0.172179
0.9375 0.5 0.150719
1 0.5 0.212546
1 0.5625 0.23212
0.9375 0.5625 0.172179
0.5 0.5 -0.230548
0.5 0.4375 -0.194502
0.5625 0.4375 -0.164865
0.5625 0.5 -0.186387
0.5 0.5 -0.230548
0.5 0.4375 -0.194502
0.5 0.375 -0.139209
0.5625 0.375 -0.110221
0.5625 0.4375 -0.164865
0.5 0.4375 -0.194502
0.5625 0.5 -0.186387
0.5625 0.4375 -0.164865
0.625 0.4375 -0.133296
0.625 0.5 -0.139234
0.5625 0.5 -0.186387
0.5625 0.4375 -0.164865
0.5625 0.40625 -0.137721
0.59375 0.40625 -0.122951
0.59375 0.4375 -0.149525
0.5625 0.4375 -0.164865
0.5625 0.40625 -0.137721
0.5625 0.375 -0.110221
0.59375 0.375 -0.0955988
0.59375 0.40625 -0.122951
0.5625 0.40625 -0.137721
0.59375 0.4375 -0.149525
0.59375 0.40625 -0.122951
0.625 0.40625 -0.107858
0.625 0.4375 -0.133296
0.59375 0.4375 -0.149525
0.59375 0.40625 -0.122951
0.59375 0.375 -0.0955988
0.625 0.375 -0.0808844
0.625 0.40625 -0.107858
0.59375 0.40625 -0.122951
0.5 0.375 -0.139209
0.5 0.34375 -0.111484
0.53125 0.34375 -0.0971097
0.53125 0.375 -0.124773
0.5 0.375 -0.139209
0.5 0.34375 -0.111484
0.5 0.3125 -0.0837189
0.53125 0.3125 -0.0694264
0.53125 0.34375 -0.0971097
0.5 0.34375 -0.111484
0.53125 0.375 -0.124773
0.53125 0.34375 -0.0971097
0.5625 0.34375 -0.0826006
0.5625 0.375 -0.110221
0.53125 0.375 -0.124773
0.53125 0.34375 -0.0971097
0.53125 0.3125 -0.0694264
0.5625 0.3125 -0.0549474
0.5625 0.34375 -0.0826006
0.53125 0.34375 -0.0971097
0.5 0.3125 -0.0837189
0.5 0.28125 -0.055906
0.53125 0.28125 -0.0417258
0.53125 0.3125 -0.0694264
0.5 0.3125 -0.0837189
0.5 0.28125 -0.055906
0.5 0.25 -0.0280252
0.53125 0.25 -0.0140023
0.53125 0.28125 -0.0417258
0.5 0.28125 -0.055906
0.53125 0.3125 -0.0694264
0.53125 0.28125 -0.0417258
0.5625 0.28125 -0.0272838
0.5625 0.3125 -0.0549474
0.53125 0.3125 -0.0694264
0.53125 0.28125 -0.0417258
0.53125 0.25 -0.0140023
0.5625 0.25 0.000386414
0.5625 0.28125 -0.0272838
0.53125 0.28125 -0.0417258
0.5625 0.375 -0.110221
0.5625 0.34375 -0.0826006
0.59375 0.34375 -0.0680382
0.59375 0.375 -0.0955988
0.5625 0.375 -0.110221
0.5625 0.34375 -0.0826006
0.5625 0.3125 -0.0549474
0.59375 0.3125 -0.0404097
0.59375 0.34375 -0.0680382
0.5625 0.34375 -0.0826006
0.59375 0.375 -0.0955988
0.59375 0.34375 -0.0680382
0.625 0.34375 -0.0534426
0.625 0.375 -0.0808844
0.59375 0.375 -0.0955988
0.59375 0.34375 -0.0680382
0.59375 0.3125 -0.0404097
0.625 0.3125 -0.0258556
0.625 0.34375 -0.0534426
0.59375 0.34375 -0.0680382
0.5625 0.3125 -0.0549474
0.5625 0.28125 -0.0272838
0.59375 0.28125 -0.0127561
0.59375 0.3125 -0.0404097
0.5625 0.3125 -0.0549474
0.5625 0.28125 -0.0272838
0.5625 0.25 0.000386414
0.59375 0.25 0.0149059
0.59375 0.28125 -0.0127561
0.5625 0.28125 -0.0272838
0.59375 0.3125 -0.0404097
0.59375 0.28125 -0.0127561
0.625 0.28125 0.0017916
0.625 0.3125 -0.0258556
0.59375 0.3125 -0.0404097
0.59375 0.28125 -0.0127561
0.59375 0.25 0.0149059
0.625 0.25 0.0294458
0.625 0.28125 0.0017916
0.59375 0.28125 -0.0127561
0.625 0.5 -0.139234
0.625 0.46875 -0.149261
0.65625 0.46875 -0.124634
0.65625 0.5 -0.111475
0.625 0.5 -0.139234
0.625 0.46875 -0.149261
0.625 0.4375 -0.133296
0.65625 0.4375 -0.115507
0.65625 0.46875 -0.124634
0.625 0.46875 -0.149261
0.65625 0.5 -0.111475
0.65625 0.46875 -0.124634
0.6875 0.46875 -0.0973618
0.6875 0.5 -0.0836699
0.65625 0.5 -0.111475
0.65625 0.46875 -0.124634
0.65625 0.4375 -0.115507
0.6875 0.4375 -0.0952175
0.6875 0.46875 -0.0973618
0.65625 0.46875 -0.124634
0.625 0.4375 -0.133296
0.625 0.40625 -0.107858
0.65625 0.40625 -0.0921962
0.65625 0.4375 -0.115507
0.625 0.4375 -0.133296
0.625 0.40625 -0.107858
0.625 0.375 -0.0808844
0.65625 0.375 -0.0659597
0.65625 0.40625 -0.0921962
0.625 0.40625 -0.107858
0.65625 0.4375 -0.115507
0.65625 0.40625 -0.0921962
0.6875 0.40625 -0.0753611
0.6875 0.4375 -0.0952175
0.65625 0.4375 -0.115507
0.65625 0.40625 -0.0921962
0.65625 0.375 -0.0659597
0.6875 0.375 -0.0505888
0.6875 0.40625 -0.0753611
0.65625 0.40625 -0.0921962
0.6875 0.5 -0.0836699
0.6875 0.46875 -0.0973618
0.71875 0.46875 -0.0689733
0.71875 0.5 -0.0557771
0.6875 0.5 -0.0836699
0.6875 0.46875 -0.0973618
0.6875 0.4375 -0.0952175
0.71875 0.4375 -0.0719064
0.71875 0.46875 -0.0689733
0.6875 0.46875 -0.0973618
0.71875 0.5 -0.0557771
0.71875 0.46875 -0.0689733
0.75 0.46875 -0.0402793
0.75 0.5 -0.0277604
0.71875 0.5 -0.0557771
0.71875 0.46875 -0.0689733
0.71875 0.4375 -0.0719064
0.75 0.4375 -0.0457321
0.75 0.46875 -0.0402793
0.71875 0.46875 -0.0689733
0.6875 0.4375 -0.0952175
0.6875 0.40625 -0.0753611
0.71875 0.40625 -0.0564915
0.71875 0.4375 -0.0719064
0.6875 0.4375 -0.0952175
0.6875 0.40625 -0.0753611
0.6875 0.375 -0.0505888
0.71875 0.375 -0.0343546
0.71875 0.40625 -0.0564915
0.6875 0.40625 -0.0753611
0.71875 0.4375 -0.0719064
0.71875 0.40625 -0.0564915
0.75 0.40625 -0.0349025
0.75 0.4375 -0.0457321
0.71875 0.4375 -0.0719064
0.71875 0.40625 -0.0564915
0.71875 0.375 -0.0343546
0.75 0.375 -0.0168984
0.75 0.40625 -0.0349025
0.71875 0.40625 -0.0564915
0.625 0.375 -0.0808844
0.625 0.34375 -0.0534426
0.65625 0.34375 -0.0387888
0.65625 0.375 -0.0659597
0.625 0.375 -0.0808844
0.625 0.34375 -0.0534426
0.625 0.3125 -0.0258556
0.65625 0.3125 -0.011287
0.65625 0.34375 -0.0387888
0.625 0.34375 -0.0534426
0.65625 0.375 -0.0659597
0.65625 0.34375 -0.0387888
0.6875 0.34375 -0.0240207
0.6875 0.375 -0.0505888
0.65625 0.375 -0.0659597
0.65625 0.34375 -0.0387888
0.65625 0.3125 -0.011287
0.6875 0.3125 0.00333707
0.6875 0.34375 -0.0240207
0.65625 0.34375 -0.0387888
0.625 0.3125 -0.0258556
0.625 0.28125 0.0017916
0.65625 0.28125 0.0163537
0.65625 0.3125 -0.011287
0.625 0.3125 -0.0258556
0.625 0.28125 0.0017916
0.625 0.25 0.0294458
0.65625 0.25 0.0440012
0.65625 0.28125 0.0163537
0.625 0.28125 0.0017916
0.65625 0.3125 -0.011287
0.65625 0.28125 0.0163537
0.6875 0.28125 0.030951
0.6875 0.3125 0.00333707
0.65625 0.3125 -0.011287
0.65625 0.28125 0.0163537
0.65625 0.25 0.0440012
0.6875 0.25 0.0585806
0.6875 0.28125 0.030951
0.65625 0.28125 0.0163537
0.6875 0.375 -0.0505888
0.6875 0.34375 -0.0240207
0.71875 0.34375 -0.0088862
0.71875 0.375 -0.0343546
0.6875 0.375 -0.0505888
0.6875 0.34375 -0.0240207
0.6875 0.3125 0.00333707
0.71875 0.3125 0.0182857
0.71875 0.34375 -0.0088862
0.6875 0.34375 -0.0240207
0.71875 0.375 -0.0343546
0.71875 0.34375 -0.0088862
0.75 0.34375 0.00766112
0.75 0.375 -0.0168984
0.71875 0.375 -0.0343546
0.71875 0.34375 -0.0088862
0.71875 0.3125 0.0182857
0.75 0.3125 0.0341042
0.75 0.34375 0.00766112
0.71875 0.34375 -0.0088862
0.6875 0.3125 0.00333707
0.6875 0.28125 0.030951
0.71875 0.28125 0.0457262
0.71875 0.3125 0.0182857
0.6875 0.3125 0.00333707
0.6875 0.28125 0.030951
0.6875 0.25 0.0585806
0.71875 0.25 0.0732616
0.71875 0.28125 0.0457262
0.6875 0.28125 0.030951
0.71875 0.3125 0.0182857
0.71875 0.28125 0.0457262
0.75 0.28125 0.0610402
0.75 0.3125 0.0341042
0.71875 0.3125 0.0182857
0.71875 0.28125 0.0457262
0.71875 0.25 0.0732616
0.75 0.25 0.0882723
0.75 0.28125 0.0610402
0.71875 0.28125 0.0457262
0.5 0.25 -0.0280252
0.5 0.21875 -5.26672e-005
0.53125 0.21875 0.0138111
0.53125 0.25 -0.0140023
0.5 0.25 -0.0280252
0.5 0.21875 -5.26672e-005
0.5 0.1875 0.0284813
0.53125 0.1875 0.0418054
0.53125 0.21875 0.0138111
0.5 0.21875 -5.26672e-005
0.53125 0.25 -0.0140023
0.53125 0.21875 0.0138111
0.5625 0.21875 0.0281046
0.5625 0.25 0.000386414
0.53125 0.25 -0.0140023
0.53125 0.21875 0.0138111
0.53125 0.1875 0.0418054
0.5625 0.1875 0.0558891
0.5625 0.21875 0.0281046
0.53125 0.21875 0.0138111
0.5 0.1875 0.0284813
0.5 0.15625 0.0574713
0.53125 0.15625 0.0700334
0.53125 0.1875 0.0418054
0.5 0.1875 0.0284813
0.5 0.15625 0.0574713
0.5 0.125 0.0868088
0.53125 0.125 0.0985306
0.53125 0.15625 0.0700334
0.5 0.15625 0.0574713
0.53125 0.1875 0.0418054
0.53125 0.15625 0.0700334
0.5625 0.15625 0.0837766
0.5625 0.1875 0.0558891
0.53125 0.1875 0.0418054
0.53125 0.15625 0.0700334
0.53125 0.125 0.0985306
0.5625 0.125 0.111809
0.5625 0.15625 0.0837766
0.53125 0.15625 0.0700334
0.5625 0.25 0.000386414
0.5625 0.21875 0.0281046
0.59375 0.21875 0.0425811
0.59375 0.25 0.0149059
0.5625 0.25 0.000386414
0.5625 0.21875 0.0281046
0.5625 0.1875 0.0558891
0.59375 0.1875 0.0702805
0.59375 0.21875 0.0425811
0.5625 0.21875 0.0281046
0.59375 0.25 0.0149059
0.59375 0.21875 0.0425811
0.625 0.21875 0.0571064
0.625 0.25 0.0294458
0.59375 0.25 0.0149059
0.59375 0.21875 0.0425811
0.59375 0.1875 0.0702805
0.625 0.1875 0.0847764
0.625 0.21875 0.0571064
0.59375 0.21875 0.0425811
0.5625 0.1875 0.0558891
0.5625 0.15625 0.0837766
0.59375 0.15625 0.098022
0.59375 0.1875 0.0702805
0.5625 0.1875 0.0558891
0.5625 0.15625 0.0837766
0.5625 0.125 0.111809
0.59375 0.125 0.125831
0.59375 0.15625 0.098022
0.5625 0.15625 0.0837766
0.59375 0.1875 0.0702805
0.59375 0.15625 0.098022
0.625 0.15625 0.112463
0.625 0.1875 0.0847764
0.59375 0.1875 0.0702805
0.59375 0.15625 0.098022
0.59375 0.125 0.125831
0.625 0.125 0.140177
0.625 0.15625 0.112463
0.59375 0.15625 0.098022
0.5 0.125 0.0868088
0.5 0.09375 0.116535
0.53125 0.09375 0.127935
0.53125 0.125 0.0985306
0.5 0.125 0.0868088
0.5 0.09375 0.116535
0.5 0.0625 0.146468
0.53125 0.0625 0.157197
0.53125 0.09375 0.127935
0.5 0.09375 0.116535
0.53125 0.125 0.0985306
0.53125 0.09375 0.127935
0.5625 0.09375 0.140107
0.5625 0.125 0.111809
0.53125 0.125 0.0985306
0.53125 0.09375 0.127935
0.53125 0.0625 0.157197
0.5625 0.0625 0.16867
0.5625 0.09375 0.140107
0.53125 0.09375 0.127935
0.5 0.0625 0.146468
0.5 0 0.20729
0.5625 0 0.226935
0.5625 0.0625 0.16867
0.5 0.0625 0.146468
0.5625 0.125 0.111809
0.5625 0.0625 0.16867
0.625 0.0625 0.195889
0.625 0.125 0.140177
0.5625 0.125 0.111809
0.5625 0.0625 0.16867
0.5625 0 0.226935
0.625 0 0.252402
0.625 0.0625 0.195889
0.5625 0.0625 0.16867
0.625 0.25 0.0294458
0.625 0.21875 0.0571064
0.65625 0.21875 0.0716522
0.65625 0.25 0.0440012
0.625 0.25 0.0294458
0.625 0.21875 0.0571064
0.625 0.1875 0.0847764
0.65625 0.1875 0.0993089
0.65625 0.21875 0.0716522
0.625 0.21875 0.0571064
0.65625 0.25 0.0440012
0.65625 0.21875 0.0716522
0.6875 0.21875 0.086219
0.6875 0.25 0.0585806
0.65625 0.25 0.0440012
0.65625 0.21875 0.0716522
0.65625 0.1875 0.0993089
0.6875 0.1875 0.113864
0.6875 0.21875 0.086219
0.65625 0.21875 0.0716522
0.625 0.1875 0.0847764
0.625 0.15625 0.112463
0.65625 0.15625 0.126974
0.65625 0.1875 0.0993089
0.625 0.1875 0.0847764
0.625 0.15625 0.112463
0.625 0.125 0.140177
0.65625 0.125 0.154651
0.65625 0.15625 0.126974
0.625 0.15625 0.112463
0.65625 0.1875 0.0993089
0.65625 0.15625 0.126974
0.6875 0.15625 0.141514
0.6875 0.1875 0.113864
0.65625 0.1875 0.0993089
0.65625 0.15625 0.126974
0.65625 0.125 0.154651
0.6875 0.125 0.169171
0.6875 0.15625 0.141514
0.65625 0.15625 0.126974
0.6875 0.25 0.0585806
0.6875 0.21875 0.086219
0.71875 0.21875 0.100844
0.71875 0.25 0.0732616
0.6875 0.25 0.0585806
0.6875 0.21875 0.086219
0.6875 0.1875 0.113864
0.71875 0.1875 0.128461
0.71875 0.21875 0.100844
0.6875 0.21875 0.086219
0.71875 0.25 0.0732616
0.71875 0.21875 0.100844
0.75 0.21875 0.115669
0.75 0.25 0.0882723
0.71875 0.25 0.0732616
0.71875 0.21875 0.100844
0.71875 0.1875 0.128461
0.75 0.1875 0.143174
0.75 0.21875 0.115669
0.71875 0.21875 0.100844
0.6875 0.1875 0.113864
0.6875 0.125 0.169171
0.75 0.125 0.198362
0.75 0.1875 0.143174
0.6875 0.1875 0.113864
0.625 0.125 0.140177
0.625 0.0625 0.195889
0.6875 0.0625 0.224561
0.6875 0.125 0.169171
0.625 0.125 0.140177
0.625 0.0625 0.195889
0.625 0 0.252402
0.6875 0 0.280301
0.6875 0.0625 0.224561
0.625 0.0625 0.195889
0.6875 0.125 0.169171
0.6875 0.0625 0.224561
0.75 0.0625 0.253593
0.75 0.125 0.198362
0.6875 0.125 0.169171
0.6875 0.0625 0.224561
0.6875 0 0.280301
0.75 0 0.308948
0.75 0.0625 0.253593
0.6875 0.0625 0.224561
0.75 0.5 -0.0277604
0.75 0.46875 -0.0402793
0.78125 0.46875 -0.0111279
0.78125 0.5 0.000433205
0.75 0.5 -0.0277604
0.75 0.46875 -0.0402793
0.75 0.4375 -0.0457321
0.78125 0.4375 -0.0171709
0.78125 0.46875 -0.0111279
0.75 0.46875 -0.0402793
0.78125 0.5 0.000433205
0.78125 0.46875 -0.0111279
0.8125 0.46875 0.0192113
0.8125 0.5 0.0299249
0.78125 0.5 0.000433205
0.78125 0.46875 -0.0111279
0.78125 0.4375 -0.0171709
0.8125 0.4375 0.0130628
0.8125 0.46875 0.0192113
0.78125 0.46875 -0.0111279
0.75 0.4375 -0.0457321
0.75 0.40625 -0.0349025
0.78125 0.40625 -0.0106951
0.78125 0.4375 -0.0171709
0.75 0.4375 -0.0457321
0.75 0.40625 -0.0349025
0.75 0.375 -0.0168984
0.78125 0.375 0.00423341
0.78125 0.40625 -0.0106951
0.75 0.40625 -0.0349025
0.78125 0.4375 -0.0171709
0.78125 0.40625 -0.0106951
0.8125 0.40625 0.0176964
0.8125 0.4375 0.0130628
0.78125 0.4375 -0.0171709
0.78125 0.40625 -0.0106951
0.78125 0.375 0.00423341
0.8125 0.375 0.0303673
0.8125 0.40625 0.0176964
0.78125 0.40625 -0.0106951
0.8125 0.5 0.0299249
0.8125 0.46875 0.0192113
0.84375 0.46875 0.0501944
0.84375 0.5 0.0598522
0.8125 0.5 0.0299249
0.8125 0.46875 0.0192113
0.8125 0.4375 0.0130628
0.84375 0.4375 0.0443034
0.84375 0.46875 0.0501944
0.8125 0.46875 0.0192113
0.84375 0.5 0.0598522
0.84375 0.46875 0.0501944
0.875 0.46875 0.0811648
0.875 0.5 0.0900257
0.84375 0.5 0.0598522
0.84375 0.46875 0.0501944
0.84375 0.4375 0.0443034
0.875 0.4375 0.0755343
0.875 0.46875 0.0811648
0.84375 0.46875 0.0501944
0.8125 0.4375 0.0130628
0.8125 0.40625 0.0176964
0.84375 0.40625 0.0480047
0.84375 0.4375 0.0443034
0.8125 0.4375 0.0130628
0.8125 0.40625 0.0176964
0.8125 0.375 0.0303673
0.84375 0.375 0.0583416
0.84375 0.40625 0.0480047
0.8125 0.40625 0.0176964
0.84375 0.4375 0.0443034
0.84375 0.40625 0.0480047
0.875 0.40625 0.0786155
0.875 0.4375 0.0755343
0.84375 0.4375 0.0443034
0.84375 0.40625 0.0480047
0.84375 0.375 0.0583416
0.875 0.375 0.0872164
0.875 0.40625 0.0786155
0.84375 0.40625 0.0480047
0.75 0.375 -0.0168984
0.75 0.34375 0.00766112
0.78125 0.34375 0.0267801
0.78125 0.375 0.00423341
0.75 0.375 -0.0168984
0.75 0.34375 0.00766112
0.75 0.3125 0.0341042
0.78125 0.3125 0.0515651
0.78125 0.34375 0.0267801
0.75 0.34375 0.00766112
0.78125 0.375 0.00423341
0.78125 0.34375 0.0267801
0.8125 0.34375 0.0491168
0.8125 0.375 0.0303673
0.78125 0.375 0.00423341
0.78125 0.34375 0.0267801
0.78125 0.3125 0.0515651
0.8125 0.3125 0.0713166
0.8125 0.34375 0.0491168
0.78125 0.34375 0.0267801
0.75 0.3125 0.0341042
0.75 0.28125 0.0610402
0.78125 0.28125 0.0774573
0.78125 0.3125 0.0515651
0.75 0.3125 0.0341042
0.75 0.28125 0.0610402
0.75 0.25 0.0882723
0.78125 0.25 0.104022
0.78125 0.28125 0.0774573
0.75 0.28125 0.0610402
0.78125 0.3125 0.0515651
0.78125 0.28125 0.0774573
0.8125 0.28125 0.0955407
0.8125 0.3125 0.0713166
0.78125 0.3125 0.0515651
0.78125 0.28125 0.0774573
0.78125 0.25 0.104022
0.8125 0.25 0.120984
0.8125 0.28125 0.0955407
0.78125 0.28125 0.0774573
0.8125 0.375 0.0303673
0.8125 0.34375 0.0491168
0.84375 0.34375 0.0740472
0.84375 0.375 0.0583416
0.8125 0.375 0.0303673
0.8125 0.34375 0.0491168
0.8125 0.3125 0.0713166
0.84375 0.3125 0.0936006
0.84375 0.34375 0.0740472
0.8125 0.34375 0.0491168
0.84375 0.375 0.0583416
0.84375 0.34375 0.0740472
0.875 0.34375 0.100533
0.875 0.375 0.0872164
0.84375 0.375 0.0583416
0.84375 0.34375 0.0740472
0.84375 0.3125 0.0936006
0.875 0.3125 0.117752
0.875 0.34375 0.100533
0.84375 0.34375 0.0740472
0.8125 0.3125 0.0713166
0.8125 0.28125 0.0955407
0.84375 0.28125 0.115613
0.84375 0.3125 0.0936006
0.8125 0.3125 0.0713166
0.8125 0.28125 0.0955407
0.8125 0.25 0.120984
0.84375 0.25 0.139579
0.84375 0.28125 0.115613
0.8125 0.28125 0.0955407
0.84375 0.3125 0.0936006
0.84375 0.28125 0.115613
0.875 0.28125 0.137748
0.875 0.3125 0.117752
0.84375 0.3125 0.0936006
0.84375 0.28125 0.115613
0.84375 0.25 0.139579
0.875 0.25 0.159955
0.875 0.28125 0.137748
0.84375 0.28125 0.115613
0.875 0.5 0.0900257
0.875 0.46875 0.0811648
0.90625 0.46875 0.112114
0.90625 0.5 0.120324
0.875 0.5 0.0900257
0.875 0.46875 0.0811648
0.875 0.4375 0.0755343
0.90625 0.4375 0.106746
0.90625 0.46875 0.112114
0.875 0.46875 0.0811648
0.90625 0.5 0.120324
0.90625 0.46875 0.112114
0.9375 0.46875 0.143044
0.9375 0.5 0.150719
0.90625 0.5 0.120324
0.90625 0.46875 0.112114
0.90625 0.4375 0.106746
0.9375 0.4375 0.137934
0.9375 0.46875 0.143044
0.90625 0.46875 0.112114
0.875 0.4375 0.0755343
0.875 0.40625 0.0786155
0.90625 0.40625 0.10933
0.90625 0.4375 0.106746
0.875 0.4375 0.0755343
0.875 0.40625 0.0786155
0.875 0.375 0.0872164
0.90625 0.375 0.116659
0.90625 0.40625 0.10933
0.875 0.40625 0.0786155
0.90625 0.4375 0.106746
0.90625 0.40625 0.10933
0.9375 0.40625 0.140177
0.9375 0.4375 0.137934
0.90625 0.4375 0.106746
0.90625 0.40625 0.10933
0.90625 0.375 0.116659
0.9375 0.375 0.146463
0.9375 0.40625 0.140177
0.90625 0.40625 0.10933
0.9375 0.5 0.150719
0.9375 0.4375 0.137934
1 0.4375 0.20037
1 0.5 0.212546
0.9375 0.5 0.150719
0.9375 0.4375 0.137934
0.9375 0.375 0.146463
1 0.375 0.207362
1 0.4375 0.20037
0.9375 0.4375 0.137934
0.875 0.375 0.0872164
0.875 0.34375 0.100533
0.90625 0.34375 0.128244
0.90625 0.375 0.116659
0.875 0.375 0.0872164
0.875 0.34375 0.100533
0.875 0.3125 0.117752
0.90625 0.3125 0.1436
0.90625 0.34375 0.128244
0.875 0.34375 0.100533
0.90625 0.375 0.116659
0.90625 0.34375 0.128244
0.9375 0.34375 0.156662
0.9375 0.375 0.146463
0.90625 0.375 0.116659
0.90625 0.34375 0.128244
0.90625 0.3125 0.1436
0.9375 0.3125 0.170429
0.9375 0.34375 0.156662
0.90625 0.34375 0.128244
0.875 0.3125 0.117752
0.875 0.25 0.159955
0.9375 0.25 0.205489
0.9375 0.3125 0.170429
0.875 0.3125 0.117752
0.9375 0.375 0.146463
0.9375 0.3125 0.170429
1 0.3125 0.227511
1 0.375 0.207362
0.9375 0.375 0.146463
0.9375 0.3125 0.170429
0.9375 0.25 0.205489
1 0.25 0.257787
1 0.3125 0.227511
0.9375 0.3125 0.170429
0.75 0.25 0.0882723
0.75 0.21875 0.115669
0.78125 0.21875 0.130976
0.78125 0.25 0.104022
0.75 0.25 0.0882723
0.75 0.21875 0.115669
0.75 0.1875 0.143174
0.78125 0.1875 0.158208
0.78125 0.21875 0.130976
0.75 0.21875 0.115669
0.78125 0.25 0.104022
0.78125 0.21875 0.130976
0.8125 0.21875 0.147166
0.8125 0.25 0.120984
0.78125 0.25 0.104022
0.78125 0.21875 0.130976
0.78125 0.1875 0.158208
0.8125 0.1875 0.173835
0.8125 0.21875 0.147166
0.78125 0.21875 0.130976
0.75 0.1875 0.143174
0.75 0.125 0.198362
0.8125 0.125 0.228356
0.8125 0.1875 0.173835
0.75 0.1875 0.143174
0.8125 0.25 0.120984
0.8125 0.1875 0.173835
0.875 0.1875 0.208523
0.875 0.25 0.159955
0.8125 0.25 0.120984
0.8125 0.1875 0.173835
0.8125 0.125 0.228356
0.875 0.125 0.260617
0.875 0.1875 0.208523
0.8125 0.1875 0.173835
0.75 0.125 0.198362
0.75 0 0.308948
0.875 0 0.369112
0.875 0.125 0.260617
0.75 0.125 0.198362
0.875 0.25 0.159955
0.875 0.1875 0.208523
0.9375 0.1875 0.248516
0.9375 0.25 0.205489
0.875 0.25 0.159955
0.875 0.1875 0.208523
0.875 0.125 0.260617
0.9375 0.125 0.296657
0.9375 0.1875 0.248516
0.875 0.1875 0.208523
0.9375 0.25 0.205489
0.9375 0.1875 0.248516
1 0.1875 0.295841
1 0.25 0.257787
0.9375 0.25 0.205489
0.9375 0.1875 0.248516
0.9375 0.125 0.296657
1 0.125 0.339078
1 0.1875 0.295841
0.9375 0.1875 0.248516
0.875 0.125 0.260617
0.875 0 0.369112
1 0 0.441197
1 0.125 0.339078
0.875 0.125 0.260617
