0 1 0.46123
0 0.875 0.369325
0.125 0.875 0.275966
0.125 1 0.376501
0 1 0.46123
0 0.875 0.369325
0 0.75 0.283243
0.125 0.75 0.180094
0.125 0.875 0.275966
0 0.875 0.369325
0.125 1 0.376501
0.125 0.875 0.275966
0.25 0.875 0.200963
0.25 1 0.305512
0.125 1 0.376501
0.125 0.875 0.275966
0.125 0.8125 0.227197
0.1875 0.8125 0.186776
0.1875 0.875 0.237402
0.125 0.875 0.275966
0.125 0.8125 0.227197
0.125 0.75 0.180094
0.1875 0.75 0.136934
0.1875 0.8125 0.186776
0.125 0.8125 0.227197
0.1875 0.875 0.237402
0.1875 0.8125 0.186776
0.25 0.8125 0.149543
0.25 0.875 0.200963
0.1875 0.875 0.237402
0.1875 0.8125 0.186776
0.1875 0.75 0.136934
0.25 0.75 0.0985038
0.25 0.8125 0.149543
0.1875 0.8125 0.186776
0 0.75 0.283243
0 0.6875 0.2488
0.0625 0.6875 0.191522
0.0625 0.75 0.229315
0 0.75 0.283243
0 0.6875 0.2488
0 0.625 0.220716
0.0625 0.625 0.159927
0.0625 0.6875 0.191522
0 0.6875 0.2488
0.0625 0.75 0.229315
0.0625 0.6875 0.191522
0.125 0.6875 0.137713
0.125 0.75 0.180094
0.0625 0.75 0.229315
0.0625 0.6875 0.191522
0.0625 0.625 0.159927
0.125 0.625 0.10199
0.125 0.6875 0.137713
0.0625 0.6875 0.191522
0 0.625 0.220716
0 0.5625 0.201875
0.0625 0.5625 0.13944
0.0625 0.625 0.159927
0 0.625 0.220716
0 0.5625 0.201875
0 0.5 0.199905
0.0625 0.5 0.1378
0.0625 0.5625 0.13944
0 0.5625 0.201875
0.0625 0.625 0.159927
0.0625 0.59375 0.148162
0.09375 0.59375 0.117923
0.09375 0.625 0.130759
0.0625 0.625 0.159927
0.0625 0.59375 0.148162
0.0625 0.5625 0.13944
0.09375 0.5625 0.108371
0.09375 0.59375 0.117923
0.0625 0.59375 0.148162
0.09375 0.625 0.130759
0.09375 0.59375 0.117923
0.125 0.59375 0.0878467
0.125 0.625 0.10199
0.09375 0.625 0.130759
0.09375 0.59375 0.117923
0.09375 0.5625 0.108371
0.125 0.5625 0.0772625
0.125 0.59375 0.0878467
0.09375 0.59375 0.117923
0.0625 0.5625 0.13944
0.0625 0.53125 0.134738
0.09375 0.53125 0.103505
0.09375 0.5625 0.108371
0.0625 0.5625 0.13944
0.0625 0.53125 0.134738
0.0625 0.5 0.1378
0.09375 0.5 0.107105
0.09375 0.53125 0.103505
0.0625 0.53125 0.134738
0.09375 0.5625 0.108371
0.09375 0.53125 0.103505
0.125 0.53125 0.0722817
0.125 0.5625 0.0772625
0.09375 0.5625 0.108371
0.09375 0.53125 0.103505
0.09375 0.5 0.107105
0.125 0.5 0.076538
0.125 0.53125 0.0722817
0.09375 0.53125 0.103505
0.125 0.75 0.180094
0.125 0.6875 0.137713
0.1875 0.6875 0.0894137
0.1875 0.75 0.136934
0.125 0.75 0.180094
0.125 0.6875 0.137713
0.125 0.65625 0.118802
0.15625 0.65625 0.0924035
0.15625 0.6875 0.112913
0.125 0.6875 0.137713
0.125 0.65625 0.118802
0.125 0.625 0.10199
0.15625 0.625 0.0738561
0.15625 0.65625 0.0924035
0.125 0.65625 0.118802
0.15625 0.6875 0.112913
0.15625 0.65625 0.0924035
0.1875 0.65625 0.0671405
0.1875 0.6875 0.0894137
0.15625 0.6875 0.112913
0.15625 0.65625 0.0924035
0.15625 0.625 0.0738561
0.1875 0.625 0.0465962
0.1875 0.65625 0.0671405
0.15625 0.65625 0.0924035
0.1875 0.75 0.136934
0.1875 0.71875 0.112763
0.21875 0.71875 0.0923177
0.21875 0.75 0.117223
0.1875 0.75 0.136934
0.1875 0.71875 0.112763
0.1875 0.6875 0.0894137
0.21875 0.6875 0.0677691
0.21875 0.71875 0.0923177
0.1875 0.71875 0.112763
0.21875 0.75 0.117223
0.21875 0.71875 0.0923177
0.25 0.71875 0.0731235
0.25 0.75 0.0985038
0.21875 0.75 0.117223
0.21875 0.71875 0.0923177
0.21875 0.6875 0.0677691
0.25 0.6875 0.0479004
0.25 0.71875 0.0731235
0.21875 0.71875 0.0923177
0.1875 0.6875 0.0894137
0.1875 0.65625 0.0671405
0.21875 0.65625 0.0438651
0.21875 0.6875 0.0677691
0.1875 0.6875 0.0894137
0.1875 0.65625 0.0671405
0.1875 0.625 0.0465962
0.21875 0.625 0.0209759
0.21875 0.65625 0.0438651
0.1875 0.65625 0.0671405
0.21875 0.6875 0.0677691
0.21875 0.65625 0.0438651
0.25 0.65625 0.0229304
0.25 0.6875 0.0479004
0.21875 0.6875 0.0677691
0.21875 0.65625 0.0438651
0.21875 0.625 0.0209759
0.25 0.625 -0.00154271
0.25 0.65625 0.0229304
0.21875 0.65625 0.0438651
0.125 0.625 0.10199
0.125 0.59375 0.0878467
0.15625 0.59375 0.0580338
0.15625 0.625 0.0738561
0.125 0.625 0.10199
0.125 0.59375 0.0878467
0.125 0.5625 0.0772625
0.15625 0.5625 0.0460997
0.15625 0.59375 0.0580338
0.125 0.59375 0.0878467
0.15625 0.625 0.0738561
0.15625 0.59375 0.0580338
0.1875 0.59375 0.0286325
0.1875 0.625 0.0465962
0.15625 0.625 0.0738561
0.15625 0.59375 0.0580338
0.15625 0.5625 0.0460997
0.1875 0.5625 0.014902
0.1875 0.59375 0.0286325
0.15625 0.59375 0.0580338
0.125 0.5625 0.0772625
0.125 0.53125 0.0722817
0.15625 0.53125 0.0410474
0.15625 0.5625 0.0460997
0.125 0.5625 0.0772625
0.125 0.53125 0.0722817
0.125 0.5 0.076538
0.15625 0.5 0.0461689
0.15625 0.53125 0.0410474
0.125 0.53125 0.0722817
0.15625 0.5625 0.0460997
0.15625 0.53125 0.0410474
0.1875 0.53125 0.00980484
0.1875 0.5625 0.014902
0.15625 0.5625 0.0460997
0.15625 0.53125 0.0410474
0.15625 0.5 0.0461689
0.1875 0.5 0.0160754
0.1875 0.53125 0.00980484
0.15625 0.53125 0.0410474
0.1875 0.625 0.0465962
0.1875 0.59375 0.0286325
0.21875 0.59375 9.35542e-007
0.21875 0.625 0.0209759
0.1875 0.625 0.0465962
0.1875 0.59375 0.0286325
0.1875 0.5625 0.014902
0.21875 0.5625 -0.0150898
0.21875 0.59375 9.35542e-007
0.1875 0.59375 0.0286325
0.21875 0.625 0.0209759
0.21875 0.59375 9.35542e-007
0.25 0.59375 -0.024041
0.25 0.625 -0.00154271
0.21875 0.625 0.0209759
0.21875 0.59375 9.35542e-007
0.21875 0.5625 -0.0150898
0.25 0.5625 -0.0426872
0.25 0.59375 -0.024041
0.21875 0.59375 9.35542e-007
0.1875 0.5625 0.014902
0.1875 0.53125 0.00980484
0.21875 0.53125 -0.0203592
0.21875 0.5625 -0.0150898
0.1875 0.5625 0.014902
0.1875 0.53125 0.00980484
0.1875 0.5 0.0160754
0.21875 0.5 -0.0126381
0.21875 0.53125 -0.0203592
0.1875 0.53125 0.00980484
0.21875 0.5625 -0.0150898
0.21875 0.53125 -0.0203592
0.25 0.53125 -0.0494672
0.25 0.5625 -0.0426872
0.21875 0.5625 -0.0150898
0.21875 0.53125 -0.0203592
0.21875 0.5 -0.0126381
0.25 0.5 -0.0399093
0.25 0.53125 -0.0494672
0.21875 0.53125 -0.0203592
0.25 1 0.305512
0.25 0.9375 0.252986
0.3125 0.9375 0.218739
0.3125 1 0.272487
0.25 1 0.305512
0.25 0.9375 0.252986
0.25 0.875 0.200963
0.3125 0.875 0.165621
0.3125 0.9375 0.218739
0.25 0.9375 0.252986
0.3125 1 0.272487
0.3125 0.9375 0.218739
0.375 0.9375 0.186146
0.375 1 0.241794
0.3125 1 0.272487
0.3125 0.9375 0.218739
0.3125 0.875 0.165621
0.375 0.875 0.131374
0.375 0.9375 0.186146
0.3125 0.9375 0.218739
0.25 0.875 0.200963
0.25 0.8125 0.149543
0.3125 0.8125 0.11376
0.3125 0.875 0.165621
0.25 0.875 0.200963
0.25 0.8125 0.149543
0.25 0.78125 0.123983
0.28125 0.78125 0.105921
0.28125 0.8125 0.13158
0.25 0.8125 0.149543
0.25 0.78125 0.123983
0.25 0.75 0.0985038
0.28125 0.75 0.0803155
0.28125 0.78125 0.105921
0.25 0.78125 0.123983
0.28125 0.8125 0.13158
0.28125 0.78125 0.105921
0.3125 0.78125 0.0880198
0.3125 0.8125 0.11376
0.28125 0.8125 0.13158
0.28125 0.78125 0.105921
0.28125 0.75 0.0803155
0.3125 0.75 0.062354
0.3125 0.78125 0.0880198
0.28125 0.78125 0.105921
0.3125 0.875 0.165621
0.3125 0.84375 0.139616
0.34375 0.84375 0.122067
0.34375 0.875 0.148307
0.3125 0.875 0.165621
0.3125 0.84375 0.139616
0.3125 0.8125 0.11376
0.34375 0.8125 0.0960417
0.34375 0.84375 0.122067
0.3125 0.84375 0.139616
0.34375 0.875 0.148307
0.34375 0.84375 0.122067
0.375 0.84375 0.104773
0.375 0.875 0.131374
0.34375 0.875 0.148307
0.34375 0.84375 0.122067
0.34375 0.8125 0.0960417
0.375 0.8125 0.0784698
0.375 0.84375 0.104773
0.34375 0.84375 0.122067
0.3125 0.8125 0.11376
0.3125 0.78125 0.0880198
0.34375 0.78125 0.0702004
0.34375 0.8125 0.0960417
0.3125 0.8125 0.11376
0.3125 0.78125 0.0880198
0.3125 0.75 0.062354
0.34375 0.75 0.0444674
0.34375 0.78125 0.0702004
0.3125 0.78125 0.0880198
0.34375 0.8125 0.0960417
0.34375 0.78125 0.0702004
0.375 0.78125 0.052455
0.375 0.8125 0.0784698
0.34375 0.8125 0.0960417
0.34375 0.78125 0.0702004
0.34375 0.75 0.0444674
0.375 0.75 0.026621
0.375 0.78125 0.052455
0.34375 0.78125 0.0702004
0.375 1 0.241794
0.375 0.9375 0.186146
0.4375 0.9375 0.157061
0.4375 1 0.215751
0.375 1 0.241794
0.375 0.9375 0.186146
0.375 0.875 0.131374
0.4375 0.875 0.0998333
0.4375 0.9375 0.157061
0.375 0.9375 0.186146
0.4375 1 0.215751
0.4375 0.9375 0.157061
0.5 0.9375 0.137396
0.5 1 0.199165
0.4375 1 0.215751
0.4375 0.9375 0.157061
0.4375 0.90625 0.128265
0.46875 0.90625 0.11593
0.46875 0.9375 0.145666
0.4375 0.9375 0.157061
0.4375 0.90625 0.128265
0.4375 0.875 0.0998333
0.46875 0.875 0.0864833
0.46875 0.90625 0.11593
0.4375 0.90625 0.128265
0.46875 0.9375 0.145666
0.46875 0.90625 0.11593
0.5 0.90625 0.10676
0.5 0.9375 0.137396
0.46875 0.9375 0.145666
0.46875 0.90625 0.11593
0.46875 0.875 0.0864833
0.5 0.875 0.076265
0.5 0.90625 0.10676
0.46875 0.90625 0.11593
0.375 0.875 0.131374
0.375 0.84375 0.104773
0.40625 0.84375 0.087916
0.40625 0.875 0.11508
0.375 0.875 0.131374
0.375 0.84375 0.104773
0.375 0.8125 0.0784698
0.40625 0.8125 0.0611618
0.40625 0.84375 0.087916
0.375 0.84375 0.104773
0.40625 0.875 0.11508
0.40625 0.84375 0.087916
0.4375 0.84375 0.0718492
0.4375 0.875 0.0998333
0.40625 0.875 0.11508
0.40625 0.84375 0.087916
0.40625 0.8125 0.0611618
0.4375 0.8125 0.0443515
0.4375 0.84375 0.0718492
0.40625 0.84375 0.087916
0.375 0.8125 0.0784698
0.375 0.78125 0.052455
0.40625 0.78125 0.0348268
0.40625 0.8125 0.0611618
0.375 0.8125 0.0784698
0.375 0.78125 0.052455
0.375 0.75 0.026621
0.40625 0.75 0.00880857
0.40625 0.78125 0.0348268
0.375 0.78125 0.052455
0.40625 0.8125 0.0611618
0.40625 0.78125 0.0348268
0.4375 0.78125 0.017378
0.4375 0.8125 0.0443515
0.40625 0.8125 0.0611618
0.40625 0.78125 0.0348268
0.40625 0.75 0.00880857
0.4375 0.75 -0.00879584
0.4375 0.78125 0.017378
0.40625 0.78125 0.0348268
0.4375 0.875 0.0998333
0.4375 0.84375 0.0718492
0.46875 0.84375 0.0573893
0.46875 0.875 0.0864833
0.4375 0.875 0.0998333
0.4375 0.84375 0.0718492
0.4375 0.8125 0.0443515
0.46875 0.8125 0.02874
0.46875 0.84375 0.0573893
0.4375 0.84375 0.0718492
0.46875 0.875 0.0864833
0.46875 0.84375 0.0573893
0.5 0.84375 0.0459498
0.5 0.875 0.076265
0.46875 0.875 0.0864833
0.46875 0.84375 0.0573893
0.46875 0.8125 0.02874
0.5 0.8125 0.0158838
0.5 0.84375 0.0459498
0.46875 0.84375 0.0573893
0.4375 0.8125 0.0443515
0.4375 0.78125 0.017378
0.46875 0.78125 0.000646651
0.46875 0.8125 0.02874
0.4375 0.8125 0.0443515
0.4375 0.78125 0.017378
0.4375 0.75 -0.00879584
0.46875 0.75 -0.0258817
0.46875 0.78125 0.000646651
0.4375 0.78125 0.017378
0.46875 0.8125 0.02874
0.46875 0.78125 0.000646651
0.5 0.78125 -0.0133927
0.5 0.8125 0.0158838
0.46875 0.8125 0.02874
0.46875 0.78125 0.000646651
0.46875 0.75 -0.0258817
0.5 0.75 -0.041386
0.5 0.78125 -0.0133927
0.46875 0.78125 0.000646651
0.25 0.75 0.0985038
0.25 0.71875 0.0731235
0.28125 0.71875 0.0547494
0.28125 0.75 0.0803155
0.25 0.75 0.0985038
0.25 0.71875 0.0731235
0.25 0.6875 0.0479004
0.28125 0.6875 0.0292298
0.28125 0.71875 0.0547494
0.25 0.71875 0.0731235
0.28125 0.75 0.0803155
0.28125 0.71875 0.0547494
0.3125 0.71875 0.036731
0.3125 0.75 0.062354
0.28125 0.75 0.0803155
0.28125 0.71875 0.0547494
0.28125 0.6875 0.0292298
0.3125 0.6875 0.0111333
0.3125 0.71875 0.036731
0.28125 0.71875 0.0547494
0.25 0.6875 0.0479004
0.25 0.65625 0.0229304
0.28125 0.65625 0.00377391
0.28125 0.6875 0.0292298
0.25 0.6875 0.0479004
0.25 0.65625 0.0229304
0.25 0.625 -0.00154271
0.28125 0.625 -0.0212084
0.28125 0.65625 0.00377391
0.25 0.65625 0.0229304
0.28125 0.6875 0.0292298
0.28125 0.65625 0.00377391
0.3125 0.65625 -0.0144064
0.3125 0.6875 0.0111333
0.28125 0.6875 0.0292298
0.28125 0.65625 0.00377391
0.28125 0.625 -0.0212084
0.3125 0.625 -0.039778
0.3125 0.65625 -0.0144064
0.28125 0.65625 0.00377391
0.3125 0.75 0.062354
0.3125 0.71875 0.036731
0.34375 0.71875 0.0188103
0.34375 0.75 0.0444674
0.3125 0.75 0.062354
0.3125 0.71875 0.036731
0.3125 0.6875 0.0111333
0.34375 0.6875 -0.00681388
0.34375 0.71875 0.0188103
0.3125 0.71875 0.036731
0.34375 0.75 0.0444674
0.34375 0.71875 0.0188103
0.375 0.71875 0.000934547
0.375 0.75 0.026621
0.34375 0.75 0.0444674
0.34375 0.71875 0.0188103
0.34375 0.6875 -0.00681388
0.375 0.6875 -0.0247081
0.375 0.71875 0.000934547
0.34375 0.71875 0.0188103
0.3125 0.6875 0.0111333
0.3125 0.65625 -0.0144064
0.34375 0.65625 -0.0324034
0.34375 0.6875 -0.00681388
0.3125 0.6875 0.0111333
0.3125 0.65625 -0.0144064
0.3125 0.625 -0.039778
0.34375 0.625 -0.05793
0.34375 0.65625 -0.0324034
0.3125 0.65625 -0.0144064
0.34375 0.6875 -0.00681388
0.34375 0.65625 -0.0324034
0.375 0.65625 -0.05033
0.375 0.6875 -0.0247081
0.34375 0.6875 -0.00681388
0.34375 0.65625 -0.0324034
0.34375 0.625 -0.05793
0.375 0.625 -0.0759213
0.375 0.65625 -0.05033
0.34375 0.65625 -0.0324034
0.25 0.625 -0.00154271
0.25 0.59375 -0.024041
0.28125 0.59375 -0.0453353
0.28125 0.625 -0.0212084
0.25 0.625 -0.00154271
0.25 0.59375 -0.024041
0.25 0.5625 -0.0426872
0.28125 0.5625 -0.0673458
0.28125 0.59375 -0.0453353
0.25 0.59375 -0.024041
0.28125 0.625 -0.0212084
0.28125 0.59375 -0.0453353
0.3125 0.59375 -0.0647828
0.3125 0.625 -0.039778
0.28125 0.625 -0.0212084
0.28125 0.59375 -0.0453353
0.28125 0.5625 -0.0673458
0.3125 0.5625 -0.0888532
0.3125 0.59375 -0.0647828
0.28125 0.59375 -0.0453353
0.25 0.5625 -0.0426872
0.25 0.53125 -0.0494672
0.28125 0.53125 -0.0780355
0.28125 0.5625 -0.0673458
0.25 0.5625 -0.0426872
0.25 0.53125 -0.0494672
0.25 0.5 -0.0399093
0.28125 0.5 -0.0668171
0.28125 0.53125 -0.0780355
0.25 0.53125 -0.0494672
0.28125 0.5625 -0.0673458
0.28125 0.53125 -0.0780355
0.3125 0.53125 -0.106064
0.3125 0.5625 -0.0888532
0.28125 0.5625 -0.0673458
0.28125 0.53125 -0.0780355
0.28125 0.5 -0.0668171
0.3125 0.5 -0.0934516
0.3125 0.53125 -0.106064
0.28125 0.53125 -0.0780355
0.3125 0.625 -0.039778
0.3125 0.59375 -0.0647828
0.34375 0.59375 -0.0833107
0.34375 0.625 -0.05793
0.3125 0.625 -0.039778
0.3125 0.59375 -0.0647828
0.3125 0.5625 -0.0888532
0.34375 0.5625 -0.108318
0.34375 0.59375 -0.0833107
0.3125 0.59375 -0.0647828
0.34375 0.625 -0.05793
0.34375 0.59375 -0.0833107
0.375 0.59375 -0.101452
0.375 0.625 -0.0759213
0.34375 0.625 -0.05793
0.34375 0.59375 -0.0833107
0.34375 0.5625 -0.108318
0.375 0.5625 -0.126839
0.375 0.59375 -0.101452
0.34375 0.59375 -0.0833107
0.3125 0.5625 -0.0888532
0.3125 0.5 -0.0934516
0.375 0.5 -0.145965
0.375 0.5625 -0.126839
0.3125 0.5625 -0.0888532
0.375 0.75 0.026621
0.375 0.71875 0.000934547
0.40625 0.71875 -0.0168976
0.40625 0.75 0.00880857
0.375 0.75 0.026621
0.375 0.71875 0.000934547
0.375 0.6875 -0.0247081
0.40625 0.6875 -0.042565
0.40625 0.71875 -0.0168976
0.375 0.71875 0.000934547
0.40625 0.75 0.00880857
0.40625 0.71875 -0.0168976
0.4375 0.71875 -0.0346172
0.4375 0.75 -0.00879584
0.40625 0.75 0.00880857
0.40625 0.71875 -0.0168976
0.40625 0.6875 -0.042565
0.4375 0.6875 -0.0603549
0.4375 0.71875 -0.0346172
0.40625 0.71875 -0.0168976
0.375 0.6875 -0.0247081
0.375 0.65625 -0.05033
0.40625 0.65625 -0.0682146
0.40625 0.6875 -0.042565
0.375 0.6875 -0.0247081
0.375 0.65625 -0.05033
0.375 0.625 -0.0759213
0.40625 0.625 -0.093843
0.40625 0.65625 -0.0682146
0.375 0.65625 -0.05033
0.40625 0.6875 -0.042565
0.40625 0.65625 -0.0682146
0.4375 0.65625 -0.0860484
0.4375 0.6875 -0.0603549
0.40625 0.6875 -0.042565
0.40625 0.65625 -0.0682146
0.40625 0.625 -0.093843
0.4375 0.625 -0.111714
0.4375 0.65625 -0.0860484
0.40625 0.65625 -0.0682146
0.4375 0.75 -0.00879584
0.4375 0.71875 -0.0346172
0.46875 0.71875 -0.0520374
0.46875 0.75 -0.0258817
0.4375 0.75 -0.00879584
0.4375 0.71875 -0.0346172
0.4375 0.6875 -0.0603549
0.46875 0.6875 -0.0779714
0.46875 0.71875 -0.0520374
0.4375 0.71875 -0.0346172
0.46875 0.75 -0.0258817
0.46875 0.71875 -0.0520374
0.5 0.71875 -0.0685228
0.5 0.75 -0.041386
0.46875 0.75 -0.0258817
0.46875 0.71875 -0.0520374
0.46875 0.6875 -0.0779714
0.5 0.6875 -0.0950552
0.5 0.71875 -0.0685228
0.46875 0.71875 -0.0520374
0.4375 0.6875 -0.0603549
0.4375 0.65625 -0.0860484
0.46875 0.65625 -0.103781
0.46875 0.6875 -0.0779714
0.4375 0.6875 -0.0603549
0.4375 0.65625 -0.0860484
0.4375 0.625 -0.111714
0.46875 0.625 -0.129508
0.46875 0.65625 -0.103781
0.4375 0.65625 -0.0860484
0.46875 0.6875 -0.0779714
0.46875 0.65625 -0.103781
0.5 0.65625 -0.121217
0.5 0.6875 -0.0950552
0.46875 0.6875 -0.0779714
0.46875 0.65625 -0.103781
0.46875 0.625 -0.129508
0.5 0.625 -0.147122
0.5 0.65625 -0.121217
0.46875 0.65625 -0.103781
0.375 0.625 -0.0759213
0.375 0.59375 -0.101452
0.40625 0.59375 -0.119439
0.40625 0.625 -0.093843
0.375 0.625 -0.0759213
0.375 0.59375 -0.101452
0.375 0.5625 -0.126839
0.40625 0.5625 -0.144973
0.40625 0.59375 -0.119439
0.375 0.59375 -0.101452
0.40625 0.625 -0.093843
0.40625 0.59375 -0.119439
0.4375 0.59375 -0.137355
0.4375 0.625 -0.111714
0.40625 0.625 -0.093843
0.40625 0.59375 -0.119439
0.40625 0.5625 -0.144973
0.4375 0.5625 -0.16296
0.4375 0.59375 -0.137355
0.40625 0.59375 -0.119439
0.375 0.5625 -0.126839
0.375 0.5 -0.145965
0.4375 0.5 -0.197456
0.4375 0.5625 -0.16296
0.375 0.5625 -0.126839
0.4375 0.625 -0.111714
0.4375 0.5625 -0.16296
0.5 0.5625 -0.198678
0.5 0.625 -0.147122
0.4375 0.625 -0.111714
0.4375 0.5625 -0.16296
0.4375 0.5 -0.197456
0.5 0.5 -0.236361
0.5 0.5625 -0.198678
0.4375 0.5625 -0.16296
0 0.5 0.199905
0 0.4375 0.214767
0.0625 0.4375 0.155597
0.0625 0.5 0.1378
0 0.5 0.199905
0 0.4375 0.214767
0 0.375 0.239753
0.0625 0.375 0.183868
0.0625 0.4375 0.155597
0 0.4375 0.214767
0.0625 0.5 0.1378
0.0625 0.46875 0.145004
0.09375 0.46875 0.115281
0.09375 0.5 0.107105
0.0625 0.5 0.1378
0.0625 0.46875 0.145004
0.0625 0.4375 0.155597
0.09375 0.4375 0.126922
0.09375 0.46875 0.115281
0.0625 0.46875 0.145004
0.09375 0.5 0.107105
0.09375 0.46875 0.115281
0.125 0.46875 0.085863
0.125 0.5 0.076538
0.09375 0.5 0.107105
0.09375 0.46875 0.115281
0.09375 0.4375 0.126922
0.125 0.4375 0.0986477
0.125 0.46875 0.085863
0.09375 0.46875 0.115281
0.0625 0.4375 0.155597
0.0625 0.375 0.183868
0.125 0.375 0.130277
0.125 0.4375 0.0986477
0.0625 0.4375 0.155597
0 0.375 0.239753
0 0.3125 0.270599
0.0625 0.3125 0.217078
0.0625 0.375 0.183868
0 0.375 0.239753
0 0.3125 0.270599
0 0.25 0.304282
0.0625 0.25 0.25201
0.0625 0.3125 0.217078
0 0.3125 0.270599
0.0625 0.375 0.183868
0.0625 0.3125 0.217078
0.125 0.3125 0.165034
0.125 0.375 0.130277
0.0625 0.375 0.183868
0.0625 0.3125 0.217078
0.0625 0.25 0.25201
0.125 0.25 0.200572
0.125 0.3125 0.165034
0.0625 0.3125 0.217078
0.125 0.5 0.076538
0.125 0.46875 0.085863
0.15625 0.46875 0.0568916
0.15625 0.5 0.0461689
0.125 0.5 0.076538
0.125 0.46875 0.085863
0.125 0.4375 0.0986477
0.15625 0.4375 0.0709958
0.15625 0.46875 0.0568916
0.125 0.46875 0.085863
0.15625 0.5 0.0461689
0.15625 0.46875 0.0568916
0.1875 0.46875 0.028532
0.1875 0.5 0.0160754
0.15625 0.5 0.0461689
0.15625 0.46875 0.0568916
0.15625 0.4375 0.0709958
0.1875 0.4375 0.0439009
0.1875 0.46875 0.028532
0.15625 0.46875 0.0568916
0.125 0.4375 0.0986477
0.125 0.40625 0.113791
0.15625 0.40625 0.0870503
0.15625 0.4375 0.0709958
0.125 0.4375 0.0986477
0.125 0.40625 0.113791
0.125 0.375 0.130277
0.15625 0.375 0.104081
0.15625 0.40625 0.0870503
0.125 0.40625 0.113791
0.15625 0.4375 0.0709958
0.15625 0.40625 0.0870503
0.1875 0.40625 0.0606989
0.1875 0.4375 0.0439009
0.15625 0.4375 0.0709958
0.15625 0.40625 0.0870503
0.15625 0.375 0.104081
0.1875 0.375 0.0781135
0.1875 0.40625 0.0606989
0.15625 0.40625 0.0870503
0.1875 0.5 0.0160754
0.1875 0.46875 0.028532
0.21875 0.46875 0.000902829
0.21875 0.5 -0.0126381
0.1875 0.5 0.0160754
0.1875 0.46875 0.028532
0.1875 0.4375 0.0439009
0.21875 0.4375 0.0173398
0.21875 0.46875 0.000902829
0.1875 0.46875 0.028532
0.21875 0.5 -0.0126381
0.21875 0.46875 0.000902829
0.25 0.46875 -0.025376
0.25 0.5 -0.0399093
0.21875 0.5 -0.0126381
0.21875 0.46875 0.000902829
0.21875 0.4375 0.0173398
0.25 0.4375 -0.00875723
0.25 0.46875 -0.025376
0.21875 0.46875 0.000902829
0.1875 0.4375 0.0439009
0.1875 0.40625 0.0606989
0.21875 0.40625 0.034654
0.21875 0.4375 0.0173398
0.1875 0.4375 0.0439009
0.1875 0.40625 0.0606989
0.1875 0.375 0.0781135
0.21875 0.375 0.0523023
0.21875 0.40625 0.034654
0.1875 0.40625 0.0606989
0.21875 0.4375 0.0173398
0.21875 0.40625 0.034654
0.25 0.40625 0.00881981
0.25 0.4375 -0.00875723
0.21875 0.4375 0.0173398
0.21875 0.40625 0.034654
0.21875 0.375 0.0523023
0.25 0.375 0.0265865
0.25 0.40625 0.00881981
0.21875 0.40625 0.034654
0.125 0.375 0.130277
0.125 0.34375 0.147473
0.15625 0.34375 0.121569
0.15625 0.375 0.104081
0.125 0.375 0.130277
0.125 0.34375 0.147473
0.125 0.3125 0.165034
0.15625 0.3125 0.13927
0.15625 0.34375 0.121569
0.125 0.34375 0.147473
0.15625 0.375 0.104081
0.15625 0.34375 0.121569
0.1875 0.34375 0.0957853
0.1875 0.375 0.0781135
0.15625 0.375 0.104081
0.15625 0.34375 0.121569
0.15625 0.3125 0.13927
0.1875 0.3125 0.113578
0.1875 0.34375 0.0957853
0.15625 0.34375 0.121569
0.125 0.3125 0.165034
0.125 0.25 0.200572
0.1875 0.25 0.149428
0.1875 0.3125 0.113578
0.125 0.3125 0.165034
0.1875 0.375 0.0781135
0.1875 0.34375 0.0957853
0.21875 0.34375 0.0700802
0.21875 0.375 0.0523023
0.1875 0.375 0.0781135
0.1875 0.34375 0.0957853
0.1875 0.3125 0.113578
0.21875 0.3125 0.0879375
0.21875 0.34375 0.0700802
0.1875 0.34375 0.0957853
0.21875 0.375 0.0523023
0.21875 0.34375 0.0700802
0.25 0.34375 0.0444265
0.25 0.375 0.0265865
0.21875 0.375 0.0523023
0.21875 0.34375 0.0700802
0.21875 0.3125 0.0879375
0.25 0.3125 0.0623367
0.25 0.34375 0.0444265
0.21875 0.34375 0.0700802
0.1875 0.3125 0.113578
0.1875 0.28125 0.131456
0.21875 0.28125 0.105875
0.21875 0.3125 0.0879375
0.1875 0.3125 0.113578
0.1875 0.28125 0.131456
0.1875 0.25 0.149428
0.21875 0.25 0.123919
0.21875 0.28125 0.105875
0.1875 0.28125 0.131456
0.21875 0.3125 0.0879375
0.21875 0.28125 0.105875
0.25 0.28125 0.0803339
0.25 0.3125 0.0623367
0.21875 0.3125 0.0879375
0.21875 0.28125 0.105875
0.21875 0.25 0.123919
0.25 0.25 0.0984818
0.25 0.28125 0.0803339
0.21875 0.28125 0.105875
0 0.25 0.304282
0 0.125 0.375111
0.125 0.125 0.273739
0.125 0.25 0.200572
0 0.25 0.304282
0 0.125 0.375111
0 0 0.45307
0.125 0 0.355345
0.125 0.125 0.273739
0 0.125 0.375111
0.125 0.25 0.200572
0.125 0.1875 0.236639
0.1875 0.1875 0.185991
0.1875 0.25 0.149428
0.125 0.25 0.200572
0.125 0.1875 0.236639
0.125 0.125 0.273739
0.1875 0.125 0.224218
0.1875 0.1875 0.185991
0.125 0.1875 0.236639
0.1875 0.25 0.149428
0.1875 0.1875 0.185991
0.25 0.1875 0.135874
0.25 0.25 0.0984818
0.1875 0.25 0.149428
0.1875 0.1875 0.185991
0.1875 0.125 0.224218
0.25 0.125 0.176184
0.25 0.1875 0.135874
0.1875 0.1875 0.185991
0.125 0.125 0.273739
0.125 0.0625 0.312627
0.1875 0.0625 0.265203
0.1875 0.125 0.224218
0.125 0.125 0.273739
0.125 0.0625 0.312627
0.125 0 0.355345
0.1875 0 0.311355
0.1875 0.0625 0.265203
0.125 0.0625 0.312627
0.1875 0.125 0.224218
0.1875 0.0625 0.265203
0.25 0.0625 0.22077
0.25 0.125 0.176184
0.1875 0.125 0.224218
0.1875 0.0625 0.265203
0.1875 0 0.311355
0.25 0 0.271155
0.25 0.0625 0.22077
0.1875 0.0625 0.265203
0.25 0.5 -0.0399093
0.25 0.46875 -0.025376
0.28125 0.46875 -0.0514637
0.28125 0.5 -0.0668171
0.25 0.5 -0.0399093
0.25 0.46875 -0.025376
0.25 0.4375 -0.00875723
0.28125 0.4375 -0.0345154
0.28125 0.46875 -0.0514637
0.25 0.46875 -0.025376
0.28125 0.5 -0.0668171
0.28125 0.46875 -0.0514637
0.3125 0.46875 -0.0774387
0.3125 0.5 -0.0934516
0.28125 0.5 -0.0668171
0.28125 0.46875 -0.0514637
0.28125 0.4375 -0.0345154
0.3125 0.4375 -0.060236
0.3125 0.46875 -0.0774387
0.28125 0.46875 -0.0514637
0.25 0.4375 -0.00875723
0.25 0.40625 0.00881981
0.28125 0.40625 -0.0168773
0.28125 0.4375 -0.0345154
0.25 0.4375 -0.00875723
0.25 0.40625 0.00881981
0.25 0.375 0.0265865
0.28125 0.375 0.000928212
0.28125 0.40625 -0.0168773
0.25 0.40625 0.00881981
0.28125 0.4375 -0.0345154
0.28125 0.40625 -0.0168773
0.3125 0.40625 -0.0425287
0.3125 0.4375 -0.060236
0.28125 0.4375 -0.0345154
0.28125 0.40625 -0.0168773
0.28125 0.375 0.000928212
0.3125 0.375 -0.0246815
0.3125 0.40625 -0.0425287
0.28125 0.40625 -0.0168773
0.3125 0.5 -0.0934516
0.3125 0.46875 -0.0774387
0.34375 0.46875 -0.103319
0.34375 0.5 -0.119819
0.3125 0.5 -0.0934516
0.3125 0.46875 -0.0774387
0.3125 0.4375 -0.060236
0.34375 0.4375 -0.0859159
0.34375 0.46875 -0.103319
0.3125 0.46875 -0.0774387
0.34375 0.5 -0.119819
0.34375 0.46875 -0.103319
0.375 0.46875 -0.129113
0.375 0.5 -0.145965
0.34375 0.5 -0.119819
0.34375 0.46875 -0.103319
0.34375 0.4375 -0.0859159
0.375 0.4375 -0.111542
0.375 0.46875 -0.129113
0.34375 0.46875 -0.103319
0.3125 0.4375 -0.060236
0.3125 0.40625 -0.0425287
0.34375 0.40625 -0.0681372
0.34375 0.4375 -0.0859159
0.3125 0.4375 -0.060236
0.3125 0.40625 -0.0425287
0.3125 0.375 -0.0246815
0.34375 0.375 -0.0502374
0.34375 0.40625 -0.0681372
0.3125 0.40625 -0.0425287
0.34375 0.4375 -0.0859159
0.34375 0.40625 -0.0681372
0.375 0.40625 -0.0936787
0.375 0.4375 -0.111542
0.34375 0.4375 -0.0859159
0.34375 0.40625 -0.0681372
0.34375 0.375 -0.0502374
0.375 0.375 -0.075687
0.375 0.40625 -0.0936787
0.34375 0.40625 -0.0681372
0.25 0.375 0.0265865
0.25 0.34375 0.0444265
0.28125 0.34375 0.0188108
0.28125 0.375 0.000928212
0.25 0.375 0.0265865
0.25 0.34375 0.0444265
0.25 0.3125 0.0623367
0.28125 0.3125 0.0367697
0.28125 0.34375 0.0188108
0.25 0.34375 0.0444265
0.28125 0.375 0.000928212
0.28125 0.34375 0.0188108
0.3125 0.34375 -0.00676996
0.3125 0.375 -0.0246815
0.28125 0.375 0.000928212
0.28125 0.34375 0.0188108
0.28125 0.3125 0.0367697
0.3125 0.3125 0.0112418
0.3125 0.34375 -0.00676996
0.28125 0.34375 0.0188108
0.25 0.3125 0.0623367
0.25 0.28125 0.0803339
0.28125 0.28125 0.054843
0.28125 0.3125 0.0367697
0.25 0.3125 0.0623367
0.25 0.28125 0.0803339
0.25 0.25 0.0984818
0.28125 0.25 0.0731522
0.28125 0.28125 0.054843
0.25 0.28125 0.0803339
0.28125 0.3125 0.0367697
0.28125 0.28125 0.054843
0.3125 0.28125 0.0294296
0.3125 0.3125 0.0112418
0.28125 0.3125 0.0367697
0.28125 0.28125 0.054843
0.28125 0.25 0.0731522
0.3125 0.25 0.0480091
0.3125 0.28125 0.0294296
0.28125 0.28125 0.054843
0.3125 0.375 -0.0246815
0.3125 0.34375 -0.00676996
0.34375 0.34375 -0.0322552
0.34375 0.375 -0.0502374
0.3125 0.375 -0.0246815
0.3125 0.34375 -0.00676996
0.3125 0.3125 0.0112418
0.34375 0.3125 -0.0141598
0.34375 0.34375 -0.0322552
0.3125 0.34375 -0.00676996
0.34375 0.375 -0.0502374
0.34375 0.34375 -0.0322552
0.375 0.34375 -0.0575508
0.375 0.375 -0.075687
0.34375 0.375 -0.0502374
0.34375 0.34375 -0.0322552
0.34375 0.3125 -0.0141598
0.375 0.3125 -0.0391844
0.375 0.34375 -0.0575508
0.34375 0.34375 -0.0322552
0.3125 0.3125 0.0112418
0.3125 0.28125 0.0294296
0.34375 0.28125 0.00414618
0.34375 0.3125 -0.0141598
0.3125 0.3125 0.0112418
0.3125 0.28125 0.0294296
0.3125 0.25 0.0480091
0.34375 0.25 0.0231922
0.34375 0.28125 0.00414618
0.3125 0.28125 0.0294296
0.34375 0.3125 -0.0141598
0.34375 0.28125 0.00414618
0.375 0.28125 -0.0204182
0.375 0.3125 -0.0391844
0.34375 0.3125 -0.0141598
0.34375 0.28125 0.00414618
0.34375 0.25 0.0231922
0.375 0.25 -0.000948934
0.375 0.28125 -0.0204182
0.34375 0.28125 0.00414618
0.375 0.5 -0.145965
0.375 0.4375 -0.111542
0.4375 0.4375 -0.16242
0.4375 0.5 -0.197456
0.375 0.5 -0.145965
0.375 0.4375 -0.111542
0.375 0.40625 -0.0936787
0.40625 0.40625 -0.119085
0.40625 0.4375 -0.137075
0.375 0.4375 -0.111542
0.375 0.40625 -0.0936787
0.375 0.375 -0.075687
0.40625 0.375 -0.100904
0.40625 0.40625 -0.119085
0.375 0.40625 -0.0936787
0.40625 0.4375 -0.137075
0.40625 0.40625 -0.119085
0.4375 0.40625 -0.144208
0.4375 0.4375 -0.16242
0.40625 0.4375 -0.137075
0.40625 0.40625 -0.119085
0.40625 0.375 -0.100904
0.4375 0.375 -0.125549
0.4375 0.40625 -0.144208
0.40625 0.40625 -0.119085
0.4375 0.5 -0.197456
0.4375 0.4375 -0.16242
0.5 0.4375 -0.198083
0.5 0.5 -0.236361
0.4375 0.5 -0.197456
0.4375 0.4375 -0.16242
0.4375 0.375 -0.125549
0.5 0.375 -0.146697
0.5 0.4375 -0.198083
0.4375 0.4375 -0.16242
0.375 0.375 -0.075687
0.375 0.34375 -0.0575508
0.40625 0.34375 -0.0824184
0.40625 0.375 -0.100904
0.375 0.375 -0.075687
0.375 0.34375 -0.0575508
0.375 0.3125 -0.0391844
0.40625 0.3125 -0.0634662
0.40625 0.34375 -0.0824184
0.375 0.34375 -0.0575508
0.40625 0.375 -0.100904
0.40625 0.34375 -0.0824184
0.4375 0.34375 -0.106373
0.4375 0.375 -0.125549
0.40625 0.375 -0.100904
0.40625 0.34375 -0.0824184
0.40625 0.3125 -0.0634662
0.4375 0.3125 -0.0861455
0.4375 0.34375 -0.106373
0.40625 0.34375 -0.0824184
0.375 0.3125 -0.0391844
0.375 0.28125 -0.0204182
0.40625 0.28125 -0.0437243
0.40625 0.3125 -0.0634662
0.375 0.3125 -0.0391844
0.375 0.28125 -0.0204182
0.375 0.25 -0.000948934
0.40625 0.25 -0.0228146
0.40625 0.28125 -0.0437243
0.375 0.28125 -0.0204182
0.40625 0.3125 -0.0634662
0.40625 0.28125 -0.0437243
0.4375 0.28125 -0.064603
0.4375 0.3125 -0.0861455
0.40625 0.3125 -0.0634662
0.40625 0.28125 -0.0437243
0.40625 0.25 -0.0228146
0.4375 0.25 -0.0411837
0.4375 0.28125 -0.064603
0.40625 0.28125 -0.0437243
0.4375 0.375 -0.125549
0.4375 0.34375 -0.106373
0.46875 0.34375 -0.12774
0.46875 0.375 -0.149101
0.4375 0.375 -0.125549
0.4375 0.34375 -0.106373
0.4375 0.3125 -0.0861455
0.46875 0.3125 -0.104974
0.46875 0.34375 -0.12774
0.4375 0.34375 -0.106373
0.46875 0.375 -0.149101
0.46875 0.34375 -0.12774
0.5 0.34375 -0.120679
0.5 0.375 -0.146697
0.46875 0.375 -0.149101
0.46875 0.34375 -0.12774
0.46875 0.3125 -0.104974
0.5 0.3125 -0.0944475
0.5 0.34375 -0.120679
0.46875 0.34375 -0.12774
0.4375 0.3125 -0.0861455
0.4375 0.28125 -0.064603
0.46875 0.28125 -0.0797096
0.46875 0.3125 -0.104974
0.4375 0.3125 -0.0861455
0.4375 0.28125 -0.064603
0.4375 0.25 -0.0411837
0.46875 0.25 -0.0517294
0.46875 0.28125 -0.0797096
0.4375 0.28125 -0.064603
0.46875 0.3125 -0.104974
0.46875 0.28125 -0.0797096
0.5 0.28125 -0.0679113
0.5 0.3125 -0.0944475
0.46875 0.3125 -0.104974
0.46875 0.28125 -0.0797096
0.46875 0.25 -0.0517294
0.5 0.25 -0.0409688
0.5 0.28125 -0.0679113
0.46875 0.28125 -0.0797096
0.25 0.25 0.0984818
0.25 0.21875 0.116934
0.28125 0.21875 0.0919144
0.28125 0.25 0.0731522
0.25 0.25 0.0984818
0.25 0.21875 0.116934
0.25 0.1875 0.135874
0.28125 0.1875 0.111418
0.28125 0.21875 0.0919144
0.25 0.21875 0.116934
0.28125 0.25 0.0731522
0.28125 0.21875 0.0919144
0.3125 0.21875 0.0673084
0.3125 0.25 0.0480091
0.28125 0.25 0.0731522
0.28125 0.21875 0.0919144
0.28125 0.1875 0.111418
0.3125 0.1875 0.087668
0.3125 0.21875 0.0673084
0.28125 0.21875 0.0919144
0.25 0.1875 0.135874
0.25 0.15625 0.155564
0.28125 0.15625 0.131925
0.28125 0.1875 0.111418
0.25 0.1875 0.135874
0.25 0.15625 0.155564
0.25 0.125 0.176184
0.28125 0.125 0.153631
0.28125 0.15625 0.131925
0.25 0.15625 0.155564
0.28125 0.1875 0.111418
0.28125 0.15625 0.131925
0.3125 0.15625 0.109346
0.3125 0.1875 0.087668
0.28125 0.1875 0.111418
0.28125 0.15625 0.131925
0.28125 0.125 0.153631
0.3125 0.125 0.1325
0.3125 0.15625 0.109346
0.28125 0.15625 0.131925
0.3125 0.25 0.0480091
0.3125 0.21875 0.0673084
0.34375 0.21875 0.0433332
0.34375 0.25 0.0231922
0.3125 0.25 0.0480091
0.3125 0.21875 0.0673084
0.3125 0.1875 0.087668
0.34375 0.1875 0.0649354
0.34375 0.21875 0.0433332
0.3125 0.21875 0.0673084
0.34375 0.25 0.0231922
0.34375 0.21875 0.0433332
0.375 0.21875 0.0204656
0.375 0.25 -0.000948934
0.34375 0.25 0.0231922
0.34375 0.21875 0.0433332
0.34375 0.1875 0.0649354
0.375 0.1875 0.0439484
0.375 0.21875 0.0204656
0.34375 0.21875 0.0433332
0.3125 0.1875 0.087668
0.3125 0.15625 0.109346
0.34375 0.15625 0.0882291
0.34375 0.1875 0.0649354
0.3125 0.1875 0.087668
0.3125 0.15625 0.109346
0.3125 0.125 0.1325
0.34375 0.125 0.113059
0.34375 0.15625 0.0882291
0.3125 0.15625 0.109346
0.34375 0.1875 0.0649354
0.34375 0.15625 0.0882291
0.375 0.15625 0.0695138
0.375 0.1875 0.0439484
0.34375 0.1875 0.0649354
0.34375 0.15625 0.0882291
0.34375 0.125 0.113059
0.375 0.125 0.0962522
0.375 0.15625 0.0695138
0.34375 0.15625 0.0882291
0.25 0.125 0.176184
0.25 0.0625 0.22077
0.3125 0.0625 0.182427
0.3125 0.125 0.1325
0.25 0.125 0.176184
0.25 0.0625 0.22077
0.25 0 0.271155
0.3125 0 0.237355
0.3125 0.0625 0.182427
0.25 0.0625 0.22077
0.3125 0.125 0.1325
0.3125 0.0625 0.182427
0.375 0.0625 0.152561
0.375 0.125 0.0962522
0.3125 0.125 0.1325
0.3125 0.0625 0.182427
0.3125 0 0.237355
0.375 0 0.211739
0.375 0.0625 0.152561
0.3125 0.0625 0.182427
0.375 0.25 -0.000948934
0.375 0.21875 0.0204656
0.40625 0.21875 -0.000251751
0.40625 0.25 -0.0228146
0.375 0.25 -0.000948934
0.375 0.21875 0.0204656
0.375 0.1875 0.0439484
0.40625 0.1875 0.0261515
0.40625 0.21875 -0.000251751
0.375 0.21875 0.0204656
0.40625 0.25 -0.0228146
0.40625 0.21875 -0.000251751
0.4375 0.21875 -0.01575
0.4375 0.25 -0.0411837
0.40625 0.25 -0.0228146
0.40625 0.21875 -0.000251751
0.40625 0.1875 0.0261515
0.4375 0.1875 0.0129855
0.4375 0.21875 -0.01575
0.40625 0.21875 -0.000251751
0.375 0.1875 0.0439484
0.375 0.15625 0.0695138
0.40625 0.15625 0.0540457
0.40625 0.1875 0.0261515
0.375 0.1875 0.0439484
0.375 0.15625 0.0695138
0.375 0.125 0.0962522
0.40625 0.125 0.0828394
0.40625 0.15625 0.0540457
0.375 0.15625 0.0695138
0.40625 0.1875 0.0261515
0.40625 0.15625 0.0540457
0.4375 0.15625 0.0432484
0.4375 0.1875 0.0129855
0.40625 0.1875 0.0261515
0.40625 0.15625 0.0540457
0.40625 0.125 0.0828394
0.4375 0.125 0.0738078
0.4375 0.15625 0.0432484
0.40625 0.15625 0.0540457
0.4375 0.25 -0.0411837
0.4375 0.21875 -0.01575
0.46875 0.21875 -0.0222402
0.46875 0.25 -0.0517294
0.4375 0.25 -0.0411837
0.4375 0.21875 -0.01575
0.4375 0.1875 0.0129855
0.46875 0.1875 0.00839013
0.46875 0.21875 -0.0222402
0.4375 0.21875 -0.01575
0.46875 0.25 -0.0517294
0.46875 0.21875 -0.0222402
0.5 0.21875 -0.0134965
0.5 0.25 -0.0409688
0.46875 0.25 -0.0517294
0.46875 0.21875 -0.0222402
0.46875 0.1875 0.00839013
0.5 0.1875 0.0153033
0.5 0.21875 -0.0134965
0.46875 0.21875 -0.0222402
0.4375 0.1875 0.0129855
0.4375 0.15625 0.0432484
0.46875 0.15625 0.039633
0.46875 0.1875 0.00839013
0.4375 0.1875 0.0129855
0.4375 0.15625 0.0432484
0.4375 0.125 0.0738078
0.46875 0.125 0.0708695
0.46875 0.15625 0.039633
0.4375 0.15625 0.0432484
0.46875 0.1875 0.00839013
0.46875 0.15625 0.039633
0.5 0.15625 0.0452665
0.5 0.1875 0.0153033
0.46875 0.1875 0.00839013
0.46875 0.15625 0.039633
0.46875 0.125 0.0708695
0.5 0.125 0.0755435
0.5 0.15625 0.0452665
0.46875 0.15625 0.039633
0.375 0.125 0.0962522
0.375 0.09375 0.124092
0.40625 0.09375 0.112265
0.40625 0.125 0.0828394
0.375 0.125 0.0962522
0.375 0.09375 0.124092
0.375 0.0625 0.152561
0.40625 0.0625 0.142048
0.40625 0.09375 0.112265
0.375 0.09375 0.124092
0.40625 0.125 0.0828394
0.40625 0.09375 0.112265
0.4375 0.09375 0.104537
0.4375 0.125 0.0738078
0.40625 0.125 0.0828394
0.40625 0.09375 0.112265
0.40625 0.0625 0.142048
0.4375 0.0625 0.13536
0.4375 0.09375 0.104537
0.40625 0.09375 0.112265
0.375 0.0625 0.152561
0.375 0 0.211739
0.4375 0 0.197488
0.4375 0.0625 0.13536
0.375 0.0625 0.152561
0.4375 0.125 0.0738078
0.4375 0.09375 0.104537
0.46875 0.09375 0.102092
0.46875 0.125 0.0708695
0.4375 0.125 0.0738078
0.4375 0.09375 0.104537
0.4375 0.0625 0.13536
0.46875 0.0625 0.1333
0.46875 0.09375 0.102092
0.4375 0.09375 0.104537
0.46875 0.125 0.0708695
0.46875 0.09375 0.102092
0.5 0.09375 0.106051
0.5 0.125 0.0755435
0.46875 0.125 0.0708695
0.46875 0.09375 0.102092
0.46875 0.0625 0.1333
0.5 0.0625 0.136689
0.5 0.09375 0.106051
0.46875 0.09375 0.102092
0.4375 0.0625 0.13536
0.4375 0 0.197488
0.5 0 0.198559
0.5 0.0625 0.136689
0.4375 0.0625 0.13536
0.5 1 0.199165
0.5 0.9375 0.137396
0.5625 0.9375 0.135573
0.5625 1 0.197717
0.5 1 0.199165
0.5 0.9375 0.137396
0.5 0.90625 0.10676
0.53125 0.90625 0.102022
0.53125 0.9375 0.133232
0.5 0.9375 0.137396
0.5 0.90625 0.10676
0.5 0.875 0.076265
0.53125 0.875 0.0708025
0.53125 0.90625 0.102022
0.5 0.90625 0.10676
0.53125 0.9375 0.133232
0.53125 0.90625 0.102022
0.5625 0.90625 0.104699
0.5625 0.9375 0.135573
0.53125 0.9375 0.133232
0.53125 0.90625 0.102022
0.53125 0.875 0.0708025
0.5625 0.875 0.0739337
0.5625 0.90625 0.104699
0.53125 0.90625 0.102022
0.5625 1 0.197717
0.5625 0.9375 0.135573
0.625 0.9375 0.154841
0.625 1 0.213307
0.5625 1 0.197717
0.5625 0.9375 0.135573
0.5625 0.90625 0.104699
0.59375 0.90625 0.113246
0.59375 0.9375 0.143054
0.5625 0.9375 0.135573
0.5625 0.90625 0.104699
0.5625 0.875 0.0739337
0.59375 0.875 0.0837887
0.59375 0.90625 0.113246
0.5625 0.90625 0.104699
0.59375 0.9375 0.143054
0.59375 0.90625 0.113246
0.625 0.90625 0.126384
0.625 0.9375 0.154841
0.59375 0.9375 0.143054
0.59375 0.90625 0.113246
0.59375 0.875 0.0837887
0.625 0.875 0.0985297
0.625 0.90625 0.126384
0.59375 0.90625 0.113246
0.5 0.875 0.076265
0.5 0.84375 0.0459498
0.53125 0.84375 0.0395725
0.53125 0.875 0.0708025
0.5 0.875 0.076265
0.5 0.84375 0.0459498
0.5 0.8125 0.0158838
0.53125 0.8125 0.00832824
0.53125 0.84375 0.0395725
0.5 0.84375 0.0459498
0.53125 0.875 0.0708025
0.53125 0.84375 0.0395725
0.5625 0.84375 0.0433149
0.5625 0.875 0.0739337
0.53125 0.875 0.0708025
0.53125 0.84375 0.0395725
0.53125 0.8125 0.00832824
0.5625 0.8125 0.0129119
0.5625 0.84375 0.0433149
0.53125 0.84375 0.0395725
0.5 0.8125 0.0158838
0.5 0.78125 -0.0133927
0.53125 0.78125 -0.0225144
0.53125 0.8125 0.00832824
0.5 0.8125 0.0158838
0.5 0.78125 -0.0133927
0.5 0.75 -0.041386
0.53125 0.75 -0.0526988
0.53125 0.78125 -0.0225144
0.5 0.78125 -0.0133927
0.53125 0.8125 0.00832824
0.53125 0.78125 -0.0225144
0.5625 0.78125 -0.0164082
0.5625 0.8125 0.0129119
0.53125 0.8125 0.00832824
0.53125 0.78125 -0.0225144
0.53125 0.75 -0.0526988
0.5625 0.75 -0.0434467
0.5625 0.78125 -0.0164082
0.53125 0.78125 -0.0225144
0.5625 0.875 0.0739337
0.5625 0.84375 0.0433149
0.59375 0.84375 0.054829
0.59375 0.875 0.0837887
0.5625 0.875 0.0739337
0.5625 0.84375 0.0433149
0.5625 0.8125 0.0129119
0.59375 0.8125 0.026588
0.59375 0.84375 0.054829
0.5625 0.84375 0.0433149
0.59375 0.875 0.0837887
0.59375 0.84375 0.054829
0.625 0.84375 0.0715035
0.625 0.875 0.0985297
0.59375 0.875 0.0837887
0.59375 0.84375 0.054829
0.59375 0.8125 0.026588
0.625 0.8125 0.0455545
0.625 0.84375 0.0715035
0.59375 0.84375 0.054829
0.5625 0.8125 0.0129119
0.5625 0.78125 -0.0164082
0.59375 0.78125 -0.000545775
0.59375 0.8125 0.026588
0.5625 0.8125 0.0129119
0.5625 0.78125 -0.0164082
0.5625 0.75 -0.0434467
0.59375 0.75 -0.0241993
0.59375 0.78125 -0.000545775
0.5625 0.78125 -0.0164082
0.59375 0.8125 0.026588
0.59375 0.78125 -0.000545775
0.625 0.78125 0.0210381
0.625 0.8125 0.0455545
0.59375 0.8125 0.026588
0.59375 0.78125 -0.000545775
0.59375 0.75 -0.0241993
0.625 0.75 -0.00143367
0.625 0.78125 0.0210381
0.59375 0.78125 -0.000545775
0.625 1 0.213307
0.625 0.9375 0.154841
0.6875 0.9375 0.188203
0.6875 1 0.241796
0.625 1 0.213307
0.625 0.9375 0.154841
0.625 0.875 0.0985297
0.6875 0.875 0.136564
0.6875 0.9375 0.188203
0.625 0.9375 0.154841
0.6875 1 0.241796
0.6875 0.9375 0.188203
0.75 0.9375 0.227956
0.75 1 0.277513
0.6875 1 0.241796
0.6875 0.9375 0.188203
0.6875 0.875 0.136564
0.75 0.875 0.180432
0.75 0.9375 0.227956
0.6875 0.9375 0.188203
0.625 0.875 0.0985297
0.625 0.84375 0.0715035
0.65625 0.84375 0.0911893
0.65625 0.875 0.116509
0.625 0.875 0.0985297
0.625 0.84375 0.0715035
0.625 0.8125 0.0455545
0.65625 0.8125 0.0670853
0.65625 0.84375 0.0911893
0.625 0.84375 0.0715035
0.65625 0.875 0.116509
0.65625 0.84375 0.0911893
0.6875 0.84375 0.112657
0.6875 0.875 0.136564
0.65625 0.875 0.116509
0.65625 0.84375 0.0911893
0.65625 0.8125 0.0670853
0.6875 0.8125 0.0899488
0.6875 0.84375 0.112657
0.65625 0.84375 0.0911893
0.625 0.8125 0.0455545
0.625 0.78125 0.0210381
0.65625 0.78125 0.0443951
0.65625 0.8125 0.0670853
0.625 0.8125 0.0455545
0.625 0.78125 0.0210381
0.625 0.75 -0.00143367
0.65625 0.75 0.0232769
0.65625 0.78125 0.0443951
0.625 0.78125 0.0210381
0.65625 0.8125 0.0670853
0.65625 0.78125 0.0443951
0.6875 0.78125 0.0684924
0.6875 0.8125 0.0899488
0.65625 0.8125 0.0670853
0.65625 0.78125 0.0443951
0.65625 0.75 0.0232769
0.6875 0.75 0.0483086
0.6875 0.78125 0.0684924
0.65625 0.78125 0.0443951
0.6875 0.875 0.136564
0.6875 0.8125 0.0899488
0.75 0.8125 0.137799
0.75 0.875 0.180432
0.6875 0.875 0.136564
0.6875 0.8125 0.0899488
0.6875 0.78125 0.0684924
0.71875 0.78125 0.0930501
0.71875 0.8125 0.113638
0.6875 0.8125 0.0899488
0.6875 0.78125 0.0684924
0.6875 0.75 0.0483086
0.71875 0.75 0.073504
0.71875 0.78125 0.0930501
0.6875 0.78125 0.0684924
0.71875 0.8125 0.113638
0.71875 0.78125 0.0930501
0.75 0.78125 0.117886
0.75 0.8125 0.137799
0.71875 0.8125 0.113638
0.71875 0.78125 0.0930501
0.71875 0.75 0.073504
0.75 0.75 0.098826
0.75 0.78125 0.117886
0.71875 0.78125 0.0930501
0.5 0.75 -0.041386
0.5 0.71875 -0.0685228
0.53125 0.71875 -0.0819999
0.53125 0.75 -0.0526988
0.5 0.75 -0.041386
0.5 0.71875 -0.0685228
0.5 0.6875 -0.0950552
0.53125 0.6875 -0.108851
0.53125 0.71875 -0.0819999
0.5 0.71875 -0.0685228
0.53125 0.75 -0.0526988
0.53125 0.71875 -0.0819999
0.5625 0.71875 -0.0676522
0.5625 0.75 -0.0434467
0.53125 0.75 -0.0526988
0.53125 0.71875 -0.0819999
0.53125 0.6875 -0.108851
0.5625 0.6875 -0.0889278
0.5625 0.71875 -0.0676522
0.53125 0.71875 -0.0819999
0.5 0.6875 -0.0950552
0.5 0.625 -0.147122
0.5625 0.625 -0.126846
0.5625 0.6875 -0.0889278
0.5 0.6875 -0.0950552
0.5625 0.75 -0.0434467
0.5625 0.71875 -0.0676522
0.59375 0.71875 -0.0453397
0.59375 0.75 -0.0241993
0.5625 0.75 -0.0434467
0.5625 0.71875 -0.0676522
0.5625 0.6875 -0.0889278
0.59375 0.6875 -0.0647745
0.59375 0.71875 -0.0453397
0.5625 0.71875 -0.0676522
0.59375 0.75 -0.0241993
0.59375 0.71875 -0.0453397
0.625 0.71875 -0.0211721
0.625 0.75 -0.00143367
0.59375 0.75 -0.0241993
0.59375 0.71875 -0.0453397
0.59375 0.6875 -0.0647745
0.625 0.6875 -0.0397719
0.625 0.71875 -0.0211721
0.59375 0.71875 -0.0453397
0.5625 0.6875 -0.0889278
0.5625 0.65625 -0.108335
0.59375 0.65625 -0.0833103
0.59375 0.6875 -0.0647745
0.5625 0.6875 -0.0889278
0.5625 0.65625 -0.108335
0.5625 0.625 -0.126846
0.59375 0.625 -0.101457
0.59375 0.65625 -0.0833103
0.5625 0.65625 -0.108335
0.59375 0.6875 -0.0647745
0.59375 0.65625 -0.0833103
0.625 0.65625 -0.057933
0.625 0.6875 -0.0397719
0.59375 0.6875 -0.0647745
0.59375 0.65625 -0.0833103
0.59375 0.625 -0.101457
0.625 0.625 -0.0759263
0.625 0.65625 -0.057933
0.59375 0.65625 -0.0833103
0.5 0.625 -0.147122
0.5 0.5625 -0.198678
0.5625 0.5625 -0.162972
0.5625 0.625 -0.126846
0.5 0.625 -0.147122
0.5 0.5625 -0.198678
0.5 0.5 -0.236361
0.5625 0.5 -0.19229
0.5625 0.5625 -0.162972
0.5 0.5625 -0.198678
0.5625 0.625 -0.126846
0.5625 0.59375 -0.144982
0.59375 0.59375 -0.119446
0.59375 0.625 -0.101457
0.5625 0.625 -0.126846
0.5625 0.59375 -0.144982
0.5625 0.5625 -0.162972
0.59375 0.5625 -0.13735
0.59375 0.59375 -0.119446
0.5625 0.59375 -0.144982
0.59375 0.625 -0.101457
0.59375 0.59375 -0.119446
0.625 0.59375 -0.0938431
0.625 0.625 -0.0759263
0.59375 0.625 -0.101457
0.59375 0.59375 -0.119446
0.59375 0.5625 -0.13735
0.625 0.5625 -0.111691
0.625 0.59375 -0.0938431
0.59375 0.59375 -0.119446
0.5625 0.5625 -0.162972
0.5625 0.5 -0.19229
0.625 0.5 -0.146957
0.625 0.5625 -0.111691
0.5625 0.5625 -0.162972
0.625 0.75 -0.00143367
0.625 0.71875 -0.0211721
0.65625 0.71875 0.00378994
0.65625 0.75 0.0232769
0.625 0.75 -0.00143367
0.625 0.71875 -0.0211721
0.625 0.6875 -0.0397719
0.65625 0.6875 -0.0144112
0.65625 0.71875 0.00378994
0.625 0.71875 -0.0211721
0.65625 0.75 0.0232769
0.65625 0.71875 0.00378994
0.6875 0.71875 0.0292826
0.6875 0.75 0.0483086
0.65625 0.75 0.0232769
0.65625 0.71875 0.00378994
0.65625 0.6875 -0.0144112
0.6875 0.6875 0.0111243
0.6875 0.71875 0.0292826
0.65625 0.71875 0.00378994
0.625 0.6875 -0.0397719
0.625 0.65625 -0.057933
0.65625 0.65625 -0.0324077
0.65625 0.6875 -0.0144112
0.625 0.6875 -0.0397719
0.625 0.65625 -0.057933
0.625 0.625 -0.0759263
0.65625 0.625 -0.0503316
0.65625 0.65625 -0.0324077
0.625 0.65625 -0.057933
0.65625 0.6875 -0.0144112
0.65625 0.65625 -0.0324077
0.6875 0.65625 -0.00681429
0.6875 0.6875 0.0111243
0.65625 0.6875 -0.0144112
0.65625 0.65625 -0.0324077
0.65625 0.625 -0.0503316
0.6875 0.625 -0.0247018
0.6875 0.65625 -0.00681429
0.65625 0.65625 -0.0324077
0.6875 0.75 0.0483086
0.6875 0.71875 0.0292826
0.71875 0.71875 0.0548116
0.71875 0.75 0.073504
0.6875 0.75 0.0483086
0.6875 0.71875 0.0292826
0.6875 0.6875 0.0111243
0.71875 0.6875 0.0367315
0.71875 0.71875 0.0548116
0.6875 0.71875 0.0292826
0.71875 0.75 0.073504
0.71875 0.71875 0.0548116
0.75 0.71875 0.0803778
0.75 0.75 0.098826
0.71875 0.75 0.073504
0.71875 0.71875 0.0548116
0.71875 0.6875 0.0367315
0.75 0.6875 0.0623696
0.75 0.71875 0.0803778
0.71875 0.71875 0.0548116
0.6875 0.6875 0.0111243
0.6875 0.65625 -0.00681429
0.71875 0.65625 0.0188192
0.71875 0.6875 0.0367315
0.6875 0.6875 0.0111243
0.6875 0.65625 -0.00681429
0.6875 0.625 -0.0247018
0.71875 0.625 0.00095226
0.71875 0.65625 0.0188192
0.6875 0.65625 -0.00681429
0.71875 0.6875 0.0367315
0.71875 0.65625 0.0188192
0.75 0.65625 0.0444942
0.75 0.6875 0.0623696
0.71875 0.6875 0.0367315
0.71875 0.65625 0.0188192
0.71875 0.625 0.00095226
0.75 0.625 0.0266794
0.75 0.65625 0.0444942
0.71875 0.65625 0.0188192
0.625 0.625 -0.0759263
0.625 0.59375 -0.0938431
0.65625 0.59375 -0.0682016
0.65625 0.625 -0.0503316
0.625 0.625 -0.0759263
0.625 0.59375 -0.0938431
0.625 0.5625 -0.111691
0.65625 0.5625 -0.0859966
0.65625 0.59375 -0.0682016
0.625 0.59375 -0.0938431
0.65625 0.625 -0.0503316
0.65625 0.59375 -0.0682016
0.6875 0.59375 -0.0425328
0.6875 0.625 -0.0247018
0.65625 0.625 -0.0503316
0.65625 0.59375 -0.0682016
0.65625 0.5625 -0.0859966
0.6875 0.5625 -0.0602603
0.6875 0.59375 -0.0425328
0.65625 0.59375 -0.0682016
0.625 0.5625 -0.111691
0.625 0.53125 -0.129441
0.65625 0.53125 -0.103638
0.65625 0.5625 -0.0859966
0.625 0.5625 -0.111691
0.625 0.53125 -0.129441
0.625 0.5 -0.146957
0.65625 0.5 -0.120868
0.65625 0.53125 -0.103638
0.625 0.53125 -0.129441
0.65625 0.5625 -0.0859966
0.65625 0.53125 -0.103638
0.6875 0.53125 -0.0777398
0.6875 0.5625 -0.0602603
0.65625 0.5625 -0.0859966
0.65625 0.53125 -0.103638
0.65625 0.5 -0.120868
0.6875 0.5 -0.0945297
0.6875 0.53125 -0.0777398
0.65625 0.53125 -0.103638
0.6875 0.625 -0.0247018
0.6875 0.59375 -0.0425328
0.71875 0.59375 -0.0168351
0.71875 0.625 0.00095226
0.6875 0.625 -0.0247018
0.6875 0.59375 -0.0425328
0.6875 0.5625 -0.0602603
0.71875 0.5625 -0.0344538
0.71875 0.59375 -0.0168351
0.6875 0.59375 -0.0425328
0.71875 0.625 0.00095226
0.71875 0.59375 -0.0168351
0.75 0.59375 0.00895063
0.75 0.625 0.0266794
0.71875 0.625 0.00095226
0.71875 0.59375 -0.0168351
0.71875 0.5625 -0.0344538
0.75 0.5625 -0.0085253
0.75 0.59375 0.00895063
0.71875 0.59375 -0.0168351
0.6875 0.5625 -0.0602603
0.6875 0.53125 -0.0777398
0.71875 0.53125 -0.0516565
0.71875 0.5625 -0.0344538
0.6875 0.5625 -0.0602603
0.6875 0.53125 -0.0777398
0.6875 0.5 -0.0945297
0.71875 0.5 -0.0677053
0.71875 0.53125 -0.0516565
0.6875 0.53125 -0.0777398
0.71875 0.5625 -0.0344538
0.71875 0.53125 -0.0516565
0.75 0.53125 -0.0252878
0.75 0.5625 -0.0085253
0.71875 0.5625 -0.0344538
0.71875 0.53125 -0.0516565
0.71875 0.5 -0.0677053
0.75 0.5 -0.0402149
0.75 0.53125 -0.0252878
0.71875 0.53125 -0.0516565
0.75 1 0.277513
0.75 0.875 0.180432
0.875 0.875 0.277495
0.875 1 0.362965
0.75 1 0.277513
0.75 0.875 0.180432
0.75 0.8125 0.137799
0.8125 0.8125 0.187921
0.8125 0.875 0.228446
0.75 0.875 0.180432
0.75 0.8125 0.137799
0.75 0.75 0.098826
0.8125 0.75 0.149766
0.8125 0.8125 0.187921
0.75 0.8125 0.137799
0.8125 0.875 0.228446
0.8125 0.8125 0.187921
0.875 0.8125 0.238543
0.875 0.875 0.277495
0.8125 0.875 0.228446
0.8125 0.8125 0.187921
0.8125 0.75 0.149766
0.875 0.75 0.201406
0.875 0.8125 0.238543
0.8125 0.8125 0.187921
0.875 1 0.362965
0.875 0.875 0.277495
1 0.875 0.381083
1 1 0.459959
0.875 1 0.362965
0.875 0.875 0.277495
0.875 0.75 0.201406
1 0.75 0.308159
1 0.875 0.381083
0.875 0.875 0.277495
0.75 0.75 0.098826
0.75 0.71875 0.0803778
0.78125 0.71875 0.10599
0.78125 0.75 0.124248
0.75 0.75 0.098826
0.75 0.71875 0.0803778
0.75 0.6875 0.0623696
0.78125 0.6875 0.0880614
0.78125 0.71875 0.10599
0.75 0.71875 0.0803778
0.78125 0.75 0.124248
0.78125 0.71875 0.10599
0.8125 0.71875 0.131673
0.8125 0.75 0.149766
0.78125 0.75 0.124248
0.78125 0.71875 0.10599
0.78125 0.6875 0.0880614
0.8125 0.6875 0.113845
0.8125 0.71875 0.131673
0.78125 0.71875 0.10599
0.75 0.6875 0.0623696
0.75 0.65625 0.0444942
0.78125 0.65625 0.0702523
0.78125 0.6875 0.0880614
0.75 0.6875 0.0623696
0.75 0.65625 0.0444942
0.75 0.625 0.0266794
0.78125 0.625 0.0525602
0.78125 0.65625 0.0702523
0.75 0.65625 0.0444942
0.78125 0.6875 0.0880614
0.78125 0.65625 0.0702523
0.8125 0.65625 0.0961743
0.8125 0.6875 0.113845
0.78125 0.6875 0.0880614
0.78125 0.65625 0.0702523
0.78125 0.625 0.0525602
0.8125 0.625 0.0787366
0.8125 0.65625 0.0961743
0.78125 0.65625 0.0702523
0.8125 0.75 0.149766
0.8125 0.6875 0.113845
0.875 0.6875 0.165973
0.875 0.75 0.201406
0.8125 0.75 0.149766
0.8125 0.6875 0.113845
0.8125 0.65625 0.0961743
0.84375 0.65625 0.122367
0.84375 0.6875 0.139788
0.8125 0.6875 0.113845
0.8125 0.65625 0.0961743
0.8125 0.625 0.0787366
0.84375 0.625 0.10533
0.84375 0.65625 0.122367
0.8125 0.65625 0.0961743
0.84375 0.6875 0.139788
0.84375 0.65625 0.122367
0.875 0.65625 0.148883
0.875 0.6875 0.165973
0.84375 0.6875 0.139788
0.84375 0.65625 0.122367
0.84375 0.625 0.10533
0.875 0.625 0.132392
0.875 0.65625 0.148883
0.84375 0.65625 0.122367
0.75 0.625 0.0266794
0.75 0.59375 0.00895063
0.78125 0.59375 0.0350639
0.78125 0.625 0.0525602
0.75 0.625 0.0266794
0.75 0.59375 0.00895063
0.75 0.5625 -0.0085253
0.78125 0.5625 0.017956
0.78125 0.59375 0.0350639
0.75 0.59375 0.00895063
0.78125 0.625 0.0525602
0.78125 0.59375 0.0350639
0.8125 0.59375 0.0616944
0.8125 0.625 0.0787366
0.78125 0.625 0.0525602
0.78125 0.59375 0.0350639
0.78125 0.5625 0.017956
0.8125 0.5625 0.0453988
0.8125 0.59375 0.0616944
0.78125 0.59375 0.0350639
0.75 0.5625 -0.0085253
0.75 0.53125 -0.0252878
0.78125 0.53125 0.00158497
0.78125 0.5625 0.017956
0.75 0.5625 -0.0085253
0.75 0.53125 -0.0252878
0.75 0.5 -0.0402149
0.78125 0.5 -0.0118382
0.78125 0.53125 0.00158497
0.75 0.53125 -0.0252878
0.78125 0.5625 0.017956
0.78125 0.53125 0.00158497
0.8125 0.53125 0.0305016
0.8125 0.5625 0.0453988
0.78125 0.5625 0.017956
0.78125 0.53125 0.00158497
0.78125 0.5 -0.0118382
0.8125 0.5 0.0181387
0.8125 0.53125 0.0305016
0.78125 0.53125 0.00158497
0.8125 0.625 0.0787366
0.8125 0.59375 0.0616944
0.84375 0.59375 0.0889566
0.84375 0.625 0.10533
0.8125 0.625 0.0787366
0.8125 0.59375 0.0616944
0.8125 0.5625 0.0453988
0.84375 0.5625 0.0736488
0.84375 0.59375 0.0889566
0.8125 0.59375 0.0616944
0.84375 0.625 0.10533
0.84375 0.59375 0.0889566
0.875 0.59375 0.116755
0.875 0.625 0.132392
0.84375 0.625 0.10533
0.84375 0.59375 0.0889566
0.84375 0.5625 0.0736488
0.875 0.5625 0.102426
0.875 0.59375 0.116755
0.84375 0.59375 0.0889566
0.8125 0.5625 0.0453988
0.8125 0.53125 0.0305016
0.84375 0.53125 0.0600239
0.84375 0.5625 0.0736488
0.8125 0.5625 0.0453988
0.8125 0.53125 0.0305016
0.8125 0.5 0.0181387
0.84375 0.5 0.0489812
0.84375 0.53125 0.0600239
0.8125 0.53125 0.0305016
0.84375 0.5625 0.0736488
0.84375 0.53125 0.0600239
0.875 0.53125 0.0898769
0.875 0.5625 0.102426
0.84375 0.5625 0.0736488
0.84375 0.53125 0.0600239
0.84375 0.5 0.0489812
0.875 0.5 0.0798216
0.875 0.53125 0.0898769
0.84375 0.53125 0.0600239
0.875 0.75 0.201406
0.875 0.6875 0.165973
0.9375 0.6875 0.219763
0.9375 0.75 0.253938
0.875 0.75 0.201406
0.875 0.6875 0.165973
0.875 0.625 0.132392
0.9375 0.625 0.188347
0.9375 0.6875 0.219763
0.875 0.6875 0.165973
0.9375 0.75 0.253938
0.9375 0.6875 0.219763
1 0.6875 0.275774
1 0.75 0.308159
0.9375 0.75 0.253938
0.9375 0.6875 0.219763
0.9375 0.625 0.188347
1 0.625 0.246534
1 0.6875 0.275774
0.9375 0.6875 0.219763
0.875 0.625 0.132392
0.875 0.5625 0.102426
0.9375 0.5625 0.160984
0.9375 0.625 0.188347
0.875 0.625 0.132392
0.875 0.5625 0.102426
0.875 0.53125 0.0898769
0.90625 0.53125 0.119935
0.90625 0.5625 0.131577
0.875 0.5625 0.102426
0.875 0.53125 0.0898769
0.875 0.5 0.0798216
0.90625 0.5 0.11066
0.90625 0.53125 0.119935
0.875 0.53125 0.0898769
0.90625 0.5625 0.131577
0.90625 0.53125 0.119935
0.9375 0.53125 0.150114
0.9375 0.5625 0.160984
0.90625 0.5625 0.131577
0.90625 0.53125 0.119935
0.90625 0.5 0.11066
0.9375 0.5 0.141499
0.9375 0.53125 0.150114
0.90625 0.53125 0.119935
0.9375 0.625 0.188347
0.9375 0.5625 0.160984
1 0.5625 0.221711
1 0.625 0.246534
0.9375 0.625 0.188347
0.9375 0.5625 0.160984
0.9375 0.5 0.141499
1 0.5 0.203884
1 0.5625 0.221711
0.9375 0.5625 0.160984
0.5 0.5 -0.236361
0.5 0.4375 -0.198083
0.5625 0.4375 -0.162395
0.5625 0.5 -0.19229
0.5 0.5 -0.236361
0.5 0.4375 -0.198083
0.5 0.375 -0.146697
0.5625 0.375 -0.111614
0.5625 0.4375 -0.162395
0.5 0.4375 -0.198083
0.5625 0.5 -0.19229
0.5625 0.4375 -0.162395
0.625 0.4375 -0.125255
0.625 0.5 -0.146957
0.5625 0.5 -0.19229
0.5625 0.4375 -0.162395
0.5625 0.40625 -0.137139
0.59375 0.40625 -0.119099
0.59375 0.4375 -0.144
0.5625 0.4375 -0.162395
0.5625 0.40625 -0.137139
0.5625 0.375 -0.111614
0.59375 0.375 -0.0937277
0.59375 0.40625 -0.119099
0.5625 0.40625 -0.137139
0.59375 0.4375 -0.144
0.59375 0.40625 -0.119099
0.625 0.40625 -0.100897
0.625 0.4375 -0.125255
0.59375 0.4375 -0.144
0.59375 0.40625 -0.119099
0.59375 0.375 -0.0937277
0.625 0.375 -0.0757486
0.625 0.40625 -0.100897
0.59375 0.40625 -0.119099
0.5 0.375 -0.146697
0.5 0.34375 -0.120679
0.53125 0.34375 -0.103605
0.53125 0.375 -0.129347
0.5 0.375 -0.146697
0.5 0.34375 -0.120679
0.5 0.3125 -0.0944475
0.53125 0.3125 -0.0777756
0.53125 0.34375 -0.103605
0.5 0.34375 -0.120679
0.53125 0.375 -0.129347
0.53125 0.34375 -0.103605
0.5625 0.34375 -0.0859826
0.5625 0.375 -0.111614
0.53125 0.375 -0.129347
0.53125 0.34375 -0.103605
0.53125 0.3125 -0.0777756
0.5625 0.3125 -0.0602985
0.5625 0.34375 -0.0859826
0.53125 0.34375 -0.103605
0.5 0.3125 -0.0944475
0.5 0.28125 -0.0679113
0.53125 0.28125 -0.0518327
0.53125 0.3125 -0.0777756
0.5 0.3125 -0.0944475
0.5 0.28125 -0.0679113
0.5 0.25 -0.0409688
0.53125 0.25 -0.0257251
0.53125 0.28125 -0.0518327
0.5 0.28125 -0.0679113
0.53125 0.3125 -0.0777756
0.53125 0.28125 -0.0518327
0.5625 0.28125 -0.0345718
0.5625 0.3125 -0.0602985
0.53125 0.3125 -0.0777756
0.53125 0.28125 -0.0518327
0.53125 0.25 -0.0257251
0.5625 0.25 -0.00878676
0.5625 0.28125 -0.0345718
0.53125 0.28125 -0.0518327
0.5625 0.375 -0.111614
0.5625 0.34375 -0.0859826
0.59375 0.34375 -0.068173
0.59375 0.375 -0.0937277
0.5625 0.375 -0.111614
0.5625 0.34375 -0.0859826
0.5625 0.3125 -0.0602985
0.59375 0.3125 -0.0425423
0.59375 0.34375 -0.068173
0.5625 0.34375 -0.0859826
0.59375 0.375 -0.0937277
0.59375 0.34375 -0.068173
0.625 0.34375 -0.0502875
0.625 0.375 -0.0757486
0.59375 0.375 -0.0937277
0.59375 0.34375 -0.068173
0.59375 0.3125 -0.0425423
0.625 0.3125 -0.0246936
0.625 0.34375 -0.0502875
0.59375 0.34375 -0.068173
0.5625 0.3125 -0.0602985
0.5625 0.28125 -0.0345718
0.59375 0.28125 -0.0168898
0.59375 0.3125 -0.0425423
0.5625 0.3125 -0.0602985
0.5625 0.28125 -0.0345718
0.5625 0.25 -0.00878676
0.59375 0.25 0.00880386
0.59375 0.28125 -0.0168898
0.5625 0.28125 -0.0345718
0.59375 0.3125 -0.0425423
0.59375 0.28125 -0.0168898
0.625 0.28125 0.000931573
0.625 0.3125 -0.0246936
0.59375 0.3125 -0.0425423
0.59375 0.28125 -0.0168898
0.59375 0.25 0.00880386
0.625 0.25 0.02659
0.625 0.28125 0.000931573
0.59375 0.28125 -0.0168898
0.625 0.5 -0.146957
0.625 0.46875 -0.14676
0.65625 0.46875 -0.125467
0.65625 0.5 -0.120868
0.625 0.5 -0.146957
0.625 0.46875 -0.14676
0.625 0.4375 -0.125255
0.65625 0.4375 -0.10584
0.65625 0.46875 -0.125467
0.625 0.46875 -0.14676
0.65625 0.5 -0.120868
0.65625 0.46875 -0.125467
0.6875 0.46875 -0.101828
0.6875 0.5 -0.0945297
0.65625 0.5 -0.120868
0.65625 0.46875 -0.125467
0.65625 0.4375 -0.10584
0.6875 0.4375 -0.0854031
0.6875 0.46875 -0.101828
0.65625 0.46875 -0.125467
0.625 0.4375 -0.125255
0.625 0.40625 -0.100897
0.65625 0.40625 -0.0824137
0.65625 0.4375 -0.10584
0.625 0.4375 -0.125255
0.625 0.40625 -0.100897
0.625 0.375 -0.0757486
0.65625 0.375 -0.0576764
0.65625 0.40625 -0.0824137
0.625 0.40625 -0.100897
0.65625 0.4375 -0.10584
0.65625 0.40625 -0.0824137
0.6875 0.40625 -0.0634478
0.6875 0.4375 -0.0854031
0.65625 0.4375 -0.10584
0.65625 0.40625 -0.0824137
0.65625 0.375 -0.0576764
0.6875 0.375 -0.0394315
0.6875 0.40625 -0.0634478
0.65625 0.40625 -0.0824137
0.6875 0.5 -0.0945297
0.6875 0.46875 -0.101828
0.71875 0.46875 -0.0762239
0.71875 0.5 -0.0677053
0.6875 0.5 -0.0945297
0.6875 0.46875 -0.101828
0.6875 0.4375 -0.0854031
0.71875 0.4375 -0.0634595
0.71875 0.46875 -0.0762239
0.6875 0.46875 -0.101828
0.71875 0.5 -0.0677053
0.71875 0.46875 -0.0762239
0.75 0.46875 -0.0487463
0.75 0.5 -0.0402149
0.71875 0.5 -0.0677053
0.71875 0.46875 -0.0762239
0.71875 0.4375 -0.0634595
0.75 0.4375 -0.0395452
0.75 0.46875 -0.0487463
0.71875 0.46875 -0.0762239
0.6875 0.4375 -0.0854031
0.6875 0.40625 -0.0634478
0.71875 0.40625 -0.043665
0.71875 0.4375 -0.0634595
0.6875 0.4375 -0.0854031
0.6875 0.40625 -0.0634478
0.6875 0.375 -0.0394315
0.71875 0.375 -0.0209433
0.71875 0.40625 -0.043665
0.6875 0.40625 -0.0634478
0.71875 0.4375 -0.0634595
0.71875 0.40625 -0.043665
0.75 0.40625 -0.0227514
0.75 0.4375 -0.0395452
0.71875 0.4375 -0.0634595
0.71875 0.40625 -0.043665
0.71875 0.375 -0.0209433
0.75 0.375 -0.00176998
0.75 0.40625 -0.0227514
0.71875 0.40625 -0.043665
0.625 0.375 -0.0757486
0.625 0.34375 -0.0502875
0.65625 0.34375 -0.0323571
0.65625 0.375 -0.0576764
0.625 0.375 -0.0757486
0.625 0.34375 -0.0502875
0.625 0.3125 -0.0246936
0.65625 0.3125 -0.00681086
0.65625 0.34375 -0.0323571
0.625 0.34375 -0.0502875
0.65625 0.375 -0.0576764
0.65625 0.34375 -0.0323571
0.6875 0.34375 -0.0143837
0.6875 0.375 -0.0394315
0.65625 0.375 -0.0576764
0.65625 0.34375 -0.0323571
0.65625 0.3125 -0.00681086
0.6875 0.3125 0.0111339
0.6875 0.34375 -0.0143837
0.65625 0.34375 -0.0323571
0.625 0.3125 -0.0246936
0.625 0.28125 0.000931573
0.65625 0.28125 0.0188013
0.65625 0.3125 -0.00681086
0.625 0.3125 -0.0246936
0.625 0.28125 0.000931573
0.625 0.25 0.02659
0.65625 0.25 0.0444327
0.65625 0.28125 0.0188013
0.625 0.28125 0.000931573
0.65625 0.3125 -0.00681086
0.65625 0.28125 0.0188013
0.6875 0.28125 0.0367142
0.6875 0.3125 0.0111339
0.65625 0.3125 -0.00681086
0.65625 0.28125 0.0188013
0.65625 0.25 0.0444327
0.6875 0.25 0.0623165
0.6875 0.28125 0.0367142
0.65625 0.28125 0.0188013
0.6875 0.375 -0.0394315
0.6875 0.34375 -0.0143837
0.71875 0.34375 0.00379514
0.71875 0.375 -0.0209433
0.6875 0.375 -0.0394315
0.6875 0.34375 -0.0143837
0.6875 0.3125 0.0111339
0.71875 0.3125 0.0292016
0.71875 0.34375 0.00379514
0.6875 0.34375 -0.0143837
0.71875 0.375 -0.0209433
0.71875 0.34375 0.00379514
0.75 0.34375 0.0226134
0.75 0.375 -0.00176998
0.71875 0.375 -0.0209433
0.71875 0.34375 0.00379514
0.71875 0.3125 0.0292016
0.75 0.3125 0.0476045
0.75 0.34375 0.0226134
0.71875 0.34375 0.00379514
0.6875 0.3125 0.0111339
0.6875 0.28125 0.0367142
0.71875 0.28125 0.0547022
0.71875 0.3125 0.0292016
0.6875 0.3125 0.0111339
0.6875 0.28125 0.0367142
0.6875 0.25 0.0623165
0.71875 0.25 0.0802552
0.71875 0.28125 0.0547022
0.6875 0.28125 0.0367142
0.71875 0.3125 0.0292016
0.71875 0.28125 0.0547022
0.75 0.28125 0.0728786
0.75 0.3125 0.0476045
0.71875 0.3125 0.0292016
0.71875 0.28125 0.0547022
0.71875 0.25 0.0802552
0.75 0.25 0.0983054
0.75 0.28125 0.0728786
0.71875 0.28125 0.0547022
0.5 0.25 -0.0409688
0.5 0.21875 -0.0134965
0.53125 0.21875 0.000636133
0.53125 0.25 -0.0257251
0.5 0.25 -0.0409688
0.5 0.21875 -0.0134965
0.5 0.1875 0.0153033
0.53125 0.1875 0.0281043
0.53125 0.21875 0.000636133
0.5 0.21875 -0.0134965
0.53125 0.25 -0.0257251
0.53125 0.21875 0.000636133
0.5625 0.21875 0.0172619
0.5625 0.25 -0.00878676
0.53125 0.25 -0.0257251
0.53125 0.21875 0.000636133
0.53125 0.1875 0.0281043
0.5625 0.1875 0.0437348
0.5625 0.21875 0.0172619
0.53125 0.21875 0.000636133
0.5 0.1875 0.0153033
0.5 0.15625 0.0452665
0.53125 0.15625 0.0563145
0.53125 0.1875 0.0281043
0.5 0.1875 0.0153033
0.5 0.15625 0.0452665
0.5 0.125 0.0755435
0.53125 0.125 0.0851785
0.53125 0.15625 0.0563145
0.5 0.15625 0.0452665
0.53125 0.1875 0.0281043
0.53125 0.15625 0.0563145
0.5625 0.15625 0.0707188
0.5625 0.1875 0.0437348
0.53125 0.1875 0.0281043
0.53125 0.15625 0.0563145
0.53125 0.125 0.0851785
0.5625 0.125 0.0982561
0.5625 0.15625 0.0707188
0.53125 0.15625 0.0563145
0.5625 0.25 -0.00878676
0.5625 0.21875 0.0172619
0.59375 0.21875 0.0346208
0.59375 0.25 0.00880386
0.5625 0.25 -0.00878676
0.5625 0.21875 0.0172619
0.5625 0.1875 0.0437348
0.59375 0.1875 0.0606294
0.59375 0.21875 0.0346208
0.5625 0.21875 0.0172619
0.59375 0.25 0.00880386
0.59375 0.21875 0.0346208
0.625 0.21875 0.052296
0.625 0.25 0.02659
0.59375 0.25 0.00880386
0.59375 0.21875 0.0346208
0.59375 0.1875 0.0606294
0.625 0.1875 0.0780881
0.625 0.21875 0.052296
0.59375 0.21875 0.0346208
0.5625 0.1875 0.0437348
0.5625 0.15625 0.0707188
0.59375 0.15625 0.0869235
0.59375 0.1875 0.0606294
0.5625 0.1875 0.0437348
0.5625 0.15625 0.0707188
0.5625 0.125 0.0982561
0.59375 0.125 0.113589
0.59375 0.15625 0.0869235
0.5625 0.15625 0.0707188
0.59375 0.1875 0.0606294
0.59375 0.15625 0.0869235
0.625 0.15625 0.104025
0.625 0.1875 0.0780881
0.59375 0.1875 0.0606294
0.59375 0.15625 0.0869235
0.59375 0.125 0.113589
0.625 0.125 0.130178
0.625 0.15625 0.104025
0.59375 0.15625 0.0869235
0.5 0.125 0.0755435
0.5 0.09375 0.106051
0.53125 0.09375 0.114496
0.53125 0.125 0.0851785
0.5 0.125 0.0755435
0.5 0.09375 0.106051
0.5 0.0625 0.136689
0.53125 0.0625 0.144134
0.53125 0.09375 0.114496
0.5 0.09375 0.106051
0.53125 0.125 0.0851785
0.53125 0.09375 0.114496
0.5625 0.09375 0.126418
0.5625 0.125 0.0982561
0.53125 0.125 0.0851785
0.53125 0.09375 0.114496
0.53125 0.0625 0.144134
0.5625 0.0625 0.154991
0.5625 0.09375 0.126418
0.53125 0.09375 0.114496
0.5 0.0625 0.136689
0.5 0 0.198559
0.5625 0 0.213997
0.5625 0.0625 0.154991
0.5 0.0625 0.136689
0.5625 0.125 0.0982561
0.5625 0.0625 0.154991
0.625 0.0625 0.183643
0.625 0.125 0.130178
0.5625 0.125 0.0982561
0.5625 0.0625 0.154991
0.5625 0 0.213997
0.625 0 0.239378
0.625 0.0625 0.183643
0.5625 0.0625 0.154991
0.625 0.25 0.02659
0.625 0.21875 0.052296
0.65625 0.21875 0.0700898
0.65625 0.25 0.0444327
0.625 0.25 0.02659
0.625 0.21875 0.052296
0.625 0.1875 0.0780881
0.65625 0.1875 0.0957877
0.65625 0.21875 0.0700898
0.625 0.21875 0.052296
0.65625 0.25 0.0444327
0.65625 0.21875 0.0700898
0.6875 0.21875 0.0879393
0.6875 0.25 0.0623165
0.65625 0.25 0.0444327
0.65625 0.21875 0.0700898
0.65625 0.1875 0.0957877
0.6875 0.1875 0.113589
0.6875 0.21875 0.0879393
0.65625 0.21875 0.0700898
0.625 0.1875 0.0780881
0.625 0.15625 0.104025
0.65625 0.15625 0.121554
0.65625 0.1875 0.0957877
0.625 0.1875 0.0780881
0.625 0.15625 0.104025
0.625 0.125 0.130178
0.65625 0.125 0.147432
0.65625 0.15625 0.121554
0.625 0.15625 0.104025
0.65625 0.1875 0.0957877
0.65625 0.15625 0.121554
0.6875 0.15625 0.139279
0.6875 0.1875 0.113589
0.65625 0.1875 0.0957877
0.65625 0.15625 0.121554
0.65625 0.125 0.147432
0.6875 0.125 0.16503
0.6875 0.15625 0.139279
0.65625 0.15625 0.121554
0.6875 0.25 0.0623165
0.6875 0.21875 0.0879393
0.71875 0.21875 0.10584
0.71875 0.25 0.0802552
0.6875 0.25 0.0623165
0.6875 0.21875 0.0879393
0.6875 0.1875 0.113589
0.71875 0.1875 0.13145
0.71875 0.21875 0.10584
0.6875 0.21875 0.0879393
0.71875 0.25 0.0802552
0.71875 0.21875 0.10584
0.75 0.21875 0.123815
0.75 0.25 0.0983054
0.71875 0.25 0.0802552
0.71875 0.21875 0.10584
0.71875 0.1875 0.13145
0.75 0.1875 0.149375
0.75 0.21875 0.123815
0.71875 0.21875 0.10584
0.6875 0.1875 0.113589
0.6875 0.125 0.16503
0.75 0.125 0.20058
0.75 0.1875 0.149375
0.6875 0.1875 0.113589
0.625 0.125 0.130178
0.625 0.0625 0.183643
0.6875 0.0625 0.217018
0.6875 0.125 0.16503
0.625 0.125 0.130178
0.625 0.0625 0.183643
0.625 0 0.239378
0.6875 0 0.270438
0.6875 0.0625 0.217018
0.625 0.0625 0.183643
0.6875 0.125 0.16503
0.6875 0.0625 0.217018
0.75 0.0625 0.252027
0.75 0.125 0.20058
0.6875 0.125 0.16503
0.6875 0.0625 0.217018
0.6875 0 0.270438
0.75 0 0.304249
0.75 0.0625 0.252027
0.6875 0.0625 0.217018
0.75 0.5 -0.0402149
0.75 0.46875 -0.0487463
0.78125 0.46875 -0.0196654
0.78125 0.5 -0.0118382
0.75 0.5 -0.0402149
0.75 0.46875 -0.0487463
0.75 0.4375 -0.0395452
0.78125 0.4375 -0.013644
0.78125 0.46875 -0.0196654
0.75 0.46875 -0.0487463
0.78125 0.5 -0.0118382
0.78125 0.46875 -0.0196654
0.8125 0.46875 0.010743
0.8125 0.5 0.0181387
0.78125 0.5 -0.0118382
0.78125 0.46875 -0.0196654
0.78125 0.4375 -0.013644
0.8125 0.4375 0.0147568
0.8125 0.46875 0.010743
0.78125 0.46875 -0.0196654
0.75 0.4375 -0.0395452
0.75 0.40625 -0.0227514
0.78125 0.40625 -0.00066547
0.78125 0.4375 -0.013644
0.75 0.4375 -0.0395452
0.75 0.40625 -0.0227514
0.75 0.375 -0.00176998
0.78125 0.375 0.0196345
0.78125 0.40625 -0.00066547
0.75 0.40625 -0.0227514
0.78125 0.4375 -0.013644
0.78125 0.40625 -0.00066547
0.8125 0.40625 0.0264065
0.8125 0.4375 0.0147568
0.78125 0.4375 -0.013644
0.78125 0.40625 -0.00066547
0.78125 0.375 0.0196345
0.8125 0.375 0.0434538
0.8125 0.40625 0.0264065
0.78125 0.40625 -0.00066547
0.8125 0.5 0.0181387
0.8125 0.46875 0.010743
0.84375 0.46875 0.0419852
0.84375 0.5 0.0489812
0.8125 0.5 0.0181387
0.8125 0.46875 0.010743
0.8125 0.4375 0.0147568
0.84375 0.4375 0.0452328
0.84375 0.46875 0.0419852
0.8125 0.46875 0.010743
0.84375 0.5 0.0489812
0.84375 0.46875 0.0419852
0.875 0.46875 0.0732197
0.875 0.5 0.0798216
0.84375 0.5 0.0489812
0.84375 0.46875 0.0419852
0.84375 0.4375 0.0452328
0.875 0.4375 0.0759284
0.875 0.46875 0.0732197
0.84375 0.46875 0.0419852
0.8125 0.4375 0.0147568
0.8125 0.40625 0.0264065
0.84375 0.40625 0.0548433
0.84375 0.4375 0.0452328
0.8125 0.4375 0.0147568
0.8125 0.40625 0.0264065
0.8125 0.375 0.0434538
0.84375 0.375 0.0694621
0.84375 0.40625 0.0548433
0.8125 0.40625 0.0264065
0.84375 0.4375 0.0452328
0.84375 0.40625 0.0548433
0.875 0.40625 0.0840078
0.875 0.4375 0.0759284
0.84375 0.4375 0.0452328
0.84375 0.40625 0.0548433
0.84375 0.375 0.0694621
0.875 0.375 0.0965815
0.875 0.40625 0.0840078
0.84375 0.40625 0.0548433
0.75 0.375 -0.00176998
0.75 0.34375 0.0226134
0.78125 0.34375 0.0425868
0.78125 0.375 0.0196345
0.75 0.375 -0.00176998
0.75 0.34375 0.0226134
0.75 0.3125 0.0476045
0.78125 0.3125 0.0667172
0.78125 0.34375 0.0425868
0.75 0.34375 0.0226134
0.78125 0.375 0.0196345
0.78125 0.34375 0.0425868
0.8125 0.34375 0.0642
0.8125 0.375 0.0434538
0.78125 0.375 0.0196345
0.78125 0.34375 0.0425868
0.78125 0.3125 0.0667172
0.8125 0.3125 0.0869597
0.8125 0.34375 0.0642
0.78125 0.34375 0.0425868
0.75 0.3125 0.0476045
0.75 0.28125 0.0728786
0.78125 0.28125 0.0914741
0.78125 0.3125 0.0667172
0.75 0.3125 0.0476045
0.75 0.28125 0.0728786
0.75 0.25 0.0983054
0.78125 0.25 0.116623
0.78125 0.28125 0.0914741
0.75 0.28125 0.0728786
0.78125 0.3125 0.0667172
0.78125 0.28125 0.0914741
0.8125 0.28125 0.110821
0.8125 0.3125 0.0869597
0.78125 0.3125 0.0667172
0.78125 0.28125 0.0914741
0.78125 0.25 0.116623
0.8125 0.25 0.135409
0.8125 0.28125 0.110821
0.78125 0.28125 0.0914741
0.8125 0.375 0.0434538
0.8125 0.34375 0.0642
0.84375 0.34375 0.0876825
0.84375 0.375 0.0694621
0.8125 0.375 0.0434538
0.8125 0.34375 0.0642
0.8125 0.3125 0.0869597
0.84375 0.3125 0.108637
0.84375 0.34375 0.0876825
0.8125 0.34375 0.0642
0.84375 0.375 0.0694621
0.84375 0.34375 0.0876825
0.875 0.34375 0.112809
0.875 0.375 0.0965815
0.84375 0.375 0.0694621
0.84375 0.34375 0.0876825
0.84375 0.3125 0.108637
0.875 0.3125 0.131944
0.875 0.34375 0.112809
0.84375 0.34375 0.0876825
0.8125 0.3125 0.0869597
0.8125 0.28125 0.110821
0.84375 0.28125 0.13123
0.84375 0.3125 0.108637
0.8125 0.3125 0.0869597
0.8125 0.28125 0.110821
0.8125 0.25 0.135409
0.84375 0.25 0.154966
0.84375 0.28125 0.13123
0.8125 0.28125 0.110821
0.84375 0.3125 0.108637
0.84375 0.28125 0.13123
0.875 0.28125 0.152935
0.875 0.3125 0.131944
0.84375 0.3125 0.108637
0.84375 0.28125 0.13123
0.84375 0.25 0.154966
0.875 0.25 0.175503
0.875 0.28125 0.152935
0.84375 0.28125 0.13123
0.875 0.5 0.0798216
0.875 0.46875 0.0732197
0.90625 0.46875 0.104437
0.90625 0.5 0.11066
0.875 0.5 0.0798216
0.875 0.46875 0.0732197
0.875 0.4375 0.0759284
0.90625 0.4375 0.106713
0.90625 0.46875 0.104437
0.875 0.46875 0.0732197
0.90625 0.5 0.11066
0.90625 0.46875 0.104437
0.9375 0.46875 0.13564
0.9375 0.5 0.141499
0.90625 0.5 0.11066
0.90625 0.46875 0.104437
0.90625 0.4375 0.106713
0.9375 0.4375 0.13756
0.9375 0.46875 0.13564
0.90625 0.46875 0.104437
0.875 0.4375 0.0759284
0.875 0.40625 0.0840078
0.90625 0.40625 0.113663
0.90625 0.4375 0.106713
0.875 0.4375 0.0759284
0.875 0.40625 0.0840078
0.875 0.375 0.0965815
0.90625 0.375 0.124712
0.90625 0.40625 0.113663
0.875 0.40625 0.0840078
0.90625 0.4375 0.106713
0.90625 0.40625 0.113663
0.9375 0.40625 0.143612
0.9375 0.4375 0.13756
0.90625 0.4375 0.106713
0.90625 0.40625 0.113663
0.90625 0.375 0.124712
0.9375 0.375 0.153425
0.9375 0.40625 0.143612
0.90625 0.40625 0.113663
0.9375 0.5 0.141499
0.9375 0.4375 0.13756
1 0.4375 0.199883
1 0.5 0.203884
0.9375 0.5 0.141499
0.9375 0.4375 0.13756
0.9375 0.375 0.153425
1 0.375 0.212929
1 0.4375 0.199883
0.9375 0.4375 0.13756
0.875 0.375 0.0965815
0.875 0.3125 0.131944
0.9375 0.3125 0.182267
0.9375 0.375 0.153425
0.875 0.375 0.0965815
0.875 0.3125 0.131944
0.875 0.25 0.175503
0.9375 0.25 0.220136
0.9375 0.3125 0.182267
0.875 0.3125 0.131944
0.9375 0.375 0.153425
0.9375 0.3125 0.182267
1 0.3125 0.237586
1 0.375 0.212929
0.9375 0.375 0.153425
0.9375 0.3125 0.182267
0.9375 0.25 0.220136
1 0.25 0.270793
1 0.3125 0.237586
0.9375 0.3125 0.182267
0.75 0.25 0.0983054
0.75 0.1875 0.149375
0.8125 0.1875 0.185749
0.8125 0.25 0.135409
0.75 0.25 0.0983054
0.75 0.1875 0.149375
0.75 0.125 0.20058
0.8125 0.125 0.236546
0.8125 0.1875 0.185749
0.75 0.1875 0.149375
0.8125 0.25 0.135409
0.8125 0.1875 0.185749
0.875 0.1875 0.223742
0.875 0.25 0.175503
0.8125 0.25 0.135409
0.8125 0.1875 0.185749
0.8125 0.125 0.236546
0.875 0.125 0.273465
0.875 0.1875 0.223742
0.8125 0.1875 0.185749
0.75 0.125 0.20058
0.75 0 0.304249
0.875 0 0.375024
0.875 0.125 0.273465
0.75 0.125 0.20058
0.875 0.25 0.175503
0.875 0.1875 0.223742
0.9375 0.1875 0.264579
0.9375 0.25 0.220136
0.875 0.25 0.175503
0.875 0.1875 0.223742
0.875 0.125 0.273465
0.9375 0.125 0.312173
0.9375 0.1875 0.264579
0.875 0.1875 0.223742
0.9375 0.25 0.220136
0.9375 0.1875 0.264579
1 0.1875 0.310794
1 0.25 0.270793
0.9375 0.25 0.220136
0.9375 0.1875 0.264579
0.9375 0.125 0.312173
1 0.125 0.354823
1 0.1875 0.310794
0.9375 0.1875 0.264579
0.875 0.125 0.273465
0.875 0 0.375024
1 0 0.45274
1 0.125 0.354823
0.875 0.125 0.273465
