0 1 0.452104
0 0.875 0.37674
0.125 0.875 0.266563
0.125 1 0.352455
0 1 0.452104
0 0.875 0.37674
0 0.75 0.312296
0.125 0.75 0.197117
0.125 0.875 0.266563
0 0.875 0.37674
0.125 1 0.352455
0.125 0.9375 0.308152
0.1875 0.9375 0.262377
0.1875 1 0.310732
0.125 1 0.352455
0.125 0.9375 0.308152
0.125 0.875 0.266563
0.1875 0.875 0.216605
0.1875 0.9375 0.262377
0.125 0.9375 0.308152
0.1875 1 0.310732
0.1875 0.9375 0.262377
0.25 0.9375 0.220547
0.25 1 0.273514
0.1875 1 0.310732
0.1875 0.9375 0.262377
0.1875 0.875 0.216605
0.25 0.875 0.169731
0.25 0.9375 0.220547
0.1875 0.9375 0.262377
0.125 0.875 0.266563
0.125 0.8125 0.229149
0.1875 0.8125 0.175065
0.1875 0.875 0.216605
0.125 0.875 0.266563
0.125 0.8125 0.229149
0.125 0.75 0.197117
0.1875 0.75 0.140414
0.1875 0.8125 0.175065
0.125 0.8125 0.229149
0.1875 0.875 0.216605
0.1875 0.8125 0.175065
0.25 0.8125 0.124523
0.25 0.875 0.169731
0.1875 0.875 0.216605
0.1875 0.8125 0.175065
0.1875 0.78125 0.156995
0.21875 0.78125 0.130349
0.21875 0.8125 0.149454
0.1875 0.8125 0.175065
0.1875 0.78125 0.156995
0.1875 0.75 0.140414
0.21875 0.75 0.112877
0.21875 0.78125 0.130349
0.1875 0.78125 0.156995
0.21875 0.8125 0.149454
0.21875 0.78125 0.130349
0.25 0.78125 0.104208
0.25 0.8125 0.124523
0.21875 0.8125 0.149454
0.21875 0.78125 0.130349
0.21875 0.75 0.112877
0.25 0.75 0.0856605
0.25 0.78125 0.104208
0.21875 0.78125 0.130349
0 0.75 0.312296
0 0.6875 0.28704
0.0625 0.6875 0.227823
0.0625 0.75 0.254342
0 0.75 0.312296
0 0.6875 0.28704
0 0.625 0.265499
0.0625 0.625 0.205341
0.0625 0.6875 0.227823
0 0.6875 0.28704
0.0625 0.75 0.254342
0.0625 0.6875 0.227823
0.125 0.6875 0.16932
0.125 0.75 0.197117
0.0625 0.75 0.254342
0.0625 0.6875 0.227823
0.0625 0.625 0.205341
0.125 0.625 0.145867
0.125 0.6875 0.16932
0.0625 0.6875 0.227823
0 0.625 0.265499
0 0.5625 0.247009
0.0625 0.5625 0.18578
0.0625 0.625 0.205341
0 0.625 0.265499
0 0.5625 0.247009
0 0.5 0.23247
0.0625 0.5 0.170276
0.0625 0.5625 0.18578
0 0.5625 0.247009
0.0625 0.625 0.205341
0.0625 0.5625 0.18578
0.125 0.5625 0.124967
0.125 0.625 0.145867
0.0625 0.625 0.205341
0.0625 0.5625 0.18578
0.0625 0.5 0.170276
0.125 0.5 0.108121
0.125 0.5625 0.124967
0.0625 0.5625 0.18578
0.125 0.75 0.197117
0.125 0.6875 0.16932
0.1875 0.6875 0.111577
0.1875 0.75 0.140414
0.125 0.75 0.197117
0.125 0.6875 0.16932
0.125 0.65625 0.157316
0.15625 0.65625 0.128183
0.15625 0.6875 0.140403
0.125 0.6875 0.16932
0.125 0.65625 0.157316
0.125 0.625 0.145867
0.15625 0.625 0.1165
0.15625 0.65625 0.128183
0.125 0.65625 0.157316
0.15625 0.6875 0.140403
0.15625 0.65625 0.128183
0.1875 0.65625 0.0991399
0.1875 0.6875 0.111577
0.15625 0.6875 0.140403
0.15625 0.65625 0.128183
0.15625 0.625 0.1165
0.1875 0.625 0.087235
0.1875 0.65625 0.0991399
0.15625 0.65625 0.128183
0.1875 0.75 0.140414
0.1875 0.71875 0.125362
0.21875 0.71875 0.0971131
0.21875 0.75 0.112877
0.1875 0.75 0.140414
0.1875 0.71875 0.125362
0.1875 0.6875 0.111577
0.21875 0.6875 0.082843
0.21875 0.71875 0.0971131
0.1875 0.71875 0.125362
0.21875 0.75 0.112877
0.21875 0.71875 0.0971131
0.25 0.71875 0.0690382
0.25 0.75 0.0856605
0.21875 0.75 0.112877
0.21875 0.71875 0.0971131
0.21875 0.6875 0.082843
0.25 0.6875 0.0541997
0.25 0.71875 0.0690382
0.21875 0.71875 0.0971131
0.1875 0.6875 0.111577
0.1875 0.65625 0.0991399
0.21875 0.65625 0.0701827
0.21875 0.6875 0.082843
0.1875 0.6875 0.111577
0.1875 0.65625 0.0991399
0.1875 0.625 0.087235
0.21875 0.625 0.0580652
0.21875 0.65625 0.0701827
0.1875 0.65625 0.0991399
0.21875 0.6875 0.082843
0.21875 0.65625 0.0701827
0.25 0.65625 0.0413079
0.25 0.6875 0.0541997
0.21875 0.6875 0.082843
0.21875 0.65625 0.0701827
0.21875 0.625 0.0580652
0.25 0.625 0.0289816
0.25 0.65625 0.0413079
0.21875 0.65625 0.0701827
0.125 0.625 0.145867
0.125 0.59375 0.135035
0.15625 0.59375 0.105393
0.15625 0.625 0.1165
0.125 0.625 0.145867
0.125 0.59375 0.135035
0.125 0.5625 0.124967
0.15625 0.5625 0.0949886
0.15625 0.59375 0.105393
0.125 0.59375 0.135035
0.15625 0.625 0.1165
0.15625 0.59375 0.105393
0.1875 0.59375 0.0758703
0.1875 0.625 0.087235
0.15625 0.625 0.1165
0.15625 0.59375 0.105393
0.15625 0.5625 0.0949886
0.1875 0.5625 0.0651294
0.1875 0.59375 0.0758703
0.15625 0.59375 0.105393
0.125 0.5625 0.124967
0.125 0.53125 0.115889
0.15625 0.53125 0.0855212
0.15625 0.5625 0.0949886
0.125 0.5625 0.124967
0.125 0.53125 0.115889
0.125 0.5 0.108121
0.15625 0.5 0.0773413
0.15625 0.53125 0.0855212
0.125 0.53125 0.115889
0.15625 0.5625 0.0949886
0.15625 0.53125 0.0855212
0.1875 0.53125 0.05525
0.1875 0.5625 0.0651294
0.15625 0.5625 0.0949886
0.15625 0.53125 0.0855212
0.15625 0.5 0.0773413
0.1875 0.5 0.0466171
0.1875 0.53125 0.05525
0.15625 0.53125 0.0855212
0.1875 0.625 0.087235
0.1875 0.59375 0.0758703
0.21875 0.59375 0.0464786
0.21875 0.625 0.0580652
0.1875 0.625 0.087235
0.1875 0.59375 0.0758703
0.1875 0.5625 0.0651294
0.21875 0.5625 0.0354154
0.21875 0.59375 0.0464786
0.1875 0.59375 0.0758703
0.21875 0.625 0.0580652
0.21875 0.59375 0.0464786
0.25 0.59375 0.0172208
0.25 0.625 0.0289816
0.21875 0.625 0.0580652
0.21875 0.59375 0.0464786
0.21875 0.5625 0.0354154
0.25 0.5625 0.00586427
0.25 0.59375 0.0172208
0.21875 0.59375 0.0464786
0.1875 0.5625 0.0651294
0.1875 0.53125 0.05525
0.21875 0.53125 0.0251091
0.21875 0.5625 0.0354154
0.1875 0.5625 0.0651294
0.1875 0.53125 0.05525
0.1875 0.5 0.0466171
0.21875 0.5 0.0159757
0.21875 0.53125 0.0251091
0.1875 0.53125 0.05525
0.21875 0.5625 0.0354154
0.21875 0.53125 0.0251091
0.25 0.53125 -0.00477975
0.25 0.5625 0.00586427
0.21875 0.5625 0.0354154
0.21875 0.53125 0.0251091
0.21875 0.5 0.0159757
0.25 0.5 -0.0142906
0.25 0.53125 -0.00477975
0.21875 0.53125 0.0251091
0.25 1 0.273514
0.25 0.9375 0.220547
0.3125 0.9375 0.186967
0.3125 1 0.244691
0.25 1 0.273514
0.25 0.9375 0.220547
0.25 0.875 0.169731
0.3125 0.875 0.130525
0.3125 0.9375 0.186967
0.25 0.9375 0.220547
0.3125 1 0.244691
0.3125 0.9375 0.186967
0.375 0.9375 0.164454
0.375 1 0.225891
0.3125 1 0.244691
0.3125 0.9375 0.186967
0.3125 0.875 0.130525
0.375 0.875 0.103306
0.375 0.9375 0.164454
0.3125 0.9375 0.186967
0.25 0.875 0.169731
0.25 0.84375 0.146426
0.28125 0.84375 0.12431
0.28125 0.875 0.149201
0.25 0.875 0.169731
0.25 0.84375 0.146426
0.25 0.8125 0.124523
0.28125 0.8125 0.100788
0.28125 0.84375 0.12431
0.25 0.84375 0.146426
0.28125 0.875 0.149201
0.28125 0.84375 0.12431
0.3125 0.84375 0.103926
0.3125 0.875 0.130525
0.28125 0.875 0.149201
0.28125 0.84375 0.12431
0.28125 0.8125 0.100788
0.3125 0.8125 0.0785151
0.3125 0.84375 0.103926
0.28125 0.84375 0.12431
0.25 0.8125 0.124523
0.25 0.78125 0.104208
0.28125 0.78125 0.0788827
0.28125 0.8125 0.100788
0.25 0.8125 0.124523
0.25 0.78125 0.104208
0.25 0.75 0.0856605
0.28125 0.75 0.0589201
0.28125 0.78125 0.0788827
0.25 0.78125 0.104208
0.28125 0.8125 0.100788
0.28125 0.78125 0.0788827
0.3125 0.78125 0.0546256
0.3125 0.8125 0.0785151
0.28125 0.8125 0.100788
0.28125 0.78125 0.0788827
0.28125 0.75 0.0589201
0.3125 0.75 0.0327681
0.3125 0.78125 0.0546256
0.28125 0.78125 0.0788827
0.3125 0.875 0.130525
0.3125 0.84375 0.103926
0.34375 0.84375 0.0864147
0.34375 0.875 0.114843
0.3125 0.875 0.130525
0.3125 0.84375 0.103926
0.3125 0.8125 0.0785151
0.34375 0.8125 0.0588004
0.34375 0.84375 0.0864147
0.3125 0.84375 0.103926
0.34375 0.875 0.114843
0.34375 0.84375 0.0864147
0.375 0.84375 0.0732474
0.375 0.875 0.103306
0.34375 0.875 0.114843
0.34375 0.84375 0.0864147
0.34375 0.8125 0.0588004
0.375 0.8125 0.043593
0.375 0.84375 0.0732474
0.34375 0.84375 0.0864147
0.3125 0.8125 0.0785151
0.3125 0.78125 0.0546256
0.34375 0.78125 0.0323257
0.34375 0.8125 0.0588004
0.3125 0.8125 0.0785151
0.3125 0.78125 0.0546256
0.3125 0.75 0.0327681
0.34375 0.75 0.00752749
0.34375 0.78125 0.0323257
0.3125 0.78125 0.0546256
0.34375 0.8125 0.0588004
0.34375 0.78125 0.0323257
0.375 0.78125 0.0145128
0.375 0.8125 0.043593
0.34375 0.8125 0.0588004
0.34375 0.78125 0.0323257
0.34375 0.75 0.00752749
0.375 0.75 -0.0127452
0.375 0.78125 0.0145128
0.34375 0.78125 0.0323257
0.375 1 0.225891
0.375 0.9375 0.164454
0.4375 0.9375 0.158369
0.4375 1 0.220864
0.375 1 0.225891
0.375 0.9375 0.164454
0.375 0.875 0.103306
0.4375 0.875 0.0958769
0.4375 0.9375 0.158369
0.375 0.9375 0.164454
0.4375 1 0.220864
0.4375 0.9375 0.158369
0.5 0.9375 0.167051
0.5 1 0.228524
0.4375 1 0.220864
0.4375 0.9375 0.158369
0.4375 0.875 0.0958769
0.5 0.875 0.105736
0.5 0.9375 0.167051
0.4375 0.9375 0.158369
0.375 0.875 0.103306
0.375 0.84375 0.0732474
0.40625 0.84375 0.0656327
0.40625 0.875 0.0967355
0.375 0.875 0.103306
0.375 0.84375 0.0732474
0.375 0.8125 0.043593
0.40625 0.8125 0.0345563
0.40625 0.84375 0.0656327
0.375 0.84375 0.0732474
0.40625 0.875 0.0967355
0.40625 0.84375 0.0656327
0.4375 0.84375 0.0646496
0.4375 0.875 0.0958769
0.40625 0.875 0.0967355
0.40625 0.84375 0.0656327
0.40625 0.8125 0.0345563
0.4375 0.8125 0.03343
0.4375 0.84375 0.0646496
0.40625 0.84375 0.0656327
0.375 0.8125 0.043593
0.375 0.78125 0.0145128
0.40625 0.78125 0.0035182
0.40625 0.8125 0.0345563
0.375 0.8125 0.043593
0.375 0.78125 0.0145128
0.375 0.75 -0.0127452
0.40625 0.75 -0.0264976
0.40625 0.78125 0.0035182
0.375 0.78125 0.0145128
0.40625 0.8125 0.0345563
0.40625 0.78125 0.0035182
0.4375 0.78125 0.00221539
0.4375 0.8125 0.03343
0.40625 0.8125 0.0345563
0.40625 0.78125 0.0035182
0.40625 0.75 -0.0264976
0.4375 0.75 -0.0288753
0.4375 0.78125 0.00221539
0.40625 0.78125 0.0035182
0.4375 0.875 0.0958769
0.4375 0.84375 0.0646496
0.46875 0.84375 0.0684328
0.46875 0.875 0.0993177
0.4375 0.875 0.0958769
0.4375 0.84375 0.0646496
0.4375 0.8125 0.03343
0.46875 0.8125 0.0376097
0.46875 0.84375 0.0684328
0.4375 0.84375 0.0646496
0.46875 0.875 0.0993177
0.46875 0.84375 0.0684328
0.5 0.84375 0.0753065
0.5 0.875 0.105736
0.46875 0.875 0.0993177
0.46875 0.84375 0.0684328
0.46875 0.8125 0.0376097
0.5 0.8125 0.0449896
0.5 0.84375 0.0753065
0.46875 0.84375 0.0684328
0.4375 0.8125 0.03343
0.4375 0.78125 0.00221539
0.46875 0.78125 0.00686138
0.46875 0.8125 0.0376097
0.4375 0.8125 0.03343
0.4375 0.78125 0.00221539
0.4375 0.75 -0.0288753
0.46875 0.75 -0.0235724
0.46875 0.78125 0.00686138
0.4375 0.78125 0.00221539
0.46875 0.8125 0.0376097
0.46875 0.78125 0.00686138
0.5 0.78125 0.0147943
0.5 0.8125 0.0449896
0.46875 0.8125 0.0376097
0.46875 0.78125 0.00686138
0.46875 0.75 -0.0235724
0.5 0.75 -0.0151472
0.5 0.78125 0.0147943
0.46875 0.78125 0.00686138
0.25 0.75 0.0856605
0.25 0.71875 0.0690382
0.28125 0.71875 0.0411962
0.28125 0.75 0.0589201
0.25 0.75 0.0856605
0.25 0.71875 0.0690382
0.25 0.6875 0.0541997
0.28125 0.6875 0.0256534
0.28125 0.71875 0.0411962
0.25 0.71875 0.0690382
0.28125 0.75 0.0589201
0.28125 0.71875 0.0411962
0.3125 0.71875 0.013627
0.3125 0.75 0.0327681
0.28125 0.75 0.0589201
0.28125 0.71875 0.0411962
0.28125 0.6875 0.0256534
0.3125 0.6875 -0.00267239
0.3125 0.71875 0.013627
0.28125 0.71875 0.0411962
0.25 0.6875 0.0541997
0.25 0.65625 0.0413079
0.28125 0.65625 0.0125112
0.28125 0.6875 0.0256534
0.25 0.6875 0.0541997
0.25 0.65625 0.0413079
0.25 0.625 0.0289816
0.28125 0.625 -4.08222e-006
0.28125 0.65625 0.0125112
0.25 0.65625 0.0413079
0.28125 0.6875 0.0256534
0.28125 0.65625 0.0125112
0.3125 0.65625 -0.016063
0.3125 0.6875 -0.00267239
0.28125 0.6875 0.0256534
0.28125 0.65625 0.0125112
0.28125 0.625 -4.08222e-006
0.3125 0.625 -0.0287618
0.3125 0.65625 -0.016063
0.28125 0.65625 0.0125112
0.3125 0.75 0.0327681
0.3125 0.71875 0.013627
0.34375 0.71875 -0.0125619
0.34375 0.75 0.00752749
0.3125 0.75 0.0327681
0.3125 0.71875 0.013627
0.3125 0.6875 -0.00267239
0.34375 0.6875 -0.0299788
0.34375 0.71875 -0.0125619
0.3125 0.71875 0.013627
0.34375 0.75 0.00752749
0.34375 0.71875 -0.0125619
0.375 0.71875 -0.0362902
0.375 0.75 -0.0127452
0.34375 0.75 0.00752749
0.34375 0.71875 -0.0125619
0.34375 0.6875 -0.0299788
0.375 0.6875 -0.0561244
0.375 0.71875 -0.0362902
0.34375 0.71875 -0.0125619
0.3125 0.6875 -0.00267239
0.3125 0.65625 -0.016063
0.34375 0.65625 -0.044313
0.34375 0.6875 -0.0299788
0.3125 0.6875 -0.00267239
0.3125 0.65625 -0.016063
0.3125 0.625 -0.0287618
0.34375 0.625 -0.0573845
0.34375 0.65625 -0.044313
0.3125 0.65625 -0.016063
0.34375 0.6875 -0.0299788
0.34375 0.65625 -0.044313
0.375 0.65625 -0.0720674
0.375 0.6875 -0.0561244
0.34375 0.6875 -0.0299788
0.34375 0.65625 -0.044313
0.34375 0.625 -0.0573845
0.375 0.625 -0.0858112
0.375 0.65625 -0.0720674
0.34375 0.65625 -0.044313
0.25 0.625 0.0289816
0.25 0.59375 0.0172208
0.28125 0.59375 -0.0118748
0.28125 0.625 -4.08222e-006
0.25 0.625 0.0289816
0.25 0.59375 0.0172208
0.25 0.5625 0.00586427
0.28125 0.5625 -0.0233534
0.28125 0.59375 -0.0118748
0.25 0.59375 0.0172208
0.28125 0.625 -4.08222e-006
0.28125 0.59375 -0.0118748
0.3125 0.59375 -0.0408335
0.3125 0.625 -0.0287618
0.28125 0.625 -4.08222e-006
0.28125 0.59375 -0.0118748
0.28125 0.5625 -0.0233534
0.3125 0.5625 -0.0524723
0.3125 0.59375 -0.0408335
0.28125 0.59375 -0.0118748
0.25 0.5625 0.00586427
0.25 0.53125 -0.00477975
0.28125 0.53125 -0.0342366
0.28125 0.5625 -0.0233534
0.25 0.5625 0.00586427
0.25 0.53125 -0.00477975
0.25 0.5 -0.0142906
0.28125 0.5 -0.0441557
0.28125 0.53125 -0.0342366
0.25 0.53125 -0.00477975
0.28125 0.5625 -0.0233534
0.28125 0.53125 -0.0342366
0.3125 0.53125 -0.0635846
0.3125 0.5625 -0.0524723
0.28125 0.5625 -0.0233534
0.28125 0.53125 -0.0342366
0.28125 0.5 -0.0441557
0.3125 0.5 -0.0738739
0.3125 0.53125 -0.0635846
0.28125 0.53125 -0.0342366
0.3125 0.625 -0.0287618
0.3125 0.59375 -0.0408335
0.34375 0.59375 -0.0697026
0.34375 0.625 -0.0573845
0.3125 0.625 -0.0287618
0.3125 0.59375 -0.0408335
0.3125 0.5625 -0.0524723
0.34375 0.5625 -0.0815293
0.34375 0.59375 -0.0697026
0.3125 0.59375 -0.0408335
0.34375 0.625 -0.0573845
0.34375 0.59375 -0.0697026
0.375 0.59375 -0.0984654
0.375 0.625 -0.0858112
0.34375 0.625 -0.0573845
0.34375 0.59375 -0.0697026
0.34375 0.5625 -0.0815293
0.375 0.5625 -0.110502
0.375 0.59375 -0.0984654
0.34375 0.59375 -0.0697026
0.3125 0.5625 -0.0524723
0.3125 0.53125 -0.0635846
0.34375 0.53125 -0.0928514
0.34375 0.5625 -0.0815293
0.3125 0.5625 -0.0524723
0.3125 0.53125 -0.0635846
0.3125 0.5 -0.0738739
0.34375 0.5 -0.103459
0.34375 0.53125 -0.0928514
0.3125 0.53125 -0.0635846
0.34375 0.5625 -0.0815293
0.34375 0.53125 -0.0928514
0.375 0.53125 -0.122038
0.375 0.5625 -0.110502
0.34375 0.5625 -0.0815293
0.34375 0.53125 -0.0928514
0.34375 0.5 -0.103459
0.375 0.5 -0.132931
0.375 0.53125 -0.122038
0.34375 0.53125 -0.0928514
0.375 0.75 -0.0127452
0.375 0.71875 -0.0362902
0.40625 0.71875 -0.0545718
0.40625 0.75 -0.0264976
0.375 0.75 -0.0127452
0.375 0.71875 -0.0362902
0.375 0.6875 -0.0561244
0.40625 0.6875 -0.0791095
0.40625 0.71875 -0.0545718
0.375 0.71875 -0.0362902
0.40625 0.75 -0.0264976
0.40625 0.71875 -0.0545718
0.4375 0.71875 -0.0598436
0.4375 0.75 -0.0288753
0.40625 0.75 -0.0264976
0.40625 0.71875 -0.0545718
0.40625 0.6875 -0.0791095
0.4375 0.6875 -0.0906388
0.4375 0.71875 -0.0598436
0.40625 0.71875 -0.0545718
0.375 0.6875 -0.0561244
0.375 0.65625 -0.0720674
0.40625 0.65625 -0.098649
0.40625 0.6875 -0.0791095
0.375 0.6875 -0.0561244
0.375 0.65625 -0.0720674
0.375 0.625 -0.0858112
0.40625 0.625 -0.113849
0.40625 0.65625 -0.098649
0.375 0.65625 -0.0720674
0.40625 0.6875 -0.0791095
0.40625 0.65625 -0.098649
0.4375 0.65625 -0.118565
0.4375 0.6875 -0.0906388
0.40625 0.6875 -0.0791095
0.40625 0.65625 -0.098649
0.40625 0.625 -0.113849
0.4375 0.625 -0.140084
0.4375 0.65625 -0.118565
0.40625 0.65625 -0.098649
0.4375 0.75 -0.0288753
0.4375 0.71875 -0.0598436
0.46875 0.71875 -0.0537907
0.46875 0.75 -0.0235724
0.4375 0.75 -0.0288753
0.4375 0.71875 -0.0598436
0.4375 0.6875 -0.0906388
0.46875 0.6875 -0.0838491
0.46875 0.71875 -0.0537907
0.4375 0.71875 -0.0598436
0.46875 0.75 -0.0235724
0.46875 0.71875 -0.0537907
0.5 0.71875 -0.0448603
0.5 0.75 -0.0151472
0.46875 0.75 -0.0235724
0.46875 0.71875 -0.0537907
0.46875 0.6875 -0.0838491
0.5 0.6875 -0.0744454
0.5 0.71875 -0.0448603
0.46875 0.71875 -0.0537907
0.4375 0.6875 -0.0906388
0.4375 0.65625 -0.118565
0.46875 0.65625 -0.113755
0.46875 0.6875 -0.0838491
0.4375 0.6875 -0.0906388
0.4375 0.65625 -0.118565
0.4375 0.625 -0.140084
0.46875 0.625 -0.143511
0.46875 0.65625 -0.113755
0.4375 0.65625 -0.118565
0.46875 0.6875 -0.0838491
0.46875 0.65625 -0.113755
0.5 0.65625 -0.103924
0.5 0.6875 -0.0744454
0.46875 0.6875 -0.0838491
0.46875 0.65625 -0.113755
0.46875 0.625 -0.143511
0.5 0.625 -0.13329
0.5 0.65625 -0.103924
0.46875 0.65625 -0.113755
0.375 0.625 -0.0858112
0.375 0.59375 -0.0984654
0.40625 0.59375 -0.127066
0.40625 0.625 -0.113849
0.375 0.625 -0.0858112
0.375 0.59375 -0.0984654
0.375 0.5625 -0.110502
0.40625 0.5625 -0.139421
0.40625 0.59375 -0.127066
0.375 0.59375 -0.0984654
0.40625 0.625 -0.113849
0.40625 0.59375 -0.127066
0.4375 0.59375 -0.155193
0.4375 0.625 -0.140084
0.40625 0.625 -0.113849
0.40625 0.59375 -0.127066
0.40625 0.5625 -0.139421
0.4375 0.5625 -0.168277
0.4375 0.59375 -0.155193
0.40625 0.59375 -0.127066
0.375 0.5625 -0.110502
0.375 0.5 -0.132931
0.4375 0.5 -0.185647
0.4375 0.5625 -0.168277
0.375 0.5625 -0.110502
0.4375 0.625 -0.140084
0.4375 0.5625 -0.168277
0.5 0.5625 -0.191851
0.5 0.625 -0.13329
0.4375 0.625 -0.140084
0.4375 0.5625 -0.168277
0.4375 0.5 -0.185647
0.5 0.5 -0.229567
0.5 0.5625 -0.191851
0.4375 0.5625 -0.168277
0 0.5 0.23247
0 0.4375 0.223445
0.0625 0.4375 0.16092
0.0625 0.5 0.170276
0 0.5 0.23247
0 0.4375 0.223445
0 0.375 0.228649
0.0625 0.375 0.167165
0.0625 0.4375 0.16092
0 0.4375 0.223445
0.0625 0.5 0.170276
0.0625 0.4375 0.16092
0.125 0.4375 0.0984228
0.125 0.5 0.108121
0.0625 0.5 0.170276
0.0625 0.4375 0.16092
0.0625 0.375 0.167165
0.125 0.375 0.106477
0.125 0.4375 0.0984228
0.0625 0.4375 0.16092
0 0.375 0.228649
0 0.3125 0.245443
0.0625 0.3125 0.186739
0.0625 0.375 0.167165
0 0.375 0.228649
0 0.3125 0.245443
0 0.25 0.27135
0.0625 0.25 0.216561
0.0625 0.3125 0.186739
0 0.3125 0.245443
0.0625 0.375 0.167165
0.0625 0.3125 0.186739
0.125 0.3125 0.130754
0.125 0.375 0.106477
0.0625 0.375 0.167165
0.0625 0.3125 0.186739
0.0625 0.25 0.216561
0.125 0.25 0.166469
0.125 0.3125 0.130754
0.0625 0.3125 0.186739
0.125 0.5 0.108121
0.125 0.46875 0.102085
0.15625 0.46875 0.0709392
0.15625 0.5 0.0773413
0.125 0.5 0.108121
0.125 0.46875 0.102085
0.125 0.4375 0.0984228
0.15625 0.4375 0.0671774
0.15625 0.46875 0.0709392
0.125 0.46875 0.102085
0.15625 0.5 0.0773413
0.15625 0.46875 0.0709392
0.1875 0.46875 0.0397893
0.1875 0.5 0.0466171
0.15625 0.5 0.0773413
0.15625 0.46875 0.0709392
0.15625 0.4375 0.0671774
0.1875 0.4375 0.0359319
0.1875 0.46875 0.0397893
0.15625 0.46875 0.0709392
0.125 0.4375 0.0984228
0.125 0.40625 0.100133
0.15625 0.40625 0.0691615
0.15625 0.4375 0.0671774
0.125 0.4375 0.0984228
0.125 0.40625 0.100133
0.125 0.375 0.106477
0.15625 0.375 0.0766054
0.15625 0.40625 0.0691615
0.125 0.40625 0.100133
0.15625 0.4375 0.0671774
0.15625 0.40625 0.0691615
0.1875 0.40625 0.0383467
0.1875 0.4375 0.0359319
0.15625 0.4375 0.0671774
0.15625 0.40625 0.0691615
0.15625 0.375 0.0766054
0.1875 0.375 0.0470793
0.1875 0.40625 0.0383467
0.15625 0.40625 0.0691615
0.1875 0.5 0.0466171
0.1875 0.46875 0.0397893
0.21875 0.46875 0.0086318
0.21875 0.5 0.0159757
0.1875 0.5 0.0466171
0.1875 0.46875 0.0397893
0.1875 0.4375 0.0359319
0.21875 0.4375 0.00468416
0.21875 0.46875 0.0086318
0.1875 0.46875 0.0397893
0.21875 0.5 0.0159757
0.21875 0.46875 0.0086318
0.25 0.46875 -0.0221015
0.25 0.5 -0.0142906
0.21875 0.5 0.0159757
0.21875 0.46875 0.0086318
0.21875 0.4375 0.00468416
0.25 0.4375 -0.0258134
0.25 0.46875 -0.0221015
0.21875 0.46875 0.0086318
0.1875 0.4375 0.0359319
0.1875 0.40625 0.0383467
0.21875 0.40625 0.00766451
0.21875 0.4375 0.00468416
0.1875 0.4375 0.0359319
0.1875 0.40625 0.0383467
0.1875 0.375 0.0470793
0.21875 0.375 0.0182635
0.21875 0.40625 0.00766451
0.1875 0.40625 0.0383467
0.21875 0.4375 0.00468416
0.21875 0.40625 0.00766451
0.25 0.40625 -0.0208998
0.25 0.4375 -0.0258134
0.21875 0.4375 0.00468416
0.21875 0.40625 0.00766451
0.21875 0.375 0.0182635
0.25 0.375 -0.00870454
0.25 0.40625 -0.0208998
0.21875 0.40625 0.00766451
0.125 0.375 0.106477
0.125 0.34375 0.116955
0.15625 0.34375 0.0884853
0.15625 0.375 0.0766054
0.125 0.375 0.106477
0.125 0.34375 0.116955
0.125 0.3125 0.130754
0.15625 0.3125 0.104018
0.15625 0.34375 0.0884853
0.125 0.34375 0.116955
0.15625 0.375 0.0766054
0.15625 0.34375 0.0884853
0.1875 0.34375 0.0608734
0.1875 0.375 0.0470793
0.15625 0.375 0.0766054
0.15625 0.34375 0.0884853
0.15625 0.3125 0.104018
0.1875 0.3125 0.078472
0.1875 0.34375 0.0608734
0.15625 0.34375 0.0884853
0.125 0.3125 0.130754
0.125 0.28125 0.14744
0.15625 0.28125 0.12239
0.15625 0.3125 0.104018
0.125 0.3125 0.130754
0.125 0.28125 0.14744
0.125 0.25 0.166469
0.15625 0.25 0.143099
0.15625 0.28125 0.12239
0.125 0.28125 0.14744
0.15625 0.3125 0.104018
0.15625 0.28125 0.12239
0.1875 0.28125 0.0989148
0.1875 0.3125 0.078472
0.15625 0.3125 0.104018
0.15625 0.28125 0.12239
0.15625 0.25 0.143099
0.1875 0.25 0.121473
0.1875 0.28125 0.0989148
0.15625 0.28125 0.12239
0.1875 0.375 0.0470793
0.1875 0.34375 0.0608734
0.21875 0.34375 0.0343633
0.21875 0.375 0.0182635
0.1875 0.375 0.0470793
0.1875 0.34375 0.0608734
0.1875 0.3125 0.078472
0.21875 0.3125 0.0544313
0.21875 0.34375 0.0343633
0.1875 0.34375 0.0608734
0.21875 0.375 0.0182635
0.21875 0.34375 0.0343633
0.25 0.34375 0.00989449
0.25 0.375 -0.00870454
0.21875 0.375 0.0182635
0.21875 0.34375 0.0343633
0.21875 0.3125 0.0544313
0.25 0.3125 0.0328454
0.25 0.34375 0.00989449
0.21875 0.34375 0.0343633
0.1875 0.3125 0.078472
0.1875 0.28125 0.0989148
0.21875 0.28125 0.0771203
0.21875 0.3125 0.0544313
0.1875 0.3125 0.078472
0.1875 0.28125 0.0989148
0.1875 0.25 0.121473
0.21875 0.25 0.101616
0.21875 0.28125 0.0771203
0.1875 0.28125 0.0989148
0.21875 0.3125 0.0544313
0.21875 0.28125 0.0771203
0.25 0.28125 0.05781
0.25 0.3125 0.0328454
0.21875 0.3125 0.0544313
0.21875 0.28125 0.0771203
0.21875 0.25 0.101616
0.25 0.25 0.0839521
0.25 0.28125 0.05781
0.21875 0.28125 0.0771203
0 0.25 0.27135
0 0.1875 0.305512
0.0625 0.1875 0.254969
0.0625 0.25 0.216561
0 0.25 0.27135
0 0.1875 0.305512
0 0.125 0.344814
0.0625 0.125 0.29846
0.0625 0.1875 0.254969
0 0.1875 0.305512
0.0625 0.25 0.216561
0.0625 0.1875 0.254969
0.125 0.1875 0.2103
0.125 0.25 0.166469
0.0625 0.25 0.216561
0.0625 0.1875 0.254969
0.0625 0.125 0.29846
0.125 0.125 0.258697
0.125 0.1875 0.2103
0.0625 0.1875 0.254969
0 0.125 0.344814
0 0 0.443057
0.125 0 0.365829
0.125 0.125 0.258697
0 0.125 0.344814
0.125 0.25 0.166469
0.125 0.1875 0.2103
0.1875 0.1875 0.170682
0.1875 0.25 0.121473
0.125 0.25 0.166469
0.125 0.1875 0.2103
0.125 0.125 0.258697
0.1875 0.125 0.223884
0.1875 0.1875 0.170682
0.125 0.1875 0.2103
0.1875 0.25 0.121473
0.1875 0.21875 0.145491
0.21875 0.21875 0.127238
0.21875 0.25 0.101616
0.1875 0.25 0.121473
0.1875 0.21875 0.145491
0.1875 0.1875 0.170682
0.21875 0.1875 0.153683
0.21875 0.21875 0.127238
0.1875 0.21875 0.145491
0.21875 0.25 0.101616
0.21875 0.21875 0.127238
0.25 0.21875 0.110819
0.25 0.25 0.0839521
0.21875 0.25 0.101616
0.21875 0.21875 0.127238
0.21875 0.1875 0.153683
0.25 0.1875 0.138219
0.25 0.21875 0.110819
0.21875 0.21875 0.127238
0.1875 0.1875 0.170682
0.1875 0.125 0.223884
0.25 0.125 0.194188
0.25 0.1875 0.138219
0.1875 0.1875 0.170682
0.125 0.125 0.258697
0.125 0 0.365829
0.25 0 0.308079
0.25 0.125 0.194188
0.125 0.125 0.258697
0.25 0.5 -0.0142906
0.25 0.46875 -0.0221015
0.28125 0.46875 -0.0525012
0.28125 0.5 -0.0441557
0.25 0.5 -0.0142906
0.25 0.46875 -0.0221015
0.25 0.4375 -0.0258134
0.28125 0.4375 -0.0552483
0.28125 0.46875 -0.0525012
0.25 0.46875 -0.0221015
0.28125 0.5 -0.0441557
0.28125 0.46875 -0.0525012
0.3125 0.46875 -0.0827476
0.3125 0.5 -0.0738739
0.28125 0.5 -0.0441557
0.28125 0.46875 -0.0525012
0.28125 0.4375 -0.0552483
0.3125 0.4375 -0.0830761
0.3125 0.46875 -0.0827476
0.28125 0.46875 -0.0525012
0.25 0.4375 -0.0258134
0.25 0.40625 -0.0208998
0.28125 0.40625 -0.0473776
0.28125 0.4375 -0.0552483
0.25 0.4375 -0.0258134
0.25 0.40625 -0.0208998
0.25 0.375 -0.00870454
0.28125 0.375 -0.0314829
0.28125 0.40625 -0.0473776
0.25 0.40625 -0.0208998
0.28125 0.4375 -0.0552483
0.28125 0.40625 -0.0473776
0.3125 0.40625 -0.0712024
0.3125 0.4375 -0.0830761
0.28125 0.4375 -0.0552483
0.28125 0.40625 -0.0473776
0.28125 0.375 -0.0314829
0.3125 0.375 -0.0516744
0.3125 0.40625 -0.0712024
0.28125 0.40625 -0.0473776
0.3125 0.5 -0.0738739
0.3125 0.46875 -0.0827476
0.34375 0.46875 -0.112524
0.34375 0.5 -0.103459
0.3125 0.5 -0.0738739
0.3125 0.46875 -0.0827476
0.3125 0.4375 -0.0830761
0.34375 0.4375 -0.108546
0.34375 0.46875 -0.112524
0.3125 0.46875 -0.0827476
0.34375 0.5 -0.103459
0.34375 0.46875 -0.112524
0.375 0.46875 -0.140597
0.375 0.5 -0.132931
0.34375 0.5 -0.103459
0.34375 0.46875 -0.112524
0.34375 0.4375 -0.108546
0.375 0.4375 -0.130888
0.375 0.46875 -0.140597
0.34375 0.46875 -0.112524
0.3125 0.4375 -0.0830761
0.3125 0.40625 -0.0712024
0.34375 0.40625 -0.0920679
0.34375 0.4375 -0.108546
0.3125 0.4375 -0.0830761
0.3125 0.40625 -0.0712024
0.3125 0.375 -0.0516744
0.34375 0.375 -0.0691958
0.34375 0.40625 -0.0920679
0.3125 0.40625 -0.0712024
0.34375 0.4375 -0.108546
0.34375 0.40625 -0.0920679
0.375 0.40625 -0.109821
0.375 0.4375 -0.130888
0.34375 0.4375 -0.108546
0.34375 0.40625 -0.0920679
0.34375 0.375 -0.0691958
0.375 0.375 -0.0841665
0.375 0.40625 -0.109821
0.34375 0.40625 -0.0920679
0.25 0.375 -0.00870454
0.25 0.34375 0.00989449
0.28125 0.34375 -0.0110545
0.28125 0.375 -0.0314829
0.25 0.375 -0.00870454
0.25 0.34375 0.00989449
0.25 0.3125 0.0328454
0.28125 0.3125 0.0141305
0.28125 0.34375 -0.0110545
0.25 0.34375 0.00989449
0.28125 0.375 -0.0314829
0.28125 0.34375 -0.0110545
0.3125 0.34375 -0.0277949
0.3125 0.375 -0.0516744
0.28125 0.375 -0.0314829
0.28125 0.34375 -0.0110545
0.28125 0.3125 0.0141305
0.3125 0.3125 -0.00188627
0.3125 0.34375 -0.0277949
0.28125 0.34375 -0.0110545
0.25 0.3125 0.0328454
0.25 0.28125 0.05781
0.28125 0.28125 0.040849
0.28125 0.3125 0.0141305
0.25 0.3125 0.0328454
0.25 0.28125 0.05781
0.25 0.25 0.0839521
0.28125 0.25 0.0682201
0.28125 0.28125 0.040849
0.25 0.28125 0.05781
0.28125 0.3125 0.0141305
0.28125 0.28125 0.040849
0.3125 0.28125 0.0259398
0.3125 0.3125 -0.00188627
0.28125 0.3125 0.0141305
0.28125 0.28125 0.040849
0.28125 0.25 0.0682201
0.3125 0.25 0.0540955
0.3125 0.28125 0.0259398
0.28125 0.28125 0.040849
0.3125 0.375 -0.0516744
0.3125 0.34375 -0.0277949
0.34375 0.34375 -0.0430001
0.34375 0.375 -0.0691958
0.3125 0.375 -0.0516744
0.3125 0.34375 -0.0277949
0.3125 0.3125 -0.00188627
0.34375 0.3125 -0.0157885
0.34375 0.34375 -0.0430001
0.3125 0.34375 -0.0277949
0.34375 0.375 -0.0691958
0.34375 0.34375 -0.0430001
0.375 0.34375 -0.0566589
0.375 0.375 -0.0841665
0.34375 0.375 -0.0691958
0.34375 0.34375 -0.0430001
0.34375 0.3125 -0.0157885
0.375 0.3125 -0.0284753
0.375 0.34375 -0.0566589
0.34375 0.34375 -0.0430001
0.3125 0.3125 -0.00188627
0.3125 0.28125 0.0259398
0.34375 0.28125 0.012528
0.34375 0.3125 -0.0157885
0.3125 0.3125 -0.00188627
0.3125 0.28125 0.0259398
0.3125 0.25 0.0540955
0.34375 0.25 0.0411148
0.34375 0.28125 0.012528
0.3125 0.28125 0.0259398
0.34375 0.3125 -0.0157885
0.34375 0.28125 0.012528
0.375 0.28125 2.85579e-005
0.375 0.3125 -0.0284753
0.34375 0.3125 -0.0157885
0.34375 0.28125 0.012528
0.34375 0.25 0.0411148
0.375 0.25 0.0288519
0.375 0.28125 2.85579e-005
0.34375 0.28125 0.012528
0.375 0.5 -0.132931
0.375 0.4375 -0.130888
0.4375 0.4375 -0.165224
0.4375 0.5 -0.185647
0.375 0.5 -0.132931
0.375 0.4375 -0.130888
0.375 0.40625 -0.109821
0.40625 0.40625 -0.124995
0.40625 0.4375 -0.149754
0.375 0.4375 -0.130888
0.375 0.40625 -0.109821
0.375 0.375 -0.0841665
0.40625 0.375 -0.0975947
0.40625 0.40625 -0.124995
0.375 0.40625 -0.109821
0.40625 0.4375 -0.149754
0.40625 0.40625 -0.124995
0.4375 0.40625 -0.138275
0.4375 0.4375 -0.165224
0.40625 0.4375 -0.149754
0.40625 0.40625 -0.124995
0.40625 0.375 -0.0975947
0.4375 0.375 -0.110041
0.4375 0.40625 -0.138275
0.40625 0.40625 -0.124995
0.4375 0.5 -0.185647
0.4375 0.4375 -0.165224
0.5 0.4375 -0.190821
0.5 0.5 -0.229567
0.4375 0.5 -0.185647
0.4375 0.4375 -0.165224
0.4375 0.375 -0.110041
0.5 0.375 -0.132799
0.5 0.4375 -0.190821
0.4375 0.4375 -0.165224
0.375 0.375 -0.0841665
0.375 0.34375 -0.0566589
0.40625 0.34375 -0.069334
0.40625 0.375 -0.0975947
0.375 0.375 -0.0841665
0.375 0.34375 -0.0566589
0.375 0.3125 -0.0284753
0.40625 0.3125 -0.0406961
0.40625 0.34375 -0.069334
0.375 0.34375 -0.0566589
0.40625 0.375 -0.0975947
0.40625 0.34375 -0.069334
0.4375 0.34375 -0.0813348
0.4375 0.375 -0.110041
0.40625 0.375 -0.0975947
0.40625 0.34375 -0.069334
0.40625 0.3125 -0.0406961
0.4375 0.3125 -0.0524122
0.4375 0.34375 -0.0813348
0.40625 0.34375 -0.069334
0.375 0.3125 -0.0284753
0.375 0.28125 2.85579e-005
0.40625 0.28125 -0.0119099
0.40625 0.3125 -0.0406961
0.375 0.3125 -0.0284753
0.375 0.28125 2.85579e-005
0.375 0.25 0.0288519
0.40625 0.25 0.0170786
0.40625 0.28125 -0.0119099
0.375 0.28125 2.85579e-005
0.40625 0.3125 -0.0406961
0.40625 0.28125 -0.0119099
0.4375 0.28125 -0.0233903
0.4375 0.3125 -0.0524122
0.40625 0.3125 -0.0406961
0.40625 0.28125 -0.0119099
0.40625 0.25 0.0170786
0.4375 0.25 0.00574003
0.4375 0.28125 -0.0233903
0.40625 0.28125 -0.0119099
0.4375 0.375 -0.110041
0.4375 0.34375 -0.0813348
0.46875 0.34375 -0.0927586
0.46875 0.375 -0.121791
0.4375 0.375 -0.110041
0.4375 0.34375 -0.0813348
0.4375 0.3125 -0.0524122
0.46875 0.3125 -0.0636008
0.46875 0.34375 -0.0927586
0.4375 0.34375 -0.0813348
0.46875 0.375 -0.121791
0.46875 0.34375 -0.0927586
0.5 0.34375 -0.103469
0.5 0.375 -0.132799
0.46875 0.375 -0.121791
0.46875 0.34375 -0.0927586
0.46875 0.3125 -0.0636008
0.5 0.3125 -0.0740353
0.5 0.34375 -0.103469
0.46875 0.34375 -0.0927586
0.4375 0.3125 -0.0524122
0.4375 0.28125 -0.0233903
0.46875 0.28125 -0.0343612
0.46875 0.3125 -0.0636008
0.4375 0.3125 -0.0524122
0.4375 0.28125 -0.0233903
0.4375 0.25 0.00574003
0.46875 0.25 -0.00504439
0.46875 0.28125 -0.0343612
0.4375 0.28125 -0.0233903
0.46875 0.3125 -0.0636008
0.46875 0.28125 -0.0343612
0.5 0.28125 -0.0444988
0.5 0.3125 -0.0740353
0.46875 0.3125 -0.0636008
0.46875 0.28125 -0.0343612
0.46875 0.25 -0.00504439
0.5 0.25 -0.0148535
0.5 0.28125 -0.0444988
0.46875 0.28125 -0.0343612
0.25 0.25 0.0839521
0.25 0.21875 0.110819
0.28125 0.21875 0.0959982
0.28125 0.25 0.0682201
0.25 0.25 0.0839521
0.25 0.21875 0.110819
0.25 0.1875 0.138219
0.28125 0.1875 0.124095
0.28125 0.21875 0.0959982
0.25 0.21875 0.110819
0.28125 0.25 0.0682201
0.28125 0.21875 0.0959982
0.3125 0.21875 0.0824576
0.3125 0.25 0.0540955
0.28125 0.25 0.0682201
0.28125 0.21875 0.0959982
0.28125 0.1875 0.124095
0.3125 0.1875 0.110969
0.3125 0.21875 0.0824576
0.28125 0.21875 0.0959982
0.25 0.1875 0.138219
0.25 0.125 0.194188
0.3125 0.125 0.168324
0.3125 0.1875 0.110969
0.25 0.1875 0.138219
0.3125 0.25 0.0540955
0.3125 0.21875 0.0824576
0.34375 0.21875 0.0698033
0.34375 0.25 0.0411148
0.3125 0.25 0.0540955
0.3125 0.21875 0.0824576
0.3125 0.1875 0.110969
0.34375 0.1875 0.0985771
0.34375 0.21875 0.0698033
0.3125 0.21875 0.0824576
0.34375 0.25 0.0411148
0.34375 0.21875 0.0698033
0.375 0.21875 0.0577447
0.375 0.25 0.0288519
0.34375 0.25 0.0411148
0.34375 0.21875 0.0698033
0.34375 0.1875 0.0985771
0.375 0.1875 0.0867094
0.375 0.21875 0.0577447
0.34375 0.21875 0.0698033
0.3125 0.1875 0.110969
0.3125 0.15625 0.139594
0.34375 0.15625 0.12743
0.34375 0.1875 0.0985771
0.3125 0.1875 0.110969
0.3125 0.15625 0.139594
0.3125 0.125 0.168324
0.34375 0.125 0.156356
0.34375 0.15625 0.12743
0.3125 0.15625 0.139594
0.34375 0.1875 0.0985771
0.34375 0.15625 0.12743
0.375 0.15625 0.115747
0.375 0.1875 0.0867094
0.34375 0.1875 0.0985771
0.34375 0.15625 0.12743
0.34375 0.125 0.156356
0.375 0.125 0.144857
0.375 0.15625 0.115747
0.34375 0.15625 0.12743
0.25 0.125 0.194188
0.25 0.0625 0.25078
0.3125 0.0625 0.226002
0.3125 0.125 0.168324
0.25 0.125 0.194188
0.25 0.0625 0.25078
0.25 0 0.308079
0.3125 0 0.284172
0.3125 0.0625 0.226002
0.25 0.0625 0.25078
0.3125 0.125 0.168324
0.3125 0.0625 0.226002
0.375 0.0625 0.203343
0.375 0.125 0.144857
0.3125 0.125 0.168324
0.3125 0.0625 0.226002
0.3125 0 0.284172
0.375 0 0.262358
0.375 0.0625 0.203343
0.3125 0.0625 0.226002
0.375 0.25 0.0288519
0.375 0.21875 0.0577447
0.40625 0.21875 0.0461489
0.40625 0.25 0.0170786
0.375 0.25 0.0288519
0.375 0.21875 0.0577447
0.375 0.1875 0.0867094
0.40625 0.1875 0.0752951
0.40625 0.21875 0.0461489
0.375 0.21875 0.0577447
0.40625 0.25 0.0170786
0.40625 0.21875 0.0461489
0.4375 0.21875 0.0350052
0.4375 0.25 0.00574003
0.40625 0.25 0.0170786
0.40625 0.21875 0.0461489
0.40625 0.1875 0.0752951
0.4375 0.1875 0.0643655
0.4375 0.21875 0.0350052
0.40625 0.21875 0.0461489
0.375 0.1875 0.0867094
0.375 0.15625 0.115747
0.40625 0.15625 0.104519
0.40625 0.1875 0.0752951
0.375 0.1875 0.0867094
0.375 0.15625 0.115747
0.375 0.125 0.144857
0.40625 0.125 0.133824
0.40625 0.15625 0.104519
0.375 0.15625 0.115747
0.40625 0.1875 0.0752951
0.40625 0.15625 0.104519
0.4375 0.15625 0.0938235
0.4375 0.1875 0.0643655
0.40625 0.1875 0.0752951
0.40625 0.15625 0.104519
0.40625 0.125 0.133824
0.4375 0.125 0.123382
0.4375 0.15625 0.0938235
0.40625 0.15625 0.104519
0.4375 0.25 0.00574003
0.4375 0.21875 0.0350052
0.46875 0.21875 0.0244847
0.46875 0.25 -0.00504439
0.4375 0.25 0.00574003
0.4375 0.21875 0.0350052
0.4375 0.1875 0.0643655
0.46875 0.1875 0.0541562
0.46875 0.21875 0.0244847
0.4375 0.21875 0.0350052
0.46875 0.25 -0.00504439
0.46875 0.21875 0.0244847
0.5 0.21875 0.0150183
0.5 0.25 -0.0148535
0.46875 0.25 -0.00504439
0.46875 0.21875 0.0244847
0.46875 0.1875 0.0541562
0.5 0.1875 0.0451225
0.5 0.21875 0.0150183
0.46875 0.21875 0.0244847
0.4375 0.1875 0.0643655
0.4375 0.15625 0.0938235
0.46875 0.15625 0.0839492
0.46875 0.1875 0.0541562
0.4375 0.1875 0.0643655
0.4375 0.15625 0.0938235
0.4375 0.125 0.123382
0.46875 0.125 0.113858
0.46875 0.15625 0.0839492
0.4375 0.15625 0.0938235
0.46875 0.1875 0.0541562
0.46875 0.15625 0.0839492
0.5 0.15625 0.0753555
0.5 0.1875 0.0451225
0.46875 0.1875 0.0541562
0.46875 0.15625 0.0839492
0.46875 0.125 0.113858
0.5 0.125 0.105702
0.5 0.15625 0.0753555
0.46875 0.15625 0.0839492
0.375 0.125 0.144857
0.375 0.0625 0.203343
0.4375 0.0625 0.182885
0.4375 0.125 0.123382
0.375 0.125 0.144857
0.375 0.0625 0.203343
0.375 0 0.262358
0.4375 0 0.243018
0.4375 0.0625 0.182885
0.375 0.0625 0.203343
0.4375 0.125 0.123382
0.4375 0.0625 0.182885
0.5 0.0625 0.166762
0.5 0.125 0.105702
0.4375 0.125 0.123382
0.4375 0.0625 0.182885
0.4375 0 0.243018
0.5 0 0.228283
0.5 0.0625 0.166762
0.4375 0.0625 0.182885
0.5 1 0.228524
0.5 0.9375 0.167051
0.5625 0.9375 0.183461
0.5625 1 0.24356
0.5 1 0.228524
0.5 0.9375 0.167051
0.5 0.875 0.105736
0.5625 0.875 0.123608
0.5625 0.9375 0.183461
0.5 0.9375 0.167051
0.5625 1 0.24356
0.5625 0.9375 0.183461
0.625 0.9375 0.203891
0.625 1 0.262908
0.5625 1 0.24356
0.5625 0.9375 0.183461
0.5625 0.875 0.123608
0.625 0.875 0.145115
0.625 0.9375 0.203891
0.5625 0.9375 0.183461
0.5 0.875 0.105736
0.5 0.84375 0.0753065
0.53125 0.84375 0.0840429
0.53125 0.875 0.114048
0.5 0.875 0.105736
0.5 0.84375 0.0753065
0.5 0.8125 0.0449896
0.53125 0.8125 0.0541564
0.53125 0.84375 0.0840429
0.5 0.84375 0.0753065
0.53125 0.875 0.114048
0.53125 0.84375 0.0840429
0.5625 0.84375 0.0939484
0.5625 0.875 0.123608
0.53125 0.875 0.114048
0.53125 0.84375 0.0840429
0.53125 0.8125 0.0541564
0.5625 0.8125 0.0643959
0.5625 0.84375 0.0939484
0.53125 0.84375 0.0840429
0.5 0.8125 0.0449896
0.5 0.78125 0.0147943
0.53125 0.78125 0.024391
0.53125 0.8125 0.0541564
0.5 0.8125 0.0449896
0.5 0.78125 0.0147943
0.5 0.75 -0.0151472
0.53125 0.75 -0.00521829
0.53125 0.78125 0.024391
0.5 0.78125 0.0147943
0.53125 0.8125 0.0541564
0.53125 0.78125 0.024391
0.5625 0.78125 0.034951
0.5625 0.8125 0.0643959
0.53125 0.8125 0.0541564
0.53125 0.78125 0.024391
0.53125 0.75 -0.00521829
0.5625 0.75 0.0056085
0.5625 0.78125 0.034951
0.53125 0.78125 0.024391
0.5625 0.875 0.123608
0.5625 0.84375 0.0939484
0.59375 0.84375 0.104673
0.59375 0.875 0.134061
0.5625 0.875 0.123608
0.5625 0.84375 0.0939484
0.5625 0.8125 0.0643959
0.59375 0.8125 0.0753754
0.59375 0.84375 0.104673
0.5625 0.84375 0.0939484
0.59375 0.875 0.134061
0.59375 0.84375 0.104673
0.625 0.84375 0.115941
0.625 0.875 0.145115
0.59375 0.875 0.134061
0.59375 0.84375 0.104673
0.59375 0.8125 0.0753754
0.625 0.8125 0.0868508
0.625 0.84375 0.115941
0.59375 0.84375 0.104673
0.5625 0.8125 0.0643959
0.5625 0.78125 0.034951
0.59375 0.78125 0.0461693
0.59375 0.8125 0.0753754
0.5625 0.8125 0.0643959
0.5625 0.78125 0.034951
0.5625 0.75 0.0056085
0.59375 0.75 0.0170488
0.59375 0.78125 0.0461693
0.5625 0.78125 0.034951
0.59375 0.8125 0.0753754
0.59375 0.78125 0.0461693
0.625 0.78125 0.0578453
0.625 0.8125 0.0868508
0.59375 0.8125 0.0753754
0.59375 0.78125 0.0461693
0.59375 0.75 0.0170488
0.625 0.75 0.0289154
0.625 0.78125 0.0578453
0.59375 0.78125 0.0461693
0.625 1 0.262908
0.625 0.9375 0.203891
0.6875 0.9375 0.22665
0.6875 1 0.28474
0.625 1 0.262908
0.625 0.9375 0.203891
0.625 0.875 0.145115
0.6875 0.875 0.168791
0.6875 0.9375 0.22665
0.625 0.9375 0.203891
0.6875 1 0.28474
0.6875 0.9375 0.22665
0.75 0.9375 0.252279
0.75 1 0.309195
0.6875 1 0.28474
0.6875 0.9375 0.22665
0.6875 0.875 0.168791
0.75 0.875 0.195693
0.75 0.9375 0.252279
0.6875 0.9375 0.22665
0.625 0.875 0.145115
0.625 0.84375 0.115941
0.65625 0.84375 0.127715
0.65625 0.875 0.156684
0.625 0.875 0.145115
0.625 0.84375 0.115941
0.625 0.8125 0.0868508
0.65625 0.8125 0.0988295
0.65625 0.84375 0.127715
0.625 0.84375 0.115941
0.65625 0.875 0.156684
0.65625 0.84375 0.127715
0.6875 0.84375 0.140044
0.6875 0.875 0.168791
0.65625 0.875 0.156684
0.65625 0.84375 0.127715
0.65625 0.8125 0.0988295
0.6875 0.8125 0.111398
0.6875 0.84375 0.140044
0.65625 0.84375 0.127715
0.625 0.8125 0.0868508
0.625 0.78125 0.0578453
0.65625 0.78125 0.0700289
0.65625 0.8125 0.0988295
0.625 0.8125 0.0868508
0.625 0.78125 0.0578453
0.625 0.75 0.0289154
0.65625 0.75 0.0413168
0.65625 0.78125 0.0700289
0.625 0.78125 0.0578453
0.65625 0.8125 0.0988295
0.65625 0.78125 0.0700289
0.6875 0.78125 0.0828627
0.6875 0.8125 0.111398
0.65625 0.8125 0.0988295
0.65625 0.78125 0.0700289
0.65625 0.75 0.0413168
0.6875 0.75 0.0544555
0.6875 0.78125 0.0828627
0.65625 0.78125 0.0700289
0.6875 0.875 0.168791
0.6875 0.8125 0.111398
0.75 0.8125 0.139866
0.75 0.875 0.195693
0.6875 0.875 0.168791
0.6875 0.8125 0.111398
0.6875 0.78125 0.0828627
0.71875 0.78125 0.0968661
0.71875 0.8125 0.124902
0.6875 0.8125 0.111398
0.6875 0.78125 0.0828627
0.6875 0.75 0.0544555
0.71875 0.75 0.0690869
0.71875 0.78125 0.0968661
0.6875 0.78125 0.0828627
0.71875 0.8125 0.124902
0.71875 0.78125 0.0968661
0.75 0.78125 0.112585
0.75 0.8125 0.139866
0.71875 0.8125 0.124902
0.71875 0.78125 0.0968661
0.71875 0.75 0.0690869
0.75 0.75 0.0858902
0.75 0.78125 0.112585
0.71875 0.78125 0.0968661
0.5 0.75 -0.0151472
0.5 0.71875 -0.0448603
0.53125 0.71875 -0.0345914
0.53125 0.75 -0.00521829
0.5 0.75 -0.0151472
0.5 0.71875 -0.0448603
0.5 0.6875 -0.0744454
0.53125 0.6875 -0.0638752
0.53125 0.71875 -0.0345914
0.5 0.71875 -0.0448603
0.53125 0.75 -0.00521829
0.53125 0.71875 -0.0345914
0.5625 0.71875 -0.0235354
0.5625 0.75 0.0056085
0.53125 0.75 -0.00521829
0.53125 0.71875 -0.0345914
0.53125 0.6875 -0.0638752
0.5625 0.6875 -0.0526128
0.5625 0.71875 -0.0235354
0.53125 0.71875 -0.0345914
0.5 0.6875 -0.0744454
0.5 0.65625 -0.103924
0.53125 0.65625 -0.0930829
0.53125 0.6875 -0.0638752
0.5 0.6875 -0.0744454
0.5 0.65625 -0.103924
0.5 0.625 -0.13329
0.53125 0.625 -0.122216
0.53125 0.65625 -0.0930829
0.5 0.65625 -0.103924
0.53125 0.6875 -0.0638752
0.53125 0.65625 -0.0930829
0.5625 0.65625 -0.0816197
0.5625 0.6875 -0.0526128
0.53125 0.6875 -0.0638752
0.53125 0.65625 -0.0930829
0.53125 0.625 -0.122216
0.5625 0.625 -0.110541
0.5625 0.65625 -0.0816197
0.53125 0.65625 -0.0930829
0.5625 0.75 0.0056085
0.5625 0.71875 -0.0235354
0.59375 0.71875 -0.0119468
0.59375 0.75 0.0170488
0.5625 0.75 0.0056085
0.5625 0.71875 -0.0235354
0.5625 0.6875 -0.0526128
0.59375 0.6875 -0.0408505
0.59375 0.71875 -0.0119468
0.5625 0.71875 -0.0235354
0.59375 0.75 0.0170488
0.59375 0.71875 -0.0119468
0.625 0.71875 5.82022e-005
0.625 0.75 0.0289154
0.59375 0.75 0.0170488
0.59375 0.71875 -0.0119468
0.59375 0.6875 -0.0408505
0.625 0.6875 -0.0286301
0.625 0.71875 5.82022e-005
0.59375 0.71875 -0.0119468
0.5625 0.6875 -0.0526128
0.5625 0.65625 -0.0816197
0.59375 0.65625 -0.0696552
0.59375 0.6875 -0.0408505
0.5625 0.6875 -0.0526128
0.5625 0.65625 -0.0816197
0.5625 0.625 -0.110541
0.59375 0.625 -0.0983315
0.59375 0.65625 -0.0696552
0.5625 0.65625 -0.0816197
0.59375 0.6875 -0.0408505
0.59375 0.65625 -0.0696552
0.625 0.65625 -0.0571469
0.625 0.6875 -0.0286301
0.59375 0.6875 -0.0408505
0.59375 0.65625 -0.0696552
0.59375 0.625 -0.0983315
0.625 0.625 -0.0854031
0.625 0.65625 -0.0571469
0.59375 0.65625 -0.0696552
0.5 0.625 -0.13329
0.5 0.5625 -0.191851
0.5625 0.5625 -0.167942
0.5625 0.625 -0.110541
0.5 0.625 -0.13329
0.5 0.5625 -0.191851
0.5 0.5 -0.229567
0.5625 0.5 -0.189256
0.5625 0.5625 -0.167942
0.5 0.5625 -0.191851
0.5625 0.625 -0.110541
0.5625 0.59375 -0.139348
0.59375 0.59375 -0.126801
0.59375 0.625 -0.0983315
0.5625 0.625 -0.110541
0.5625 0.59375 -0.139348
0.5625 0.5625 -0.167942
0.59375 0.5625 -0.154659
0.59375 0.59375 -0.126801
0.5625 0.59375 -0.139348
0.59375 0.625 -0.0983315
0.59375 0.59375 -0.126801
0.625 0.59375 -0.113109
0.625 0.625 -0.0854031
0.59375 0.625 -0.0983315
0.59375 0.59375 -0.126801
0.59375 0.5625 -0.154659
0.625 0.5625 -0.13846
0.625 0.59375 -0.113109
0.59375 0.59375 -0.126801
0.5625 0.5625 -0.167942
0.5625 0.5 -0.189256
0.625 0.5 -0.13206
0.625 0.5625 -0.13846
0.5625 0.5625 -0.167942
0.625 0.75 0.0289154
0.625 0.71875 5.82022e-005
0.65625 0.71875 0.0127015
0.65625 0.75 0.0413168
0.625 0.75 0.0289154
0.625 0.71875 5.82022e-005
0.625 0.6875 -0.0286301
0.65625 0.6875 -0.0156806
0.65625 0.71875 0.0127015
0.625 0.71875 5.82022e-005
0.65625 0.75 0.0413168
0.65625 0.71875 0.0127015
0.6875 0.71875 0.0261994
0.6875 0.75 0.0544555
0.65625 0.75 0.0413168
0.65625 0.71875 0.0127015
0.65625 0.6875 -0.0156806
0.6875 0.6875 -0.00183633
0.6875 0.71875 0.0261994
0.65625 0.71875 0.0127015
0.625 0.6875 -0.0286301
0.625 0.65625 -0.0571469
0.65625 0.65625 -0.0437109
0.65625 0.6875 -0.0156806
0.625 0.6875 -0.0286301
0.625 0.65625 -0.0571469
0.625 0.625 -0.0854031
0.65625 0.625 -0.0710818
0.65625 0.65625 -0.0437109
0.625 0.65625 -0.0571469
0.65625 0.6875 -0.0156806
0.65625 0.65625 -0.0437109
0.6875 0.65625 -0.028808
0.6875 0.6875 -0.00183633
0.65625 0.6875 -0.0156806
0.65625 0.65625 -0.0437109
0.65625 0.625 -0.0710818
0.6875 0.625 -0.0540583
0.6875 0.65625 -0.028808
0.65625 0.65625 -0.0437109
0.6875 0.75 0.0544555
0.6875 0.71875 0.0261994
0.71875 0.71875 0.0416999
0.71875 0.75 0.0690869
0.6875 0.75 0.0544555
0.6875 0.71875 0.0261994
0.6875 0.6875 -0.00183633
0.71875 0.6875 0.0148762
0.71875 0.71875 0.0416999
0.6875 0.71875 0.0261994
0.71875 0.75 0.0690869
0.71875 0.71875 0.0416999
0.75 0.71875 0.0598702
0.75 0.75 0.0858902
0.71875 0.75 0.0690869
0.71875 0.71875 0.0416999
0.71875 0.6875 0.0148762
0.75 0.6875 0.0349415
0.75 0.71875 0.0598702
0.71875 0.71875 0.0416999
0.6875 0.6875 -0.00183633
0.6875 0.65625 -0.028808
0.71875 0.65625 -0.0103904
0.71875 0.6875 0.0148762
0.6875 0.6875 -0.00183633
0.6875 0.65625 -0.028808
0.6875 0.625 -0.0540583
0.71875 0.625 -0.0327395
0.71875 0.65625 -0.0103904
0.6875 0.65625 -0.028808
0.71875 0.6875 0.0148762
0.71875 0.65625 -0.0103904
0.75 0.65625 0.0116628
0.75 0.6875 0.0349415
0.71875 0.6875 0.0148762
0.71875 0.65625 -0.0103904
0.71875 0.625 -0.0327395
0.75 0.625 -0.00787017
0.75 0.65625 0.0116628
0.71875 0.65625 -0.0103904
0.625 0.625 -0.0854031
0.625 0.59375 -0.113109
0.65625 0.59375 -0.096836
0.65625 0.625 -0.0710818
0.625 0.625 -0.0854031
0.625 0.59375 -0.113109
0.625 0.5625 -0.13846
0.65625 0.5625 -0.115838
0.65625 0.59375 -0.096836
0.625 0.59375 -0.113109
0.65625 0.625 -0.0710818
0.65625 0.59375 -0.096836
0.6875 0.59375 -0.07582
0.6875 0.625 -0.0540583
0.65625 0.625 -0.0710818
0.65625 0.59375 -0.096836
0.65625 0.5625 -0.115838
0.6875 0.5625 -0.0876286
0.6875 0.59375 -0.07582
0.65625 0.59375 -0.096836
0.625 0.5625 -0.13846
0.625 0.53125 -0.141451
0.65625 0.53125 -0.111789
0.65625 0.5625 -0.115838
0.625 0.5625 -0.13846
0.625 0.53125 -0.141451
0.625 0.5 -0.13206
0.65625 0.5 -0.102791
0.65625 0.53125 -0.111789
0.625 0.53125 -0.141451
0.65625 0.5625 -0.115838
0.65625 0.53125 -0.111789
0.6875 0.53125 -0.0820141
0.6875 0.5625 -0.0876286
0.65625 0.5625 -0.115838
0.65625 0.53125 -0.111789
0.65625 0.5 -0.102791
0.6875 0.5 -0.073422
0.6875 0.53125 -0.0820141
0.65625 0.53125 -0.111789
0.6875 0.625 -0.0540583
0.6875 0.59375 -0.07582
0.71875 0.59375 -0.0504674
0.71875 0.625 -0.0327395
0.6875 0.625 -0.0540583
0.6875 0.59375 -0.07582
0.6875 0.5625 -0.0876286
0.71875 0.5625 -0.0571373
0.71875 0.59375 -0.0504674
0.6875 0.59375 -0.07582
0.71875 0.625 -0.0327395
0.71875 0.59375 -0.0504674
0.75 0.59375 -0.0224146
0.75 0.625 -0.00787017
0.71875 0.625 -0.0327395
0.71875 0.59375 -0.0504674
0.71875 0.5625 -0.0571373
0.75 0.5625 -0.0265338
0.75 0.59375 -0.0224146
0.71875 0.59375 -0.0504674
0.6875 0.5625 -0.0876286
0.6875 0.53125 -0.0820141
0.71875 0.53125 -0.0521307
0.71875 0.5625 -0.0571373
0.6875 0.5625 -0.0876286
0.6875 0.53125 -0.0820141
0.6875 0.5 -0.073422
0.71875 0.5 -0.0439645
0.71875 0.53125 -0.0521307
0.6875 0.53125 -0.0820141
0.71875 0.5625 -0.0571373
0.71875 0.53125 -0.0521307
0.75 0.53125 -0.022139
0.75 0.5625 -0.0265338
0.71875 0.5625 -0.0571373
0.71875 0.53125 -0.0521307
0.71875 0.5 -0.0439645
0.75 0.5 -0.0144231
0.75 0.53125 -0.022139
0.71875 0.53125 -0.0521307
0.75 1 0.309195
0.75 0.875 0.195693
0.875 0.875 0.266792
0.875 1 0.370577
0.75 1 0.309195
0.75 0.875 0.195693
0.75 0.8125 0.139866
0.8125 0.8125 0.175276
0.8125 0.875 0.227822
0.75 0.875 0.195693
0.75 0.8125 0.139866
0.75 0.78125 0.112585
0.78125 0.78125 0.130495
0.78125 0.8125 0.156588
0.75 0.8125 0.139866
0.75 0.78125 0.112585
0.75 0.75 0.0858902
0.78125 0.75 0.105203
0.78125 0.78125 0.130495
0.75 0.78125 0.112585
0.78125 0.8125 0.156588
0.78125 0.78125 0.130495
0.8125 0.78125 0.150465
0.8125 0.8125 0.175276
0.78125 0.8125 0.156588
0.78125 0.78125 0.130495
0.78125 0.75 0.105203
0.8125 0.75 0.126761
0.8125 0.78125 0.150465
0.78125 0.78125 0.130495
0.8125 0.875 0.227822
0.8125 0.8125 0.175276
0.875 0.8125 0.218813
0.875 0.875 0.266792
0.8125 0.875 0.227822
0.8125 0.8125 0.175276
0.8125 0.75 0.126761
0.875 0.75 0.174687
0.875 0.8125 0.218813
0.8125 0.8125 0.175276
0.875 1 0.370577
0.875 0.875 0.266792
1 0.875 0.360514
1 1 0.453784
0.875 1 0.370577
0.875 0.875 0.266792
0.875 0.8125 0.218813
0.9375 0.8125 0.267273
0.9375 0.875 0.310819
0.875 0.875 0.266792
0.875 0.8125 0.218813
0.875 0.75 0.174687
0.9375 0.75 0.228568
0.9375 0.8125 0.267273
0.875 0.8125 0.218813
0.9375 0.875 0.310819
0.9375 0.8125 0.267273
1 0.8125 0.320456
1 0.875 0.360514
0.9375 0.875 0.310819
0.9375 0.8125 0.267273
0.9375 0.75 0.228568
1 0.75 0.285272
1 0.8125 0.320456
0.9375 0.8125 0.267273
0.75 0.75 0.0858902
0.75 0.71875 0.0598702
0.78125 0.71875 0.081032
0.78125 0.75 0.105203
0.75 0.75 0.0858902
0.75 0.71875 0.0598702
0.75 0.6875 0.0349415
0.78125 0.6875 0.0583531
0.78125 0.71875 0.081032
0.75 0.71875 0.0598702
0.78125 0.75 0.105203
0.78125 0.71875 0.081032
0.8125 0.71875 0.10439
0.8125 0.75 0.126761
0.78125 0.75 0.105203
0.78125 0.71875 0.081032
0.78125 0.6875 0.0583531
0.8125 0.6875 0.0837362
0.8125 0.71875 0.10439
0.78125 0.71875 0.081032
0.75 0.6875 0.0349415
0.75 0.65625 0.0116628
0.78125 0.65625 0.0377801
0.78125 0.6875 0.0583531
0.75 0.6875 0.0349415
0.75 0.65625 0.0116628
0.75 0.625 -0.00787017
0.78125 0.625 0.0202493
0.78125 0.65625 0.0377801
0.75 0.65625 0.0116628
0.78125 0.6875 0.0583531
0.78125 0.65625 0.0377801
0.8125 0.65625 0.0653327
0.8125 0.6875 0.0837362
0.78125 0.6875 0.0583531
0.78125 0.65625 0.0377801
0.78125 0.625 0.0202493
0.8125 0.625 0.0499257
0.8125 0.65625 0.0653327
0.78125 0.65625 0.0377801
0.8125 0.75 0.126761
0.8125 0.71875 0.10439
0.84375 0.71875 0.129376
0.84375 0.75 0.15015
0.8125 0.75 0.126761
0.8125 0.71875 0.10439
0.8125 0.6875 0.0837362
0.84375 0.6875 0.110431
0.84375 0.71875 0.129376
0.8125 0.71875 0.10439
0.84375 0.75 0.15015
0.84375 0.71875 0.129376
0.875 0.71875 0.155322
0.875 0.75 0.174687
0.84375 0.75 0.15015
0.84375 0.71875 0.129376
0.84375 0.6875 0.110431
0.875 0.6875 0.13786
0.875 0.71875 0.155322
0.84375 0.71875 0.129376
0.8125 0.6875 0.0837362
0.8125 0.65625 0.0653327
0.84375 0.65625 0.0937553
0.84375 0.6875 0.110431
0.8125 0.6875 0.0837362
0.8125 0.65625 0.0653327
0.8125 0.625 0.0499257
0.84375 0.625 0.0799444
0.84375 0.65625 0.0937553
0.8125 0.65625 0.0653327
0.84375 0.6875 0.110431
0.84375 0.65625 0.0937553
0.875 0.65625 0.122644
0.875 0.6875 0.13786
0.84375 0.6875 0.110431
0.84375 0.65625 0.0937553
0.84375 0.625 0.0799444
0.875 0.625 0.110156
0.875 0.65625 0.122644
0.84375 0.65625 0.0937553
0.75 0.625 -0.00787017
0.75 0.59375 -0.0224146
0.78125 0.59375 0.00737283
0.78125 0.625 0.0202493
0.75 0.625 -0.00787017
0.75 0.59375 -0.0224146
0.75 0.5625 -0.0265338
0.78125 0.5625 0.00427578
0.78125 0.59375 0.00737283
0.75 0.59375 -0.0224146
0.78125 0.625 0.0202493
0.78125 0.59375 0.00737283
0.8125 0.59375 0.0386152
0.8125 0.625 0.0499257
0.78125 0.625 0.0202493
0.78125 0.59375 0.00737283
0.78125 0.5625 0.00427578
0.8125 0.5625 0.0355231
0.8125 0.59375 0.0386152
0.78125 0.59375 0.00737283
0.75 0.5625 -0.0265338
0.75 0.53125 -0.022139
0.78125 0.53125 0.00816843
0.78125 0.5625 0.00427578
0.75 0.5625 -0.0265338
0.75 0.53125 -0.022139
0.75 0.5 -0.0144231
0.78125 0.5 0.0154455
0.78125 0.53125 0.00816843
0.75 0.53125 -0.022139
0.78125 0.5625 0.00427578
0.78125 0.53125 0.00816843
0.8125 0.53125 0.0389682
0.8125 0.5625 0.0355231
0.78125 0.5625 0.00427578
0.78125 0.53125 0.00816843
0.78125 0.5 0.0154455
0.8125 0.5 0.045675
0.8125 0.53125 0.0389682
0.78125 0.53125 0.00816843
0.8125 0.625 0.0499257
0.8125 0.59375 0.0386152
0.84375 0.59375 0.0698466
0.84375 0.625 0.0799444
0.8125 0.625 0.0499257
0.8125 0.59375 0.0386152
0.8125 0.5625 0.0355231
0.84375 0.5625 0.0667685
0.84375 0.59375 0.0698466
0.8125 0.59375 0.0386152
0.84375 0.625 0.0799444
0.84375 0.59375 0.0698466
0.875 0.59375 0.10107
0.875 0.625 0.110156
0.84375 0.625 0.0799444
0.84375 0.59375 0.0698466
0.84375 0.5625 0.0667685
0.875 0.5625 0.0980086
0.875 0.59375 0.10107
0.84375 0.59375 0.0698466
0.8125 0.5625 0.0355231
0.8125 0.53125 0.0389682
0.84375 0.53125 0.0698341
0.84375 0.5625 0.0667685
0.8125 0.5625 0.0355231
0.8125 0.53125 0.0389682
0.8125 0.5 0.045675
0.84375 0.5 0.0760272
0.84375 0.53125 0.0698341
0.8125 0.53125 0.0389682
0.84375 0.5625 0.0667685
0.84375 0.53125 0.0698341
0.875 0.53125 0.100787
0.875 0.5625 0.0980086
0.84375 0.5625 0.0667685
0.84375 0.53125 0.0698341
0.84375 0.5 0.0760272
0.875 0.5 0.10648
0.875 0.53125 0.100787
0.84375 0.53125 0.0698341
0.875 0.75 0.174687
0.875 0.6875 0.13786
0.9375 0.6875 0.196355
0.9375 0.75 0.228568
0.875 0.75 0.174687
0.875 0.6875 0.13786
0.875 0.625 0.110156
0.9375 0.625 0.17232
0.9375 0.6875 0.196355
0.875 0.6875 0.13786
0.9375 0.75 0.228568
0.9375 0.6875 0.196355
1 0.6875 0.256126
1 0.75 0.285272
0.9375 0.75 0.228568
0.9375 0.6875 0.196355
0.9375 0.625 0.17232
1 0.625 0.234426
1 0.6875 0.256126
0.9375 0.6875 0.196355
0.875 0.625 0.110156
0.875 0.5625 0.0980086
0.9375 0.5625 0.160493
0.9375 0.625 0.17232
0.875 0.625 0.110156
0.875 0.5625 0.0980086
0.875 0.5 0.10648
0.9375 0.5 0.167726
0.9375 0.5625 0.160493
0.875 0.5625 0.0980086
0.9375 0.625 0.17232
0.9375 0.5625 0.160493
1 0.5625 0.222985
1 0.625 0.234426
0.9375 0.625 0.17232
0.9375 0.5625 0.160493
0.9375 0.5 0.167726
1 0.5 0.229378
1 0.5625 0.222985
0.9375 0.5625 0.160493
0.5 0.5 -0.229567
0.5 0.4375 -0.190821
0.5625 0.4375 -0.165816
0.5625 0.5 -0.189256
0.5 0.5 -0.229567
0.5 0.4375 -0.190821
0.5 0.375 -0.132799
0.5625 0.375 -0.134029
0.5625 0.4375 -0.165816
0.5 0.4375 -0.190821
0.5625 0.5 -0.189256
0.5625 0.4375 -0.165816
0.625 0.4375 -0.109857
0.625 0.5 -0.13206
0.5625 0.5 -0.189256
0.5625 0.4375 -0.165816
0.5625 0.40625 -0.151243
0.59375 0.40625 -0.125318
0.59375 0.4375 -0.138234
0.5625 0.4375 -0.165816
0.5625 0.40625 -0.151243
0.5625 0.375 -0.134029
0.59375 0.375 -0.110917
0.59375 0.40625 -0.125318
0.5625 0.40625 -0.151243
0.59375 0.4375 -0.138234
0.59375 0.40625 -0.125318
0.625 0.40625 -0.0976314
0.625 0.4375 -0.109857
0.59375 0.4375 -0.138234
0.59375 0.40625 -0.125318
0.59375 0.375 -0.110917
0.625 0.375 -0.0845352
0.625 0.40625 -0.0976314
0.59375 0.40625 -0.125318
0.5 0.375 -0.132799
0.5 0.34375 -0.103469
0.53125 0.34375 -0.113081
0.53125 0.375 -0.14279
0.5 0.375 -0.132799
0.5 0.34375 -0.103469
0.5 0.3125 -0.0740353
0.53125 0.3125 -0.0832394
0.53125 0.34375 -0.113081
0.5 0.34375 -0.103469
0.53125 0.375 -0.14279
0.53125 0.34375 -0.113081
0.5625 0.34375 -0.113069
0.5625 0.375 -0.134029
0.53125 0.375 -0.14279
0.53125 0.34375 -0.113081
0.53125 0.3125 -0.0832394
0.5625 0.3125 -0.0880907
0.5625 0.34375 -0.113069
0.53125 0.34375 -0.113081
0.5 0.3125 -0.0740353
0.5 0.28125 -0.0444988
0.53125 0.28125 -0.0532606
0.53125 0.3125 -0.0832394
0.5 0.3125 -0.0740353
0.5 0.28125 -0.0444988
0.5 0.25 -0.0148535
0.53125 0.25 -0.0231415
0.53125 0.28125 -0.0532606
0.5 0.28125 -0.0444988
0.53125 0.3125 -0.0832394
0.53125 0.28125 -0.0532606
0.5625 0.28125 -0.0593825
0.5625 0.3125 -0.0880907
0.53125 0.3125 -0.0832394
0.53125 0.28125 -0.0532606
0.53125 0.25 -0.0231415
0.5625 0.25 -0.0285737
0.5625 0.28125 -0.0593825
0.53125 0.28125 -0.0532606
0.5625 0.375 -0.134029
0.5625 0.34375 -0.113069
0.59375 0.34375 -0.0943332
0.59375 0.375 -0.110917
0.5625 0.375 -0.134029
0.5625 0.34375 -0.113069
0.5625 0.3125 -0.0880907
0.59375 0.3125 -0.0747146
0.59375 0.34375 -0.0943332
0.5625 0.34375 -0.113069
0.59375 0.375 -0.110917
0.59375 0.34375 -0.0943332
0.625 0.34375 -0.0701107
0.625 0.375 -0.0845352
0.59375 0.375 -0.110917
0.59375 0.34375 -0.0943332
0.59375 0.3125 -0.0747146
0.625 0.3125 -0.0536978
0.625 0.34375 -0.0701107
0.59375 0.34375 -0.0943332
0.5625 0.3125 -0.0880907
0.5625 0.28125 -0.0593825
0.59375 0.28125 -0.0516316
0.59375 0.3125 -0.0747146
0.5625 0.3125 -0.0880907
0.5625 0.28125 -0.0593825
0.5625 0.25 -0.0285737
0.59375 0.25 -0.0254398
0.59375 0.28125 -0.0516316
0.5625 0.28125 -0.0593825
0.59375 0.3125 -0.0747146
0.59375 0.28125 -0.0516316
0.625 0.28125 -0.034577
0.625 0.3125 -0.0536978
0.59375 0.3125 -0.0747146
0.59375 0.28125 -0.0516316
0.59375 0.25 -0.0254398
0.625 0.25 -0.0124722
0.625 0.28125 -0.034577
0.59375 0.28125 -0.0516316
0.625 0.5 -0.13206
0.625 0.46875 -0.121397
0.65625 0.46875 -0.0924342
0.65625 0.5 -0.102791
0.625 0.5 -0.13206
0.625 0.46875 -0.121397
0.625 0.4375 -0.109857
0.65625 0.4375 -0.0811611
0.65625 0.46875 -0.0924342
0.625 0.46875 -0.121397
0.65625 0.5 -0.102791
0.65625 0.46875 -0.0924342
0.6875 0.46875 -0.0633594
0.6875 0.5 -0.073422
0.65625 0.5 -0.102791
0.65625 0.46875 -0.0924342
0.65625 0.4375 -0.0811611
0.6875 0.4375 -0.0523053
0.6875 0.46875 -0.0633594
0.65625 0.46875 -0.0924342
0.625 0.4375 -0.109857
0.625 0.40625 -0.0976314
0.65625 0.40625 -0.0693119
0.65625 0.4375 -0.0811611
0.625 0.4375 -0.109857
0.625 0.40625 -0.0976314
0.625 0.375 -0.0845352
0.65625 0.375 -0.0568684
0.65625 0.40625 -0.0693119
0.625 0.40625 -0.0976314
0.65625 0.4375 -0.0811611
0.65625 0.40625 -0.0693119
0.6875 0.40625 -0.0406845
0.6875 0.4375 -0.0523053
0.65625 0.4375 -0.0811611
0.65625 0.40625 -0.0693119
0.65625 0.375 -0.0568684
0.6875 0.375 -0.0286242
0.6875 0.40625 -0.0406845
0.65625 0.40625 -0.0693119
0.6875 0.5 -0.073422
0.6875 0.46875 -0.0633594
0.71875 0.46875 -0.0342046
0.71875 0.5 -0.0439645
0.6875 0.5 -0.073422
0.6875 0.46875 -0.0633594
0.6875 0.4375 -0.0523053
0.71875 0.4375 -0.0233323
0.71875 0.46875 -0.0342046
0.6875 0.46875 -0.0633594
0.71875 0.5 -0.0439645
0.71875 0.46875 -0.0342046
0.75 0.46875 -0.00498413
0.75 0.5 -0.0144231
0.71875 0.5 -0.0439645
0.71875 0.46875 -0.0342046
0.71875 0.4375 -0.0233323
0.75 0.4375 0.00574675
0.75 0.46875 -0.00498413
0.71875 0.46875 -0.0342046
0.6875 0.4375 -0.0523053
0.6875 0.40625 -0.0406845
0.71875 0.40625 -0.011874
0.71875 0.4375 -0.0233323
0.6875 0.4375 -0.0523053
0.6875 0.40625 -0.0406845
0.6875 0.375 -0.0286242
0.71875 0.375 -6.47079e-005
0.71875 0.40625 -0.011874
0.6875 0.40625 -0.0406845
0.71875 0.4375 -0.0233323
0.71875 0.40625 -0.011874
0.75 0.40625 0.0170854
0.75 0.4375 0.00574675
0.71875 0.4375 -0.0233323
0.71875 0.40625 -0.011874
0.71875 0.375 -6.47079e-005
0.75 0.375 0.0288014
0.75 0.40625 0.0170854
0.71875 0.40625 -0.011874
0.625 0.375 -0.0845352
0.625 0.34375 -0.0701107
0.65625 0.34375 -0.0435866
0.65625 0.375 -0.0568684
0.625 0.375 -0.0845352
0.625 0.34375 -0.0701107
0.625 0.3125 -0.0536978
0.65625 0.3125 -0.0291041
0.65625 0.34375 -0.0435866
0.625 0.34375 -0.0701107
0.65625 0.375 -0.0568684
0.65625 0.34375 -0.0435866
0.6875 0.34375 -0.0159026
0.6875 0.375 -0.0286242
0.65625 0.375 -0.0568684
0.65625 0.34375 -0.0435866
0.65625 0.3125 -0.0291041
0.6875 0.3125 -0.00257349
0.6875 0.34375 -0.0159026
0.65625 0.34375 -0.0435866
0.625 0.3125 -0.0536978
0.625 0.28125 -0.034577
0.65625 0.28125 -0.0124768
0.65625 0.3125 -0.0291041
0.625 0.3125 -0.0536978
0.625 0.28125 -0.034577
0.625 0.25 -0.0124722
0.65625 0.25 0.0072039
0.65625 0.28125 -0.0124768
0.625 0.28125 -0.034577
0.65625 0.3125 -0.0291041
0.65625 0.28125 -0.0124768
0.6875 0.28125 0.0128559
0.6875 0.3125 -0.00257349
0.65625 0.3125 -0.0291041
0.65625 0.28125 -0.0124768
0.65625 0.25 0.0072039
0.6875 0.25 0.0308795
0.6875 0.28125 0.0128559
0.65625 0.28125 -0.0124768
0.6875 0.375 -0.0286242
0.6875 0.34375 -0.0159026
0.71875 0.34375 0.0124079
0.71875 0.375 -6.47079e-005
0.6875 0.375 -0.0286242
0.6875 0.34375 -0.0159026
0.6875 0.3125 -0.00257349
0.71875 0.3125 0.0255089
0.71875 0.34375 0.0124079
0.6875 0.34375 -0.0159026
0.71875 0.375 -6.47079e-005
0.71875 0.34375 0.0124079
0.75 0.34375 0.0410116
0.75 0.375 0.0288014
0.71875 0.375 -6.47079e-005
0.71875 0.34375 0.0124079
0.71875 0.3125 0.0255089
0.75 0.3125 0.0538102
0.75 0.34375 0.0410116
0.71875 0.34375 0.0124079
0.6875 0.3125 -0.00257349
0.6875 0.28125 0.0128559
0.71875 0.28125 0.0399388
0.71875 0.3125 0.0255089
0.6875 0.3125 -0.00257349
0.6875 0.28125 0.0128559
0.6875 0.25 0.0308795
0.71875 0.25 0.0563249
0.71875 0.28125 0.0399388
0.6875 0.28125 0.0128559
0.71875 0.3125 0.0255089
0.71875 0.28125 0.0399388
0.75 0.28125 0.0675825
0.75 0.3125 0.0538102
0.71875 0.3125 0.0255089
0.71875 0.28125 0.0399388
0.71875 0.25 0.0563249
0.75 0.25 0.0828394
0.75 0.28125 0.0675825
0.71875 0.28125 0.0399388
0.5 0.25 -0.0148535
0.5 0.21875 0.0150183
0.53125 0.21875 0.00718608
0.53125 0.25 -0.0231415
0.5 0.25 -0.0148535
0.5 0.21875 0.0150183
0.5 0.1875 0.0451225
0.53125 0.1875 0.0378545
0.53125 0.21875 0.00718608
0.5 0.21875 0.0150183
0.53125 0.25 -0.0231415
0.53125 0.21875 0.00718608
0.5625 0.21875 0.00237442
0.5625 0.25 -0.0285737
0.53125 0.25 -0.0231415
0.53125 0.21875 0.00718608
0.53125 0.1875 0.0378545
0.5625 0.1875 0.0335816
0.5625 0.21875 0.00237442
0.53125 0.21875 0.00718608
0.5 0.1875 0.0451225
0.5 0.15625 0.0753555
0.53125 0.15625 0.0686088
0.53125 0.1875 0.0378545
0.5 0.1875 0.0451225
0.5 0.15625 0.0753555
0.5 0.125 0.105702
0.53125 0.125 0.0994723
0.53125 0.15625 0.0686088
0.5 0.15625 0.0753555
0.53125 0.1875 0.0378545
0.53125 0.15625 0.0686088
0.5625 0.15625 0.0647955
0.5625 0.1875 0.0335816
0.53125 0.1875 0.0378545
0.53125 0.15625 0.0686088
0.53125 0.125 0.0994723
0.5625 0.125 0.0960121
0.5625 0.15625 0.0647955
0.53125 0.15625 0.0686088
0.5625 0.25 -0.0285737
0.5625 0.21875 0.00237442
0.59375 0.21875 0.00372226
0.59375 0.25 -0.0254398
0.5625 0.25 -0.0285737
0.5625 0.21875 0.00237442
0.5625 0.1875 0.0335816
0.59375 0.1875 0.0347089
0.59375 0.21875 0.00372226
0.5625 0.21875 0.00237442
0.59375 0.25 -0.0254398
0.59375 0.21875 0.00372226
0.625 0.21875 0.014018
0.625 0.25 -0.0124722
0.59375 0.25 -0.0254398
0.59375 0.21875 0.00372226
0.59375 0.1875 0.0347089
0.625 0.1875 0.0428375
0.625 0.21875 0.014018
0.59375 0.21875 0.00372226
0.5625 0.1875 0.0335816
0.5625 0.15625 0.0647955
0.59375 0.15625 0.065748
0.59375 0.1875 0.0347089
0.5625 0.1875 0.0335816
0.5625 0.15625 0.0647955
0.5625 0.125 0.0960121
0.59375 0.125 0.0968451
0.59375 0.15625 0.065748
0.5625 0.15625 0.0647955
0.59375 0.1875 0.0347089
0.59375 0.15625 0.065748
0.625 0.15625 0.0724237
0.625 0.1875 0.0428375
0.59375 0.1875 0.0347089
0.59375 0.15625 0.065748
0.59375 0.125 0.0968451
0.625 0.125 0.102425
0.625 0.15625 0.0724237
0.59375 0.15625 0.065748
0.5 0.125 0.105702
0.5 0.0625 0.166762
0.5625 0.0625 0.158479
0.5625 0.125 0.0960121
0.5 0.125 0.105702
0.5 0.0625 0.166762
0.5 0 0.228283
0.5625 0 0.220963
0.5625 0.0625 0.158479
0.5 0.0625 0.166762
0.5625 0.125 0.0960121
0.5625 0.0625 0.158479
0.625 0.0625 0.163487
0.625 0.125 0.102425
0.5625 0.125 0.0960121
0.5625 0.0625 0.158479
0.5625 0 0.220963
0.625 0 0.225172
0.625 0.0625 0.163487
0.5625 0.0625 0.158479
0.625 0.25 -0.0124722
0.625 0.21875 0.014018
0.65625 0.21875 0.0309295
0.65625 0.25 0.0072039
0.625 0.25 -0.0124722
0.625 0.21875 0.014018
0.625 0.1875 0.0428375
0.65625 0.1875 0.0570632
0.65625 0.21875 0.0309295
0.625 0.21875 0.014018
0.65625 0.25 0.0072039
0.65625 0.21875 0.0309295
0.6875 0.21875 0.0517051
0.6875 0.25 0.0308795
0.65625 0.25 0.0072039
0.65625 0.21875 0.0309295
0.65625 0.1875 0.0570632
0.6875 0.1875 0.0752172
0.6875 0.21875 0.0517051
0.65625 0.21875 0.0309295
0.625 0.1875 0.0428375
0.625 0.15625 0.0724237
0.65625 0.15625 0.0844759
0.65625 0.1875 0.0570632
0.625 0.1875 0.0428375
0.625 0.15625 0.0724237
0.625 0.125 0.102425
0.65625 0.125 0.112863
0.65625 0.15625 0.0844759
0.625 0.15625 0.0724237
0.65625 0.1875 0.0570632
0.65625 0.15625 0.0844759
0.6875 0.15625 0.100405
0.6875 0.1875 0.0752172
0.65625 0.1875 0.0570632
0.65625 0.15625 0.0844759
0.65625 0.125 0.112863
0.6875 0.125 0.126896
0.6875 0.15625 0.100405
0.65625 0.15625 0.0844759
0.6875 0.25 0.0308795
0.6875 0.21875 0.0517051
0.71875 0.21875 0.0750163
0.71875 0.25 0.0563249
0.6875 0.25 0.0308795
0.6875 0.21875 0.0517051
0.6875 0.1875 0.0752172
0.71875 0.1875 0.09624
0.71875 0.21875 0.0750163
0.6875 0.21875 0.0517051
0.71875 0.25 0.0563249
0.71875 0.21875 0.0750163
0.75 0.21875 0.0999695
0.75 0.25 0.0828394
0.71875 0.25 0.0563249
0.71875 0.21875 0.0750163
0.71875 0.1875 0.09624
0.75 0.1875 0.119254
0.75 0.21875 0.0999695
0.71875 0.21875 0.0750163
0.6875 0.1875 0.0752172
0.6875 0.15625 0.100405
0.71875 0.15625 0.119277
0.71875 0.1875 0.09624
0.6875 0.1875 0.0752172
0.6875 0.15625 0.100405
0.6875 0.125 0.126896
0.71875 0.125 0.143958
0.71875 0.15625 0.119277
0.6875 0.15625 0.100405
0.71875 0.1875 0.09624
0.71875 0.15625 0.119277
0.75 0.15625 0.140427
0.75 0.1875 0.119254
0.71875 0.1875 0.09624
0.71875 0.15625 0.119277
0.71875 0.125 0.143958
0.75 0.125 0.163401
0.75 0.15625 0.140427
0.71875 0.15625 0.119277
0.625 0.125 0.102425
0.625 0.0625 0.163487
0.6875 0.0625 0.182794
0.6875 0.125 0.126896
0.625 0.125 0.102425
0.625 0.0625 0.163487
0.625 0 0.225172
0.6875 0 0.241547
0.6875 0.0625 0.182794
0.625 0.0625 0.163487
0.6875 0.125 0.126896
0.6875 0.0625 0.182794
0.75 0.0625 0.21299
0.75 0.125 0.163401
0.6875 0.125 0.126896
0.6875 0.0625 0.182794
0.6875 0 0.241547
0.75 0 0.267629
0.75 0.0625 0.21299
0.6875 0.0625 0.182794
0.75 0.5 -0.0144231
0.75 0.46875 -0.00498413
0.78125 0.46875 0.0245824
0.78125 0.5 0.0154455
0.75 0.5 -0.0144231
0.75 0.46875 -0.00498413
0.75 0.4375 0.00574675
0.78125 0.4375 0.0350217
0.78125 0.46875 0.0245824
0.75 0.46875 -0.00498413
0.78125 0.5 0.0154455
0.78125 0.46875 0.0245824
0.8125 0.46875 0.0543314
0.8125 0.5 0.045675
0.78125 0.5 0.0154455
0.78125 0.46875 0.0245824
0.78125 0.4375 0.0350217
0.8125 0.4375 0.0644032
0.8125 0.46875 0.0543314
0.78125 0.46875 0.0245824
0.75 0.4375 0.00574675
0.75 0.40625 0.0170854
0.78125 0.40625 0.0461632
0.78125 0.4375 0.0350217
0.75 0.4375 0.00574675
0.75 0.40625 0.0170854
0.75 0.375 0.0288014
0.78125 0.375 0.0577229
0.78125 0.40625 0.0461632
0.75 0.40625 0.0170854
0.78125 0.4375 0.0350217
0.78125 0.40625 0.0461632
0.8125 0.40625 0.0753164
0.8125 0.4375 0.0644032
0.78125 0.4375 0.0350217
0.78125 0.40625 0.0461632
0.78125 0.375 0.0577229
0.8125 0.375 0.0867059
0.8125 0.40625 0.0753164
0.78125 0.40625 0.0461632
0.8125 0.5 0.045675
0.8125 0.46875 0.0543314
0.84375 0.46875 0.0842112
0.84375 0.5 0.0760272
0.8125 0.5 0.045675
0.8125 0.46875 0.0543314
0.8125 0.4375 0.0644032
0.84375 0.4375 0.0938938
0.84375 0.46875 0.0842112
0.8125 0.46875 0.0543314
0.84375 0.5 0.0760272
0.84375 0.46875 0.0842112
0.875 0.46875 0.114209
0.875 0.5 0.10648
0.84375 0.5 0.0760272
0.84375 0.46875 0.0842112
0.84375 0.4375 0.0938938
0.875 0.4375 0.123495
0.875 0.46875 0.114209
0.84375 0.46875 0.0842112
0.8125 0.4375 0.0644032
0.8125 0.40625 0.0753164
0.84375 0.40625 0.104549
0.84375 0.4375 0.0938938
0.8125 0.4375 0.0644032
0.8125 0.40625 0.0753164
0.8125 0.375 0.0867059
0.84375 0.375 0.115756
0.84375 0.40625 0.104549
0.8125 0.40625 0.0753164
0.84375 0.4375 0.0938938
0.84375 0.40625 0.104549
0.875 0.40625 0.133865
0.875 0.4375 0.123495
0.84375 0.4375 0.0938938
0.84375 0.40625 0.104549
0.84375 0.375 0.115756
0.875 0.375 0.144875
0.875 0.40625 0.133865
0.84375 0.40625 0.104549
0.75 0.375 0.0288014
0.75 0.34375 0.0410116
0.78125 0.34375 0.0697277
0.78125 0.375 0.0577229
0.75 0.375 0.0288014
0.75 0.34375 0.0410116
0.75 0.3125 0.0538102
0.78125 0.3125 0.0822588
0.78125 0.34375 0.0697277
0.75 0.34375 0.0410116
0.78125 0.375 0.0577229
0.78125 0.34375 0.0697277
0.8125 0.34375 0.0985282
0.8125 0.375 0.0867059
0.78125 0.375 0.0577229
0.78125 0.34375 0.0697277
0.78125 0.3125 0.0822588
0.8125 0.3125 0.11083
0.8125 0.34375 0.0985282
0.78125 0.34375 0.0697277
0.75 0.3125 0.0538102
0.75 0.28125 0.0675825
0.78125 0.28125 0.0955495
0.78125 0.3125 0.0822588
0.75 0.3125 0.0538102
0.75 0.28125 0.0675825
0.75 0.25 0.0828394
0.78125 0.25 0.109994
0.78125 0.28125 0.0955495
0.75 0.28125 0.0675825
0.78125 0.3125 0.0822588
0.78125 0.28125 0.0955495
0.8125 0.28125 0.123774
0.8125 0.3125 0.11083
0.78125 0.3125 0.0822588
0.78125 0.28125 0.0955495
0.78125 0.25 0.109994
0.8125 0.25 0.137608
0.8125 0.28125 0.123774
0.78125 0.28125 0.0955495
0.8125 0.375 0.0867059
0.8125 0.34375 0.0985282
0.84375 0.34375 0.127401
0.84375 0.375 0.115756
0.8125 0.375 0.0867059
0.8125 0.34375 0.0985282
0.8125 0.3125 0.11083
0.84375 0.3125 0.139498
0.84375 0.34375 0.127401
0.8125 0.34375 0.0985282
0.84375 0.375 0.115756
0.84375 0.34375 0.127401
0.875 0.34375 0.156342
0.875 0.375 0.144875
0.84375 0.375 0.115756
0.84375 0.34375 0.127401
0.84375 0.3125 0.139498
0.875 0.3125 0.168255
0.875 0.34375 0.156342
0.84375 0.34375 0.127401
0.8125 0.3125 0.11083
0.8125 0.25 0.137608
0.875 0.25 0.193824
0.875 0.3125 0.168255
0.8125 0.3125 0.11083
0.875 0.5 0.10648
0.875 0.4375 0.123495
0.9375 0.4375 0.183111
0.9375 0.5 0.167726
0.875 0.5 0.10648
0.875 0.4375 0.123495
0.875 0.375 0.144875
0.9375 0.375 0.203391
0.9375 0.4375 0.183111
0.875 0.4375 0.123495
0.9375 0.5 0.167726
0.9375 0.4375 0.183111
1 0.4375 0.243378
1 0.5 0.229378
0.9375 0.5 0.167726
0.9375 0.4375 0.183111
0.9375 0.375 0.203391
1 0.375 0.26246
1 0.4375 0.243378
0.9375 0.4375 0.183111
0.875 0.375 0.144875
0.875 0.3125 0.168255
0.9375 0.3125 0.225984
0.9375 0.375 0.203391
0.875 0.375 0.144875
0.875 0.3125 0.168255
0.875 0.25 0.193824
0.9375 0.25 0.250574
0.9375 0.3125 0.225984
0.875 0.3125 0.168255
0.9375 0.375 0.203391
0.9375 0.3125 0.225984
1 0.3125 0.284196
1 0.375 0.26246
0.9375 0.375 0.203391
0.9375 0.3125 0.225984
0.9375 0.25 0.250574
1 0.25 0.307953
1 0.3125 0.284196
0.9375 0.3125 0.225984
0.75 0.25 0.0828394
0.75 0.21875 0.0999695
0.78125 0.21875 0.125954
0.78125 0.25 0.109994
0.75 0.25 0.0828394
0.75 0.21875 0.0999695
0.75 0.1875 0.119254
0.78125 0.1875 0.143709
0.78125 0.21875 0.125954
0.75 0.21875 0.0999695
0.78125 0.25 0.109994
0.78125 0.21875 0.125954
0.8125 0.21875 0.152691
0.8125 0.25 0.137608
0.78125 0.25 0.109994
0.78125 0.21875 0.125954
0.78125 0.1875 0.143709
0.8125 0.1875 0.169252
0.8125 0.21875 0.152691
0.78125 0.21875 0.125954
0.75 0.1875 0.119254
0.75 0.125 0.163401
0.8125 0.125 0.207959
0.8125 0.1875 0.169252
0.75 0.1875 0.119254
0.8125 0.25 0.137608
0.8125 0.1875 0.169252
0.875 0.1875 0.222951
0.875 0.25 0.193824
0.8125 0.25 0.137608
0.8125 0.1875 0.169252
0.8125 0.125 0.207959
0.875 0.125 0.257012
0.875 0.1875 0.222951
0.8125 0.1875 0.169252
0.75 0.125 0.163401
0.75 0.0625 0.21299
0.8125 0.0625 0.251973
0.8125 0.125 0.207959
0.75 0.125 0.163401
0.75 0.0625 0.21299
0.75 0 0.267629
0.8125 0 0.302193
0.8125 0.0625 0.251973
0.75 0.0625 0.21299
0.8125 0.125 0.207959
0.8125 0.0625 0.251973
0.875 0.0625 0.296069
0.875 0.125 0.257012
0.8125 0.125 0.207959
0.8125 0.0625 0.251973
0.8125 0 0.302193
0.875 0 0.341958
0.875 0.0625 0.296069
0.8125 0.0625 0.251973
0.875 0.25 0.193824
0.875 0.125 0.257012
1 0.125 0.36486
1 0.25 0.307953
0.875 0.25 0.193824
0.875 0.125 0.257012
0.875 0 0.341958
1 0 0.441022
1 0.125 0.36486
0.875 0.125 0.257012
