0 1 0.462708
0 0.875 0.371802
0.125 0.875 0.278084
0.125 1 0.376885
0 1 0.462708
0 0.875 0.371802
0 0.75 0.28638
0.125 0.75 0.184007
0.125 0.875 0.278084
0 0.875 0.371802
0.125 1 0.376885
0.125 0.875 0.278084
0.25 0.875 0.200664
0.25 1 0.303853
0.125 1 0.376885
0.125 0.875 0.278084
0.125 0.8125 0.230136
0.1875 0.8125 0.188659
0.1875 0.875 0.238357
0.125 0.875 0.278084
0.125 0.8125 0.230136
0.125 0.75 0.184007
0.1875 0.75 0.139601
0.1875 0.8125 0.188659
0.125 0.8125 0.230136
0.1875 0.875 0.238357
0.1875 0.8125 0.188659
0.25 0.8125 0.150166
0.25 0.875 0.200664
0.1875 0.875 0.238357
0.1875 0.8125 0.188659
0.1875 0.75 0.139601
0.25 0.75 0.100187
0.25 0.8125 0.150166
0.1875 0.8125 0.188659
0 0.75 0.28638
0 0.6875 0.251586
0.0625 0.6875 0.194507
0.0625 0.75 0.232777
0 0.75 0.28638
0 0.6875 0.251586
0 0.625 0.223052
0.0625 0.625 0.162473
0.0625 0.6875 0.194507
0 0.6875 0.251586
0.0625 0.75 0.232777
0.0625 0.6875 0.194507
0.125 0.6875 0.140866
0.125 0.75 0.184007
0.0625 0.75 0.232777
0.0625 0.6875 0.194507
0.0625 0.625 0.162473
0.125 0.625 0.104861
0.125 0.6875 0.140866
0.0625 0.6875 0.194507
0 0.625 0.223052
0 0.5625 0.203379
0.0625 0.5625 0.140903
0.0625 0.625 0.162473
0 0.625 0.223052
0 0.5625 0.203379
0 0.5 0.19908
0.0625 0.5 0.136762
0.0625 0.5625 0.140903
0 0.5625 0.203379
0.0625 0.625 0.162473
0.0625 0.59375 0.150292
0.09375 0.59375 0.120234
0.09375 0.625 0.133458
0.0625 0.625 0.162473
0.0625 0.59375 0.150292
0.0625 0.5625 0.140903
0.09375 0.5625 0.110026
0.09375 0.59375 0.120234
0.0625 0.59375 0.150292
0.09375 0.625 0.133458
0.09375 0.59375 0.120234
0.125 0.59375 0.0903723
0.125 0.625 0.104861
0.09375 0.625 0.133458
0.09375 0.59375 0.120234
0.09375 0.5625 0.110026
0.125 0.5625 0.0791623
0.125 0.59375 0.0903723
0.09375 0.59375 0.120234
0.0625 0.5625 0.140903
0.0625 0.53125 0.134753
0.09375 0.53125 0.103506
0.09375 0.5625 0.110026
0.0625 0.5625 0.140903
0.0625 0.53125 0.134753
0.0625 0.5 0.136762
0.09375 0.5 0.105917
0.09375 0.53125 0.103506
0.0625 0.53125 0.134753
0.09375 0.5625 0.110026
0.09375 0.53125 0.103506
0.125 0.53125 0.0722736
0.125 0.5625 0.0791623
0.09375 0.5625 0.110026
0.09375 0.53125 0.103506
0.09375 0.5 0.105917
0.125 0.5 0.0751455
0.125 0.53125 0.0722736
0.09375 0.53125 0.103506
0.125 0.75 0.184007
0.125 0.6875 0.140866
0.1875 0.6875 0.0926229
0.1875 0.75 0.139601
0.125 0.75 0.184007
0.125 0.6875 0.140866
0.125 0.65625 0.121871
0.15625 0.65625 0.0955997
0.15625 0.6875 0.116116
0.125 0.6875 0.140866
0.125 0.65625 0.121871
0.125 0.625 0.104861
0.15625 0.625 0.0769264
0.15625 0.65625 0.0955997
0.125 0.65625 0.121871
0.15625 0.6875 0.116116
0.15625 0.65625 0.0955997
0.1875 0.65625 0.0704694
0.1875 0.6875 0.0926229
0.15625 0.6875 0.116116
0.15625 0.65625 0.0955997
0.15625 0.625 0.0769264
0.1875 0.625 0.0498744
0.1875 0.65625 0.0704694
0.15625 0.65625 0.0955997
0.1875 0.75 0.139601
0.1875 0.71875 0.115831
0.21875 0.71875 0.0950227
0.21875 0.75 0.119518
0.1875 0.75 0.139601
0.1875 0.71875 0.115831
0.1875 0.6875 0.0926229
0.21875 0.6875 0.0708792
0.21875 0.71875 0.0950227
0.1875 0.71875 0.115831
0.21875 0.75 0.119518
0.21875 0.71875 0.0950227
0.25 0.71875 0.075336
0.25 0.75 0.100187
0.21875 0.75 0.119518
0.21875 0.71875 0.0950227
0.21875 0.6875 0.0708792
0.25 0.6875 0.0506107
0.25 0.71875 0.075336
0.21875 0.71875 0.0950227
0.1875 0.6875 0.0926229
0.1875 0.65625 0.0704694
0.21875 0.65625 0.0472364
0.21875 0.6875 0.0708792
0.1875 0.6875 0.0926229
0.1875 0.65625 0.0704694
0.1875 0.625 0.0498744
0.21875 0.625 0.0244777
0.21875 0.65625 0.0472364
0.1875 0.65625 0.0704694
0.21875 0.6875 0.0708792
0.21875 0.65625 0.0472364
0.25 0.65625 0.0261018
0.25 0.6875 0.0506107
0.21875 0.6875 0.0708792
0.21875 0.65625 0.0472364
0.21875 0.625 0.0244777
0.25 0.625 0.00195213
0.25 0.65625 0.0261018
0.21875 0.65625 0.0472364
0.125 0.625 0.104861
0.125 0.59375 0.0903723
0.15625 0.59375 0.0608091
0.15625 0.625 0.0769264
0.125 0.625 0.104861
0.125 0.59375 0.0903723
0.125 0.5625 0.0791623
0.15625 0.5625 0.0482935
0.15625 0.59375 0.0608091
0.125 0.59375 0.0903723
0.15625 0.625 0.0769264
0.15625 0.59375 0.0608091
0.1875 0.59375 0.031672
0.1875 0.625 0.0498744
0.15625 0.625 0.0769264
0.15625 0.59375 0.0608091
0.15625 0.5625 0.0482935
0.1875 0.5625 0.0173967
0.1875 0.59375 0.031672
0.15625 0.59375 0.0608091
0.125 0.5625 0.0791623
0.125 0.53125 0.0722736
0.15625 0.53125 0.0410373
0.15625 0.5625 0.0482935
0.125 0.5625 0.0791623
0.125 0.53125 0.0722736
0.125 0.5 0.0751455
0.15625 0.5 0.0444897
0.15625 0.53125 0.0410373
0.125 0.53125 0.0722736
0.15625 0.5625 0.0482935
0.15625 0.53125 0.0410373
0.1875 0.53125 0.00979434
0.1875 0.5625 0.0173967
0.15625 0.5625 0.0482935
0.15625 0.53125 0.0410373
0.15625 0.5 0.0444897
0.1875 0.5 0.014026
0.1875 0.53125 0.00979434
0.15625 0.53125 0.0410373
0.1875 0.625 0.0498744
0.1875 0.59375 0.031672
0.21875 0.59375 0.00335255
0.21875 0.625 0.0244777
0.1875 0.625 0.0498744
0.1875 0.59375 0.031672
0.1875 0.5625 0.0173967
0.21875 0.5625 -0.0123988
0.21875 0.59375 0.00335255
0.1875 0.59375 0.031672
0.21875 0.625 0.0244777
0.21875 0.59375 0.00335255
0.25 0.59375 -0.0205218
0.25 0.625 0.00195213
0.21875 0.625 0.0244777
0.21875 0.59375 0.00335255
0.21875 0.5625 -0.0123988
0.25 0.5625 -0.0396271
0.25 0.59375 -0.0205218
0.21875 0.59375 0.00335255
0.1875 0.5625 0.0173967
0.1875 0.53125 0.00979434
0.21875 0.53125 -0.0206627
0.21875 0.5625 -0.0123988
0.1875 0.5625 0.0173967
0.1875 0.53125 0.00979434
0.1875 0.5 0.014026
0.21875 0.5 -0.0148841
0.21875 0.53125 -0.0206627
0.1875 0.53125 0.00979434
0.21875 0.5625 -0.0123988
0.21875 0.53125 -0.0206627
0.25 0.53125 -0.0502595
0.25 0.5625 -0.0396271
0.21875 0.5625 -0.0123988
0.21875 0.53125 -0.0206627
0.21875 0.5 -0.0148841
0.25 0.5 -0.0423206
0.25 0.53125 -0.0502595
0.21875 0.53125 -0.0206627
0.25 1 0.303853
0.25 0.9375 0.251952
0.3125 0.9375 0.216551
0.3125 1 0.269936
0.25 1 0.303853
0.25 0.9375 0.251952
0.25 0.875 0.200664
0.3125 0.875 0.163944
0.3125 0.9375 0.216551
0.25 0.9375 0.251952
0.3125 1 0.269936
0.3125 0.9375 0.216551
0.375 0.9375 0.18329
0.375 1 0.238918
0.3125 1 0.269936
0.3125 0.9375 0.216551
0.3125 0.875 0.163944
0.375 0.875 0.128662
0.375 0.9375 0.18329
0.3125 0.9375 0.216551
0.25 0.875 0.200664
0.25 0.8125 0.150166
0.3125 0.8125 0.112923
0.3125 0.875 0.163944
0.25 0.875 0.200664
0.25 0.8125 0.150166
0.25 0.78125 0.125138
0.28125 0.78125 0.106338
0.28125 0.8125 0.131474
0.25 0.8125 0.150166
0.25 0.78125 0.125138
0.25 0.75 0.100187
0.28125 0.75 0.0812784
0.28125 0.78125 0.106338
0.25 0.78125 0.125138
0.28125 0.8125 0.131474
0.28125 0.78125 0.106338
0.3125 0.78125 0.0876794
0.3125 0.8125 0.112923
0.28125 0.8125 0.131474
0.28125 0.78125 0.106338
0.28125 0.75 0.0812784
0.3125 0.75 0.0625451
0.3125 0.78125 0.0876794
0.28125 0.78125 0.106338
0.3125 0.875 0.163944
0.3125 0.84375 0.138332
0.34375 0.84375 0.120133
0.34375 0.875 0.14606
0.3125 0.875 0.163944
0.3125 0.84375 0.138332
0.3125 0.8125 0.112923
0.34375 0.8125 0.0944968
0.34375 0.84375 0.120133
0.3125 0.84375 0.138332
0.34375 0.875 0.14606
0.34375 0.84375 0.120133
0.375 0.84375 0.102273
0.375 0.875 0.128662
0.34375 0.875 0.14606
0.34375 0.84375 0.120133
0.34375 0.8125 0.0944968
0.375 0.8125 0.0762691
0.375 0.84375 0.102273
0.34375 0.84375 0.120133
0.3125 0.8125 0.112923
0.3125 0.78125 0.0876794
0.34375 0.78125 0.0691121
0.34375 0.8125 0.0944968
0.3125 0.8125 0.112923
0.3125 0.78125 0.0876794
0.3125 0.75 0.0625451
0.34375 0.75 0.0438868
0.34375 0.78125 0.0691121
0.3125 0.78125 0.0876794
0.34375 0.8125 0.0944968
0.34375 0.78125 0.0691121
0.375 0.78125 0.0506424
0.375 0.8125 0.0762691
0.34375 0.8125 0.0944968
0.34375 0.78125 0.0691121
0.34375 0.75 0.0438868
0.375 0.75 0.0252766
0.375 0.78125 0.0506424
0.34375 0.78125 0.0691121
0.375 1 0.238918
0.375 0.9375 0.18329
0.4375 0.9375 0.15418
0.4375 1 0.213144
0.375 1 0.238918
0.375 0.9375 0.18329
0.375 0.875 0.128662
0.4375 0.875 0.0966952
0.4375 0.9375 0.15418
0.375 0.9375 0.18329
0.4375 1 0.213144
0.4375 0.9375 0.15418
0.5 0.9375 0.135843
0.5 1 0.197838
0.4375 1 0.213144
0.4375 0.9375 0.15418
0.4375 0.90625 0.125248
0.46875 0.90625 0.113338
0.46875 0.9375 0.143265
0.4375 0.9375 0.15418
0.4375 0.90625 0.125248
0.4375 0.875 0.0966952
0.46875 0.875 0.0836764
0.46875 0.90625 0.113338
0.4375 0.90625 0.125248
0.46875 0.9375 0.143265
0.46875 0.90625 0.113338
0.5 0.90625 0.105034
0.5 0.9375 0.135843
0.46875 0.9375 0.143265
0.46875 0.90625 0.113338
0.46875 0.875 0.0836764
0.5 0.875 0.0743217
0.5 0.90625 0.105034
0.46875 0.90625 0.113338
0.375 0.875 0.128662
0.375 0.84375 0.102273
0.40625 0.84375 0.0849583
0.40625 0.875 0.112044
0.375 0.875 0.128662
0.375 0.84375 0.102273
0.375 0.8125 0.0762691
0.40625 0.8125 0.0583807
0.40625 0.84375 0.0849583
0.375 0.84375 0.102273
0.40625 0.875 0.112044
0.40625 0.84375 0.0849583
0.4375 0.84375 0.0686317
0.4375 0.875 0.0966952
0.40625 0.875 0.112044
0.40625 0.84375 0.0849583
0.40625 0.8125 0.0583807
0.4375 0.8125 0.041122
0.4375 0.84375 0.0686317
0.40625 0.84375 0.0849583
0.375 0.8125 0.0762691
0.375 0.78125 0.0506424
0.40625 0.78125 0.0323304
0.40625 0.8125 0.0583807
0.375 0.8125 0.0762691
0.375 0.78125 0.0506424
0.375 0.75 0.0252766
0.40625 0.75 0.00671285
0.40625 0.78125 0.0323304
0.375 0.78125 0.0506424
0.40625 0.8125 0.0583807
0.40625 0.78125 0.0323304
0.4375 0.78125 0.0142422
0.4375 0.8125 0.041122
0.40625 0.8125 0.0583807
0.40625 0.78125 0.0323304
0.40625 0.75 0.00671285
0.4375 0.75 -0.0115374
0.4375 0.78125 0.0142422
0.40625 0.78125 0.0323304
0.4375 0.875 0.0966952
0.4375 0.84375 0.0686317
0.46875 0.84375 0.0543531
0.46875 0.875 0.0836764
0.4375 0.875 0.0966952
0.4375 0.84375 0.0686317
0.4375 0.8125 0.041122
0.46875 0.8125 0.0254788
0.46875 0.84375 0.0543531
0.4375 0.84375 0.0686317
0.46875 0.875 0.0836764
0.46875 0.84375 0.0543531
0.5 0.84375 0.043737
0.5 0.875 0.0743217
0.46875 0.875 0.0836764
0.46875 0.84375 0.0543531
0.46875 0.8125 0.0254788
0.5 0.8125 0.0133344
0.5 0.84375 0.043737
0.46875 0.84375 0.0543531
0.4375 0.8125 0.041122
0.4375 0.78125 0.0142422
0.46875 0.78125 -0.0026891
0.46875 0.8125 0.0254788
0.4375 0.8125 0.041122
0.4375 0.78125 0.0142422
0.4375 0.75 -0.0115374
0.46875 0.75 -0.0290657
0.46875 0.78125 -0.0026891
0.4375 0.78125 0.0142422
0.46875 0.8125 0.0254788
0.46875 0.78125 -0.0026891
0.5 0.78125 -0.0162563
0.5 0.8125 0.0133344
0.46875 0.8125 0.0254788
0.46875 0.78125 -0.0026891
0.46875 0.75 -0.0290657
0.5 0.75 -0.044533
0.5 0.78125 -0.0162563
0.46875 0.78125 -0.0026891
0.25 0.75 0.100187
0.25 0.71875 0.075336
0.28125 0.71875 0.0562705
0.28125 0.75 0.0812784
0.25 0.75 0.100187
0.25 0.71875 0.075336
0.25 0.6875 0.0506107
0.28125 0.6875 0.0313116
0.28125 0.71875 0.0562705
0.25 0.71875 0.075336
0.28125 0.75 0.0812784
0.28125 0.71875 0.0562705
0.3125 0.71875 0.0374786
0.3125 0.75 0.0625451
0.28125 0.75 0.0812784
0.28125 0.71875 0.0562705
0.28125 0.6875 0.0313116
0.3125 0.6875 0.0124456
0.3125 0.71875 0.0374786
0.28125 0.71875 0.0562705
0.25 0.6875 0.0506107
0.25 0.65625 0.0261018
0.28125 0.65625 0.00641746
0.28125 0.6875 0.0313116
0.25 0.6875 0.0506107
0.25 0.65625 0.0261018
0.25 0.625 0.00195213
0.28125 0.625 -0.0181164
0.28125 0.65625 0.00641746
0.25 0.65625 0.0261018
0.28125 0.6875 0.0313116
0.28125 0.65625 0.00641746
0.3125 0.65625 -0.0125325
0.3125 0.6875 0.0124456
0.28125 0.6875 0.0313116
0.28125 0.65625 0.00641746
0.28125 0.625 -0.0181164
0.3125 0.625 -0.0373597
0.3125 0.65625 -0.0125325
0.28125 0.65625 0.00641746
0.3125 0.75 0.0625451
0.3125 0.71875 0.0374786
0.34375 0.71875 0.0187747
0.34375 0.75 0.0438868
0.3125 0.75 0.0625451
0.3125 0.71875 0.0374786
0.3125 0.6875 0.0124456
0.34375 0.6875 -0.00628612
0.34375 0.71875 0.0187747
0.3125 0.71875 0.0374786
0.34375 0.75 0.0438868
0.34375 0.71875 0.0187747
0.375 0.71875 0.000118974
0.375 0.75 0.0252766
0.34375 0.75 0.0438868
0.34375 0.71875 0.0187747
0.34375 0.6875 -0.00628612
0.375 0.6875 -0.0249658
0.375 0.71875 0.000118974
0.34375 0.71875 0.0187747
0.3125 0.6875 0.0124456
0.3125 0.65625 -0.0125325
0.34375 0.65625 -0.0313087
0.34375 0.6875 -0.00628612
0.3125 0.6875 0.0124456
0.3125 0.65625 -0.0125325
0.3125 0.625 -0.0373597
0.34375 0.625 -0.0562697
0.34375 0.65625 -0.0313087
0.3125 0.65625 -0.0125325
0.34375 0.6875 -0.00628612
0.34375 0.65625 -0.0313087
0.375 0.65625 -0.0500237
0.375 0.6875 -0.0249658
0.34375 0.6875 -0.00628612
0.34375 0.65625 -0.0313087
0.34375 0.625 -0.0562697
0.375 0.625 -0.0750464
0.375 0.65625 -0.0500237
0.34375 0.65625 -0.0313087
0.25 0.625 0.00195213
0.25 0.59375 -0.0205218
0.28125 0.59375 -0.0419176
0.28125 0.625 -0.0181164
0.25 0.625 0.00195213
0.25 0.59375 -0.0205218
0.25 0.5625 -0.0396271
0.28125 0.5625 -0.0639726
0.28125 0.59375 -0.0419176
0.25 0.59375 -0.0205218
0.28125 0.625 -0.0181164
0.28125 0.59375 -0.0419176
0.3125 0.59375 -0.061868
0.3125 0.625 -0.0373597
0.28125 0.625 -0.0181164
0.28125 0.59375 -0.0419176
0.28125 0.5625 -0.0639726
0.3125 0.5625 -0.0855836
0.3125 0.59375 -0.061868
0.28125 0.59375 -0.0419176
0.25 0.5625 -0.0396271
0.25 0.53125 -0.0502595
0.28125 0.53125 -0.07921
0.28125 0.5625 -0.0639726
0.25 0.5625 -0.0396271
0.25 0.53125 -0.0502595
0.25 0.5 -0.0423206
0.28125 0.5 -0.0692257
0.28125 0.53125 -0.07921
0.25 0.53125 -0.0502595
0.28125 0.5625 -0.0639726
0.28125 0.53125 -0.07921
0.3125 0.53125 -0.105725
0.3125 0.5625 -0.0855836
0.28125 0.5625 -0.0639726
0.28125 0.53125 -0.07921
0.28125 0.5 -0.0692257
0.3125 0.5 -0.0957176
0.3125 0.53125 -0.105725
0.28125 0.53125 -0.07921
0.3125 0.625 -0.0373597
0.3125 0.59375 -0.061868
0.34375 0.59375 -0.0810957
0.34375 0.625 -0.0562697
0.3125 0.625 -0.0373597
0.3125 0.59375 -0.061868
0.3125 0.5625 -0.0855836
0.34375 0.5625 -0.105588
0.34375 0.59375 -0.0810957
0.3125 0.59375 -0.061868
0.34375 0.625 -0.0562697
0.34375 0.59375 -0.0810957
0.375 0.59375 -0.100007
0.375 0.625 -0.0750464
0.34375 0.625 -0.0562697
0.34375 0.59375 -0.0810957
0.34375 0.5625 -0.105588
0.375 0.5625 -0.12483
0.375 0.59375 -0.100007
0.34375 0.59375 -0.0810957
0.3125 0.5625 -0.0855836
0.3125 0.53125 -0.105725
0.34375 0.53125 -0.12877
0.34375 0.5625 -0.105588
0.3125 0.5625 -0.0855836
0.3125 0.53125 -0.105725
0.3125 0.5 -0.0957176
0.34375 0.5 -0.121869
0.34375 0.53125 -0.12877
0.3125 0.53125 -0.105725
0.34375 0.5625 -0.105588
0.34375 0.53125 -0.12877
0.375 0.53125 -0.148966
0.375 0.5625 -0.12483
0.34375 0.5625 -0.105588
0.34375 0.53125 -0.12877
0.34375 0.5 -0.121869
0.375 0.5 -0.147728
0.375 0.53125 -0.148966
0.34375 0.53125 -0.12877
0.375 0.75 0.0252766
0.375 0.71875 0.000118974
0.40625 0.71875 -0.0184715
0.40625 0.75 0.00671285
0.375 0.75 0.0252766
0.375 0.71875 0.000118974
0.375 0.6875 -0.0249658
0.40625 0.6875 -0.0435948
0.40625 0.71875 -0.0184715
0.375 0.71875 0.000118974
0.40625 0.75 0.00671285
0.40625 0.71875 -0.0184715
0.4375 0.71875 -0.0369006
0.4375 0.75 -0.0115374
0.40625 0.75 0.00671285
0.40625 0.71875 -0.0184715
0.40625 0.6875 -0.0435948
0.4375 0.6875 -0.0621303
0.4375 0.71875 -0.0369006
0.40625 0.71875 -0.0184715
0.375 0.6875 -0.0249658
0.375 0.65625 -0.0500237
0.40625 0.65625 -0.0686896
0.40625 0.6875 -0.0435948
0.375 0.6875 -0.0249658
0.375 0.65625 -0.0500237
0.375 0.625 -0.0750464
0.40625 0.625 -0.0937563
0.40625 0.65625 -0.0686896
0.375 0.65625 -0.0500237
0.40625 0.6875 -0.0435948
0.40625 0.65625 -0.0686896
0.4375 0.65625 -0.0872889
0.4375 0.6875 -0.0621303
0.40625 0.6875 -0.0435948
0.40625 0.65625 -0.0686896
0.40625 0.625 -0.0937563
0.4375 0.625 -0.112405
0.4375 0.65625 -0.0872889
0.40625 0.65625 -0.0686896
0.4375 0.75 -0.0115374
0.4375 0.71875 -0.0369006
0.46875 0.71875 -0.054915
0.46875 0.75 -0.0290657
0.4375 0.75 -0.0115374
0.4375 0.71875 -0.0369006
0.4375 0.6875 -0.0621303
0.46875 0.6875 -0.0804295
0.46875 0.71875 -0.054915
0.4375 0.71875 -0.0369006
0.46875 0.75 -0.0290657
0.46875 0.71875 -0.054915
0.5 0.71875 -0.0716946
0.5 0.75 -0.044533
0.46875 0.75 -0.0290657
0.46875 0.71875 -0.054915
0.46875 0.6875 -0.0804295
0.5 0.6875 -0.0980261
0.5 0.71875 -0.0716946
0.46875 0.71875 -0.054915
0.4375 0.6875 -0.0621303
0.4375 0.65625 -0.0872889
0.46875 0.65625 -0.105754
0.46875 0.6875 -0.0804295
0.4375 0.6875 -0.0621303
0.4375 0.65625 -0.0872889
0.4375 0.625 -0.112405
0.46875 0.625 -0.130955
0.46875 0.65625 -0.105754
0.4375 0.65625 -0.0872889
0.46875 0.6875 -0.0804295
0.46875 0.65625 -0.105754
0.5 0.65625 -0.123837
0.5 0.6875 -0.0980261
0.46875 0.6875 -0.0804295
0.46875 0.65625 -0.105754
0.46875 0.625 -0.130955
0.5 0.625 -0.149285
0.5 0.65625 -0.123837
0.46875 0.65625 -0.105754
0.375 0.625 -0.0750464
0.375 0.59375 -0.100007
0.40625 0.59375 -0.118784
0.40625 0.625 -0.0937563
0.375 0.625 -0.0750464
0.375 0.59375 -0.100007
0.375 0.5625 -0.12483
0.40625 0.5625 -0.143745
0.40625 0.59375 -0.118784
0.375 0.59375 -0.100007
0.40625 0.625 -0.0937563
0.40625 0.59375 -0.118784
0.4375 0.59375 -0.137486
0.4375 0.625 -0.112405
0.40625 0.625 -0.0937563
0.40625 0.59375 -0.118784
0.40625 0.5625 -0.143745
0.4375 0.5625 -0.162523
0.4375 0.59375 -0.137486
0.40625 0.59375 -0.118784
0.375 0.5625 -0.12483
0.375 0.5 -0.147728
0.4375 0.5 -0.198396
0.4375 0.5625 -0.162523
0.375 0.5625 -0.12483
0.4375 0.625 -0.112405
0.4375 0.5625 -0.162523
0.5 0.5625 -0.19981
0.5 0.625 -0.149285
0.4375 0.625 -0.112405
0.4375 0.5625 -0.162523
0.4375 0.5 -0.198396
0.5 0.5 -0.23829
0.5 0.5625 -0.19981
0.4375 0.5625 -0.162523
0 0.5 0.19908
0 0.4375 0.212445
0.0625 0.4375 0.152927
0.0625 0.5 0.136762
0 0.5 0.19908
0 0.4375 0.212445
0 0.375 0.236699
0.0625 0.375 0.180668
0.0625 0.4375 0.152927
0 0.4375 0.212445
0.0625 0.5 0.136762
0.0625 0.46875 0.143047
0.09375 0.46875 0.113087
0.09375 0.5 0.105917
0.0625 0.5 0.136762
0.0625 0.46875 0.143047
0.0625 0.4375 0.152927
0.09375 0.4375 0.124043
0.09375 0.46875 0.113087
0.0625 0.46875 0.143047
0.09375 0.5 0.105917
0.09375 0.46875 0.113087
0.125 0.46875 0.0833807
0.125 0.5 0.0751455
0.09375 0.5 0.105917
0.09375 0.46875 0.113087
0.09375 0.4375 0.124043
0.125 0.4375 0.095563
0.125 0.46875 0.0833807
0.09375 0.46875 0.113087
0.0625 0.4375 0.152927
0.0625 0.375 0.180668
0.125 0.375 0.127308
0.125 0.4375 0.095563
0.0625 0.4375 0.152927
0 0.375 0.236699
0 0.3125 0.267653
0.0625 0.3125 0.214439
0.0625 0.375 0.180668
0 0.375 0.236699
0 0.3125 0.267653
0 0.25 0.302222
0.0625 0.25 0.250601
0.0625 0.3125 0.214439
0 0.3125 0.267653
0.0625 0.375 0.180668
0.0625 0.3125 0.214439
0.125 0.3125 0.163131
0.125 0.375 0.127308
0.0625 0.375 0.180668
0.0625 0.3125 0.214439
0.0625 0.25 0.250601
0.125 0.25 0.200093
0.125 0.3125 0.163131
0.0625 0.3125 0.214439
0.125 0.5 0.0751455
0.125 0.46875 0.0833807
0.15625 0.46875 0.0540737
0.15625 0.5 0.0444897
0.125 0.5 0.0751455
0.125 0.46875 0.0833807
0.125 0.4375 0.095563
0.15625 0.4375 0.0677912
0.15625 0.46875 0.0540737
0.125 0.46875 0.0833807
0.15625 0.5 0.0444897
0.15625 0.46875 0.0540737
0.1875 0.46875 0.0253985
0.1875 0.5 0.014026
0.15625 0.5 0.0444897
0.15625 0.46875 0.0540737
0.15625 0.4375 0.0677912
0.1875 0.4375 0.0406847
0.1875 0.46875 0.0253985
0.15625 0.46875 0.0540737
0.125 0.4375 0.095563
0.125 0.40625 0.110593
0.15625 0.40625 0.0839528
0.15625 0.4375 0.0677912
0.125 0.4375 0.095563
0.125 0.40625 0.110593
0.125 0.375 0.127308
0.15625 0.375 0.101388
0.15625 0.40625 0.0839528
0.125 0.40625 0.110593
0.15625 0.4375 0.0677912
0.15625 0.40625 0.0839528
0.1875 0.40625 0.0578261
0.1875 0.4375 0.0406847
0.15625 0.4375 0.0677912
0.15625 0.40625 0.0839528
0.15625 0.375 0.101388
0.1875 0.375 0.075795
0.1875 0.40625 0.0578261
0.15625 0.40625 0.0839528
0.1875 0.5 0.014026
0.1875 0.46875 0.0253985
0.21875 0.46875 -0.00238197
0.21875 0.5 -0.0148841
0.1875 0.5 0.014026
0.1875 0.46875 0.0253985
0.1875 0.4375 0.0406847
0.21875 0.4375 0.0142989
0.21875 0.46875 -0.00238197
0.1875 0.46875 0.0253985
0.21875 0.5 -0.0148841
0.21875 0.46875 -0.00238197
0.25 0.46875 -0.0283498
0.25 0.5 -0.0423206
0.21875 0.5 -0.0148841
0.21875 0.46875 -0.00238197
0.21875 0.4375 0.0142989
0.25 0.4375 -0.0114285
0.25 0.46875 -0.0283498
0.21875 0.46875 -0.00238197
0.1875 0.4375 0.0406847
0.1875 0.40625 0.0578261
0.21875 0.40625 0.03213
0.21875 0.4375 0.0142989
0.1875 0.4375 0.0406847
0.1875 0.40625 0.0578261
0.1875 0.375 0.075795
0.21875 0.375 0.050438
0.21875 0.40625 0.03213
0.1875 0.40625 0.0578261
0.21875 0.4375 0.0142989
0.21875 0.40625 0.03213
0.25 0.40625 0.00674286
0.25 0.4375 -0.0114285
0.21875 0.4375 0.0142989
0.21875 0.40625 0.03213
0.21875 0.375 0.050438
0.25 0.375 0.0252301
0.25 0.40625 0.00674286
0.21875 0.40625 0.03213
0.125 0.375 0.127308
0.125 0.34375 0.14496
0.15625 0.34375 0.119456
0.15625 0.375 0.101388
0.125 0.375 0.127308
0.125 0.34375 0.14496
0.125 0.3125 0.163131
0.15625 0.3125 0.137841
0.15625 0.34375 0.119456
0.125 0.34375 0.14496
0.15625 0.375 0.101388
0.15625 0.34375 0.119456
0.1875 0.34375 0.0941391
0.1875 0.375 0.075795
0.15625 0.375 0.101388
0.15625 0.34375 0.119456
0.15625 0.3125 0.137841
0.1875 0.3125 0.112659
0.1875 0.34375 0.0941391
0.15625 0.34375 0.119456
0.125 0.3125 0.163131
0.125 0.25 0.200093
0.1875 0.25 0.150003
0.1875 0.3125 0.112659
0.125 0.3125 0.163131
0.1875 0.375 0.075795
0.1875 0.34375 0.0941391
0.21875 0.34375 0.0689448
0.21875 0.375 0.050438
0.1875 0.375 0.075795
0.1875 0.34375 0.0941391
0.1875 0.3125 0.112659
0.21875 0.3125 0.0875545
0.21875 0.34375 0.0689448
0.1875 0.34375 0.0941391
0.21875 0.375 0.050438
0.21875 0.34375 0.0689448
0.25 0.34375 0.0438289
0.25 0.375 0.0252301
0.21875 0.375 0.050438
0.21875 0.34375 0.0689448
0.21875 0.3125 0.0875545
0.25 0.3125 0.0625037
0.25 0.34375 0.0438289
0.21875 0.34375 0.0689448
0.1875 0.3125 0.112659
0.1875 0.28125 0.131283
0.21875 0.28125 0.10625
0.21875 0.3125 0.0875545
0.1875 0.3125 0.112659
0.1875 0.28125 0.131283
0.1875 0.25 0.150003
0.21875 0.25 0.125047
0.21875 0.28125 0.10625
0.1875 0.28125 0.131283
0.21875 0.3125 0.0875545
0.21875 0.28125 0.10625
0.25 0.28125 0.0812656
0.25 0.3125 0.0625037
0.21875 0.3125 0.0875545
0.21875 0.28125 0.10625
0.21875 0.25 0.125047
0.25 0.25 0.100156
0.25 0.28125 0.0812656
0.21875 0.28125 0.10625
0 0.25 0.302222
0 0.125 0.375344
0.125 0.125 0.275929
0.125 0.25 0.200093
0 0.25 0.302222
0 0.125 0.375344
0 0 0.456667
0.125 0 0.361737
0.125 0.125 0.275929
0 0.125 0.375344
0.125 0.25 0.200093
0.125 0.1875 0.237563
0.1875 0.1875 0.187952
0.1875 0.25 0.150003
0.125 0.25 0.200093
0.125 0.1875 0.237563
0.125 0.125 0.275929
0.1875 0.125 0.227305
0.1875 0.1875 0.187952
0.125 0.1875 0.237563
0.1875 0.25 0.150003
0.1875 0.1875 0.187952
0.25 0.1875 0.13878
0.25 0.25 0.100156
0.1875 0.25 0.150003
0.1875 0.1875 0.187952
0.1875 0.125 0.227305
0.25 0.125 0.179994
0.25 0.1875 0.13878
0.1875 0.1875 0.187952
0.125 0.125 0.275929
0.125 0 0.361737
0.25 0 0.274818
0.25 0.125 0.179994
0.125 0.125 0.275929
0.25 0.5 -0.0423206
0.25 0.46875 -0.0283498
0.28125 0.46875 -0.0541013
0.28125 0.5 -0.0692257
0.25 0.5 -0.0423206
0.25 0.46875 -0.0283498
0.25 0.4375 -0.0114285
0.28125 0.4375 -0.0367108
0.28125 0.46875 -0.0541013
0.25 0.46875 -0.0283498
0.28125 0.5 -0.0692257
0.28125 0.46875 -0.0541013
0.3125 0.46875 -0.0796746
0.3125 0.5 -0.0957176
0.28125 0.5 -0.0692257
0.28125 0.46875 -0.0541013
0.28125 0.4375 -0.0367108
0.3125 0.4375 -0.06193
0.3125 0.46875 -0.0796746
0.28125 0.46875 -0.0541013
0.25 0.4375 -0.0114285
0.25 0.40625 0.00674286
0.28125 0.40625 -0.0184273
0.28125 0.4375 -0.0367108
0.25 0.4375 -0.0114285
0.25 0.40625 0.00674286
0.25 0.375 0.0252301
0.28125 0.375 0.000111905
0.28125 0.40625 -0.0184273
0.25 0.40625 0.00674286
0.28125 0.4375 -0.0367108
0.28125 0.40625 -0.0184273
0.3125 0.40625 -0.043534
0.3125 0.4375 -0.06193
0.28125 0.4375 -0.0367108
0.28125 0.40625 -0.0184273
0.28125 0.375 0.000111905
0.3125 0.375 -0.0249352
0.3125 0.40625 -0.043534
0.28125 0.40625 -0.0184273
0.3125 0.5 -0.0957176
0.3125 0.46875 -0.0796746
0.34375 0.46875 -0.105104
0.34375 0.5 -0.121869
0.3125 0.5 -0.0957176
0.3125 0.46875 -0.0796746
0.3125 0.4375 -0.06193
0.34375 0.4375 -0.0870893
0.34375 0.46875 -0.105104
0.3125 0.46875 -0.0796746
0.34375 0.5 -0.121869
0.34375 0.46875 -0.105104
0.375 0.46875 -0.130415
0.375 0.5 -0.147728
0.34375 0.5 -0.121869
0.34375 0.46875 -0.105104
0.34375 0.4375 -0.0870893
0.375 0.4375 -0.112181
0.375 0.46875 -0.130415
0.34375 0.46875 -0.105104
0.3125 0.4375 -0.06193
0.3125 0.40625 -0.043534
0.34375 0.40625 -0.0685915
0.34375 0.4375 -0.0870893
0.3125 0.4375 -0.06193
0.3125 0.40625 -0.043534
0.3125 0.375 -0.0249352
0.34375 0.375 -0.0499284
0.34375 0.40625 -0.0685915
0.3125 0.40625 -0.043534
0.34375 0.4375 -0.0870893
0.34375 0.40625 -0.0685915
0.375 0.40625 -0.093576
0.375 0.4375 -0.112181
0.34375 0.4375 -0.0870893
0.34375 0.40625 -0.0685915
0.34375 0.375 -0.0499284
0.375 0.375 -0.0748224
0.375 0.40625 -0.093576
0.34375 0.40625 -0.0685915
0.25 0.375 0.0252301
0.25 0.34375 0.0438289
0.28125 0.34375 0.018766
0.28125 0.375 0.000111905
0.25 0.375 0.0252301
0.25 0.34375 0.0438289
0.25 0.3125 0.0625037
0.28125 0.3125 0.0374971
0.28125 0.34375 0.018766
0.25 0.34375 0.0438289
0.28125 0.375 0.000111905
0.28125 0.34375 0.018766
0.3125 0.34375 -0.00625337
0.3125 0.375 -0.0249352
0.28125 0.375 0.000111905
0.28125 0.34375 0.018766
0.28125 0.3125 0.0374971
0.3125 0.3125 0.0125329
0.3125 0.34375 -0.00625337
0.28125 0.34375 0.018766
0.25 0.3125 0.0625037
0.25 0.28125 0.0812656
0.28125 0.28125 0.0563341
0.28125 0.3125 0.0374971
0.25 0.3125 0.0625037
0.25 0.28125 0.0812656
0.25 0.25 0.100156
0.28125 0.25 0.0753613
0.28125 0.28125 0.0563341
0.25 0.28125 0.0812656
0.28125 0.3125 0.0374971
0.28125 0.28125 0.0563341
0.3125 0.28125 0.0314777
0.3125 0.3125 0.0125329
0.28125 0.3125 0.0374971
0.28125 0.28125 0.0563341
0.28125 0.25 0.0753613
0.3125 0.25 0.0507277
0.3125 0.28125 0.0314777
0.28125 0.28125 0.0563341
0.3125 0.375 -0.0249352
0.3125 0.34375 -0.00625337
0.34375 0.34375 -0.0311772
0.34375 0.375 -0.0499284
0.3125 0.375 -0.0249352
0.3125 0.34375 -0.00625337
0.3125 0.3125 0.0125329
0.34375 0.3125 -0.0123174
0.34375 0.34375 -0.0311772
0.3125 0.34375 -0.00625337
0.34375 0.375 -0.0499284
0.34375 0.34375 -0.0311772
0.375 0.34375 -0.0559339
0.375 0.375 -0.0748224
0.34375 0.375 -0.0499284
0.34375 0.34375 -0.0311772
0.34375 0.3125 -0.0123174
0.375 0.3125 -0.0368511
0.375 0.34375 -0.0559339
0.34375 0.34375 -0.0311772
0.3125 0.3125 0.0125329
0.3125 0.28125 0.0314777
0.34375 0.28125 0.00675037
0.34375 0.3125 -0.0123174
0.3125 0.3125 0.0125329
0.3125 0.28125 0.0314777
0.3125 0.25 0.0507277
0.34375 0.25 0.0263703
0.34375 0.28125 0.00675037
0.3125 0.28125 0.0314777
0.34375 0.3125 -0.0123174
0.34375 0.28125 0.00675037
0.375 0.28125 -0.0174536
0.375 0.3125 -0.0368511
0.34375 0.3125 -0.0123174
0.34375 0.28125 0.00675037
0.34375 0.25 0.0263703
0.375 0.25 0.00253295
0.375 0.28125 -0.0174536
0.34375 0.28125 0.00675037
0.375 0.5 -0.147728
0.375 0.4375 -0.112181
0.4375 0.4375 -0.161979
0.4375 0.5 -0.198396
0.375 0.5 -0.147728
0.375 0.4375 -0.112181
0.375 0.40625 -0.093576
0.40625 0.40625 -0.118433
0.40625 0.4375 -0.137172
0.375 0.4375 -0.112181
0.375 0.40625 -0.093576
0.375 0.375 -0.0748224
0.40625 0.375 -0.0995064
0.40625 0.40625 -0.118433
0.375 0.40625 -0.093576
0.40625 0.4375 -0.137172
0.40625 0.40625 -0.118433
0.4375 0.40625 -0.143024
0.4375 0.4375 -0.161979
0.40625 0.4375 -0.137172
0.40625 0.40625 -0.118433
0.40625 0.375 -0.0995064
0.4375 0.375 -0.123695
0.4375 0.40625 -0.143024
0.40625 0.40625 -0.118433
0.4375 0.5 -0.198396
0.4375 0.4375 -0.161979
0.5 0.4375 -0.199013
0.5 0.5 -0.23829
0.4375 0.5 -0.198396
0.4375 0.4375 -0.161979
0.4375 0.375 -0.123695
0.5 0.375 -0.148689
0.5 0.4375 -0.199013
0.4375 0.4375 -0.161979
0.375 0.375 -0.0748224
0.375 0.34375 -0.0559339
0.40625 0.34375 -0.0803233
0.40625 0.375 -0.0995064
0.375 0.375 -0.0748224
0.375 0.34375 -0.0559339
0.375 0.3125 -0.0368511
0.40625 0.3125 -0.0607575
0.40625 0.34375 -0.0803233
0.375 0.34375 -0.0559339
0.40625 0.375 -0.0995064
0.40625 0.34375 -0.0803233
0.4375 0.34375 -0.103912
0.4375 0.375 -0.123695
0.40625 0.375 -0.0995064
0.40625 0.34375 -0.0803233
0.40625 0.3125 -0.0607575
0.4375 0.3125 -0.0832991
0.4375 0.34375 -0.103912
0.40625 0.34375 -0.0803233
0.375 0.3125 -0.0368511
0.375 0.28125 -0.0174536
0.40625 0.28125 -0.0405691
0.40625 0.3125 -0.0607575
0.375 0.3125 -0.0368511
0.375 0.28125 -0.0174536
0.375 0.25 0.00253295
0.40625 0.25 -0.0194324
0.40625 0.28125 -0.0405691
0.375 0.28125 -0.0174536
0.40625 0.3125 -0.0607575
0.40625 0.28125 -0.0405691
0.4375 0.28125 -0.0615735
0.4375 0.3125 -0.0832991
0.40625 0.3125 -0.0607575
0.40625 0.28125 -0.0405691
0.40625 0.25 -0.0194324
0.4375 0.25 -0.038274
0.4375 0.28125 -0.0615735
0.40625 0.28125 -0.0405691
0.4375 0.375 -0.123695
0.4375 0.34375 -0.103912
0.46875 0.34375 -0.125502
0.46875 0.375 -0.14695
0.4375 0.375 -0.123695
0.4375 0.34375 -0.103912
0.4375 0.3125 -0.0832991
0.46875 0.3125 -0.102777
0.46875 0.34375 -0.125502
0.4375 0.34375 -0.103912
0.46875 0.375 -0.14695
0.46875 0.34375 -0.125502
0.5 0.34375 -0.123075
0.5 0.375 -0.148689
0.46875 0.375 -0.14695
0.46875 0.34375 -0.125502
0.46875 0.3125 -0.102777
0.5 0.3125 -0.0971764
0.5 0.34375 -0.123075
0.46875 0.34375 -0.125502
0.4375 0.3125 -0.0832991
0.4375 0.28125 -0.0615735
0.46875 0.28125 -0.078091
0.46875 0.3125 -0.102777
0.4375 0.3125 -0.0832991
0.4375 0.28125 -0.0615735
0.4375 0.25 -0.038274
0.46875 0.25 -0.0512122
0.46875 0.28125 -0.078091
0.4375 0.28125 -0.0615735
0.46875 0.3125 -0.102777
0.46875 0.28125 -0.078091
0.5 0.28125 -0.0708189
0.5 0.3125 -0.0971764
0.46875 0.3125 -0.102777
0.46875 0.28125 -0.078091
0.46875 0.25 -0.0512122
0.5 0.25 -0.0439151
0.5 0.28125 -0.0708189
0.46875 0.28125 -0.078091
0.25 0.25 0.100156
0.25 0.21875 0.119281
0.28125 0.21875 0.0947361
0.28125 0.25 0.0753613
0.25 0.25 0.100156
0.25 0.21875 0.119281
0.25 0.1875 0.13878
0.28125 0.1875 0.114689
0.28125 0.21875 0.0947361
0.25 0.21875 0.119281
0.28125 0.25 0.0753613
0.28125 0.21875 0.0947361
0.3125 0.21875 0.0705353
0.3125 0.25 0.0507277
0.28125 0.25 0.0753613
0.28125 0.21875 0.0947361
0.28125 0.1875 0.114689
0.3125 0.1875 0.0912001
0.3125 0.21875 0.0705353
0.28125 0.21875 0.0947361
0.25 0.1875 0.13878
0.25 0.125 0.179994
0.3125 0.125 0.136057
0.3125 0.1875 0.0912001
0.25 0.1875 0.13878
0.3125 0.25 0.0507277
0.3125 0.21875 0.0705353
0.34375 0.21875 0.0468653
0.34375 0.25 0.0263703
0.3125 0.25 0.0507277
0.3125 0.21875 0.0705353
0.3125 0.1875 0.0912001
0.34375 0.1875 0.0685956
0.34375 0.21875 0.0468653
0.3125 0.21875 0.0705353
0.34375 0.25 0.0263703
0.34375 0.21875 0.0468653
0.375 0.21875 0.0241329
0.375 0.25 0.00253295
0.34375 0.25 0.0263703
0.34375 0.21875 0.0468653
0.34375 0.1875 0.0685956
0.375 0.1875 0.0475298
0.375 0.21875 0.0241329
0.34375 0.21875 0.0468653
0.3125 0.1875 0.0912001
0.3125 0.15625 0.113009
0.34375 0.15625 0.0917713
0.34375 0.1875 0.0685956
0.3125 0.1875 0.0912001
0.3125 0.15625 0.113009
0.3125 0.125 0.136057
0.34375 0.125 0.116418
0.34375 0.15625 0.0917713
0.3125 0.15625 0.113009
0.34375 0.1875 0.0685956
0.34375 0.15625 0.0917713
0.375 0.15625 0.0727948
0.375 0.1875 0.0475298
0.34375 0.1875 0.0685956
0.34375 0.15625 0.0917713
0.34375 0.125 0.116418
0.375 0.125 0.0992804
0.375 0.15625 0.0727948
0.34375 0.15625 0.0917713
0.25 0.125 0.179994
0.25 0.0625 0.224905
0.3125 0.0625 0.185571
0.3125 0.125 0.136057
0.25 0.125 0.179994
0.25 0.0625 0.224905
0.25 0 0.274818
0.3125 0 0.240089
0.3125 0.0625 0.185571
0.25 0.0625 0.224905
0.3125 0.125 0.136057
0.3125 0.0625 0.185571
0.375 0.0625 0.155094
0.375 0.125 0.0992804
0.3125 0.125 0.136057
0.3125 0.0625 0.185571
0.3125 0 0.240089
0.375 0 0.213928
0.375 0.0625 0.155094
0.3125 0.0625 0.185571
0.375 0.25 0.00253295
0.375 0.21875 0.0241329
0.40625 0.21875 0.00330066
0.40625 0.25 -0.0194324
0.375 0.25 0.00253295
0.375 0.21875 0.0241329
0.375 0.1875 0.0475298
0.40625 0.1875 0.0292893
0.40625 0.21875 0.00330066
0.375 0.21875 0.0241329
0.40625 0.25 -0.0194324
0.40625 0.21875 0.00330066
0.4375 0.21875 -0.0131543
0.4375 0.25 -0.038274
0.40625 0.25 -0.0194324
0.40625 0.21875 0.00330066
0.40625 0.1875 0.0292893
0.4375 0.1875 0.0151554
0.4375 0.21875 -0.0131543
0.40625 0.21875 0.00330066
0.375 0.1875 0.0475298
0.375 0.15625 0.0727948
0.40625 0.15625 0.0567894
0.40625 0.1875 0.0292893
0.375 0.1875 0.0475298
0.375 0.15625 0.0727948
0.375 0.125 0.0992804
0.40625 0.125 0.0852176
0.40625 0.15625 0.0567894
0.375 0.15625 0.0727948
0.40625 0.1875 0.0292893
0.40625 0.15625 0.0567894
0.4375 0.15625 0.044967
0.4375 0.1875 0.0151554
0.40625 0.1875 0.0292893
0.40625 0.15625 0.0567894
0.40625 0.125 0.0852176
0.4375 0.125 0.0752091
0.4375 0.15625 0.044967
0.40625 0.15625 0.0567894
0.4375 0.25 -0.038274
0.4375 0.21875 -0.0131543
0.46875 0.21875 -0.0225051
0.46875 0.25 -0.0512122
0.4375 0.25 -0.038274
0.4375 0.21875 -0.0131543
0.4375 0.1875 0.0151554
0.46875 0.1875 0.00817109
0.46875 0.21875 -0.0225051
0.4375 0.21875 -0.0131543
0.46875 0.25 -0.0512122
0.46875 0.21875 -0.0225051
0.5 0.21875 -0.0162736
0.5 0.25 -0.0439151
0.46875 0.25 -0.0512122
0.46875 0.21875 -0.0225051
0.46875 0.1875 0.00817109
0.5 0.1875 0.0128775
0.5 0.21875 -0.0162736
0.46875 0.21875 -0.0225051
0.4375 0.1875 0.0151554
0.4375 0.15625 0.044967
0.46875 0.15625 0.039416
0.46875 0.1875 0.00817109
0.4375 0.1875 0.0151554
0.4375 0.15625 0.044967
0.4375 0.125 0.0752091
0.46875 0.125 0.070656
0.46875 0.15625 0.039416
0.4375 0.15625 0.044967
0.46875 0.1875 0.00817109
0.46875 0.15625 0.039416
0.5 0.15625 0.0432429
0.5 0.1875 0.0128775
0.46875 0.1875 0.00817109
0.46875 0.15625 0.039416
0.46875 0.125 0.070656
0.5 0.125 0.0738349
0.5 0.15625 0.0432429
0.46875 0.15625 0.039416
0.375 0.125 0.0992804
0.375 0.09375 0.126862
0.40625 0.09375 0.114357
0.40625 0.125 0.0852176
0.375 0.125 0.0992804
0.375 0.09375 0.126862
0.375 0.0625 0.155094
0.40625 0.0625 0.143904
0.40625 0.09375 0.114357
0.375 0.09375 0.126862
0.40625 0.125 0.0852176
0.40625 0.09375 0.114357
0.4375 0.09375 0.105713
0.4375 0.125 0.0752091
0.40625 0.125 0.0852176
0.40625 0.09375 0.114357
0.40625 0.0625 0.143904
0.4375 0.0625 0.136356
0.4375 0.09375 0.105713
0.40625 0.09375 0.114357
0.375 0.0625 0.155094
0.375 0 0.213928
0.4375 0 0.198247
0.4375 0.0625 0.136356
0.375 0.0625 0.155094
0.4375 0.125 0.0752091
0.4375 0.09375 0.105713
0.46875 0.09375 0.101885
0.46875 0.125 0.070656
0.4375 0.125 0.0752091
0.4375 0.09375 0.105713
0.4375 0.0625 0.136356
0.46875 0.0625 0.133099
0.46875 0.09375 0.101885
0.4375 0.09375 0.105713
0.46875 0.125 0.070656
0.46875 0.09375 0.101885
0.5 0.09375 0.104581
0.5 0.125 0.0738349
0.46875 0.125 0.070656
0.46875 0.09375 0.101885
0.46875 0.0625 0.133099
0.5 0.0625 0.135401
0.5 0.09375 0.104581
0.46875 0.09375 0.101885
0.4375 0.0625 0.136356
0.4375 0 0.198247
0.5 0 0.19746
0.5 0.0625 0.135401
0.4375 0.0625 0.136356
0.5 1 0.197838
0.5 0.9375 0.135843
0.5625 0.9375 0.136685
0.5625 1 0.198523
0.5 1 0.197838
0.5 0.9375 0.135843
0.5 0.90625 0.105034
0.53125 0.90625 0.101698
0.53125 0.9375 0.132915
0.5 0.9375 0.135843
0.5 0.90625 0.105034
0.5 0.875 0.0743217
0.53125 0.875 0.0704715
0.53125 0.90625 0.101698
0.5 0.90625 0.105034
0.53125 0.9375 0.132915
0.53125 0.90625 0.101698
0.5625 0.90625 0.105998
0.5625 0.9375 0.136685
0.53125 0.9375 0.132915
0.53125 0.90625 0.101698
0.53125 0.875 0.0704715
0.5625 0.875 0.0754676
0.5625 0.90625 0.105998
0.53125 0.90625 0.101698
0.5625 1 0.198523
0.5625 0.9375 0.136685
0.625 0.9375 0.157462
0.625 1 0.215587
0.5625 1 0.198523
0.5625 0.9375 0.136685
0.5625 0.90625 0.105998
0.59375 0.90625 0.115479
0.59375 0.9375 0.14505
0.5625 0.9375 0.136685
0.5625 0.90625 0.105998
0.5625 0.875 0.0754676
0.59375 0.875 0.0863002
0.59375 0.90625 0.115479
0.5625 0.90625 0.105998
0.59375 0.9375 0.14505
0.59375 0.90625 0.115479
0.625 0.90625 0.129213
0.625 0.9375 0.157462
0.59375 0.9375 0.14505
0.59375 0.90625 0.115479
0.59375 0.875 0.0863002
0.625 0.875 0.101584
0.625 0.90625 0.129213
0.59375 0.90625 0.115479
0.5 0.875 0.0743217
0.5 0.84375 0.043737
0.53125 0.84375 0.0392365
0.53125 0.875 0.0704715
0.5 0.875 0.0743217
0.5 0.84375 0.043737
0.5 0.8125 0.0133344
0.53125 0.8125 0.00799051
0.53125 0.84375 0.0392365
0.5 0.84375 0.043737
0.53125 0.875 0.0704715
0.53125 0.84375 0.0392365
0.5625 0.84375 0.0451518
0.5625 0.875 0.0754676
0.53125 0.875 0.0704715
0.53125 0.84375 0.0392365
0.53125 0.8125 0.00799051
0.5625 0.8125 0.0151458
0.5625 0.84375 0.0451518
0.53125 0.84375 0.0392365
0.5 0.8125 0.0133344
0.5 0.78125 -0.0162563
0.53125 0.78125 -0.0229773
0.53125 0.8125 0.00799051
0.5 0.8125 0.0133344
0.5 0.78125 -0.0162563
0.5 0.75 -0.044533
0.53125 0.75 -0.0531482
0.53125 0.78125 -0.0229773
0.5 0.78125 -0.0162563
0.53125 0.8125 0.00799051
0.53125 0.78125 -0.0229773
0.5625 0.78125 -0.0137192
0.5625 0.8125 0.0151458
0.53125 0.8125 0.00799051
0.53125 0.78125 -0.0229773
0.53125 0.75 -0.0531482
0.5625 0.75 -0.040249
0.5625 0.78125 -0.0137192
0.53125 0.78125 -0.0229773
0.5625 0.875 0.0754676
0.5625 0.84375 0.0451518
0.59375 0.84375 0.0576617
0.59375 0.875 0.0863002
0.5625 0.875 0.0754676
0.5625 0.84375 0.0451518
0.5625 0.8125 0.0151458
0.59375 0.8125 0.029785
0.59375 0.84375 0.0576617
0.5625 0.84375 0.0451518
0.59375 0.875 0.0863002
0.59375 0.84375 0.0576617
0.625 0.84375 0.0748042
0.625 0.875 0.101584
0.59375 0.875 0.0863002
0.59375 0.84375 0.0576617
0.59375 0.8125 0.029785
0.625 0.8125 0.0490855
0.625 0.84375 0.0748042
0.59375 0.84375 0.0576617
0.5625 0.8125 0.0151458
0.5625 0.78125 -0.0137192
0.59375 0.78125 0.00300204
0.59375 0.8125 0.029785
0.5625 0.8125 0.0151458
0.5625 0.78125 -0.0137192
0.5625 0.75 -0.040249
0.59375 0.75 -0.0205352
0.59375 0.78125 0.00300204
0.5625 0.78125 -0.0137192
0.59375 0.8125 0.029785
0.59375 0.78125 0.00300204
0.625 0.78125 0.0247319
0.625 0.8125 0.0490855
0.59375 0.8125 0.029785
0.59375 0.78125 0.00300204
0.59375 0.75 -0.0205352
0.625 0.75 0.00209349
0.625 0.78125 0.0247319
0.59375 0.78125 0.00300204
0.625 1 0.215587
0.625 0.9375 0.157462
0.6875 0.9375 0.191149
0.6875 1 0.244409
0.625 1 0.215587
0.625 0.9375 0.157462
0.625 0.875 0.101584
0.6875 0.875 0.139887
0.6875 0.9375 0.191149
0.625 0.9375 0.157462
0.6875 1 0.244409
0.6875 0.9375 0.191149
0.75 0.9375 0.231747
0.75 1 0.280979
0.6875 1 0.244409
0.6875 0.9375 0.191149
0.6875 0.875 0.139887
0.75 0.875 0.18451
0.75 0.9375 0.231747
0.6875 0.9375 0.191149
0.625 0.875 0.101584
0.625 0.84375 0.0748042
0.65625 0.84375 0.094641
0.65625 0.875 0.119853
0.625 0.875 0.101584
0.625 0.84375 0.0748042
0.625 0.8125 0.0490855
0.65625 0.8125 0.0705837
0.65625 0.84375 0.094641
0.625 0.84375 0.0748042
0.65625 0.875 0.119853
0.65625 0.84375 0.094641
0.6875 0.84375 0.116035
0.6875 0.875 0.139887
0.65625 0.875 0.119853
0.65625 0.84375 0.094641
0.65625 0.8125 0.0705837
0.6875 0.8125 0.0932333
0.6875 0.84375 0.116035
0.65625 0.84375 0.094641
0.625 0.8125 0.0490855
0.625 0.78125 0.0247319
0.65625 0.78125 0.04782
0.65625 0.8125 0.0705837
0.625 0.8125 0.0490855
0.625 0.78125 0.0247319
0.625 0.75 0.00209349
0.65625 0.75 0.026429
0.65625 0.78125 0.04782
0.625 0.78125 0.0247319
0.65625 0.8125 0.0705837
0.65625 0.78125 0.04782
0.6875 0.78125 0.0715421
0.6875 0.8125 0.0932333
0.65625 0.8125 0.0705837
0.65625 0.78125 0.04782
0.65625 0.75 0.026429
0.6875 0.75 0.0509602
0.6875 0.78125 0.0715421
0.65625 0.78125 0.04782
0.6875 0.875 0.139887
0.6875 0.8125 0.0932333
0.75 0.8125 0.140422
0.75 0.875 0.18451
0.6875 0.875 0.139887
0.6875 0.8125 0.0932333
0.6875 0.78125 0.0715421
0.71875 0.78125 0.0956854
0.71875 0.8125 0.116617
0.6875 0.8125 0.0932333
0.6875 0.78125 0.0715421
0.6875 0.75 0.0509602
0.71875 0.75 0.0756456
0.71875 0.78125 0.0956854
0.6875 0.78125 0.0715421
0.71875 0.8125 0.116617
0.71875 0.78125 0.0956854
0.75 0.78125 0.120074
0.75 0.8125 0.140422
0.71875 0.8125 0.116617
0.71875 0.78125 0.0956854
0.71875 0.75 0.0756456
0.75 0.75 0.100448
0.75 0.78125 0.120074
0.71875 0.78125 0.0956854
0.5 0.75 -0.044533
0.5 0.71875 -0.0716946
0.53125 0.71875 -0.08151
0.53125 0.75 -0.0531482
0.5 0.75 -0.044533
0.5 0.71875 -0.0716946
0.5 0.6875 -0.0980261
0.53125 0.6875 -0.106924
0.53125 0.71875 -0.08151
0.5 0.71875 -0.0716946
0.53125 0.75 -0.0531482
0.53125 0.71875 -0.08151
0.5625 0.71875 -0.0641421
0.5625 0.75 -0.040249
0.53125 0.75 -0.0531482
0.53125 0.71875 -0.08151
0.53125 0.6875 -0.106924
0.5625 0.6875 -0.0856088
0.5625 0.71875 -0.0641421
0.53125 0.71875 -0.08151
0.5 0.6875 -0.0980261
0.5 0.65625 -0.123837
0.53125 0.65625 -0.129113
0.53125 0.6875 -0.106924
0.5 0.6875 -0.0980261
0.5 0.65625 -0.123837
0.5 0.625 -0.149285
0.53125 0.625 -0.149095
0.53125 0.65625 -0.129113
0.5 0.65625 -0.123837
0.53125 0.6875 -0.106924
0.53125 0.65625 -0.129113
0.5625 0.65625 -0.10559
0.5625 0.6875 -0.0856088
0.53125 0.6875 -0.106924
0.53125 0.65625 -0.129113
0.53125 0.625 -0.149095
0.5625 0.625 -0.124833
0.5625 0.65625 -0.10559
0.53125 0.65625 -0.129113
0.5625 0.75 -0.040249
0.5625 0.71875 -0.0641421
0.59375 0.71875 -0.0418757
0.59375 0.75 -0.0205352
0.5625 0.75 -0.040249
0.5625 0.71875 -0.0641421
0.5625 0.6875 -0.0856088
0.59375 0.6875 -0.0618474
0.59375 0.71875 -0.0418757
0.5625 0.71875 -0.0641421
0.59375 0.75 -0.0205352
0.59375 0.71875 -0.0418757
0.625 0.71875 -0.018078
0.625 0.75 0.00209349
0.59375 0.75 -0.0205352
0.59375 0.71875 -0.0418757
0.59375 0.6875 -0.0618474
0.625 0.6875 -0.0373528
0.625 0.71875 -0.018078
0.59375 0.71875 -0.0418757
0.5625 0.6875 -0.0856088
0.5625 0.65625 -0.10559
0.59375 0.65625 -0.0810927
0.59375 0.6875 -0.0618474
0.5625 0.6875 -0.0856088
0.5625 0.65625 -0.10559
0.5625 0.625 -0.124833
0.59375 0.625 -0.100011
0.59375 0.65625 -0.0810927
0.5625 0.65625 -0.10559
0.59375 0.6875 -0.0618474
0.59375 0.65625 -0.0810927
0.625 0.65625 -0.0562729
0.625 0.6875 -0.0373528
0.59375 0.6875 -0.0618474
0.59375 0.65625 -0.0810927
0.59375 0.625 -0.100011
0.625 0.625 -0.0750491
0.625 0.65625 -0.0562729
0.59375 0.65625 -0.0810927
0.5 0.625 -0.149285
0.5 0.5625 -0.19981
0.5625 0.5625 -0.16253
0.5625 0.625 -0.124833
0.5 0.625 -0.149285
0.5 0.5625 -0.19981
0.5 0.5 -0.23829
0.5625 0.5 -0.194256
0.5625 0.5625 -0.16253
0.5 0.5625 -0.19981
0.5625 0.625 -0.124833
0.5625 0.59375 -0.143752
0.59375 0.59375 -0.118787
0.59375 0.625 -0.100011
0.5625 0.625 -0.124833
0.5625 0.59375 -0.143752
0.5625 0.5625 -0.16253
0.59375 0.5625 -0.137473
0.59375 0.59375 -0.118787
0.5625 0.59375 -0.143752
0.59375 0.625 -0.100011
0.59375 0.59375 -0.118787
0.625 0.59375 -0.0937489
0.625 0.625 -0.0750491
0.59375 0.625 -0.100011
0.59375 0.59375 -0.118787
0.59375 0.5625 -0.137473
0.625 0.5625 -0.112367
0.625 0.59375 -0.0937489
0.59375 0.59375 -0.118787
0.5625 0.5625 -0.16253
0.5625 0.5 -0.194256
0.625 0.5 -0.149065
0.625 0.5625 -0.112367
0.5625 0.5625 -0.16253
0.625 0.75 0.00209349
0.625 0.71875 -0.018078
0.65625 0.71875 0.00641498
0.65625 0.75 0.026429
0.625 0.75 0.00209349
0.625 0.71875 -0.018078
0.625 0.6875 -0.0373528
0.65625 0.6875 -0.0125366
0.65625 0.71875 0.00641498
0.625 0.71875 -0.018078
0.65625 0.75 0.026429
0.65625 0.71875 0.00641498
0.6875 0.71875 0.0313465
0.6875 0.75 0.0509602
0.65625 0.75 0.026429
0.65625 0.71875 0.00641498
0.65625 0.6875 -0.0125366
0.6875 0.6875 0.0124404
0.6875 0.71875 0.0313465
0.65625 0.71875 0.00641498
0.625 0.6875 -0.0373528
0.625 0.65625 -0.0562729
0.65625 0.65625 -0.0313123
0.65625 0.6875 -0.0125366
0.625 0.6875 -0.0373528
0.625 0.65625 -0.0562729
0.625 0.625 -0.0750491
0.65625 0.625 -0.0500199
0.65625 0.65625 -0.0313123
0.625 0.65625 -0.0562729
0.65625 0.6875 -0.0125366
0.65625 0.65625 -0.0313123
0.6875 0.65625 -0.00628367
0.6875 0.6875 0.0124404
0.65625 0.6875 -0.0125366
0.65625 0.65625 -0.0313123
0.65625 0.625 -0.0500199
0.6875 0.625 -0.0249508
0.6875 0.65625 -0.00628367
0.65625 0.65625 -0.0313123
0.6875 0.75 0.0509602
0.6875 0.71875 0.0313465
0.71875 0.71875 0.0563163
0.71875 0.75 0.0756456
0.6875 0.75 0.0509602
0.6875 0.71875 0.0313465
0.6875 0.6875 0.0124404
0.71875 0.6875 0.0374793
0.71875 0.71875 0.0563163
0.6875 0.71875 0.0313465
0.71875 0.75 0.0756456
0.71875 0.71875 0.0563163
0.75 0.71875 0.0813289
0.75 0.75 0.100448
0.71875 0.75 0.0756456
0.71875 0.71875 0.0563163
0.71875 0.6875 0.0374793
0.75 0.6875 0.0625653
0.75 0.71875 0.0813289
0.71875 0.71875 0.0563163
0.6875 0.6875 0.0124404
0.6875 0.65625 -0.00628367
0.71875 0.65625 0.0187896
0.71875 0.6875 0.0374793
0.6875 0.6875 0.0124404
0.6875 0.65625 -0.00628367
0.6875 0.625 -0.0249508
0.71875 0.625 0.000146505
0.71875 0.65625 0.0187896
0.6875 0.65625 -0.00628367
0.71875 0.6875 0.0374793
0.71875 0.65625 0.0187896
0.75 0.65625 0.0439244
0.75 0.6875 0.0625653
0.71875 0.6875 0.0374793
0.71875 0.65625 0.0187896
0.71875 0.625 0.000146505
0.75 0.625 0.0253595
0.75 0.65625 0.0439244
0.71875 0.65625 0.0187896
0.625 0.625 -0.0750491
0.625 0.59375 -0.0937489
0.65625 0.59375 -0.0686649
0.65625 0.625 -0.0500199
0.625 0.625 -0.0750491
0.625 0.59375 -0.0937489
0.625 0.5625 -0.112367
0.65625 0.5625 -0.0872137
0.65625 0.59375 -0.0686649
0.625 0.59375 -0.0937489
0.65625 0.625 -0.0500199
0.65625 0.59375 -0.0686649
0.6875 0.59375 -0.0435455
0.6875 0.625 -0.0249508
0.65625 0.625 -0.0500199
0.65625 0.59375 -0.0686649
0.65625 0.5625 -0.0872137
0.6875 0.5625 -0.0619955
0.6875 0.59375 -0.0435455
0.65625 0.59375 -0.0686649
0.625 0.5625 -0.112367
0.625 0.53125 -0.130865
0.65625 0.53125 -0.10556
0.65625 0.5625 -0.0872137
0.625 0.5625 -0.112367
0.625 0.53125 -0.130865
0.625 0.5 -0.149065
0.65625 0.5 -0.123378
0.65625 0.53125 -0.10556
0.625 0.53125 -0.130865
0.65625 0.5625 -0.0872137
0.65625 0.53125 -0.10556
0.6875 0.53125 -0.0801142
0.6875 0.5625 -0.0619955
0.65625 0.5625 -0.0872137
0.65625 0.53125 -0.10556
0.65625 0.5 -0.123378
0.6875 0.5 -0.0973396
0.6875 0.53125 -0.0801142
0.65625 0.53125 -0.10556
0.6875 0.625 -0.0249508
0.6875 0.59375 -0.0435455
0.71875 0.59375 -0.0183801
0.71875 0.625 0.000146505
0.6875 0.625 -0.0249508
0.6875 0.59375 -0.0435455
0.6875 0.5625 -0.0619955
0.71875 0.5625 -0.0366619
0.71875 0.59375 -0.0183801
0.6875 0.59375 -0.0435455
0.71875 0.625 0.000146505
0.71875 0.59375 -0.0183801
0.75 0.59375 0.00691575
0.75 0.625 0.0253595
0.71875 0.625 0.000146505
0.71875 0.59375 -0.0183801
0.71875 0.5625 -0.0366619
0.75 0.5625 -0.0111304
0.75 0.59375 0.00691575
0.71875 0.59375 -0.0183801
0.6875 0.5625 -0.0619955
0.6875 0.53125 -0.0801142
0.71875 0.53125 -0.0543943
0.71875 0.5625 -0.0366619
0.6875 0.5625 -0.0619955
0.6875 0.53125 -0.0801142
0.6875 0.5 -0.0973396
0.71875 0.5 -0.070629
0.71875 0.53125 -0.0543943
0.6875 0.53125 -0.0801142
0.71875 0.5625 -0.0366619
0.71875 0.53125 -0.0543943
0.75 0.53125 -0.0282713
0.75 0.5625 -0.0111304
0.71875 0.5625 -0.0366619
0.71875 0.53125 -0.0543943
0.71875 0.5 -0.070629
0.75 0.5 -0.043034
0.75 0.53125 -0.0282713
0.71875 0.53125 -0.0543943
0.75 1 0.280979
0.75 0.875 0.18451
0.875 0.875 0.279598
0.875 1 0.365932
0.75 1 0.280979
0.75 0.875 0.18451
0.75 0.8125 0.140422
0.8125 0.8125 0.189675
0.8125 0.875 0.231507
0.75 0.875 0.18451
0.75 0.8125 0.140422
0.75 0.75 0.100448
0.8125 0.75 0.150356
0.8125 0.8125 0.189675
0.75 0.8125 0.140422
0.8125 0.875 0.231507
0.8125 0.8125 0.189675
0.875 0.8125 0.239414
0.875 0.875 0.279598
0.8125 0.875 0.231507
0.8125 0.8125 0.189675
0.8125 0.75 0.150356
0.875 0.75 0.201074
0.875 0.8125 0.239414
0.8125 0.8125 0.189675
0.875 1 0.365932
0.875 0.875 0.279598
1 0.875 0.381684
1 1 0.461866
0.875 1 0.365932
0.875 0.875 0.279598
0.875 0.75 0.201074
1 0.75 0.306865
1 0.875 0.381684
0.875 0.875 0.279598
0.75 0.75 0.100448
0.75 0.71875 0.0813289
0.78125 0.71875 0.106402
0.78125 0.75 0.125349
0.75 0.75 0.100448
0.75 0.71875 0.0813289
0.75 0.6875 0.0625653
0.78125 0.6875 0.0877279
0.78125 0.71875 0.106402
0.75 0.71875 0.0813289
0.78125 0.75 0.125349
0.78125 0.71875 0.106402
0.8125 0.71875 0.131574
0.8125 0.75 0.150356
0.78125 0.75 0.125349
0.78125 0.71875 0.106402
0.78125 0.6875 0.0877279
0.8125 0.6875 0.113029
0.8125 0.71875 0.131574
0.78125 0.71875 0.106402
0.75 0.6875 0.0625653
0.75 0.65625 0.0439244
0.78125 0.65625 0.0691851
0.78125 0.6875 0.0877279
0.75 0.6875 0.0625653
0.75 0.65625 0.0439244
0.75 0.625 0.0253595
0.78125 0.625 0.050797
0.78125 0.65625 0.0691851
0.75 0.65625 0.0439244
0.78125 0.6875 0.0877279
0.78125 0.65625 0.0691851
0.8125 0.65625 0.0946815
0.8125 0.6875 0.113029
0.78125 0.6875 0.0877279
0.78125 0.65625 0.0691851
0.78125 0.625 0.050797
0.8125 0.625 0.0766377
0.8125 0.65625 0.0946815
0.78125 0.65625 0.0691851
0.8125 0.75 0.150356
0.8125 0.6875 0.113029
0.875 0.6875 0.164405
0.875 0.75 0.201074
0.8125 0.75 0.150356
0.8125 0.6875 0.113029
0.8125 0.65625 0.0946815
0.84375 0.65625 0.120543
0.84375 0.6875 0.138554
0.8125 0.6875 0.113029
0.8125 0.65625 0.0946815
0.8125 0.625 0.0766377
0.84375 0.625 0.103021
0.84375 0.65625 0.120543
0.8125 0.65625 0.0946815
0.84375 0.6875 0.138554
0.84375 0.65625 0.120543
0.875 0.65625 0.146827
0.875 0.6875 0.164405
0.84375 0.6875 0.138554
0.84375 0.65625 0.120543
0.84375 0.625 0.103021
0.875 0.625 0.129971
0.875 0.65625 0.146827
0.84375 0.65625 0.120543
0.75 0.625 0.0253595
0.75 0.59375 0.00691575
0.78125 0.59375 0.032673
0.78125 0.625 0.050797
0.75 0.625 0.0253595
0.75 0.59375 0.00691575
0.75 0.5625 -0.0111304
0.78125 0.5625 0.015062
0.78125 0.59375 0.032673
0.75 0.59375 0.00691575
0.78125 0.625 0.050797
0.78125 0.59375 0.032673
0.8125 0.59375 0.0591054
0.8125 0.625 0.0766377
0.78125 0.625 0.050797
0.78125 0.59375 0.032673
0.78125 0.5625 0.015062
0.8125 0.5625 0.0425137
0.8125 0.59375 0.0591054
0.78125 0.59375 0.032673
0.75 0.5625 -0.0111304
0.75 0.53125 -0.0282713
0.78125 0.53125 -0.00155071
0.78125 0.5625 0.015062
0.75 0.5625 -0.0111304
0.75 0.53125 -0.0282713
0.75 0.5 -0.043034
0.78125 0.5 -0.0143312
0.78125 0.53125 -0.00155071
0.75 0.53125 -0.0282713
0.78125 0.5625 0.015062
0.78125 0.53125 -0.00155071
0.8125 0.53125 0.0276077
0.8125 0.5625 0.0425137
0.78125 0.5625 0.015062
0.78125 0.53125 -0.00155071
0.78125 0.5 -0.0143312
0.8125 0.5 0.0159249
0.8125 0.53125 0.0276077
0.78125 0.53125 -0.00155071
0.8125 0.625 0.0766377
0.8125 0.59375 0.0591054
0.84375 0.59375 0.086321
0.84375 0.625 0.103021
0.8125 0.625 0.0766377
0.8125 0.59375 0.0591054
0.8125 0.5625 0.0425137
0.84375 0.5625 0.0708898
0.84375 0.59375 0.086321
0.8125 0.59375 0.0591054
0.84375 0.625 0.103021
0.84375 0.59375 0.086321
0.875 0.59375 0.114143
0.875 0.625 0.129971
0.84375 0.625 0.103021
0.84375 0.59375 0.086321
0.84375 0.5625 0.0708898
0.875 0.5625 0.0998267
0.875 0.59375 0.114143
0.84375 0.59375 0.086321
0.8125 0.5625 0.0425137
0.8125 0.53125 0.0276077
0.84375 0.53125 0.057438
0.84375 0.5625 0.0708898
0.8125 0.5625 0.0425137
0.8125 0.53125 0.0276077
0.8125 0.5 0.0159249
0.84375 0.5 0.0470628
0.84375 0.53125 0.057438
0.8125 0.53125 0.0276077
0.84375 0.5625 0.0708898
0.84375 0.53125 0.057438
0.875 0.53125 0.0875535
0.875 0.5625 0.0998267
0.84375 0.5625 0.0708898
0.84375 0.53125 0.057438
0.84375 0.5 0.0470628
0.875 0.5 0.078171
0.875 0.53125 0.0875535
0.84375 0.53125 0.057438
0.875 0.75 0.201074
0.875 0.6875 0.164405
0.9375 0.6875 0.21787
0.9375 0.75 0.252949
0.875 0.75 0.201074
0.875 0.6875 0.164405
0.875 0.625 0.129971
0.9375 0.625 0.18604
0.9375 0.6875 0.21787
0.875 0.6875 0.164405
0.9375 0.75 0.252949
0.9375 0.6875 0.21787
1 0.6875 0.273853
1 0.75 0.306865
0.9375 0.75 0.252949
0.9375 0.6875 0.21787
0.9375 0.625 0.18604
1 0.625 0.244363
1 0.6875 0.273853
0.9375 0.6875 0.21787
0.875 0.625 0.129971
0.875 0.5625 0.0998267
0.9375 0.5625 0.158721
0.9375 0.625 0.18604
0.875 0.625 0.129971
0.875 0.5625 0.0998267
0.875 0.53125 0.0875535
0.90625 0.53125 0.117843
0.90625 0.5625 0.12915
0.875 0.5625 0.0998267
0.875 0.53125 0.0875535
0.875 0.5 0.078171
0.90625 0.5 0.109237
0.90625 0.53125 0.117843
0.875 0.53125 0.0875535
0.90625 0.5625 0.12915
0.90625 0.53125 0.117843
0.9375 0.53125 0.14822
0.9375 0.5625 0.158721
0.90625 0.5625 0.12915
0.90625 0.53125 0.117843
0.90625 0.5 0.109237
0.9375 0.5 0.140244
0.9375 0.53125 0.14822
0.90625 0.53125 0.117843
0.9375 0.625 0.18604
0.9375 0.5625 0.158721
1 0.5625 0.219689
1 0.625 0.244363
0.9375 0.625 0.18604
0.9375 0.5625 0.158721
0.9375 0.5 0.140244
1 0.5 0.202618
1 0.5625 0.219689
0.9375 0.5625 0.158721
0.5 0.5 -0.23829
0.5 0.4375 -0.199013
0.5625 0.4375 -0.161964
0.5625 0.5 -0.194256
0.5 0.5 -0.23829
0.5 0.4375 -0.199013
0.5 0.375 -0.148689
0.5625 0.375 -0.112279
0.5625 0.4375 -0.161964
0.5 0.4375 -0.199013
0.5625 0.5 -0.194256
0.5625 0.4375 -0.161964
0.625 0.4375 -0.123427
0.625 0.5 -0.149065
0.5625 0.5 -0.194256
0.5625 0.4375 -0.161964
0.5625 0.40625 -0.137248
0.59375 0.40625 -0.118455
0.59375 0.4375 -0.142849
0.5625 0.4375 -0.161964
0.5625 0.40625 -0.137248
0.5625 0.375 -0.112279
0.59375 0.375 -0.0936403
0.59375 0.40625 -0.118455
0.5625 0.40625 -0.137248
0.59375 0.4375 -0.142849
0.59375 0.40625 -0.118455
0.625 0.40625 -0.0995061
0.625 0.4375 -0.123427
0.59375 0.4375 -0.142849
0.59375 0.40625 -0.118455
0.59375 0.375 -0.0936403
0.625 0.375 -0.0748991
0.625 0.40625 -0.0995061
0.59375 0.40625 -0.118455
0.5 0.375 -0.148689
0.5 0.34375 -0.123075
0.53125 0.34375 -0.105501
0.53125 0.375 -0.13073
0.5 0.375 -0.148689
0.5 0.34375 -0.123075
0.5 0.3125 -0.0971764
0.53125 0.3125 -0.0801386
0.53125 0.34375 -0.105501
0.5 0.34375 -0.123075
0.53125 0.375 -0.13073
0.53125 0.34375 -0.105501
0.5625 0.34375 -0.0871883
0.5625 0.375 -0.112279
0.53125 0.375 -0.13073
0.53125 0.34375 -0.105501
0.53125 0.3125 -0.0801386
0.5625 0.3125 -0.0620363
0.5625 0.34375 -0.0871883
0.53125 0.34375 -0.105501
0.5 0.3125 -0.0971764
0.5 0.28125 -0.0708189
0.53125 0.28125 -0.0546256
0.53125 0.3125 -0.0801386
0.5 0.3125 -0.0971764
0.5 0.28125 -0.0708189
0.5 0.25 -0.0439151
0.53125 0.25 -0.0288699
0.53125 0.28125 -0.0546256
0.5 0.28125 -0.0708189
0.53125 0.3125 -0.0801386
0.53125 0.28125 -0.0546256
0.5625 0.28125 -0.0368144
0.5625 0.3125 -0.0620363
0.53125 0.3125 -0.0801386
0.53125 0.28125 -0.0546256
0.53125 0.25 -0.0288699
0.5625 0.25 -0.0114979
0.5625 0.28125 -0.0368144
0.53125 0.28125 -0.0546256
0.5625 0.375 -0.112279
0.5625 0.34375 -0.0871883
0.59375 0.34375 -0.0686343
0.59375 0.375 -0.0936403
0.5625 0.375 -0.112279
0.5625 0.34375 -0.0871883
0.5625 0.3125 -0.0620363
0.59375 0.3125 -0.0435618
0.59375 0.34375 -0.0686343
0.5625 0.34375 -0.0871883
0.59375 0.375 -0.0936403
0.59375 0.34375 -0.0686343
0.625 0.34375 -0.0499772
0.625 0.375 -0.0748991
0.59375 0.375 -0.0936403
0.59375 0.34375 -0.0686343
0.59375 0.3125 -0.0435618
0.625 0.3125 -0.0249505
0.625 0.34375 -0.0499772
0.59375 0.34375 -0.0686343
0.5625 0.3125 -0.0620363
0.5625 0.28125 -0.0368144
0.59375 0.28125 -0.0184552
0.59375 0.3125 -0.0435618
0.5625 0.3125 -0.0620363
0.5625 0.28125 -0.0368144
0.5625 0.25 -0.0114979
0.59375 0.25 0.00671107
0.59375 0.28125 -0.0184552
0.5625 0.28125 -0.0368144
0.59375 0.3125 -0.0435618
0.59375 0.28125 -0.0184552
0.625 0.28125 0.000114257
0.625 0.3125 -0.0249505
0.59375 0.3125 -0.0435618
0.59375 0.28125 -0.0184552
0.59375 0.25 0.00671107
0.625 0.25 0.0252289
0.625 0.28125 0.000114257
0.59375 0.28125 -0.0184552
0.625 0.5 -0.149065
0.625 0.46875 -0.145004
0.65625 0.46875 -0.12354
0.65625 0.5 -0.123378
0.625 0.5 -0.149065
0.625 0.46875 -0.145004
0.625 0.4375 -0.123427
0.65625 0.4375 -0.103456
0.65625 0.46875 -0.12354
0.625 0.46875 -0.145004
0.65625 0.5 -0.123378
0.65625 0.46875 -0.12354
0.6875 0.46875 -0.100111
0.6875 0.5 -0.0973396
0.65625 0.5 -0.123378
0.65625 0.46875 -0.12354
0.65625 0.4375 -0.103456
0.6875 0.4375 -0.0826591
0.6875 0.46875 -0.100111
0.65625 0.46875 -0.12354
0.625 0.4375 -0.123427
0.625 0.40625 -0.0995061
0.65625 0.40625 -0.0803371
0.65625 0.4375 -0.103456
0.625 0.4375 -0.123427
0.625 0.40625 -0.0995061
0.625 0.375 -0.0748991
0.65625 0.375 -0.0560714
0.65625 0.40625 -0.0803371
0.625 0.40625 -0.0995061
0.65625 0.4375 -0.103456
0.65625 0.40625 -0.0803371
0.6875 0.40625 -0.0608059
0.6875 0.4375 -0.0826591
0.65625 0.4375 -0.103456
0.65625 0.40625 -0.0803371
0.65625 0.375 -0.0560714
0.6875 0.375 -0.0371159
0.6875 0.40625 -0.0608059
0.65625 0.40625 -0.0803371
0.6875 0.5 -0.0973396
0.6875 0.46875 -0.100111
0.71875 0.46875 -0.0749624
0.71875 0.5 -0.070629
0.6875 0.5 -0.0973396
0.6875 0.46875 -0.100111
0.6875 0.4375 -0.0826591
0.71875 0.4375 -0.0606294
0.71875 0.46875 -0.0749624
0.6875 0.46875 -0.100111
0.71875 0.5 -0.070629
0.71875 0.46875 -0.0749624
0.75 0.46875 -0.0480078
0.75 0.5 -0.043034
0.71875 0.5 -0.070629
0.71875 0.46875 -0.0749624
0.71875 0.4375 -0.0606294
0.75 0.4375 -0.036929
0.75 0.46875 -0.0480078
0.71875 0.46875 -0.0749624
0.6875 0.4375 -0.0826591
0.6875 0.40625 -0.0608059
0.71875 0.40625 -0.0406829
0.71875 0.4375 -0.0606294
0.6875 0.4375 -0.0826591
0.6875 0.40625 -0.0608059
0.6875 0.375 -0.0371159
0.71875 0.375 -0.01799
0.71875 0.40625 -0.0406829
0.6875 0.40625 -0.0608059
0.71875 0.4375 -0.0606294
0.71875 0.40625 -0.0406829
0.75 0.40625 -0.0197692
0.75 0.4375 -0.036929
0.71875 0.4375 -0.0606294
0.71875 0.40625 -0.0406829
0.71875 0.375 -0.01799
0.75 0.375 0.00180077
0.75 0.40625 -0.0197692
0.71875 0.40625 -0.0406829
0.625 0.375 -0.0748991
0.625 0.34375 -0.0499772
0.65625 0.34375 -0.031267
0.65625 0.375 -0.0560714
0.625 0.375 -0.0748991
0.625 0.34375 -0.0499772
0.625 0.3125 -0.0249505
0.65625 0.3125 -0.00628531
0.65625 0.34375 -0.031267
0.625 0.34375 -0.0499772
0.65625 0.375 -0.0560714
0.65625 0.34375 -0.031267
0.6875 0.34375 -0.012515
0.6875 0.375 -0.0371159
0.65625 0.375 -0.0560714
0.65625 0.34375 -0.031267
0.65625 0.3125 -0.00628531
0.6875 0.3125 0.0124406
0.6875 0.34375 -0.012515
0.65625 0.34375 -0.031267
0.625 0.3125 -0.0249505
0.625 0.28125 0.000114257
0.65625 0.28125 0.0187615
0.65625 0.3125 -0.00628531
0.625 0.3125 -0.0249505
0.625 0.28125 0.000114257
0.625 0.25 0.0252289
0.65625 0.25 0.0438359
0.65625 0.28125 0.0187615
0.625 0.28125 0.000114257
0.65625 0.3125 -0.00628531
0.65625 0.28125 0.0187615
0.6875 0.28125 0.0374541
0.6875 0.3125 0.0124406
0.65625 0.3125 -0.00628531
0.65625 0.28125 0.0187615
0.65625 0.25 0.0438359
0.6875 0.25 0.0624927
0.6875 0.28125 0.0374541
0.65625 0.28125 0.0187615
0.6875 0.375 -0.0371159
0.6875 0.34375 -0.012515
0.71875 0.34375 0.00643583
0.71875 0.375 -0.01799
0.6875 0.375 -0.0371159
0.6875 0.34375 -0.012515
0.6875 0.3125 0.0124406
0.71875 0.3125 0.031279
0.71875 0.34375 0.00643583
0.6875 0.34375 -0.012515
0.71875 0.375 -0.01799
0.71875 0.34375 0.00643583
0.75 0.34375 0.0258615
0.75 0.375 0.00180077
0.71875 0.375 -0.01799
0.71875 0.34375 0.00643583
0.71875 0.3125 0.031279
0.75 0.3125 0.0503762
0.75 0.34375 0.0258615
0.71875 0.34375 0.00643583
0.6875 0.3125 0.0124406
0.6875 0.28125 0.0374541
0.71875 0.28125 0.056217
0.71875 0.3125 0.031279
0.6875 0.3125 0.0124406
0.6875 0.28125 0.0374541
0.6875 0.25 0.0624927
0.71875 0.25 0.0812062
0.71875 0.28125 0.056217
0.6875 0.28125 0.0374541
0.71875 0.3125 0.031279
0.71875 0.28125 0.056217
0.75 0.28125 0.0751293
0.75 0.3125 0.0503762
0.71875 0.3125 0.031279
0.71875 0.28125 0.056217
0.71875 0.25 0.0812062
0.75 0.25 0.100013
0.75 0.28125 0.0751293
0.71875 0.28125 0.056217
0.5 0.25 -0.0439151
0.5 0.21875 -0.0162736
0.53125 0.21875 -0.00278549
0.53125 0.25 -0.0288699
0.5 0.25 -0.0439151
0.5 0.21875 -0.0162736
0.5 0.1875 0.0128775
0.53125 0.1875 0.0247567
0.53125 0.21875 -0.00278549
0.5 0.21875 -0.0162736
0.53125 0.25 -0.0288699
0.53125 0.21875 -0.00278549
0.5625 0.21875 0.0141522
0.5625 0.25 -0.0114979
0.53125 0.25 -0.0288699
0.53125 0.21875 -0.00278549
0.53125 0.1875 0.0247567
0.5625 0.1875 0.0404064
0.5625 0.21875 0.0141522
0.53125 0.21875 -0.00278549
0.5 0.1875 0.0128775
0.5 0.15625 0.0432429
0.53125 0.15625 0.0532377
0.53125 0.1875 0.0247567
0.5 0.1875 0.0128775
0.5 0.15625 0.0432429
0.5 0.125 0.0738349
0.53125 0.125 0.0824333
0.53125 0.15625 0.0532377
0.5 0.15625 0.0432429
0.53125 0.1875 0.0247567
0.53125 0.15625 0.0532377
0.5625 0.15625 0.0673408
0.5625 0.1875 0.0404064
0.53125 0.1875 0.0247567
0.53125 0.15625 0.0532377
0.53125 0.125 0.0824333
0.5625 0.125 0.0949631
0.5625 0.15625 0.0673408
0.53125 0.15625 0.0532377
0.5625 0.25 -0.0114979
0.5625 0.21875 0.0141522
0.59375 0.21875 0.0320667
0.59375 0.25 0.00671107
0.5625 0.25 -0.0114979
0.5625 0.21875 0.0141522
0.5625 0.1875 0.0404064
0.59375 0.1875 0.0577014
0.59375 0.21875 0.0320667
0.5625 0.21875 0.0141522
0.59375 0.25 0.00671107
0.59375 0.21875 0.0320667
0.625 0.21875 0.050419
0.625 0.25 0.0252289
0.59375 0.25 0.00671107
0.59375 0.21875 0.0320667
0.59375 0.1875 0.0577014
0.625 0.1875 0.0757434
0.625 0.21875 0.050419
0.59375 0.21875 0.0320667
0.5625 0.1875 0.0404064
0.5625 0.15625 0.0673408
0.59375 0.15625 0.0837356
0.59375 0.1875 0.0577014
0.5625 0.1875 0.0404064
0.5625 0.15625 0.0673408
0.5625 0.125 0.0949631
0.59375 0.125 0.110266
0.59375 0.15625 0.0837356
0.5625 0.15625 0.0673408
0.59375 0.1875 0.0577014
0.59375 0.15625 0.0837356
0.625 0.15625 0.101285
0.625 0.1875 0.0757434
0.59375 0.1875 0.0577014
0.59375 0.15625 0.0837356
0.59375 0.125 0.110266
0.625 0.125 0.127138
0.625 0.15625 0.101285
0.59375 0.15625 0.0837356
0.5 0.125 0.0738349
0.5 0.09375 0.104581
0.53125 0.09375 0.112034
0.53125 0.125 0.0824333
0.5 0.125 0.0738349
0.5 0.09375 0.104581
0.5 0.0625 0.135401
0.53125 0.0625 0.141931
0.53125 0.09375 0.112034
0.5 0.09375 0.104581
0.53125 0.125 0.0824333
0.53125 0.09375 0.112034
0.5625 0.09375 0.123318
0.5625 0.125 0.0949631
0.53125 0.125 0.0824333
0.53125 0.09375 0.112034
0.53125 0.0625 0.141931
0.5625 0.0625 0.152103
0.5625 0.09375 0.123318
0.53125 0.09375 0.112034
0.5 0.0625 0.135401
0.5 0 0.19746
0.5625 0 0.211462
0.5625 0.0625 0.152103
0.5 0.0625 0.135401
0.5625 0.125 0.0949631
0.5625 0.0625 0.152103
0.625 0.0625 0.180327
0.625 0.125 0.127138
0.5625 0.125 0.0949631
0.5625 0.0625 0.152103
0.5625 0 0.211462
0.625 0 0.236185
0.625 0.0625 0.180327
0.5625 0.0625 0.152103
0.625 0.25 0.0252289
0.625 0.21875 0.050419
0.65625 0.21875 0.0689494
0.65625 0.25 0.0438359
0.625 0.25 0.0252289
0.625 0.21875 0.050419
0.625 0.1875 0.0757434
0.65625 0.1875 0.0941284
0.65625 0.21875 0.0689494
0.625 0.21875 0.050419
0.65625 0.25 0.0438359
0.65625 0.21875 0.0689494
0.6875 0.21875 0.0875604
0.6875 0.25 0.0624927
0.65625 0.25 0.0438359
0.65625 0.21875 0.0689494
0.65625 0.1875 0.0941284
0.6875 0.1875 0.112668
0.6875 0.21875 0.0875604
0.65625 0.21875 0.0689494
0.625 0.1875 0.0757434
0.625 0.15625 0.101285
0.65625 0.15625 0.119417
0.65625 0.1875 0.0941284
0.625 0.1875 0.0757434
0.625 0.15625 0.101285
0.625 0.125 0.127138
0.65625 0.125 0.144879
0.65625 0.15625 0.119417
0.625 0.15625 0.101285
0.65625 0.1875 0.0941284
0.65625 0.15625 0.119417
0.6875 0.15625 0.137839
0.6875 0.1875 0.112668
0.65625 0.1875 0.0941284
0.65625 0.15625 0.119417
0.65625 0.125 0.144879
0.6875 0.125 0.163105
0.6875 0.15625 0.137839
0.65625 0.15625 0.119417
0.6875 0.25 0.0624927
0.6875 0.21875 0.0875604
0.71875 0.21875 0.106229
0.71875 0.25 0.0812062
0.6875 0.25 0.0624927
0.6875 0.21875 0.0875604
0.6875 0.1875 0.112668
0.71875 0.1875 0.131285
0.71875 0.21875 0.106229
0.6875 0.21875 0.0875604
0.71875 0.25 0.0812062
0.71875 0.21875 0.106229
0.75 0.21875 0.12497
0.75 0.25 0.100013
0.71875 0.25 0.0812062
0.71875 0.21875 0.106229
0.71875 0.1875 0.131285
0.75 0.1875 0.14997
0.75 0.21875 0.12497
0.71875 0.21875 0.106229
0.6875 0.1875 0.112668
0.6875 0.125 0.163105
0.75 0.125 0.200105
0.75 0.1875 0.14997
0.6875 0.1875 0.112668
0.625 0.125 0.127138
0.625 0.0625 0.180327
0.6875 0.0625 0.214326
0.6875 0.125 0.163105
0.625 0.125 0.127138
0.625 0.0625 0.180327
0.625 0 0.236185
0.6875 0 0.26741
0.6875 0.0625 0.214326
0.625 0.0625 0.180327
0.6875 0.125 0.163105
0.6875 0.0625 0.214326
0.75 0.0625 0.2506
0.75 0.125 0.200105
0.6875 0.125 0.163105
0.6875 0.0625 0.214326
0.6875 0 0.26741
0.75 0 0.302145
0.75 0.0625 0.2506
0.6875 0.0625 0.214326
0.75 0.5 -0.043034
0.75 0.46875 -0.0480078
0.78125 0.46875 -0.0193963
0.78125 0.5 -0.0143312
0.75 0.5 -0.043034
0.75 0.46875 -0.0480078
0.75 0.4375 -0.036929
0.78125 0.4375 -0.0115553
0.78125 0.46875 -0.0193963
0.75 0.46875 -0.0480078
0.78125 0.5 -0.0143312
0.78125 0.46875 -0.0193963
0.8125 0.46875 0.0106859
0.8125 0.5 0.0159249
0.78125 0.5 -0.0143312
0.78125 0.46875 -0.0193963
0.78125 0.4375 -0.0115553
0.8125 0.4375 0.0167786
0.8125 0.46875 0.0106859
0.78125 0.46875 -0.0193963
0.75 0.4375 -0.036929
0.75 0.40625 -0.0197692
0.78125 0.40625 0.00288167
0.78125 0.4375 -0.0115553
0.75 0.4375 -0.036929
0.75 0.40625 -0.0197692
0.75 0.375 0.00180077
0.78125 0.375 0.0234098
0.78125 0.40625 0.00288167
0.75 0.40625 -0.0197692
0.78125 0.4375 -0.0115553
0.78125 0.40625 0.00288167
0.8125 0.40625 0.0295661
0.8125 0.4375 0.0167786
0.78125 0.4375 -0.0115553
0.78125 0.40625 0.00288167
0.78125 0.375 0.0234098
0.8125 0.375 0.0470638
0.8125 0.40625 0.0295661
0.78125 0.40625 0.00288167
0.8125 0.5 0.0159249
0.8125 0.46875 0.0106859
0.84375 0.46875 0.0419266
0.84375 0.5 0.0470628
0.8125 0.5 0.0159249
0.8125 0.46875 0.0106859
0.8125 0.4375 0.0167786
0.84375 0.4375 0.0468821
0.84375 0.46875 0.0419266
0.8125 0.46875 0.0106859
0.84375 0.5 0.0470628
0.84375 0.46875 0.0419266
0.875 0.46875 0.0731579
0.875 0.5 0.078171
0.84375 0.5 0.0470628
0.84375 0.46875 0.0419266
0.84375 0.4375 0.0468821
0.875 0.4375 0.0773072
0.875 0.46875 0.0731579
0.84375 0.46875 0.0419266
0.8125 0.4375 0.0167786
0.8125 0.40625 0.0295661
0.84375 0.40625 0.0576124
0.84375 0.4375 0.0468821
0.8125 0.4375 0.0167786
0.8125 0.40625 0.0295661
0.8125 0.375 0.0470638
0.84375 0.375 0.0727632
0.84375 0.40625 0.0576124
0.8125 0.40625 0.0295661
0.84375 0.4375 0.0468821
0.84375 0.40625 0.0576124
0.875 0.40625 0.0864015
0.875 0.4375 0.0773072
0.84375 0.4375 0.0468821
0.84375 0.40625 0.0576124
0.84375 0.375 0.0727632
0.875 0.375 0.0996261
0.875 0.40625 0.0864015
0.84375 0.40625 0.0576124
0.75 0.375 0.00180077
0.75 0.34375 0.0258615
0.78125 0.34375 0.0462129
0.78125 0.375 0.0234098
0.75 0.375 0.00180077
0.75 0.34375 0.0258615
0.75 0.3125 0.0503762
0.78125 0.3125 0.0700218
0.78125 0.34375 0.0462129
0.75 0.34375 0.0258615
0.78125 0.375 0.0234098
0.78125 0.34375 0.0462129
0.8125 0.34375 0.067942
0.8125 0.375 0.0470638
0.78125 0.375 0.0234098
0.78125 0.34375 0.0462129
0.78125 0.3125 0.0700218
0.8125 0.3125 0.0905787
0.8125 0.34375 0.067942
0.78125 0.34375 0.0462129
0.75 0.3125 0.0503762
0.75 0.28125 0.0751293
0.78125 0.28125 0.0943598
0.78125 0.3125 0.0700218
0.75 0.3125 0.0503762
0.75 0.28125 0.0751293
0.75 0.25 0.100013
0.78125 0.25 0.119023
0.78125 0.28125 0.0943598
0.75 0.28125 0.0751293
0.78125 0.3125 0.0700218
0.78125 0.28125 0.0943598
0.8125 0.28125 0.114174
0.8125 0.3125 0.0905787
0.78125 0.3125 0.0700218
0.78125 0.28125 0.0943598
0.78125 0.25 0.119023
0.8125 0.25 0.138388
0.8125 0.28125 0.114174
0.78125 0.28125 0.0943598
0.8125 0.375 0.0470638
0.8125 0.34375 0.067942
0.84375 0.34375 0.0912661
0.84375 0.375 0.0727632
0.8125 0.375 0.0470638
0.8125 0.34375 0.067942
0.8125 0.3125 0.0905787
0.84375 0.3125 0.112384
0.84375 0.34375 0.0912661
0.8125 0.34375 0.067942
0.84375 0.375 0.0727632
0.84375 0.34375 0.0912661
0.875 0.34375 0.116194
0.875 0.375 0.0996261
0.84375 0.375 0.0727632
0.84375 0.34375 0.0912661
0.84375 0.3125 0.112384
0.875 0.3125 0.135555
0.875 0.34375 0.116194
0.84375 0.34375 0.0912661
0.8125 0.3125 0.0905787
0.8125 0.25 0.138388
0.875 0.25 0.179452
0.875 0.3125 0.135555
0.8125 0.3125 0.0905787
0.875 0.5 0.078171
0.875 0.46875 0.0731579
0.90625 0.46875 0.104369
0.90625 0.5 0.109237
0.875 0.5 0.078171
0.875 0.46875 0.0731579
0.875 0.4375 0.0773072
0.90625 0.4375 0.107891
0.90625 0.46875 0.104369
0.875 0.46875 0.0731579
0.90625 0.5 0.109237
0.90625 0.46875 0.104369
0.9375 0.46875 0.135556
0.9375 0.5 0.140244
0.90625 0.5 0.109237
0.90625 0.46875 0.104369
0.90625 0.4375 0.107891
0.9375 0.4375 0.138575
0.9375 0.46875 0.135556
0.90625 0.46875 0.104369
0.875 0.4375 0.0773072
0.875 0.40625 0.0864015
0.90625 0.40625 0.115768
0.90625 0.4375 0.107891
0.875 0.4375 0.0773072
0.875 0.40625 0.0864015
0.875 0.375 0.0996261
0.90625 0.375 0.1275
0.90625 0.40625 0.115768
0.875 0.40625 0.0864015
0.90625 0.4375 0.107891
0.90625 0.40625 0.115768
0.9375 0.40625 0.145489
0.9375 0.4375 0.138575
0.90625 0.4375 0.107891
0.90625 0.40625 0.115768
0.90625 0.375 0.1275
0.9375 0.375 0.155981
0.9375 0.40625 0.145489
0.90625 0.40625 0.115768
0.9375 0.5 0.140244
0.9375 0.4375 0.138575
1 0.4375 0.200705
1 0.5 0.202618
0.9375 0.5 0.140244
0.9375 0.4375 0.138575
0.9375 0.375 0.155981
1 0.375 0.215162
1 0.4375 0.200705
0.9375 0.4375 0.138575
0.875 0.375 0.0996261
0.875 0.3125 0.135555
0.9375 0.3125 0.185424
0.9375 0.375 0.155981
0.875 0.375 0.0996261
0.875 0.3125 0.135555
0.875 0.25 0.179452
0.9375 0.25 0.224422
0.9375 0.3125 0.185424
0.875 0.3125 0.135555
0.9375 0.375 0.155981
0.9375 0.3125 0.185424
1 0.3125 0.240325
1 0.375 0.215162
0.9375 0.375 0.155981
0.9375 0.3125 0.185424
0.9375 0.25 0.224422
1 0.25 0.274565
1 0.3125 0.240325
0.9375 0.3125 0.185424
0.75 0.25 0.100013
0.75 0.1875 0.14997
0.8125 0.1875 0.187764
0.8125 0.25 0.138388
0.75 0.25 0.100013
0.75 0.1875 0.14997
0.75 0.125 0.200105
0.8125 0.125 0.237505
0.8125 0.1875 0.187764
0.75 0.1875 0.14997
0.8125 0.25 0.138388
0.8125 0.1875 0.187764
0.875 0.1875 0.226927
0.875 0.25 0.179452
0.8125 0.25 0.138388
0.8125 0.1875 0.187764
0.8125 0.125 0.237505
0.875 0.125 0.275728
0.875 0.1875 0.226927
0.8125 0.1875 0.187764
0.75 0.125 0.200105
0.75 0 0.302145
0.875 0 0.375287
0.875 0.125 0.275728
0.75 0.125 0.200105
0.875 0.25 0.179452
0.875 0.125 0.275728
1 0.125 0.361483
1 0.25 0.274565
0.875 0.25 0.179452
0.875 0.125 0.275728
0.875 0 0.375287
1 0 0.456501
1 0.125 0.361483
0.875 0.125 0.275728
