0 1 0.464176
0 0.875 0.382805
0.125 0.875 0.281594
0.125 1 0.369343
0 1 0.464176
0 0.875 0.382805
0 0.75 0.306789
0.125 0.75 0.200842
0.125 0.875 0.281594
0 0.875 0.382805
0.125 1 0.369343
0.125 0.875 0.281594
0.25 0.875 0.188802
0.25 1 0.286284
0.125 1 0.369343
0.125 0.875 0.281594
0.125 0.8125 0.240336
0.1875 0.8125 0.191622
0.1875 0.875 0.234561
0.125 0.875 0.281594
0.125 0.8125 0.240336
0.125 0.75 0.200842
0.1875 0.75 0.150875
0.1875 0.8125 0.191622
0.125 0.8125 0.240336
0.1875 0.875 0.234561
0.1875 0.8125 0.191622
0.25 0.8125 0.143741
0.25 0.875 0.188802
0.1875 0.875 0.234561
0.1875 0.8125 0.191622
0.1875 0.75 0.150875
0.25 0.75 0.102251
0.25 0.8125 0.143741
0.1875 0.8125 0.191622
0 0.75 0.306789
0 0.6875 0.273992
0.0625 0.6875 0.217434
0.0625 0.75 0.252554
0 0.75 0.306789
0 0.6875 0.273992
0 0.625 0.245338
0.0625 0.625 0.186369
0.0625 0.6875 0.217434
0 0.6875 0.273992
0.0625 0.75 0.252554
0.0625 0.6875 0.217434
0.125 0.6875 0.163354
0.125 0.75 0.200842
0.0625 0.75 0.252554
0.0625 0.6875 0.217434
0.0625 0.625 0.186369
0.125 0.625 0.129316
0.125 0.6875 0.163354
0.0625 0.6875 0.217434
0 0.625 0.245338
0 0.5625 0.222012
0.0625 0.5625 0.160563
0.0625 0.625 0.186369
0 0.625 0.245338
0 0.5625 0.222012
0 0.5 0.206703
0.0625 0.5 0.144229
0.0625 0.5625 0.160563
0 0.5625 0.222012
0.0625 0.625 0.186369
0.0625 0.5625 0.160563
0.125 0.5625 0.100835
0.125 0.625 0.129316
0.0625 0.625 0.186369
0.0625 0.5625 0.160563
0.0625 0.53125 0.151075
0.09375 0.53125 0.120392
0.09375 0.5625 0.130592
0.0625 0.5625 0.160563
0.0625 0.53125 0.151075
0.0625 0.5 0.144229
0.09375 0.5 0.113008
0.09375 0.53125 0.120392
0.0625 0.53125 0.151075
0.09375 0.5625 0.130592
0.09375 0.53125 0.120392
0.125 0.53125 0.0897923
0.125 0.5625 0.100835
0.09375 0.5625 0.130592
0.09375 0.53125 0.120392
0.09375 0.5 0.113008
0.125 0.5 0.0817779
0.125 0.53125 0.0897923
0.09375 0.53125 0.120392
0.125 0.75 0.200842
0.125 0.6875 0.163354
0.1875 0.6875 0.112114
0.1875 0.75 0.150875
0.125 0.75 0.200842
0.125 0.6875 0.163354
0.125 0.65625 0.145816
0.15625 0.65625 0.119276
0.15625 0.6875 0.137484
0.125 0.6875 0.163354
0.125 0.65625 0.145816
0.125 0.625 0.129316
0.15625 0.625 0.101926
0.15625 0.65625 0.119276
0.125 0.65625 0.145816
0.15625 0.6875 0.137484
0.15625 0.65625 0.119276
0.1875 0.65625 0.0933011
0.1875 0.6875 0.112114
0.15625 0.6875 0.137484
0.15625 0.65625 0.119276
0.15625 0.625 0.101926
0.1875 0.625 0.075107
0.1875 0.65625 0.0933011
0.15625 0.65625 0.119276
0.1875 0.75 0.150875
0.1875 0.71875 0.131335
0.21875 0.71875 0.106687
0.21875 0.75 0.126464
0.1875 0.75 0.150875
0.1875 0.71875 0.131335
0.1875 0.6875 0.112114
0.21875 0.6875 0.0871696
0.21875 0.71875 0.106687
0.1875 0.71875 0.131335
0.21875 0.75 0.126464
0.21875 0.71875 0.106687
0.25 0.71875 0.0822577
0.25 0.75 0.102251
0.21875 0.75 0.126464
0.21875 0.71875 0.106687
0.21875 0.6875 0.0871696
0.25 0.6875 0.0625445
0.25 0.71875 0.0822577
0.21875 0.71875 0.106687
0.1875 0.6875 0.112114
0.1875 0.65625 0.0933011
0.21875 0.65625 0.0679252
0.21875 0.6875 0.0871696
0.1875 0.6875 0.112114
0.1875 0.65625 0.0933011
0.1875 0.625 0.075107
0.21875 0.625 0.049057
0.21875 0.65625 0.0679252
0.1875 0.65625 0.0933011
0.21875 0.6875 0.0871696
0.21875 0.65625 0.0679252
0.25 0.65625 0.043035
0.25 0.6875 0.0625445
0.21875 0.6875 0.0871696
0.21875 0.65625 0.0679252
0.21875 0.625 0.049057
0.25 0.625 0.0237324
0.25 0.65625 0.043035
0.21875 0.65625 0.0679252
0.125 0.625 0.129316
0.125 0.59375 0.114177
0.15625 0.59375 0.0857926
0.15625 0.625 0.101926
0.125 0.625 0.129316
0.125 0.59375 0.114177
0.125 0.5625 0.100835
0.15625 0.5625 0.0713639
0.15625 0.59375 0.0857926
0.125 0.59375 0.114177
0.15625 0.625 0.101926
0.15625 0.59375 0.0857926
0.1875 0.59375 0.0579085
0.1875 0.625 0.075107
0.15625 0.625 0.101926
0.15625 0.59375 0.0857926
0.15625 0.5625 0.0713639
0.1875 0.5625 0.0422614
0.1875 0.59375 0.0579085
0.15625 0.59375 0.0857926
0.125 0.5625 0.100835
0.125 0.53125 0.0897923
0.15625 0.53125 0.0592972
0.15625 0.5625 0.0713639
0.125 0.5625 0.100835
0.125 0.53125 0.0897923
0.125 0.5 0.0817779
0.15625 0.5 0.0505368
0.15625 0.53125 0.0592972
0.125 0.53125 0.0897923
0.15625 0.5625 0.0713639
0.15625 0.53125 0.0592972
0.1875 0.53125 0.0289328
0.1875 0.5625 0.0422614
0.15625 0.5625 0.0713639
0.15625 0.53125 0.0592972
0.15625 0.5 0.0505368
0.1875 0.5 0.0192903
0.1875 0.53125 0.0289328
0.15625 0.53125 0.0592972
0.1875 0.625 0.075107
0.1875 0.59375 0.0579085
0.21875 0.59375 0.0308203
0.21875 0.625 0.049057
0.1875 0.625 0.075107
0.1875 0.59375 0.0579085
0.1875 0.5625 0.0422614
0.21875 0.5625 0.0137912
0.21875 0.59375 0.0308203
0.1875 0.59375 0.0579085
0.21875 0.625 0.049057
0.21875 0.59375 0.0308203
0.25 0.59375 0.00473858
0.25 0.625 0.0237324
0.21875 0.625 0.049057
0.21875 0.59375 0.0308203
0.21875 0.5625 0.0137912
0.25 0.5625 -0.0131658
0.25 0.59375 0.00473858
0.21875 0.59375 0.0308203
0.1875 0.5625 0.0422614
0.1875 0.53125 0.0289328
0.21875 0.53125 -0.00111353
0.21875 0.5625 0.0137912
0.1875 0.5625 0.0422614
0.1875 0.53125 0.0289328
0.1875 0.5 0.0192903
0.21875 0.5 -0.0114976
0.21875 0.53125 -0.00111353
0.1875 0.53125 0.0289328
0.21875 0.5625 0.0137912
0.21875 0.53125 -0.00111353
0.25 0.53125 -0.0290805
0.25 0.5625 -0.0131658
0.21875 0.5625 0.0137912
0.21875 0.53125 -0.00111353
0.21875 0.5 -0.0114976
0.25 0.5 -0.0413841
0.25 0.53125 -0.0290805
0.21875 0.53125 -0.00111353
0.25 1 0.286284
0.25 0.9375 0.236638
0.3125 0.9375 0.196807
0.3125 1 0.250242
0.25 1 0.286284
0.25 0.9375 0.236638
0.25 0.875 0.188802
0.3125 0.875 0.145229
0.3125 0.9375 0.196807
0.25 0.9375 0.236638
0.3125 1 0.250242
0.3125 0.9375 0.196807
0.375 0.9375 0.163622
0.375 1 0.221745
0.3125 1 0.250242
0.3125 0.9375 0.196807
0.3125 0.875 0.145229
0.375 0.875 0.107666
0.375 0.9375 0.163622
0.3125 0.9375 0.196807
0.25 0.875 0.188802
0.25 0.8125 0.143741
0.3125 0.8125 0.0978831
0.3125 0.875 0.145229
0.25 0.875 0.188802
0.25 0.8125 0.143741
0.25 0.78125 0.122723
0.28125 0.78125 0.0990511
0.28125 0.8125 0.120604
0.25 0.8125 0.143741
0.25 0.78125 0.122723
0.25 0.75 0.102251
0.28125 0.75 0.0782017
0.28125 0.78125 0.0990511
0.25 0.78125 0.122723
0.28125 0.8125 0.120604
0.28125 0.78125 0.0990511
0.3125 0.78125 0.07564
0.3125 0.8125 0.0978831
0.28125 0.8125 0.120604
0.28125 0.78125 0.0990511
0.28125 0.75 0.0782017
0.3125 0.75 0.0543088
0.3125 0.78125 0.07564
0.28125 0.78125 0.0990511
0.3125 0.875 0.145229
0.3125 0.84375 0.121097
0.34375 0.84375 0.100222
0.34375 0.875 0.125632
0.3125 0.875 0.145229
0.3125 0.84375 0.121097
0.3125 0.8125 0.0978831
0.34375 0.8125 0.0758588
0.34375 0.84375 0.100222
0.3125 0.84375 0.121097
0.34375 0.875 0.125632
0.34375 0.84375 0.100222
0.375 0.84375 0.0807824
0.375 0.875 0.107666
0.34375 0.875 0.125632
0.34375 0.84375 0.100222
0.34375 0.8125 0.0758588
0.375 0.8125 0.0548787
0.375 0.84375 0.0807824
0.34375 0.84375 0.100222
0.3125 0.8125 0.0978831
0.3125 0.78125 0.07564
0.34375 0.78125 0.0526347
0.34375 0.8125 0.0758588
0.3125 0.8125 0.0978831
0.3125 0.78125 0.07564
0.3125 0.75 0.0543088
0.34375 0.75 0.0305906
0.34375 0.78125 0.0526347
0.3125 0.78125 0.07564
0.34375 0.8125 0.0758588
0.34375 0.78125 0.0526347
0.375 0.78125 0.0302134
0.375 0.8125 0.0548787
0.34375 0.8125 0.0758588
0.34375 0.78125 0.0526347
0.34375 0.75 0.0305906
0.375 0.75 0.00706375
0.375 0.78125 0.0302134
0.34375 0.78125 0.0526347
0.375 1 0.221745
0.375 0.9375 0.163622
0.4375 0.9375 0.142968
0.4375 1 0.204713
0.375 1 0.221745
0.375 0.9375 0.163622
0.375 0.90625 0.13535
0.40625 0.90625 0.121786
0.40625 0.9375 0.151357
0.375 0.9375 0.163622
0.375 0.90625 0.13535
0.375 0.875 0.107666
0.40625 0.875 0.0925952
0.40625 0.90625 0.121786
0.375 0.90625 0.13535
0.40625 0.9375 0.151357
0.40625 0.90625 0.121786
0.4375 0.90625 0.112303
0.4375 0.9375 0.142968
0.40625 0.9375 0.151357
0.40625 0.90625 0.121786
0.40625 0.875 0.0925952
0.4375 0.875 0.0817934
0.4375 0.90625 0.112303
0.40625 0.90625 0.121786
0.4375 1 0.204713
0.4375 0.9375 0.142968
0.5 0.9375 0.140639
0.5 1 0.202854
0.4375 1 0.204713
0.4375 0.9375 0.142968
0.4375 0.90625 0.112303
0.46875 0.90625 0.107913
0.46875 0.9375 0.139123
0.4375 0.9375 0.142968
0.4375 0.90625 0.112303
0.4375 0.875 0.0817934
0.46875 0.875 0.0766991
0.46875 0.90625 0.107913
0.4375 0.90625 0.112303
0.46875 0.9375 0.139123
0.46875 0.90625 0.107913
0.5 0.90625 0.10962
0.5 0.9375 0.140639
0.46875 0.9375 0.139123
0.46875 0.90625 0.107913
0.46875 0.875 0.0766991
0.5 0.875 0.078652
0.5 0.90625 0.10962
0.46875 0.90625 0.107913
0.375 0.875 0.107666
0.375 0.84375 0.0807824
0.40625 0.84375 0.0639196
0.40625 0.875 0.0925952
0.375 0.875 0.107666
0.375 0.84375 0.0807824
0.375 0.8125 0.0548787
0.40625 0.8125 0.035969
0.40625 0.84375 0.0639196
0.375 0.84375 0.0807824
0.40625 0.875 0.0925952
0.40625 0.84375 0.0639196
0.4375 0.84375 0.0514922
0.4375 0.875 0.0817934
0.40625 0.875 0.0925952
0.40625 0.84375 0.0639196
0.40625 0.8125 0.035969
0.4375 0.8125 0.0214946
0.4375 0.84375 0.0514922
0.40625 0.84375 0.0639196
0.375 0.8125 0.0548787
0.375 0.78125 0.0302134
0.40625 0.78125 0.00904399
0.40625 0.8125 0.035969
0.375 0.8125 0.0548787
0.375 0.78125 0.0302134
0.375 0.75 0.00706375
0.40625 0.75 -0.0150137
0.40625 0.78125 0.00904399
0.375 0.78125 0.0302134
0.40625 0.8125 0.035969
0.40625 0.78125 0.00904399
0.4375 0.78125 -0.0076602
0.4375 0.8125 0.0214946
0.40625 0.8125 0.035969
0.40625 0.78125 0.00904399
0.40625 0.75 -0.0150137
0.4375 0.75 -0.0343938
0.4375 0.78125 -0.0076602
0.40625 0.78125 0.00904399
0.4375 0.875 0.0817934
0.4375 0.84375 0.0514922
0.46875 0.84375 0.0454787
0.46875 0.875 0.0766991
0.4375 0.875 0.0817934
0.4375 0.84375 0.0514922
0.4375 0.8125 0.0214946
0.46875 0.8125 0.0142473
0.46875 0.84375 0.0454787
0.4375 0.84375 0.0514922
0.46875 0.875 0.0766991
0.46875 0.84375 0.0454787
0.5 0.84375 0.0477497
0.5 0.875 0.078652
0.46875 0.875 0.0766991
0.46875 0.84375 0.0454787
0.46875 0.8125 0.0142473
0.5 0.8125 0.0169366
0.5 0.84375 0.0477497
0.46875 0.84375 0.0454787
0.4375 0.8125 0.0214946
0.4375 0.78125 -0.0076602
0.46875 0.78125 -0.0167927
0.46875 0.8125 0.0142473
0.4375 0.8125 0.0214946
0.4375 0.78125 -0.0076602
0.4375 0.75 -0.0343938
0.46875 0.75 -0.0470344
0.46875 0.78125 -0.0167927
0.4375 0.78125 -0.0076602
0.46875 0.8125 0.0142473
0.46875 0.78125 -0.0167927
0.5 0.78125 -0.0134589
0.5 0.8125 0.0169366
0.46875 0.8125 0.0142473
0.46875 0.78125 -0.0167927
0.46875 0.75 -0.0470344
0.5 0.75 -0.0429807
0.5 0.78125 -0.0134589
0.46875 0.78125 -0.0167927
0.25 0.75 0.102251
0.25 0.71875 0.0822577
0.28125 0.71875 0.0579835
0.28125 0.75 0.0782017
0.25 0.75 0.102251
0.25 0.71875 0.0822577
0.25 0.6875 0.0625445
0.28125 0.6875 0.0381201
0.28125 0.71875 0.0579835
0.25 0.71875 0.0822577
0.28125 0.75 0.0782017
0.28125 0.71875 0.0579835
0.3125 0.71875 0.0338179
0.3125 0.75 0.0543088
0.28125 0.75 0.0782017
0.28125 0.71875 0.0579835
0.28125 0.6875 0.0381201
0.3125 0.6875 0.0138319
0.3125 0.71875 0.0338179
0.28125 0.71875 0.0579835
0.25 0.6875 0.0625445
0.25 0.65625 0.043035
0.28125 0.65625 0.0184682
0.28125 0.6875 0.0381201
0.25 0.6875 0.0625445
0.25 0.65625 0.043035
0.25 0.625 0.0237324
0.28125 0.625 -0.00104111
0.28125 0.65625 0.0184682
0.25 0.65625 0.043035
0.28125 0.6875 0.0381201
0.28125 0.65625 0.0184682
0.3125 0.65625 -0.00591906
0.3125 0.6875 0.0138319
0.28125 0.6875 0.0381201
0.28125 0.65625 0.0184682
0.28125 0.625 -0.00104111
0.3125 0.625 -0.0255047
0.3125 0.65625 -0.00591906
0.28125 0.65625 0.0184682
0.3125 0.75 0.0543088
0.3125 0.71875 0.0338179
0.34375 0.71875 0.00974264
0.34375 0.75 0.0305906
0.3125 0.75 0.0543088
0.3125 0.71875 0.0338179
0.3125 0.6875 0.0138319
0.34375 0.6875 -0.0103228
0.34375 0.71875 0.00974264
0.3125 0.71875 0.0338179
0.34375 0.75 0.0305906
0.34375 0.71875 0.00974264
0.375 0.71875 -0.0139571
0.375 0.75 0.00706375
0.34375 0.75 0.0305906
0.34375 0.71875 0.00974264
0.34375 0.6875 -0.0103228
0.375 0.6875 -0.0342835
0.375 0.71875 -0.0139571
0.34375 0.71875 0.00974264
0.3125 0.6875 0.0138319
0.3125 0.65625 -0.00591906
0.34375 0.65625 -0.0301781
0.34375 0.6875 -0.0103228
0.3125 0.6875 0.0138319
0.3125 0.65625 -0.00591906
0.3125 0.625 -0.0255047
0.34375 0.625 -0.0498755
0.34375 0.65625 -0.0301781
0.3125 0.65625 -0.00591906
0.34375 0.6875 -0.0103228
0.34375 0.65625 -0.0301781
0.375 0.65625 -0.0543109
0.375 0.6875 -0.0342835
0.34375 0.6875 -0.0103228
0.34375 0.65625 -0.0301781
0.34375 0.625 -0.0498755
0.375 0.625 -0.0741439
0.375 0.65625 -0.0543109
0.34375 0.65625 -0.0301781
0.25 0.625 0.0237324
0.25 0.59375 0.00473858
0.28125 0.59375 -0.0202374
0.28125 0.625 -0.00104111
0.25 0.625 0.0237324
0.25 0.59375 0.00473858
0.25 0.5625 -0.0131658
0.28125 0.5625 -0.0388007
0.28125 0.59375 -0.0202374
0.25 0.59375 0.00473858
0.28125 0.625 -0.00104111
0.28125 0.59375 -0.0202374
0.3125 0.59375 -0.0448937
0.3125 0.625 -0.0255047
0.28125 0.625 -0.00104111
0.28125 0.59375 -0.0202374
0.28125 0.5625 -0.0388007
0.3125 0.5625 -0.0639056
0.3125 0.59375 -0.0448937
0.28125 0.59375 -0.0202374
0.25 0.5625 -0.0131658
0.25 0.53125 -0.0290805
0.28125 0.53125 -0.0560308
0.28125 0.5625 -0.0388007
0.25 0.5625 -0.0131658
0.25 0.53125 -0.0290805
0.25 0.5 -0.0413841
0.28125 0.5 -0.0703409
0.28125 0.53125 -0.0560308
0.25 0.53125 -0.0290805
0.28125 0.5625 -0.0388007
0.28125 0.53125 -0.0560308
0.3125 0.53125 -0.0820857
0.3125 0.5625 -0.0639056
0.28125 0.5625 -0.0388007
0.28125 0.53125 -0.0560308
0.28125 0.5 -0.0703409
0.3125 0.5 -0.0982301
0.3125 0.53125 -0.0820857
0.28125 0.53125 -0.0560308
0.3125 0.625 -0.0255047
0.3125 0.59375 -0.0448937
0.34375 0.59375 -0.069408
0.34375 0.625 -0.0498755
0.3125 0.625 -0.0255047
0.3125 0.59375 -0.0448937
0.3125 0.5625 -0.0639056
0.34375 0.5625 -0.0886919
0.34375 0.59375 -0.069408
0.3125 0.59375 -0.0448937
0.34375 0.625 -0.0498755
0.34375 0.59375 -0.069408
0.375 0.59375 -0.0938129
0.375 0.625 -0.0741439
0.34375 0.625 -0.0498755
0.34375 0.59375 -0.069408
0.34375 0.5625 -0.0886919
0.375 0.5625 -0.113283
0.375 0.59375 -0.0938129
0.34375 0.59375 -0.069408
0.3125 0.5625 -0.0639056
0.3125 0.53125 -0.0820857
0.34375 0.53125 -0.107461
0.34375 0.5625 -0.0886919
0.3125 0.5625 -0.0639056
0.3125 0.53125 -0.0820857
0.3125 0.5 -0.0982301
0.34375 0.5 -0.124959
0.34375 0.53125 -0.107461
0.3125 0.53125 -0.0820857
0.34375 0.5625 -0.0886919
0.34375 0.53125 -0.107461
0.375 0.53125 -0.132453
0.375 0.5625 -0.113283
0.34375 0.5625 -0.0886919
0.34375 0.53125 -0.107461
0.34375 0.5 -0.124959
0.375 0.5 -0.150882
0.375 0.53125 -0.132453
0.34375 0.53125 -0.107461
0.375 0.75 0.00706375
0.375 0.71875 -0.0139571
0.40625 0.71875 -0.0370053
0.40625 0.75 -0.0150137
0.375 0.75 0.00706375
0.375 0.71875 -0.0139571
0.375 0.6875 -0.0342835
0.40625 0.6875 -0.0579208
0.40625 0.71875 -0.0370053
0.375 0.71875 -0.0139571
0.40625 0.75 -0.0150137
0.40625 0.71875 -0.0370053
0.4375 0.71875 -0.0586265
0.4375 0.75 -0.0343938
0.40625 0.75 -0.0150137
0.40625 0.71875 -0.0370053
0.40625 0.6875 -0.0579208
0.4375 0.6875 -0.0808476
0.4375 0.71875 -0.0586265
0.40625 0.71875 -0.0370053
0.375 0.6875 -0.0342835
0.375 0.65625 -0.0543109
0.40625 0.65625 -0.0782621
0.40625 0.6875 -0.0579208
0.375 0.6875 -0.0342835
0.375 0.65625 -0.0543109
0.375 0.625 -0.0741439
0.40625 0.625 -0.0982852
0.40625 0.65625 -0.0782621
0.375 0.65625 -0.0543109
0.40625 0.6875 -0.0579208
0.40625 0.65625 -0.0782621
0.4375 0.65625 -0.101862
0.4375 0.6875 -0.0808476
0.40625 0.6875 -0.0579208
0.40625 0.65625 -0.0782621
0.40625 0.625 -0.0982852
0.4375 0.625 -0.122232
0.4375 0.65625 -0.101862
0.40625 0.65625 -0.0782621
0.4375 0.75 -0.0343938
0.4375 0.71875 -0.0586265
0.46875 0.71875 -0.0755457
0.46875 0.75 -0.0470344
0.4375 0.75 -0.0343938
0.4375 0.71875 -0.0586265
0.4375 0.6875 -0.0808476
0.46875 0.6875 -0.101402
0.46875 0.71875 -0.0755457
0.4375 0.71875 -0.0586265
0.46875 0.75 -0.0470344
0.46875 0.71875 -0.0755457
0.5 0.71875 -0.0715341
0.5 0.75 -0.0429807
0.46875 0.75 -0.0470344
0.46875 0.71875 -0.0755457
0.46875 0.6875 -0.101402
0.5 0.6875 -0.0990003
0.5 0.71875 -0.0715341
0.46875 0.71875 -0.0755457
0.4375 0.6875 -0.0808476
0.4375 0.65625 -0.101862
0.46875 0.65625 -0.124468
0.46875 0.6875 -0.101402
0.4375 0.6875 -0.0808476
0.4375 0.65625 -0.101862
0.4375 0.625 -0.122232
0.46875 0.625 -0.145578
0.46875 0.65625 -0.124468
0.4375 0.65625 -0.101862
0.46875 0.6875 -0.101402
0.46875 0.65625 -0.124468
0.5 0.65625 -0.12547
0.5 0.6875 -0.0990003
0.46875 0.6875 -0.101402
0.46875 0.65625 -0.124468
0.46875 0.625 -0.145578
0.5 0.625 -0.151054
0.5 0.65625 -0.12547
0.46875 0.65625 -0.124468
0.375 0.625 -0.0741439
0.375 0.59375 -0.0938129
0.40625 0.59375 -0.118107
0.40625 0.625 -0.0982852
0.375 0.625 -0.0741439
0.375 0.59375 -0.0938129
0.375 0.5625 -0.113283
0.40625 0.5625 -0.137739
0.40625 0.59375 -0.118107
0.375 0.59375 -0.0938129
0.40625 0.625 -0.0982852
0.40625 0.59375 -0.118107
0.4375 0.59375 -0.14226
0.4375 0.625 -0.122232
0.40625 0.625 -0.0982852
0.40625 0.59375 -0.118107
0.40625 0.5625 -0.137739
0.4375 0.5625 -0.162067
0.4375 0.59375 -0.14226
0.40625 0.59375 -0.118107
0.375 0.5625 -0.113283
0.375 0.5 -0.150882
0.4375 0.5 -0.196427
0.4375 0.5625 -0.162067
0.375 0.5625 -0.113283
0.4375 0.625 -0.122232
0.4375 0.5625 -0.162067
0.5 0.5625 -0.201058
0.5 0.625 -0.151054
0.4375 0.625 -0.122232
0.4375 0.5625 -0.162067
0.4375 0.5 -0.196427
0.5 0.5 -0.24022
0.5 0.5625 -0.201058
0.4375 0.5625 -0.162067
0 0.5 0.206703
0 0.4375 0.206876
0.0625 0.4375 0.144912
0.0625 0.5 0.144229
0 0.5 0.206703
0 0.4375 0.206876
0 0.375 0.221883
0.0625 0.375 0.162871
0.0625 0.4375 0.144912
0 0.4375 0.206876
0.0625 0.5 0.144229
0.0625 0.46875 0.141924
0.09375 0.46875 0.110731
0.09375 0.5 0.113008
0.0625 0.5 0.144229
0.0625 0.46875 0.141924
0.0625 0.4375 0.144912
0.09375 0.4375 0.114217
0.09375 0.46875 0.110731
0.0625 0.46875 0.141924
0.09375 0.5 0.113008
0.09375 0.46875 0.110731
0.125 0.46875 0.0795285
0.125 0.5 0.0817779
0.09375 0.5 0.113008
0.09375 0.46875 0.110731
0.09375 0.4375 0.114217
0.125 0.4375 0.0836347
0.125 0.46875 0.0795285
0.09375 0.46875 0.110731
0.0625 0.4375 0.144912
0.0625 0.40625 0.152112
0.09375 0.40625 0.122452
0.09375 0.4375 0.114217
0.0625 0.4375 0.144912
0.0625 0.40625 0.152112
0.0625 0.375 0.162871
0.09375 0.375 0.13448
0.09375 0.40625 0.122452
0.0625 0.40625 0.152112
0.09375 0.4375 0.114217
0.09375 0.40625 0.122452
0.125 0.40625 0.0931577
0.125 0.4375 0.0836347
0.09375 0.4375 0.114217
0.09375 0.40625 0.122452
0.09375 0.375 0.13448
0.125 0.375 0.106678
0.125 0.40625 0.0931577
0.09375 0.40625 0.122452
0 0.375 0.221883
0 0.3125 0.247493
0.0625 0.3125 0.192624
0.0625 0.375 0.162871
0 0.375 0.221883
0 0.3125 0.247493
0 0.25 0.281564
0.0625 0.25 0.231071
0.0625 0.3125 0.192624
0 0.3125 0.247493
0.0625 0.375 0.162871
0.0625 0.3125 0.192624
0.125 0.3125 0.142353
0.125 0.375 0.106678
0.0625 0.375 0.162871
0.0625 0.3125 0.192624
0.0625 0.25 0.231071
0.125 0.25 0.185057
0.125 0.3125 0.142353
0.0625 0.3125 0.192624
0.125 0.5 0.0817779
0.125 0.46875 0.0795285
0.15625 0.46875 0.0483074
0.15625 0.5 0.0505368
0.125 0.5 0.0817779
0.125 0.46875 0.0795285
0.125 0.4375 0.0836347
0.15625 0.4375 0.0532603
0.15625 0.46875 0.0483074
0.125 0.46875 0.0795285
0.15625 0.5 0.0505368
0.15625 0.46875 0.0483074
0.1875 0.46875 0.0170829
0.1875 0.5 0.0192903
0.15625 0.5 0.0505368
0.15625 0.46875 0.0483074
0.15625 0.4375 0.0532603
0.1875 0.4375 0.0232325
0.1875 0.46875 0.0170829
0.15625 0.46875 0.0483074
0.125 0.4375 0.0836347
0.125 0.40625 0.0931577
0.15625 0.40625 0.0644277
0.15625 0.4375 0.0532603
0.125 0.4375 0.0836347
0.125 0.40625 0.0931577
0.125 0.375 0.106678
0.15625 0.375 0.0798528
0.15625 0.40625 0.0644277
0.125 0.40625 0.0931577
0.15625 0.4375 0.0532603
0.15625 0.40625 0.0644277
0.1875 0.40625 0.0366584
0.1875 0.4375 0.0232325
0.15625 0.4375 0.0532603
0.15625 0.40625 0.0644277
0.15625 0.375 0.0798528
0.1875 0.375 0.0541409
0.1875 0.40625 0.0366584
0.15625 0.40625 0.0644277
0.1875 0.5 0.0192903
0.1875 0.46875 0.0170829
0.21875 0.46875 -0.0130956
0.21875 0.5 -0.0114976
0.1875 0.5 0.0192903
0.1875 0.46875 0.0170829
0.1875 0.4375 0.0232325
0.21875 0.4375 -0.00566745
0.21875 0.46875 -0.0130956
0.1875 0.46875 0.0170829
0.21875 0.5 -0.0114976
0.21875 0.46875 -0.0130956
0.25 0.46875 -0.041802
0.25 0.5 -0.0413841
0.21875 0.5 -0.0114976
0.21875 0.46875 -0.0130956
0.21875 0.4375 -0.00566745
0.25 0.4375 -0.0309247
0.25 0.46875 -0.041802
0.21875 0.46875 -0.0130956
0.1875 0.4375 0.0232325
0.1875 0.40625 0.0366584
0.21875 0.40625 0.0100858
0.21875 0.4375 -0.00566745
0.1875 0.4375 0.0232325
0.1875 0.40625 0.0366584
0.1875 0.375 0.0541409
0.21875 0.375 0.0300252
0.21875 0.40625 0.0100858
0.1875 0.40625 0.0366584
0.21875 0.4375 -0.00566745
0.21875 0.40625 0.0100858
0.25 0.40625 -0.0139144
0.25 0.4375 -0.0309247
0.21875 0.4375 -0.00566745
0.21875 0.40625 0.0100858
0.21875 0.375 0.0300252
0.25 0.375 0.00747702
0.25 0.40625 -0.0139144
0.21875 0.40625 0.0100858
0.125 0.375 0.106678
0.125 0.34375 0.12331
0.15625 0.34375 0.0982145
0.15625 0.375 0.0798528
0.125 0.375 0.106678
0.125 0.34375 0.12331
0.125 0.3125 0.142353
0.15625 0.3125 0.118751
0.15625 0.34375 0.0982145
0.125 0.34375 0.12331
0.15625 0.375 0.0798528
0.15625 0.34375 0.0982145
0.1875 0.34375 0.0744116
0.1875 0.375 0.0541409
0.15625 0.375 0.0798528
0.15625 0.34375 0.0982145
0.15625 0.3125 0.118751
0.1875 0.3125 0.0962258
0.1875 0.34375 0.0744116
0.15625 0.34375 0.0982145
0.125 0.3125 0.142353
0.125 0.25 0.185057
0.1875 0.25 0.142279
0.1875 0.3125 0.0962258
0.125 0.3125 0.142353
0.1875 0.375 0.0541409
0.1875 0.34375 0.0744116
0.21875 0.34375 0.0518681
0.21875 0.375 0.0300252
0.1875 0.375 0.0541409
0.1875 0.34375 0.0744116
0.1875 0.3125 0.0962258
0.21875 0.3125 0.0747028
0.21875 0.34375 0.0518681
0.1875 0.34375 0.0744116
0.21875 0.375 0.0300252
0.21875 0.34375 0.0518681
0.25 0.34375 0.0304241
0.25 0.375 0.00747702
0.21875 0.375 0.0300252
0.21875 0.34375 0.0518681
0.21875 0.3125 0.0747028
0.25 0.3125 0.053943
0.25 0.34375 0.0304241
0.21875 0.34375 0.0518681
0.1875 0.3125 0.0962258
0.1875 0.28125 0.118952
0.21875 0.28125 0.0981034
0.21875 0.3125 0.0747028
0.1875 0.3125 0.0962258
0.1875 0.28125 0.118952
0.1875 0.25 0.142279
0.21875 0.25 0.121856
0.21875 0.28125 0.0981034
0.1875 0.28125 0.118952
0.21875 0.3125 0.0747028
0.21875 0.28125 0.0981034
0.25 0.28125 0.0777708
0.25 0.3125 0.053943
0.21875 0.3125 0.0747028
0.21875 0.28125 0.0981034
0.21875 0.25 0.121856
0.25 0.25 0.101787
0.25 0.28125 0.0777708
0.21875 0.28125 0.0981034
0 0.25 0.281564
0 0.125 0.366099
0.125 0.125 0.278053
0.125 0.25 0.185057
0 0.25 0.281564
0 0.125 0.366099
0 0 0.458977
0.125 0 0.37531
0.125 0.125 0.278053
0 0.125 0.366099
0.125 0.25 0.185057
0.125 0.1875 0.230938
0.1875 0.1875 0.189884
0.1875 0.25 0.142279
0.125 0.25 0.185057
0.125 0.1875 0.230938
0.125 0.125 0.278053
0.1875 0.125 0.238118
0.1875 0.1875 0.189884
0.125 0.1875 0.230938
0.1875 0.25 0.142279
0.1875 0.1875 0.189884
0.25 0.1875 0.150228
0.25 0.25 0.101787
0.1875 0.25 0.142279
0.1875 0.1875 0.189884
0.1875 0.125 0.238118
0.25 0.125 0.199267
0.25 0.1875 0.150228
0.1875 0.1875 0.189884
0.125 0.125 0.278053
0.125 0 0.37531
0.25 0 0.300806
0.25 0.125 0.199267
0.125 0.125 0.278053
0.25 0.5 -0.0413841
0.25 0.46875 -0.041802
0.28125 0.46875 -0.0689997
0.28125 0.5 -0.0703409
0.25 0.5 -0.0413841
0.25 0.46875 -0.041802
0.25 0.4375 -0.0309247
0.28125 0.4375 -0.0549892
0.28125 0.46875 -0.0689997
0.25 0.46875 -0.041802
0.28125 0.5 -0.0703409
0.28125 0.46875 -0.0689997
0.3125 0.46875 -0.0946358
0.3125 0.5 -0.0982301
0.28125 0.5 -0.0703409
0.28125 0.46875 -0.0689997
0.28125 0.4375 -0.0549892
0.3125 0.4375 -0.0778038
0.3125 0.46875 -0.0946358
0.28125 0.46875 -0.0689997
0.25 0.4375 -0.0309247
0.25 0.40625 -0.0139144
0.28125 0.40625 -0.0356594
0.28125 0.4375 -0.0549892
0.25 0.4375 -0.0309247
0.25 0.40625 -0.0139144
0.25 0.375 0.00747702
0.28125 0.375 -0.0136887
0.28125 0.40625 -0.0356594
0.25 0.40625 -0.0139144
0.28125 0.4375 -0.0549892
0.28125 0.40625 -0.0356594
0.3125 0.40625 -0.0568216
0.3125 0.4375 -0.0778038
0.28125 0.4375 -0.0549892
0.28125 0.40625 -0.0356594
0.28125 0.375 -0.0136887
0.3125 0.375 -0.0339583
0.3125 0.40625 -0.0568216
0.28125 0.40625 -0.0356594
0.3125 0.5 -0.0982301
0.3125 0.46875 -0.0946358
0.34375 0.46875 -0.118814
0.34375 0.5 -0.124959
0.3125 0.5 -0.0982301
0.3125 0.46875 -0.0946358
0.3125 0.4375 -0.0778038
0.34375 0.4375 -0.0995795
0.34375 0.46875 -0.118814
0.3125 0.46875 -0.0946358
0.34375 0.5 -0.124959
0.34375 0.46875 -0.118814
0.375 0.46875 -0.14149
0.375 0.5 -0.150882
0.34375 0.5 -0.124959
0.34375 0.46875 -0.118814
0.34375 0.4375 -0.0995795
0.375 0.4375 -0.120621
0.375 0.46875 -0.14149
0.34375 0.46875 -0.118814
0.3125 0.4375 -0.0778038
0.3125 0.40625 -0.0568216
0.34375 0.40625 -0.0774246
0.34375 0.4375 -0.0995795
0.3125 0.4375 -0.0778038
0.3125 0.40625 -0.0568216
0.3125 0.375 -0.0339583
0.34375 0.375 -0.0540181
0.34375 0.40625 -0.0774246
0.3125 0.40625 -0.0568216
0.34375 0.4375 -0.0995795
0.34375 0.40625 -0.0774246
0.375 0.40625 -0.0976373
0.375 0.4375 -0.120621
0.34375 0.4375 -0.0995795
0.34375 0.40625 -0.0774246
0.34375 0.375 -0.0540181
0.375 0.375 -0.0738644
0.375 0.40625 -0.0976373
0.34375 0.40625 -0.0774246
0.25 0.375 0.00747702
0.25 0.34375 0.0304241
0.28125 0.34375 0.00979103
0.28125 0.375 -0.0136887
0.25 0.375 0.00747702
0.25 0.34375 0.0304241
0.25 0.3125 0.053943
0.28125 0.3125 0.0337058
0.28125 0.34375 0.00979103
0.25 0.34375 0.0304241
0.28125 0.375 -0.0136887
0.28125 0.34375 0.00979103
0.3125 0.34375 -0.0103105
0.3125 0.375 -0.0339583
0.28125 0.375 -0.0136887
0.28125 0.34375 0.00979103
0.28125 0.3125 0.0337058
0.3125 0.3125 0.0137904
0.3125 0.34375 -0.0103105
0.28125 0.34375 0.00979103
0.25 0.3125 0.053943
0.25 0.28125 0.0777708
0.28125 0.28125 0.0577809
0.28125 0.3125 0.0337058
0.25 0.3125 0.053943
0.25 0.28125 0.0777708
0.25 0.25 0.101787
0.28125 0.25 0.0819784
0.28125 0.28125 0.0577809
0.25 0.28125 0.0777708
0.28125 0.3125 0.0337058
0.28125 0.28125 0.0577809
0.3125 0.28125 0.038022
0.3125 0.3125 0.0137904
0.28125 0.3125 0.0337058
0.28125 0.28125 0.0577809
0.28125 0.25 0.0819784
0.3125 0.25 0.0623675
0.3125 0.28125 0.038022
0.28125 0.28125 0.0577809
0.3125 0.375 -0.0339583
0.3125 0.34375 -0.0103105
0.34375 0.34375 -0.0300767
0.34375 0.375 -0.0540181
0.3125 0.375 -0.0339583
0.3125 0.34375 -0.0103105
0.3125 0.3125 0.0137904
0.34375 0.3125 -0.00591578
0.34375 0.34375 -0.0300767
0.3125 0.34375 -0.0103105
0.34375 0.375 -0.0540181
0.34375 0.34375 -0.0300767
0.375 0.34375 -0.0497066
0.375 0.375 -0.0738644
0.34375 0.375 -0.0540181
0.34375 0.34375 -0.0300767
0.34375 0.3125 -0.00591578
0.375 0.3125 -0.0254067
0.375 0.34375 -0.0497066
0.34375 0.34375 -0.0300767
0.3125 0.3125 0.0137904
0.3125 0.28125 0.038022
0.34375 0.28125 0.0184438
0.34375 0.3125 -0.00591578
0.3125 0.3125 0.0137904
0.3125 0.28125 0.038022
0.3125 0.25 0.0623675
0.34375 0.25 0.0429362
0.34375 0.28125 0.0184438
0.3125 0.28125 0.038022
0.34375 0.3125 -0.00591578
0.34375 0.28125 0.0184438
0.375 0.28125 -0.000965082
0.375 0.3125 -0.0254067
0.34375 0.3125 -0.00591578
0.34375 0.28125 0.0184438
0.34375 0.25 0.0429362
0.375 0.25 0.0237197
0.375 0.28125 -0.000965082
0.34375 0.28125 0.0184438
0.375 0.5 -0.150882
0.375 0.4375 -0.120621
0.4375 0.4375 -0.16113
0.4375 0.5 -0.196427
0.375 0.5 -0.150882
0.375 0.4375 -0.120621
0.375 0.40625 -0.0976373
0.40625 0.40625 -0.117551
0.40625 0.4375 -0.1411
0.375 0.4375 -0.120621
0.375 0.40625 -0.0976373
0.375 0.375 -0.0738644
0.40625 0.375 -0.0934801
0.40625 0.40625 -0.117551
0.375 0.40625 -0.0976373
0.40625 0.4375 -0.1411
0.40625 0.40625 -0.117551
0.4375 0.40625 -0.137141
0.4375 0.4375 -0.16113
0.40625 0.4375 -0.1411
0.40625 0.40625 -0.117551
0.40625 0.375 -0.0934801
0.4375 0.375 -0.112779
0.4375 0.40625 -0.137141
0.40625 0.40625 -0.117551
0.4375 0.5 -0.196427
0.4375 0.4375 -0.16113
0.5 0.4375 -0.198875
0.5 0.5 -0.24022
0.4375 0.5 -0.196427
0.4375 0.4375 -0.16113
0.4375 0.375 -0.112779
0.5 0.375 -0.149253
0.5 0.4375 -0.198875
0.4375 0.4375 -0.16113
0.375 0.375 -0.0738644
0.375 0.34375 -0.0497066
0.40625 0.34375 -0.0691295
0.40625 0.375 -0.0934801
0.375 0.375 -0.0738644
0.375 0.34375 -0.0497066
0.375 0.3125 -0.0254067
0.40625 0.3125 -0.0446363
0.40625 0.34375 -0.0691295
0.375 0.34375 -0.0497066
0.40625 0.375 -0.0934801
0.40625 0.34375 -0.0691295
0.4375 0.34375 -0.0881785
0.4375 0.375 -0.112779
0.40625 0.375 -0.0934801
0.40625 0.34375 -0.0691295
0.40625 0.3125 -0.0446363
0.4375 0.3125 -0.0633738
0.4375 0.34375 -0.0881785
0.40625 0.34375 -0.0691295
0.375 0.3125 -0.0254067
0.375 0.28125 -0.000965082
0.40625 0.28125 -0.0199826
0.40625 0.3125 -0.0446363
0.375 0.3125 -0.0254067
0.375 0.28125 -0.000965082
0.375 0.25 0.0237197
0.40625 0.25 0.0049264
0.40625 0.28125 -0.0199826
0.375 0.28125 -0.000965082
0.40625 0.3125 -0.0446363
0.40625 0.28125 -0.0199826
0.4375 0.28125 -0.0383047
0.4375 0.3125 -0.0633738
0.40625 0.3125 -0.0446363
0.40625 0.28125 -0.0199826
0.40625 0.25 0.0049264
0.4375 0.25 -0.0129081
0.4375 0.28125 -0.0383047
0.40625 0.28125 -0.0199826
0.4375 0.375 -0.112779
0.4375 0.34375 -0.0881785
0.46875 0.34375 -0.106541
0.46875 0.375 -0.131547
0.4375 0.375 -0.112779
0.4375 0.34375 -0.0881785
0.4375 0.3125 -0.0633738
0.46875 0.3125 -0.0811468
0.46875 0.34375 -0.106541
0.4375 0.34375 -0.0881785
0.46875 0.375 -0.131547
0.46875 0.34375 -0.106541
0.5 0.34375 -0.12343
0.5 0.375 -0.149253
0.46875 0.375 -0.131547
0.46875 0.34375 -0.106541
0.46875 0.3125 -0.0811468
0.5 0.3125 -0.0970412
0.5 0.34375 -0.12343
0.46875 0.34375 -0.106541
0.4375 0.3125 -0.0633738
0.4375 0.28125 -0.0383047
0.46875 0.28125 -0.055359
0.46875 0.3125 -0.0811468
0.4375 0.3125 -0.0633738
0.4375 0.28125 -0.0383047
0.4375 0.25 -0.0129081
0.46875 0.25 -0.0290197
0.46875 0.28125 -0.055359
0.4375 0.28125 -0.0383047
0.46875 0.3125 -0.0811468
0.46875 0.28125 -0.055359
0.5 0.28125 -0.0698956
0.5 0.3125 -0.0970412
0.46875 0.3125 -0.0811468
0.46875 0.28125 -0.055359
0.46875 0.25 -0.0290197
0.5 0.25 -0.0420055
0.5 0.28125 -0.0698956
0.46875 0.28125 -0.055359
0.25 0.25 0.101787
0.25 0.21875 0.125944
0.28125 0.21875 0.106296
0.28125 0.25 0.0819784
0.25 0.25 0.101787
0.25 0.21875 0.125944
0.25 0.1875 0.150228
0.28125 0.1875 0.130746
0.28125 0.21875 0.106296
0.25 0.21875 0.125944
0.28125 0.25 0.0819784
0.28125 0.21875 0.106296
0.3125 0.21875 0.0868424
0.3125 0.25 0.0623675
0.28125 0.25 0.0819784
0.28125 0.21875 0.106296
0.28125 0.1875 0.130746
0.3125 0.1875 0.111476
0.3125 0.21875 0.0868424
0.28125 0.21875 0.106296
0.25 0.1875 0.150228
0.25 0.125 0.199267
0.3125 0.125 0.161433
0.3125 0.1875 0.111476
0.25 0.1875 0.150228
0.3125 0.25 0.0623675
0.3125 0.21875 0.0868424
0.34375 0.21875 0.0676002
0.34375 0.25 0.0429362
0.3125 0.25 0.0623675
0.3125 0.21875 0.0868424
0.3125 0.1875 0.111476
0.34375 0.1875 0.0924968
0.34375 0.21875 0.0676002
0.3125 0.21875 0.0868424
0.34375 0.25 0.0429362
0.34375 0.21875 0.0676002
0.375 0.21875 0.0486862
0.375 0.25 0.0237197
0.34375 0.25 0.0429362
0.34375 0.21875 0.0676002
0.34375 0.1875 0.0924968
0.375 0.1875 0.0740178
0.375 0.21875 0.0486862
0.34375 0.21875 0.0676002
0.3125 0.1875 0.111476
0.3125 0.15625 0.136324
0.34375 0.15625 0.117696
0.34375 0.1875 0.0924968
0.3125 0.1875 0.111476
0.3125 0.15625 0.136324
0.3125 0.125 0.161433
0.34375 0.125 0.143265
0.34375 0.15625 0.117696
0.3125 0.15625 0.136324
0.34375 0.1875 0.0924968
0.34375 0.15625 0.117696
0.375 0.15625 0.0997963
0.375 0.1875 0.0740178
0.34375 0.1875 0.0924968
0.34375 0.15625 0.117696
0.34375 0.125 0.143265
0.375 0.125 0.126073
0.375 0.15625 0.0997963
0.34375 0.15625 0.117696
0.25 0.125 0.199267
0.25 0.0625 0.249181
0.3125 0.0625 0.212806
0.3125 0.125 0.161433
0.25 0.125 0.199267
0.25 0.0625 0.249181
0.25 0 0.300806
0.3125 0 0.266587
0.3125 0.0625 0.212806
0.25 0.0625 0.249181
0.3125 0.125 0.161433
0.3125 0.0625 0.212806
0.375 0.0625 0.180302
0.375 0.125 0.126073
0.3125 0.125 0.161433
0.3125 0.0625 0.212806
0.3125 0 0.266587
0.375 0 0.23718
0.375 0.0625 0.180302
0.3125 0.0625 0.212806
0.375 0.25 0.0237197
0.375 0.21875 0.0486862
0.40625 0.21875 0.0303906
0.40625 0.25 0.0049264
0.375 0.25 0.0237197
0.375 0.21875 0.0486862
0.375 0.1875 0.0740178
0.40625 0.1875 0.0564195
0.40625 0.21875 0.0303906
0.375 0.21875 0.0486862
0.40625 0.25 0.0049264
0.40625 0.21875 0.0303906
0.4375 0.21875 0.0132537
0.4375 0.25 -0.0129081
0.40625 0.25 0.0049264
0.40625 0.21875 0.0303906
0.40625 0.1875 0.0564195
0.4375 0.1875 0.0403067
0.4375 0.21875 0.0132537
0.40625 0.21875 0.0303906
0.375 0.1875 0.0740178
0.375 0.15625 0.0997963
0.40625 0.15625 0.0830601
0.40625 0.1875 0.0564195
0.375 0.1875 0.0740178
0.375 0.15625 0.0997963
0.375 0.125 0.126073
0.40625 0.125 0.110285
0.40625 0.15625 0.0830601
0.375 0.15625 0.0997963
0.40625 0.1875 0.0564195
0.40625 0.15625 0.0830601
0.4375 0.15625 0.0681457
0.4375 0.1875 0.0403067
0.40625 0.1875 0.0564195
0.40625 0.15625 0.0830601
0.40625 0.125 0.110285
0.4375 0.125 0.0965445
0.4375 0.15625 0.0681457
0.40625 0.15625 0.0830601
0.4375 0.25 -0.0129081
0.4375 0.21875 0.0132537
0.46875 0.21875 -0.00206051
0.46875 0.25 -0.0290197
0.4375 0.25 -0.0129081
0.4375 0.21875 0.0132537
0.4375 0.1875 0.0403067
0.46875 0.1875 0.0265196
0.46875 0.21875 -0.00206051
0.4375 0.21875 0.0132537
0.46875 0.25 -0.0290197
0.46875 0.21875 -0.00206051
0.5 0.21875 -0.0133076
0.5 0.25 -0.0420055
0.46875 0.25 -0.0290197
0.46875 0.21875 -0.00206051
0.46875 0.1875 0.0265196
0.5 0.1875 0.0168243
0.5 0.21875 -0.0133076
0.46875 0.21875 -0.00206051
0.4375 0.1875 0.0403067
0.4375 0.15625 0.0681457
0.46875 0.15625 0.0558126
0.46875 0.1875 0.0265196
0.4375 0.1875 0.0403067
0.4375 0.15625 0.0681457
0.4375 0.125 0.0965445
0.46875 0.125 0.0855434
0.46875 0.15625 0.0558126
0.4375 0.15625 0.0681457
0.46875 0.1875 0.0265196
0.46875 0.15625 0.0558126
0.5 0.15625 0.047569
0.5 0.1875 0.0168243
0.46875 0.1875 0.0265196
0.46875 0.15625 0.0558126
0.46875 0.125 0.0855434
0.5 0.125 0.0784411
0.5 0.15625 0.047569
0.46875 0.15625 0.0558126
0.375 0.125 0.126073
0.375 0.0625 0.180302
0.4375 0.0625 0.154839
0.4375 0.125 0.0965445
0.375 0.125 0.126073
0.375 0.0625 0.180302
0.375 0 0.23718
0.4375 0 0.214866
0.4375 0.0625 0.154839
0.375 0.0625 0.180302
0.4375 0.125 0.0965445
0.4375 0.09375 0.125516
0.46875 0.09375 0.1156
0.46875 0.125 0.0855434
0.4375 0.125 0.0965445
0.4375 0.09375 0.125516
0.4375 0.0625 0.154839
0.46875 0.0625 0.145867
0.46875 0.09375 0.1156
0.4375 0.09375 0.125516
0.46875 0.125 0.0855434
0.46875 0.09375 0.1156
0.5 0.09375 0.109386
0.5 0.125 0.0784411
0.46875 0.125 0.0855434
0.46875 0.09375 0.1156
0.46875 0.0625 0.145867
0.5 0.0625 0.140373
0.5 0.09375 0.109386
0.46875 0.09375 0.1156
0.4375 0.0625 0.154839
0.4375 0 0.214866
0.5 0 0.202579
0.5 0.0625 0.140373
0.4375 0.0625 0.154839
0.5 1 0.202854
0.5 0.9375 0.140639
0.5625 0.9375 0.156134
0.5625 1 0.215857
0.5 1 0.202854
0.5 0.9375 0.140639
0.5 0.90625 0.10962
0.53125 0.90625 0.116357
0.53125 0.9375 0.146663
0.5 0.9375 0.140639
0.5 0.90625 0.10962
0.5 0.875 0.078652
0.53125 0.875 0.0862263
0.53125 0.90625 0.116357
0.5 0.90625 0.10962
0.53125 0.9375 0.146663
0.53125 0.90625 0.116357
0.5625 0.90625 0.12669
0.5625 0.9375 0.156134
0.53125 0.9375 0.146663
0.53125 0.90625 0.116357
0.53125 0.875 0.0862263
0.5625 0.875 0.0975528
0.5625 0.90625 0.12669
0.53125 0.90625 0.116357
0.5625 1 0.215857
0.5625 0.9375 0.156134
0.625 0.9375 0.183145
0.625 1 0.239632
0.5625 1 0.215857
0.5625 0.9375 0.156134
0.5625 0.875 0.0975528
0.625 0.875 0.127664
0.625 0.9375 0.183145
0.5625 0.9375 0.156134
0.5 0.875 0.078652
0.5 0.84375 0.0477497
0.53125 0.84375 0.0563347
0.53125 0.875 0.0862263
0.5 0.875 0.078652
0.5 0.84375 0.0477497
0.5 0.8125 0.0169366
0.53125 0.8125 0.026762
0.53125 0.84375 0.0563347
0.5 0.84375 0.0477497
0.53125 0.875 0.0862263
0.53125 0.84375 0.0563347
0.5625 0.84375 0.0688244
0.5625 0.875 0.0975528
0.53125 0.875 0.0862263
0.53125 0.84375 0.0563347
0.53125 0.8125 0.026762
0.5625 0.8125 0.0405804
0.5625 0.84375 0.0688244
0.53125 0.84375 0.0563347
0.5 0.8125 0.0169366
0.5 0.78125 -0.0134589
0.53125 0.78125 -0.00230743
0.53125 0.8125 0.026762
0.5 0.8125 0.0169366
0.5 0.78125 -0.0134589
0.5 0.75 -0.0429807
0.53125 0.75 -0.029893
0.53125 0.78125 -0.00230743
0.5 0.78125 -0.0134589
0.53125 0.8125 0.026762
0.53125 0.78125 -0.00230743
0.5625 0.78125 0.012927
0.5625 0.8125 0.0405804
0.53125 0.8125 0.026762
0.53125 0.78125 -0.00230743
0.53125 0.75 -0.029893
0.5625 0.75 -0.0134921
0.5625 0.78125 0.012927
0.53125 0.78125 -0.00230743
0.5625 0.875 0.0975528
0.5625 0.84375 0.0688244
0.59375 0.84375 0.0840486
0.59375 0.875 0.111707
0.5625 0.875 0.0975528
0.5625 0.84375 0.0688244
0.5625 0.8125 0.0405804
0.59375 0.8125 0.056955
0.59375 0.84375 0.0840486
0.5625 0.84375 0.0688244
0.59375 0.875 0.111707
0.59375 0.84375 0.0840486
0.625 0.84375 0.100913
0.625 0.875 0.127664
0.59375 0.875 0.111707
0.59375 0.84375 0.0840486
0.59375 0.8125 0.056955
0.625 0.8125 0.0746741
0.625 0.84375 0.100913
0.59375 0.84375 0.0840486
0.5625 0.8125 0.0405804
0.5625 0.78125 0.012927
0.59375 0.78125 0.0304653
0.59375 0.8125 0.056955
0.5625 0.8125 0.0405804
0.5625 0.78125 0.012927
0.5625 0.75 -0.0134921
0.59375 0.75 0.00461403
0.59375 0.78125 0.0304653
0.5625 0.78125 0.012927
0.59375 0.8125 0.056955
0.59375 0.78125 0.0304653
0.625 0.78125 0.0489619
0.625 0.8125 0.0746741
0.59375 0.8125 0.056955
0.59375 0.78125 0.0304653
0.59375 0.75 0.00461403
0.625 0.75 0.0237161
0.625 0.78125 0.0489619
0.59375 0.78125 0.0304653
0.625 1 0.239632
0.625 0.9375 0.183145
0.6875 0.9375 0.215586
0.6875 1 0.269383
0.625 1 0.239632
0.625 0.9375 0.183145
0.625 0.875 0.127664
0.6875 0.875 0.16277
0.6875 0.9375 0.215586
0.625 0.9375 0.183145
0.6875 1 0.269383
0.6875 0.9375 0.215586
0.75 0.9375 0.251513
0.75 1 0.303282
0.6875 1 0.269383
0.6875 0.9375 0.215586
0.6875 0.875 0.16277
0.75 0.875 0.20061
0.75 0.9375 0.251513
0.6875 0.9375 0.215586
0.625 0.875 0.127664
0.625 0.84375 0.100913
0.65625 0.84375 0.118759
0.65625 0.875 0.144836
0.625 0.875 0.127664
0.625 0.84375 0.100913
0.625 0.8125 0.0746741
0.65625 0.8125 0.0931335
0.65625 0.84375 0.118759
0.625 0.84375 0.100913
0.65625 0.875 0.144836
0.65625 0.84375 0.118759
0.6875 0.84375 0.137237
0.6875 0.875 0.16277
0.65625 0.875 0.144836
0.65625 0.84375 0.118759
0.65625 0.8125 0.0931335
0.6875 0.8125 0.112056
0.6875 0.84375 0.137237
0.65625 0.84375 0.118759
0.625 0.8125 0.0746741
0.625 0.78125 0.0489619
0.65625 0.78125 0.0679058
0.65625 0.8125 0.0931335
0.625 0.8125 0.0746741
0.625 0.78125 0.0489619
0.625 0.75 0.0237161
0.65625 0.75 0.0430517
0.65625 0.78125 0.0679058
0.625 0.78125 0.0489619
0.65625 0.8125 0.0931335
0.65625 0.78125 0.0679058
0.6875 0.78125 0.0871709
0.6875 0.8125 0.112056
0.65625 0.8125 0.0931335
0.65625 0.78125 0.0679058
0.65625 0.75 0.0430517
0.6875 0.75 0.0625694
0.6875 0.78125 0.0871709
0.65625 0.78125 0.0679058
0.6875 0.875 0.16277
0.6875 0.8125 0.112056
0.75 0.8125 0.150844
0.75 0.875 0.20061
0.6875 0.875 0.16277
0.6875 0.8125 0.112056
0.6875 0.78125 0.0871709
0.71875 0.78125 0.106686
0.71875 0.8125 0.131301
0.6875 0.8125 0.112056
0.6875 0.78125 0.0871709
0.6875 0.75 0.0625694
0.71875 0.75 0.082298
0.71875 0.78125 0.106686
0.6875 0.78125 0.0871709
0.71875 0.8125 0.131301
0.71875 0.78125 0.106686
0.75 0.78125 0.12648
0.75 0.8125 0.150844
0.71875 0.8125 0.131301
0.71875 0.78125 0.106686
0.71875 0.75 0.082298
0.75 0.75 0.102317
0.75 0.78125 0.12648
0.71875 0.78125 0.106686
0.5 0.75 -0.0429807
0.5 0.71875 -0.0715341
0.53125 0.71875 -0.0565222
0.53125 0.75 -0.029893
0.5 0.75 -0.0429807
0.5 0.71875 -0.0715341
0.5 0.6875 -0.0990003
0.53125 0.6875 -0.0823536
0.53125 0.71875 -0.0565222
0.5 0.71875 -0.0715341
0.53125 0.75 -0.029893
0.53125 0.71875 -0.0565222
0.5625 0.71875 -0.0389714
0.5625 0.75 -0.0134921
0.53125 0.75 -0.029893
0.53125 0.71875 -0.0565222
0.53125 0.6875 -0.0823536
0.5625 0.6875 -0.0640065
0.5625 0.71875 -0.0389714
0.53125 0.71875 -0.0565222
0.5 0.6875 -0.0990003
0.5 0.65625 -0.12547
0.53125 0.65625 -0.107636
0.53125 0.6875 -0.0823536
0.5 0.6875 -0.0990003
0.5 0.65625 -0.12547
0.5 0.625 -0.151054
0.53125 0.625 -0.132506
0.53125 0.65625 -0.107636
0.5 0.65625 -0.12547
0.53125 0.6875 -0.0823536
0.53125 0.65625 -0.107636
0.5625 0.65625 -0.0887592
0.5625 0.6875 -0.0640065
0.53125 0.6875 -0.0823536
0.53125 0.65625 -0.107636
0.53125 0.625 -0.132506
0.5625 0.625 -0.113327
0.5625 0.65625 -0.0887592
0.53125 0.65625 -0.107636
0.5625 0.75 -0.0134921
0.5625 0.71875 -0.0389714
0.59375 0.71875 -0.0202972
0.59375 0.75 0.00461403
0.5625 0.75 -0.0134921
0.5625 0.71875 -0.0389714
0.5625 0.6875 -0.0640065
0.59375 0.6875 -0.0449407
0.59375 0.71875 -0.0202972
0.5625 0.71875 -0.0389714
0.59375 0.75 0.00461403
0.59375 0.71875 -0.0202972
0.625 0.71875 -0.00107934
0.625 0.75 0.0237161
0.59375 0.75 0.00461403
0.59375 0.71875 -0.0202972
0.59375 0.6875 -0.0449407
0.625 0.6875 -0.025526
0.625 0.71875 -0.00107934
0.59375 0.71875 -0.0202972
0.5625 0.6875 -0.0640065
0.5625 0.65625 -0.0887592
0.59375 0.65625 -0.069438
0.59375 0.6875 -0.0449407
0.5625 0.6875 -0.0640065
0.5625 0.65625 -0.0887592
0.5625 0.625 -0.113327
0.59375 0.625 -0.0938129
0.59375 0.65625 -0.069438
0.5625 0.65625 -0.0887592
0.59375 0.6875 -0.0449407
0.59375 0.65625 -0.069438
0.625 0.65625 -0.0498662
0.625 0.6875 -0.025526
0.59375 0.6875 -0.0449407
0.59375 0.65625 -0.069438
0.59375 0.625 -0.0938129
0.625 0.625 -0.0740827
0.625 0.65625 -0.0498662
0.59375 0.65625 -0.069438
0.5 0.625 -0.151054
0.5 0.5625 -0.201058
0.5625 0.5625 -0.162024
0.5625 0.625 -0.113327
0.5 0.625 -0.151054
0.5 0.5625 -0.201058
0.5 0.5 -0.24022
0.5625 0.5 -0.19811
0.5625 0.5625 -0.162024
0.5 0.5625 -0.201058
0.5625 0.625 -0.113327
0.5625 0.59375 -0.137751
0.59375 0.59375 -0.118053
0.59375 0.625 -0.0938129
0.5625 0.625 -0.113327
0.5625 0.59375 -0.137751
0.5625 0.5625 -0.162024
0.59375 0.5625 -0.142117
0.59375 0.59375 -0.118053
0.5625 0.59375 -0.137751
0.59375 0.625 -0.0938129
0.59375 0.59375 -0.118053
0.625 0.59375 -0.0981362
0.625 0.625 -0.0740827
0.59375 0.625 -0.0938129
0.59375 0.59375 -0.118053
0.59375 0.5625 -0.142117
0.625 0.5625 -0.121924
0.625 0.59375 -0.0981362
0.59375 0.59375 -0.118053
0.5625 0.5625 -0.162024
0.5625 0.5 -0.19811
0.625 0.5 -0.147707
0.625 0.5625 -0.121924
0.5625 0.5625 -0.162024
0.625 0.75 0.0237161
0.625 0.71875 -0.00107934
0.65625 0.71875 0.0184491
0.65625 0.75 0.0430517
0.625 0.75 0.0237161
0.625 0.71875 -0.00107934
0.625 0.6875 -0.025526
0.65625 0.6875 -0.00590123
0.65625 0.71875 0.0184491
0.625 0.71875 -0.00107934
0.65625 0.75 0.0430517
0.65625 0.71875 0.0184491
0.6875 0.71875 0.0381604
0.6875 0.75 0.0625694
0.65625 0.75 0.0430517
0.65625 0.71875 0.0184491
0.65625 0.6875 -0.00590123
0.6875 0.6875 0.0139079
0.6875 0.71875 0.0381604
0.65625 0.71875 0.0184491
0.625 0.6875 -0.025526
0.625 0.65625 -0.0498662
0.65625 0.65625 -0.0301097
0.65625 0.6875 -0.00590123
0.625 0.6875 -0.025526
0.625 0.65625 -0.0498662
0.625 0.625 -0.0740827
0.65625 0.625 -0.0541571
0.65625 0.65625 -0.0301097
0.625 0.65625 -0.0498662
0.65625 0.6875 -0.00590123
0.65625 0.65625 -0.0301097
0.6875 0.65625 -0.0101699
0.6875 0.6875 0.0139079
0.65625 0.6875 -0.00590123
0.65625 0.65625 -0.0301097
0.65625 0.625 -0.0541571
0.6875 0.625 -0.0339739
0.6875 0.65625 -0.0101699
0.65625 0.65625 -0.0301097
0.6875 0.75 0.0625694
0.6875 0.71875 0.0381604
0.71875 0.71875 0.0580759
0.71875 0.75 0.082298
0.6875 0.75 0.0625694
0.6875 0.71875 0.0381604
0.6875 0.6875 0.0139079
0.71875 0.6875 0.0340048
0.71875 0.71875 0.0580759
0.6875 0.71875 0.0381604
0.71875 0.75 0.082298
0.71875 0.71875 0.0580759
0.75 0.71875 0.0783551
0.75 0.75 0.102317
0.71875 0.75 0.082298
0.71875 0.71875 0.0580759
0.71875 0.6875 0.0340048
0.75 0.6875 0.0546149
0.75 0.71875 0.0783551
0.71875 0.71875 0.0580759
0.6875 0.6875 0.0139079
0.6875 0.65625 -0.0101699
0.71875 0.65625 0.0101084
0.71875 0.6875 0.0340048
0.6875 0.6875 0.0139079
0.6875 0.65625 -0.0101699
0.6875 0.625 -0.0339739
0.71875 0.625 -0.0133429
0.71875 0.65625 0.0101084
0.6875 0.65625 -0.0101699
0.71875 0.6875 0.0340048
0.71875 0.65625 0.0101084
0.75 0.65625 0.0311988
0.75 0.6875 0.0546149
0.71875 0.6875 0.0340048
0.71875 0.65625 0.0101084
0.71875 0.625 -0.0133429
0.75 0.625 0.00827094
0.75 0.65625 0.0311988
0.71875 0.65625 0.0101084
0.625 0.625 -0.0740827
0.625 0.59375 -0.0981362
0.65625 0.59375 -0.0779517
0.65625 0.625 -0.0541571
0.625 0.625 -0.0740827
0.625 0.59375 -0.0981362
0.625 0.5625 -0.121924
0.65625 0.5625 -0.101254
0.65625 0.59375 -0.0779517
0.625 0.59375 -0.0981362
0.65625 0.625 -0.0541571
0.65625 0.59375 -0.0779517
0.6875 0.59375 -0.0573182
0.6875 0.625 -0.0339739
0.65625 0.625 -0.0541571
0.65625 0.59375 -0.0779517
0.65625 0.5625 -0.101254
0.6875 0.5625 -0.0797114
0.6875 0.59375 -0.0573182
0.65625 0.59375 -0.0779517
0.625 0.5625 -0.121924
0.625 0.53125 -0.14489
0.65625 0.53125 -0.123253
0.65625 0.5625 -0.101254
0.625 0.5625 -0.121924
0.625 0.53125 -0.14489
0.625 0.5 -0.147707
0.65625 0.5 -0.121554
0.65625 0.53125 -0.123253
0.625 0.53125 -0.14489
0.65625 0.5625 -0.101254
0.65625 0.53125 -0.123253
0.6875 0.53125 -0.099226
0.6875 0.5625 -0.0797114
0.65625 0.5625 -0.101254
0.65625 0.53125 -0.123253
0.65625 0.5 -0.121554
0.6875 0.5 -0.0948811
0.6875 0.53125 -0.099226
0.65625 0.53125 -0.123253
0.6875 0.625 -0.0339739
0.6875 0.59375 -0.0573182
0.71875 0.59375 -0.0358855
0.71875 0.625 -0.0133429
0.6875 0.625 -0.0339739
0.6875 0.59375 -0.0573182
0.6875 0.5625 -0.0797114
0.71875 0.5625 -0.0566815
0.71875 0.59375 -0.0358855
0.6875 0.59375 -0.0573182
0.71875 0.625 -0.0133429
0.71875 0.59375 -0.0358855
0.75 0.59375 -0.0131043
0.75 0.625 0.00827094
0.71875 0.625 -0.0133429
0.71875 0.59375 -0.0358855
0.71875 0.5625 -0.0566815
0.75 0.5625 -0.0315477
0.75 0.59375 -0.0131043
0.71875 0.59375 -0.0358855
0.6875 0.5625 -0.0797114
0.6875 0.53125 -0.099226
0.71875 0.53125 -0.0725947
0.71875 0.5625 -0.0566815
0.6875 0.5625 -0.0797114
0.6875 0.53125 -0.099226
0.6875 0.5 -0.0948811
0.71875 0.5 -0.0675494
0.71875 0.53125 -0.0725947
0.6875 0.53125 -0.099226
0.71875 0.5625 -0.0566815
0.71875 0.53125 -0.0725947
0.75 0.53125 -0.0437015
0.75 0.5625 -0.0315477
0.71875 0.5625 -0.0566815
0.71875 0.53125 -0.0725947
0.71875 0.5 -0.0675494
0.75 0.5 -0.0395626
0.75 0.53125 -0.0437015
0.71875 0.53125 -0.0725947
0.75 1 0.303282
0.75 0.875 0.20061
0.875 0.875 0.281173
0.875 1 0.377904
0.75 1 0.303282
0.75 0.875 0.20061
0.75 0.8125 0.150844
0.8125 0.8125 0.191362
0.8125 0.875 0.239848
0.75 0.875 0.20061
0.75 0.8125 0.150844
0.75 0.75 0.102317
0.8125 0.75 0.143962
0.8125 0.8125 0.191362
0.75 0.8125 0.150844
0.8125 0.875 0.239848
0.8125 0.8125 0.191362
0.875 0.8125 0.23456
0.875 0.875 0.281173
0.8125 0.875 0.239848
0.8125 0.8125 0.191362
0.8125 0.75 0.143962
0.875 0.75 0.189899
0.875 0.8125 0.23456
0.8125 0.8125 0.191362
0.875 1 0.377904
0.875 0.875 0.281173
1 0.875 0.376712
1 1 0.465705
0.875 1 0.377904
0.875 0.875 0.281173
0.875 0.75 0.189899
1 0.75 0.293366
1 0.875 0.376712
0.875 0.875 0.281173
0.75 0.75 0.102317
0.75 0.71875 0.0783551
0.78125 0.71875 0.0992486
0.78125 0.75 0.122806
0.75 0.75 0.102317
0.75 0.71875 0.0783551
0.75 0.6875 0.0546149
0.78125 0.6875 0.076131
0.78125 0.71875 0.0992486
0.75 0.71875 0.0783551
0.78125 0.75 0.122806
0.78125 0.71875 0.0992486
0.8125 0.71875 0.121122
0.8125 0.75 0.143962
0.78125 0.75 0.122806
0.78125 0.71875 0.0992486
0.78125 0.6875 0.076131
0.8125 0.6875 0.0988523
0.8125 0.71875 0.121122
0.78125 0.71875 0.0992486
0.75 0.6875 0.0546149
0.75 0.65625 0.0311988
0.78125 0.65625 0.0535844
0.78125 0.6875 0.076131
0.75 0.6875 0.0546149
0.75 0.65625 0.0311988
0.75 0.625 0.00827094
0.78125 0.625 0.0320044
0.78125 0.65625 0.0535844
0.75 0.65625 0.0311988
0.78125 0.6875 0.076131
0.78125 0.65625 0.0535844
0.8125 0.65625 0.0776365
0.8125 0.6875 0.0988523
0.78125 0.6875 0.076131
0.78125 0.65625 0.0535844
0.78125 0.625 0.0320044
0.8125 0.625 0.0578701
0.8125 0.65625 0.0776365
0.78125 0.65625 0.0535844
0.8125 0.75 0.143962
0.8125 0.6875 0.0988523
0.875 0.6875 0.148158
0.875 0.75 0.189899
0.8125 0.75 0.143962
0.8125 0.6875 0.0988523
0.8125 0.65625 0.0776365
0.84375 0.65625 0.103178
0.84375 0.6875 0.122985
0.8125 0.6875 0.0988523
0.8125 0.65625 0.0776365
0.8125 0.625 0.0578701
0.84375 0.625 0.0850734
0.84375 0.65625 0.103178
0.8125 0.65625 0.0776365
0.84375 0.6875 0.122985
0.84375 0.65625 0.103178
0.875 0.65625 0.129697
0.875 0.6875 0.148158
0.84375 0.6875 0.122985
0.84375 0.65625 0.103178
0.84375 0.625 0.0850734
0.875 0.625 0.113082
0.875 0.65625 0.129697
0.84375 0.65625 0.103178
0.75 0.625 0.00827094
0.75 0.59375 -0.0131043
0.78125 0.59375 0.0121271
0.78125 0.625 0.0320044
0.75 0.625 0.00827094
0.75 0.59375 -0.0131043
0.75 0.5625 -0.0315477
0.78125 0.5625 -0.00420437
0.78125 0.59375 0.0121271
0.75 0.59375 -0.0131043
0.78125 0.625 0.0320044
0.78125 0.59375 0.0121271
0.8125 0.59375 0.0402699
0.8125 0.625 0.0578701
0.78125 0.625 0.0320044
0.78125 0.59375 0.0121271
0.78125 0.5625 -0.00420437
0.8125 0.5625 0.0259683
0.8125 0.59375 0.0402699
0.78125 0.59375 0.0121271
0.75 0.5625 -0.0315477
0.75 0.53125 -0.0437015
0.78125 0.53125 -0.0134239
0.78125 0.5625 -0.00420437
0.75 0.5625 -0.0315477
0.75 0.53125 -0.0437015
0.75 0.5 -0.0395626
0.78125 0.5 -0.0108898
0.78125 0.53125 -0.0134239
0.75 0.53125 -0.0437015
0.78125 0.5625 -0.00420437
0.78125 0.53125 -0.0134239
0.8125 0.53125 0.017563
0.8125 0.5625 0.0259683
0.78125 0.5625 -0.00420437
0.78125 0.53125 -0.0134239
0.78125 0.5 -0.0108898
0.8125 0.5 0.019102
0.8125 0.53125 0.017563
0.78125 0.53125 -0.0134239
0.8125 0.625 0.0578701
0.8125 0.59375 0.0402699
0.84375 0.59375 0.0692914
0.84375 0.625 0.0850734
0.8125 0.625 0.0578701
0.8125 0.59375 0.0402699
0.8125 0.5625 0.0259683
0.84375 0.5625 0.056714
0.84375 0.59375 0.0692914
0.8125 0.59375 0.0402699
0.84375 0.625 0.0850734
0.84375 0.59375 0.0692914
0.875 0.59375 0.0987791
0.875 0.625 0.113082
0.84375 0.625 0.0850734
0.84375 0.59375 0.0692914
0.84375 0.5625 0.056714
0.875 0.5625 0.0874604
0.875 0.59375 0.0987791
0.84375 0.59375 0.0692914
0.8125 0.5625 0.0259683
0.8125 0.53125 0.017563
0.84375 0.53125 0.0488076
0.84375 0.5625 0.056714
0.8125 0.5625 0.0259683
0.8125 0.53125 0.017563
0.8125 0.5 0.019102
0.84375 0.5 0.0500408
0.84375 0.53125 0.0488076
0.8125 0.53125 0.017563
0.84375 0.5625 0.056714
0.84375 0.53125 0.0488076
0.875 0.53125 0.0800467
0.875 0.5625 0.0874604
0.84375 0.5625 0.056714
0.84375 0.53125 0.0488076
0.84375 0.5 0.0500408
0.875 0.5 0.081052
0.875 0.53125 0.0800467
0.84375 0.53125 0.0488076
0.875 0.75 0.189899
0.875 0.6875 0.148158
0.9375 0.6875 0.202119
0.9375 0.75 0.239512
0.875 0.75 0.189899
0.875 0.6875 0.148158
0.875 0.625 0.113082
0.9375 0.625 0.17066
0.9375 0.6875 0.202119
0.875 0.6875 0.148158
0.9375 0.75 0.239512
0.9375 0.6875 0.202119
1 0.6875 0.259235
1 0.75 0.293366
0.9375 0.75 0.239512
0.9375 0.6875 0.202119
0.9375 0.625 0.17066
1 0.625 0.231098
1 0.6875 0.259235
0.9375 0.6875 0.202119
0.875 0.625 0.113082
0.875 0.59375 0.0987791
0.90625 0.59375 0.128561
0.90625 0.625 0.141687
0.875 0.625 0.113082
0.875 0.59375 0.0987791
0.875 0.5625 0.0874604
0.90625 0.5625 0.118216
0.90625 0.59375 0.128561
0.875 0.59375 0.0987791
0.90625 0.625 0.141687
0.90625 0.59375 0.128561
0.9375 0.59375 0.15852
0.9375 0.625 0.17066
0.90625 0.625 0.141687
0.90625 0.59375 0.128561
0.90625 0.5625 0.118216
0.9375 0.5625 0.14899
0.9375 0.59375 0.15852
0.90625 0.59375 0.128561
0.875 0.5625 0.0874604
0.875 0.53125 0.0800467
0.90625 0.53125 0.111272
0.90625 0.5625 0.118216
0.875 0.5625 0.0874604
0.875 0.53125 0.0800467
0.875 0.5 0.081052
0.90625 0.5 0.112083
0.90625 0.53125 0.111272
0.875 0.53125 0.0800467
0.90625 0.5625 0.118216
0.90625 0.53125 0.111272
0.9375 0.53125 0.142502
0.9375 0.5625 0.14899
0.90625 0.5625 0.118216
0.90625 0.53125 0.111272
0.90625 0.5 0.112083
0.9375 0.5 0.143131
0.9375 0.53125 0.142502
0.90625 0.53125 0.111272
0.9375 0.625 0.17066
0.9375 0.5625 0.14899
1 0.5625 0.211399
1 0.625 0.231098
0.9375 0.625 0.17066
0.9375 0.5625 0.14899
0.9375 0.5 0.143131
1 0.5 0.205544
1 0.5625 0.211399
0.9375 0.5625 0.14899
0.5 0.5 -0.24022
0.5 0.4375 -0.198875
0.5625 0.4375 -0.161291
0.5625 0.5 -0.19811
0.5 0.5 -0.24022
0.5 0.4375 -0.198875
0.5 0.375 -0.149253
0.5625 0.375 -0.121322
0.5625 0.4375 -0.161291
0.5 0.4375 -0.198875
0.5625 0.5 -0.19811
0.5625 0.4375 -0.161291
0.625 0.4375 -0.112706
0.625 0.5 -0.147707
0.5625 0.5 -0.19811
0.5625 0.4375 -0.161291
0.5625 0.40625 -0.141537
0.59375 0.40625 -0.11768
0.59375 0.4375 -0.137121
0.5625 0.4375 -0.161291
0.5625 0.40625 -0.141537
0.5625 0.375 -0.121322
0.59375 0.375 -0.0978793
0.59375 0.40625 -0.11768
0.5625 0.40625 -0.141537
0.59375 0.4375 -0.137121
0.59375 0.40625 -0.11768
0.625 0.40625 -0.0935278
0.625 0.4375 -0.112706
0.59375 0.4375 -0.137121
0.59375 0.40625 -0.11768
0.59375 0.375 -0.0978793
0.625 0.375 -0.0739323
0.625 0.40625 -0.0935278
0.59375 0.40625 -0.11768
0.5 0.375 -0.149253
0.5 0.34375 -0.12343
0.53125 0.34375 -0.121543
0.53125 0.375 -0.143872
0.5 0.375 -0.149253
0.5 0.34375 -0.12343
0.5 0.3125 -0.0970412
0.53125 0.3125 -0.0982237
0.53125 0.34375 -0.121543
0.5 0.34375 -0.12343
0.53125 0.375 -0.143872
0.53125 0.34375 -0.121543
0.5625 0.34375 -0.100709
0.5625 0.375 -0.121322
0.53125 0.375 -0.143872
0.53125 0.34375 -0.121543
0.53125 0.3125 -0.0982237
0.5625 0.3125 -0.0793029
0.5625 0.34375 -0.100709
0.53125 0.34375 -0.121543
0.5 0.3125 -0.0970412
0.5 0.28125 -0.0698956
0.53125 0.28125 -0.0730014
0.53125 0.3125 -0.0982237
0.5 0.3125 -0.0970412
0.5 0.28125 -0.0698956
0.5 0.25 -0.0420055
0.53125 0.25 -0.0458021
0.53125 0.28125 -0.0730014
0.5 0.28125 -0.0698956
0.53125 0.3125 -0.0982237
0.53125 0.28125 -0.0730014
0.5625 0.28125 -0.0570013
0.5625 0.3125 -0.0793029
0.53125 0.3125 -0.0982237
0.53125 0.28125 -0.0730014
0.53125 0.25 -0.0458021
0.5625 0.25 -0.0333235
0.5625 0.28125 -0.0570013
0.53125 0.28125 -0.0730014
0.5625 0.375 -0.121322
0.5625 0.34375 -0.100709
0.59375 0.34375 -0.0777933
0.59375 0.375 -0.0978793
0.5625 0.375 -0.121322
0.5625 0.34375 -0.100709
0.5625 0.3125 -0.0793029
0.59375 0.3125 -0.0573581
0.59375 0.34375 -0.0777933
0.5625 0.34375 -0.100709
0.59375 0.375 -0.0978793
0.59375 0.34375 -0.0777933
0.625 0.34375 -0.0541423
0.625 0.375 -0.0739323
0.59375 0.375 -0.0978793
0.59375 0.34375 -0.0777933
0.59375 0.3125 -0.0573581
0.625 0.3125 -0.0341353
0.625 0.34375 -0.0541423
0.59375 0.34375 -0.0777933
0.5625 0.3125 -0.0793029
0.5625 0.28125 -0.0570013
0.59375 0.28125 -0.0363851
0.59375 0.3125 -0.0573581
0.5625 0.3125 -0.0793029
0.5625 0.28125 -0.0570013
0.5625 0.25 -0.0333235
0.59375 0.25 -0.0146291
0.59375 0.28125 -0.0363851
0.5625 0.28125 -0.0570013
0.59375 0.3125 -0.0573581
0.59375 0.28125 -0.0363851
0.625 0.28125 -0.0138453
0.625 0.3125 -0.0341353
0.59375 0.3125 -0.0573581
0.59375 0.28125 -0.0363851
0.59375 0.25 -0.0146291
0.625 0.25 0.00704849
0.625 0.28125 -0.0138453
0.59375 0.28125 -0.0363851
0.625 0.5 -0.147707
0.625 0.46875 -0.131078
0.65625 0.46875 -0.105981
0.65625 0.5 -0.121554
0.625 0.5 -0.147707
0.625 0.46875 -0.131078
0.625 0.4375 -0.112706
0.65625 0.4375 -0.088109
0.65625 0.46875 -0.105981
0.625 0.46875 -0.131078
0.65625 0.5 -0.121554
0.65625 0.46875 -0.105981
0.6875 0.46875 -0.0805258
0.6875 0.5 -0.0948811
0.65625 0.5 -0.121554
0.65625 0.46875 -0.105981
0.65625 0.4375 -0.088109
0.6875 0.4375 -0.0633422
0.6875 0.46875 -0.0805258
0.65625 0.46875 -0.105981
0.625 0.4375 -0.112706
0.625 0.40625 -0.0935278
0.65625 0.40625 -0.0692007
0.65625 0.4375 -0.088109
0.625 0.4375 -0.112706
0.625 0.40625 -0.0935278
0.625 0.375 -0.0739323
0.65625 0.375 -0.0497678
0.65625 0.40625 -0.0692007
0.625 0.40625 -0.0935278
0.65625 0.4375 -0.088109
0.65625 0.40625 -0.0692007
0.6875 0.40625 -0.0447519
0.6875 0.4375 -0.0633422
0.65625 0.4375 -0.088109
0.65625 0.40625 -0.0692007
0.65625 0.375 -0.0497678
0.6875 0.375 -0.0254838
0.6875 0.40625 -0.0447519
0.65625 0.40625 -0.0692007
0.6875 0.5 -0.0948811
0.6875 0.46875 -0.0805258
0.71875 0.46875 -0.054713
0.71875 0.5 -0.0675494
0.6875 0.5 -0.0948811
0.6875 0.46875 -0.0805258
0.6875 0.4375 -0.0633422
0.71875 0.4375 -0.0383742
0.71875 0.46875 -0.054713
0.6875 0.46875 -0.0805258
0.71875 0.5 -0.0675494
0.71875 0.46875 -0.054713
0.75 0.46875 -0.0284103
0.75 0.5 -0.0395626
0.71875 0.5 -0.0675494
0.71875 0.46875 -0.054713
0.71875 0.4375 -0.0383742
0.75 0.4375 -0.013154
0.75 0.46875 -0.0284103
0.71875 0.46875 -0.054713
0.6875 0.4375 -0.0633422
0.6875 0.40625 -0.0447519
0.71875 0.40625 -0.0201964
0.71875 0.4375 -0.0383742
0.6875 0.4375 -0.0633422
0.6875 0.40625 -0.0447519
0.6875 0.375 -0.0254838
0.71875 0.375 -0.00112489
0.71875 0.40625 -0.0201964
0.6875 0.40625 -0.0447519
0.71875 0.4375 -0.0383742
0.71875 0.40625 -0.0201964
0.75 0.40625 0.00456097
0.75 0.4375 -0.013154
0.71875 0.4375 -0.0383742
0.71875 0.40625 -0.0201964
0.71875 0.375 -0.00112489
0.75 0.375 0.0234747
0.75 0.40625 0.00456097
0.71875 0.40625 -0.0201964
0.625 0.375 -0.0739323
0.625 0.34375 -0.0541423
0.65625 0.34375 -0.0301382
0.65625 0.375 -0.0497678
0.625 0.375 -0.0739323
0.625 0.34375 -0.0541423
0.625 0.3125 -0.0341353
0.65625 0.3125 -0.0103388
0.65625 0.34375 -0.0301382
0.625 0.34375 -0.0541423
0.65625 0.375 -0.0497678
0.65625 0.34375 -0.0301382
0.6875 0.34375 -0.00595934
0.6875 0.375 -0.0254838
0.65625 0.375 -0.0497678
0.65625 0.34375 -0.0301382
0.65625 0.3125 -0.0103388
0.6875 0.3125 0.0137599
0.6875 0.34375 -0.00595934
0.65625 0.34375 -0.0301382
0.625 0.3125 -0.0341353
0.625 0.28125 -0.0138453
0.65625 0.28125 0.00969061
0.65625 0.3125 -0.0103388
0.625 0.3125 -0.0341353
0.625 0.28125 -0.0138453
0.625 0.25 0.00704849
0.65625 0.25 0.0301872
0.65625 0.28125 0.00969061
0.625 0.28125 -0.0138453
0.65625 0.3125 -0.0103388
0.65625 0.28125 0.00969061
0.6875 0.28125 0.0336526
0.6875 0.3125 0.0137599
0.65625 0.3125 -0.0103388
0.65625 0.28125 0.00969061
0.65625 0.25 0.0301872
0.6875 0.25 0.0538157
0.6875 0.28125 0.0336526
0.65625 0.28125 0.00969061
0.6875 0.375 -0.0254838
0.6875 0.34375 -0.00595934
0.71875 0.34375 0.0183616
0.71875 0.375 -0.00112489
0.6875 0.375 -0.0254838
0.6875 0.34375 -0.00595934
0.6875 0.3125 0.0137599
0.71875 0.3125 0.0379823
0.71875 0.34375 0.0183616
0.6875 0.34375 -0.00595934
0.71875 0.375 -0.00112489
0.71875 0.34375 0.0183616
0.75 0.34375 0.0427953
0.75 0.375 0.0234747
0.71875 0.375 -0.00112489
0.71875 0.34375 0.0183616
0.71875 0.3125 0.0379823
0.75 0.3125 0.0622968
0.75 0.34375 0.0427953
0.71875 0.34375 0.0183616
0.6875 0.3125 0.0137599
0.6875 0.28125 0.0336526
0.71875 0.28125 0.0577484
0.71875 0.3125 0.0379823
0.6875 0.3125 0.0137599
0.6875 0.28125 0.0336526
0.6875 0.25 0.0538157
0.71875 0.25 0.0777048
0.71875 0.28125 0.0577484
0.6875 0.28125 0.0336526
0.71875 0.3125 0.0379823
0.71875 0.28125 0.0577484
0.75 0.28125 0.0819428
0.75 0.3125 0.0622968
0.71875 0.3125 0.0379823
0.71875 0.28125 0.0577484
0.71875 0.25 0.0777048
0.75 0.25 0.10175
0.75 0.28125 0.0819428
0.71875 0.28125 0.0577484
0.5 0.25 -0.0420055
0.5 0.21875 -0.0133076
0.53125 0.21875 -0.0168497
0.53125 0.25 -0.0458021
0.5 0.25 -0.0420055
0.5 0.21875 -0.0133076
0.5 0.1875 0.0168243
0.53125 0.1875 0.0141296
0.53125 0.21875 -0.0168497
0.5 0.21875 -0.0133076
0.53125 0.25 -0.0458021
0.53125 0.21875 -0.0168497
0.5625 0.21875 -0.00805058
0.5625 0.25 -0.0333235
0.53125 0.25 -0.0458021
0.53125 0.21875 -0.0168497
0.53125 0.1875 0.0141296
0.5625 0.1875 0.0205153
0.5625 0.21875 -0.00805058
0.53125 0.21875 -0.0168497
0.5 0.1875 0.0168243
0.5 0.15625 0.047569
0.53125 0.15625 0.0453635
0.53125 0.1875 0.0141296
0.5 0.1875 0.0168243
0.5 0.15625 0.047569
0.5 0.125 0.0784411
0.53125 0.125 0.0765922
0.53125 0.15625 0.0453635
0.5 0.15625 0.047569
0.53125 0.1875 0.0141296
0.53125 0.15625 0.0453635
0.5625 0.15625 0.0504014
0.5625 0.1875 0.0205153
0.53125 0.1875 0.0141296
0.53125 0.15625 0.0453635
0.53125 0.125 0.0765922
0.5625 0.125 0.080724
0.5625 0.15625 0.0504014
0.53125 0.15625 0.0453635
0.5625 0.25 -0.0333235
0.5625 0.21875 -0.00805058
0.59375 0.21875 0.00876604
0.59375 0.25 -0.0146291
0.5625 0.25 -0.0333235
0.5625 0.21875 -0.00805058
0.5625 0.1875 0.0205153
0.59375 0.1875 0.0348029
0.59375 0.21875 0.00876604
0.5625 0.21875 -0.00805058
0.59375 0.25 -0.0146291
0.59375 0.21875 0.00876604
0.625 0.21875 0.0292435
0.625 0.25 0.00704849
0.59375 0.25 -0.0146291
0.59375 0.21875 0.00876604
0.59375 0.1875 0.0348029
0.625 0.1875 0.0529566
0.625 0.21875 0.0292435
0.59375 0.21875 0.00876604
0.5625 0.1875 0.0205153
0.5625 0.15625 0.0504014
0.59375 0.15625 0.0621951
0.59375 0.1875 0.0348029
0.5625 0.1875 0.0205153
0.5625 0.15625 0.0504014
0.5625 0.125 0.080724
0.59375 0.125 0.0907183
0.59375 0.15625 0.0621951
0.5625 0.15625 0.0504014
0.59375 0.1875 0.0348029
0.59375 0.15625 0.0621951
0.625 0.15625 0.0782472
0.625 0.1875 0.0529566
0.59375 0.1875 0.0348029
0.59375 0.15625 0.0621951
0.59375 0.125 0.0907183
0.625 0.125 0.104751
0.625 0.15625 0.0782472
0.59375 0.15625 0.0621951
0.5 0.125 0.0784411
0.5 0.09375 0.109386
0.53125 0.09375 0.107808
0.53125 0.125 0.0765922
0.5 0.125 0.0784411
0.5 0.09375 0.109386
0.5 0.0625 0.140373
0.53125 0.0625 0.139014
0.53125 0.09375 0.107808
0.5 0.09375 0.109386
0.53125 0.125 0.0765922
0.53125 0.09375 0.107808
0.5625 0.09375 0.111289
0.5625 0.125 0.080724
0.53125 0.125 0.0765922
0.53125 0.09375 0.107808
0.53125 0.0625 0.139014
0.5625 0.0625 0.14199
0.5625 0.09375 0.111289
0.53125 0.09375 0.107808
0.5 0.0625 0.140373
0.5 0 0.202579
0.5625 0 0.203903
0.5625 0.0625 0.14199
0.5 0.0625 0.140373
0.5625 0.125 0.080724
0.5625 0.09375 0.111289
0.59375 0.09375 0.119849
0.59375 0.125 0.0907183
0.5625 0.125 0.080724
0.5625 0.09375 0.111289
0.5625 0.0625 0.14199
0.59375 0.0625 0.14942
0.59375 0.09375 0.119849
0.5625 0.09375 0.111289
0.59375 0.125 0.0907183
0.59375 0.09375 0.119849
0.625 0.09375 0.132309
0.625 0.125 0.104751
0.59375 0.125 0.0907183
0.59375 0.09375 0.119849
0.59375 0.0625 0.14942
0.625 0.0625 0.160518
0.625 0.09375 0.132309
0.59375 0.09375 0.119849
0.5625 0.0625 0.14199
0.5625 0 0.203903
0.625 0 0.219348
0.625 0.0625 0.160518
0.5625 0.0625 0.14199
0.625 0.25 0.00704849
0.625 0.21875 0.0292435
0.65625 0.21875 0.0514081
0.65625 0.25 0.0301872
0.625 0.25 0.00704849
0.625 0.21875 0.0292435
0.625 0.1875 0.0529566
0.65625 0.1875 0.0736577
0.65625 0.21875 0.0514081
0.625 0.21875 0.0292435
0.65625 0.25 0.0301872
0.65625 0.21875 0.0514081
0.6875 0.21875 0.0744359
0.6875 0.25 0.0538157
0.65625 0.25 0.0301872
0.65625 0.21875 0.0514081
0.65625 0.1875 0.0736577
0.6875 0.1875 0.0957524
0.6875 0.21875 0.0744359
0.65625 0.21875 0.0514081
0.625 0.1875 0.0529566
0.625 0.15625 0.0782472
0.65625 0.15625 0.0971266
0.65625 0.1875 0.0736577
0.625 0.1875 0.0529566
0.625 0.15625 0.0782472
0.625 0.125 0.104751
0.65625 0.125 0.121864
0.65625 0.15625 0.0971266
0.625 0.15625 0.0782472
0.65625 0.1875 0.0736577
0.65625 0.15625 0.0971266
0.6875 0.15625 0.118017
0.6875 0.1875 0.0957524
0.65625 0.1875 0.0736577
0.65625 0.15625 0.0971266
0.65625 0.125 0.121864
0.6875 0.125 0.14131
0.6875 0.15625 0.118017
0.65625 0.15625 0.0971266
0.6875 0.25 0.0538157
0.6875 0.21875 0.0744359
0.71875 0.21875 0.097954
0.71875 0.25 0.0777048
0.6875 0.25 0.0538157
0.6875 0.21875 0.0744359
0.6875 0.1875 0.0957524
0.71875 0.1875 0.118663
0.71875 0.21875 0.097954
0.6875 0.21875 0.0744359
0.71875 0.25 0.0777048
0.71875 0.21875 0.097954
0.75 0.21875 0.121776
0.75 0.25 0.10175
0.71875 0.25 0.0777048
0.71875 0.21875 0.097954
0.71875 0.1875 0.118663
0.75 0.1875 0.142109
0.75 0.21875 0.121776
0.71875 0.21875 0.097954
0.6875 0.1875 0.0957524
0.6875 0.125 0.14131
0.75 0.125 0.184559
0.75 0.1875 0.142109
0.6875 0.1875 0.0957524
0.625 0.125 0.104751
0.625 0.0625 0.160518
0.6875 0.0625 0.191041
0.6875 0.125 0.14131
0.625 0.125 0.104751
0.625 0.0625 0.160518
0.625 0 0.219348
0.6875 0 0.245568
0.6875 0.0625 0.191041
0.625 0.0625 0.160518
0.6875 0.125 0.14131
0.6875 0.0625 0.191041
0.75 0.0625 0.230151
0.75 0.125 0.184559
0.6875 0.125 0.14131
0.6875 0.0625 0.191041
0.6875 0 0.245568
0.75 0 0.280249
0.75 0.0625 0.230151
0.6875 0.0625 0.191041
0.75 0.5 -0.0395626
0.75 0.46875 -0.0284103
0.78125 0.46875 -0.00161403
0.78125 0.5 -0.0108898
0.75 0.5 -0.0395626
0.75 0.46875 -0.0284103
0.75 0.4375 -0.013154
0.78125 0.4375 0.0130979
0.78125 0.46875 -0.00161403
0.75 0.46875 -0.0284103
0.78125 0.5 -0.0108898
0.78125 0.46875 -0.00161403
0.8125 0.46875 0.0274214
0.8125 0.5 0.019102
0.78125 0.5 -0.0108898
0.78125 0.46875 -0.00161403
0.78125 0.4375 0.0130979
0.8125 0.4375 0.040444
0.8125 0.46875 0.0274214
0.78125 0.46875 -0.00161403
0.75 0.4375 -0.013154
0.75 0.40625 0.00456097
0.78125 0.40625 0.0300253
0.78125 0.4375 0.0130979
0.75 0.4375 -0.013154
0.75 0.40625 0.00456097
0.75 0.375 0.0234747
0.78125 0.375 0.0483739
0.78125 0.40625 0.0300253
0.75 0.40625 0.00456097
0.78125 0.4375 0.0130979
0.78125 0.40625 0.0300253
0.8125 0.40625 0.0561541
0.8125 0.4375 0.040444
0.78125 0.4375 0.0130979
0.78125 0.40625 0.0300253
0.78125 0.375 0.0483739
0.8125 0.375 0.0736832
0.8125 0.40625 0.0561541
0.78125 0.40625 0.0300253
0.8125 0.5 0.019102
0.8125 0.46875 0.0274214
0.84375 0.46875 0.0570889
0.84375 0.5 0.0500408
0.8125 0.5 0.019102
0.8125 0.46875 0.0274214
0.8125 0.4375 0.040444
0.84375 0.4375 0.068619
0.84375 0.46875 0.0570889
0.8125 0.46875 0.0274214
0.84375 0.5 0.0500408
0.84375 0.46875 0.0570889
0.875 0.46875 0.0871075
0.875 0.5 0.081052
0.84375 0.5 0.0500408
0.84375 0.46875 0.0570889
0.84375 0.4375 0.068619
0.875 0.4375 0.0973162
0.875 0.46875 0.0871075
0.84375 0.46875 0.0570889
0.8125 0.4375 0.040444
0.8125 0.40625 0.0561541
0.84375 0.40625 0.0829752
0.84375 0.4375 0.068619
0.8125 0.4375 0.040444
0.8125 0.40625 0.0561541
0.8125 0.375 0.0736832
0.84375 0.375 0.0994999
0.84375 0.40625 0.0829752
0.8125 0.40625 0.0561541
0.84375 0.4375 0.068619
0.84375 0.40625 0.0829752
0.875 0.40625 0.110452
0.875 0.4375 0.0973162
0.84375 0.4375 0.068619
0.84375 0.40625 0.0829752
0.84375 0.375 0.0994999
0.875 0.375 0.125881
0.875 0.40625 0.110452
0.84375 0.40625 0.0829752
0.75 0.375 0.0234747
0.75 0.34375 0.0427953
0.78125 0.34375 0.0673899
0.78125 0.375 0.0483739
0.75 0.375 0.0234747
0.75 0.34375 0.0427953
0.75 0.3125 0.0622968
0.78125 0.3125 0.0867216
0.78125 0.34375 0.0673899
0.75 0.34375 0.0427953
0.78125 0.375 0.0483739
0.78125 0.34375 0.0673899
0.8125 0.34375 0.0922238
0.8125 0.375 0.0736832
0.78125 0.375 0.0483739
0.78125 0.34375 0.0673899
0.78125 0.3125 0.0867216
0.8125 0.3125 0.111294
0.8125 0.34375 0.0922238
0.78125 0.34375 0.0673899
0.75 0.3125 0.0622968
0.75 0.28125 0.0819428
0.78125 0.28125 0.106237
0.78125 0.3125 0.0867216
0.75 0.3125 0.0622968
0.75 0.28125 0.0819428
0.75 0.25 0.10175
0.78125 0.25 0.125911
0.78125 0.28125 0.106237
0.75 0.28125 0.0819428
0.78125 0.3125 0.0867216
0.78125 0.28125 0.106237
0.8125 0.28125 0.130644
0.8125 0.3125 0.111294
0.78125 0.3125 0.0867216
0.78125 0.28125 0.106237
0.78125 0.25 0.125911
0.8125 0.25 0.150177
0.8125 0.28125 0.130644
0.78125 0.28125 0.106237
0.8125 0.375 0.0736832
0.8125 0.34375 0.0922238
0.84375 0.34375 0.117385
0.84375 0.375 0.0994999
0.8125 0.375 0.0736832
0.8125 0.34375 0.0922238
0.8125 0.3125 0.111294
0.84375 0.3125 0.136085
0.84375 0.34375 0.117385
0.8125 0.34375 0.0922238
0.84375 0.375 0.0994999
0.84375 0.34375 0.117385
0.875 0.34375 0.142958
0.875 0.375 0.125881
0.84375 0.375 0.0994999
0.84375 0.34375 0.117385
0.84375 0.3125 0.136085
0.875 0.3125 0.161151
0.875 0.34375 0.142958
0.84375 0.34375 0.117385
0.8125 0.3125 0.111294
0.8125 0.25 0.150177
0.875 0.25 0.199145
0.875 0.3125 0.161151
0.8125 0.3125 0.111294
0.875 0.5 0.081052
0.875 0.46875 0.0871075
0.90625 0.46875 0.11738
0.90625 0.5 0.112083
0.875 0.5 0.081052
0.875 0.46875 0.0871075
0.875 0.4375 0.0973162
0.90625 0.4375 0.126538
0.90625 0.46875 0.11738
0.875 0.46875 0.0871075
0.90625 0.5 0.112083
0.90625 0.46875 0.11738
0.9375 0.46875 0.147814
0.9375 0.5 0.143131
0.90625 0.5 0.112083
0.90625 0.46875 0.11738
0.90625 0.4375 0.126538
0.9375 0.4375 0.156081
0.9375 0.46875 0.147814
0.90625 0.46875 0.11738
0.875 0.4375 0.0973162
0.875 0.375 0.125881
0.9375 0.375 0.180419
0.9375 0.4375 0.156081
0.875 0.4375 0.0973162
0.9375 0.5 0.143131
0.9375 0.4375 0.156081
1 0.4375 0.216442
1 0.5 0.205544
0.9375 0.5 0.143131
0.9375 0.4375 0.156081
0.9375 0.375 0.180419
1 0.375 0.237657
1 0.4375 0.216442
0.9375 0.4375 0.156081
0.875 0.375 0.125881
0.875 0.3125 0.161151
0.9375 0.3125 0.212544
0.9375 0.375 0.180419
0.875 0.375 0.125881
0.875 0.3125 0.161151
0.875 0.25 0.199145
0.9375 0.25 0.249005
0.9375 0.3125 0.212544
0.875 0.3125 0.161151
0.9375 0.375 0.180419
0.9375 0.3125 0.212544
1 0.3125 0.266503
1 0.375 0.237657
0.9375 0.375 0.180419
0.9375 0.3125 0.212544
0.9375 0.25 0.249005
1 0.25 0.300657
1 0.3125 0.266503
0.9375 0.3125 0.212544
0.75 0.25 0.10175
0.75 0.1875 0.142109
0.8125 0.1875 0.189827
0.8125 0.25 0.150177
0.75 0.25 0.10175
0.75 0.1875 0.142109
0.75 0.125 0.184559
0.8125 0.125 0.230721
0.8125 0.1875 0.189827
0.75 0.1875 0.142109
0.8125 0.25 0.150177
0.8125 0.1875 0.189827
0.875 0.1875 0.238077
0.875 0.25 0.199145
0.8125 0.25 0.150177
0.8125 0.1875 0.189827
0.8125 0.125 0.230721
0.875 0.125 0.277976
0.875 0.1875 0.238077
0.8125 0.1875 0.189827
0.75 0.125 0.184559
0.75 0 0.280249
0.875 0 0.365541
0.875 0.125 0.277976
0.75 0.125 0.184559
0.875 0.25 0.199145
0.875 0.125 0.277976
1 0.125 0.375162
1 0.25 0.300657
0.875 0.25 0.199145
0.875 0.125 0.277976
0.875 0 0.365541
1 0 0.458613
1 0.125 0.375162
0.875 0.125 0.277976
