0 1 0.449368
0 0.875 0.373638
0.125 0.875 0.262709
0.125 1 0.349988
0 1 0.449368
0 0.875 0.373638
0 0.75 0.310018
0.125 0.75 0.193192
0.125 0.875 0.262709
0 0.875 0.373638
0.125 1 0.349988
0.125 0.9375 0.304928
0.1875 0.9375 0.259919
0.1875 1 0.309262
0.125 1 0.349988
0.125 0.9375 0.304928
0.125 0.875 0.262709
0.1875 0.875 0.213139
0.1875 0.9375 0.259919
0.125 0.9375 0.304928
0.1875 1 0.309262
0.1875 0.9375 0.259919
0.25 0.9375 0.219431
0.25 1 0.273506
0.1875 1 0.309262
0.1875 0.9375 0.259919
0.1875 0.875 0.213139
0.25 0.875 0.167354
0.25 0.9375 0.219431
0.1875 0.9375 0.259919
0.125 0.875 0.262709
0.125 0.8125 0.22505
0.1875 0.8125 0.170667
0.1875 0.875 0.213139
0.125 0.875 0.262709
0.125 0.8125 0.22505
0.125 0.75 0.193192
0.1875 0.75 0.135712
0.1875 0.8125 0.170667
0.125 0.8125 0.22505
0.1875 0.875 0.213139
0.1875 0.8125 0.170667
0.25 0.8125 0.120671
0.25 0.875 0.167354
0.1875 0.875 0.213139
0.1875 0.8125 0.170667
0.1875 0.78125 0.152314
0.21875 0.78125 0.125674
0.21875 0.8125 0.145246
0.1875 0.8125 0.170667
0.1875 0.78125 0.152314
0.1875 0.75 0.135712
0.21875 0.75 0.107966
0.21875 0.78125 0.125674
0.1875 0.78125 0.152314
0.21875 0.8125 0.145246
0.21875 0.78125 0.125674
0.25 0.78125 0.0996713
0.25 0.8125 0.120671
0.21875 0.8125 0.145246
0.21875 0.78125 0.125674
0.21875 0.75 0.107966
0.25 0.75 0.0806164
0.25 0.78125 0.0996713
0.21875 0.78125 0.125674
0 0.75 0.310018
0 0.6875 0.286297
0.0625 0.6875 0.226276
0.0625 0.75 0.251262
0 0.75 0.310018
0 0.6875 0.286297
0 0.625 0.2674
0.0625 0.625 0.206625
0.0625 0.6875 0.226276
0 0.6875 0.286297
0.0625 0.75 0.251262
0.0625 0.6875 0.226276
0.125 0.6875 0.166719
0.125 0.75 0.193192
0.0625 0.75 0.251262
0.0625 0.6875 0.226276
0.0625 0.625 0.206625
0.125 0.625 0.14623
0.125 0.6875 0.166719
0.0625 0.6875 0.226276
0 0.625 0.2674
0 0.5625 0.251362
0.0625 0.5625 0.189842
0.0625 0.625 0.206625
0 0.625 0.2674
0 0.5625 0.251362
0 0.5 0.238644
0.0625 0.5 0.176419
0.0625 0.5625 0.189842
0 0.5625 0.251362
0.0625 0.625 0.206625
0.0625 0.5625 0.189842
0.125 0.5625 0.128595
0.125 0.625 0.14623
0.0625 0.625 0.206625
0.0625 0.5625 0.189842
0.0625 0.5 0.176419
0.125 0.5 0.114237
0.125 0.5625 0.128595
0.0625 0.5625 0.189842
0.125 0.75 0.193192
0.125 0.6875 0.166719
0.1875 0.6875 0.107868
0.1875 0.75 0.135712
0.125 0.75 0.193192
0.125 0.6875 0.166719
0.125 0.65625 0.156043
0.15625 0.65625 0.126298
0.15625 0.6875 0.137249
0.125 0.6875 0.166719
0.125 0.65625 0.156043
0.125 0.625 0.14623
0.15625 0.625 0.116282
0.15625 0.65625 0.126298
0.125 0.65625 0.156043
0.15625 0.6875 0.137249
0.15625 0.65625 0.126298
0.1875 0.65625 0.096616
0.1875 0.6875 0.107868
0.15625 0.6875 0.137249
0.15625 0.65625 0.126298
0.15625 0.625 0.116282
0.1875 0.625 0.0863918
0.1875 0.65625 0.096616
0.15625 0.65625 0.126298
0.1875 0.75 0.135712
0.1875 0.71875 0.120917
0.21875 0.71875 0.0922618
0.21875 0.75 0.107966
0.1875 0.75 0.135712
0.1875 0.71875 0.120917
0.1875 0.6875 0.107868
0.21875 0.6875 0.0785818
0.21875 0.71875 0.0922618
0.1875 0.71875 0.120917
0.21875 0.75 0.107966
0.21875 0.71875 0.0922618
0.25 0.71875 0.0638126
0.25 0.75 0.0806164
0.21875 0.75 0.107966
0.21875 0.71875 0.0922618
0.21875 0.6875 0.0785818
0.25 0.6875 0.0493916
0.25 0.71875 0.0638126
0.21875 0.71875 0.0922618
0.1875 0.6875 0.107868
0.1875 0.65625 0.096616
0.21875 0.65625 0.0669948
0.21875 0.6875 0.0785818
0.1875 0.6875 0.107868
0.1875 0.65625 0.096616
0.1875 0.625 0.0863918
0.21875 0.625 0.0565584
0.21875 0.65625 0.0669948
0.1875 0.65625 0.096616
0.21875 0.6875 0.0785818
0.21875 0.65625 0.0669948
0.25 0.65625 0.0374349
0.25 0.6875 0.0493916
0.21875 0.6875 0.0785818
0.21875 0.65625 0.0669948
0.21875 0.625 0.0565584
0.25 0.625 0.0267807
0.25 0.65625 0.0374349
0.21875 0.65625 0.0669948
0.125 0.625 0.14623
0.125 0.59375 0.13709
0.15625 0.59375 0.106964
0.15625 0.625 0.116282
0.125 0.625 0.14623
0.125 0.59375 0.13709
0.125 0.5625 0.128595
0.15625 0.5625 0.0982502
0.15625 0.59375 0.106964
0.125 0.59375 0.13709
0.15625 0.625 0.116282
0.15625 0.59375 0.106964
0.1875 0.59375 0.0769033
0.1875 0.625 0.0863918
0.15625 0.625 0.116282
0.15625 0.59375 0.106964
0.15625 0.5625 0.0982502
0.1875 0.5625 0.067973
0.1875 0.59375 0.0769033
0.15625 0.59375 0.106964
0.125 0.5625 0.128595
0.125 0.53125 0.120896
0.15625 0.53125 0.0902907
0.15625 0.5625 0.0982502
0.125 0.5625 0.128595
0.125 0.53125 0.120896
0.125 0.5 0.114237
0.15625 0.5 0.0833546
0.15625 0.53125 0.0902907
0.125 0.53125 0.120896
0.15625 0.5625 0.0982502
0.15625 0.53125 0.0902907
0.1875 0.53125 0.0597414
0.1875 0.5625 0.067973
0.15625 0.5625 0.0982502
0.15625 0.53125 0.0902907
0.15625 0.5 0.0833546
0.1875 0.5 0.052507
0.1875 0.53125 0.0597414
0.15625 0.53125 0.0902907
0.1875 0.625 0.0863918
0.1875 0.59375 0.0769033
0.21875 0.59375 0.0469083
0.21875 0.625 0.0565584
0.1875 0.625 0.0863918
0.1875 0.59375 0.0769033
0.1875 0.5625 0.067973
0.21875 0.5625 0.0377737
0.21875 0.59375 0.0469083
0.1875 0.59375 0.0769033
0.21875 0.625 0.0565584
0.21875 0.59375 0.0469083
0.25 0.59375 0.0169776
0.25 0.625 0.0267807
0.21875 0.625 0.0565584
0.21875 0.59375 0.0469083
0.21875 0.5625 0.0377737
0.25 0.5625 0.00766264
0.25 0.59375 0.0169776
0.21875 0.59375 0.0469083
0.1875 0.5625 0.067973
0.1875 0.53125 0.0597414
0.21875 0.53125 0.0292606
0.21875 0.5625 0.0377737
0.1875 0.5625 0.067973
0.1875 0.53125 0.0597414
0.1875 0.5 0.052507
0.21875 0.5 0.0217056
0.21875 0.53125 0.0292606
0.1875 0.53125 0.0597414
0.21875 0.5625 0.0377737
0.21875 0.53125 0.0292606
0.25 0.53125 -0.00111956
0.25 0.5625 0.00766264
0.21875 0.5625 0.0377737
0.21875 0.53125 0.0292606
0.21875 0.5 0.0217056
0.25 0.5 -0.00891203
0.25 0.53125 -0.00111956
0.21875 0.53125 0.0292606
0.25 1 0.273506
0.25 0.9375 0.219431
0.3125 0.9375 0.188129
0.3125 1 0.246872
0.25 1 0.273506
0.25 0.9375 0.219431
0.25 0.875 0.167354
0.3125 0.875 0.130425
0.3125 0.9375 0.188129
0.25 0.9375 0.219431
0.3125 1 0.246872
0.3125 0.9375 0.188129
0.375 0.9375 0.169111
0.375 1 0.231029
0.3125 1 0.246872
0.3125 0.9375 0.188129
0.3125 0.875 0.130425
0.375 0.875 0.107319
0.375 0.9375 0.169111
0.3125 0.9375 0.188129
0.25 0.875 0.167354
0.25 0.84375 0.143323
0.28125 0.84375 0.122066
0.28125 0.875 0.147793
0.25 0.875 0.167354
0.25 0.84375 0.143323
0.25 0.8125 0.120671
0.28125 0.8125 0.0976203
0.28125 0.84375 0.122066
0.25 0.84375 0.143323
0.28125 0.875 0.147793
0.28125 0.84375 0.122066
0.3125 0.84375 0.102935
0.3125 0.875 0.130425
0.28125 0.875 0.147793
0.28125 0.84375 0.122066
0.28125 0.8125 0.0976203
0.3125 0.8125 0.0764701
0.3125 0.84375 0.102935
0.28125 0.84375 0.122066
0.25 0.8125 0.120671
0.25 0.78125 0.0996713
0.28125 0.78125 0.0747608
0.28125 0.8125 0.0976203
0.25 0.8125 0.120671
0.25 0.78125 0.0996713
0.25 0.75 0.0806164
0.28125 0.75 0.053928
0.28125 0.78125 0.0747608
0.25 0.78125 0.0996713
0.28125 0.8125 0.0976203
0.28125 0.78125 0.0747608
0.3125 0.78125 0.0513689
0.3125 0.8125 0.0764701
0.28125 0.8125 0.0976203
0.28125 0.78125 0.0747608
0.28125 0.75 0.053928
0.3125 0.75 0.0281833
0.3125 0.78125 0.0513689
0.28125 0.78125 0.0747608
0.3125 0.875 0.130425
0.3125 0.84375 0.102935
0.34375 0.84375 0.0872975
0.34375 0.875 0.116533
0.3125 0.875 0.130425
0.3125 0.84375 0.102935
0.3125 0.8125 0.0764701
0.34375 0.8125 0.0586446
0.34375 0.84375 0.0872975
0.3125 0.84375 0.102935
0.34375 0.875 0.116533
0.34375 0.84375 0.0872975
0.375 0.84375 0.0767404
0.375 0.875 0.107319
0.34375 0.875 0.116533
0.34375 0.84375 0.0872975
0.34375 0.8125 0.0586446
0.375 0.8125 0.0463929
0.375 0.84375 0.0767404
0.34375 0.84375 0.0872975
0.3125 0.8125 0.0764701
0.3125 0.78125 0.0513689
0.34375 0.78125 0.0308365
0.34375 0.8125 0.0586446
0.3125 0.8125 0.0764701
0.3125 0.78125 0.0513689
0.3125 0.75 0.0281833
0.34375 0.75 0.00431194
0.34375 0.78125 0.0308365
0.3125 0.78125 0.0513689
0.34375 0.8125 0.0586446
0.34375 0.78125 0.0308365
0.375 0.78125 0.0163574
0.375 0.8125 0.0463929
0.34375 0.8125 0.0586446
0.34375 0.78125 0.0308365
0.34375 0.75 0.00431194
0.375 0.75 -0.0126955
0.375 0.78125 0.0163574
0.34375 0.78125 0.0308365
0.375 1 0.231029
0.375 0.9375 0.169111
0.4375 0.9375 0.165481
0.4375 1 0.227947
0.375 1 0.231029
0.375 0.9375 0.169111
0.375 0.875 0.107319
0.4375 0.875 0.103022
0.4375 0.9375 0.165481
0.375 0.9375 0.169111
0.4375 1 0.227947
0.4375 0.9375 0.165481
0.5 0.9375 0.173923
0.5 1 0.235553
0.4375 1 0.227947
0.4375 0.9375 0.165481
0.4375 0.875 0.103022
0.5 0.875 0.1124
0.5 0.9375 0.173923
0.4375 0.9375 0.165481
0.375 0.875 0.107319
0.375 0.84375 0.0767404
0.40625 0.84375 0.071581
0.40625 0.875 0.102792
0.375 0.875 0.107319
0.375 0.84375 0.0767404
0.375 0.8125 0.0463929
0.40625 0.8125 0.040376
0.40625 0.84375 0.071581
0.375 0.84375 0.0767404
0.40625 0.875 0.102792
0.40625 0.84375 0.071581
0.4375 0.84375 0.0718257
0.4375 0.875 0.103022
0.40625 0.875 0.102792
0.40625 0.84375 0.071581
0.40625 0.8125 0.040376
0.4375 0.8125 0.0406416
0.4375 0.84375 0.0718257
0.40625 0.84375 0.071581
0.375 0.8125 0.0463929
0.375 0.78125 0.0163574
0.40625 0.78125 0.00917405
0.40625 0.8125 0.040376
0.375 0.8125 0.0463929
0.375 0.78125 0.0163574
0.375 0.75 -0.0126955
0.40625 0.75 -0.0218161
0.40625 0.78125 0.00917405
0.375 0.78125 0.0163574
0.40625 0.8125 0.040376
0.40625 0.78125 0.00917405
0.4375 0.78125 0.00946768
0.4375 0.8125 0.0406416
0.40625 0.8125 0.040376
0.40625 0.78125 0.00917405
0.40625 0.75 -0.0218161
0.4375 0.75 -0.021609
0.4375 0.78125 0.00946768
0.40625 0.78125 0.00917405
0.4375 0.875 0.103022
0.4375 0.84375 0.0718257
0.46875 0.84375 0.075729
0.46875 0.875 0.106651
0.4375 0.875 0.103022
0.4375 0.84375 0.0718257
0.4375 0.8125 0.0406416
0.46875 0.8125 0.0448548
0.46875 0.84375 0.075729
0.4375 0.84375 0.0718257
0.46875 0.875 0.106651
0.46875 0.84375 0.075729
0.5 0.84375 0.0817844
0.5 0.875 0.1124
0.46875 0.875 0.106651
0.46875 0.84375 0.075729
0.46875 0.8125 0.0448548
0.5 0.8125 0.0512329
0.5 0.84375 0.0817844
0.46875 0.84375 0.075729
0.4375 0.8125 0.0406416
0.4375 0.78125 0.00946768
0.46875 0.78125 0.0140316
0.46875 0.8125 0.0448548
0.4375 0.8125 0.0406416
0.4375 0.78125 0.00946768
0.4375 0.75 -0.021609
0.46875 0.75 -0.0166518
0.46875 0.78125 0.0140316
0.4375 0.78125 0.00946768
0.46875 0.8125 0.0448548
0.46875 0.78125 0.0140316
0.5 0.78125 0.020747
0.5 0.8125 0.0512329
0.46875 0.8125 0.0448548
0.46875 0.78125 0.0140316
0.46875 0.75 -0.0166518
0.5 0.75 -0.00963125
0.5 0.78125 0.020747
0.46875 0.78125 0.0140316
0.25 0.75 0.0806164
0.25 0.71875 0.0638126
0.28125 0.71875 0.0356458
0.28125 0.75 0.053928
0.25 0.75 0.0806164
0.25 0.71875 0.0638126
0.25 0.6875 0.0493916
0.28125 0.6875 0.0203153
0.28125 0.71875 0.0356458
0.25 0.71875 0.0638126
0.28125 0.75 0.053928
0.28125 0.71875 0.0356458
0.3125 0.71875 0.00778625
0.3125 0.75 0.0281833
0.28125 0.75 0.053928
0.28125 0.71875 0.0356458
0.28125 0.6875 0.0203153
0.3125 0.6875 -0.0082353
0.3125 0.71875 0.00778625
0.28125 0.71875 0.0356458
0.25 0.6875 0.0493916
0.25 0.65625 0.0374349
0.28125 0.65625 0.00793814
0.28125 0.6875 0.0203153
0.25 0.6875 0.0493916
0.25 0.65625 0.0374349
0.25 0.625 0.0267807
0.28125 0.625 -0.00291292
0.28125 0.65625 0.00793814
0.25 0.65625 0.0374349
0.28125 0.6875 0.0203153
0.28125 0.65625 0.00793814
0.3125 0.65625 -0.0211342
0.3125 0.6875 -0.0082353
0.28125 0.6875 0.0203153
0.28125 0.65625 0.00793814
0.28125 0.625 -0.00291292
0.3125 0.625 -0.0323653
0.3125 0.65625 -0.0211342
0.28125 0.65625 0.00793814
0.3125 0.75 0.0281833
0.3125 0.71875 0.00778625
0.34375 0.71875 -0.0175674
0.34375 0.75 0.00431194
0.3125 0.75 0.0281833
0.3125 0.71875 0.00778625
0.3125 0.6875 -0.0082353
0.34375 0.6875 -0.0356029
0.34375 0.71875 -0.0175674
0.3125 0.71875 0.00778625
0.34375 0.75 0.00431194
0.34375 0.71875 -0.0175674
0.375 0.71875 -0.0388174
0.375 0.75 -0.0126955
0.34375 0.75 0.00431194
0.34375 0.71875 -0.0175674
0.34375 0.6875 -0.0356029
0.375 0.6875 -0.0607905
0.375 0.71875 -0.0388174
0.34375 0.71875 -0.0175674
0.3125 0.6875 -0.0082353
0.3125 0.65625 -0.0211342
0.34375 0.65625 -0.0497661
0.34375 0.6875 -0.0356029
0.3125 0.6875 -0.0082353
0.3125 0.65625 -0.0211342
0.3125 0.625 -0.0323653
0.34375 0.625 -0.0616371
0.34375 0.65625 -0.0497661
0.3125 0.65625 -0.0211342
0.34375 0.6875 -0.0356029
0.34375 0.65625 -0.0497661
0.375 0.65625 -0.0776182
0.375 0.6875 -0.0607905
0.34375 0.6875 -0.0356029
0.34375 0.65625 -0.0497661
0.34375 0.625 -0.0616371
0.375 0.625 -0.0906327
0.375 0.65625 -0.0776182
0.34375 0.65625 -0.0497661
0.25 0.625 0.0267807
0.25 0.59375 0.0169776
0.28125 0.59375 -0.0128366
0.28125 0.625 -0.00291292
0.25 0.625 0.0267807
0.25 0.59375 0.0169776
0.25 0.5625 0.00766264
0.28125 0.5625 -0.0222699
0.28125 0.59375 -0.0128366
0.25 0.59375 0.0169776
0.28125 0.625 -0.00291292
0.28125 0.59375 -0.0128366
0.3125 0.59375 -0.0425283
0.3125 0.625 -0.0323653
0.28125 0.625 -0.00291292
0.28125 0.59375 -0.0128366
0.28125 0.5625 -0.0222699
0.3125 0.5625 -0.0521234
0.3125 0.59375 -0.0425283
0.28125 0.59375 -0.0128366
0.25 0.5625 0.00766264
0.25 0.53125 -0.00111956
0.28125 0.53125 -0.0311736
0.28125 0.5625 -0.0222699
0.25 0.5625 0.00766264
0.25 0.53125 -0.00111956
0.25 0.5 -0.00891203
0.28125 0.5 -0.0392485
0.28125 0.53125 -0.0311736
0.25 0.53125 -0.00111956
0.28125 0.5625 -0.0222699
0.28125 0.53125 -0.0311736
0.3125 0.53125 -0.0611834
0.3125 0.5625 -0.0521234
0.28125 0.5625 -0.0222699
0.28125 0.53125 -0.0311736
0.28125 0.5 -0.0392485
0.3125 0.5 -0.0695062
0.3125 0.53125 -0.0611834
0.28125 0.53125 -0.0311736
0.3125 0.625 -0.0323653
0.3125 0.59375 -0.0425283
0.34375 0.59375 -0.0721322
0.34375 0.625 -0.0616371
0.3125 0.625 -0.0323653
0.3125 0.59375 -0.0425283
0.3125 0.5625 -0.0521234
0.34375 0.5625 -0.0819212
0.34375 0.59375 -0.0721322
0.3125 0.59375 -0.0425283
0.34375 0.625 -0.0616371
0.34375 0.59375 -0.0721322
0.375 0.59375 -0.101622
0.375 0.625 -0.0906327
0.34375 0.625 -0.0616371
0.34375 0.59375 -0.0721322
0.34375 0.5625 -0.0819212
0.375 0.5625 -0.111655
0.375 0.59375 -0.101622
0.34375 0.59375 -0.0721322
0.3125 0.5625 -0.0521234
0.3125 0.53125 -0.0611834
0.34375 0.53125 -0.0911489
0.34375 0.5625 -0.0819212
0.3125 0.5625 -0.0521234
0.3125 0.53125 -0.0611834
0.3125 0.5 -0.0695062
0.34375 0.5 -0.0996934
0.34375 0.53125 -0.0911489
0.3125 0.53125 -0.0611834
0.34375 0.5625 -0.0819212
0.34375 0.53125 -0.0911489
0.375 0.53125 -0.121069
0.375 0.5625 -0.111655
0.34375 0.5625 -0.0819212
0.34375 0.53125 -0.0911489
0.34375 0.5 -0.0996934
0.375 0.5 -0.129822
0.375 0.53125 -0.121069
0.34375 0.53125 -0.0911489
0.375 0.75 -0.0126955
0.375 0.71875 -0.0388174
0.40625 0.71875 -0.0520507
0.40625 0.75 -0.0218161
0.375 0.75 -0.0126955
0.375 0.71875 -0.0388174
0.375 0.6875 -0.0607905
0.40625 0.6875 -0.0799591
0.40625 0.71875 -0.0520507
0.375 0.71875 -0.0388174
0.40625 0.75 -0.0218161
0.40625 0.71875 -0.0520507
0.4375 0.71875 -0.0525821
0.4375 0.75 -0.021609
0.40625 0.75 -0.0218161
0.40625 0.71875 -0.0520507
0.40625 0.6875 -0.0799591
0.4375 0.6875 -0.0834797
0.4375 0.71875 -0.0525821
0.40625 0.71875 -0.0520507
0.375 0.6875 -0.0607905
0.375 0.65625 -0.0776182
0.40625 0.65625 -0.102769
0.40625 0.6875 -0.0799591
0.375 0.6875 -0.0607905
0.375 0.65625 -0.0776182
0.375 0.625 -0.0906327
0.40625 0.625 -0.118649
0.40625 0.65625 -0.102769
0.375 0.65625 -0.0776182
0.40625 0.6875 -0.0799591
0.40625 0.65625 -0.102769
0.4375 0.65625 -0.114296
0.4375 0.6875 -0.0834797
0.40625 0.6875 -0.0799591
0.40625 0.65625 -0.102769
0.40625 0.625 -0.118649
0.4375 0.625 -0.140912
0.4375 0.65625 -0.114296
0.40625 0.65625 -0.102769
0.4375 0.75 -0.021609
0.4375 0.71875 -0.0525821
0.46875 0.71875 -0.0471905
0.46875 0.75 -0.0166518
0.4375 0.75 -0.021609
0.4375 0.71875 -0.0525821
0.4375 0.6875 -0.0834797
0.46875 0.6875 -0.0776543
0.46875 0.71875 -0.0471905
0.4375 0.71875 -0.0525821
0.46875 0.75 -0.0166518
0.46875 0.71875 -0.0471905
0.5 0.71875 -0.0398701
0.5 0.75 -0.00963125
0.46875 0.75 -0.0166518
0.46875 0.71875 -0.0471905
0.46875 0.6875 -0.0776543
0.5 0.6875 -0.0700445
0.5 0.71875 -0.0398701
0.46875 0.71875 -0.0471905
0.4375 0.6875 -0.0834797
0.4375 0.65625 -0.114296
0.46875 0.65625 -0.108045
0.46875 0.6875 -0.0776543
0.4375 0.6875 -0.0834797
0.4375 0.65625 -0.114296
0.4375 0.625 -0.140912
0.46875 0.625 -0.138357
0.46875 0.65625 -0.108045
0.4375 0.65625 -0.114296
0.46875 0.6875 -0.0776543
0.46875 0.65625 -0.108045
0.5 0.65625 -0.100162
0.5 0.6875 -0.0700445
0.46875 0.6875 -0.0776543
0.46875 0.65625 -0.108045
0.46875 0.625 -0.138357
0.5 0.625 -0.130205
0.5 0.65625 -0.100162
0.46875 0.65625 -0.108045
0.375 0.625 -0.0906327
0.375 0.5625 -0.111655
0.4375 0.5625 -0.170532
0.4375 0.625 -0.140912
0.375 0.625 -0.0906327
0.375 0.5625 -0.111655
0.375 0.5 -0.129822
0.4375 0.5 -0.185048
0.4375 0.5625 -0.170532
0.375 0.5625 -0.111655
0.4375 0.625 -0.140912
0.4375 0.5625 -0.170532
0.5 0.5625 -0.190569
0.5 0.625 -0.130205
0.4375 0.625 -0.140912
0.4375 0.5625 -0.170532
0.4375 0.5 -0.185048
0.5 0.5 -0.228872
0.5 0.5625 -0.190569
0.4375 0.5625 -0.170532
0 0.5 0.238644
0 0.4375 0.230444
0.0625 0.4375 0.167928
0.0625 0.5 0.176419
0 0.5 0.238644
0 0.4375 0.230444
0 0.375 0.233915
0.0625 0.375 0.172106
0.0625 0.4375 0.167928
0 0.4375 0.230444
0.0625 0.5 0.176419
0.0625 0.4375 0.167928
0.125 0.4375 0.105433
0.125 0.5 0.114237
0.0625 0.5 0.176419
0.0625 0.4375 0.167928
0.0625 0.375 0.172106
0.125 0.375 0.110795
0.125 0.4375 0.105433
0.0625 0.4375 0.167928
0 0.375 0.233915
0 0.3125 0.248522
0.0625 0.3125 0.189084
0.0625 0.375 0.172106
0 0.375 0.233915
0 0.3125 0.248522
0 0.25 0.272418
0.0625 0.25 0.216672
0.0625 0.3125 0.189084
0 0.3125 0.248522
0.0625 0.375 0.172106
0.0625 0.3125 0.189084
0.125 0.3125 0.131838
0.125 0.375 0.110795
0.0625 0.375 0.172106
0.0625 0.3125 0.189084
0.0625 0.25 0.216672
0.125 0.25 0.165123
0.125 0.3125 0.131838
0.0625 0.3125 0.189084
0.125 0.5 0.114237
0.125 0.46875 0.108939
0.15625 0.46875 0.0778037
0.15625 0.5 0.0833546
0.125 0.5 0.114237
0.125 0.46875 0.108939
0.125 0.4375 0.105433
0.15625 0.4375 0.0741873
0.15625 0.46875 0.0778037
0.125 0.46875 0.108939
0.15625 0.5 0.0833546
0.15625 0.46875 0.0778037
0.1875 0.46875 0.0466704
0.1875 0.5 0.052507
0.15625 0.5 0.0833546
0.15625 0.46875 0.0778037
0.15625 0.4375 0.0741873
0.1875 0.4375 0.0429411
0.1875 0.46875 0.0466704
0.15625 0.46875 0.0778037
0.125 0.4375 0.105433
0.125 0.40625 0.106113
0.15625 0.40625 0.0750066
0.15625 0.4375 0.0741873
0.125 0.4375 0.105433
0.125 0.40625 0.106113
0.125 0.375 0.110795
0.15625 0.375 0.0804277
0.15625 0.40625 0.0750066
0.125 0.40625 0.106113
0.15625 0.4375 0.0741873
0.15625 0.40625 0.0750066
0.1875 0.40625 0.0439299
0.1875 0.4375 0.0429411
0.15625 0.4375 0.0741873
0.15625 0.40625 0.0750066
0.15625 0.375 0.0804277
0.1875 0.375 0.0502557
0.1875 0.40625 0.0439299
0.15625 0.40625 0.0750066
0.1875 0.5 0.052507
0.1875 0.46875 0.0466704
0.21875 0.46875 0.0155368
0.21875 0.5 0.0217056
0.1875 0.5 0.052507
0.1875 0.46875 0.0466704
0.1875 0.4375 0.0429411
0.21875 0.4375 0.0116929
0.21875 0.46875 0.0155368
0.1875 0.46875 0.0466704
0.21875 0.5 0.0217056
0.21875 0.46875 0.0155368
0.25 0.46875 -0.0153832
0.25 0.5 -0.00891203
0.21875 0.5 0.0217056
0.21875 0.46875 0.0155368
0.21875 0.4375 0.0116929
0.25 0.4375 -0.0192835
0.25 0.46875 -0.0153832
0.21875 0.46875 0.0155368
0.1875 0.4375 0.0429411
0.1875 0.40625 0.0439299
0.21875 0.40625 0.0128751
0.21875 0.4375 0.0116929
0.1875 0.4375 0.0429411
0.1875 0.40625 0.0439299
0.1875 0.375 0.0502557
0.21875 0.375 0.020519
0.21875 0.40625 0.0128751
0.1875 0.40625 0.0439299
0.21875 0.4375 0.0116929
0.21875 0.40625 0.0128751
0.25 0.40625 -0.0169008
0.25 0.4375 -0.0192835
0.21875 0.4375 0.0116929
0.21875 0.40625 0.0128751
0.21875 0.375 0.020519
0.25 0.375 -0.00785537
0.25 0.40625 -0.0169008
0.21875 0.40625 0.0128751
0.125 0.375 0.110795
0.125 0.34375 0.119548
0.15625 0.34375 0.0903545
0.15625 0.375 0.0804277
0.125 0.375 0.110795
0.125 0.34375 0.119548
0.125 0.3125 0.131838
0.15625 0.3125 0.104302
0.15625 0.34375 0.0903545
0.125 0.34375 0.119548
0.15625 0.375 0.0804277
0.15625 0.34375 0.0903545
0.1875 0.34375 0.0618594
0.1875 0.375 0.0502557
0.15625 0.375 0.0804277
0.15625 0.34375 0.0903545
0.15625 0.3125 0.104302
0.1875 0.3125 0.0777749
0.1875 0.34375 0.0618594
0.15625 0.34375 0.0903545
0.125 0.3125 0.131838
0.125 0.28125 0.147247
0.15625 0.28125 0.121324
0.15625 0.3125 0.104302
0.125 0.3125 0.131838
0.125 0.28125 0.147247
0.125 0.25 0.165123
0.15625 0.25 0.140863
0.15625 0.28125 0.121324
0.125 0.28125 0.147247
0.15625 0.3125 0.104302
0.15625 0.28125 0.121324
0.1875 0.28125 0.09681
0.1875 0.3125 0.0777749
0.15625 0.3125 0.104302
0.15625 0.28125 0.121324
0.15625 0.25 0.140863
0.1875 0.25 0.118233
0.1875 0.28125 0.09681
0.15625 0.28125 0.121324
0.1875 0.375 0.0502557
0.1875 0.34375 0.0618594
0.21875 0.34375 0.0341809
0.21875 0.375 0.020519
0.1875 0.375 0.0502557
0.1875 0.34375 0.0618594
0.1875 0.3125 0.0777749
0.21875 0.3125 0.0525196
0.21875 0.34375 0.0341809
0.1875 0.34375 0.0618594
0.21875 0.375 0.020519
0.21875 0.34375 0.0341809
0.25 0.34375 0.00813815
0.25 0.375 -0.00785537
0.21875 0.375 0.020519
0.21875 0.34375 0.0341809
0.21875 0.3125 0.0525196
0.25 0.3125 0.0294073
0.25 0.34375 0.00813815
0.21875 0.34375 0.0341809
0.1875 0.3125 0.0777749
0.1875 0.28125 0.09681
0.21875 0.28125 0.0738128
0.21875 0.3125 0.0525196
0.1875 0.3125 0.0777749
0.1875 0.28125 0.09681
0.1875 0.25 0.118233
0.21875 0.25 0.0973095
0.21875 0.28125 0.0738128
0.1875 0.28125 0.09681
0.21875 0.3125 0.0525196
0.21875 0.28125 0.0738128
0.25 0.28125 0.0532817
0.25 0.3125 0.0294073
0.21875 0.3125 0.0525196
0.21875 0.28125 0.0738128
0.21875 0.25 0.0973095
0.25 0.25 0.0789004
0.25 0.28125 0.0532817
0.21875 0.28125 0.0738128
0 0.25 0.272418
0 0.1875 0.304923
0.0625 0.1875 0.253317
0.0625 0.25 0.216672
0 0.25 0.272418
0 0.1875 0.304923
0 0.125 0.342851
0.0625 0.125 0.295417
0.0625 0.1875 0.253317
0 0.1875 0.304923
0.0625 0.25 0.216672
0.0625 0.1875 0.253317
0.125 0.1875 0.207224
0.125 0.25 0.165123
0.0625 0.25 0.216672
0.0625 0.1875 0.253317
0.0625 0.125 0.295417
0.125 0.125 0.254469
0.125 0.1875 0.207224
0.0625 0.1875 0.253317
0 0.125 0.342851
0 0 0.439871
0.125 0 0.361111
0.125 0.125 0.254469
0 0.125 0.342851
0.125 0.25 0.165123
0.125 0.1875 0.207224
0.1875 0.1875 0.165981
0.1875 0.25 0.118233
0.125 0.25 0.165123
0.125 0.1875 0.207224
0.125 0.125 0.254469
0.1875 0.125 0.218647
0.1875 0.1875 0.165981
0.125 0.1875 0.207224
0.1875 0.25 0.118233
0.1875 0.21875 0.141417
0.21875 0.21875 0.12235
0.21875 0.25 0.0973095
0.1875 0.25 0.118233
0.1875 0.21875 0.141417
0.1875 0.1875 0.165981
0.21875 0.1875 0.14849
0.21875 0.21875 0.12235
0.1875 0.21875 0.141417
0.21875 0.25 0.0973095
0.21875 0.21875 0.12235
0.25 0.21875 0.105552
0.25 0.25 0.0789004
0.21875 0.25 0.0973095
0.21875 0.21875 0.12235
0.21875 0.1875 0.14849
0.25 0.1875 0.132949
0.25 0.21875 0.105552
0.21875 0.21875 0.12235
0.1875 0.1875 0.165981
0.1875 0.125 0.218647
0.25 0.125 0.189363
0.25 0.1875 0.132949
0.1875 0.1875 0.165981
0.125 0.125 0.254469
0.125 0 0.361111
0.25 0 0.304983
0.25 0.125 0.189363
0.125 0.125 0.254469
0.25 0.5 -0.00891203
0.25 0.46875 -0.0153832
0.28125 0.46875 -0.046057
0.28125 0.5 -0.0392485
0.25 0.5 -0.00891203
0.25 0.46875 -0.0153832
0.25 0.4375 -0.0192835
0.28125 0.4375 -0.0496431
0.28125 0.46875 -0.046057
0.25 0.46875 -0.0153832
0.28125 0.5 -0.0392485
0.28125 0.46875 -0.046057
0.3125 0.46875 -0.0766536
0.3125 0.5 -0.0695062
0.28125 0.5 -0.0392485
0.28125 0.46875 -0.046057
0.28125 0.4375 -0.0496431
0.3125 0.4375 -0.0789257
0.3125 0.46875 -0.0766536
0.28125 0.46875 -0.046057
0.25 0.4375 -0.0192835
0.25 0.40625 -0.0169008
0.28125 0.40625 -0.0449816
0.28125 0.4375 -0.0496431
0.25 0.4375 -0.0192835
0.25 0.40625 -0.0169008
0.25 0.375 -0.00785537
0.28125 0.375 -0.0324825
0.28125 0.40625 -0.0449816
0.25 0.40625 -0.0169008
0.28125 0.4375 -0.0496431
0.28125 0.40625 -0.0449816
0.3125 0.40625 -0.0707517
0.3125 0.4375 -0.0789257
0.28125 0.4375 -0.0496431
0.28125 0.40625 -0.0449816
0.28125 0.375 -0.0324825
0.3125 0.375 -0.054367
0.3125 0.40625 -0.0707517
0.28125 0.40625 -0.0449816
0.3125 0.5 -0.0695062
0.3125 0.46875 -0.0766536
0.34375 0.46875 -0.10717
0.34375 0.5 -0.0996934
0.3125 0.5 -0.0695062
0.3125 0.46875 -0.0766536
0.3125 0.4375 -0.0789257
0.34375 0.4375 -0.106318
0.34375 0.46875 -0.10717
0.3125 0.46875 -0.0766536
0.34375 0.5 -0.0996934
0.34375 0.46875 -0.10717
0.375 0.46875 -0.136589
0.375 0.5 -0.129822
0.34375 0.5 -0.0996934
0.34375 0.46875 -0.10717
0.34375 0.4375 -0.106318
0.375 0.4375 -0.130689
0.375 0.46875 -0.136589
0.34375 0.46875 -0.10717
0.3125 0.4375 -0.0789257
0.3125 0.40625 -0.0707517
0.34375 0.40625 -0.0934893
0.34375 0.4375 -0.106318
0.3125 0.4375 -0.0789257
0.3125 0.40625 -0.0707517
0.3125 0.375 -0.054367
0.34375 0.375 -0.0729746
0.34375 0.40625 -0.0934893
0.3125 0.40625 -0.0707517
0.34375 0.4375 -0.106318
0.34375 0.40625 -0.0934893
0.375 0.40625 -0.112596
0.375 0.4375 -0.130689
0.34375 0.4375 -0.106318
0.34375 0.40625 -0.0934893
0.34375 0.375 -0.0729746
0.375 0.375 -0.0880248
0.375 0.40625 -0.112596
0.34375 0.40625 -0.0934893
0.25 0.375 -0.00785537
0.25 0.34375 0.00813815
0.28125 0.34375 -0.0143172
0.28125 0.375 -0.0324825
0.25 0.375 -0.00785537
0.25 0.34375 0.00813815
0.25 0.3125 0.0294073
0.28125 0.3125 0.0092858
0.28125 0.34375 -0.0143172
0.25 0.34375 0.00813815
0.28125 0.375 -0.0324825
0.28125 0.34375 -0.0143172
0.3125 0.34375 -0.032214
0.3125 0.375 -0.054367
0.28125 0.375 -0.0324825
0.28125 0.34375 -0.0143172
0.28125 0.3125 0.0092858
0.3125 0.3125 -0.00718102
0.3125 0.34375 -0.032214
0.28125 0.34375 -0.0143172
0.25 0.3125 0.0294073
0.25 0.28125 0.0532817
0.28125 0.28125 0.0356038
0.28125 0.3125 0.0092858
0.25 0.3125 0.0294073
0.25 0.28125 0.0532817
0.25 0.25 0.0789004
0.28125 0.25 0.062932
0.28125 0.28125 0.0356038
0.25 0.28125 0.0532817
0.28125 0.3125 0.0092858
0.28125 0.28125 0.0356038
0.3125 0.28125 0.020739
0.3125 0.3125 -0.00718102
0.28125 0.3125 0.0092858
0.28125 0.28125 0.0356038
0.28125 0.25 0.062932
0.3125 0.25 0.0492448
0.3125 0.28125 0.020739
0.28125 0.28125 0.0356038
0.3125 0.375 -0.054367
0.3125 0.34375 -0.032214
0.34375 0.34375 -0.0475528
0.34375 0.375 -0.0729746
0.3125 0.375 -0.054367
0.3125 0.34375 -0.032214
0.3125 0.3125 -0.00718102
0.34375 0.3125 -0.0204501
0.34375 0.34375 -0.0475528
0.3125 0.34375 -0.032214
0.34375 0.375 -0.0729746
0.34375 0.34375 -0.0475528
0.375 0.34375 -0.060474
0.375 0.375 -0.0880248
0.34375 0.375 -0.0729746
0.34375 0.34375 -0.0475528
0.34375 0.3125 -0.0204501
0.375 0.3125 -0.031849
0.375 0.34375 -0.060474
0.34375 0.34375 -0.0475528
0.3125 0.3125 -0.00718102
0.3125 0.28125 0.020739
0.34375 0.28125 0.00821493
0.34375 0.3125 -0.0204501
0.3125 0.3125 -0.00718102
0.3125 0.28125 0.020739
0.3125 0.25 0.0492448
0.34375 0.25 0.0373781
0.34375 0.28125 0.00821493
0.3125 0.28125 0.020739
0.34375 0.3125 -0.0204501
0.34375 0.28125 0.00821493
0.375 0.28125 -0.00279308
0.375 0.3125 -0.031849
0.34375 0.3125 -0.0204501
0.34375 0.28125 0.00821493
0.34375 0.25 0.0373781
0.375 0.25 0.0267172
0.375 0.28125 -0.00279308
0.34375 0.28125 0.00821493
0.375 0.5 -0.129822
0.375 0.4375 -0.130689
0.4375 0.4375 -0.166662
0.4375 0.5 -0.185048
0.375 0.5 -0.129822
0.375 0.4375 -0.130689
0.375 0.40625 -0.112596
0.40625 0.40625 -0.127894
0.40625 0.4375 -0.15103
0.375 0.4375 -0.130689
0.375 0.40625 -0.112596
0.375 0.375 -0.0880248
0.40625 0.375 -0.100415
0.40625 0.40625 -0.127894
0.375 0.40625 -0.112596
0.40625 0.4375 -0.15103
0.40625 0.40625 -0.127894
0.4375 0.40625 -0.139878
0.4375 0.4375 -0.166662
0.40625 0.4375 -0.15103
0.40625 0.40625 -0.127894
0.40625 0.375 -0.100415
0.4375 0.375 -0.111141
0.4375 0.40625 -0.139878
0.40625 0.40625 -0.127894
0.4375 0.5 -0.185048
0.4375 0.4375 -0.166662
0.5 0.4375 -0.189651
0.5 0.5 -0.228872
0.4375 0.5 -0.185048
0.4375 0.4375 -0.166662
0.4375 0.375 -0.111141
0.5 0.375 -0.129884
0.5 0.4375 -0.189651
0.4375 0.4375 -0.166662
0.375 0.375 -0.0880248
0.375 0.34375 -0.060474
0.40625 0.34375 -0.0716392
0.40625 0.375 -0.100415
0.375 0.375 -0.0880248
0.375 0.34375 -0.060474
0.375 0.3125 -0.031849
0.40625 0.3125 -0.0423429
0.40625 0.34375 -0.0716392
0.375 0.34375 -0.060474
0.40625 0.375 -0.100415
0.40625 0.34375 -0.0716392
0.4375 0.34375 -0.0817404
0.4375 0.375 -0.111141
0.40625 0.375 -0.100415
0.40625 0.34375 -0.0716392
0.40625 0.3125 -0.0423429
0.4375 0.3125 -0.0521006
0.4375 0.34375 -0.0817404
0.40625 0.34375 -0.0716392
0.375 0.3125 -0.031849
0.375 0.28125 -0.00279308
0.40625 0.28125 -0.012868
0.40625 0.3125 -0.0423429
0.375 0.3125 -0.031849
0.375 0.28125 -0.00279308
0.375 0.25 0.0267172
0.40625 0.25 0.0168252
0.40625 0.28125 -0.012868
0.375 0.28125 -0.00279308
0.40625 0.3125 -0.0423429
0.40625 0.28125 -0.012868
0.4375 0.28125 -0.0223671
0.4375 0.3125 -0.0521006
0.40625 0.3125 -0.0423429
0.40625 0.28125 -0.012868
0.40625 0.25 0.0168252
0.4375 0.25 0.00746891
0.4375 0.28125 -0.0223671
0.40625 0.28125 -0.012868
0.4375 0.375 -0.111141
0.4375 0.34375 -0.0817404
0.46875 0.34375 -0.091158
0.46875 0.375 -0.120908
0.4375 0.375 -0.111141
0.4375 0.34375 -0.0817404
0.4375 0.3125 -0.0521006
0.46875 0.3125 -0.0612848
0.46875 0.34375 -0.091158
0.4375 0.34375 -0.0817404
0.46875 0.375 -0.120908
0.46875 0.34375 -0.091158
0.5 0.34375 -0.0998679
0.5 0.375 -0.129884
0.46875 0.375 -0.120908
0.46875 0.34375 -0.091158
0.46875 0.3125 -0.0612848
0.5 0.3125 -0.0697839
0.5 0.34375 -0.0998679
0.46875 0.34375 -0.091158
0.4375 0.3125 -0.0521006
0.4375 0.28125 -0.0223671
0.46875 0.28125 -0.0313531
0.46875 0.3125 -0.0612848
0.4375 0.3125 -0.0521006
0.4375 0.28125 -0.0223671
0.4375 0.25 0.00746891
0.46875 0.25 -0.00137183
0.46875 0.28125 -0.0313531
0.4375 0.28125 -0.0223671
0.46875 0.3125 -0.0612848
0.46875 0.28125 -0.0313531
0.5 0.28125 -0.0396447
0.5 0.3125 -0.0697839
0.46875 0.3125 -0.0612848
0.46875 0.28125 -0.0313531
0.46875 0.25 -0.00137183
0.5 0.25 -0.00944941
0.5 0.28125 -0.0396447
0.46875 0.28125 -0.0313531
0.25 0.25 0.0789004
0.25 0.21875 0.105552
0.28125 0.21875 0.0908549
0.28125 0.25 0.062932
0.25 0.25 0.0789004
0.25 0.21875 0.105552
0.25 0.1875 0.132949
0.28125 0.1875 0.119243
0.28125 0.21875 0.0908549
0.25 0.21875 0.105552
0.28125 0.25 0.062932
0.28125 0.21875 0.0908549
0.3125 0.21875 0.0780446
0.3125 0.25 0.0492448
0.28125 0.25 0.062932
0.28125 0.21875 0.0908549
0.28125 0.1875 0.119243
0.3125 0.1875 0.107064
0.3125 0.21875 0.0780446
0.28125 0.21875 0.0908549
0.25 0.1875 0.132949
0.25 0.125 0.189363
0.3125 0.125 0.165542
0.3125 0.1875 0.107064
0.25 0.1875 0.132949
0.3125 0.25 0.0492448
0.3125 0.21875 0.0780446
0.34375 0.21875 0.0666808
0.34375 0.25 0.0373781
0.3125 0.25 0.0492448
0.3125 0.21875 0.0780446
0.3125 0.1875 0.107064
0.34375 0.1875 0.0960905
0.34375 0.21875 0.0666808
0.3125 0.21875 0.0780446
0.34375 0.25 0.0373781
0.34375 0.21875 0.0666808
0.375 0.21875 0.0563018
0.375 0.25 0.0267172
0.34375 0.25 0.0373781
0.34375 0.21875 0.0666808
0.34375 0.1875 0.0960905
0.375 0.1875 0.0859441
0.375 0.21875 0.0563018
0.34375 0.21875 0.0666808
0.3125 0.1875 0.107064
0.3125 0.15625 0.136231
0.34375 0.15625 0.12558
0.34375 0.1875 0.0960905
0.3125 0.1875 0.107064
0.3125 0.15625 0.136231
0.3125 0.125 0.165542
0.34375 0.125 0.155153
0.34375 0.15625 0.12558
0.3125 0.15625 0.136231
0.34375 0.1875 0.0960905
0.34375 0.15625 0.12558
0.375 0.15625 0.115642
0.375 0.1875 0.0859441
0.34375 0.1875 0.0960905
0.34375 0.15625 0.12558
0.34375 0.125 0.155153
0.375 0.125 0.145391
0.375 0.15625 0.115642
0.34375 0.15625 0.12558
0.25 0.125 0.189363
0.25 0.0625 0.246705
0.3125 0.0625 0.224424
0.3125 0.125 0.165542
0.25 0.125 0.189363
0.25 0.0625 0.246705
0.25 0 0.304983
0.3125 0 0.283708
0.3125 0.0625 0.224424
0.25 0.0625 0.246705
0.3125 0.125 0.165542
0.3125 0.0625 0.224424
0.375 0.0625 0.205049
0.375 0.125 0.145391
0.3125 0.125 0.165542
0.3125 0.0625 0.224424
0.3125 0 0.283708
0.375 0 0.265028
0.375 0.0625 0.205049
0.3125 0.0625 0.224424
0.375 0.25 0.0267172
0.375 0.21875 0.0563018
0.40625 0.21875 0.0465841
0.40625 0.25 0.0168252
0.375 0.25 0.0267172
0.375 0.21875 0.0563018
0.375 0.1875 0.0859441
0.40625 0.1875 0.0763956
0.40625 0.21875 0.0465841
0.375 0.21875 0.0563018
0.40625 0.25 0.0168252
0.40625 0.21875 0.0465841
0.4375 0.21875 0.037391
0.4375 0.25 0.00746891
0.40625 0.25 0.0168252
0.40625 0.21875 0.0465841
0.40625 0.1875 0.0763956
0.4375 0.1875 0.0673661
0.4375 0.21875 0.037391
0.40625 0.21875 0.0465841
0.375 0.1875 0.0859441
0.375 0.15625 0.115642
0.40625 0.15625 0.106258
0.40625 0.1875 0.0763956
0.375 0.1875 0.0859441
0.375 0.15625 0.115642
0.375 0.125 0.145391
0.40625 0.125 0.136171
0.40625 0.15625 0.106258
0.375 0.15625 0.115642
0.40625 0.1875 0.0763956
0.40625 0.15625 0.106258
0.4375 0.15625 0.0973944
0.4375 0.1875 0.0673661
0.40625 0.1875 0.0763956
0.40625 0.15625 0.106258
0.40625 0.125 0.136171
0.4375 0.125 0.127476
0.4375 0.15625 0.0973944
0.40625 0.15625 0.106258
0.4375 0.25 0.00746891
0.4375 0.21875 0.037391
0.46875 0.21875 0.0287356
0.46875 0.25 -0.00137183
0.4375 0.25 0.00746891
0.4375 0.21875 0.037391
0.4375 0.1875 0.0673661
0.46875 0.1875 0.0589085
0.46875 0.21875 0.0287356
0.4375 0.21875 0.037391
0.46875 0.25 -0.00137183
0.46875 0.21875 0.0287356
0.5 0.21875 0.0208891
0.5 0.25 -0.00944941
0.46875 0.25 -0.00137183
0.46875 0.21875 0.0287356
0.46875 0.1875 0.0589085
0.5 0.1875 0.0513318
0.5 0.21875 0.0208891
0.46875 0.21875 0.0287356
0.4375 0.1875 0.0673661
0.4375 0.15625 0.0973944
0.46875 0.15625 0.0891437
0.46875 0.1875 0.0589085
0.4375 0.1875 0.0673661
0.4375 0.15625 0.0973944
0.4375 0.125 0.127476
0.46875 0.125 0.11944
0.46875 0.15625 0.0891437
0.4375 0.15625 0.0973944
0.46875 0.1875 0.0589085
0.46875 0.15625 0.0891437
0.5 0.15625 0.0818416
0.5 0.1875 0.0513318
0.46875 0.1875 0.0589085
0.46875 0.15625 0.0891437
0.46875 0.125 0.11944
0.5 0.125 0.112414
0.5 0.15625 0.0818416
0.46875 0.15625 0.0891437
0.375 0.125 0.145391
0.375 0.0625 0.205049
0.4375 0.0625 0.187848
0.4375 0.125 0.127476
0.375 0.125 0.145391
0.375 0.0625 0.205049
0.375 0 0.265028
0.4375 0 0.248572
0.4375 0.0625 0.187848
0.375 0.0625 0.205049
0.4375 0.125 0.127476
0.4375 0.0625 0.187848
0.5 0.0625 0.173778
0.5 0.125 0.112414
0.4375 0.125 0.127476
0.4375 0.0625 0.187848
0.4375 0 0.248572
0.5 0 0.235444
0.5 0.0625 0.173778
0.4375 0.0625 0.187848
0.5 1 0.235553
0.5 0.9375 0.173923
0.5625 0.9375 0.188134
0.5625 1 0.248841
0.5 1 0.235553
0.5 0.9375 0.173923
0.5 0.875 0.1124
0.5625 0.875 0.12757
0.5625 0.9375 0.188134
0.5 0.9375 0.173923
0.5625 1 0.248841
0.5625 0.9375 0.188134
0.625 0.9375 0.205383
0.625 1 0.265328
0.5625 1 0.248841
0.5625 0.9375 0.188134
0.5625 0.875 0.12757
0.625 0.875 0.145594
0.625 0.9375 0.205383
0.5625 0.9375 0.188134
0.5 0.875 0.1124
0.5 0.84375 0.0817844
0.53125 0.84375 0.0891623
0.53125 0.875 0.119511
0.5 0.875 0.1124
0.5 0.84375 0.0817844
0.5 0.8125 0.0512329
0.53125 0.8125 0.0588768
0.53125 0.84375 0.0891623
0.5 0.84375 0.0817844
0.53125 0.875 0.119511
0.53125 0.84375 0.0891623
0.5625 0.84375 0.0974403
0.5625 0.875 0.12757
0.53125 0.875 0.119511
0.53125 0.84375 0.0891623
0.53125 0.8125 0.0588768
0.5625 0.8125 0.0673675
0.5625 0.84375 0.0974403
0.53125 0.84375 0.0891623
0.5 0.8125 0.0512329
0.5 0.78125 0.020747
0.53125 0.78125 0.0286544
0.53125 0.8125 0.0588768
0.5 0.8125 0.0512329
0.5 0.78125 0.020747
0.5 0.75 -0.00963125
0.53125 0.75 -0.00149945
0.53125 0.78125 0.0286544
0.5 0.78125 0.020747
0.53125 0.8125 0.0588768
0.53125 0.78125 0.0286544
0.5625 0.78125 0.0373517
0.5625 0.8125 0.0673675
0.53125 0.8125 0.0588768
0.53125 0.78125 0.0286544
0.53125 0.75 -0.00149945
0.5625 0.75 0.00739233
0.5625 0.78125 0.0373517
0.53125 0.78125 0.0286544
0.5625 0.875 0.12757
0.5625 0.84375 0.0974403
0.59375 0.84375 0.10636
0.59375 0.875 0.136311
0.5625 0.875 0.12757
0.5625 0.84375 0.0974403
0.5625 0.8125 0.0673675
0.59375 0.8125 0.076463
0.59375 0.84375 0.10636
0.5625 0.84375 0.0974403
0.59375 0.875 0.136311
0.59375 0.84375 0.10636
0.625 0.84375 0.115811
0.625 0.875 0.145594
0.59375 0.875 0.136311
0.59375 0.84375 0.10636
0.59375 0.8125 0.076463
0.625 0.8125 0.0860827
0.625 0.84375 0.115811
0.59375 0.84375 0.10636
0.5625 0.8125 0.0673675
0.5625 0.78125 0.0373517
0.59375 0.78125 0.0466197
0.59375 0.8125 0.076463
0.5625 0.8125 0.0673675
0.5625 0.78125 0.0373517
0.5625 0.75 0.00739233
0.59375 0.75 0.0168306
0.59375 0.78125 0.0466197
0.5625 0.78125 0.0373517
0.59375 0.8125 0.076463
0.59375 0.78125 0.0466197
0.625 0.78125 0.0564087
0.625 0.8125 0.0860827
0.59375 0.8125 0.076463
0.59375 0.78125 0.0466197
0.59375 0.75 0.0168306
0.625 0.75 0.0267906
0.625 0.78125 0.0564087
0.59375 0.78125 0.0466197
0.625 1 0.265328
0.625 0.9375 0.205383
0.6875 0.9375 0.225074
0.6875 1 0.284246
0.625 1 0.265328
0.625 0.9375 0.205383
0.625 0.875 0.145594
0.6875 0.875 0.166082
0.6875 0.9375 0.225074
0.625 0.9375 0.205383
0.6875 1 0.284246
0.6875 0.9375 0.225074
0.75 0.9375 0.248732
0.75 1 0.306468
0.6875 1 0.284246
0.6875 0.9375 0.225074
0.6875 0.875 0.166082
0.75 0.875 0.19144
0.75 0.9375 0.248732
0.6875 0.9375 0.225074
0.625 0.875 0.145594
0.625 0.84375 0.115811
0.65625 0.84375 0.125868
0.65625 0.875 0.155458
0.625 0.875 0.145594
0.625 0.84375 0.115811
0.625 0.8125 0.0860827
0.65625 0.8125 0.0963506
0.65625 0.84375 0.125868
0.625 0.84375 0.115811
0.65625 0.875 0.155458
0.65625 0.84375 0.125868
0.6875 0.84375 0.136773
0.6875 0.875 0.166082
0.65625 0.875 0.155458
0.65625 0.84375 0.125868
0.65625 0.8125 0.0963506
0.6875 0.8125 0.107586
0.6875 0.84375 0.136773
0.65625 0.84375 0.125868
0.625 0.8125 0.0860827
0.625 0.78125 0.0564087
0.65625 0.78125 0.0669093
0.65625 0.8125 0.0963506
0.625 0.8125 0.0860827
0.625 0.78125 0.0564087
0.625 0.75 0.0267906
0.65625 0.75 0.0375611
0.65625 0.78125 0.0669093
0.625 0.78125 0.0564087
0.65625 0.8125 0.0963506
0.65625 0.78125 0.0669093
0.6875 0.78125 0.0785464
0.6875 0.8125 0.107586
0.65625 0.8125 0.0963506
0.65625 0.78125 0.0669093
0.65625 0.75 0.0375611
0.6875 0.75 0.0496888
0.6875 0.78125 0.0785464
0.65625 0.78125 0.0669093
0.6875 0.875 0.166082
0.6875 0.8125 0.107586
0.75 0.8125 0.135169
0.75 0.875 0.19144
0.6875 0.875 0.166082
0.6875 0.8125 0.107586
0.6875 0.78125 0.0785464
0.71875 0.78125 0.0920388
0.71875 0.8125 0.120339
0.6875 0.8125 0.107586
0.6875 0.78125 0.0785464
0.6875 0.75 0.0496888
0.71875 0.75 0.0641174
0.71875 0.78125 0.0920388
0.6875 0.78125 0.0785464
0.71875 0.8125 0.120339
0.71875 0.78125 0.0920388
0.75 0.78125 0.107922
0.75 0.8125 0.135169
0.71875 0.8125 0.120339
0.71875 0.78125 0.0920388
0.71875 0.75 0.0641174
0.75 0.75 0.081432
0.75 0.78125 0.107922
0.71875 0.78125 0.0920388
0.5 0.75 -0.00963125
0.5 0.71875 -0.0398701
0.53125 0.71875 -0.0315139
0.53125 0.75 -0.00149945
0.5 0.75 -0.00963125
0.5 0.71875 -0.0398701
0.5 0.6875 -0.0700445
0.53125 0.6875 -0.061481
0.53125 0.71875 -0.0315139
0.5 0.71875 -0.0398701
0.53125 0.75 -0.00149945
0.53125 0.71875 -0.0315139
0.5625 0.71875 -0.0224633
0.5625 0.75 0.00739233
0.53125 0.75 -0.00149945
0.53125 0.71875 -0.0315139
0.53125 0.6875 -0.061481
0.5625 0.6875 -0.0522645
0.5625 0.71875 -0.0224633
0.53125 0.71875 -0.0315139
0.5 0.6875 -0.0700445
0.5 0.65625 -0.100162
0.53125 0.65625 -0.0914003
0.53125 0.6875 -0.061481
0.5 0.6875 -0.0700445
0.5 0.65625 -0.100162
0.5 0.625 -0.130205
0.53125 0.625 -0.12127
0.53125 0.65625 -0.0914003
0.5 0.65625 -0.100162
0.53125 0.6875 -0.061481
0.53125 0.65625 -0.0914003
0.5625 0.65625 -0.0820052
0.5625 0.6875 -0.0522645
0.53125 0.6875 -0.061481
0.53125 0.65625 -0.0914003
0.53125 0.625 -0.12127
0.5625 0.625 -0.111672
0.5625 0.65625 -0.0820052
0.53125 0.65625 -0.0914003
0.5625 0.75 0.00739233
0.5625 0.71875 -0.0224633
0.59375 0.71875 -0.0128753
0.59375 0.75 0.0168306
0.5625 0.75 0.00739233
0.5625 0.71875 -0.0224633
0.5625 0.6875 -0.0522645
0.59375 0.6875 -0.0424982
0.59375 0.71875 -0.0128753
0.5625 0.71875 -0.0224633
0.59375 0.75 0.0168306
0.59375 0.71875 -0.0128753
0.625 0.71875 -0.00275845
0.625 0.75 0.0267906
0.59375 0.75 0.0168306
0.59375 0.71875 -0.0128753
0.59375 0.6875 -0.0424982
0.625 0.6875 -0.0321126
0.625 0.71875 -0.00275845
0.59375 0.71875 -0.0128753
0.5625 0.6875 -0.0522645
0.5625 0.65625 -0.0820052
0.59375 0.65625 -0.0720234
0.59375 0.6875 -0.0424982
0.5625 0.6875 -0.0522645
0.5625 0.65625 -0.0820052
0.5625 0.625 -0.111672
0.59375 0.625 -0.101407
0.59375 0.65625 -0.0720234
0.5625 0.65625 -0.0820052
0.59375 0.6875 -0.0424982
0.59375 0.65625 -0.0720234
0.625 0.65625 -0.0612438
0.625 0.6875 -0.0321126
0.59375 0.6875 -0.0424982
0.59375 0.65625 -0.0720234
0.59375 0.625 -0.101407
0.625 0.625 -0.0899971
0.625 0.65625 -0.0612438
0.59375 0.65625 -0.0720234
0.5 0.625 -0.130205
0.5 0.5625 -0.190569
0.5625 0.5625 -0.169556
0.5625 0.625 -0.111672
0.5 0.625 -0.130205
0.5 0.5625 -0.190569
0.5 0.5 -0.228872
0.5625 0.5 -0.187319
0.5625 0.5625 -0.169556
0.5 0.5625 -0.190569
0.5625 0.625 -0.111672
0.5625 0.5625 -0.169556
0.625 0.5625 -0.138919
0.625 0.625 -0.0899971
0.5625 0.625 -0.111672
0.5625 0.5625 -0.169556
0.5625 0.5 -0.187319
0.625 0.5 -0.1292
0.625 0.5625 -0.138919
0.5625 0.5625 -0.169556
0.625 0.75 0.0267906
0.625 0.71875 -0.00275845
0.65625 0.71875 0.00832246
0.65625 0.75 0.0375611
0.625 0.75 0.0267906
0.625 0.71875 -0.00275845
0.625 0.6875 -0.0321126
0.65625 0.6875 -0.0205315
0.65625 0.71875 0.00832246
0.625 0.71875 -0.00275845
0.65625 0.75 0.0375611
0.65625 0.71875 0.00832246
0.6875 0.71875 0.0210665
0.6875 0.75 0.0496888
0.65625 0.75 0.0375611
0.65625 0.71875 0.00832246
0.65625 0.6875 -0.0205315
0.6875 0.6875 -0.0070399
0.6875 0.71875 0.0210665
0.65625 0.71875 0.00832246
0.625 0.6875 -0.0321126
0.625 0.65625 -0.0612438
0.65625 0.65625 -0.048828
0.65625 0.6875 -0.0205315
0.625 0.6875 -0.0321126
0.625 0.65625 -0.0612438
0.625 0.625 -0.0899971
0.65625 0.625 -0.076036
0.65625 0.65625 -0.048828
0.625 0.65625 -0.0612438
0.65625 0.6875 -0.0205315
0.65625 0.65625 -0.048828
0.6875 0.65625 -0.0335527
0.6875 0.6875 -0.0070399
0.65625 0.6875 -0.0205315
0.65625 0.65625 -0.048828
0.65625 0.625 -0.076036
0.6875 0.625 -0.0573816
0.6875 0.65625 -0.0335527
0.65625 0.65625 -0.048828
0.6875 0.75 0.0496888
0.6875 0.71875 0.0210665
0.71875 0.71875 0.0367589
0.71875 0.75 0.0641174
0.6875 0.75 0.0496888
0.6875 0.71875 0.0210665
0.6875 0.6875 -0.0070399
0.71875 0.6875 0.0102295
0.71875 0.71875 0.0367589
0.6875 0.71875 0.0210665
0.71875 0.75 0.0641174
0.71875 0.71875 0.0367589
0.75 0.71875 0.0559217
0.75 0.75 0.081432
0.71875 0.75 0.0641174
0.71875 0.71875 0.0367589
0.71875 0.6875 0.0102295
0.75 0.6875 0.0318588
0.75 0.71875 0.0559217
0.71875 0.71875 0.0367589
0.6875 0.6875 -0.0070399
0.6875 0.65625 -0.0335527
0.71875 0.65625 -0.0138105
0.71875 0.6875 0.0102295
0.6875 0.6875 -0.0070399
0.6875 0.65625 -0.0335527
0.6875 0.625 -0.0573816
0.71875 0.625 -0.0340023
0.71875 0.65625 -0.0138105
0.6875 0.65625 -0.0335527
0.71875 0.6875 0.0102295
0.71875 0.65625 -0.0138105
0.75 0.65625 0.00990192
0.75 0.6875 0.0318588
0.71875 0.6875 0.0102295
0.71875 0.65625 -0.0138105
0.71875 0.625 -0.0340023
0.75 0.625 -0.00727714
0.75 0.65625 0.00990192
0.71875 0.65625 -0.0138105
0.625 0.625 -0.0899971
0.625 0.59375 -0.11746
0.65625 0.59375 -0.0999095
0.65625 0.625 -0.076036
0.625 0.625 -0.0899971
0.625 0.59375 -0.11746
0.625 0.5625 -0.138919
0.65625 0.5625 -0.111886
0.65625 0.59375 -0.0999095
0.625 0.59375 -0.11746
0.65625 0.625 -0.076036
0.65625 0.59375 -0.0999095
0.6875 0.59375 -0.0759691
0.6875 0.625 -0.0573816
0.65625 0.625 -0.076036
0.65625 0.59375 -0.0999095
0.65625 0.5625 -0.111886
0.6875 0.5625 -0.0812424
0.6875 0.59375 -0.0759691
0.65625 0.59375 -0.0999095
0.625 0.5625 -0.138919
0.625 0.53125 -0.136799
0.65625 0.53125 -0.106596
0.65625 0.5625 -0.111886
0.625 0.5625 -0.138919
0.625 0.53125 -0.136799
0.625 0.5 -0.1292
0.65625 0.5 -0.0992795
0.65625 0.53125 -0.106596
0.625 0.53125 -0.136799
0.65625 0.5625 -0.111886
0.65625 0.53125 -0.106596
0.6875 0.53125 -0.0763239
0.6875 0.5625 -0.0812424
0.65625 0.5625 -0.111886
0.65625 0.53125 -0.106596
0.65625 0.5 -0.0992795
0.6875 0.5 -0.0692863
0.6875 0.53125 -0.0763239
0.65625 0.53125 -0.106596
0.6875 0.625 -0.0573816
0.6875 0.59375 -0.0759691
0.71875 0.59375 -0.0481649
0.71875 0.625 -0.0340023
0.6875 0.625 -0.0573816
0.6875 0.59375 -0.0759691
0.6875 0.5625 -0.0812424
0.71875 0.5625 -0.0505366
0.71875 0.59375 -0.0481649
0.6875 0.59375 -0.0759691
0.71875 0.625 -0.0340023
0.71875 0.59375 -0.0481649
0.75 0.59375 -0.0184861
0.75 0.625 -0.00727714
0.71875 0.625 -0.0340023
0.71875 0.59375 -0.0481649
0.71875 0.5625 -0.0505366
0.75 0.5625 -0.0197707
0.75 0.59375 -0.0184861
0.71875 0.59375 -0.0481649
0.6875 0.5625 -0.0812424
0.6875 0.53125 -0.0763239
0.71875 0.53125 -0.0459905
0.71875 0.5625 -0.0505366
0.6875 0.5625 -0.0812424
0.6875 0.53125 -0.0763239
0.6875 0.5 -0.0692863
0.71875 0.5 -0.0392373
0.71875 0.53125 -0.0459905
0.6875 0.53125 -0.0763239
0.71875 0.5625 -0.0505366
0.71875 0.53125 -0.0459905
0.75 0.53125 -0.015598
0.75 0.5625 -0.0197707
0.71875 0.5625 -0.0505366
0.71875 0.53125 -0.0459905
0.71875 0.5 -0.0392373
0.75 0.5 -0.00913921
0.75 0.53125 -0.015598
0.71875 0.53125 -0.0459905
0.75 1 0.306468
0.75 0.875 0.19144
0.875 0.875 0.263765
0.875 1 0.366762
0.75 1 0.306468
0.75 0.875 0.19144
0.75 0.8125 0.135169
0.8125 0.8125 0.171581
0.8125 0.875 0.223693
0.75 0.875 0.19144
0.75 0.8125 0.135169
0.75 0.78125 0.107922
0.78125 0.78125 0.126511
0.78125 0.8125 0.152314
0.75 0.8125 0.135169
0.75 0.78125 0.107922
0.75 0.75 0.081432
0.78125 0.75 0.101732
0.78125 0.78125 0.126511
0.75 0.78125 0.107922
0.78125 0.8125 0.152314
0.78125 0.78125 0.126511
0.8125 0.78125 0.147281
0.8125 0.8125 0.171581
0.78125 0.8125 0.152314
0.78125 0.78125 0.126511
0.78125 0.75 0.101732
0.8125 0.75 0.124227
0.8125 0.78125 0.147281
0.78125 0.78125 0.126511
0.8125 0.875 0.223693
0.8125 0.8125 0.171581
0.875 0.8125 0.216611
0.875 0.875 0.263765
0.8125 0.875 0.223693
0.8125 0.8125 0.171581
0.8125 0.75 0.124227
0.875 0.75 0.173743
0.875 0.8125 0.216611
0.8125 0.8125 0.171581
0.875 1 0.366762
0.875 0.875 0.263765
1 0.875 0.359276
1 1 0.45132
0.875 1 0.366762
0.875 0.875 0.263765
0.875 0.8125 0.216611
0.9375 0.8125 0.266221
0.9375 0.875 0.308809
0.875 0.875 0.263765
0.875 0.8125 0.216611
0.875 0.75 0.173743
0.9375 0.75 0.228759
0.9375 0.8125 0.266221
0.875 0.8125 0.216611
0.9375 0.875 0.308809
0.9375 0.8125 0.266221
1 0.8125 0.320163
1 0.875 0.359276
0.9375 0.875 0.308809
0.9375 0.8125 0.266221
0.9375 0.75 0.228759
1 0.75 0.286149
1 0.8125 0.320163
0.9375 0.8125 0.266221
0.75 0.75 0.081432
0.75 0.71875 0.0559217
0.78125 0.71875 0.0783028
0.78125 0.75 0.101732
0.75 0.75 0.081432
0.75 0.71875 0.0559217
0.75 0.6875 0.0318588
0.78125 0.6875 0.0566872
0.78125 0.71875 0.0783028
0.75 0.71875 0.0559217
0.78125 0.75 0.101732
0.78125 0.71875 0.0783028
0.8125 0.71875 0.10272
0.8125 0.75 0.124227
0.78125 0.75 0.101732
0.78125 0.71875 0.0783028
0.78125 0.6875 0.0566872
0.8125 0.6875 0.0831817
0.8125 0.71875 0.10272
0.78125 0.71875 0.0783028
0.75 0.6875 0.0318588
0.75 0.65625 0.00990192
0.78125 0.65625 0.0375943
0.78125 0.6875 0.0566872
0.75 0.6875 0.0318588
0.75 0.65625 0.00990192
0.75 0.625 -0.00727714
0.78125 0.625 0.0221847
0.78125 0.65625 0.0375943
0.75 0.65625 0.00990192
0.78125 0.6875 0.0566872
0.78125 0.65625 0.0375943
0.8125 0.65625 0.0662052
0.8125 0.6875 0.0831817
0.78125 0.6875 0.0566872
0.78125 0.65625 0.0375943
0.78125 0.625 0.0221847
0.8125 0.625 0.0525991
0.8125 0.65625 0.0662052
0.78125 0.65625 0.0375943
0.8125 0.75 0.124227
0.8125 0.71875 0.10272
0.84375 0.71875 0.128582
0.84375 0.75 0.148463
0.8125 0.75 0.124227
0.8125 0.71875 0.10272
0.8125 0.6875 0.0831817
0.84375 0.6875 0.110732
0.84375 0.71875 0.128582
0.8125 0.71875 0.10272
0.84375 0.75 0.148463
0.84375 0.71875 0.128582
0.875 0.71875 0.155271
0.875 0.75 0.173743
0.84375 0.75 0.148463
0.84375 0.71875 0.128582
0.84375 0.6875 0.110732
0.875 0.6875 0.138857
0.875 0.71875 0.155271
0.84375 0.71875 0.128582
0.8125 0.6875 0.0831817
0.8125 0.65625 0.0662052
0.84375 0.65625 0.0953724
0.84375 0.6875 0.110732
0.8125 0.6875 0.0831817
0.8125 0.65625 0.0662052
0.8125 0.625 0.0525991
0.84375 0.625 0.0830981
0.84375 0.65625 0.0953724
0.8125 0.65625 0.0662052
0.84375 0.6875 0.110732
0.84375 0.65625 0.0953724
0.875 0.65625 0.124841
0.875 0.6875 0.138857
0.84375 0.6875 0.110732
0.84375 0.65625 0.0953724
0.84375 0.625 0.0830981
0.875 0.625 0.113668
0.875 0.65625 0.124841
0.84375 0.65625 0.0953724
0.75 0.625 -0.00727714
0.75 0.59375 -0.0184861
0.78125 0.59375 0.0121579
0.78125 0.625 0.0221847
0.75 0.625 -0.00727714
0.75 0.59375 -0.0184861
0.75 0.5625 -0.0197707
0.78125 0.5625 0.0112044
0.78125 0.59375 0.0121579
0.75 0.59375 -0.0184861
0.78125 0.625 0.0221847
0.78125 0.59375 0.0121579
0.8125 0.59375 0.0434028
0.8125 0.625 0.0525991
0.78125 0.625 0.0221847
0.78125 0.59375 0.0121579
0.78125 0.5625 0.0112044
0.8125 0.5625 0.0424264
0.8125 0.59375 0.0434028
0.78125 0.59375 0.0121579
0.75 0.5625 -0.0197707
0.75 0.53125 -0.015598
0.78125 0.53125 0.0150346
0.78125 0.5625 0.0112044
0.75 0.5625 -0.0197707
0.75 0.53125 -0.015598
0.75 0.5 -0.00913921
0.78125 0.5 0.0211934
0.78125 0.53125 0.0150346
0.75 0.53125 -0.015598
0.78125 0.5625 0.0112044
0.78125 0.53125 0.0150346
0.8125 0.53125 0.0459148
0.8125 0.5625 0.0424264
0.78125 0.5625 0.0112044
0.78125 0.53125 0.0150346
0.78125 0.5 0.0211934
0.8125 0.5 0.0517141
0.8125 0.53125 0.0459148
0.78125 0.53125 0.0150346
0.8125 0.625 0.0525991
0.8125 0.59375 0.0434028
0.84375 0.59375 0.0746389
0.84375 0.625 0.0830981
0.8125 0.625 0.0525991
0.8125 0.59375 0.0434028
0.8125 0.5625 0.0424264
0.84375 0.5625 0.0736509
0.84375 0.59375 0.0746389
0.8125 0.59375 0.0434028
0.84375 0.625 0.0830981
0.84375 0.59375 0.0746389
0.875 0.59375 0.105876
0.875 0.625 0.113668
0.84375 0.625 0.0830981
0.84375 0.59375 0.0746389
0.84375 0.5625 0.0736509
0.875 0.5625 0.104875
0.875 0.59375 0.105876
0.84375 0.59375 0.0746389
0.8125 0.5625 0.0424264
0.8125 0.53125 0.0459148
0.84375 0.53125 0.0768381
0.84375 0.5625 0.0736509
0.8125 0.5625 0.0424264
0.8125 0.53125 0.0459148
0.8125 0.5 0.0517141
0.84375 0.5 0.0823007
0.84375 0.53125 0.0768381
0.8125 0.53125 0.0459148
0.84375 0.5625 0.0736509
0.84375 0.53125 0.0768381
0.875 0.53125 0.107814
0.875 0.5625 0.104875
0.84375 0.5625 0.0736509
0.84375 0.53125 0.0768381
0.84375 0.5 0.0823007
0.875 0.5 0.112945
0.875 0.53125 0.107814
0.84375 0.53125 0.0768381
0.875 0.75 0.173743
0.875 0.6875 0.138857
0.9375 0.6875 0.198173
0.9375 0.75 0.228759
0.875 0.75 0.173743
0.875 0.6875 0.138857
0.875 0.625 0.113668
0.9375 0.625 0.176067
0.9375 0.6875 0.198173
0.875 0.6875 0.138857
0.9375 0.75 0.228759
0.9375 0.6875 0.198173
1 0.6875 0.258442
1 0.75 0.286149
0.9375 0.75 0.228759
0.9375 0.6875 0.198173
0.9375 0.625 0.176067
1 0.625 0.238418
1 0.6875 0.258442
0.9375 0.6875 0.198173
0.875 0.625 0.113668
0.875 0.5625 0.104875
0.9375 0.5625 0.167358
0.9375 0.625 0.176067
0.875 0.625 0.113668
0.875 0.5625 0.104875
0.875 0.5 0.112945
0.9375 0.5 0.174435
0.9375 0.5625 0.167358
0.875 0.5625 0.104875
0.9375 0.625 0.176067
0.9375 0.5625 0.167358
1 0.5625 0.229852
1 0.625 0.238418
0.9375 0.625 0.176067
0.9375 0.5625 0.167358
0.9375 0.5 0.174435
1 0.5 0.236203
1 0.5625 0.229852
0.9375 0.5625 0.167358
0.5 0.5 -0.228872
0.5 0.4375 -0.189651
0.5625 0.4375 -0.16746
0.5625 0.5 -0.187319
0.5 0.5 -0.228872
0.5 0.4375 -0.189651
0.5 0.375 -0.129884
0.5625 0.375 -0.134554
0.5625 0.4375 -0.16746
0.5 0.4375 -0.189651
0.5625 0.5 -0.187319
0.5625 0.4375 -0.16746
0.625 0.4375 -0.110887
0.625 0.5 -0.1292
0.5625 0.5 -0.187319
0.5625 0.4375 -0.16746
0.5625 0.375 -0.134554
0.625 0.375 -0.0884552
0.625 0.4375 -0.110887
0.5625 0.4375 -0.16746
0.5 0.375 -0.129884
0.5 0.34375 -0.0998679
0.53125 0.34375 -0.107625
0.53125 0.375 -0.137914
0.5 0.375 -0.129884
0.5 0.34375 -0.0998679
0.5 0.3125 -0.0697839
0.53125 0.3125 -0.0772684
0.53125 0.34375 -0.107625
0.5 0.34375 -0.0998679
0.53125 0.375 -0.137914
0.53125 0.34375 -0.107625
0.5625 0.34375 -0.111134
0.5625 0.375 -0.134554
0.53125 0.375 -0.137914
0.53125 0.34375 -0.107625
0.53125 0.3125 -0.0772684
0.5625 0.3125 -0.0829832
0.5625 0.34375 -0.111134
0.53125 0.34375 -0.107625
0.5 0.3125 -0.0697839
0.5 0.28125 -0.0396447
0.53125 0.28125 -0.0468419
0.53125 0.3125 -0.0772684
0.5 0.3125 -0.0697839
0.5 0.28125 -0.0396447
0.5 0.25 -0.00944941
0.53125 0.25 -0.0163435
0.53125 0.28125 -0.0468419
0.5 0.28125 -0.0396447
0.53125 0.3125 -0.0772684
0.53125 0.28125 -0.0468419
0.5625 0.28125 -0.0521444
0.5625 0.3125 -0.0829832
0.53125 0.3125 -0.0772684
0.53125 0.28125 -0.0468419
0.53125 0.25 -0.0163435
0.5625 0.25 -0.0212346
0.5625 0.28125 -0.0521444
0.53125 0.28125 -0.0468419
0.5625 0.375 -0.134554
0.5625 0.34375 -0.111134
0.59375 0.34375 -0.0967637
0.59375 0.375 -0.114171
0.5625 0.375 -0.134554
0.5625 0.34375 -0.111134
0.5625 0.3125 -0.0829832
0.59375 0.3125 -0.0753329
0.59375 0.34375 -0.0967637
0.5625 0.34375 -0.111134
0.59375 0.375 -0.114171
0.59375 0.34375 -0.0967637
0.625 0.34375 -0.0743082
0.625 0.375 -0.0884552
0.59375 0.375 -0.114171
0.59375 0.34375 -0.0967637
0.59375 0.3125 -0.0753329
0.625 0.3125 -0.0571278
0.625 0.34375 -0.0743082
0.59375 0.34375 -0.0967637
0.5625 0.3125 -0.0829832
0.5625 0.28125 -0.0521444
0.59375 0.28125 -0.0496621
0.59375 0.3125 -0.0753329
0.5625 0.3125 -0.0829832
0.5625 0.28125 -0.0521444
0.5625 0.25 -0.0212346
0.59375 0.25 -0.0213152
0.59375 0.28125 -0.0496621
0.5625 0.28125 -0.0521444
0.59375 0.3125 -0.0753329
0.59375 0.28125 -0.0496621
0.625 0.28125 -0.0363337
0.625 0.3125 -0.0571278
0.59375 0.3125 -0.0753329
0.59375 0.28125 -0.0496621
0.59375 0.25 -0.0213152
0.625 0.25 -0.0122638
0.625 0.28125 -0.0363337
0.59375 0.28125 -0.0496621
0.625 0.5 -0.1292
0.625 0.46875 -0.12047
0.65625 0.46875 -0.0908089
0.65625 0.5 -0.0992795
0.625 0.5 -0.1292
0.625 0.46875 -0.12047
0.625 0.4375 -0.110887
0.65625 0.4375 -0.0815161
0.65625 0.46875 -0.0908089
0.625 0.46875 -0.12047
0.65625 0.5 -0.0992795
0.65625 0.46875 -0.0908089
0.6875 0.46875 -0.0610387
0.6875 0.5 -0.0692863
0.65625 0.5 -0.0992795
0.65625 0.46875 -0.0908089
0.65625 0.4375 -0.0815161
0.6875 0.4375 -0.0519395
0.6875 0.46875 -0.0610387
0.65625 0.46875 -0.0908089
0.625 0.4375 -0.110887
0.625 0.40625 -0.100381
0.65625 0.40625 -0.0715749
0.65625 0.4375 -0.0815161
0.625 0.4375 -0.110887
0.625 0.40625 -0.100381
0.625 0.375 -0.0884552
0.65625 0.375 -0.0607168
0.65625 0.40625 -0.0715749
0.625 0.40625 -0.100381
0.65625 0.4375 -0.0815161
0.65625 0.40625 -0.0715749
0.6875 0.40625 -0.0423195
0.6875 0.4375 -0.0519395
0.65625 0.4375 -0.0815161
0.65625 0.40625 -0.0715749
0.65625 0.375 -0.0607168
0.6875 0.375 -0.0320803
0.6875 0.40625 -0.0423195
0.65625 0.40625 -0.0715749
0.6875 0.5 -0.0692863
0.6875 0.46875 -0.0610387
0.71875 0.46875 -0.0311968
0.71875 0.5 -0.0392373
0.6875 0.5 -0.0692863
0.6875 0.46875 -0.0610387
0.6875 0.4375 -0.0519395
0.71875 0.4375 -0.0222436
0.71875 0.46875 -0.0311968
0.6875 0.46875 -0.0610387
0.71875 0.5 -0.0392373
0.71875 0.46875 -0.0311968
0.75 0.46875 -0.00130254
0.75 0.5 -0.00913921
0.71875 0.5 -0.0392373
0.71875 0.46875 -0.0311968
0.71875 0.4375 -0.0222436
0.75 0.4375 0.00754967
0.75 0.46875 -0.00130254
0.71875 0.46875 -0.0311968
0.6875 0.4375 -0.0519395
0.6875 0.40625 -0.0423195
0.71875 0.40625 -0.0128163
0.71875 0.4375 -0.0222436
0.6875 0.4375 -0.0519395
0.6875 0.40625 -0.0423195
0.6875 0.375 -0.0320803
0.71875 0.375 -0.0029601
0.71875 0.40625 -0.0128163
0.6875 0.40625 -0.0423195
0.71875 0.4375 -0.0222436
0.71875 0.40625 -0.0128163
0.75 0.40625 0.0168609
0.75 0.4375 0.00754967
0.71875 0.4375 -0.0222436
0.71875 0.40625 -0.0128163
0.71875 0.375 -0.0029601
0.75 0.375 0.0266069
0.75 0.40625 0.0168609
0.71875 0.40625 -0.0128163
0.625 0.375 -0.0884552
0.625 0.34375 -0.0743082
0.65625 0.34375 -0.0483958
0.65625 0.375 -0.0607168
0.625 0.375 -0.0884552
0.625 0.34375 -0.0743082
0.625 0.3125 -0.0571278
0.65625 0.3125 -0.0339896
0.65625 0.34375 -0.0483958
0.625 0.34375 -0.0743082
0.65625 0.375 -0.0607168
0.65625 0.34375 -0.0483958
0.6875 0.34375 -0.0207346
0.6875 0.375 -0.0320803
0.65625 0.375 -0.0607168
0.65625 0.34375 -0.0483958
0.65625 0.3125 -0.0339896
0.6875 0.3125 -0.00811117
0.6875 0.34375 -0.0207346
0.65625 0.34375 -0.0483958
0.625 0.3125 -0.0571278
0.625 0.28125 -0.0363337
0.65625 0.28125 -0.0165075
0.65625 0.3125 -0.0339896
0.625 0.3125 -0.0571278
0.625 0.28125 -0.0363337
0.625 0.25 -0.0122638
0.65625 0.25 0.00455083
0.65625 0.28125 -0.0165075
0.625 0.28125 -0.0363337
0.65625 0.3125 -0.0339896
0.65625 0.28125 -0.0165075
0.6875 0.28125 0.00743376
0.6875 0.3125 -0.00811117
0.65625 0.3125 -0.0339896
0.65625 0.28125 -0.0165075
0.65625 0.25 0.00455083
0.6875 0.25 0.0265979
0.6875 0.28125 0.00743376
0.65625 0.28125 -0.0165075
0.6875 0.375 -0.0320803
0.6875 0.34375 -0.0207346
0.71875 0.34375 0.00790971
0.71875 0.375 -0.0029601
0.6875 0.375 -0.0320803
0.6875 0.34375 -0.0207346
0.6875 0.3125 -0.00811117
0.71875 0.3125 0.0199328
0.71875 0.34375 0.00790971
0.6875 0.34375 -0.0207346
0.71875 0.375 -0.0029601
0.71875 0.34375 0.00790971
0.75 0.34375 0.0371227
0.75 0.375 0.0266069
0.71875 0.375 -0.0029601
0.71875 0.34375 0.00790971
0.71875 0.3125 0.0199328
0.75 0.3125 0.0486596
0.75 0.34375 0.0371227
0.71875 0.34375 0.00790971
0.6875 0.3125 -0.00811117
0.6875 0.28125 0.00743376
0.71875 0.28125 0.0341857
0.71875 0.3125 0.0199328
0.6875 0.3125 -0.00811117
0.6875 0.28125 0.00743376
0.6875 0.25 0.0265979
0.71875 0.25 0.0511493
0.71875 0.28125 0.0341857
0.6875 0.28125 0.00743376
0.71875 0.3125 0.0199328
0.71875 0.28125 0.0341857
0.75 0.28125 0.0618573
0.75 0.3125 0.0486596
0.71875 0.3125 0.0199328
0.71875 0.28125 0.0341857
0.71875 0.25 0.0511493
0.75 0.25 0.0772375
0.75 0.28125 0.0618573
0.71875 0.28125 0.0341857
0.5 0.25 -0.00944941
0.5 0.21875 0.0208891
0.53125 0.21875 0.0142964
0.53125 0.25 -0.0163435
0.5 0.25 -0.00944941
0.5 0.21875 0.0208891
0.5 0.1875 0.0513318
0.53125 0.1875 0.0450856
0.53125 0.21875 0.0142964
0.5 0.21875 0.0208891
0.53125 0.25 -0.0163435
0.53125 0.21875 0.0142964
0.5625 0.21875 0.00978781
0.5625 0.25 -0.0212346
0.53125 0.25 -0.0163435
0.53125 0.21875 0.0142964
0.53125 0.1875 0.0450856
0.5625 0.1875 0.0409551
0.5625 0.21875 0.00978781
0.53125 0.21875 0.0142964
0.5 0.1875 0.0513318
0.5 0.15625 0.0818416
0.53125 0.15625 0.0759276
0.53125 0.1875 0.0450856
0.5 0.1875 0.0513318
0.5 0.15625 0.0818416
0.5 0.125 0.112414
0.53125 0.125 0.106829
0.53125 0.15625 0.0759276
0.5 0.15625 0.0818416
0.53125 0.1875 0.0450856
0.53125 0.15625 0.0759276
0.5625 0.15625 0.0721338
0.5625 0.1875 0.0409551
0.53125 0.1875 0.0450856
0.53125 0.15625 0.0759276
0.53125 0.125 0.106829
0.5625 0.125 0.103319
0.5625 0.15625 0.0721338
0.53125 0.15625 0.0759276
0.5625 0.25 -0.0212346
0.5625 0.21875 0.00978781
0.59375 0.21875 0.009512
0.59375 0.25 -0.0213152
0.5625 0.25 -0.0212346
0.5625 0.21875 0.00978781
0.5625 0.1875 0.0409551
0.59375 0.1875 0.0407122
0.59375 0.21875 0.009512
0.5625 0.21875 0.00978781
0.59375 0.25 -0.0213152
0.59375 0.21875 0.009512
0.625 0.21875 0.0162006
0.625 0.25 -0.0122638
0.59375 0.25 -0.0213152
0.59375 0.21875 0.009512
0.59375 0.1875 0.0407122
0.625 0.1875 0.0461395
0.625 0.21875 0.0162006
0.59375 0.21875 0.009512
0.5625 0.1875 0.0409551
0.5625 0.15625 0.0721338
0.59375 0.15625 0.0719146
0.59375 0.1875 0.0407122
0.5625 0.1875 0.0409551
0.5625 0.15625 0.0721338
0.5625 0.125 0.103319
0.59375 0.125 0.10312
0.59375 0.15625 0.0719146
0.5625 0.15625 0.0721338
0.59375 0.1875 0.0407122
0.59375 0.15625 0.0719146
0.625 0.15625 0.0764903
0.625 0.1875 0.0461395
0.59375 0.1875 0.0407122
0.59375 0.15625 0.0719146
0.59375 0.125 0.10312
0.625 0.125 0.107035
0.625 0.15625 0.0764903
0.59375 0.15625 0.0719146
0.5 0.125 0.112414
0.5 0.0625 0.173778
0.5625 0.0625 0.16575
0.5625 0.125 0.103319
0.5 0.125 0.112414
0.5 0.0625 0.173778
0.5 0 0.235444
0.5625 0 0.228207
0.5625 0.0625 0.16575
0.5 0.0625 0.173778
0.5625 0.125 0.103319
0.5625 0.0625 0.16575
0.625 0.0625 0.168773
0.625 0.125 0.107035
0.5625 0.125 0.103319
0.5625 0.0625 0.16575
0.5625 0 0.228207
0.625 0 0.230806
0.625 0.0625 0.168773
0.5625 0.0625 0.16575
0.625 0.25 -0.0122638
0.625 0.21875 0.0162006
0.65625 0.21875 0.0301792
0.65625 0.25 0.00455083
0.625 0.25 -0.0122638
0.625 0.21875 0.0162006
0.625 0.1875 0.0461395
0.65625 0.1875 0.0577132
0.65625 0.21875 0.0301792
0.625 0.21875 0.0162006
0.65625 0.25 0.00455083
0.65625 0.21875 0.0301792
0.6875 0.21875 0.0490877
0.6875 0.25 0.0265979
0.65625 0.25 0.00455083
0.65625 0.21875 0.0301792
0.65625 0.1875 0.0577132
0.6875 0.1875 0.0739837
0.6875 0.21875 0.0490877
0.65625 0.21875 0.0301792
0.625 0.1875 0.0461395
0.625 0.15625 0.0764903
0.65625 0.15625 0.0861764
0.65625 0.1875 0.0577132
0.625 0.1875 0.0461395
0.625 0.15625 0.0764903
0.625 0.125 0.107035
0.65625 0.125 0.115428
0.65625 0.15625 0.0861764
0.625 0.15625 0.0764903
0.65625 0.1875 0.0577132
0.65625 0.15625 0.0861764
0.6875 0.15625 0.100331
0.6875 0.1875 0.0739837
0.65625 0.1875 0.0577132
0.65625 0.15625 0.0861764
0.65625 0.125 0.115428
0.6875 0.125 0.127768
0.6875 0.15625 0.100331
0.65625 0.15625 0.0861764
0.6875 0.25 0.0265979
0.6875 0.21875 0.0490877
0.71875 0.21875 0.0709587
0.71875 0.25 0.0511493
0.6875 0.25 0.0265979
0.6875 0.21875 0.0490877
0.6875 0.1875 0.0739837
0.71875 0.1875 0.0934853
0.71875 0.21875 0.0709587
0.6875 0.21875 0.0490877
0.71875 0.25 0.0511493
0.71875 0.21875 0.0709587
0.75 0.21875 0.0950308
0.75 0.25 0.0772375
0.71875 0.25 0.0511493
0.71875 0.21875 0.0709587
0.71875 0.1875 0.0934853
0.75 0.1875 0.115414
0.75 0.21875 0.0950308
0.71875 0.21875 0.0709587
0.6875 0.1875 0.0739837
0.6875 0.15625 0.100331
0.71875 0.15625 0.1177
0.71875 0.1875 0.0934853
0.6875 0.1875 0.0739837
0.6875 0.15625 0.100331
0.6875 0.125 0.127768
0.71875 0.125 0.14339
0.71875 0.15625 0.1177
0.6875 0.15625 0.100331
0.71875 0.1875 0.0934853
0.71875 0.15625 0.1177
0.75 0.15625 0.137636
0.75 0.1875 0.115414
0.71875 0.1875 0.0934853
0.71875 0.15625 0.1177
0.71875 0.125 0.14339
0.75 0.125 0.161585
0.75 0.15625 0.137636
0.71875 0.15625 0.1177
0.625 0.125 0.107035
0.625 0.0625 0.168773
0.6875 0.0625 0.185092
0.6875 0.125 0.127768
0.625 0.125 0.107035
0.625 0.0625 0.168773
0.625 0 0.230806
0.6875 0 0.244664
0.6875 0.0625 0.185092
0.625 0.0625 0.168773
0.6875 0.125 0.127768
0.6875 0.0625 0.185092
0.75 0.0625 0.212775
0.75 0.125 0.161585
0.6875 0.125 0.127768
0.6875 0.0625 0.185092
0.6875 0 0.244664
0.75 0 0.268472
0.75 0.0625 0.212775
0.6875 0.0625 0.185092
0.75 0.5 -0.00913921
0.75 0.46875 -0.00130254
0.78125 0.46875 0.0288275
0.78125 0.5 0.0211934
0.75 0.5 -0.00913921
0.75 0.46875 -0.00130254
0.75 0.4375 0.00754967
0.78125 0.4375 0.0374753
0.78125 0.46875 0.0288275
0.75 0.46875 -0.00130254
0.78125 0.5 0.0211934
0.78125 0.46875 0.0288275
0.8125 0.46875 0.0590359
0.8125 0.5 0.0517141
0.78125 0.5 0.0211934
0.78125 0.46875 0.0288275
0.78125 0.4375 0.0374753
0.8125 0.4375 0.067456
0.8125 0.46875 0.0590359
0.78125 0.46875 0.0288275
0.75 0.4375 0.00754967
0.75 0.40625 0.0168609
0.78125 0.40625 0.0466448
0.78125 0.4375 0.0374753
0.75 0.4375 0.00754967
0.75 0.40625 0.0168609
0.75 0.375 0.0266069
0.78125 0.375 0.0562507
0.78125 0.40625 0.0466448
0.75 0.40625 0.0168609
0.78125 0.4375 0.0374753
0.78125 0.40625 0.0466448
0.8125 0.40625 0.0764735
0.8125 0.4375 0.067456
0.78125 0.4375 0.0374753
0.78125 0.40625 0.0466448
0.78125 0.375 0.0562507
0.8125 0.375 0.0859384
0.8125 0.40625 0.0764735
0.78125 0.40625 0.0466448
0.8125 0.5 0.0517141
0.8125 0.46875 0.0590359
0.84375 0.46875 0.0893132
0.84375 0.5 0.0823007
0.8125 0.5 0.0517141
0.8125 0.46875 0.0590359
0.8125 0.4375 0.067456
0.84375 0.4375 0.0974928
0.84375 0.46875 0.0893132
0.8125 0.46875 0.0590359
0.84375 0.5 0.0823007
0.84375 0.46875 0.0893132
0.875 0.46875 0.119656
0.875 0.5 0.112945
0.84375 0.5 0.0823007
0.84375 0.46875 0.0893132
0.84375 0.4375 0.0974928
0.875 0.4375 0.127587
0.875 0.46875 0.119656
0.84375 0.46875 0.0893132
0.8125 0.4375 0.067456
0.8125 0.40625 0.0764735
0.84375 0.40625 0.106348
0.84375 0.4375 0.0974928
0.8125 0.4375 0.067456
0.8125 0.40625 0.0764735
0.8125 0.375 0.0859384
0.84375 0.375 0.115668
0.84375 0.40625 0.106348
0.8125 0.40625 0.0764735
0.84375 0.4375 0.0974928
0.84375 0.40625 0.106348
0.875 0.40625 0.136268
0.875 0.4375 0.127587
0.84375 0.4375 0.0974928
0.84375 0.40625 0.106348
0.84375 0.375 0.115668
0.875 0.375 0.14544
0.875 0.40625 0.136268
0.84375 0.40625 0.106348
0.75 0.375 0.0266069
0.75 0.34375 0.0371227
0.78125 0.34375 0.0664851
0.78125 0.375 0.0562507
0.75 0.375 0.0266069
0.75 0.34375 0.0371227
0.75 0.3125 0.0486596
0.78125 0.3125 0.0776009
0.78125 0.34375 0.0664851
0.75 0.34375 0.0371227
0.78125 0.375 0.0562507
0.78125 0.34375 0.0664851
0.8125 0.34375 0.0959534
0.8125 0.375 0.0859384
0.78125 0.375 0.0562507
0.78125 0.34375 0.0664851
0.78125 0.3125 0.0776009
0.8125 0.3125 0.106723
0.8125 0.34375 0.0959534
0.78125 0.34375 0.0664851
0.75 0.3125 0.0486596
0.75 0.28125 0.0618573
0.78125 0.28125 0.0900284
0.78125 0.3125 0.0776009
0.75 0.3125 0.0486596
0.75 0.28125 0.0618573
0.75 0.25 0.0772375
0.78125 0.25 0.104237
0.78125 0.28125 0.0900284
0.75 0.28125 0.0618573
0.78125 0.3125 0.0776009
0.78125 0.28125 0.0900284
0.8125 0.28125 0.11859
0.8125 0.3125 0.106723
0.78125 0.3125 0.0776009
0.78125 0.28125 0.0900284
0.78125 0.25 0.104237
0.8125 0.25 0.131888
0.8125 0.28125 0.11859
0.78125 0.28125 0.0900284
0.8125 0.375 0.0859384
0.8125 0.34375 0.0959534
0.84375 0.34375 0.125493
0.84375 0.375 0.115668
0.8125 0.375 0.0859384
0.8125 0.34375 0.0959534
0.8125 0.3125 0.106723
0.84375 0.3125 0.135971
0.84375 0.34375 0.125493
0.8125 0.34375 0.0959534
0.84375 0.375 0.115668
0.84375 0.34375 0.125493
0.875 0.34375 0.155105
0.875 0.375 0.14544
0.84375 0.375 0.115668
0.84375 0.34375 0.125493
0.84375 0.3125 0.135971
0.875 0.3125 0.165348
0.875 0.34375 0.155105
0.84375 0.34375 0.125493
0.8125 0.3125 0.106723
0.8125 0.25 0.131888
0.875 0.25 0.18865
0.875 0.3125 0.165348
0.8125 0.3125 0.106723
0.875 0.5 0.112945
0.875 0.4375 0.127587
0.9375 0.4375 0.188011
0.9375 0.5 0.174435
0.875 0.5 0.112945
0.875 0.4375 0.127587
0.875 0.375 0.14544
0.9375 0.375 0.205136
0.9375 0.4375 0.188011
0.875 0.4375 0.127587
0.9375 0.5 0.174435
0.9375 0.4375 0.188011
1 0.4375 0.24881
1 0.5 0.236203
0.9375 0.5 0.174435
0.9375 0.4375 0.188011
0.9375 0.375 0.205136
1 0.375 0.265153
1 0.4375 0.24881
0.9375 0.4375 0.188011
0.875 0.375 0.14544
0.875 0.3125 0.165348
0.9375 0.3125 0.224329
0.9375 0.375 0.205136
0.875 0.375 0.14544
0.875 0.3125 0.165348
0.875 0.25 0.18865
0.9375 0.25 0.246234
0.9375 0.3125 0.224329
0.875 0.3125 0.165348
0.9375 0.375 0.205136
0.9375 0.3125 0.224329
1 0.3125 0.283673
1 0.375 0.265153
0.9375 0.375 0.205136
0.9375 0.3125 0.224329
0.9375 0.25 0.246234
1 0.25 0.304651
1 0.3125 0.283673
0.9375 0.3125 0.224329
0.75 0.25 0.0772375
0.75 0.21875 0.0950308
0.78125 0.21875 0.120499
0.78125 0.25 0.104237
0.75 0.25 0.0772375
0.75 0.21875 0.0950308
0.75 0.1875 0.115414
0.78125 0.1875 0.139013
0.78125 0.21875 0.120499
0.75 0.21875 0.0950308
0.78125 0.25 0.104237
0.78125 0.21875 0.120499
0.8125 0.21875 0.146961
0.8125 0.25 0.131888
0.78125 0.25 0.104237
0.78125 0.21875 0.120499
0.78125 0.1875 0.139013
0.8125 0.1875 0.163961
0.8125 0.21875 0.146961
0.78125 0.21875 0.120499
0.75 0.1875 0.115414
0.75 0.125 0.161585
0.8125 0.125 0.204384
0.8125 0.1875 0.163961
0.75 0.1875 0.115414
0.8125 0.25 0.131888
0.8125 0.1875 0.163961
0.875 0.1875 0.217204
0.875 0.25 0.18865
0.8125 0.25 0.131888
0.8125 0.1875 0.163961
0.8125 0.125 0.204384
0.875 0.125 0.252239
0.875 0.1875 0.217204
0.8125 0.1875 0.163961
0.75 0.125 0.161585
0.75 0.0625 0.212775
0.8125 0.0625 0.249925
0.8125 0.125 0.204384
0.75 0.125 0.161585
0.75 0.0625 0.212775
0.75 0 0.268472
0.8125 0 0.3013
0.8125 0.0625 0.249925
0.75 0.0625 0.212775
0.8125 0.125 0.204384
0.8125 0.0625 0.249925
0.875 0.0625 0.292554
0.875 0.125 0.252239
0.8125 0.125 0.204384
0.8125 0.0625 0.249925
0.8125 0 0.3013
0.875 0 0.339626
0.875 0.0625 0.292554
0.8125 0.0625 0.249925
0.875 0.25 0.18865
0.875 0.125 0.252239
1 0.125 0.359712
1 0.25 0.304651
0.875 0.25 0.18865
0.875 0.125 0.252239
0.875 0 0.339626
1 0 0.437461
1 0.125 0.359712
0.875 0.125 0.252239
