0 1 0.449888
0 0.875 0.374277
0.125 0.875 0.263452
0.125 1 0.350419
0 1 0.449888
0 0.875 0.374277
0 0.75 0.310564
0.125 0.75 0.194025
0.125 0.875 0.263452
0 0.875 0.374277
0.125 1 0.350419
0.125 0.9375 0.305525
0.1875 0.9375 0.260342
0.1875 1 0.309478
0.125 1 0.350419
0.125 0.9375 0.305525
0.125 0.875 0.263452
0.1875 0.875 0.213777
0.1875 0.9375 0.260342
0.125 0.9375 0.305525
0.1875 1 0.309478
0.1875 0.9375 0.260342
0.25 0.9375 0.219563
0.25 1 0.273416
0.1875 1 0.309478
0.1875 0.9375 0.260342
0.1875 0.875 0.213777
0.25 0.875 0.167742
0.25 0.9375 0.219563
0.1875 0.9375 0.260342
0.125 0.875 0.263452
0.125 0.8125 0.225872
0.1875 0.8125 0.171518
0.1875 0.875 0.213777
0.125 0.875 0.263452
0.125 0.8125 0.225872
0.125 0.75 0.194025
0.1875 0.75 0.136664
0.1875 0.8125 0.171518
0.125 0.8125 0.225872
0.1875 0.875 0.213777
0.1875 0.8125 0.171518
0.25 0.8125 0.12137
0.25 0.875 0.167742
0.1875 0.875 0.213777
0.1875 0.8125 0.171518
0.1875 0.78125 0.153237
0.21875 0.78125 0.126577
0.21875 0.8125 0.14604
0.1875 0.8125 0.171518
0.1875 0.78125 0.153237
0.1875 0.75 0.136664
0.21875 0.75 0.108942
0.21875 0.78125 0.126577
0.1875 0.78125 0.153237
0.21875 0.8125 0.14604
0.21875 0.78125 0.126577
0.25 0.78125 0.100525
0.25 0.8125 0.12137
0.21875 0.8125 0.14604
0.21875 0.78125 0.126577
0.21875 0.75 0.108942
0.25 0.75 0.0815964
0.25 0.78125 0.100525
0.21875 0.78125 0.126577
0 0.75 0.310564
0 0.6875 0.286571
0.0625 0.6875 0.226703
0.0625 0.75 0.251952
0 0.75 0.310564
0 0.6875 0.286571
0 0.625 0.267161
0.0625 0.625 0.206516
0.0625 0.6875 0.226703
0 0.6875 0.286571
0.0625 0.75 0.251952
0.0625 0.6875 0.226703
0.125 0.6875 0.167341
0.125 0.75 0.194025
0.0625 0.75 0.251952
0.0625 0.6875 0.226703
0.0625 0.625 0.206516
0.125 0.625 0.146307
0.125 0.6875 0.167341
0.0625 0.6875 0.226703
0 0.625 0.267161
0 0.5625 0.250602
0.0625 0.5625 0.189149
0.0625 0.625 0.206516
0 0.625 0.267161
0 0.5625 0.250602
0 0.5 0.237471
0.0625 0.5 0.175261
0.0625 0.5625 0.189149
0 0.5625 0.250602
0.0625 0.625 0.206516
0.0625 0.5625 0.189149
0.125 0.5625 0.127995
0.125 0.625 0.146307
0.0625 0.625 0.206516
0.0625 0.5625 0.189149
0.0625 0.5 0.175261
0.125 0.5 0.113094
0.125 0.5625 0.127995
0.0625 0.5625 0.189149
0.125 0.75 0.194025
0.125 0.6875 0.167341
0.1875 0.6875 0.108677
0.1875 0.75 0.136664
0.125 0.75 0.194025
0.125 0.6875 0.167341
0.125 0.65625 0.156436
0.15625 0.65625 0.126803
0.15625 0.6875 0.137965
0.125 0.6875 0.167341
0.125 0.65625 0.156436
0.125 0.625 0.146307
0.15625 0.625 0.116467
0.15625 0.65625 0.126803
0.125 0.65625 0.156436
0.15625 0.6875 0.137965
0.15625 0.65625 0.126803
0.1875 0.65625 0.0972364
0.1875 0.6875 0.108677
0.15625 0.6875 0.137965
0.15625 0.65625 0.126803
0.15625 0.625 0.116467
0.1875 0.625 0.0866899
0.1875 0.65625 0.0972364
0.15625 0.65625 0.126803
0.1875 0.75 0.136664
0.1875 0.71875 0.121841
0.21875 0.71875 0.0932479
0.21875 0.75 0.108942
0.1875 0.75 0.136664
0.1875 0.71875 0.121841
0.1875 0.6875 0.108677
0.21875 0.6875 0.0794824
0.21875 0.71875 0.0932479
0.1875 0.71875 0.121841
0.21875 0.75 0.108942
0.21875 0.71875 0.0932479
0.25 0.71875 0.0648537
0.25 0.75 0.0815964
0.21875 0.75 0.108942
0.21875 0.71875 0.0932479
0.21875 0.6875 0.0794824
0.25 0.6875 0.0503817
0.25 0.71875 0.0648537
0.21875 0.71875 0.0932479
0.1875 0.6875 0.108677
0.1875 0.65625 0.0972364
0.21875 0.65625 0.0677351
0.21875 0.6875 0.0794824
0.1875 0.6875 0.108677
0.1875 0.65625 0.0972364
0.1875 0.625 0.0866899
0.21875 0.625 0.0569769
0.21875 0.65625 0.0677351
0.1875 0.65625 0.0972364
0.21875 0.6875 0.0794824
0.21875 0.65625 0.0677351
0.25 0.65625 0.0382985
0.25 0.6875 0.0503817
0.21875 0.6875 0.0794824
0.21875 0.65625 0.0677351
0.21875 0.625 0.0569769
0.25 0.625 0.0273267
0.25 0.65625 0.0382985
0.21875 0.65625 0.0677351
0.125 0.625 0.146307
0.125 0.59375 0.136818
0.15625 0.59375 0.106785
0.15625 0.625 0.116467
0.125 0.625 0.146307
0.125 0.59375 0.136818
0.125 0.5625 0.127995
0.15625 0.5625 0.0977237
0.15625 0.59375 0.106785
0.125 0.59375 0.136818
0.15625 0.625 0.116467
0.15625 0.59375 0.106785
0.1875 0.59375 0.0768274
0.1875 0.625 0.0866899
0.15625 0.625 0.116467
0.15625 0.59375 0.106785
0.15625 0.5625 0.0977237
0.1875 0.5625 0.0675289
0.1875 0.59375 0.0768274
0.15625 0.59375 0.106785
0.125 0.5625 0.127995
0.125 0.53125 0.120001
0.15625 0.53125 0.0894461
0.15625 0.5625 0.0977237
0.125 0.5625 0.127995
0.125 0.53125 0.120001
0.125 0.5 0.113094
0.15625 0.5 0.0822377
0.15625 0.53125 0.0894461
0.125 0.53125 0.120001
0.15625 0.5625 0.0977237
0.15625 0.53125 0.0894461
0.1875 0.53125 0.0589545
0.1875 0.5625 0.0675289
0.15625 0.5625 0.0977237
0.15625 0.53125 0.0894461
0.15625 0.5 0.0822377
0.1875 0.5 0.0514196
0.1875 0.53125 0.0589545
0.15625 0.53125 0.0894461
0.1875 0.625 0.0866899
0.1875 0.59375 0.0768274
0.21875 0.59375 0.0469453
0.21875 0.625 0.0569769
0.1875 0.625 0.0866899
0.1875 0.59375 0.0768274
0.1875 0.5625 0.0675289
0.21875 0.5625 0.037423
0.21875 0.59375 0.0469453
0.1875 0.59375 0.0768274
0.21875 0.625 0.0569769
0.21875 0.59375 0.0469453
0.25 0.59375 0.0171385
0.25 0.625 0.0273267
0.21875 0.625 0.0569769
0.21875 0.59375 0.0469453
0.21875 0.5625 0.037423
0.25 0.5625 0.0074177
0.25 0.59375 0.0171385
0.21875 0.59375 0.0469453
0.1875 0.5625 0.0675289
0.1875 0.53125 0.0589545
0.21875 0.53125 0.0285417
0.21875 0.5625 0.037423
0.1875 0.5625 0.0675289
0.1875 0.53125 0.0589545
0.1875 0.5 0.0514196
0.21875 0.5 0.0206546
0.21875 0.53125 0.0285417
0.1875 0.53125 0.0589545
0.21875 0.5625 0.037423
0.21875 0.53125 0.0285417
0.25 0.53125 -0.00174594
0.25 0.5625 0.0074177
0.21875 0.5625 0.037423
0.21875 0.53125 0.0285417
0.21875 0.5 0.0206546
0.25 0.5 -0.00989513
0.25 0.53125 -0.00174594
0.21875 0.53125 0.0285417
0.25 1 0.273416
0.25 0.9375 0.219563
0.3125 0.9375 0.187788
0.3125 1 0.246338
0.25 1 0.273416
0.25 0.9375 0.219563
0.25 0.875 0.167742
0.3125 0.875 0.130327
0.3125 0.9375 0.187788
0.25 0.9375 0.219563
0.3125 1 0.246338
0.3125 0.9375 0.187788
0.375 0.9375 0.168072
0.375 1 0.229909
0.3125 1 0.246338
0.3125 0.9375 0.187788
0.3125 0.875 0.130327
0.375 0.875 0.106385
0.375 0.9375 0.168072
0.3125 0.9375 0.187788
0.25 0.875 0.167742
0.25 0.84375 0.143862
0.28125 0.84375 0.122418
0.28125 0.875 0.147974
0.25 0.875 0.167742
0.25 0.84375 0.143862
0.25 0.8125 0.12137
0.28125 0.8125 0.0981642
0.28125 0.84375 0.122418
0.25 0.84375 0.143862
0.28125 0.875 0.147974
0.28125 0.84375 0.122418
0.3125 0.84375 0.103014
0.3125 0.875 0.130327
0.28125 0.875 0.147974
0.28125 0.84375 0.122418
0.28125 0.8125 0.0981642
0.3125 0.8125 0.0767629
0.3125 0.84375 0.103014
0.28125 0.84375 0.122418
0.25 0.8125 0.12137
0.25 0.78125 0.100525
0.28125 0.78125 0.0755087
0.28125 0.8125 0.0981642
0.25 0.8125 0.12137
0.25 0.78125 0.100525
0.25 0.75 0.0815964
0.28125 0.75 0.0548726
0.28125 0.78125 0.0755087
0.25 0.78125 0.100525
0.28125 0.8125 0.0981642
0.28125 0.78125 0.0755087
0.3125 0.78125 0.0519133
0.3125 0.8125 0.0767629
0.28125 0.8125 0.0981642
0.28125 0.78125 0.0755087
0.28125 0.75 0.0548726
0.3125 0.75 0.0290157
0.3125 0.78125 0.0519133
0.28125 0.78125 0.0755087
0.3125 0.875 0.130327
0.3125 0.84375 0.103014
0.34375 0.84375 0.0869798
0.34375 0.875 0.116063
0.3125 0.875 0.130327
0.3125 0.84375 0.103014
0.3125 0.8125 0.0767629
0.34375 0.8125 0.0585254
0.34375 0.84375 0.0869798
0.3125 0.84375 0.103014
0.34375 0.875 0.116063
0.34375 0.84375 0.0869798
0.375 0.84375 0.0758951
0.375 0.875 0.106385
0.34375 0.875 0.116063
0.34375 0.84375 0.0869798
0.34375 0.8125 0.0585254
0.375 0.8125 0.0456649
0.375 0.84375 0.0758951
0.34375 0.84375 0.0869798
0.3125 0.8125 0.0767629
0.3125 0.78125 0.0519133
0.34375 0.78125 0.0309757
0.34375 0.8125 0.0585254
0.3125 0.8125 0.0767629
0.3125 0.78125 0.0519133
0.3125 0.75 0.0290157
0.34375 0.75 0.00479422
0.34375 0.78125 0.0309757
0.3125 0.78125 0.0519133
0.34375 0.8125 0.0585254
0.34375 0.78125 0.0309757
0.375 0.78125 0.0157904
0.375 0.8125 0.0456649
0.34375 0.8125 0.0585254
0.34375 0.78125 0.0309757
0.34375 0.75 0.00479422
0.375 0.75 -0.0129382
0.375 0.78125 0.0157904
0.34375 0.78125 0.0309757
0.375 1 0.229909
0.375 0.9375 0.168072
0.4375 0.9375 0.164025
0.4375 1 0.226495
0.375 1 0.229909
0.375 0.9375 0.168072
0.375 0.875 0.106385
0.4375 0.875 0.101561
0.4375 0.9375 0.164025
0.375 0.9375 0.168072
0.4375 1 0.226495
0.4375 0.9375 0.164025
0.5 0.9375 0.172616
0.5 1 0.234201
0.4375 1 0.226495
0.4375 0.9375 0.164025
0.4375 0.875 0.101561
0.5 0.875 0.111147
0.5 0.9375 0.172616
0.4375 0.9375 0.164025
0.375 0.875 0.106385
0.375 0.84375 0.0758951
0.40625 0.84375 0.0702998
0.40625 0.875 0.101496
0.375 0.875 0.106385
0.375 0.84375 0.0758951
0.375 0.8125 0.0456649
0.40625 0.8125 0.0391104
0.40625 0.84375 0.0702998
0.375 0.84375 0.0758951
0.40625 0.875 0.101496
0.40625 0.84375 0.0702998
0.4375 0.84375 0.0703609
0.4375 0.875 0.101561
0.40625 0.875 0.101496
0.40625 0.84375 0.0702998
0.40625 0.8125 0.0391104
0.4375 0.8125 0.0391725
0.4375 0.84375 0.0703609
0.40625 0.84375 0.0702998
0.375 0.8125 0.0456649
0.375 0.78125 0.0157904
0.40625 0.78125 0.00792752
0.40625 0.8125 0.0391104
0.375 0.8125 0.0456649
0.375 0.78125 0.0157904
0.375 0.75 -0.0129382
0.40625 0.75 -0.0229435
0.40625 0.78125 0.00792752
0.375 0.78125 0.0157904
0.40625 0.8125 0.0391104
0.40625 0.78125 0.00792752
0.4375 0.78125 0.00799422
0.4375 0.8125 0.0391725
0.40625 0.8125 0.0391104
0.40625 0.78125 0.00792752
0.40625 0.75 -0.0229435
0.4375 0.75 -0.0230758
0.4375 0.78125 0.00799422
0.40625 0.78125 0.00792752
0.4375 0.875 0.101561
0.4375 0.84375 0.0703609
0.46875 0.84375 0.074312
0.46875 0.875 0.105219
0.4375 0.875 0.101561
0.4375 0.84375 0.0703609
0.4375 0.8125 0.0391725
0.46875 0.8125 0.0434569
0.46875 0.84375 0.074312
0.4375 0.84375 0.0703609
0.46875 0.875 0.105219
0.46875 0.84375 0.074312
0.5 0.84375 0.0805756
0.5 0.875 0.111147
0.46875 0.875 0.105219
0.46875 0.84375 0.074312
0.46875 0.8125 0.0434569
0.5 0.8125 0.0500765
0.5 0.84375 0.0805756
0.46875 0.84375 0.074312
0.4375 0.8125 0.0391725
0.4375 0.78125 0.00799422
0.46875 0.78125 0.0126583
0.46875 0.8125 0.0434569
0.4375 0.8125 0.0391725
0.4375 0.78125 0.00799422
0.4375 0.75 -0.0230758
0.46875 0.75 -0.0179734
0.46875 0.78125 0.0126583
0.4375 0.78125 0.00799422
0.46875 0.8125 0.0434569
0.46875 0.78125 0.0126583
0.5 0.78125 0.0196525
0.5 0.8125 0.0500765
0.46875 0.8125 0.0434569
0.46875 0.78125 0.0126583
0.46875 0.75 -0.0179734
0.5 0.75 -0.0106425
0.5 0.78125 0.0196525
0.46875 0.78125 0.0126583
0.25 0.75 0.0815964
0.25 0.71875 0.0648537
0.28125 0.71875 0.0367332
0.28125 0.75 0.0548726
0.25 0.75 0.0815964
0.25 0.71875 0.0648537
0.25 0.6875 0.0503817
0.28125 0.6875 0.0213893
0.28125 0.71875 0.0367332
0.25 0.71875 0.0648537
0.28125 0.75 0.0548726
0.28125 0.71875 0.0367332
0.3125 0.71875 0.00891846
0.3125 0.75 0.0290157
0.28125 0.75 0.0548726
0.28125 0.71875 0.0367332
0.28125 0.6875 0.0213893
0.3125 0.6875 -0.00714244
0.3125 0.71875 0.00891846
0.28125 0.71875 0.0367332
0.25 0.6875 0.0503817
0.25 0.65625 0.0382985
0.28125 0.65625 0.00892678
0.28125 0.6875 0.0213893
0.25 0.6875 0.0503817
0.25 0.65625 0.0382985
0.25 0.625 0.0273267
0.28125 0.625 -0.0022427
0.28125 0.65625 0.00892678
0.25 0.65625 0.0382985
0.28125 0.6875 0.0213893
0.28125 0.65625 0.00892678
0.3125 0.65625 -0.0200672
0.3125 0.6875 -0.00714244
0.28125 0.6875 0.0213893
0.28125 0.65625 0.00892678
0.28125 0.625 -0.0022427
0.3125 0.625 -0.0315711
0.3125 0.65625 -0.0200672
0.28125 0.65625 0.00892678
0.3125 0.75 0.0290157
0.3125 0.71875 0.00891846
0.34375 0.71875 -0.0166258
0.34375 0.75 0.00479422
0.3125 0.75 0.0290157
0.3125 0.71875 0.00891846
0.3125 0.6875 -0.00714244
0.34375 0.6875 -0.0345056
0.34375 0.71875 -0.0166258
0.3125 0.71875 0.00891846
0.34375 0.75 0.00479422
0.34375 0.71875 -0.0166258
0.375 0.71875 -0.0384999
0.375 0.75 -0.0129382
0.34375 0.75 0.00479422
0.34375 0.71875 -0.0166258
0.34375 0.6875 -0.0345056
0.375 0.6875 -0.0599579
0.375 0.71875 -0.0384999
0.34375 0.71875 -0.0166258
0.3125 0.6875 -0.00714244
0.3125 0.65625 -0.0200672
0.34375 0.65625 -0.0486442
0.34375 0.6875 -0.0345056
0.3125 0.6875 -0.00714244
0.3125 0.65625 -0.0200672
0.3125 0.625 -0.0315711
0.34375 0.625 -0.0607281
0.34375 0.65625 -0.0486442
0.3125 0.65625 -0.0200672
0.34375 0.6875 -0.0345056
0.34375 0.65625 -0.0486442
0.375 0.65625 -0.0765097
0.375 0.6875 -0.0599579
0.34375 0.6875 -0.0345056
0.34375 0.65625 -0.0486442
0.34375 0.625 -0.0607281
0.375 0.625 -0.0896265
0.375 0.65625 -0.0765097
0.34375 0.65625 -0.0486442
0.25 0.625 0.0273267
0.25 0.59375 0.0171385
0.28125 0.59375 -0.0125459
0.28125 0.625 -0.0022427
0.25 0.625 0.0273267
0.25 0.59375 0.0171385
0.25 0.5625 0.0074177
0.28125 0.5625 -0.0223845
0.28125 0.59375 -0.0125459
0.25 0.59375 0.0171385
0.28125 0.625 -0.0022427
0.28125 0.59375 -0.0125459
0.3125 0.59375 -0.042105
0.3125 0.625 -0.0315711
0.28125 0.625 -0.0022427
0.28125 0.59375 -0.0125459
0.28125 0.5625 -0.0223845
0.3125 0.5625 -0.0521084
0.3125 0.59375 -0.042105
0.28125 0.59375 -0.0125459
0.25 0.5625 0.0074177
0.25 0.53125 -0.00174594
0.28125 0.53125 -0.0316868
0.28125 0.5625 -0.0223845
0.25 0.5625 0.0074177
0.25 0.53125 -0.00174594
0.25 0.5 -0.00989513
0.28125 0.5 -0.0401412
0.28125 0.53125 -0.0316868
0.25 0.53125 -0.00174594
0.28125 0.5625 -0.0223845
0.28125 0.53125 -0.0316868
0.3125 0.53125 -0.061577
0.3125 0.5625 -0.0521084
0.28125 0.5625 -0.0223845
0.28125 0.53125 -0.0316868
0.28125 0.5 -0.0401412
0.3125 0.5 -0.0702976
0.3125 0.53125 -0.061577
0.28125 0.53125 -0.0316868
0.3125 0.625 -0.0315711
0.3125 0.59375 -0.042105
0.34375 0.59375 -0.0715757
0.34375 0.625 -0.0607281
0.3125 0.625 -0.0315711
0.3125 0.59375 -0.042105
0.3125 0.5625 -0.0521084
0.34375 0.5625 -0.081773
0.34375 0.59375 -0.0715757
0.3125 0.59375 -0.042105
0.34375 0.625 -0.0607281
0.34375 0.59375 -0.0715757
0.375 0.59375 -0.100933
0.375 0.625 -0.0896265
0.34375 0.625 -0.0607281
0.34375 0.59375 -0.0715757
0.34375 0.5625 -0.081773
0.375 0.5625 -0.11137
0.375 0.59375 -0.100933
0.34375 0.59375 -0.0715757
0.3125 0.5625 -0.0521084
0.3125 0.53125 -0.061577
0.34375 0.53125 -0.091417
0.34375 0.5625 -0.081773
0.3125 0.5625 -0.0521084
0.3125 0.53125 -0.061577
0.3125 0.5 -0.0702976
0.34375 0.5 -0.100375
0.34375 0.53125 -0.091417
0.3125 0.53125 -0.061577
0.34375 0.5625 -0.081773
0.34375 0.53125 -0.091417
0.375 0.53125 -0.121206
0.375 0.5625 -0.11137
0.34375 0.5625 -0.081773
0.34375 0.53125 -0.091417
0.34375 0.5 -0.100375
0.375 0.5 -0.130385
0.375 0.53125 -0.121206
0.34375 0.53125 -0.091417
0.375 0.75 -0.0129382
0.375 0.71875 -0.0384999
0.40625 0.71875 -0.0528387
0.40625 0.75 -0.0229435
0.375 0.75 -0.0129382
0.375 0.71875 -0.0384999
0.375 0.6875 -0.0599579
0.40625 0.6875 -0.0800812
0.40625 0.71875 -0.0528387
0.375 0.71875 -0.0384999
0.40625 0.75 -0.0229435
0.40625 0.71875 -0.0528387
0.4375 0.71875 -0.0540365
0.4375 0.75 -0.0230758
0.40625 0.75 -0.0229435
0.40625 0.71875 -0.0528387
0.40625 0.6875 -0.0800812
0.4375 0.6875 -0.0849088
0.4375 0.71875 -0.0540365
0.40625 0.71875 -0.0528387
0.375 0.6875 -0.0599579
0.375 0.65625 -0.0765097
0.40625 0.65625 -0.10212
0.40625 0.6875 -0.0800812
0.375 0.6875 -0.0599579
0.375 0.65625 -0.0765097
0.375 0.625 -0.0896265
0.40625 0.625 -0.117681
0.40625 0.65625 -0.10212
0.375 0.65625 -0.0765097
0.40625 0.6875 -0.0800812
0.40625 0.65625 -0.10212
0.4375 0.65625 -0.11547
0.4375 0.6875 -0.0849088
0.40625 0.6875 -0.0800812
0.40625 0.65625 -0.10212
0.40625 0.625 -0.117681
0.4375 0.625 -0.141064
0.4375 0.65625 -0.11547
0.40625 0.65625 -0.10212
0.4375 0.75 -0.0230758
0.4375 0.71875 -0.0540365
0.46875 0.71875 -0.0484455
0.46875 0.75 -0.0179734
0.4375 0.75 -0.0230758
0.4375 0.71875 -0.0540365
0.4375 0.6875 -0.0849088
0.46875 0.6875 -0.0788295
0.46875 0.71875 -0.0484455
0.4375 0.71875 -0.0540365
0.46875 0.75 -0.0179734
0.46875 0.71875 -0.0484455
0.5 0.71875 -0.0407811
0.5 0.75 -0.0106425
0.46875 0.75 -0.0179734
0.46875 0.71875 -0.0484455
0.46875 0.6875 -0.0788295
0.5 0.6875 -0.0708454
0.5 0.71875 -0.0407811
0.46875 0.71875 -0.0484455
0.4375 0.6875 -0.0849088
0.4375 0.65625 -0.11547
0.46875 0.65625 -0.109128
0.46875 0.6875 -0.0788295
0.4375 0.6875 -0.0849088
0.4375 0.65625 -0.11547
0.4375 0.625 -0.141064
0.46875 0.625 -0.139336
0.46875 0.65625 -0.109128
0.4375 0.65625 -0.11547
0.46875 0.6875 -0.0788295
0.46875 0.65625 -0.109128
0.5 0.65625 -0.100845
0.5 0.6875 -0.0708454
0.46875 0.6875 -0.0788295
0.46875 0.65625 -0.109128
0.46875 0.625 -0.139336
0.5 0.625 -0.130761
0.5 0.65625 -0.100845
0.46875 0.65625 -0.109128
0.375 0.625 -0.0896265
0.375 0.5625 -0.11137
0.4375 0.5625 -0.170141
0.4375 0.625 -0.141064
0.375 0.625 -0.0896265
0.375 0.5625 -0.11137
0.375 0.5 -0.130385
0.4375 0.5 -0.185167
0.4375 0.5625 -0.170141
0.375 0.5625 -0.11137
0.4375 0.625 -0.141064
0.4375 0.5625 -0.170141
0.5 0.5625 -0.190615
0.5 0.625 -0.130761
0.4375 0.625 -0.141064
0.4375 0.5625 -0.170141
0.4375 0.5 -0.185167
0.5 0.5 -0.229012
0.5 0.5625 -0.190615
0.4375 0.5625 -0.170141
0 0.5 0.237471
0 0.4375 0.229033
0.0625 0.4375 0.166518
0.0625 0.5 0.175261
0 0.5 0.237471
0 0.4375 0.229033
0 0.375 0.232737
0.0625 0.375 0.170981
0.0625 0.4375 0.166518
0 0.4375 0.229033
0.0625 0.5 0.175261
0.0625 0.4375 0.166518
0.125 0.4375 0.104023
0.125 0.5 0.113094
0.0625 0.5 0.175261
0.0625 0.4375 0.166518
0.0625 0.375 0.170981
0.125 0.375 0.109808
0.125 0.4375 0.104023
0.0625 0.4375 0.166518
0 0.375 0.232737
0 0.3125 0.247798
0.0625 0.3125 0.188498
0.0625 0.375 0.170981
0 0.375 0.232737
0 0.3125 0.247798
0 0.25 0.272084
0.0625 0.25 0.216519
0.0625 0.3125 0.188498
0 0.3125 0.247798
0.0625 0.375 0.170981
0.0625 0.3125 0.188498
0.125 0.3125 0.131497
0.125 0.375 0.109808
0.0625 0.375 0.170981
0.0625 0.3125 0.188498
0.0625 0.25 0.216519
0.125 0.25 0.165249
0.125 0.3125 0.131497
0.0625 0.3125 0.188498
0.125 0.5 0.113094
0.125 0.46875 0.107615
0.15625 0.46875 0.0764837
0.15625 0.5 0.0822377
0.125 0.5 0.113094
0.125 0.46875 0.107615
0.125 0.4375 0.104023
0.15625 0.4375 0.0727786
0.15625 0.46875 0.0764837
0.125 0.46875 0.107615
0.15625 0.5 0.0822377
0.15625 0.46875 0.0764837
0.1875 0.46875 0.0453536
0.1875 0.5 0.0514196
0.15625 0.5 0.0822377
0.15625 0.46875 0.0764837
0.15625 0.4375 0.0727786
0.1875 0.4375 0.0415329
0.1875 0.46875 0.0453536
0.15625 0.46875 0.0764837
0.125 0.4375 0.104023
0.125 0.40625 0.104833
0.15625 0.40625 0.0737453
0.15625 0.4375 0.0727786
0.125 0.4375 0.104023
0.125 0.40625 0.104833
0.125 0.375 0.109808
0.15625 0.375 0.0795292
0.15625 0.40625 0.0737453
0.125 0.40625 0.104833
0.15625 0.4375 0.0727786
0.15625 0.40625 0.0737453
0.1875 0.40625 0.0426999
0.1875 0.4375 0.0415329
0.15625 0.4375 0.0727786
0.15625 0.40625 0.0737453
0.15625 0.375 0.0795292
0.1875 0.375 0.0494615
0.1875 0.40625 0.0426999
0.15625 0.40625 0.0737453
0.1875 0.5 0.0514196
0.1875 0.46875 0.0453536
0.21875 0.46875 0.0142221
0.21875 0.5 0.0206546
0.1875 0.5 0.0514196
0.1875 0.46875 0.0453536
0.1875 0.4375 0.0415329
0.21875 0.4375 0.010285
0.21875 0.46875 0.0142221
0.1875 0.46875 0.0453536
0.21875 0.5 0.0206546
0.21875 0.46875 0.0142221
0.25 0.46875 -0.0166619
0.25 0.5 -0.00989513
0.21875 0.5 0.0206546
0.21875 0.46875 0.0142221
0.21875 0.4375 0.010285
0.25 0.4375 -0.0206186
0.25 0.46875 -0.0166619
0.21875 0.46875 0.0142221
0.1875 0.4375 0.0415329
0.1875 0.40625 0.0426999
0.21875 0.40625 0.0116848
0.21875 0.4375 0.010285
0.1875 0.4375 0.0415329
0.1875 0.40625 0.0426999
0.1875 0.375 0.0494615
0.21875 0.375 0.0198893
0.21875 0.40625 0.0116848
0.1875 0.40625 0.0426999
0.21875 0.4375 0.010285
0.21875 0.40625 0.0116848
0.25 0.40625 -0.0178599
0.25 0.4375 -0.0206186
0.21875 0.4375 0.010285
0.21875 0.40625 0.0116848
0.21875 0.375 0.0198893
0.25 0.375 -0.00820806
0.25 0.40625 -0.0178599
0.21875 0.40625 0.0116848
0.125 0.375 0.109808
0.125 0.34375 0.118902
0.15625 0.34375 0.0898467
0.15625 0.375 0.0795292
0.125 0.375 0.109808
0.125 0.34375 0.118902
0.125 0.3125 0.131497
0.15625 0.3125 0.104115
0.15625 0.34375 0.0898467
0.125 0.34375 0.118902
0.15625 0.375 0.0795292
0.15625 0.34375 0.0898467
0.1875 0.34375 0.0615172
0.1875 0.375 0.0494615
0.15625 0.375 0.0795292
0.15625 0.34375 0.0898467
0.15625 0.3125 0.104115
0.1875 0.3125 0.0777725
0.1875 0.34375 0.0615172
0.15625 0.34375 0.0898467
0.125 0.3125 0.131497
0.125 0.28125 0.14715
0.15625 0.28125 0.121388
0.15625 0.3125 0.104115
0.125 0.3125 0.131497
0.125 0.28125 0.14715
0.125 0.25 0.165249
0.15625 0.25 0.141161
0.15625 0.28125 0.121388
0.125 0.28125 0.14715
0.15625 0.3125 0.104115
0.15625 0.28125 0.121388
0.1875 0.28125 0.097067
0.1875 0.3125 0.0777725
0.15625 0.3125 0.104115
0.15625 0.28125 0.121388
0.15625 0.25 0.141161
0.1875 0.25 0.118738
0.1875 0.28125 0.097067
0.15625 0.28125 0.121388
0.1875 0.375 0.0494615
0.1875 0.34375 0.0615172
0.21875 0.34375 0.0340585
0.21875 0.375 0.0198893
0.1875 0.375 0.0494615
0.1875 0.34375 0.0615172
0.1875 0.3125 0.0777725
0.21875 0.3125 0.0527418
0.21875 0.34375 0.0340585
0.1875 0.34375 0.0615172
0.21875 0.375 0.0198893
0.21875 0.34375 0.0340585
0.25 0.34375 0.00831471
0.25 0.375 -0.00820806
0.21875 0.375 0.0198893
0.21875 0.34375 0.0340585
0.21875 0.3125 0.0527418
0.25 0.3125 0.0299108
0.25 0.34375 0.00831471
0.21875 0.34375 0.0340585
0.1875 0.3125 0.0777725
0.1875 0.28125 0.097067
0.21875 0.28125 0.0743055
0.21875 0.3125 0.0527418
0.1875 0.3125 0.0777725
0.1875 0.28125 0.097067
0.1875 0.25 0.118738
0.21875 0.25 0.098049
0.21875 0.28125 0.0743055
0.1875 0.28125 0.097067
0.21875 0.3125 0.0527418
0.21875 0.28125 0.0743055
0.25 0.28125 0.0540735
0.25 0.3125 0.0299108
0.21875 0.3125 0.0527418
0.21875 0.28125 0.0743055
0.21875 0.25 0.098049
0.25 0.25 0.0798405
0.25 0.28125 0.0540735
0.21875 0.28125 0.0743055
0 0.25 0.272084
0 0.1875 0.30492
0.0625 0.1875 0.25352
0.0625 0.25 0.216519
0 0.25 0.272084
0 0.1875 0.30492
0 0.125 0.343127
0.0625 0.125 0.295908
0.0625 0.1875 0.25352
0 0.1875 0.30492
0.0625 0.25 0.216519
0.0625 0.1875 0.25352
0.125 0.1875 0.207716
0.125 0.25 0.165249
0.0625 0.25 0.216519
0.0625 0.1875 0.25352
0.0625 0.125 0.295908
0.125 0.125 0.255219
0.125 0.1875 0.207716
0.0625 0.1875 0.25352
0 0.125 0.343127
0 0 0.440445
0.125 0 0.362052
0.125 0.125 0.255219
0 0.125 0.343127
0.125 0.25 0.165249
0.125 0.1875 0.207716
0.1875 0.1875 0.166822
0.1875 0.25 0.118738
0.125 0.25 0.165249
0.125 0.1875 0.207716
0.125 0.125 0.255219
0.1875 0.125 0.219654
0.1875 0.1875 0.166822
0.125 0.1875 0.207716
0.1875 0.25 0.118738
0.1875 0.21875 0.1421
0.21875 0.21875 0.123242
0.21875 0.25 0.098049
0.1875 0.25 0.118738
0.1875 0.21875 0.1421
0.1875 0.1875 0.166822
0.21875 0.1875 0.149471
0.21875 0.21875 0.123242
0.1875 0.21875 0.1421
0.21875 0.25 0.098049
0.21875 0.21875 0.123242
0.25 0.21875 0.106568
0.25 0.25 0.0798405
0.21875 0.25 0.098049
0.21875 0.21875 0.123242
0.21875 0.1875 0.149471
0.25 0.1875 0.133993
0.25 0.21875 0.106568
0.21875 0.21875 0.123242
0.1875 0.1875 0.166822
0.1875 0.125 0.219654
0.25 0.125 0.190372
0.25 0.1875 0.133993
0.1875 0.1875 0.166822
0.125 0.125 0.255219
0.125 0 0.362052
0.25 0 0.305725
0.25 0.125 0.190372
0.125 0.125 0.255219
0.25 0.5 -0.00989513
0.25 0.46875 -0.0166619
0.28125 0.46875 -0.0472792
0.28125 0.5 -0.0401412
0.25 0.5 -0.00989513
0.25 0.46875 -0.0166619
0.25 0.4375 -0.0206186
0.28125 0.4375 -0.0508328
0.28125 0.46875 -0.0472792
0.25 0.46875 -0.0166619
0.28125 0.5 -0.0401412
0.28125 0.46875 -0.0472792
0.3125 0.46875 -0.0778067
0.3125 0.5 -0.0702976
0.28125 0.5 -0.0401412
0.28125 0.46875 -0.0472792
0.28125 0.4375 -0.0508328
0.3125 0.4375 -0.0798688
0.3125 0.46875 -0.0778067
0.28125 0.46875 -0.0472792
0.25 0.4375 -0.0206186
0.25 0.40625 -0.0178599
0.28125 0.40625 -0.0456433
0.28125 0.4375 -0.0508328
0.25 0.4375 -0.0206186
0.25 0.40625 -0.0178599
0.25 0.375 -0.00820806
0.28125 0.375 -0.0324456
0.28125 0.40625 -0.0456433
0.25 0.40625 -0.0178599
0.28125 0.4375 -0.0508328
0.28125 0.40625 -0.0456433
0.3125 0.40625 -0.0710297
0.3125 0.4375 -0.0798688
0.28125 0.4375 -0.0508328
0.28125 0.40625 -0.0456433
0.28125 0.375 -0.0324456
0.3125 0.375 -0.0539577
0.3125 0.40625 -0.0710297
0.28125 0.40625 -0.0456433
0.3125 0.5 -0.0702976
0.3125 0.46875 -0.0778067
0.34375 0.46875 -0.108242
0.34375 0.5 -0.100375
0.3125 0.5 -0.0702976
0.3125 0.46875 -0.0778067
0.3125 0.4375 -0.0798688
0.34375 0.4375 -0.106908
0.34375 0.46875 -0.108242
0.3125 0.46875 -0.0778067
0.34375 0.5 -0.100375
0.34375 0.46875 -0.108242
0.375 0.46875 -0.137447
0.375 0.5 -0.130385
0.34375 0.5 -0.100375
0.34375 0.46875 -0.108242
0.34375 0.4375 -0.106908
0.375 0.4375 -0.130861
0.375 0.46875 -0.137447
0.34375 0.46875 -0.108242
0.3125 0.4375 -0.0798688
0.3125 0.40625 -0.0710297
0.34375 0.40625 -0.0933552
0.34375 0.4375 -0.106908
0.3125 0.4375 -0.0798688
0.3125 0.40625 -0.0710297
0.3125 0.375 -0.0539577
0.34375 0.375 -0.0722964
0.34375 0.40625 -0.0933552
0.3125 0.40625 -0.0710297
0.34375 0.4375 -0.106908
0.34375 0.40625 -0.0933552
0.375 0.40625 -0.112144
0.375 0.4375 -0.130861
0.34375 0.4375 -0.106908
0.34375 0.40625 -0.0933552
0.34375 0.375 -0.0722964
0.375 0.375 -0.0872504
0.375 0.40625 -0.112144
0.34375 0.40625 -0.0933552
0.25 0.375 -0.00820806
0.25 0.34375 0.00831471
0.28125 0.34375 -0.0138313
0.28125 0.375 -0.0324456
0.25 0.375 -0.00820806
0.25 0.34375 0.00831471
0.25 0.3125 0.0299108
0.28125 0.3125 0.0101573
0.28125 0.34375 -0.0138313
0.25 0.34375 0.00831471
0.28125 0.375 -0.0324456
0.28125 0.34375 -0.0138313
0.3125 0.34375 -0.0314205
0.3125 0.375 -0.0539577
0.28125 0.375 -0.0324456
0.28125 0.34375 -0.0138313
0.28125 0.3125 0.0101573
0.3125 0.3125 -0.00614661
0.3125 0.34375 -0.0314205
0.28125 0.34375 -0.0138313
0.25 0.3125 0.0299108
0.25 0.28125 0.0540735
0.28125 0.28125 0.0366043
0.28125 0.3125 0.0101573
0.25 0.3125 0.0299108
0.25 0.28125 0.0540735
0.25 0.25 0.0798405
0.28125 0.25 0.0639758
0.28125 0.28125 0.0366043
0.25 0.28125 0.0540735
0.28125 0.3125 0.0101573
0.28125 0.28125 0.0366043
0.3125 0.28125 0.0217926
0.3125 0.3125 -0.00614661
0.28125 0.3125 0.0101573
0.28125 0.28125 0.0366043
0.28125 0.25 0.0639758
0.3125 0.25 0.0502543
0.3125 0.28125 0.0217926
0.28125 0.28125 0.0366043
0.3125 0.375 -0.0539577
0.3125 0.34375 -0.0314205
0.34375 0.34375 -0.0466391
0.34375 0.375 -0.0722964
0.3125 0.375 -0.0539577
0.3125 0.34375 -0.0314205
0.3125 0.3125 -0.00614661
0.34375 0.3125 -0.0194909
0.34375 0.34375 -0.0466391
0.3125 0.34375 -0.0314205
0.34375 0.375 -0.0722964
0.34375 0.34375 -0.0466391
0.375 0.34375 -0.059662
0.375 0.375 -0.0872504
0.34375 0.375 -0.0722964
0.34375 0.34375 -0.0466391
0.34375 0.3125 -0.0194909
0.375 0.3125 -0.0311057
0.375 0.34375 -0.059662
0.34375 0.34375 -0.0466391
0.3125 0.3125 -0.00614661
0.3125 0.28125 0.0217926
0.34375 0.28125 0.00913769
0.34375 0.3125 -0.0194909
0.3125 0.3125 -0.00614661
0.3125 0.28125 0.0217926
0.3125 0.25 0.0502543
0.34375 0.25 0.0382051
0.34375 0.28125 0.00913769
0.3125 0.28125 0.0217926
0.34375 0.3125 -0.0194909
0.34375 0.28125 0.00913769
0.375 0.28125 -0.00214185
0.375 0.3125 -0.0311057
0.34375 0.3125 -0.0194909
0.34375 0.28125 0.00913769
0.34375 0.25 0.0382051
0.375 0.25 0.0272458
0.375 0.28125 -0.00214185
0.34375 0.28125 0.00913769
0.375 0.5 -0.130385
0.375 0.4375 -0.130861
0.4375 0.4375 -0.166382
0.4375 0.5 -0.185167
0.375 0.5 -0.130385
0.375 0.4375 -0.130861
0.375 0.40625 -0.112144
0.40625 0.40625 -0.12732
0.40625 0.4375 -0.150859
0.375 0.4375 -0.130861
0.375 0.40625 -0.112144
0.375 0.375 -0.0872504
0.40625 0.375 -0.0998049
0.40625 0.40625 -0.12732
0.375 0.40625 -0.112144
0.40625 0.4375 -0.150859
0.40625 0.40625 -0.12732
0.4375 0.40625 -0.139522
0.4375 0.4375 -0.166382
0.40625 0.4375 -0.150859
0.40625 0.40625 -0.12732
0.40625 0.375 -0.0998049
0.4375 0.375 -0.110862
0.4375 0.40625 -0.139522
0.40625 0.40625 -0.12732
0.4375 0.5 -0.185167
0.4375 0.4375 -0.166382
0.5 0.4375 -0.18985
0.5 0.5 -0.229012
0.4375 0.5 -0.185167
0.4375 0.4375 -0.166382
0.4375 0.375 -0.110862
0.5 0.375 -0.130414
0.5 0.4375 -0.18985
0.4375 0.4375 -0.166382
0.375 0.375 -0.0872504
0.375 0.34375 -0.059662
0.40625 0.34375 -0.0711098
0.40625 0.375 -0.0998049
0.375 0.375 -0.0872504
0.375 0.34375 -0.059662
0.375 0.3125 -0.0311057
0.40625 0.3125 -0.0419315
0.40625 0.34375 -0.0711098
0.375 0.34375 -0.059662
0.40625 0.375 -0.0998049
0.40625 0.34375 -0.0711098
0.4375 0.34375 -0.0815862
0.4375 0.375 -0.110862
0.40625 0.375 -0.0998049
0.40625 0.34375 -0.0711098
0.40625 0.3125 -0.0419315
0.4375 0.3125 -0.0520778
0.4375 0.34375 -0.0815862
0.40625 0.34375 -0.0711098
0.375 0.3125 -0.0311057
0.375 0.28125 -0.00214185
0.40625 0.28125 -0.0125797
0.40625 0.3125 -0.0419315
0.375 0.3125 -0.0311057
0.375 0.28125 -0.00214185
0.375 0.25 0.0272458
0.40625 0.25 0.0169839
0.40625 0.28125 -0.0125797
0.375 0.28125 -0.00214185
0.40625 0.3125 -0.0419315
0.40625 0.28125 -0.0125797
0.4375 0.28125 -0.0224739
0.4375 0.3125 -0.0520778
0.40625 0.3125 -0.0419315
0.40625 0.28125 -0.0125797
0.40625 0.25 0.0169839
0.4375 0.25 0.00723362
0.4375 0.28125 -0.0224739
0.40625 0.28125 -0.0125797
0.4375 0.375 -0.110862
0.4375 0.34375 -0.0815862
0.46875 0.34375 -0.091407
0.46875 0.375 -0.121028
0.4375 0.375 -0.110862
0.4375 0.34375 -0.0815862
0.4375 0.3125 -0.0520778
0.46875 0.3125 -0.0616656
0.46875 0.34375 -0.091407
0.4375 0.34375 -0.0815862
0.46875 0.375 -0.121028
0.46875 0.34375 -0.091407
0.5 0.34375 -0.100525
0.5 0.375 -0.130414
0.46875 0.375 -0.121028
0.46875 0.34375 -0.091407
0.46875 0.3125 -0.0616656
0.5 0.3125 -0.0705611
0.5 0.34375 -0.100525
0.46875 0.34375 -0.091407
0.4375 0.3125 -0.0520778
0.4375 0.28125 -0.0224739
0.46875 0.28125 -0.0318612
0.46875 0.3125 -0.0616656
0.4375 0.3125 -0.0520778
0.4375 0.28125 -0.0224739
0.4375 0.25 0.00723362
0.46875 0.25 -0.00200284
0.46875 0.28125 -0.0318612
0.4375 0.28125 -0.0224739
0.46875 0.3125 -0.0616656
0.46875 0.28125 -0.0318612
0.5 0.28125 -0.0405347
0.5 0.3125 -0.0705611
0.46875 0.3125 -0.0616656
0.46875 0.28125 -0.0318612
0.46875 0.25 -0.00200284
0.5 0.25 -0.0104438
0.5 0.28125 -0.0405347
0.46875 0.28125 -0.0318612
0.25 0.25 0.0798405
0.25 0.21875 0.106568
0.28125 0.21875 0.0918978
0.28125 0.25 0.0639758
0.25 0.25 0.0798405
0.25 0.21875 0.106568
0.25 0.1875 0.133993
0.28125 0.1875 0.120253
0.28125 0.21875 0.0918978
0.25 0.21875 0.106568
0.28125 0.25 0.0639758
0.28125 0.21875 0.0918978
0.3125 0.21875 0.0789891
0.3125 0.25 0.0502543
0.28125 0.25 0.0639758
0.28125 0.21875 0.0918978
0.28125 0.1875 0.120253
0.3125 0.1875 0.107929
0.3125 0.21875 0.0789891
0.28125 0.21875 0.0918978
0.25 0.1875 0.133993
0.25 0.125 0.190372
0.3125 0.125 0.16622
0.3125 0.1875 0.107929
0.25 0.1875 0.133993
0.3125 0.25 0.0502543
0.3125 0.21875 0.0789891
0.34375 0.21875 0.0674023
0.34375 0.25 0.0382051
0.3125 0.25 0.0502543
0.3125 0.21875 0.0789891
0.3125 0.1875 0.107929
0.34375 0.1875 0.0967018
0.34375 0.21875 0.0674023
0.3125 0.21875 0.0789891
0.34375 0.25 0.0382051
0.34375 0.21875 0.0674023
0.375 0.21875 0.0567055
0.375 0.25 0.0272458
0.34375 0.25 0.0382051
0.34375 0.21875 0.0674023
0.34375 0.1875 0.0967018
0.375 0.1875 0.0862254
0.375 0.21875 0.0567055
0.34375 0.21875 0.0674023
0.3125 0.1875 0.107929
0.3125 0.15625 0.137007
0.34375 0.15625 0.126079
0.34375 0.1875 0.0967018
0.3125 0.1875 0.107929
0.3125 0.15625 0.137007
0.3125 0.125 0.16622
0.34375 0.125 0.155535
0.34375 0.15625 0.126079
0.3125 0.15625 0.137007
0.34375 0.1875 0.0967018
0.34375 0.15625 0.126079
0.375 0.15625 0.115802
0.375 0.1875 0.0862254
0.34375 0.1875 0.0967018
0.34375 0.15625 0.126079
0.34375 0.125 0.155535
0.375 0.125 0.145434
0.375 0.15625 0.115802
0.34375 0.15625 0.126079
0.25 0.125 0.190372
0.25 0.0625 0.247611
0.3125 0.0625 0.224892
0.3125 0.125 0.16622
0.25 0.125 0.190372
0.25 0.0625 0.247611
0.25 0 0.305725
0.3125 0 0.283966
0.3125 0.0625 0.224892
0.25 0.0625 0.247611
0.3125 0.125 0.16622
0.3125 0.0625 0.224892
0.375 0.0625 0.204873
0.375 0.125 0.145434
0.3125 0.125 0.16622
0.3125 0.0625 0.224892
0.3125 0 0.283966
0.375 0 0.264669
0.375 0.0625 0.204873
0.3125 0.0625 0.224892
0.375 0.25 0.0272458
0.375 0.21875 0.0567055
0.40625 0.21875 0.0466178
0.40625 0.25 0.0169839
0.375 0.25 0.0272458
0.375 0.21875 0.0567055
0.375 0.1875 0.0862254
0.40625 0.1875 0.0763079
0.40625 0.21875 0.0466178
0.375 0.21875 0.0567055
0.40625 0.25 0.0169839
0.40625 0.21875 0.0466178
0.4375 0.21875 0.0370348
0.4375 0.25 0.00723362
0.40625 0.25 0.0169839
0.40625 0.21875 0.0466178
0.40625 0.1875 0.0763079
0.4375 0.1875 0.0668951
0.4375 0.21875 0.0370348
0.40625 0.21875 0.0466178
0.375 0.1875 0.0862254
0.375 0.15625 0.115802
0.40625 0.15625 0.106053
0.40625 0.1875 0.0763079
0.375 0.1875 0.0862254
0.375 0.15625 0.115802
0.375 0.125 0.145434
0.40625 0.125 0.135852
0.40625 0.15625 0.106053
0.375 0.15625 0.115802
0.40625 0.1875 0.0763079
0.40625 0.15625 0.106053
0.4375 0.15625 0.0968151
0.4375 0.1875 0.0668951
0.40625 0.1875 0.0763079
0.40625 0.15625 0.106053
0.40625 0.125 0.135852
0.4375 0.125 0.126796
0.4375 0.15625 0.0968151
0.40625 0.15625 0.106053
0.4375 0.25 0.00723362
0.4375 0.21875 0.0370348
0.46875 0.21875 0.0279964
0.46875 0.25 -0.00200284
0.4375 0.25 0.00723362
0.4375 0.21875 0.0370348
0.4375 0.1875 0.0668951
0.46875 0.1875 0.0580724
0.46875 0.21875 0.0279964
0.4375 0.21875 0.0370348
0.46875 0.25 -0.00200284
0.46875 0.21875 0.0279964
0.5 0.21875 0.0198066
0.5 0.25 -0.0104438
0.46875 0.25 -0.00200284
0.46875 0.21875 0.0279964
0.46875 0.1875 0.0580724
0.5 0.1875 0.0501807
0.5 0.21875 0.0198066
0.46875 0.21875 0.0279964
0.4375 0.1875 0.0668951
0.4375 0.15625 0.0968151
0.46875 0.15625 0.08822
0.46875 0.1875 0.0580724
0.4375 0.1875 0.0668951
0.4375 0.15625 0.0968151
0.4375 0.125 0.126796
0.46875 0.125 0.118438
0.46875 0.15625 0.08822
0.4375 0.15625 0.0968151
0.46875 0.1875 0.0580724
0.46875 0.15625 0.08822
0.5 0.15625 0.080632
0.5 0.1875 0.0501807
0.46875 0.1875 0.0580724
0.46875 0.15625 0.08822
0.46875 0.125 0.118438
0.5 0.125 0.111154
0.5 0.15625 0.080632
0.46875 0.15625 0.08822
0.375 0.125 0.145434
0.375 0.0625 0.204873
0.4375 0.0625 0.186995
0.4375 0.125 0.126796
0.375 0.125 0.145434
0.375 0.0625 0.204873
0.375 0 0.264669
0.4375 0 0.247594
0.4375 0.0625 0.186995
0.375 0.0625 0.204873
0.4375 0.125 0.126796
0.4375 0.0625 0.186995
0.5 0.0625 0.172444
0.5 0.125 0.111154
0.4375 0.125 0.126796
0.4375 0.0625 0.186995
0.4375 0 0.247594
0.5 0 0.234069
0.5 0.0625 0.172444
0.4375 0.0625 0.186995
0.5 1 0.234201
0.5 0.9375 0.172616
0.5625 0.9375 0.187328
0.5625 1 0.247908
0.5 1 0.234201
0.5 0.9375 0.172616
0.5 0.875 0.111147
0.5625 0.875 0.12691
0.5625 0.9375 0.187328
0.5 0.9375 0.172616
0.5625 1 0.247908
0.5625 0.9375 0.187328
0.625 0.9375 0.205241
0.625 1 0.265007
0.5625 1 0.247908
0.5625 0.9375 0.187328
0.5625 0.875 0.12691
0.625 0.875 0.145644
0.625 0.9375 0.205241
0.5625 0.9375 0.187328
0.5 0.875 0.111147
0.5 0.84375 0.0805756
0.53125 0.84375 0.088252
0.53125 0.875 0.118529
0.5 0.875 0.111147
0.5 0.84375 0.0805756
0.5 0.8125 0.0500765
0.53125 0.8125 0.0580468
0.53125 0.84375 0.088252
0.5 0.84375 0.0805756
0.53125 0.875 0.118529
0.53125 0.84375 0.088252
0.5625 0.84375 0.0968725
0.5625 0.875 0.12691
0.53125 0.875 0.118529
0.53125 0.84375 0.088252
0.53125 0.8125 0.0580468
0.5625 0.8125 0.0669002
0.5625 0.84375 0.0968725
0.53125 0.84375 0.088252
0.5 0.8125 0.0500765
0.5 0.78125 0.0196525
0.53125 0.78125 0.027914
0.53125 0.8125 0.0580468
0.5 0.8125 0.0500765
0.5 0.78125 0.0196525
0.5 0.75 -0.0106425
0.53125 0.75 -0.00213762
0.53125 0.78125 0.027914
0.5 0.78125 0.0196525
0.53125 0.8125 0.0580468
0.53125 0.78125 0.027914
0.5625 0.78125 0.0369928
0.5625 0.8125 0.0669002
0.53125 0.8125 0.0580468
0.53125 0.78125 0.027914
0.53125 0.75 -0.00213762
0.5625 0.75 0.00714868
0.5625 0.78125 0.0369928
0.53125 0.78125 0.027914
0.5625 0.875 0.12691
0.5625 0.84375 0.0968725
0.59375 0.84375 0.106163
0.59375 0.875 0.136007
0.5625 0.875 0.12691
0.5625 0.84375 0.0968725
0.5625 0.8125 0.0669002
0.59375 0.8125 0.0763778
0.59375 0.84375 0.106163
0.5625 0.84375 0.0968725
0.59375 0.875 0.136007
0.59375 0.84375 0.106163
0.625 0.84375 0.115976
0.625 0.875 0.145644
0.59375 0.875 0.136007
0.59375 0.84375 0.106163
0.59375 0.8125 0.0763778
0.625 0.8125 0.0863652
0.625 0.84375 0.115976
0.59375 0.84375 0.106163
0.5625 0.8125 0.0669002
0.5625 0.78125 0.0369928
0.59375 0.78125 0.0466523
0.59375 0.8125 0.0763778
0.5625 0.8125 0.0669002
0.5625 0.78125 0.0369928
0.5625 0.75 0.00714868
0.59375 0.75 0.0169857
0.59375 0.78125 0.0466523
0.5625 0.78125 0.0369928
0.59375 0.8125 0.0763778
0.59375 0.78125 0.0466523
0.625 0.78125 0.0568123
0.625 0.8125 0.0863652
0.59375 0.8125 0.0763778
0.59375 0.78125 0.0466523
0.59375 0.75 0.0169857
0.625 0.75 0.0273177
0.625 0.78125 0.0568123
0.59375 0.78125 0.0466523
0.625 1 0.265007
0.625 0.9375 0.205241
0.6875 0.9375 0.225529
0.6875 1 0.284506
0.625 1 0.265007
0.625 0.9375 0.205241
0.625 0.875 0.145644
0.6875 0.875 0.166738
0.6875 0.9375 0.225529
0.625 0.9375 0.205241
0.6875 1 0.284506
0.6875 0.9375 0.225529
0.75 0.9375 0.249514
0.75 1 0.307122
0.6875 1 0.284506
0.6875 0.9375 0.225529
0.6875 0.875 0.166738
0.75 0.875 0.192317
0.75 0.9375 0.249514
0.6875 0.9375 0.225529
0.625 0.875 0.145644
0.625 0.84375 0.115976
0.65625 0.84375 0.126364
0.65625 0.875 0.155842
0.625 0.875 0.145644
0.625 0.84375 0.115976
0.625 0.8125 0.0863652
0.65625 0.8125 0.096959
0.65625 0.84375 0.126364
0.625 0.84375 0.115976
0.65625 0.875 0.155842
0.65625 0.84375 0.126364
0.6875 0.84375 0.137522
0.6875 0.875 0.166738
0.65625 0.875 0.155842
0.65625 0.84375 0.126364
0.65625 0.8125 0.096959
0.6875 0.8125 0.108423
0.6875 0.84375 0.137522
0.65625 0.84375 0.126364
0.625 0.8125 0.0863652
0.625 0.78125 0.0568123
0.65625 0.78125 0.0676299
0.65625 0.8125 0.096959
0.625 0.8125 0.0863652
0.625 0.78125 0.0568123
0.625 0.75 0.0273177
0.65625 0.75 0.0383916
0.65625 0.78125 0.0676299
0.625 0.78125 0.0568123
0.65625 0.8125 0.096959
0.65625 0.78125 0.0676299
0.6875 0.78125 0.07946
0.6875 0.8125 0.108423
0.65625 0.8125 0.096959
0.65625 0.78125 0.0676299
0.65625 0.75 0.0383916
0.6875 0.75 0.050666
0.6875 0.78125 0.07946
0.65625 0.78125 0.0676299
0.6875 0.875 0.166738
0.6875 0.8125 0.108423
0.75 0.8125 0.136087
0.75 0.875 0.192317
0.6875 0.875 0.166738
0.6875 0.8125 0.108423
0.6875 0.78125 0.07946
0.71875 0.78125 0.093002
0.71875 0.8125 0.121275
0.6875 0.8125 0.108423
0.6875 0.78125 0.07946
0.6875 0.75 0.050666
0.71875 0.75 0.0650798
0.71875 0.78125 0.093002
0.6875 0.78125 0.07946
0.71875 0.8125 0.121275
0.71875 0.78125 0.093002
0.75 0.78125 0.108805
0.75 0.8125 0.136087
0.71875 0.8125 0.121275
0.71875 0.78125 0.093002
0.71875 0.75 0.0650798
0.75 0.75 0.0822453
0.75 0.78125 0.108805
0.71875 0.78125 0.093002
0.5 0.75 -0.0106425
0.5 0.71875 -0.0407811
0.53125 0.71875 -0.032032
0.53125 0.75 -0.00213762
0.5 0.75 -0.0106425
0.5 0.71875 -0.0407811
0.5 0.6875 -0.0708454
0.53125 0.6875 -0.0618739
0.53125 0.71875 -0.032032
0.5 0.71875 -0.0407811
0.53125 0.75 -0.00213762
0.53125 0.71875 -0.032032
0.5625 0.71875 -0.0225768
0.5625 0.75 0.00714868
0.53125 0.75 -0.00213762
0.53125 0.71875 -0.032032
0.53125 0.6875 -0.0618739
0.5625 0.6875 -0.0522468
0.5625 0.71875 -0.0225768
0.53125 0.71875 -0.032032
0.5 0.6875 -0.0708454
0.5 0.65625 -0.100845
0.53125 0.65625 -0.0916631
0.53125 0.6875 -0.0618739
0.5 0.6875 -0.0708454
0.5 0.65625 -0.100845
0.5 0.625 -0.130761
0.53125 0.625 -0.121399
0.53125 0.65625 -0.0916631
0.5 0.65625 -0.100845
0.53125 0.6875 -0.0618739
0.53125 0.65625 -0.0916631
0.5625 0.65625 -0.0818544
0.5625 0.6875 -0.0522468
0.53125 0.6875 -0.0618739
0.53125 0.65625 -0.0916631
0.53125 0.625 -0.121399
0.5625 0.625 -0.111386
0.5625 0.65625 -0.0818544
0.53125 0.65625 -0.0916631
0.5625 0.75 0.00714868
0.5625 0.71875 -0.0225768
0.59375 0.71875 -0.012592
0.59375 0.75 0.0169857
0.5625 0.75 0.00714868
0.5625 0.71875 -0.0225768
0.5625 0.6875 -0.0522468
0.59375 0.6875 -0.0420854
0.59375 0.71875 -0.012592
0.5625 0.71875 -0.0225768
0.59375 0.75 0.0169857
0.59375 0.71875 -0.012592
0.625 0.71875 -0.00210864
0.625 0.75 0.0273177
0.59375 0.75 0.0169857
0.59375 0.71875 -0.012592
0.59375 0.6875 -0.0420854
0.625 0.6875 -0.0313467
0.625 0.71875 -0.00210864
0.59375 0.71875 -0.012592
0.5625 0.6875 -0.0522468
0.5625 0.65625 -0.0818544
0.59375 0.65625 -0.0714814
0.59375 0.6875 -0.0420854
0.5625 0.6875 -0.0522468
0.5625 0.65625 -0.0818544
0.5625 0.625 -0.111386
0.59375 0.625 -0.100739
0.59375 0.65625 -0.0714814
0.5625 0.65625 -0.0818544
0.59375 0.6875 -0.0420854
0.59375 0.65625 -0.0714814
0.625 0.65625 -0.0603742
0.625 0.6875 -0.0313467
0.59375 0.6875 -0.0420854
0.59375 0.65625 -0.0714814
0.59375 0.625 -0.100739
0.625 0.625 -0.0890515
0.625 0.65625 -0.0603742
0.59375 0.65625 -0.0714814
0.5 0.625 -0.130761
0.5 0.5625 -0.190615
0.5625 0.5625 -0.169922
0.5625 0.625 -0.111386
0.5 0.625 -0.130761
0.5 0.5625 -0.190615
0.5 0.5 -0.229012
0.5625 0.5 -0.187696
0.5625 0.5625 -0.169922
0.5 0.5625 -0.190615
0.5625 0.625 -0.111386
0.5625 0.5625 -0.169922
0.625 0.5625 -0.139219
0.625 0.625 -0.0890515
0.5625 0.625 -0.111386
0.5625 0.5625 -0.169922
0.5625 0.5 -0.187696
0.625 0.5 -0.129721
0.625 0.5625 -0.139219
0.5625 0.5625 -0.169922
0.625 0.75 0.0273177
0.625 0.71875 -0.00210864
0.65625 0.71875 0.00925937
0.65625 0.75 0.0383916
0.625 0.75 0.0273177
0.625 0.71875 -0.00210864
0.625 0.6875 -0.0313467
0.65625 0.6875 -0.0195276
0.65625 0.71875 0.00925937
0.625 0.71875 -0.00210864
0.65625 0.75 0.0383916
0.65625 0.71875 0.00925937
0.6875 0.71875 0.0220849
0.6875 0.75 0.050666
0.65625 0.75 0.0383916
0.65625 0.71875 0.00925937
0.65625 0.6875 -0.0195276
0.6875 0.6875 -0.00605492
0.6875 0.71875 0.0220849
0.65625 0.71875 0.00925937
0.625 0.6875 -0.0313467
0.625 0.65625 -0.0603742
0.65625 0.65625 -0.0478041
0.65625 0.6875 -0.0195276
0.625 0.6875 -0.0313467
0.625 0.65625 -0.0603742
0.625 0.625 -0.0890515
0.65625 0.625 -0.0750928
0.65625 0.65625 -0.0478041
0.625 0.65625 -0.0603742
0.65625 0.6875 -0.0195276
0.65625 0.65625 -0.0478041
0.6875 0.65625 -0.0326975
0.6875 0.6875 -0.00605492
0.65625 0.6875 -0.0195276
0.65625 0.65625 -0.0478041
0.65625 0.625 -0.0750928
0.6875 0.625 -0.0568657
0.6875 0.65625 -0.0326975
0.65625 0.65625 -0.0478041
0.6875 0.75 0.050666
0.6875 0.71875 0.0220849
0.71875 0.71875 0.0376855
0.71875 0.75 0.0650798
0.6875 0.75 0.050666
0.6875 0.71875 0.0220849
0.6875 0.6875 -0.00605492
0.71875 0.6875 0.0110662
0.71875 0.71875 0.0376855
0.6875 0.71875 0.0220849
0.71875 0.75 0.0650798
0.71875 0.71875 0.0376855
0.75 0.71875 0.0566015
0.75 0.75 0.0822453
0.71875 0.75 0.0650798
0.71875 0.71875 0.0376855
0.71875 0.6875 0.0110662
0.75 0.6875 0.03235
0.75 0.71875 0.0566015
0.71875 0.71875 0.0376855
0.6875 0.6875 -0.00605492
0.6875 0.65625 -0.0326975
0.71875 0.65625 -0.0132494
0.71875 0.6875 0.0110662
0.6875 0.6875 -0.00605492
0.6875 0.65625 -0.0326975
0.6875 0.625 -0.0568657
0.71875 0.625 -0.0339229
0.71875 0.65625 -0.0132494
0.6875 0.65625 -0.0326975
0.71875 0.6875 0.0110662
0.71875 0.65625 -0.0132494
0.75 0.65625 0.0101014
0.75 0.6875 0.03235
0.71875 0.6875 0.0110662
0.71875 0.65625 -0.0132494
0.71875 0.625 -0.0339229
0.75 0.625 -0.00756855
0.75 0.65625 0.0101014
0.71875 0.65625 -0.0132494
0.625 0.625 -0.0890515
0.625 0.59375 -0.116844
0.65625 0.59375 -0.099467
0.65625 0.625 -0.0750928
0.625 0.625 -0.0890515
0.625 0.59375 -0.116844
0.625 0.5625 -0.139219
0.65625 0.5625 -0.112895
0.65625 0.59375 -0.099467
0.625 0.59375 -0.116844
0.65625 0.625 -0.0750928
0.65625 0.59375 -0.099467
0.6875 0.59375 -0.0761774
0.6875 0.625 -0.0568657
0.65625 0.625 -0.0750928
0.65625 0.59375 -0.099467
0.65625 0.5625 -0.112895
0.6875 0.5625 -0.0825249
0.6875 0.59375 -0.0761774
0.65625 0.59375 -0.099467
0.625 0.5625 -0.139219
0.625 0.53125 -0.137688
0.65625 0.53125 -0.107585
0.65625 0.5625 -0.112895
0.625 0.5625 -0.139219
0.625 0.53125 -0.137688
0.625 0.5 -0.129721
0.65625 0.5 -0.0999208
0.65625 0.53125 -0.107585
0.625 0.53125 -0.137688
0.65625 0.5625 -0.112895
0.65625 0.53125 -0.107585
0.6875 0.53125 -0.0774069
0.6875 0.5625 -0.0825249
0.65625 0.5625 -0.112895
0.65625 0.53125 -0.107585
0.65625 0.5 -0.0999208
0.6875 0.5 -0.0700438
0.6875 0.53125 -0.0774069
0.65625 0.53125 -0.107585
0.6875 0.625 -0.0568657
0.6875 0.59375 -0.0761774
0.71875 0.59375 -0.0488458
0.71875 0.625 -0.0339229
0.6875 0.625 -0.0568657
0.6875 0.59375 -0.0761774
0.6875 0.5625 -0.0825249
0.71875 0.5625 -0.0518669
0.71875 0.59375 -0.0488458
0.6875 0.59375 -0.0761774
0.71875 0.625 -0.0339229
0.71875 0.59375 -0.0488458
0.75 0.59375 -0.0194531
0.75 0.625 -0.00756855
0.71875 0.625 -0.0339229
0.71875 0.59375 -0.0488458
0.71875 0.5625 -0.0518669
0.75 0.5625 -0.02114
0.75 0.59375 -0.0194531
0.71875 0.59375 -0.0488458
0.6875 0.5625 -0.0825249
0.6875 0.53125 -0.0774069
0.71875 0.53125 -0.0471594
0.71875 0.5625 -0.0518669
0.6875 0.5625 -0.0825249
0.6875 0.53125 -0.0774069
0.6875 0.5 -0.0700438
0.71875 0.5 -0.0401059
0.71875 0.53125 -0.0471594
0.6875 0.53125 -0.0774069
0.71875 0.5625 -0.0518669
0.71875 0.53125 -0.0471594
0.75 0.53125 -0.0168449
0.75 0.5625 -0.02114
0.71875 0.5625 -0.0518669
0.71875 0.53125 -0.0471594
0.71875 0.5 -0.0401059
0.75 0.5 -0.0101135
0.75 0.53125 -0.0168449
0.71875 0.53125 -0.0471594
0.75 1 0.307122
0.75 0.875 0.192317
0.875 0.875 0.264307
0.875 1 0.367533
0.75 1 0.307122
0.75 0.875 0.192317
0.75 0.8125 0.136087
0.8125 0.8125 0.172237
0.8125 0.875 0.224481
0.75 0.875 0.192317
0.75 0.8125 0.136087
0.75 0.78125 0.108805
0.78125 0.78125 0.127227
0.78125 0.8125 0.153105
0.75 0.8125 0.136087
0.75 0.78125 0.108805
0.75 0.75 0.0822453
0.78125 0.75 0.102331
0.78125 0.78125 0.127227
0.75 0.78125 0.108805
0.78125 0.8125 0.153105
0.78125 0.78125 0.127227
0.8125 0.78125 0.147828
0.8125 0.8125 0.172237
0.78125 0.8125 0.153105
0.78125 0.78125 0.127227
0.78125 0.75 0.102331
0.8125 0.75 0.124634
0.8125 0.78125 0.147828
0.78125 0.78125 0.127227
0.8125 0.875 0.224481
0.8125 0.8125 0.172237
0.875 0.8125 0.216966
0.875 0.875 0.264307
0.8125 0.875 0.224481
0.8125 0.8125 0.172237
0.8125 0.75 0.124634
0.875 0.75 0.173831
0.875 0.8125 0.216966
0.8125 0.8125 0.172237
0.875 1 0.367533
0.875 0.875 0.264307
1 0.875 0.359443
1 1 0.451774
0.875 1 0.367533
0.875 0.875 0.264307
0.875 0.8125 0.216966
0.9375 0.8125 0.266341
0.9375 0.875 0.309137
0.875 0.875 0.264307
0.875 0.8125 0.216966
0.875 0.75 0.173831
0.9375 0.75 0.228621
0.9375 0.8125 0.266341
0.875 0.8125 0.216966
0.9375 0.875 0.309137
0.9375 0.8125 0.266341
1 0.8125 0.32013
1 0.875 0.359443
0.9375 0.875 0.309137
0.9375 0.8125 0.266341
0.9375 0.75 0.228621
1 0.75 0.285875
1 0.8125 0.32013
0.9375 0.8125 0.266341
0.75 0.75 0.0822453
0.75 0.71875 0.0566015
0.78125 0.71875 0.0787368
0.78125 0.75 0.102331
0.75 0.75 0.0822453
0.75 0.71875 0.0566015
0.75 0.6875 0.03235
0.78125 0.6875 0.0568967
0.78125 0.71875 0.0787368
0.75 0.71875 0.0566015
0.78125 0.75 0.102331
0.78125 0.71875 0.0787368
0.8125 0.71875 0.102944
0.8125 0.75 0.124634
0.78125 0.75 0.102331
0.78125 0.71875 0.0787368
0.78125 0.6875 0.0568967
0.8125 0.6875 0.0831748
0.8125 0.71875 0.102944
0.78125 0.71875 0.0787368
0.75 0.6875 0.03235
0.75 0.65625 0.0101014
0.78125 0.65625 0.0374941
0.78125 0.6875 0.0568967
0.75 0.6875 0.03235
0.75 0.65625 0.0101014
0.75 0.625 -0.00756855
0.78125 0.625 0.021644
0.78125 0.65625 0.0374941
0.75 0.65625 0.0101014
0.78125 0.6875 0.0568967
0.78125 0.65625 0.0374941
0.8125 0.65625 0.0659047
0.8125 0.6875 0.0831748
0.78125 0.6875 0.0568967
0.78125 0.65625 0.0374941
0.78125 0.625 0.021644
0.8125 0.625 0.0519283
0.8125 0.65625 0.0659047
0.78125 0.65625 0.0374941
0.8125 0.75 0.124634
0.8125 0.71875 0.102944
0.84375 0.71875 0.128633
0.84375 0.75 0.1487
0.8125 0.75 0.124634
0.8125 0.71875 0.102944
0.8125 0.6875 0.0831748
0.84375 0.6875 0.110558
0.84375 0.71875 0.128633
0.8125 0.71875 0.102944
0.84375 0.75 0.1487
0.84375 0.71875 0.128633
0.875 0.71875 0.155175
0.875 0.75 0.173831
0.84375 0.75 0.1487
0.84375 0.71875 0.128633
0.84375 0.6875 0.110558
0.875 0.6875 0.138545
0.875 0.71875 0.155175
0.84375 0.71875 0.128633
0.8125 0.6875 0.0831748
0.8125 0.65625 0.0659047
0.84375 0.65625 0.0949272
0.84375 0.6875 0.110558
0.8125 0.6875 0.0831748
0.8125 0.65625 0.0659047
0.8125 0.625 0.0519283
0.84375 0.625 0.0823347
0.84375 0.65625 0.0949272
0.8125 0.65625 0.0659047
0.84375 0.6875 0.110558
0.84375 0.65625 0.0949272
0.875 0.65625 0.124282
0.875 0.6875 0.138545
0.84375 0.6875 0.110558
0.84375 0.65625 0.0949272
0.84375 0.625 0.0823347
0.875 0.625 0.112833
0.875 0.65625 0.124282
0.84375 0.65625 0.0949272
0.75 0.625 -0.00756855
0.75 0.59375 -0.0194531
0.78125 0.59375 0.0110512
0.78125 0.625 0.021644
0.75 0.625 -0.00756855
0.75 0.59375 -0.0194531
0.75 0.5625 -0.02114
0.78125 0.5625 0.0098043
0.78125 0.59375 0.0110512
0.75 0.59375 -0.0194531
0.78125 0.625 0.021644
0.78125 0.59375 0.0110512
0.8125 0.59375 0.0422955
0.8125 0.625 0.0519283
0.78125 0.625 0.021644
0.78125 0.59375 0.0110512
0.78125 0.5625 0.0098043
0.8125 0.5625 0.0410306
0.8125 0.59375 0.0422955
0.78125 0.59375 0.0110512
0.75 0.5625 -0.02114
0.75 0.53125 -0.0168449
0.78125 0.53125 0.0137275
0.78125 0.5625 0.0098043
0.75 0.5625 -0.02114
0.75 0.53125 -0.0168449
0.75 0.5 -0.0101135
0.78125 0.5 0.0201302
0.78125 0.53125 0.0137275
0.75 0.53125 -0.0168449
0.78125 0.5625 0.0098043
0.78125 0.53125 0.0137275
0.8125 0.53125 0.0445842
0.8125 0.5625 0.0410306
0.78125 0.5625 0.0098043
0.78125 0.53125 0.0137275
0.78125 0.5 0.0201302
0.8125 0.5 0.0505914
0.8125 0.53125 0.0445842
0.78125 0.53125 0.0137275
0.8125 0.625 0.0519283
0.8125 0.59375 0.0422955
0.84375 0.59375 0.0735304
0.84375 0.625 0.0823347
0.8125 0.625 0.0519283
0.8125 0.59375 0.0422955
0.8125 0.5625 0.0410306
0.84375 0.5625 0.0722587
0.84375 0.59375 0.0735304
0.8125 0.59375 0.0422955
0.84375 0.625 0.0823347
0.84375 0.59375 0.0735304
0.875 0.59375 0.104766
0.875 0.625 0.112833
0.84375 0.625 0.0823347
0.84375 0.59375 0.0735304
0.84375 0.5625 0.0722587
0.875 0.5625 0.103486
0.875 0.59375 0.104766
0.84375 0.59375 0.0735304
0.8125 0.5625 0.0410306
0.8125 0.53125 0.0445842
0.84375 0.53125 0.0754889
0.84375 0.5625 0.0722587
0.8125 0.5625 0.0410306
0.8125 0.53125 0.0445842
0.8125 0.5 0.0505914
0.84375 0.5 0.0811282
0.84375 0.53125 0.0754889
0.8125 0.53125 0.0445842
0.84375 0.5625 0.0722587
0.84375 0.53125 0.0754889
0.875 0.53125 0.106454
0.875 0.5625 0.103486
0.84375 0.5625 0.0722587
0.84375 0.53125 0.0754889
0.84375 0.5 0.0811282
0.875 0.5 0.11173
0.875 0.53125 0.106454
0.84375 0.53125 0.0754889
0.875 0.75 0.173831
0.875 0.6875 0.138545
0.9375 0.6875 0.197702
0.9375 0.75 0.228621
0.875 0.75 0.173831
0.875 0.6875 0.138545
0.875 0.625 0.112833
0.9375 0.625 0.175209
0.9375 0.6875 0.197702
0.875 0.6875 0.138545
0.9375 0.75 0.228621
0.9375 0.6875 0.197702
1 0.6875 0.257879
1 0.75 0.285875
0.9375 0.75 0.228621
0.9375 0.6875 0.197702
0.9375 0.625 0.175209
1 0.625 0.237531
1 0.6875 0.257879
0.9375 0.6875 0.197702
0.875 0.625 0.112833
0.875 0.5625 0.103486
0.9375 0.5625 0.165968
0.9375 0.625 0.175209
0.875 0.625 0.112833
0.875 0.5625 0.103486
0.875 0.5 0.11173
0.9375 0.5 0.173158
0.9375 0.5625 0.165968
0.875 0.5625 0.103486
0.9375 0.625 0.175209
0.9375 0.5625 0.165968
1 0.5625 0.22846
1 0.625 0.237531
0.9375 0.625 0.175209
0.9375 0.5625 0.165968
0.9375 0.5 0.173158
1 0.5 0.234892
1 0.5625 0.22846
0.9375 0.5625 0.165968
0.5 0.5 -0.229012
0.5 0.4375 -0.18985
0.5625 0.4375 -0.167145
0.5625 0.5 -0.187696
0.5 0.5 -0.229012
0.5 0.4375 -0.18985
0.5 0.375 -0.130414
0.5625 0.375 -0.134646
0.5625 0.4375 -0.167145
0.5 0.4375 -0.18985
0.5625 0.5 -0.187696
0.5625 0.4375 -0.167145
0.625 0.4375 -0.110627
0.625 0.5 -0.129721
0.5625 0.5 -0.187696
0.5625 0.4375 -0.167145
0.5625 0.40625 -0.15282
0.59375 0.40625 -0.127629
0.59375 0.4375 -0.139474
0.5625 0.4375 -0.167145
0.5625 0.40625 -0.15282
0.5625 0.375 -0.134646
0.59375 0.375 -0.113594
0.59375 0.40625 -0.127629
0.5625 0.40625 -0.15282
0.59375 0.4375 -0.139474
0.59375 0.40625 -0.127629
0.625 0.40625 -0.0997956
0.625 0.4375 -0.110627
0.59375 0.4375 -0.139474
0.59375 0.40625 -0.127629
0.59375 0.375 -0.113594
0.625 0.375 -0.0876778
0.625 0.40625 -0.0997956
0.59375 0.40625 -0.127629
0.5 0.375 -0.130414
0.5 0.34375 -0.100525
0.53125 0.34375 -0.108663
0.53125 0.375 -0.138845
0.5 0.375 -0.130414
0.5 0.34375 -0.100525
0.5 0.3125 -0.0705611
0.53125 0.3125 -0.0784035
0.53125 0.34375 -0.108663
0.5 0.34375 -0.100525
0.53125 0.375 -0.138845
0.53125 0.34375 -0.108663
0.5625 0.34375 -0.111714
0.5625 0.375 -0.134646
0.53125 0.375 -0.138845
0.53125 0.34375 -0.108663
0.53125 0.3125 -0.0784035
0.5625 0.3125 -0.0843767
0.5625 0.34375 -0.111714
0.53125 0.34375 -0.108663
0.5 0.3125 -0.0705611
0.5 0.28125 -0.0405347
0.53125 0.28125 -0.0480621
0.53125 0.3125 -0.0784035
0.5 0.3125 -0.0705611
0.5 0.28125 -0.0405347
0.5 0.25 -0.0104438
0.53125 0.25 -0.0176373
0.53125 0.28125 -0.0480621
0.5 0.28125 -0.0405347
0.53125 0.3125 -0.0784035
0.53125 0.28125 -0.0480621
0.5625 0.28125 -0.0535801
0.5625 0.3125 -0.0843767
0.53125 0.3125 -0.0784035
0.53125 0.28125 -0.0480621
0.53125 0.25 -0.0176373
0.5625 0.25 -0.0227002
0.5625 0.28125 -0.0535801
0.53125 0.28125 -0.0480621
0.5625 0.375 -0.134646
0.5625 0.34375 -0.111714
0.59375 0.34375 -0.0964311
0.59375 0.375 -0.113594
0.5625 0.375 -0.134646
0.5625 0.34375 -0.111714
0.5625 0.3125 -0.0843767
0.59375 0.3125 -0.0754267
0.59375 0.34375 -0.0964311
0.5625 0.34375 -0.111714
0.59375 0.375 -0.113594
0.59375 0.34375 -0.0964311
0.625 0.34375 -0.0735426
0.625 0.375 -0.0876778
0.59375 0.375 -0.113594
0.59375 0.34375 -0.0964311
0.59375 0.3125 -0.0754267
0.625 0.3125 -0.0565763
0.625 0.34375 -0.0735426
0.59375 0.34375 -0.0964311
0.5625 0.3125 -0.0843767
0.5625 0.28125 -0.0535801
0.59375 0.28125 -0.0502803
0.59375 0.3125 -0.0754267
0.5625 0.3125 -0.0843767
0.5625 0.28125 -0.0535801
0.5625 0.25 -0.0227002
0.59375 0.25 -0.0223777
0.59375 0.28125 -0.0502803
0.5625 0.28125 -0.0535801
0.59375 0.3125 -0.0754267
0.59375 0.28125 -0.0502803
0.625 0.28125 -0.0361744
0.625 0.3125 -0.0565763
0.59375 0.3125 -0.0754267
0.59375 0.28125 -0.0502803
0.59375 0.25 -0.0223777
0.625 0.25 -0.0125249
0.625 0.28125 -0.0361744
0.59375 0.28125 -0.0502803
0.625 0.5 -0.129721
0.625 0.46875 -0.120597
0.65625 0.46875 -0.0910668
0.65625 0.5 -0.0999208
0.625 0.5 -0.129721
0.625 0.46875 -0.120597
0.625 0.4375 -0.110627
0.65625 0.4375 -0.0813742
0.65625 0.46875 -0.0910668
0.625 0.46875 -0.120597
0.65625 0.5 -0.0999208
0.65625 0.46875 -0.0910668
0.6875 0.46875 -0.0614236
0.6875 0.5 -0.0700438
0.65625 0.5 -0.0999208
0.65625 0.46875 -0.0910668
0.65625 0.4375 -0.0813742
0.6875 0.4375 -0.0519263
0.6875 0.46875 -0.0614236
0.65625 0.46875 -0.0910668
0.625 0.4375 -0.110627
0.625 0.40625 -0.0997956
0.65625 0.40625 -0.0710616
0.65625 0.4375 -0.0813742
0.625 0.4375 -0.110627
0.625 0.40625 -0.0997956
0.625 0.375 -0.0876778
0.65625 0.375 -0.0599148
0.65625 0.40625 -0.0710616
0.625 0.40625 -0.0997956
0.65625 0.4375 -0.0813742
0.65625 0.40625 -0.0710616
0.6875 0.40625 -0.0419117
0.6875 0.4375 -0.0519263
0.65625 0.4375 -0.0813742
0.65625 0.40625 -0.0710616
0.65625 0.375 -0.0599148
0.6875 0.375 -0.0313262
0.6875 0.40625 -0.0419117
0.65625 0.40625 -0.0710616
0.6875 0.5 -0.0700438
0.6875 0.46875 -0.0614236
0.71875 0.46875 -0.0317081
0.71875 0.5 -0.0401059
0.6875 0.5 -0.0700438
0.6875 0.46875 -0.0614236
0.6875 0.4375 -0.0519263
0.71875 0.4375 -0.0223624
0.71875 0.46875 -0.0317081
0.6875 0.46875 -0.0614236
0.71875 0.5 -0.0401059
0.71875 0.46875 -0.0317081
0.75 0.46875 -0.00193876
0.75 0.5 -0.0101135
0.71875 0.5 -0.0401059
0.71875 0.46875 -0.0317081
0.71875 0.4375 -0.0223624
0.75 0.4375 0.00730253
0.75 0.46875 -0.00193876
0.71875 0.46875 -0.0317081
0.6875 0.4375 -0.0519263
0.6875 0.40625 -0.0419117
0.71875 0.40625 -0.0125295
0.71875 0.4375 -0.0223624
0.6875 0.4375 -0.0519263
0.6875 0.40625 -0.0419117
0.6875 0.375 -0.0313262
0.71875 0.375 -0.00229495
0.71875 0.40625 -0.0125295
0.6875 0.40625 -0.0419117
0.71875 0.4375 -0.0223624
0.71875 0.40625 -0.0125295
0.75 0.40625 0.0170199
0.75 0.4375 0.00730253
0.71875 0.4375 -0.0223624
0.71875 0.40625 -0.0125295
0.71875 0.375 -0.00229495
0.75 0.375 0.0271525
0.75 0.40625 0.0170199
0.71875 0.40625 -0.0125295
0.625 0.375 -0.0876778
0.625 0.34375 -0.0735426
0.65625 0.34375 -0.0474579
0.65625 0.375 -0.0599148
0.625 0.375 -0.0876778
0.625 0.34375 -0.0735426
0.625 0.3125 -0.0565763
0.65625 0.3125 -0.0331102
0.65625 0.34375 -0.0474579
0.625 0.34375 -0.0735426
0.65625 0.375 -0.0599148
0.65625 0.34375 -0.0474579
0.6875 0.34375 -0.0197472
0.6875 0.375 -0.0313262
0.65625 0.375 -0.0599148
0.65625 0.34375 -0.0474579
0.65625 0.3125 -0.0331102
0.6875 0.3125 -0.00706882
0.6875 0.34375 -0.0197472
0.65625 0.34375 -0.0474579
0.625 0.3125 -0.0565763
0.625 0.28125 -0.0361744
0.65625 0.28125 -0.0158325
0.65625 0.3125 -0.0331102
0.625 0.3125 -0.0565763
0.625 0.28125 -0.0361744
0.625 0.25 -0.0125249
0.65625 0.25 0.00490574
0.65625 0.28125 -0.0158325
0.625 0.28125 -0.0361744
0.65625 0.3125 -0.0331102
0.65625 0.28125 -0.0158325
0.6875 0.28125 0.00842857
0.6875 0.3125 -0.00706882
0.65625 0.3125 -0.0331102
0.65625 0.28125 -0.0158325
0.65625 0.25 0.00490574
0.6875 0.25 0.0272814
0.6875 0.28125 0.00842857
0.65625 0.28125 -0.0158325
0.6875 0.375 -0.0313262
0.6875 0.34375 -0.0197472
0.71875 0.34375 0.00887152
0.71875 0.375 -0.00229495
0.6875 0.375 -0.0313262
0.6875 0.34375 -0.0197472
0.6875 0.3125 -0.00706882
0.71875 0.3125 0.0210427
0.71875 0.34375 0.00887152
0.6875 0.34375 -0.0197472
0.71875 0.375 -0.00229495
0.71875 0.34375 0.00887152
0.75 0.34375 0.0379832
0.75 0.375 0.0271525
0.71875 0.375 -0.00229495
0.71875 0.34375 0.00887152
0.71875 0.3125 0.0210427
0.75 0.3125 0.0497196
0.75 0.34375 0.0379832
0.71875 0.34375 0.00887152
0.6875 0.3125 -0.00706882
0.6875 0.28125 0.00842857
0.71875 0.28125 0.0352737
0.71875 0.3125 0.0210427
0.6875 0.3125 -0.00706882
0.6875 0.28125 0.00842857
0.6875 0.25 0.0272814
0.71875 0.25 0.0520672
0.71875 0.28125 0.0352737
0.6875 0.28125 0.00842857
0.71875 0.3125 0.0210427
0.71875 0.28125 0.0352737
0.75 0.28125 0.0629721
0.75 0.3125 0.0497196
0.71875 0.3125 0.0210427
0.71875 0.28125 0.0352737
0.71875 0.25 0.0520672
0.75 0.25 0.0782749
0.75 0.28125 0.0629721
0.71875 0.28125 0.0352737
0.5 0.25 -0.0104438
0.5 0.21875 0.0198066
0.53125 0.21875 0.0129436
0.53125 0.25 -0.0176373
0.5 0.25 -0.0104438
0.5 0.21875 0.0198066
0.5 0.1875 0.0501807
0.53125 0.1875 0.0437008
0.53125 0.21875 0.0129436
0.5 0.21875 0.0198066
0.53125 0.25 -0.0176373
0.53125 0.21875 0.0129436
0.5625 0.21875 0.00830068
0.5625 0.25 -0.0227002
0.53125 0.25 -0.0176373
0.53125 0.21875 0.0129436
0.53125 0.1875 0.0437008
0.5625 0.1875 0.0394713
0.5625 0.21875 0.00830068
0.53125 0.21875 0.0129436
0.5 0.1875 0.0501807
0.5 0.15625 0.080632
0.53125 0.15625 0.0745176
0.53125 0.1875 0.0437008
0.5 0.1875 0.0501807
0.5 0.15625 0.080632
0.5 0.125 0.111154
0.53125 0.125 0.105402
0.53125 0.15625 0.0745176
0.5 0.15625 0.080632
0.53125 0.1875 0.0437008
0.53125 0.15625 0.0745176
0.5625 0.15625 0.0706533
0.5625 0.1875 0.0394713
0.53125 0.1875 0.0437008
0.53125 0.15625 0.0745176
0.53125 0.125 0.105402
0.5625 0.125 0.101841
0.5625 0.15625 0.0706533
0.53125 0.15625 0.0745176
0.5625 0.25 -0.0227002
0.5625 0.21875 0.00830068
0.59375 0.21875 0.00824588
0.59375 0.25 -0.0223777
0.5625 0.25 -0.0227002
0.5625 0.21875 0.00830068
0.5625 0.1875 0.0394713
0.59375 0.1875 0.0394237
0.59375 0.21875 0.00824588
0.5625 0.21875 0.00830068
0.59375 0.25 -0.0223777
0.59375 0.21875 0.00824588
0.625 0.21875 0.0155346
0.625 0.25 -0.0125249
0.59375 0.25 -0.0223777
0.59375 0.21875 0.00824588
0.59375 0.1875 0.0394237
0.625 0.1875 0.0452811
0.625 0.21875 0.0155346
0.59375 0.21875 0.00824588
0.5625 0.1875 0.0394713
0.5625 0.15625 0.0706533
0.59375 0.15625 0.0706079
0.59375 0.1875 0.0394237
0.5625 0.1875 0.0394713
0.5625 0.15625 0.0706533
0.5625 0.125 0.101841
0.59375 0.125 0.101799
0.59375 0.15625 0.0706079
0.5625 0.15625 0.0706533
0.59375 0.1875 0.0394237
0.59375 0.15625 0.0706079
0.625 0.15625 0.0755177
0.625 0.1875 0.0452811
0.59375 0.1875 0.0394237
0.59375 0.15625 0.0706079
0.59375 0.125 0.101799
0.625 0.125 0.10598
0.625 0.15625 0.0755177
0.59375 0.15625 0.0706079
0.5 0.125 0.111154
0.5 0.0625 0.172444
0.5625 0.0625 0.164275
0.5625 0.125 0.101841
0.5 0.125 0.111154
0.5 0.0625 0.172444
0.5 0 0.234069
0.5625 0 0.226735
0.5625 0.0625 0.164275
0.5 0.0625 0.172444
0.5625 0.125 0.101841
0.5625 0.0625 0.164275
0.625 0.0625 0.167615
0.625 0.125 0.10598
0.5625 0.125 0.101841
0.5625 0.0625 0.164275
0.5625 0 0.226735
0.625 0 0.229592
0.625 0.0625 0.167615
0.5625 0.0625 0.164275
0.625 0.25 -0.0125249
0.625 0.21875 0.0155346
0.65625 0.21875 0.0301514
0.65625 0.25 0.00490574
0.625 0.25 -0.0125249
0.625 0.21875 0.0155346
0.625 0.1875 0.0452811
0.65625 0.1875 0.0574064
0.65625 0.21875 0.0301514
0.625 0.21875 0.0155346
0.65625 0.25 0.00490574
0.65625 0.21875 0.0301514
0.6875 0.21875 0.0494549
0.6875 0.25 0.0272814
0.65625 0.25 0.00490574
0.65625 0.21875 0.0301514
0.65625 0.1875 0.0574064
0.6875 0.1875 0.0740823
0.6875 0.21875 0.0494549
0.65625 0.21875 0.0301514
0.625 0.1875 0.0452811
0.625 0.15625 0.0755177
0.65625 0.15625 0.085668
0.65625 0.1875 0.0574064
0.625 0.1875 0.0452811
0.625 0.15625 0.0755177
0.625 0.125 0.10598
0.65625 0.125 0.11476
0.65625 0.15625 0.085668
0.625 0.15625 0.0755177
0.65625 0.1875 0.0574064
0.65625 0.15625 0.085668
0.6875 0.15625 0.100208
0.6875 0.1875 0.0740823
0.65625 0.1875 0.0574064
0.65625 0.15625 0.085668
0.65625 0.125 0.11476
0.6875 0.125 0.12746
0.6875 0.15625 0.100208
0.65625 0.15625 0.085668
0.6875 0.25 0.0272814
0.6875 0.21875 0.0494549
0.71875 0.21875 0.07161
0.71875 0.25 0.0520672
0.6875 0.25 0.0272814
0.6875 0.21875 0.0494549
0.6875 0.1875 0.0740823
0.71875 0.1875 0.0938859
0.71875 0.21875 0.07161
0.6875 0.21875 0.0494549
0.71875 0.25 0.0520672
0.71875 0.21875 0.07161
0.75 0.21875 0.0958971
0.75 0.25 0.0782749
0.71875 0.25 0.0520672
0.71875 0.21875 0.07161
0.71875 0.1875 0.0938859
0.75 0.1875 0.116061
0.75 0.21875 0.0958971
0.71875 0.21875 0.07161
0.6875 0.1875 0.0740823
0.6875 0.15625 0.100208
0.71875 0.15625 0.117879
0.71875 0.1875 0.0938859
0.6875 0.1875 0.0740823
0.6875 0.15625 0.100208
0.6875 0.125 0.12746
0.71875 0.125 0.143373
0.71875 0.15625 0.117879
0.6875 0.15625 0.100208
0.71875 0.1875 0.0938859
0.71875 0.15625 0.117879
0.75 0.15625 0.138071
0.75 0.1875 0.116061
0.71875 0.1875 0.0938859
0.71875 0.15625 0.117879
0.71875 0.125 0.143373
0.75 0.125 0.161823
0.75 0.15625 0.138071
0.71875 0.15625 0.117879
0.625 0.125 0.10598
0.625 0.0625 0.167615
0.6875 0.0625 0.184517
0.6875 0.125 0.12746
0.625 0.125 0.10598
0.625 0.0625 0.167615
0.625 0 0.229592
0.6875 0 0.243936
0.6875 0.0625 0.184517
0.625 0.0625 0.167615
0.6875 0.125 0.12746
0.6875 0.0625 0.184517
0.75 0.0625 0.212694
0.75 0.125 0.161823
0.6875 0.125 0.12746
0.6875 0.0625 0.184517
0.6875 0 0.243936
0.75 0 0.268184
0.75 0.0625 0.212694
0.6875 0.0625 0.184517
0.75 0.5 -0.0101135
0.75 0.46875 -0.00193876
0.78125 0.46875 0.028086
0.78125 0.5 0.0201302
0.75 0.5 -0.0101135
0.75 0.46875 -0.00193876
0.75 0.4375 0.00730253
0.78125 0.4375 0.0371068
0.78125 0.46875 0.028086
0.75 0.46875 -0.00193876
0.78125 0.5 0.0201302
0.78125 0.46875 0.028086
0.8125 0.46875 0.0582041
0.8125 0.5 0.0505914
0.78125 0.5 0.0201302
0.78125 0.46875 0.028086
0.78125 0.4375 0.0371068
0.8125 0.4375 0.066974
0.8125 0.46875 0.0582041
0.78125 0.46875 0.028086
0.75 0.4375 0.00730253
0.75 0.40625 0.0170199
0.78125 0.40625 0.0466751
0.78125 0.4375 0.0371068
0.75 0.4375 0.00730253
0.75 0.40625 0.0170199
0.75 0.375 0.0271525
0.78125 0.375 0.0566671
0.78125 0.40625 0.0466751
0.75 0.40625 0.0170199
0.78125 0.4375 0.0371068
0.78125 0.40625 0.0466751
0.8125 0.40625 0.0763796
0.8125 0.4375 0.066974
0.78125 0.4375 0.0371068
0.78125 0.40625 0.0466751
0.78125 0.375 0.0566671
0.8125 0.375 0.086227
0.8125 0.40625 0.0763796
0.78125 0.40625 0.0466751
0.8125 0.5 0.0505914
0.8125 0.46875 0.0582041
0.84375 0.46875 0.0884012
0.84375 0.5 0.0811282
0.8125 0.5 0.0505914
0.8125 0.46875 0.0582041
0.8125 0.4375 0.066974
0.84375 0.4375 0.0969053
0.84375 0.46875 0.0884012
0.8125 0.46875 0.0582041
0.84375 0.5 0.0811282
0.84375 0.46875 0.0884012
0.875 0.46875 0.118673
0.875 0.5 0.11173
0.84375 0.5 0.0811282
0.84375 0.46875 0.0884012
0.84375 0.4375 0.0969053
0.875 0.4375 0.126902
0.875 0.46875 0.118673
0.84375 0.46875 0.0884012
0.8125 0.4375 0.066974
0.8125 0.40625 0.0763796
0.84375 0.40625 0.106134
0.84375 0.4375 0.0969053
0.8125 0.4375 0.066974
0.8125 0.40625 0.0763796
0.8125 0.375 0.086227
0.84375 0.375 0.115831
0.84375 0.40625 0.106134
0.8125 0.40625 0.0763796
0.84375 0.4375 0.0969053
0.84375 0.40625 0.106134
0.875 0.40625 0.135941
0.875 0.4375 0.126902
0.84375 0.4375 0.0969053
0.84375 0.40625 0.106134
0.84375 0.375 0.115831
0.875 0.375 0.145483
0.875 0.40625 0.135941
0.84375 0.40625 0.106134
0.75 0.375 0.0271525
0.75 0.34375 0.0379832
0.78125 0.34375 0.067236
0.78125 0.375 0.0566671
0.75 0.375 0.0271525
0.75 0.34375 0.0379832
0.75 0.3125 0.0497196
0.78125 0.3125 0.0785917
0.78125 0.34375 0.067236
0.75 0.34375 0.0379832
0.78125 0.375 0.0566671
0.78125 0.34375 0.067236
0.8125 0.34375 0.0965889
0.8125 0.375 0.086227
0.78125 0.375 0.0566671
0.78125 0.34375 0.067236
0.78125 0.3125 0.0785917
0.8125 0.3125 0.107629
0.8125 0.34375 0.0965889
0.78125 0.34375 0.067236
0.75 0.3125 0.0497196
0.75 0.28125 0.0629721
0.78125 0.28125 0.0911345
0.78125 0.3125 0.0785917
0.75 0.3125 0.0497196
0.75 0.28125 0.0629721
0.75 0.25 0.0782749
0.78125 0.25 0.105337
0.78125 0.28125 0.0911345
0.75 0.28125 0.0629721
0.78125 0.3125 0.0785917
0.78125 0.28125 0.0911345
0.8125 0.28125 0.11966
0.8125 0.3125 0.107629
0.78125 0.3125 0.0785917
0.78125 0.28125 0.0911345
0.78125 0.25 0.105337
0.8125 0.25 0.133009
0.8125 0.28125 0.11966
0.78125 0.28125 0.0911345
0.8125 0.375 0.086227
0.8125 0.34375 0.0965889
0.84375 0.34375 0.126011
0.84375 0.375 0.115831
0.8125 0.375 0.086227
0.8125 0.34375 0.0965889
0.8125 0.3125 0.107629
0.84375 0.3125 0.136785
0.84375 0.34375 0.126011
0.8125 0.34375 0.0965889
0.84375 0.375 0.115831
0.84375 0.34375 0.126011
0.875 0.34375 0.155502
0.875 0.375 0.145483
0.84375 0.375 0.115831
0.84375 0.34375 0.126011
0.84375 0.3125 0.136785
0.875 0.3125 0.166059
0.875 0.34375 0.155502
0.84375 0.34375 0.126011
0.8125 0.3125 0.107629
0.8125 0.25 0.133009
0.875 0.25 0.189727
0.875 0.3125 0.166059
0.8125 0.3125 0.107629
0.875 0.5 0.11173
0.875 0.4375 0.126902
0.9375 0.4375 0.187163
0.9375 0.5 0.173158
0.875 0.5 0.11173
0.875 0.4375 0.126902
0.875 0.375 0.145483
0.9375 0.375 0.204959
0.9375 0.4375 0.187163
0.875 0.4375 0.126902
0.9375 0.5 0.173158
0.9375 0.4375 0.187163
1 0.4375 0.247847
1 0.5 0.234892
0.9375 0.5 0.173158
0.9375 0.4375 0.187163
0.9375 0.375 0.204959
1 0.375 0.264792
1 0.4375 0.247847
0.9375 0.4375 0.187163
0.875 0.375 0.145483
0.875 0.3125 0.166059
0.9375 0.3125 0.224819
0.9375 0.375 0.204959
0.875 0.375 0.145483
0.875 0.3125 0.166059
0.875 0.25 0.189727
0.9375 0.25 0.247197
0.9375 0.3125 0.224819
0.875 0.3125 0.166059
0.9375 0.375 0.204959
0.9375 0.3125 0.224819
1 0.3125 0.283944
1 0.375 0.264792
0.9375 0.375 0.204959
0.9375 0.3125 0.224819
0.9375 0.25 0.247197
1 0.25 0.305438
1 0.3125 0.283944
0.9375 0.3125 0.224819
0.75 0.25 0.0782749
0.75 0.21875 0.0958971
0.78125 0.21875 0.121497
0.78125 0.25 0.105337
0.75 0.25 0.0782749
0.75 0.21875 0.0958971
0.75 0.1875 0.116061
0.78125 0.1875 0.13983
0.78125 0.21875 0.121497
0.75 0.21875 0.0958971
0.78125 0.25 0.105337
0.78125 0.21875 0.121497
0.8125 0.21875 0.148039
0.8125 0.25 0.133009
0.78125 0.25 0.105337
0.78125 0.21875 0.121497
0.78125 0.1875 0.13983
0.8125 0.1875 0.164918
0.8125 0.21875 0.148039
0.78125 0.21875 0.121497
0.75 0.1875 0.116061
0.75 0.125 0.161823
0.8125 0.125 0.204993
0.8125 0.1875 0.164918
0.75 0.1875 0.116061
0.8125 0.25 0.133009
0.8125 0.1875 0.164918
0.875 0.1875 0.218308
0.875 0.25 0.189727
0.8125 0.25 0.133009
0.8125 0.1875 0.164918
0.8125 0.125 0.204993
0.875 0.125 0.253097
0.875 0.1875 0.218308
0.8125 0.1875 0.164918
0.75 0.125 0.161823
0.75 0.0625 0.212694
0.8125 0.0625 0.250229
0.8125 0.125 0.204993
0.75 0.125 0.161823
0.75 0.0625 0.212694
0.75 0 0.268184
0.8125 0 0.301373
0.8125 0.0625 0.250229
0.75 0.0625 0.212694
0.8125 0.125 0.204993
0.8125 0.0625 0.250229
0.875 0.0625 0.293154
0.875 0.125 0.253097
0.8125 0.125 0.204993
0.8125 0.0625 0.250229
0.8125 0 0.301373
0.875 0 0.339994
0.875 0.0625 0.293154
0.8125 0.0625 0.250229
0.875 0.25 0.189727
0.875 0.125 0.253097
1 0.125 0.36074
1 0.25 0.305438
0.875 0.25 0.189727
0.875 0.125 0.253097
0.875 0 0.339994
1 0 0.438121
1 0.125 0.36074
0.875 0.125 0.253097
